16:14:15,0e0,-1.111460E+01,+1.000000E-07,+9.910000E+37,+7.805898E+02,+3.584400E+04,+8.942962E-02,+1.000000E-07,+9.910000E+37,+7.806562E+02,+3.584400E+04,+8.856407E-02,+1.000000E-07,+9.910000E+37,+7.807236E+02,+3.584400E+04,-1.550711E-01,+0.000000E+00,+9.910000E+37,+7.807891E+02,+3.584400E+04
16:14:15,0e0,-1.053896E+01,+1.056500E-07,+9.910000E+37,+7.810156E+02,+3.584400E+04,+9.088647E-02,+1.056500E-07,+9.910000E+37,+7.810820E+02,+3.584400E+04,+8.970237E-02,+1.056500E-07,+9.910000E+37,+7.811484E+02,+3.584400E+04,-1.545702E-01,+0.000000E+00,+9.910000E+37,+7.812148E+02,+3.584400E+04
16:14:15,0e0,-9.422985E+00,+1.116000E-07,+9.910000E+37,+7.814404E+02,+3.584400E+04,+9.216133E-02,+1.116000E-07,+9.910000E+37,+7.815068E+02,+3.584400E+04,+9.257084E-02,+1.116000E-07,+9.910000E+37,+7.815732E+02,+3.584400E+04,-1.584859E-01,+0.000000E+00,+9.910000E+37,+7.816396E+02,+3.584400E+04
16:14:15,0e0,-7.928644E+00,+1.179000E-07,+9.910000E+37,+7.818613E+02,+3.584400E+04,+9.343606E-02,+1.179000E-07,+9.910000E+37,+7.819277E+02,+3.584400E+04,+9.566706E-02,+1.179000E-07,+9.910000E+37,+7.819941E+02,+3.584400E+04,-1.542971E-01,+0.000000E+00,+9.910000E+37,+7.820596E+02,+3.584400E+04
16:14:15,0e0,-7.970695E+00,+1.245000E-07,+9.910000E+37,+7.822891E+02,+3.584400E+04,+9.507549E-02,+1.245000E-07,+9.910000E+37,+7.823564E+02,+3.584400E+04,+9.548470E-02,+1.245000E-07,+9.910000E+37,+7.824238E+02,+3.584400E+04,-1.540239E-01,+0.000000E+00,+9.910000E+37,+7.824902E+02,+3.584400E+04
16:14:15,0e0,-7.018445E+00,+1.315500E-07,+9.910000E+37,+7.827197E+02,+3.584400E+04,+9.780672E-02,+1.315500E-07,+9.910000E+37,+7.827871E+02,+3.584400E+04,+9.967357E-02,+1.315500E-07,+9.910000E+37,+7.828535E+02,+3.584400E+04,-6.332643E-02,+0.000000E+00,+9.910000E+37,+7.829199E+02,+3.584400E+04
16:14:15,0e0,-5.372626E+00,+1.389500E-07,+9.910000E+37,+7.831543E+02,+3.584400E+04,+1.009484E-01,+1.389500E-07,+9.910000E+37,+7.832207E+02,+3.584400E+04,+1.002656E-01,+1.389500E-07,+9.910000E+37,+7.832871E+02,+3.584400E+04,-6.391837E-02,+0.000000E+00,+9.910000E+37,+7.833535E+02,+3.584400E+04
16:14:15,0e0,-5.082624E+00,+1.468000E-07,+9.910000E+37,+7.835801E+02,+3.584400E+04,+1.026331E-01,+1.468000E-07,+9.910000E+37,+7.836465E+02,+3.584400E+04,+1.024966E-01,+1.468000E-07,+9.910000E+37,+7.837139E+02,+3.584400E+04,-4.420370E-02,+0.000000E+00,+9.910000E+37,+7.837813E+02,+3.584400E+04
16:14:15,0e0,-3.192204E+00,+1.550500E-07,+9.910000E+37,+7.840186E+02,+3.584400E+04,+1.042269E-01,+1.550500E-07,+9.910000E+37,+7.840850E+02,+3.584400E+04,+1.042725E-01,+1.550500E-07,+9.910000E+37,+7.841523E+02,+3.584400E+04,-6.441903E-02,+0.000000E+00,+9.910000E+37,+7.842197E+02,+3.584400E+04
16:14:15,0e0,-2.688017E+00,+1.638000E-07,+9.910000E+37,+7.844473E+02,+3.584400E+04,+1.057749E-01,+1.638000E-07,+9.910000E+37,+7.845137E+02,+3.584400E+04,+1.046363E-01,+1.638000E-07,+9.910000E+37,+7.845801E+02,+3.584400E+04,-1.137746E-01,+0.000000E+00,+9.910000E+37,+7.846465E+02,+3.584400E+04
16:14:15,0e0,-3.086840E+00,+1.730000E-07,+9.910000E+37,+7.848701E+02,+3.584400E+04,+1.062302E-01,+1.730000E-07,+9.910000E+37,+7.849365E+02,+3.584400E+04,+1.075050E-01,+1.730000E-07,+9.910000E+37,+7.850029E+02,+3.584400E+04,-1.466024E-01,+0.000000E+00,+9.910000E+37,+7.850693E+02,+3.584400E+04
16:14:15,0e0,-1.323641E+00,+1.827500E-07,+9.910000E+37,+7.853047E+02,+3.584400E+04,+1.085066E-01,+1.827500E-07,+9.910000E+37,+7.853711E+02,+3.584400E+04,+1.079603E-01,+1.827500E-07,+9.910000E+37,+7.854375E+02,+3.584400E+04,-1.980977E-01,+0.000000E+00,+9.910000E+37,+7.855039E+02,+3.584400E+04
16:14:15,0e0,-7.699529E-01,+1.930500E-07,+9.910000E+37,+7.857324E+02,+3.584400E+04,+1.100092E-01,+1.930500E-07,+9.910000E+37,+7.857988E+02,+3.584400E+04,+1.098727E-01,+1.930500E-07,+9.910000E+37,+7.858652E+02,+3.584400E+04,-1.363124E-01,+0.000000E+00,+9.910000E+37,+7.859316E+02,+3.584400E+04
16:14:15,0e0,-8.532340E-01,+2.039500E-07,+9.910000E+37,+7.861582E+02,+3.584400E+04,+1.109191E-01,+2.039500E-07,+9.910000E+37,+7.862246E+02,+3.584400E+04,+1.117855E-01,+2.039500E-07,+9.910000E+37,+7.862910E+02,+3.584400E+04,-1.589867E-01,+0.000000E+00,+9.910000E+37,+7.863574E+02,+3.584400E+04
16:14:15,0e0,-3.318284E-01,+2.154500E-07,+9.910000E+37,+7.865918E+02,+3.584400E+04,+1.133332E-01,+2.154500E-07,+9.910000E+37,+7.866582E+02,+3.584400E+04,+1.137426E-01,+2.154500E-07,+9.910000E+37,+7.867246E+02,+3.584400E+04,-2.746836E-01,+0.000000E+00,+9.910000E+37,+7.867910E+02,+3.584400E+04
16:14:15,0e0,-1.405924E-01,+2.276000E-07,+9.910000E+37,+7.870215E+02,+3.584400E+04,+1.159280E-01,+2.276000E-07,+9.910000E+37,+7.870879E+02,+3.584400E+04,+1.158827E-01,+2.276000E-07,+9.910000E+37,+7.871543E+02,+3.584400E+04,-2.325651E-01,+0.000000E+00,+9.910000E+37,+7.872207E+02,+3.584400E+04
16:14:15,0e0,+1.126044E-01,+2.404000E-07,+9.910000E+37,+7.874473E+02,+3.584400E+04,+1.180681E-01,+2.404000E-07,+9.910000E+37,+7.875137E+02,+3.584400E+04,+1.174762E-01,+2.404000E-07,+9.910000E+37,+7.875801E+02,+3.584400E+04,-1.768804E-01,+0.000000E+00,+9.910000E+37,+7.876465E+02,+3.584400E+04
16:14:15,0e0,+1.190241E-01,+2.539500E-07,+9.910000E+37,+7.878838E+02,+3.584400E+04,+1.187511E-01,+2.539500E-07,+9.910000E+37,+7.879502E+02,+3.584400E+04,+1.190696E-01,+2.539500E-07,+9.910000E+37,+7.880166E+02,+3.584400E+04,-1.778821E-01,+0.000000E+00,+9.910000E+37,+7.880830E+02,+3.584400E+04
16:14:15,0e0,+1.219381E-01,+2.682500E-07,+9.910000E+37,+7.883047E+02,+3.584400E+04,+1.203446E-01,+2.682500E-07,+9.910000E+37,+7.883711E+02,+3.584400E+04,+1.210729E-01,+2.682500E-07,+9.910000E+37,+7.884375E+02,+3.584400E+04,-3.191701E-01,+0.000000E+00,+9.910000E+37,+7.885039E+02,+3.584400E+04
16:14:15,0e0,+1.232129E-01,+2.834000E-07,+9.910000E+37,+7.887314E+02,+3.584400E+04,+1.227122E-01,+2.834000E-07,+9.910000E+37,+7.887979E+02,+3.584400E+04,+1.222112E-01,+2.834000E-07,+9.910000E+37,+7.888643E+02,+3.584400E+04,-1.772901E-01,+0.000000E+00,+9.910000E+37,+7.889307E+02,+3.584400E+04
16:14:15,0e0,+1.233487E-01,+2.993500E-07,+9.910000E+37,+7.891660E+02,+3.584400E+04,+1.249889E-01,+2.993500E-07,+9.910000E+37,+7.892324E+02,+3.584400E+04,+1.243513E-01,+2.993500E-07,+9.910000E+37,+7.892988E+02,+3.584400E+04,-1.827083E-01,+0.000000E+00,+9.910000E+37,+7.893662E+02,+3.584400E+04
16:14:15,0e0,+1.259454E-01,+3.162500E-07,+9.910000E+37,+7.895928E+02,+3.584400E+04,+1.264001E-01,+3.162500E-07,+9.910000E+37,+7.896602E+02,+3.584400E+04,+1.267644E-01,+3.162500E-07,+9.910000E+37,+7.897266E+02,+3.584400E+04,-4.851859E-01,+0.000000E+00,+9.910000E+37,+7.897939E+02,+3.584400E+04
16:14:15,0e0,+1.288594E-01,+3.340500E-07,+9.910000E+37,+7.900205E+02,+3.584400E+04,+1.282675E-01,+3.340500E-07,+9.910000E+37,+7.900879E+02,+3.584400E+04,+1.284037E-01,+3.340500E-07,+9.910000E+37,+7.901543E+02,+3.584400E+04,-5.786662E-01,+0.000000E+00,+9.910000E+37,+7.902217E+02,+3.584400E+04
16:14:15,0e0,+1.307715E-01,+3.528500E-07,+9.910000E+37,+7.904492E+02,+3.584400E+04,+1.305890E-01,+3.528500E-07,+9.910000E+37,+7.905156E+02,+3.584400E+04,+1.303159E-01,+3.528500E-07,+9.910000E+37,+7.905820E+02,+3.584400E+04,-4.355088E-01,+0.000000E+00,+9.910000E+37,+7.906484E+02,+3.584400E+04
16:14:15,0e0,+1.331843E-01,+3.727500E-07,+9.910000E+37,+7.908730E+02,+3.584400E+04,+1.319551E-01,+3.727500E-07,+9.910000E+37,+7.909395E+02,+3.584400E+04,+1.317267E-01,+3.727500E-07,+9.910000E+37,+7.910059E+02,+3.584400E+04,-9.611038E-01,+0.000000E+00,+9.910000E+37,+7.910732E+02,+3.584400E+04
16:14:15,0e0,+1.334567E-01,+3.937500E-07,+9.910000E+37,+7.913047E+02,+3.584400E+04,+1.347779E-01,+3.937500E-07,+9.910000E+37,+7.913711E+02,+3.584400E+04,+1.336855E-01,+3.937500E-07,+9.910000E+37,+7.914375E+02,+3.584400E+04,-1.190274E+00,+0.000000E+00,+9.910000E+37,+7.915049E+02,+3.584400E+04
16:14:15,0e0,+1.366444E-01,+4.159500E-07,+9.910000E+37,+7.917314E+02,+3.584400E+04,+1.362804E-01,+4.159500E-07,+9.910000E+37,+7.917979E+02,+3.584400E+04,+1.365537E-01,+4.159500E-07,+9.910000E+37,+7.918643E+02,+3.584400E+04,-1.361891E+00,+0.000000E+00,+9.910000E+37,+7.919307E+02,+3.584400E+04
16:14:15,0e0,+1.382382E-01,+4.394000E-07,+9.910000E+37,+7.921650E+02,+3.584400E+04,+1.378742E-01,+4.394000E-07,+9.910000E+37,+7.922314E+02,+3.584400E+04,+1.389212E-01,+4.394000E-07,+9.910000E+37,+7.922979E+02,+3.584400E+04,-1.642468E+00,+0.000000E+00,+9.910000E+37,+7.923643E+02,+3.584400E+04
16:14:15,0e0,+1.396495E-01,+4.641500E-07,+9.910000E+37,+7.925928E+02,+3.584400E+04,+1.395134E-01,+4.641500E-07,+9.910000E+37,+7.926602E+02,+3.584400E+04,+1.406969E-01,+4.641500E-07,+9.910000E+37,+7.927275E+02,+3.584400E+04,-2.483795E+00,+0.000000E+00,+9.910000E+37,+7.927949E+02,+3.584400E+04
16:14:15,0e0,+1.421994E-01,+4.903000E-07,+9.910000E+37,+7.930342E+02,+3.584400E+04,+1.425182E-01,+4.903000E-07,+9.910000E+37,+7.931016E+02,+3.584400E+04,+1.437482E-01,+4.903000E-07,+9.910000E+37,+7.931689E+02,+3.584400E+04,-2.844056E+00,+0.000000E+00,+9.910000E+37,+7.932354E+02,+3.584400E+04
16:14:15,0e0,+1.453406E-01,+5.179500E-07,+9.910000E+37,+7.934727E+02,+3.584400E+04,+1.438839E-01,+5.179500E-07,+9.910000E+37,+7.935391E+02,+3.584400E+04,+1.443392E-01,+5.179500E-07,+9.910000E+37,+7.936045E+02,+3.584400E+04,-3.377709E+00,+0.000000E+00,+9.910000E+37,+7.936719E+02,+3.584400E+04
16:14:15,0e0,+1.468433E-01,+5.471500E-07,+9.910000E+37,+7.939014E+02,+3.584400E+04,+1.459326E-01,+5.471500E-07,+9.910000E+37,+7.939678E+02,+3.584400E+04,+1.468435E-01,+5.471500E-07,+9.910000E+37,+7.940332E+02,+3.584400E+04,-4.456352E+00,+0.000000E+00,+9.910000E+37,+7.940996E+02,+3.584400E+04
16:14:15,0e0,+1.491205E-01,+5.779500E-07,+9.910000E+37,+7.943262E+02,+3.584400E+04,+1.488474E-01,+5.779500E-07,+9.910000E+37,+7.943926E+02,+3.584400E+04,+1.479817E-01,+5.779500E-07,+9.910000E+37,+7.944590E+02,+3.584400E+04,-4.895296E+00,+0.000000E+00,+9.910000E+37,+7.945254E+02,+3.584400E+04
16:14:15,0e0,+1.506225E-01,+6.105500E-07,+9.910000E+37,+7.947549E+02,+3.584400E+04,+1.507588E-01,+6.105500E-07,+9.910000E+37,+7.948213E+02,+3.584400E+04,+1.517612E-01,+6.105500E-07,+9.910000E+37,+7.948887E+02,+3.584400E+04,-5.842762E+00,+0.000000E+00,+9.910000E+37,+7.949551E+02,+3.584400E+04
16:14:15,0e0,+1.525345E-01,+6.449500E-07,+9.910000E+37,+7.951885E+02,+3.584400E+04,+1.527167E-01,+6.449500E-07,+9.910000E+37,+7.952549E+02,+3.584400E+04,+1.534454E-01,+6.449500E-07,+9.910000E+37,+7.953213E+02,+3.584400E+04,-6.929646E+00,+0.000000E+00,+9.910000E+37,+7.953877E+02,+3.584400E+04
16:14:15,0e0,+1.547655E-01,+6.813000E-07,+9.910000E+37,+7.956172E+02,+3.584400E+04,+1.555398E-01,+6.813000E-07,+9.910000E+37,+7.956836E+02,+3.584400E+04,+1.559954E-01,+6.813000E-07,+9.910000E+37,+7.957500E+02,+3.584400E+04,-8.229401E+00,+0.000000E+00,+9.910000E+37,+7.958164E+02,+3.584400E+04
16:14:15,0e0,+1.569054E-01,+7.197000E-07,+9.910000E+37,+7.960537E+02,+3.584400E+04,+1.573616E-01,+7.197000E-07,+9.910000E+37,+7.961201E+02,+3.584400E+04,+1.568593E-01,+7.197000E-07,+9.910000E+37,+7.961865E+02,+3.584400E+04,-9.441144E+00,+0.000000E+00,+9.910000E+37,+7.962529E+02,+3.584400E+04
16:14:15,0e0,+1.602746E-01,+7.602500E-07,+9.910000E+37,+7.964805E+02,+3.584400E+04,+1.582250E-01,+7.602500E-07,+9.910000E+37,+7.965469E+02,+3.584400E+04,+1.603207E-01,+7.602500E-07,+9.910000E+37,+7.966133E+02,+3.584400E+04,-1.043961E+01,+0.000000E+00,+9.910000E+37,+7.966797E+02,+3.584400E+04
16:14:15,0e0,+1.629157E-01,+8.031000E-07,+9.910000E+37,+7.969121E+02,+3.584400E+04,+1.620050E-01,+8.031000E-07,+9.910000E+37,+7.969795E+02,+3.584400E+04,+1.624602E-01,+8.031000E-07,+9.910000E+37,+7.970469E+02,+3.584400E+04,-1.152726E+01,+0.000000E+00,+9.910000E+37,+7.971143E+02,+3.584400E+04
16:14:15,0e0,+1.654201E-01,+8.483500E-07,+9.910000E+37,+7.973389E+02,+3.584400E+04,+1.652832E-01,+8.483500E-07,+9.910000E+37,+7.974053E+02,+3.584400E+04,+1.655110E-01,+8.483500E-07,+9.910000E+37,+7.974717E+02,+3.584400E+04,-1.338508E+01,+0.000000E+00,+9.910000E+37,+7.975381E+02,+3.584400E+04
16:14:15,0e0,+1.669223E-01,+8.961500E-07,+9.910000E+37,+7.977637E+02,+3.584400E+04,+1.671045E-01,+8.961500E-07,+9.910000E+37,+7.978301E+02,+3.584400E+04,+1.671955E-01,+8.961500E-07,+9.910000E+37,+7.978975E+02,+3.584400E+04,-1.424884E+01,+0.000000E+00,+9.910000E+37,+7.979639E+02,+3.584400E+04
16:14:15,0e0,+1.694266E-01,+9.466500E-07,+9.910000E+37,+7.982012E+02,+3.584400E+04,+1.692900E-01,+9.466500E-07,+9.910000E+37,+7.982676E+02,+3.584400E+04,+1.702918E-01,+9.466500E-07,+9.910000E+37,+7.983340E+02,+3.584400E+04,-1.588598E+01,+0.000000E+00,+9.910000E+37,+7.984004E+02,+3.584400E+04
16:14:15,0e0,+1.727958E-01,+1.000000E-06,+9.910000E+37,+7.986260E+02,+3.584400E+04,+1.727962E-01,+1.000000E-06,+9.910000E+37,+7.986924E+02,+3.584400E+04,+1.705184E-01,+1.000000E-06,+9.910000E+37,+7.987588E+02,+3.584400E+04,-1.714765E+01,+0.000000E+00,+9.910000E+37,+7.988262E+02,+3.584400E+04
16:14:15,0e0,+1.629612E-01,+1.056500E-06,+9.910000E+37,+7.990488E+02,+3.584400E+04,+1.630973E-01,+1.056500E-06,+9.910000E+37,+7.991152E+02,+3.584400E+04,+1.619133E-01,+1.056500E-06,+9.910000E+37,+7.991826E+02,+3.584400E+04,-1.760609E-01,+0.000000E+00,+9.910000E+37,+7.992480E+02,+3.584400E+04
16:14:15,0e0,+1.665583E-01,+1.116000E-06,+9.910000E+37,+7.994756E+02,+3.584400E+04,+1.650099E-01,+1.116000E-06,+9.910000E+37,+7.995420E+02,+3.584400E+04,+1.636891E-01,+1.116000E-06,+9.910000E+37,+7.996074E+02,+3.584400E+04,-1.748315E-01,+0.000000E+00,+9.910000E+37,+7.996738E+02,+3.584400E+04
16:14:15,0e0,+1.671045E-01,+1.179000E-06,+9.910000E+37,+7.998975E+02,+3.584400E+04,+1.671955E-01,+1.179000E-06,+9.910000E+37,+7.999648E+02,+3.584400E+04,+1.666494E-01,+1.179000E-06,+9.910000E+37,+8.000303E+02,+3.584400E+04,-1.732834E-01,+0.000000E+00,+9.910000E+37,+8.000967E+02,+3.584400E+04
16:14:15,0e0,+1.695631E-01,+1.245000E-06,+9.910000E+37,+8.003262E+02,+3.584400E+04,+1.688345E-01,+1.245000E-06,+9.910000E+37,+8.003936E+02,+3.584400E+04,+1.683794E-01,+1.245000E-06,+9.910000E+37,+8.004590E+02,+3.584400E+04,-1.732379E-01,+0.000000E+00,+9.910000E+37,+8.005264E+02,+3.584400E+04
16:14:15,0e0,+1.701095E-01,+1.315500E-06,+9.910000E+37,+8.007539E+02,+3.584400E+04,+1.708840E-01,+1.315500E-06,+9.910000E+37,+8.008203E+02,+3.584400E+04,+1.707014E-01,+1.315500E-06,+9.910000E+37,+8.008877E+02,+3.584400E+04,-2.005108E-01,+0.000000E+00,+9.910000E+37,+8.009551E+02,+3.584400E+04
16:14:15,0e0,+1.725226E-01,+1.389500E-06,+9.910000E+37,+8.011914E+02,+3.584400E+04,+1.717939E-01,+1.389500E-06,+9.910000E+37,+8.012568E+02,+3.584400E+04,+1.722948E-01,+1.389500E-06,+9.910000E+37,+8.013232E+02,+3.584400E+04,-2.055192E-01,+0.000000E+00,+9.910000E+37,+8.013906E+02,+3.584400E+04
16:14:15,0e0,+1.745264E-01,+1.468000E-06,+9.910000E+37,+8.016172E+02,+3.584400E+04,+1.742526E-01,+1.468000E-06,+9.910000E+37,+8.016836E+02,+3.584400E+04,+1.750274E-01,+1.468000E-06,+9.910000E+37,+8.017490E+02,+3.584400E+04,-1.740119E-01,+0.000000E+00,+9.910000E+37,+8.018154E+02,+3.584400E+04
16:14:15,0e0,+1.768024E-01,+1.550500E-06,+9.910000E+37,+8.020400E+02,+3.584400E+04,+1.757550E-01,+1.550500E-06,+9.910000E+37,+8.021074E+02,+3.584400E+04,+1.767569E-01,+1.550500E-06,+9.910000E+37,+8.021729E+02,+3.584400E+04,-2.202256E-01,+0.000000E+00,+9.910000E+37,+8.022393E+02,+3.584400E+04
16:14:15,0e0,+1.778497E-01,+1.638000E-06,+9.910000E+37,+8.024629E+02,+3.584400E+04,+1.788060E-01,+1.638000E-06,+9.910000E+37,+8.025283E+02,+3.584400E+04,+1.785326E-01,+1.638000E-06,+9.910000E+37,+8.025947E+02,+3.584400E+04,-1.753779E-01,+0.000000E+00,+9.910000E+37,+8.026621E+02,+3.584400E+04
16:14:15,0e0,+1.798075E-01,+1.730000E-06,+9.910000E+37,+8.028936E+02,+3.584400E+04,+1.797164E-01,+1.730000E-06,+9.910000E+37,+8.029590E+02,+3.584400E+04,+1.803540E-01,+1.730000E-06,+9.910000E+37,+8.030254E+02,+3.584400E+04,-2.006929E-01,+0.000000E+00,+9.910000E+37,+8.030918E+02,+3.584400E+04
16:14:15,0e0,+1.831769E-01,+1.827500E-06,+9.910000E+37,+8.033184E+02,+3.584400E+04,+1.815825E-01,+1.827500E-06,+9.910000E+37,+8.033848E+02,+3.584400E+04,+1.819935E-01,+1.827500E-06,+9.910000E+37,+8.034521E+02,+3.584400E+04,-1.756056E-01,+0.000000E+00,+9.910000E+37,+8.035195E+02,+3.584400E+04
16:14:15,0e0,+1.846790E-01,+1.930500E-06,+9.910000E+37,+8.037451E+02,+3.584400E+04,+1.848159E-01,+1.930500E-06,+9.910000E+37,+8.038115E+02,+3.584400E+04,+1.851353E-01,+1.930500E-06,+9.910000E+37,+8.038789E+02,+3.584400E+04,-1.784284E-01,+0.000000E+00,+9.910000E+37,+8.039463E+02,+3.584400E+04
16:14:15,0e0,+1.866827E-01,+2.039500E-06,+9.910000E+37,+8.041797E+02,+3.584400E+04,+1.859995E-01,+2.039500E-06,+9.910000E+37,+8.042451E+02,+3.584400E+04,+1.870473E-01,+2.039500E-06,+9.910000E+37,+8.043125E+02,+3.584400E+04,-2.424004E-01,+0.000000E+00,+9.910000E+37,+8.043779E+02,+3.584400E+04
16:14:15,0e0,+1.880482E-01,+2.154500E-06,+9.910000E+37,+8.046035E+02,+3.584400E+04,+1.889143E-01,+2.154500E-06,+9.910000E+37,+8.046709E+02,+3.584400E+04,+1.884122E-01,+2.154500E-06,+9.910000E+37,+8.047363E+02,+3.584400E+04,-1.750592E-01,+0.000000E+00,+9.910000E+37,+8.048027E+02,+3.584400E+04
16:14:15,0e0,+1.906889E-01,+2.276000E-06,+9.910000E+37,+8.050332E+02,+3.584400E+04,+1.897332E-01,+2.276000E-06,+9.910000E+37,+8.050996E+02,+3.584400E+04,+1.902793E-01,+2.276000E-06,+9.910000E+37,+8.051670E+02,+3.584400E+04,-1.765616E-01,+0.000000E+00,+9.910000E+37,+8.052324E+02,+3.584400E+04
16:14:15,0e0,+1.922373E-01,+2.404000E-06,+9.910000E+37,+8.054600E+02,+3.584400E+04,+1.920558E-01,+2.404000E-06,+9.910000E+37,+8.055273E+02,+3.584400E+04,+1.915542E-01,+2.404000E-06,+9.910000E+37,+8.055928E+02,+3.584400E+04,-2.513705E-01,+0.000000E+00,+9.910000E+37,+8.056592E+02,+3.584400E+04
16:14:15,0e0,+1.946957E-01,+2.539500E-06,+9.910000E+37,+8.058984E+02,+3.584400E+04,+1.942404E-01,+2.539500E-06,+9.910000E+37,+8.059639E+02,+3.584400E+04,+1.938310E-01,+2.539500E-06,+9.910000E+37,+8.060303E+02,+3.584400E+04,-3.145712E-01,+0.000000E+00,+9.910000E+37,+8.060977E+02,+3.584400E+04
16:14:15,0e0,+1.970637E-01,+2.682500E-06,+9.910000E+37,+8.063213E+02,+3.584400E+04,+1.960619E-01,+2.682500E-06,+9.910000E+37,+8.063877E+02,+3.584400E+04,+1.963806E-01,+2.682500E-06,+9.910000E+37,+8.064551E+02,+3.584400E+04,-1.745128E-01,+0.000000E+00,+9.910000E+37,+8.065225E+02,+3.584400E+04
16:14:15,0e0,+1.987025E-01,+2.834000E-06,+9.910000E+37,+8.067490E+02,+3.584400E+04,+1.990671E-01,+2.834000E-06,+9.910000E+37,+8.068154E+02,+3.584400E+04,+1.980652E-01,+2.834000E-06,+9.910000E+37,+8.068818E+02,+3.584400E+04,-3.971690E-01,+0.000000E+00,+9.910000E+37,+8.069482E+02,+3.584400E+04
16:14:15,0e0,+2.004328E-01,+2.993500E-06,+9.910000E+37,+8.071699E+02,+3.584400E+04,+2.017532E-01,+2.993500E-06,+9.910000E+37,+8.072373E+02,+3.584400E+04,+1.998861E-01,+2.993500E-06,+9.910000E+37,+8.073027E+02,+3.584400E+04,-2.007385E-01,+0.000000E+00,+9.910000E+37,+8.073691E+02,+3.584400E+04
16:14:15,0e0,+2.022086E-01,+3.162500E-06,+9.910000E+37,+8.075967E+02,+3.584400E+04,+2.038472E-01,+3.162500E-06,+9.910000E+37,+8.076641E+02,+3.584400E+04,+2.037563E-01,+3.162500E-06,+9.910000E+37,+8.077295E+02,+3.584400E+04,-4.560895E-01,+0.000000E+00,+9.910000E+37,+8.077959E+02,+3.584400E+04
16:14:15,0e0,+2.059875E-01,+3.340500E-06,+9.910000E+37,+8.080244E+02,+3.584400E+04,+2.054864E-01,+3.340500E-06,+9.910000E+37,+8.080898E+02,+3.584400E+04,+2.048492E-01,+3.340500E-06,+9.910000E+37,+8.081572E+02,+3.584400E+04,-2.520534E-01,+0.000000E+00,+9.910000E+37,+8.082246E+02,+3.584400E+04
16:14:15,0e0,+2.074444E-01,+3.528500E-06,+9.910000E+37,+8.084541E+02,+3.584400E+04,+2.078086E-01,+3.528500E-06,+9.910000E+37,+8.085205E+02,+3.584400E+04,+2.070805E-01,+3.528500E-06,+9.910000E+37,+8.085859E+02,+3.584400E+04,-6.761984E-01,+0.000000E+00,+9.910000E+37,+8.086523E+02,+3.584400E+04
16:14:15,0e0,+2.089469E-01,+3.727500E-06,+9.910000E+37,+8.088848E+02,+3.584400E+04,+2.098126E-01,+3.727500E-06,+9.910000E+37,+8.089512E+02,+3.584400E+04,+2.089923E-01,+3.727500E-06,+9.910000E+37,+8.090176E+02,+3.584400E+04,-9.689772E-01,+0.000000E+00,+9.910000E+37,+8.090850E+02,+3.584400E+04
16:14:15,0e0,+2.130900E-01,+3.937500E-06,+9.910000E+37,+8.093115E+02,+3.584400E+04,+2.112691E-01,+3.937500E-06,+9.910000E+37,+8.093779E+02,+3.584400E+04,+2.112230E-01,+3.937500E-06,+9.910000E+37,+8.094443E+02,+3.584400E+04,-8.660732E-01,+0.000000E+00,+9.910000E+37,+8.095107E+02,+3.584400E+04
16:14:15,0e0,+2.150024E-01,+4.159500E-06,+9.910000E+37,+8.097383E+02,+3.584400E+04,+2.142748E-01,+4.159500E-06,+9.910000E+37,+8.098047E+02,+3.584400E+04,+2.142741E-01,+4.159500E-06,+9.910000E+37,+8.098721E+02,+3.584400E+04,-1.423951E+00,+0.000000E+00,+9.910000E+37,+8.099395E+02,+3.584400E+04
16:14:15,0e0,+2.156398E-01,+4.394000E-06,+9.910000E+37,+8.101680E+02,+3.584400E+04,+2.156859E-01,+4.394000E-06,+9.910000E+37,+8.102354E+02,+3.584400E+04,+2.172797E-01,+4.394000E-06,+9.910000E+37,+8.103008E+02,+3.584400E+04,-1.871363E+00,+0.000000E+00,+9.910000E+37,+8.103672E+02,+3.584400E+04
16:14:15,0e0,+2.184627E-01,+4.641500E-06,+9.910000E+37,+8.106025E+02,+3.584400E+04,+2.188727E-01,+4.641500E-06,+9.910000E+37,+8.106689E+02,+3.584400E+04,+2.186450E-01,+4.641500E-06,+9.910000E+37,+8.107344E+02,+3.584400E+04,-2.226155E+00,+0.000000E+00,+9.910000E+37,+8.108008E+02,+3.584400E+04
16:14:15,0e0,+2.213314E-01,+4.903000E-06,+9.910000E+37,+8.110273E+02,+3.584400E+04,+2.201020E-01,+4.903000E-06,+9.910000E+37,+8.110947E+02,+3.584400E+04,+2.211494E-01,+4.903000E-06,+9.910000E+37,+8.111611E+02,+3.584400E+04,-2.553952E+00,+0.000000E+00,+9.910000E+37,+8.112266E+02,+3.584400E+04
16:14:15,0e0,+2.235169E-01,+5.179500E-06,+9.910000E+37,+8.114541E+02,+3.584400E+04,+2.227438E-01,+5.179500E-06,+9.910000E+37,+8.115205E+02,+3.584400E+04,+2.221505E-01,+5.179500E-06,+9.910000E+37,+8.115879E+02,+3.584400E+04,-3.497138E+00,+0.000000E+00,+9.910000E+37,+8.116533E+02,+3.584400E+04
16:14:15,0e0,+2.255657E-01,+5.471500E-06,+9.910000E+37,+8.118818E+02,+3.584400E+04,+2.254739E-01,+5.471500E-06,+9.910000E+37,+8.119473E+02,+3.584400E+04,+2.262486E-01,+5.471500E-06,+9.910000E+37,+8.120137E+02,+3.584400E+04,-3.694391E+00,+0.000000E+00,+9.910000E+37,+8.120811E+02,+3.584400E+04
16:14:15,0e0,+2.269314E-01,+5.779500E-06,+9.910000E+37,+8.123076E+02,+3.584400E+04,+2.277965E-01,+5.779500E-06,+9.910000E+37,+8.123740E+02,+3.584400E+04,+2.280697E-01,+5.779500E-06,+9.910000E+37,+8.124404E+02,+3.584400E+04,-4.922837E+00,+0.000000E+00,+9.910000E+37,+8.125078E+02,+3.584400E+04
16:14:15,0e0,+2.305285E-01,+6.105500E-06,+9.910000E+37,+8.127344E+02,+3.584400E+04,+2.301190E-01,+6.105500E-06,+9.910000E+37,+8.127998E+02,+3.584400E+04,+2.297548E-01,+6.105500E-06,+9.910000E+37,+8.128662E+02,+3.584400E+04,-5.565045E+00,+0.000000E+00,+9.910000E+37,+8.129336E+02,+3.584400E+04
16:14:15,0e0,+2.321674E-01,+6.449500E-06,+9.910000E+37,+8.131689E+02,+3.584400E+04,+2.328967E-01,+6.449500E-06,+9.910000E+37,+8.132363E+02,+3.584400E+04,+2.326683E-01,+6.449500E-06,+9.910000E+37,+8.133018E+02,+3.584400E+04,-6.419625E+00,+0.000000E+00,+9.910000E+37,+8.133682E+02,+3.584400E+04
16:14:15,0e0,+2.351272E-01,+6.813000E-06,+9.910000E+37,+8.136006E+02,+3.584400E+04,+2.351725E-01,+6.813000E-06,+9.910000E+37,+8.136680E+02,+3.584400E+04,+2.350360E-01,+6.813000E-06,+9.910000E+37,+8.137344E+02,+3.584400E+04,-7.424366E+00,+0.000000E+00,+9.910000E+37,+8.137998E+02,+3.584400E+04
16:14:15,0e0,+2.377224E-01,+7.197000E-06,+9.910000E+37,+8.140332E+02,+3.584400E+04,+2.370393E-01,+7.197000E-06,+9.910000E+37,+8.140986E+02,+3.584400E+04,+2.369475E-01,+7.197000E-06,+9.910000E+37,+8.141650E+02,+3.584400E+04,-8.724318E+00,+0.000000E+00,+9.910000E+37,+8.142324E+02,+3.584400E+04
16:14:15,0e0,+2.408641E-01,+7.602500E-06,+9.910000E+37,+8.144619E+02,+3.584400E+04,+2.400901E-01,+7.602500E-06,+9.910000E+37,+8.145283E+02,+3.584400E+04,+2.404085E-01,+7.602500E-06,+9.910000E+37,+8.145957E+02,+3.584400E+04,-1.037316E+01,+0.000000E+00,+9.910000E+37,+8.146611E+02,+3.584400E+04
16:14:15,0e0,+2.437324E-01,+8.031000E-06,+9.910000E+37,+8.148984E+02,+3.584400E+04,+2.430493E-01,+8.031000E-06,+9.910000E+37,+8.149658E+02,+3.584400E+04,+2.422750E-01,+8.031000E-06,+9.910000E+37,+8.150313E+02,+3.584400E+04,-1.166194E+01,+0.000000E+00,+9.910000E+37,+8.150977E+02,+3.584400E+04
16:14:15,0e0,+2.451890E-01,+8.483500E-06,+9.910000E+37,+8.153252E+02,+3.584400E+04,+2.466919E-01,+8.483500E-06,+9.910000E+37,+8.153906E+02,+3.584400E+04,+2.453716E-01,+8.483500E-06,+9.910000E+37,+8.154570E+02,+3.584400E+04,-1.250106E+01,+0.000000E+00,+9.910000E+37,+8.155234E+02,+3.584400E+04
16:14:15,0e0,+2.477386E-01,+8.961500E-06,+9.910000E+37,+8.157529E+02,+3.584400E+04,+2.481032E-01,+8.961500E-06,+9.910000E+37,+8.158193E+02,+3.584400E+04,+2.478290E-01,+8.961500E-06,+9.910000E+37,+8.158857E+02,+3.584400E+04,-1.377392E+01,+0.000000E+00,+9.910000E+37,+8.159531E+02,+3.584400E+04
16:14:15,0e0,+2.510625E-01,+9.466500E-06,+9.910000E+37,+8.161875E+02,+3.584400E+04,+2.515180E-01,+9.466500E-06,+9.910000E+37,+8.162539E+02,+3.584400E+04,+2.507437E-01,+9.466500E-06,+9.910000E+37,+8.163203E+02,+3.584400E+04,-1.522478E+01,+0.000000E+00,+9.910000E+37,+8.163877E+02,+3.584400E+04
16:14:15,0e0,+2.538854E-01,+1.000000E-05,+9.910000E+37,+8.166221E+02,+3.584400E+04,+2.522004E-01,+1.000000E-05,+9.910000E+37,+8.166885E+02,+3.584400E+04,+2.530204E-01,+1.000000E-05,+9.910000E+37,+8.167549E+02,+3.584400E+04,-1.661073E+01,+0.000000E+00,+9.910000E+37,+8.168223E+02,+3.584400E+04
16:14:15,0e0,+2.455532E-01,+1.056500E-05,+9.910000E+37,+8.170488E+02,+3.584400E+04,+2.450070E-01,+1.056500E-05,+9.910000E+37,+8.171152E+02,+3.584400E+04,+2.454628E-01,+1.056500E-05,+9.910000E+37,+8.171826E+02,+3.584400E+04,-3.108829E-01,+0.000000E+00,+9.910000E+37,+8.172480E+02,+3.584400E+04
16:14:15,0e0,+2.480120E-01,+1.116000E-05,+9.910000E+37,+8.174746E+02,+3.584400E+04,+2.459626E-01,+1.116000E-05,+9.910000E+37,+8.175410E+02,+3.584400E+04,+2.468286E-01,+1.116000E-05,+9.910000E+37,+8.176084E+02,+3.584400E+04,-2.781897E-01,+0.000000E+00,+9.910000E+37,+8.176738E+02,+3.584400E+04
16:14:15,0e0,+2.512000E-01,+1.179000E-05,+9.910000E+37,+8.178965E+02,+3.584400E+04,+2.499255E-01,+1.179000E-05,+9.910000E+37,+8.179619E+02,+3.584400E+04,+2.487411E-01,+1.179000E-05,+9.910000E+37,+8.180283E+02,+3.584400E+04,-3.005467E-01,+0.000000E+00,+9.910000E+37,+8.180938E+02,+3.584400E+04
16:14:15,0e0,+2.508797E-01,+1.245000E-05,+9.910000E+37,+8.183105E+02,+3.584400E+04,+2.512907E-01,+1.245000E-05,+9.910000E+37,+8.183760E+02,+3.584400E+04,+2.525198E-01,+1.245000E-05,+9.910000E+37,+8.184434E+02,+3.584400E+04,-3.036428E-01,+0.000000E+00,+9.910000E+37,+8.185098E+02,+3.584400E+04
16:14:15,0e0,+2.551147E-01,+1.315500E-05,+9.910000E+37,+8.187373E+02,+3.584400E+04,+2.548873E-01,+1.315500E-05,+9.910000E+37,+8.188037E+02,+3.584400E+04,+2.525642E-01,+1.315500E-05,+9.910000E+37,+8.188711E+02,+3.584400E+04,-2.736819E-01,+0.000000E+00,+9.910000E+37,+8.189365E+02,+3.584400E+04
16:14:15,0e0,+2.559345E-01,+1.389500E-05,+9.910000E+37,+8.191650E+02,+3.584400E+04,+2.582566E-01,+1.389500E-05,+9.910000E+37,+8.192324E+02,+3.584400E+04,+2.570271E-01,+1.389500E-05,+9.910000E+37,+8.192979E+02,+3.584400E+04,-3.089248E-01,+0.000000E+00,+9.910000E+37,+8.193643E+02,+3.584400E+04
16:14:15,0e0,+2.583474E-01,+1.468000E-05,+9.910000E+37,+8.195840E+02,+3.584400E+04,+2.589849E-01,+1.468000E-05,+9.910000E+37,+8.196514E+02,+3.584400E+04,+2.584845E-01,+1.468000E-05,+9.910000E+37,+8.197168E+02,+3.584400E+04,-2.471359E-01,+0.000000E+00,+9.910000E+37,+8.197832E+02,+3.584400E+04
16:14:15,0e0,+2.621264E-01,+1.550500E-05,+9.910000E+37,+8.200049E+02,+3.584400E+04,+2.611254E-01,+1.550500E-05,+9.910000E+37,+8.200713E+02,+3.584400E+04,+2.591205E-01,+1.550500E-05,+9.910000E+37,+8.201377E+02,+3.584400E+04,-2.801021E-01,+0.000000E+00,+9.910000E+37,+8.202051E+02,+3.584400E+04
16:14:15,0e0,+2.628553E-01,+1.638000E-05,+9.910000E+37,+8.204238E+02,+3.584400E+04,+2.652237E-01,+1.638000E-05,+9.910000E+37,+8.204902E+02,+3.584400E+04,+2.638117E-01,+1.638000E-05,+9.910000E+37,+8.205576E+02,+3.584400E+04,-2.956291E-01,+0.000000E+00,+9.910000E+37,+8.206230E+02,+3.584400E+04
16:14:15,0e0,+2.659517E-01,+1.730000E-05,+9.910000E+37,+8.208467E+02,+3.584400E+04,+2.668624E-01,+1.730000E-05,+9.910000E+37,+8.209141E+02,+3.584400E+04,+2.659965E-01,+1.730000E-05,+9.910000E+37,+8.209805E+02,+3.584400E+04,-3.125220E-01,+0.000000E+00,+9.910000E+37,+8.210469E+02,+3.584400E+04
16:14:15,0e0,+2.671336E-01,+1.827500E-05,+9.910000E+37,+8.212676E+02,+3.584400E+04,+2.682727E-01,+1.827500E-05,+9.910000E+37,+8.213350E+02,+3.584400E+04,+2.690016E-01,+1.827500E-05,+9.910000E+37,+8.214023E+02,+3.584400E+04,-2.746836E-01,+0.000000E+00,+9.910000E+37,+8.214707E+02,+3.584400E+04
16:14:15,0e0,+2.710966E-01,+1.930500E-05,+9.910000E+37,+8.217041E+02,+3.584400E+04,+2.707773E-01,+1.930500E-05,+9.910000E+37,+8.217705E+02,+3.584400E+04,+2.711423E-01,+1.930500E-05,+9.910000E+37,+8.218379E+02,+3.584400E+04,-2.571988E-01,+0.000000E+00,+9.910000E+37,+8.219043E+02,+3.584400E+04
16:14:15,0e0,+2.741927E-01,+2.039500E-05,+9.910000E+37,+8.221299E+02,+3.584400E+04,+2.753308E-01,+2.039500E-05,+9.910000E+37,+8.221953E+02,+3.584400E+04,+2.726442E-01,+2.039500E-05,+9.910000E+37,+8.222617E+02,+3.584400E+04,-3.046448E-01,+0.000000E+00,+9.910000E+37,+8.223291E+02,+3.584400E+04
16:14:15,0e0,+2.768328E-01,+2.154500E-05,+9.910000E+37,+8.225508E+02,+3.584400E+04,+2.763776E-01,+2.154500E-05,+9.910000E+37,+8.226172E+02,+3.584400E+04,+2.757862E-01,+2.154500E-05,+9.910000E+37,+8.226846E+02,+3.584400E+04,-2.486385E-01,+0.000000E+00,+9.910000E+37,+8.227510E+02,+3.584400E+04
16:14:15,0e0,+2.786541E-01,+2.276000E-05,+9.910000E+37,+8.229785E+02,+3.584400E+04,+2.793377E-01,+2.276000E-05,+9.910000E+37,+8.230439E+02,+3.584400E+04,+2.776975E-01,+2.276000E-05,+9.910000E+37,+8.231104E+02,+3.584400E+04,-3.031420E-01,+0.000000E+00,+9.910000E+37,+8.231768E+02,+3.584400E+04
16:14:15,0e0,+2.822057E-01,+2.404000E-05,+9.910000E+37,+8.234043E+02,+3.584400E+04,+2.811585E-01,+2.404000E-05,+9.910000E+37,+8.234717E+02,+3.584400E+04,+2.818424E-01,+2.404000E-05,+9.910000E+37,+8.235371E+02,+3.584400E+04,-2.659867E-01,+0.000000E+00,+9.910000E+37,+8.236035E+02,+3.584400E+04
16:14:15,0e0,+2.837537E-01,+2.539500E-05,+9.910000E+37,+8.238271E+02,+3.584400E+04,+2.839814E-01,+2.539500E-05,+9.910000E+37,+8.238936E+02,+3.584400E+04,+2.846189E-01,+2.539500E-05,+9.910000E+37,+8.239609E+02,+3.584400E+04,-3.007743E-01,+0.000000E+00,+9.910000E+37,+8.240283E+02,+3.584400E+04
16:14:15,0e0,+2.867134E-01,+2.682500E-05,+9.910000E+37,+8.242451E+02,+3.584400E+04,+2.868046E-01,+2.682500E-05,+9.910000E+37,+8.243115E+02,+3.584400E+04,+2.873507E-01,+2.682500E-05,+9.910000E+37,+8.243779E+02,+3.584400E+04,-3.071490E-01,+0.000000E+00,+9.910000E+37,+8.244443E+02,+3.584400E+04
16:14:15,0e0,+2.886254E-01,+2.834000E-05,+9.910000E+37,+8.246641E+02,+3.584400E+04,+2.898090E-01,+2.834000E-05,+9.910000E+37,+8.247305E+02,+3.584400E+04,+2.890360E-01,+2.834000E-05,+9.910000E+37,+8.247959E+02,+3.584400E+04,-2.780075E-01,+0.000000E+00,+9.910000E+37,+8.248633E+02,+3.584400E+04
16:14:15,0e0,+2.919490E-01,+2.993500E-05,+9.910000E+37,+8.250889E+02,+3.584400E+04,+2.917676E-01,+2.993500E-05,+9.910000E+37,+8.251553E+02,+3.584400E+04,+2.928140E-01,+2.993500E-05,+9.910000E+37,+8.252217E+02,+3.584400E+04,-2.905748E-01,+0.000000E+00,+9.910000E+37,+8.252871E+02,+3.584400E+04
16:14:15,0e0,+2.948166E-01,+3.162500E-05,+9.910000E+37,+8.255107E+02,+3.584400E+04,+2.945897E-01,+3.162500E-05,+9.910000E+37,+8.255771E+02,+3.584400E+04,+2.958643E-01,+3.162500E-05,+9.910000E+37,+8.256436E+02,+3.584400E+04,-3.132506E-01,+0.000000E+00,+9.910000E+37,+8.257109E+02,+3.584400E+04
16:14:15,0e0,+2.983235E-01,+3.340500E-05,+9.910000E+37,+8.259375E+02,+3.584400E+04,+2.975035E-01,+3.340500E-05,+9.910000E+37,+8.260029E+02,+3.584400E+04,+2.970482E-01,+3.340500E-05,+9.910000E+37,+8.260693E+02,+3.584400E+04,-2.852474E-01,+0.000000E+00,+9.910000E+37,+8.261357E+02,+3.584400E+04
16:14:15,0e0,+3.015563E-01,+3.528500E-05,+9.910000E+37,+8.263525E+02,+3.584400E+04,+3.009185E-01,+3.528500E-05,+9.910000E+37,+8.264180E+02,+3.584400E+04,+3.003719E-01,+3.528500E-05,+9.910000E+37,+8.264854E+02,+3.584400E+04,-2.936710E-01,+0.000000E+00,+9.910000E+37,+8.265527E+02,+3.584400E+04
16:14:15,0e0,+3.041511E-01,+3.727500E-05,+9.910000E+37,+8.267852E+02,+3.584400E+04,+3.042426E-01,+3.727500E-05,+9.910000E+37,+8.268516E+02,+3.584400E+04,+3.019657E-01,+3.727500E-05,+9.910000E+37,+8.269180E+02,+3.584400E+04,-2.862037E-01,+0.000000E+00,+9.910000E+37,+8.269854E+02,+3.584400E+04
16:14:15,0e0,+3.080665E-01,+3.937500E-05,+9.910000E+37,+8.272109E+02,+3.584400E+04,+3.062918E-01,+3.937500E-05,+9.910000E+37,+8.272764E+02,+3.584400E+04,+3.047424E-01,+3.937500E-05,+9.910000E+37,+8.273428E+02,+3.584400E+04,-6.741945E-01,+0.000000E+00,+9.910000E+37,+8.274102E+02,+3.584400E+04
16:14:15,0e0,+3.085220E-01,+4.159500E-05,+9.910000E+37,+8.276357E+02,+3.584400E+04,+3.085670E-01,+4.159500E-05,+9.910000E+37,+8.277021E+02,+3.584400E+04,+3.103431E-01,+4.159500E-05,+9.910000E+37,+8.277695E+02,+3.584400E+04,-4.988902E-01,+0.000000E+00,+9.910000E+37,+8.278350E+02,+3.584400E+04
16:14:15,0e0,+3.116173E-01,+4.394000E-05,+9.910000E+37,+8.280586E+02,+3.584400E+04,+3.117089E-01,+4.394000E-05,+9.910000E+37,+8.281250E+02,+3.584400E+04,+3.121201E-01,+4.394000E-05,+9.910000E+37,+8.281904E+02,+3.584400E+04,-1.060685E+00,+0.000000E+00,+9.910000E+37,+8.282568E+02,+3.584400E+04
16:14:15,0e0,+3.138484E-01,+4.641500E-05,+9.910000E+37,+8.284805E+02,+3.584400E+04,+3.152157E-01,+4.641500E-05,+9.910000E+37,+8.285469E+02,+3.584400E+04,+3.153060E-01,+4.641500E-05,+9.910000E+37,+8.286123E+02,+3.584400E+04,-1.424950E+00,+0.000000E+00,+9.910000E+37,+8.286787E+02,+3.584400E+04
16:14:15,0e0,+3.176279E-01,+4.903000E-05,+9.910000E+37,+8.289072E+02,+3.584400E+04,+3.192217E-01,+4.903000E-05,+9.910000E+37,+8.289746E+02,+3.584400E+04,+3.190402E-01,+4.903000E-05,+9.910000E+37,+8.290400E+02,+3.584400E+04,-1.773191E+00,+0.000000E+00,+9.910000E+37,+8.291064E+02,+3.584400E+04
16:14:15,0e0,+3.205417E-01,+5.179500E-05,+9.910000E+37,+8.293291E+02,+3.584400E+04,+3.216348E-01,+5.179500E-05,+9.910000E+37,+8.293955E+02,+3.584400E+04,+3.199043E-01,+5.179500E-05,+9.910000E+37,+8.294629E+02,+3.584400E+04,-2.355245E+00,+0.000000E+00,+9.910000E+37,+8.295283E+02,+3.584400E+04
16:14:15,0e0,+3.252318E-01,+5.471500E-05,+9.910000E+37,+8.297588E+02,+3.584400E+04,+3.240935E-01,+5.471500E-05,+9.910000E+37,+8.298242E+02,+3.584400E+04,+3.247309E-01,+5.471500E-05,+9.910000E+37,+8.298906E+02,+3.584400E+04,-2.820876E+00,+0.000000E+00,+9.910000E+37,+8.299580E+02,+3.584400E+04
16:14:15,0e0,+3.270073E-01,+5.779500E-05,+9.910000E+37,+8.301768E+02,+3.584400E+04,+3.271887E-01,+5.779500E-05,+9.910000E+37,+8.302422E+02,+3.584400E+04,+3.276901E-01,+5.779500E-05,+9.910000E+37,+8.303086E+02,+3.584400E+04,-3.501915E+00,+0.000000E+00,+9.910000E+37,+8.303750E+02,+3.584400E+04
16:14:15,0e0,+3.302407E-01,+6.105500E-05,+9.910000E+37,+8.305967E+02,+3.584400E+04,+3.303763E-01,+6.105500E-05,+9.910000E+37,+8.306621E+02,+3.584400E+04,+3.309686E-01,+6.105500E-05,+9.910000E+37,+8.307285E+02,+3.584400E+04,-4.050913E+00,+0.000000E+00,+9.910000E+37,+8.307959E+02,+3.584400E+04
16:14:15,0e0,+3.325167E-01,+6.449500E-05,+9.910000E+37,+8.310195E+02,+3.584400E+04,+3.346107E-01,+6.449500E-05,+9.910000E+37,+8.310859E+02,+3.584400E+04,+3.343379E-01,+6.449500E-05,+9.910000E+37,+8.311533E+02,+3.584400E+04,-4.487995E+00,+0.000000E+00,+9.910000E+37,+8.312188E+02,+3.584400E+04
16:14:15,0e0,+3.367504E-01,+6.813000E-05,+9.910000E+37,+8.314453E+02,+3.584400E+04,+3.359302E-01,+6.813000E-05,+9.910000E+37,+8.315117E+02,+3.584400E+04,+3.369322E-01,+6.813000E-05,+9.910000E+37,+8.315781E+02,+3.584400E+04,-5.772490E+00,+0.000000E+00,+9.910000E+37,+8.316455E+02,+3.584400E+04
16:14:15,0e0,+3.402112E-01,+7.197000E-05,+9.910000E+37,+8.318721E+02,+3.584400E+04,+3.407574E-01,+7.197000E-05,+9.910000E+37,+8.319395E+02,+3.584400E+04,+3.407120E-01,+7.197000E-05,+9.910000E+37,+8.320049E+02,+3.584400E+04,-6.280586E+00,+0.000000E+00,+9.910000E+37,+8.320713E+02,+3.584400E+04
16:14:15,0e0,+3.447189E-01,+7.602500E-05,+9.910000E+37,+8.322969E+02,+3.584400E+04,+3.451293E-01,+7.602500E-05,+9.910000E+37,+8.323643E+02,+3.584400E+04,+3.437172E-01,+7.602500E-05,+9.910000E+37,+8.324297E+02,+3.584400E+04,-7.680795E+00,+0.000000E+00,+9.910000E+37,+8.324961E+02,+3.584400E+04
16:14:15,0e0,+3.470410E-01,+8.031000E-05,+9.910000E+37,+8.327246E+02,+3.584400E+04,+3.462215E-01,+8.031000E-05,+9.910000E+37,+8.327900E+02,+3.584400E+04,+3.486808E-01,+8.031000E-05,+9.910000E+37,+8.328564E+02,+3.584400E+04,-8.380316E+00,+0.000000E+00,+9.910000E+37,+8.329229E+02,+3.584400E+04
16:14:15,0e0,+3.502729E-01,+8.483500E-05,+9.910000E+37,+8.331436E+02,+3.584400E+04,+3.505011E-01,+8.483500E-05,+9.910000E+37,+8.332109E+02,+3.584400E+04,+3.513672E-01,+8.483500E-05,+9.910000E+37,+8.332764E+02,+3.584400E+04,-9.780387E+00,+0.000000E+00,+9.910000E+37,+8.333437E+02,+3.584400E+04
16:14:15,0e0,+3.545078E-01,+8.961500E-05,+9.910000E+37,+8.335723E+02,+3.584400E+04,+3.542799E-01,+8.961500E-05,+9.910000E+37,+8.336387E+02,+3.584400E+04,+3.543256E-01,+8.961500E-05,+9.910000E+37,+8.337061E+02,+3.584400E+04,-1.058365E+01,+0.000000E+00,+9.910000E+37,+8.337715E+02,+3.584400E+04
16:14:15,0e0,+3.589696E-01,+9.466500E-05,+9.910000E+37,+8.339980E+02,+3.584400E+04,+3.579223E-01,+9.466500E-05,+9.910000E+37,+8.340654E+02,+3.584400E+04,+3.582866E-01,+9.466500E-05,+9.910000E+37,+8.341309E+02,+3.584400E+04,-1.229875E+01,+0.000000E+00,+9.910000E+37,+8.341982E+02,+3.584400E+04
16:14:15,0e0,+3.619292E-01,+1.000000E-04,+9.910000E+37,+8.344150E+02,+3.584400E+04,+3.622935E-01,+1.000000E-04,+9.910000E+37,+8.344805E+02,+3.584400E+04,+3.607903E-01,+1.000000E-04,+9.910000E+37,+8.345469E+02,+3.584400E+04,-1.325489E+01,+0.000000E+00,+9.910000E+37,+8.346172E+02,+3.584400E+04
16:14:15,0e0,+3.547809E-01,+1.056500E-04,+9.910000E+37,+8.348516E+02,+3.584400E+04,+3.545082E-01,+1.056500E-04,+9.910000E+37,+8.349189E+02,+3.584400E+04,+3.545532E-01,+1.056500E-04,+9.910000E+37,+8.349844E+02,+3.584400E+04,-1.369399E+00,+0.000000E+00,+9.910000E+37,+8.350518E+02,+3.584400E+04
16:14:15,0e0,+3.574670E-01,+1.116000E-04,+9.910000E+37,+8.352793E+02,+3.584400E+04,+3.579224E-01,+1.116000E-04,+9.910000E+37,+8.353467E+02,+3.584400E+04,+3.581959E-01,+1.116000E-04,+9.910000E+37,+8.354121E+02,+3.584400E+04,-1.326143E+00,+0.000000E+00,+9.910000E+37,+8.354795E+02,+3.584400E+04
16:14:15,0e0,+3.612915E-01,+1.179000E-04,+9.910000E+37,+8.357070E+02,+3.584400E+04,+3.601997E-01,+1.179000E-04,+9.910000E+37,+8.357744E+02,+3.584400E+04,+3.607454E-01,+1.179000E-04,+9.910000E+37,+8.358398E+02,+3.584400E+04,-1.218729E+00,+0.000000E+00,+9.910000E+37,+8.359063E+02,+3.584400E+04
16:14:15,0e0,+3.643425E-01,+1.245000E-04,+9.910000E+37,+8.361348E+02,+3.584400E+04,+3.624290E-01,+1.245000E-04,+9.910000E+37,+8.362021E+02,+3.584400E+04,+3.633407E-01,+1.245000E-04,+9.910000E+37,+8.362676E+02,+3.584400E+04,-1.443847E+00,+0.000000E+00,+9.910000E+37,+8.363340E+02,+3.584400E+04
16:14:15,0e0,+3.667095E-01,+1.315500E-04,+9.910000E+37,+8.365693E+02,+3.584400E+04,+3.670741E-01,+1.315500E-04,+9.910000E+37,+8.366367E+02,+3.584400E+04,+3.678485E-01,+1.315500E-04,+9.910000E+37,+8.367021E+02,+3.584400E+04,-1.429865E+00,+0.000000E+00,+9.910000E+37,+8.367686E+02,+3.584400E+04
16:14:15,0e0,+3.699871E-01,+1.389500E-04,+9.910000E+37,+8.369932E+02,+3.584400E+04,+3.711262E-01,+1.389500E-04,+9.910000E+37,+8.370596E+02,+3.584400E+04,+3.693505E-01,+1.389500E-04,+9.910000E+37,+8.371260E+02,+3.584400E+04,-1.217727E+00,+0.000000E+00,+9.910000E+37,+8.371924E+02,+3.584400E+04
16:14:15,0e0,+3.729929E-01,+1.468000E-04,+9.910000E+37,+8.374199E+02,+3.584400E+04,+3.734483E-01,+1.468000E-04,+9.910000E+37,+8.374854E+02,+3.584400E+04,+3.737216E-01,+1.468000E-04,+9.910000E+37,+8.375518E+02,+3.584400E+04,-1.441706E+00,+0.000000E+00,+9.910000E+37,+8.376182E+02,+3.584400E+04
16:14:15,0e0,+3.764082E-01,+1.550500E-04,+9.910000E+37,+8.378418E+02,+3.584400E+04,+3.759974E-01,+1.550500E-04,+9.910000E+37,+8.379092E+02,+3.584400E+04,+3.765900E-01,+1.550500E-04,+9.910000E+37,+8.379746E+02,+3.584400E+04,-1.288987E+00,+0.000000E+00,+9.910000E+37,+8.380410E+02,+3.584400E+04
16:14:15,0e0,+3.809155E-01,+1.638000E-04,+9.910000E+37,+8.382686E+02,+3.584400E+04,+3.806878E-01,+1.638000E-04,+9.910000E+37,+8.383350E+02,+3.584400E+04,+3.807346E-01,+1.638000E-04,+9.910000E+37,+8.384014E+02,+3.584400E+04,-1.408057E+00,+0.000000E+00,+9.910000E+37,+8.384688E+02,+3.584400E+04
16:14:15,0e0,+3.845578E-01,+1.730000E-04,+9.910000E+37,+8.386963E+02,+3.584400E+04,+3.833296E-01,+1.730000E-04,+9.910000E+37,+8.387627E+02,+3.584400E+04,+3.836014E-01,+1.730000E-04,+9.910000E+37,+8.388291E+02,+3.584400E+04,-1.200880E+00,+0.000000E+00,+9.910000E+37,+8.388955E+02,+3.584400E+04
16:14:15,0e0,+3.873346E-01,+1.827500E-04,+9.910000E+37,+8.391191E+02,+3.584400E+04,+3.870166E-01,+1.827500E-04,+9.910000E+37,+8.391855E+02,+3.584400E+04,+3.874719E-01,+1.827500E-04,+9.910000E+37,+8.392520E+02,+3.584400E+04,-1.417528E+00,+0.000000E+00,+9.910000E+37,+8.393184E+02,+3.584400E+04
16:14:15,0e0,+3.909779E-01,+1.930500E-04,+9.910000E+37,+8.395439E+02,+3.584400E+04,+3.910685E-01,+1.930500E-04,+9.910000E+37,+8.396104E+02,+3.584400E+04,+3.921614E-01,+1.930500E-04,+9.910000E+37,+8.396777E+02,+3.584400E+04,-1.274280E+00,+0.000000E+00,+9.910000E+37,+8.397451E+02,+3.584400E+04
16:14:15,0e0,+3.943469E-01,+2.039500E-04,+9.910000E+37,+8.399668E+02,+3.584400E+04,+3.937996E-01,+2.039500E-04,+9.910000E+37,+8.400322E+02,+3.584400E+04,+3.945289E-01,+2.039500E-04,+9.910000E+37,+8.400986E+02,+3.584400E+04,-1.242133E+00,+0.000000E+00,+9.910000E+37,+8.401650E+02,+3.584400E+04
16:14:15,0e0,+3.968959E-01,+2.154500E-04,+9.910000E+37,+8.403955E+02,+3.584400E+04,+3.988999E-01,+2.154500E-04,+9.910000E+37,+8.404619E+02,+3.584400E+04,+3.987637E-01,+2.154500E-04,+9.910000E+37,+8.405293E+02,+3.584400E+04,-1.238263E+00,+0.000000E+00,+9.910000E+37,+8.405967E+02,+3.584400E+04
16:14:15,0e0,+4.021335E-01,+2.276000E-04,+9.910000E+37,+8.408174E+02,+3.584400E+04,+4.019961E-01,+2.276000E-04,+9.910000E+37,+8.408848E+02,+3.584400E+04,+4.020414E-01,+2.276000E-04,+9.910000E+37,+8.409502E+02,+3.584400E+04,-1.251422E+00,+0.000000E+00,+9.910000E+37,+8.410166E+02,+3.584400E+04
16:14:15,0e0,+4.056841E-01,+2.404000E-04,+9.910000E+37,+8.412480E+02,+3.584400E+04,+4.062302E-01,+2.404000E-04,+9.910000E+37,+8.413154E+02,+3.584400E+04,+4.060938E-01,+2.404000E-04,+9.910000E+37,+8.413809E+02,+3.584400E+04,-1.225695E+00,+0.000000E+00,+9.910000E+37,+8.414473E+02,+3.584400E+04
16:14:15,0e0,+4.105110E-01,+2.539500E-04,+9.910000E+37,+8.416895E+02,+3.584400E+04,+4.107838E-01,+2.539500E-04,+9.910000E+37,+8.417549E+02,+3.584400E+04,+4.093722E-01,+2.539500E-04,+9.910000E+37,+8.418223E+02,+3.584400E+04,-1.242770E+00,+0.000000E+00,+9.910000E+37,+8.418877E+02,+3.584400E+04
16:14:15,0e0,+4.136971E-01,+2.682500E-04,+9.910000E+37,+8.421250E+02,+3.584400E+04,+4.134241E-01,+2.682500E-04,+9.910000E+37,+8.421924E+02,+3.584400E+04,+4.128777E-01,+2.682500E-04,+9.910000E+37,+8.422598E+02,+3.584400E+04,-1.299323E+00,+0.000000E+00,+9.910000E+37,+8.423252E+02,+3.584400E+04
16:14:15,0e0,+4.191610E-01,+2.834000E-04,+9.910000E+37,+8.425498E+02,+3.584400E+04,+4.162463E-01,+2.834000E-04,+9.910000E+37,+8.426172E+02,+3.584400E+04,+4.167924E-01,+2.834000E-04,+9.910000E+37,+8.426846E+02,+3.584400E+04,-1.396399E+00,+0.000000E+00,+9.910000E+37,+8.427500E+02,+3.584400E+04
16:14:15,0e0,+4.226666E-01,+2.993500E-04,+9.910000E+37,+8.429746E+02,+3.584400E+04,+4.223936E-01,+2.993500E-04,+9.910000E+37,+8.430400E+02,+3.584400E+04,+4.223024E-01,+2.993500E-04,+9.910000E+37,+8.431064E+02,+3.584400E+04,-1.190680E+00,+0.000000E+00,+9.910000E+37,+8.431738E+02,+3.584400E+04
16:14:15,0e0,+4.259001E-01,+3.162500E-04,+9.910000E+37,+8.433975E+02,+3.584400E+04,+4.253531E-01,+3.162500E-04,+9.910000E+37,+8.434639E+02,+3.584400E+04,+4.260361E-01,+3.162500E-04,+9.910000E+37,+8.435303E+02,+3.584400E+04,-1.407511E+00,+0.000000E+00,+9.910000E+37,+8.435977E+02,+3.584400E+04
16:14:15,0e0,+4.313176E-01,+3.340500E-04,+9.910000E+37,+8.438203E+02,+3.584400E+04,+4.281293E-01,+3.340500E-04,+9.910000E+37,+8.438857E+02,+3.584400E+04,+4.294506E-01,+3.340500E-04,+9.910000E+37,+8.439521E+02,+3.584400E+04,-1.335613E+00,+0.000000E+00,+9.910000E+37,+8.440186E+02,+3.584400E+04
16:14:15,0e0,+4.329552E-01,+3.528500E-04,+9.910000E+37,+8.442480E+02,+3.584400E+04,+4.342317E-01,+3.528500E-04,+9.910000E+37,+8.443154E+02,+3.584400E+04,+4.335488E-01,+3.528500E-04,+9.910000E+37,+8.443809E+02,+3.584400E+04,-1.410698E+00,+0.000000E+00,+9.910000E+37,+8.444482E+02,+3.584400E+04
16:14:15,0e0,+4.373722E-01,+3.727500E-04,+9.910000E+37,+8.446689E+02,+3.584400E+04,+4.383746E-01,+3.727500E-04,+9.910000E+37,+8.447354E+02,+3.584400E+04,+4.373273E-01,+3.727500E-04,+9.910000E+37,+8.448018E+02,+3.584400E+04,-1.393078E+00,+0.000000E+00,+9.910000E+37,+8.448691E+02,+3.584400E+04
16:14:15,0e0,+4.427909E-01,+3.937500E-04,+9.910000E+37,+8.450908E+02,+3.584400E+04,+4.431557E-01,+3.937500E-04,+9.910000E+37,+8.451572E+02,+3.584400E+04,+4.428363E-01,+3.937500E-04,+9.910000E+37,+8.452236E+02,+3.584400E+04,-1.161128E+00,+0.000000E+00,+9.910000E+37,+8.452900E+02,+3.584400E+04
16:14:15,0e0,+4.467072E-01,+4.159500E-04,+9.910000E+37,+8.455254E+02,+3.584400E+04,+4.476632E-01,+4.159500E-04,+9.910000E+37,+8.455918E+02,+3.584400E+04,+4.472076E-01,+4.159500E-04,+9.910000E+37,+8.456592E+02,+3.584400E+04,-1.158669E+00,+0.000000E+00,+9.910000E+37,+8.457246E+02,+3.584400E+04
16:14:15,0e0,+4.514869E-01,+4.394000E-04,+9.910000E+37,+8.459463E+02,+3.584400E+04,+4.505312E-01,+4.394000E-04,+9.910000E+37,+8.460137E+02,+3.584400E+04,+4.511239E-01,+4.394000E-04,+9.910000E+37,+8.460791E+02,+3.584400E+04,-1.284797E+00,+0.000000E+00,+9.910000E+37,+8.461465E+02,+3.584400E+04
16:14:15,0e0,+4.552218E-01,+4.641500E-04,+9.910000E+37,+8.463799E+02,+3.584400E+04,+4.553107E-01,+4.641500E-04,+9.910000E+37,+8.464463E+02,+3.584400E+04,+4.559494E-01,+4.641500E-04,+9.910000E+37,+8.465127E+02,+3.584400E+04,-1.159853E+00,+0.000000E+00,+9.910000E+37,+8.465801E+02,+3.584400E+04
16:14:15,0e0,+4.601384E-01,+4.903000E-04,+9.910000E+37,+8.468008E+02,+3.584400E+04,+4.613685E-01,+4.903000E-04,+9.910000E+37,+8.468682E+02,+3.584400E+04,+4.608671E-01,+4.903000E-04,+9.910000E+37,+8.469355E+02,+3.584400E+04,-1.351231E+00,+0.000000E+00,+9.910000E+37,+8.470010E+02,+3.584400E+04
16:14:15,0e0,+4.651911E-01,+5.179500E-04,+9.910000E+37,+8.472285E+02,+3.584400E+04,+4.643723E-01,+5.179500E-04,+9.910000E+37,+8.472939E+02,+3.584400E+04,+4.641905E-01,+5.179500E-04,+9.910000E+37,+8.473604E+02,+3.584400E+04,-1.233572E+00,+0.000000E+00,+9.910000E+37,+8.474277E+02,+3.584400E+04
16:14:15,0e0,+4.709294E-01,+5.471500E-04,+9.910000E+37,+8.476436E+02,+3.584400E+04,+4.686066E-01,+5.471500E-04,+9.910000E+37,+8.477100E+02,+3.584400E+04,+4.704740E-01,+5.471500E-04,+9.910000E+37,+8.477764E+02,+3.584400E+04,-1.356602E+00,+0.000000E+00,+9.910000E+37,+8.478428E+02,+3.584400E+04
16:14:15,0e0,+4.742521E-01,+5.779500E-04,+9.910000E+37,+8.480771E+02,+3.584400E+04,+4.744800E-01,+5.779500E-04,+9.910000E+37,+8.481436E+02,+3.584400E+04,+4.748902E-01,+5.779500E-04,+9.910000E+37,+8.482090E+02,+3.584400E+04,-1.620789E+00,+0.000000E+00,+9.910000E+37,+8.482754E+02,+3.584400E+04
16:14:15,0e0,+4.798543E-01,+6.105500E-04,+9.910000E+37,+8.484912E+02,+3.584400E+04,+4.813101E-01,+6.105500E-04,+9.910000E+37,+8.485576E+02,+3.584400E+04,+4.798074E-01,+6.105500E-04,+9.910000E+37,+8.486240E+02,+3.584400E+04,-1.766996E+00,+0.000000E+00,+9.910000E+37,+8.486895E+02,+3.584400E+04
16:14:15,0e0,+4.854529E-01,+6.449500E-04,+9.910000E+37,+8.489121E+02,+3.584400E+04,+4.840873E-01,+6.449500E-04,+9.910000E+37,+8.489785E+02,+3.584400E+04,+4.844972E-01,+6.449500E-04,+9.910000E+37,+8.490449E+02,+3.584400E+04,-1.898088E+00,+0.000000E+00,+9.910000E+37,+8.491123E+02,+3.584400E+04
16:14:15,0e0,+4.890944E-01,+6.813000E-04,+9.910000E+37,+8.493359E+02,+3.584400E+04,+4.898244E-01,+6.813000E-04,+9.910000E+37,+8.494043E+02,+3.584400E+04,+4.896412E-01,+6.813000E-04,+9.910000E+37,+8.494697E+02,+3.584400E+04,-2.335344E+00,+0.000000E+00,+9.910000E+37,+8.495361E+02,+3.584400E+04
16:14:15,0e0,+4.961529E-01,+7.197000E-04,+9.910000E+37,+8.497598E+02,+3.584400E+04,+4.957431E-01,+7.197000E-04,+9.910000E+37,+8.498262E+02,+3.584400E+04,+4.958801E-01,+7.197000E-04,+9.910000E+37,+8.498926E+02,+3.584400E+04,-2.310666E+00,+0.000000E+00,+9.910000E+37,+8.499600E+02,+3.584400E+04
16:14:15,0e0,+5.013885E-01,+7.602500E-04,+9.910000E+37,+8.501846E+02,+3.584400E+04,+4.997482E-01,+7.602500E-04,+9.910000E+37,+8.502520E+02,+3.584400E+04,+5.008886E-01,+7.602500E-04,+9.910000E+37,+8.503174E+02,+3.584400E+04,-2.727209E+00,+0.000000E+00,+9.910000E+37,+8.503838E+02,+3.584400E+04
16:14:15,0e0,+5.064421E-01,+8.031000E-04,+9.910000E+37,+8.506045E+02,+3.584400E+04,+5.064880E-01,+8.031000E-04,+9.910000E+37,+8.506719E+02,+3.584400E+04,+5.077637E-01,+8.031000E-04,+9.910000E+37,+8.507383E+02,+3.584400E+04,-2.896772E+00,+0.000000E+00,+9.910000E+37,+8.508057E+02,+3.584400E+04
16:14:15,0e0,+5.122711E-01,+8.483500E-04,+9.910000E+37,+8.510283E+02,+3.584400E+04,+5.125899E-01,+8.483500E-04,+9.910000E+37,+8.510947E+02,+3.584400E+04,+5.124074E-01,+8.483500E-04,+9.910000E+37,+8.511611E+02,+3.584400E+04,-2.796736E+00,+0.000000E+00,+9.910000E+37,+8.512285E+02,+3.584400E+04
16:14:15,0e0,+5.175064E-01,+8.961500E-04,+9.910000E+37,+8.514502E+02,+3.584400E+04,+5.185540E-01,+8.961500E-04,+9.910000E+37,+8.515176E+02,+3.584400E+04,+5.181454E-01,+8.961500E-04,+9.910000E+37,+8.515840E+02,+3.584400E+04,-3.108637E+00,+0.000000E+00,+9.910000E+37,+8.516514E+02,+3.584400E+04
16:14:15,0e0,+5.245648E-01,+9.466500E-04,+9.910000E+37,+8.518750E+02,+3.584400E+04,+5.256566E-01,+9.466500E-04,+9.910000E+37,+8.519414E+02,+3.584400E+04,+5.220585E-01,+9.466500E-04,+9.910000E+37,+8.520078E+02,+3.584400E+04,-3.349191E+00,+0.000000E+00,+9.910000E+37,+8.520752E+02,+3.584400E+04
16:14:15,0e0,+5.292546E-01,+1.000000E-03,+9.910000E+37,+8.522959E+02,+3.584400E+04,+5.301640E-01,+1.000000E-03,+9.910000E+37,+8.523613E+02,+3.584400E+04,+5.306649E-01,+1.000000E-03,+9.910000E+37,+8.524287E+02,+3.584400E+04,-3.462298E+00,+0.000000E+00,+9.910000E+37,+8.524941E+02,+3.584400E+04
16:14:15,0e0,+5.237449E-01,+1.056500E-03,+9.910000E+37,+8.527168E+02,+3.584400E+04,+5.230613E-01,+1.056500E-03,+9.910000E+37,+8.527842E+02,+3.584400E+04,+5.238808E-01,+1.056500E-03,+9.910000E+37,+8.528496E+02,+3.584400E+04,-1.929505E+00,+0.000000E+00,+9.910000E+37,+8.529160E+02,+3.584400E+04
16:14:15,0e0,+5.287985E-01,+1.116000E-03,+9.910000E+37,+8.531465E+02,+3.584400E+04,+5.295728E-01,+1.116000E-03,+9.910000E+37,+8.532119E+02,+3.584400E+04,+5.287057E-01,+1.116000E-03,+9.910000E+37,+8.532793E+02,+3.584400E+04,-1.935196E+00,+0.000000E+00,+9.910000E+37,+8.533467E+02,+3.584400E+04
16:14:15,0e0,+5.366744E-01,+1.179000E-03,+9.910000E+37,+8.535664E+02,+3.584400E+04,+5.347174E-01,+1.179000E-03,+9.910000E+37,+8.536328E+02,+3.584400E+04,+5.351267E-01,+1.179000E-03,+9.910000E+37,+8.537002E+02,+3.584400E+04,-1.941210E+00,+0.000000E+00,+9.910000E+37,+8.537656E+02,+3.584400E+04
16:14:15,0e0,+5.403626E-01,+1.245000E-03,+9.910000E+37,+8.539971E+02,+3.584400E+04,+5.409092E-01,+1.245000E-03,+9.910000E+37,+8.540625E+02,+3.584400E+04,+5.411829E-01,+1.245000E-03,+9.910000E+37,+8.541299E+02,+3.584400E+04,-1.926955E+00,+0.000000E+00,+9.910000E+37,+8.541973E+02,+3.584400E+04
16:14:15,0e0,+5.475124E-01,+1.315500E-03,+9.910000E+37,+8.544170E+02,+3.584400E+04,+5.467374E-01,+1.315500E-03,+9.910000E+37,+8.544844E+02,+3.584400E+04,+5.478755E-01,+1.315500E-03,+9.910000E+37,+8.545498E+02,+3.584400E+04,-1.972033E+00,+0.000000E+00,+9.910000E+37,+8.546162E+02,+3.584400E+04
16:14:15,0e0,+5.542499E-01,+1.389500E-03,+9.910000E+37,+8.548389E+02,+3.584400E+04,+5.523819E-01,+1.389500E-03,+9.910000E+37,+8.549053E+02,+3.584400E+04,+5.511980E-01,+1.389500E-03,+9.910000E+37,+8.549727E+02,+3.584400E+04,-1.962426E+00,+0.000000E+00,+9.910000E+37,+8.550381E+02,+3.584400E+04
16:14:15,0e0,+5.607610E-01,+1.468000E-03,+9.910000E+37,+8.552607E+02,+3.584400E+04,+5.594857E-01,+1.468000E-03,+9.910000E+37,+8.553271E+02,+3.584400E+04,+5.582556E-01,+1.468000E-03,+9.910000E+37,+8.553936E+02,+3.584400E+04,-1.972855E+00,+0.000000E+00,+9.910000E+37,+8.554600E+02,+3.584400E+04
16:14:15,0e0,+5.666791E-01,+1.550500E-03,+9.910000E+37,+8.556846E+02,+3.584400E+04,+5.659056E-01,+1.550500E-03,+9.910000E+37,+8.557510E+02,+3.584400E+04,+5.672278E-01,+1.550500E-03,+9.910000E+37,+8.558174E+02,+3.584400E+04,-1.960604E+00,+0.000000E+00,+9.910000E+37,+8.558838E+02,+3.584400E+04
16:14:15,0e0,+5.733269E-01,+1.638000E-03,+9.910000E+37,+8.561074E+02,+3.584400E+04,+5.721895E-01,+1.638000E-03,+9.910000E+37,+8.561738E+02,+3.584400E+04,+5.732365E-01,+1.638000E-03,+9.910000E+37,+8.562402E+02,+3.584400E+04,-1.963063E+00,+0.000000E+00,+9.910000E+37,+8.563076E+02,+3.584400E+04
16:14:15,0e0,+5.808398E-01,+1.730000E-03,+9.910000E+37,+8.565283E+02,+3.584400E+04,+5.792015E-01,+1.730000E-03,+9.910000E+37,+8.565947E+02,+3.584400E+04,+5.797012E-01,+1.730000E-03,+9.910000E+37,+8.566611E+02,+3.584400E+04,-1.910471E+00,+0.000000E+00,+9.910000E+37,+8.567285E+02,+3.584400E+04
16:14:15,0e0,+5.883521E-01,+1.827500E-03,+9.910000E+37,+8.569551E+02,+3.584400E+04,+5.864400E-01,+1.827500E-03,+9.910000E+37,+8.570215E+02,+3.584400E+04,+5.857564E-01,+1.827500E-03,+9.910000E+37,+8.570879E+02,+3.584400E+04,-1.954548E+00,+0.000000E+00,+9.910000E+37,+8.571543E+02,+3.584400E+04
16:14:15,0e0,+5.934061E-01,+1.930500E-03,+9.910000E+37,+8.573809E+02,+3.584400E+04,+5.936792E-01,+1.930500E-03,+9.910000E+37,+8.574463E+02,+3.584400E+04,+5.935881E-01,+1.930500E-03,+9.910000E+37,+8.575127E+02,+3.584400E+04,-1.920989E+00,+0.000000E+00,+9.910000E+37,+8.575791E+02,+3.584400E+04
16:14:15,0e0,+6.015116E-01,+2.039500E-03,+9.910000E+37,+8.578008E+02,+3.584400E+04,+6.001456E-01,+2.039500E-03,+9.910000E+37,+8.578662E+02,+3.584400E+04,+6.025121E-01,+2.039500E-03,+9.910000E+37,+8.579336E+02,+3.584400E+04,-1.901547E+00,+0.000000E+00,+9.910000E+37,+8.579990E+02,+3.584400E+04
16:14:15,0e0,+6.082495E-01,+2.154500E-03,+9.910000E+37,+8.582305E+02,+3.584400E+04,+6.090231E-01,+2.154500E-03,+9.910000E+37,+8.582959E+02,+3.584400E+04,+6.086587E-01,+2.154500E-03,+9.910000E+37,+8.583623E+02,+3.584400E+04,-1.921354E+00,+0.000000E+00,+9.910000E+37,+8.584287E+02,+3.584400E+04
16:14:15,0e0,+6.164446E-01,+2.276000E-03,+9.910000E+37,+8.586504E+02,+3.584400E+04,+6.146677E-01,+2.276000E-03,+9.910000E+37,+8.587178E+02,+3.584400E+04,+6.161721E-01,+2.276000E-03,+9.910000E+37,+8.587832E+02,+3.584400E+04,-1.953138E+00,+0.000000E+00,+9.910000E+37,+8.588496E+02,+3.584400E+04
16:14:15,0e0,+6.241387E-01,+2.404000E-03,+9.910000E+37,+8.590801E+02,+3.584400E+04,+6.235473E-01,+2.404000E-03,+9.910000E+37,+8.591465E+02,+3.584400E+04,+6.252769E-01,+2.404000E-03,+9.910000E+37,+8.592139E+02,+3.584400E+04,-1.904918E+00,+0.000000E+00,+9.910000E+37,+8.592813E+02,+3.584400E+04
16:14:15,0e0,+6.326544E-01,+2.539500E-03,+9.910000E+37,+8.595078E+02,+3.584400E+04,+6.310123E-01,+2.539500E-03,+9.910000E+37,+8.595732E+02,+3.584400E+04,+6.324275E-01,+2.539500E-03,+9.910000E+37,+8.596406E+02,+3.584400E+04,-2.007140E+00,+0.000000E+00,+9.910000E+37,+8.597080E+02,+3.584400E+04
16:14:15,0e0,+6.414864E-01,+2.682500E-03,+9.910000E+37,+8.599326E+02,+3.584400E+04,+6.402097E-01,+2.682500E-03,+9.910000E+37,+8.599980E+02,+3.584400E+04,+6.408036E-01,+2.682500E-03,+9.910000E+37,+8.600645E+02,+3.584400E+04,-1.935148E+00,+0.000000E+00,+9.910000E+37,+8.601309E+02,+3.584400E+04
16:14:15,0e0,+6.490911E-01,+2.834000E-03,+9.910000E+37,+8.603496E+02,+3.584400E+04,+6.504102E-01,+2.834000E-03,+9.910000E+37,+8.604170E+02,+3.584400E+04,+6.497267E-01,+2.834000E-03,+9.910000E+37,+8.604844E+02,+3.584400E+04,-1.933421E+00,+0.000000E+00,+9.910000E+37,+8.605498E+02,+3.584400E+04
16:14:15,0e0,+6.591976E-01,+2.993500E-03,+9.910000E+37,+8.607803E+02,+3.584400E+04,+6.574656E-01,+2.993500E-03,+9.910000E+37,+8.608467E+02,+3.584400E+04,+6.567829E-01,+2.993500E-03,+9.910000E+37,+8.609131E+02,+3.584400E+04,-1.923585E+00,+0.000000E+00,+9.910000E+37,+8.609805E+02,+3.584400E+04
16:14:15,0e0,+6.676211E-01,+3.162500E-03,+9.910000E+37,+8.612070E+02,+3.584400E+04,+6.668926E-01,+3.162500E-03,+9.910000E+37,+8.612744E+02,+3.584400E+04,+6.665266E-01,+3.162500E-03,+9.910000E+37,+8.613398E+02,+3.584400E+04,-1.935744E+00,+0.000000E+00,+9.910000E+37,+8.614063E+02,+3.584400E+04
16:14:15,0e0,+6.764076E-01,+3.340500E-03,+9.910000E+37,+8.616270E+02,+3.584400E+04,+6.770911E-01,+3.340500E-03,+9.910000E+37,+8.616924E+02,+3.584400E+04,+6.759079E-01,+3.340500E-03,+9.910000E+37,+8.617588E+02,+3.584400E+04,-1.912156E+00,+0.000000E+00,+9.910000E+37,+8.618252E+02,+3.584400E+04
16:14:15,0e0,+6.858324E-01,+3.528500E-03,+9.910000E+37,+8.620547E+02,+3.584400E+04,+6.846941E-01,+3.528500E-03,+9.910000E+37,+8.621211E+02,+3.584400E+04,+6.857871E-01,+3.528500E-03,+9.910000E+37,+8.621875E+02,+3.584400E+04,-1.927134E+00,+0.000000E+00,+9.910000E+37,+8.622529E+02,+3.584400E+04
16:14:15,0e0,+6.957140E-01,+3.727500E-03,+9.910000E+37,+8.624746E+02,+3.584400E+04,+6.953488E-01,+3.727500E-03,+9.910000E+37,+8.625400E+02,+3.584400E+04,+6.958950E-01,+3.727500E-03,+9.910000E+37,+8.626074E+02,+3.584400E+04,-1.931371E+00,+0.000000E+00,+9.910000E+37,+8.626729E+02,+3.584400E+04
16:14:15,0e0,+7.055024E-01,+3.937500E-03,+9.910000E+37,+8.628955E+02,+3.584400E+04,+7.031785E-01,+3.937500E-03,+9.910000E+37,+8.629609E+02,+3.584400E+04,+7.044999E-01,+3.937500E-03,+9.910000E+37,+8.630273E+02,+3.584400E+04,-1.912703E+00,+0.000000E+00,+9.910000E+37,+8.630947E+02,+3.584400E+04
16:14:15,0e0,+7.150640E-01,+4.159500E-03,+9.910000E+37,+8.633105E+02,+3.584400E+04,+7.136527E-01,+4.159500E-03,+9.910000E+37,+8.633770E+02,+3.584400E+04,+7.150192E-01,+4.159500E-03,+9.910000E+37,+8.634434E+02,+3.584400E+04,-1.877505E+00,+0.000000E+00,+9.910000E+37,+8.635107E+02,+3.584400E+04
16:14:15,0e0,+7.248068E-01,+4.394000E-03,+9.910000E+37,+8.637354E+02,+3.584400E+04,+7.239401E-01,+4.394000E-03,+9.910000E+37,+8.638018E+02,+3.584400E+04,+7.243965E-01,+4.394000E-03,+9.910000E+37,+8.638691E+02,+3.584400E+04,-1.953549E+00,+0.000000E+00,+9.910000E+37,+8.639346E+02,+3.584400E+04
16:14:15,0e0,+7.351422E-01,+4.641500E-03,+9.910000E+37,+8.641631E+02,+3.584400E+04,+7.349158E-01,+4.641500E-03,+9.910000E+37,+8.642295E+02,+3.584400E+04,+7.354150E-01,+4.641500E-03,+9.910000E+37,+8.642969E+02,+3.584400E+04,-1.920899E+00,+0.000000E+00,+9.910000E+37,+8.643643E+02,+3.584400E+04
16:14:15,0e0,+7.467071E-01,+4.903000E-03,+9.910000E+37,+8.645889E+02,+3.584400E+04,+7.450206E-01,+4.903000E-03,+9.910000E+37,+8.646553E+02,+3.584400E+04,+7.461601E-01,+4.903000E-03,+9.910000E+37,+8.647227E+02,+3.584400E+04,-1.970256E+00,+0.000000E+00,+9.910000E+37,+8.647881E+02,+3.584400E+04
16:14:15,0e0,+7.562227E-01,+5.179500E-03,+9.910000E+37,+8.650176E+02,+3.584400E+04,+7.567236E-01,+5.179500E-03,+9.910000E+37,+8.650850E+02,+3.584400E+04,+7.569981E-01,+5.179500E-03,+9.910000E+37,+8.651504E+02,+3.584400E+04,-1.949629E+00,+0.000000E+00,+9.910000E+37,+8.652168E+02,+3.584400E+04
16:14:15,0e0,+7.681975E-01,+5.471500E-03,+9.910000E+37,+8.654375E+02,+3.584400E+04,+7.674234E-01,+5.471500E-03,+9.910000E+37,+8.655039E+02,+3.584400E+04,+7.680144E-01,+5.471500E-03,+9.910000E+37,+8.655703E+02,+3.584400E+04,-1.940610E+00,+0.000000E+00,+9.910000E+37,+8.656367E+02,+3.584400E+04
16:14:15,0e0,+7.791716E-01,+5.779500E-03,+9.910000E+37,+8.658604E+02,+3.584400E+04,+7.796267E-01,+5.779500E-03,+9.910000E+37,+8.659268E+02,+3.584400E+04,+7.774379E-01,+5.779500E-03,+9.910000E+37,+8.659932E+02,+3.584400E+04,-1.980088E+00,+0.000000E+00,+9.910000E+37,+8.660596E+02,+3.584400E+04
16:14:15,0e0,+7.910999E-01,+6.105500E-03,+9.910000E+37,+8.662861E+02,+3.584400E+04,+7.907348E-01,+6.105500E-03,+9.910000E+37,+8.663525E+02,+3.584400E+04,+7.921914E-01,+6.105500E-03,+9.910000E+37,+8.664189E+02,+3.584400E+04,-1.950176E+00,+0.000000E+00,+9.910000E+37,+8.664854E+02,+3.584400E+04
16:14:15,0e0,+8.029366E-01,+6.449500E-03,+9.910000E+37,+8.667119E+02,+3.584400E+04,+8.034831E-01,+6.449500E-03,+9.910000E+37,+8.667773E+02,+3.584400E+04,+8.022549E-01,+6.449500E-03,+9.910000E+37,+8.668437E+02,+3.584400E+04,-1.933739E+00,+0.000000E+00,+9.910000E+37,+8.669111E+02,+3.584400E+04
16:14:15,0e0,+8.149567E-01,+6.813000E-03,+9.910000E+37,+8.671348E+02,+3.584400E+04,+8.134083E-01,+6.813000E-03,+9.910000E+37,+8.672012E+02,+3.584400E+04,+8.152759E-01,+6.813000E-03,+9.910000E+37,+8.672676E+02,+3.584400E+04,-1.947584E+00,+0.000000E+00,+9.910000E+37,+8.673340E+02,+3.584400E+04
16:14:15,0e0,+8.282533E-01,+7.197000E-03,+9.910000E+37,+8.675557E+02,+3.584400E+04,+8.272966E-01,+7.197000E-03,+9.910000E+37,+8.676211E+02,+3.584400E+04,+8.266594E-01,+7.197000E-03,+9.910000E+37,+8.676875E+02,+3.584400E+04,-1.939609E+00,+0.000000E+00,+9.910000E+37,+8.677539E+02,+3.584400E+04
16:14:15,0e0,+8.399974E-01,+7.602500E-03,+9.910000E+37,+8.679834E+02,+3.584400E+04,+8.396796E-01,+7.602500E-03,+9.910000E+37,+8.680498E+02,+3.584400E+04,+8.398621E-01,+7.602500E-03,+9.910000E+37,+8.681172E+02,+3.584400E+04,-1.927046E+00,+0.000000E+00,+9.910000E+37,+8.681826E+02,+3.584400E+04
16:14:15,0e0,+8.532937E-01,+8.031000E-03,+9.910000E+37,+8.684082E+02,+3.584400E+04,+8.526577E-01,+8.031000E-03,+9.910000E+37,+8.684756E+02,+3.584400E+04,+8.528837E-01,+8.031000E-03,+9.910000E+37,+8.685410E+02,+3.584400E+04,-1.880919E+00,+0.000000E+00,+9.910000E+37,+8.686074E+02,+3.584400E+04
16:14:15,0e0,+8.659983E-01,+8.483500E-03,+9.910000E+37,+8.688320E+02,+3.584400E+04,+8.665441E-01,+8.483500E-03,+9.910000E+37,+8.688994E+02,+3.584400E+04,+8.658143E-01,+8.483500E-03,+9.910000E+37,+8.689648E+02,+3.584400E+04,-1.956412E+00,+0.000000E+00,+9.910000E+37,+8.690313E+02,+3.584400E+04
16:14:15,0e0,+8.799746E-01,+8.961500E-03,+9.910000E+37,+8.692588E+02,+3.584400E+04,+8.791118E-01,+8.961500E-03,+9.910000E+37,+8.693252E+02,+3.584400E+04,+8.792456E-01,+8.961500E-03,+9.910000E+37,+8.693906E+02,+3.584400E+04,-1.903003E+00,+0.000000E+00,+9.910000E+37,+8.694570E+02,+3.584400E+04
16:14:15,0e0,+8.928597E-01,+9.466500E-03,+9.910000E+37,+8.696816E+02,+3.584400E+04,+8.930882E-01,+9.466500E-03,+9.910000E+37,+8.697471E+02,+3.584400E+04,+8.933150E-01,+9.466500E-03,+9.910000E+37,+8.698135E+02,+3.584400E+04,-1.909562E+00,+0.000000E+00,+9.910000E+37,+8.698809E+02,+3.584400E+04
