16:34:19,0e0,+1.124066E-02,+1.000000E-07,+9.910000E+37,+1.002441E+03,+3.584400E+04,+1.228806E-02,+1.000000E-07,+9.910000E+37,+1.002508E+03,+3.584400E+04,+1.429154E-02,+1.000000E-07,+9.910000E+37,+1.002575E+03,+3.584400E+04,-4.466280E-03,+0.000000E+00,+9.910000E+37,+1.002642E+03,+3.584400E+04
16:34:19,0e0,+1.474670E-02,+1.056500E-07,+9.910000E+37,+1.002874E+03,+3.584400E+04,+1.319863E-02,+1.056500E-07,+9.910000E+37,+1.002939E+03,+3.584400E+04,+1.383626E-02,+1.056500E-07,+9.910000E+37,+1.003007E+03,+3.584400E+04,-6.287649E-03,+0.000000E+00,+9.910000E+37,+1.003072E+03,+3.584400E+04
16:34:19,0e0,+1.524743E-02,+1.116000E-07,+9.910000E+37,+1.003305E+03,+3.584400E+04,+1.479234E-02,+1.116000E-07,+9.910000E+37,+1.003370E+03,+3.584400E+04,+1.702332E-02,+1.116000E-07,+9.910000E+37,+1.003437E+03,+3.584400E+04,-4.830375E-03,+0.000000E+00,+9.910000E+37,+1.003504E+03,+3.584400E+04
16:34:19,0e0,+1.638597E-02,+1.179000E-07,+9.910000E+37,+1.003732E+03,+3.584400E+04,+1.529293E-02,+1.179000E-07,+9.910000E+37,+1.003800E+03,+3.584400E+04,+1.597613E-02,+1.179000E-07,+9.910000E+37,+1.003867E+03,+3.584400E+04,-5.194724E-03,+0.000000E+00,+9.910000E+37,+1.003933E+03,+3.584400E+04
16:34:19,0e0,+1.720566E-02,+1.245000E-07,+9.910000E+37,+1.004158E+03,+3.584400E+04,+1.629429E-02,+1.245000E-07,+9.910000E+37,+1.004226E+03,+3.584400E+04,+1.702355E-02,+1.245000E-07,+9.910000E+37,+1.004291E+03,+3.584400E+04,-5.968928E-03,+0.000000E+00,+9.910000E+37,+1.004357E+03,+3.584400E+04
16:34:19,0e0,+1.925378E-02,+1.315500E-07,+9.910000E+37,+1.004580E+03,+3.584400E+04,+1.888937E-02,+1.315500E-07,+9.910000E+37,+1.004646E+03,+3.584400E+04,+1.939043E-02,+1.315500E-07,+9.910000E+37,+1.004714E+03,+3.584400E+04,-5.331576E-03,+0.000000E+00,+9.910000E+37,+1.004779E+03,+3.584400E+04
16:34:19,0e0,+1.907174E-02,+1.389500E-07,+9.910000E+37,+1.005003E+03,+3.584400E+04,+1.866199E-02,+1.389500E-07,+9.910000E+37,+1.005069E+03,+3.584400E+04,+1.998264E-02,+1.389500E-07,+9.910000E+37,+1.005137E+03,+3.584400E+04,-4.830405E-03,+0.000000E+00,+9.910000E+37,+1.005202E+03,+3.584400E+04
16:34:19,0e0,+2.216788E-02,+1.468000E-07,+9.910000E+37,+1.005431E+03,+3.584400E+04,+2.011885E-02,+1.468000E-07,+9.910000E+37,+1.005498E+03,+3.584400E+04,+2.207673E-02,+1.468000E-07,+9.910000E+37,+1.005564E+03,+3.584400E+04,-5.149439E-03,+0.000000E+00,+9.910000E+37,+1.005631E+03,+3.584400E+04
16:34:19,0e0,+2.335152E-02,+1.550500E-07,+9.910000E+37,+1.005857E+03,+3.584400E+04,+2.216785E-02,+1.550500E-07,+9.910000E+37,+1.005923E+03,+3.584400E+04,+2.275972E-02,+1.550500E-07,+9.910000E+37,+1.005989E+03,+3.584400E+04,-6.196737E-03,+0.000000E+00,+9.910000E+37,+1.006057E+03,+3.584400E+04
16:34:19,0e0,+2.366978E-02,+1.638000E-07,+9.910000E+37,+1.006281E+03,+3.584400E+04,+2.385227E-02,+1.638000E-07,+9.910000E+37,+1.006347E+03,+3.584400E+04,+2.257766E-02,+1.638000E-07,+9.910000E+37,+1.006413E+03,+3.584400E+04,-4.557222E-03,+0.000000E+00,+9.910000E+37,+1.006480E+03,+3.584400E+04
16:34:19,0e0,+2.471718E-02,+1.730000E-07,+9.910000E+37,+1.006709E+03,+3.584400E+04,+2.585585E-02,+1.730000E-07,+9.910000E+37,+1.006776E+03,+3.584400E+04,+2.521843E-02,+1.730000E-07,+9.910000E+37,+1.006844E+03,+3.584400E+04,-5.832329E-03,+0.000000E+00,+9.910000E+37,+1.006909E+03,+3.584400E+04
16:34:19,0e0,+2.667554E-02,+1.827500E-07,+9.910000E+37,+1.007134E+03,+3.584400E+04,+2.694848E-02,+1.827500E-07,+9.910000E+37,+1.007200E+03,+3.584400E+04,+2.822322E-02,+1.827500E-07,+9.910000E+37,+1.007268E+03,+3.584400E+04,-5.649939E-03,+0.000000E+00,+9.910000E+37,+1.007333E+03,+3.584400E+04
16:34:19,0e0,+2.794993E-02,+1.930500E-07,+9.910000E+37,+1.007562E+03,+3.584400E+04,+2.667470E-02,+1.930500E-07,+9.910000E+37,+1.007628E+03,+3.584400E+04,+2.876949E-02,+1.930500E-07,+9.910000E+37,+1.007694E+03,+3.584400E+04,-6.742924E-03,+0.000000E+00,+9.910000E+37,+1.007761E+03,+3.584400E+04
16:34:19,0e0,+2.899706E-02,+2.039500E-07,+9.910000E+37,+1.007982E+03,+3.584400E+04,+2.899680E-02,+2.039500E-07,+9.910000E+37,+1.008050E+03,+3.584400E+04,+3.027233E-02,+2.039500E-07,+9.910000E+37,+1.008115E+03,+3.584400E+04,-6.105155E-03,+0.000000E+00,+9.910000E+37,+1.008183E+03,+3.584400E+04
16:34:19,0e0,+3.145567E-02,+2.154500E-07,+9.910000E+37,+1.008411E+03,+3.584400E+04,+3.159231E-02,+2.154500E-07,+9.910000E+37,+1.008478E+03,+3.584400E+04,+2.990717E-02,+2.154500E-07,+9.910000E+37,+1.008545E+03,+3.584400E+04,-5.695611E-03,+0.000000E+00,+9.910000E+37,+1.008610E+03,+3.584400E+04
16:34:19,0e0,+3.263935E-02,+2.276000E-07,+9.910000E+37,+1.008830E+03,+3.584400E+04,+3.423303E-02,+2.276000E-07,+9.910000E+37,+1.008896E+03,+3.584400E+04,+3.213802E-02,+2.276000E-07,+9.910000E+37,+1.008963E+03,+3.584400E+04,-6.970719E-03,+0.000000E+00,+9.910000E+37,+1.009029E+03,+3.584400E+04
16:34:19,0e0,+3.423250E-02,+2.404000E-07,+9.910000E+37,+1.009258E+03,+3.584400E+04,+3.400472E-02,+2.404000E-07,+9.910000E+37,+1.009324E+03,+3.584400E+04,+3.568941E-02,+2.404000E-07,+9.910000E+37,+1.009392E+03,+3.584400E+04,-5.376846E-03,+0.000000E+00,+9.910000E+37,+1.009457E+03,+3.584400E+04
16:34:19,0e0,+3.805748E-02,+2.539500E-07,+9.910000E+37,+1.009676E+03,+3.584400E+04,+3.650948E-02,+2.539500E-07,+9.910000E+37,+1.009742E+03,+3.584400E+04,+3.614464E-02,+2.539500E-07,+9.910000E+37,+1.009810E+03,+3.584400E+04,-6.333351E-03,+0.000000E+00,+9.910000E+37,+1.009875E+03,+3.584400E+04
16:34:19,0e0,+3.978780E-02,+2.682500E-07,+9.910000E+37,+1.010101E+03,+3.584400E+04,+3.992453E-02,+2.682500E-07,+9.910000E+37,+1.010167E+03,+3.584400E+04,+3.919563E-02,+2.682500E-07,+9.910000E+37,+1.010234E+03,+3.584400E+04,-6.697521E-03,+0.000000E+00,+9.910000E+37,+1.010301E+03,+3.584400E+04
16:34:19,0e0,+4.078904E-02,+2.834000E-07,+9.910000E+37,+1.010534E+03,+3.584400E+04,+4.028767E-02,+2.834000E-07,+9.910000E+37,+1.010601E+03,+3.584400E+04,+4.151741E-02,+2.834000E-07,+9.910000E+37,+1.010667E+03,+3.584400E+04,-5.650163E-03,+0.000000E+00,+9.910000E+37,+1.010734E+03,+3.584400E+04
16:34:19,0e0,+4.338410E-02,+2.993500E-07,+9.910000E+37,+1.010954E+03,+3.584400E+04,+4.306519E-02,+2.993500E-07,+9.910000E+37,+1.011021E+03,+3.584400E+04,+4.301989E-02,+2.993500E-07,+9.910000E+37,+1.011087E+03,+3.584400E+04,-6.697416E-03,+0.000000E+00,+9.910000E+37,+1.011152E+03,+3.584400E+04
16:34:19,0e0,+4.511425E-02,+3.162500E-07,+9.910000E+37,+1.011382E+03,+3.584400E+04,+4.620731E-02,+3.162500E-07,+9.910000E+37,+1.011448E+03,+3.584400E+04,+4.575175E-02,+3.162500E-07,+9.910000E+37,+1.011515E+03,+3.584400E+04,-5.786613E-03,+0.000000E+00,+9.910000E+37,+1.011580E+03,+3.584400E+04
16:34:19,0e0,+4.780015E-02,+3.340500E-07,+9.910000E+37,+1.011803E+03,+3.584400E+04,+4.757240E-02,+3.340500E-07,+9.910000E+37,+1.011869E+03,+3.584400E+04,+4.757270E-02,+3.340500E-07,+9.910000E+37,+1.011937E+03,+3.584400E+04,-5.878016E-03,+0.000000E+00,+9.910000E+37,+1.012002E+03,+3.584400E+04
16:34:19,0e0,+5.080581E-02,+3.528500E-07,+9.910000E+37,+1.012225E+03,+3.584400E+04,+4.902935E-02,+3.528500E-07,+9.910000E+37,+1.012291E+03,+3.584400E+04,+5.021352E-02,+3.528500E-07,+9.910000E+37,+1.012358E+03,+3.584400E+04,-4.784957E-03,+0.000000E+00,+9.910000E+37,+1.012424E+03,+3.584400E+04
16:34:19,0e0,+5.258146E-02,+3.727500E-07,+9.910000E+37,+1.012647E+03,+3.584400E+04,+5.162430E-02,+3.727500E-07,+9.910000E+37,+1.012714E+03,+3.584400E+04,+5.299118E-02,+3.727500E-07,+9.910000E+37,+1.012779E+03,+3.584400E+04,-5.604506E-03,+0.000000E+00,+9.910000E+37,+1.012847E+03,+3.584400E+04
16:34:19,0e0,+5.517599E-02,+3.937500E-07,+9.910000E+37,+1.013069E+03,+3.584400E+04,+5.581349E-02,+3.937500E-07,+9.910000E+37,+1.013136E+03,+3.584400E+04,+5.499440E-02,+3.937500E-07,+9.910000E+37,+1.013202E+03,+3.584400E+04,-4.693925E-03,+0.000000E+00,+9.910000E+37,+1.013268E+03,+3.584400E+04
16:34:19,0e0,+5.745199E-02,+4.159500E-07,+9.910000E+37,+1.013494E+03,+3.584400E+04,+5.672333E-02,+4.159500E-07,+9.910000E+37,+1.013562E+03,+3.584400E+04,+5.768040E-02,+4.159500E-07,+9.910000E+37,+1.013627E+03,+3.584400E+04,-5.331695E-03,+0.000000E+00,+9.910000E+37,+1.013694E+03,+3.584400E+04
16:34:19,0e0,+6.141347E-02,+4.394000E-07,+9.910000E+37,+1.013914E+03,+3.584400E+04,+6.114039E-02,+4.394000E-07,+9.910000E+37,+1.013981E+03,+3.584400E+04,+6.095862E-02,+4.394000E-07,+9.910000E+37,+1.014047E+03,+3.584400E+04,-5.832151E-03,+0.000000E+00,+9.910000E+37,+1.014114E+03,+3.584400E+04
16:34:19,0e0,+6.182277E-02,+4.641500E-07,+9.910000E+37,+1.014344E+03,+3.584400E+04,+6.369027E-02,+4.641500E-07,+9.910000E+37,+1.014410E+03,+3.584400E+04,+6.282476E-02,+4.641500E-07,+9.910000E+37,+1.014476E+03,+3.584400E+04,-6.378770E-03,+0.000000E+00,+9.910000E+37,+1.014542E+03,+3.584400E+04
16:34:19,0e0,+6.532940E-02,+4.903000E-07,+9.910000E+37,+1.014770E+03,+3.584400E+04,+6.669471E-02,+4.903000E-07,+9.910000E+37,+1.014836E+03,+3.584400E+04,+6.500956E-02,+4.903000E-07,+9.910000E+37,+1.014902E+03,+3.584400E+04,-4.784837E-03,+0.000000E+00,+9.910000E+37,+1.014968E+03,+3.584400E+04
16:34:19,0e0,+7.010907E-02,+5.179500E-07,+9.910000E+37,+1.015192E+03,+3.584400E+04,+6.856149E-02,+5.179500E-07,+9.910000E+37,+1.015260E+03,+3.584400E+04,+6.906182E-02,+5.179500E-07,+9.910000E+37,+1.015326E+03,+3.584400E+04,-6.834105E-03,+0.000000E+00,+9.910000E+37,+1.015392E+03,+3.584400E+04
16:34:19,0e0,+7.334238E-02,+5.471500E-07,+9.910000E+37,+1.015616E+03,+3.584400E+04,+7.152042E-02,+5.471500E-07,+9.910000E+37,+1.015683E+03,+3.584400E+04,+7.170296E-02,+5.471500E-07,+9.910000E+37,+1.015750E+03,+3.584400E+04,-6.378695E-03,+0.000000E+00,+9.910000E+37,+1.015816E+03,+3.584400E+04
16:34:19,0e0,+7.493484E-02,+5.779500E-07,+9.910000E+37,+1.016042E+03,+3.584400E+04,+7.452503E-02,+5.779500E-07,+9.910000E+37,+1.016107E+03,+3.584400E+04,+7.447985E-02,+5.779500E-07,+9.910000E+37,+1.016174E+03,+3.584400E+04,-4.784912E-03,+0.000000E+00,+9.910000E+37,+1.016241E+03,+3.584400E+04
16:34:19,0e0,+7.821298E-02,+6.105500E-07,+9.910000E+37,+1.016465E+03,+3.584400E+04,+7.789510E-02,+6.105500E-07,+9.910000E+37,+1.016530E+03,+3.584400E+04,+7.875985E-02,+6.105500E-07,+9.910000E+37,+1.016597E+03,+3.584400E+04,-4.055962E-03,+0.000000E+00,+9.910000E+37,+1.016664E+03,+3.584400E+04
16:34:19,0e0,+8.181000E-02,+6.449500E-07,+9.910000E+37,+1.016886E+03,+3.584400E+04,+8.026135E-02,+6.449500E-07,+9.910000E+37,+1.016953E+03,+3.584400E+04,+8.194673E-02,+6.449500E-07,+9.910000E+37,+1.017019E+03,+3.584400E+04,-6.378740E-03,+0.000000E+00,+9.910000E+37,+1.017086E+03,+3.584400E+04
16:34:19,0e0,+8.408582E-02,+6.813000E-07,+9.910000E+37,+1.017311E+03,+3.584400E+04,+8.567965E-02,+6.813000E-07,+9.910000E+37,+1.017376E+03,+3.584400E+04,+8.431384E-02,+6.813000E-07,+9.910000E+37,+1.017442E+03,+3.584400E+04,-5.012393E-03,+0.000000E+00,+9.910000E+37,+1.017509E+03,+3.584400E+04
16:34:19,0e0,+8.904982E-02,+7.197000E-07,+9.910000E+37,+1.017734E+03,+3.584400E+04,+8.804715E-02,+7.197000E-07,+9.910000E+37,+1.017802E+03,+3.584400E+04,+8.986869E-02,+7.197000E-07,+9.910000E+37,+1.017867E+03,+3.584400E+04,-5.285397E-03,+0.000000E+00,+9.910000E+37,+1.017934E+03,+3.584400E+04
16:34:19,0e0,+9.291887E-02,+7.602500E-07,+9.910000E+37,+1.018159E+03,+3.584400E+04,+9.246388E-02,+7.602500E-07,+9.910000E+37,+1.018226E+03,+3.584400E+04,+9.237263E-02,+7.602500E-07,+9.910000E+37,+1.018293E+03,+3.584400E+04,-4.967019E-03,+0.000000E+00,+9.910000E+37,+1.018358E+03,+3.584400E+04
16:34:19,0e0,+9.610617E-02,+8.031000E-07,+9.910000E+37,+1.018583E+03,+3.584400E+04,+9.738103E-02,+8.031000E-07,+9.910000E+37,+1.018649E+03,+3.584400E+04,+9.578699E-02,+8.031000E-07,+9.910000E+37,+1.018716E+03,+3.584400E+04,-5.194366E-03,+0.000000E+00,+9.910000E+37,+1.018783E+03,+3.584400E+04
16:34:19,0e0,+1.009776E-01,+8.483500E-07,+9.910000E+37,+1.019014E+03,+3.584400E+04,+1.017973E-01,+8.483500E-07,+9.910000E+37,+1.019080E+03,+3.584400E+04,+1.003855E-01,+8.483500E-07,+9.910000E+37,+1.019146E+03,+3.584400E+04,-4.693851E-03,+0.000000E+00,+9.910000E+37,+1.019213E+03,+3.584400E+04
16:34:19,0e0,+1.039820E-01,+8.961500E-07,+9.910000E+37,+1.019440E+03,+3.584400E+04,+1.049843E-01,+8.961500E-07,+9.910000E+37,+1.019508E+03,+3.584400E+04,+1.058946E-01,+8.961500E-07,+9.910000E+37,+1.019575E+03,+3.584400E+04,-4.830539E-03,+0.000000E+00,+9.910000E+37,+1.019641E+03,+3.584400E+04
16:34:19,0e0,+1.093090E-01,+9.466500E-07,+9.910000E+37,+1.019861E+03,+3.584400E+04,+1.080797E-01,+9.466500E-07,+9.910000E+37,+1.019928E+03,+3.584400E+04,+1.078064E-01,+9.466500E-07,+9.910000E+37,+1.019995E+03,+3.584400E+04,-4.147857E-03,+0.000000E+00,+9.910000E+37,+1.020061E+03,+3.584400E+04
16:34:19,0e0,+1.131342E-01,+1.000000E-06,+9.910000E+37,+1.020286E+03,+3.584400E+04,+1.135890E-01,+1.000000E-06,+9.910000E+37,+1.020353E+03,+3.584400E+04,+1.133617E-01,+1.000000E-06,+9.910000E+37,+1.020419E+03,+3.584400E+04,-4.102170E-03,+0.000000E+00,+9.910000E+37,+1.020485E+03,+3.584400E+04
16:34:19,0e0,+1.057126E-01,+1.056500E-06,+9.910000E+37,+1.020704E+03,+3.584400E+04,+1.072152E-01,+1.056500E-06,+9.910000E+37,+1.020771E+03,+3.584400E+04,+1.063954E-01,+1.056500E-06,+9.910000E+37,+1.020838E+03,+3.584400E+04,-5.240351E-03,+0.000000E+00,+9.910000E+37,+1.020904E+03,+3.584400E+04
16:34:19,0e0,+1.088537E-01,+1.116000E-06,+9.910000E+37,+1.021127E+03,+3.584400E+04,+1.106751E-01,+1.116000E-06,+9.910000E+37,+1.021194E+03,+3.584400E+04,+1.103565E-01,+1.116000E-06,+9.910000E+37,+1.021260E+03,+3.584400E+04,-4.512042E-03,+0.000000E+00,+9.910000E+37,+1.021326E+03,+3.584400E+04
16:34:19,0e0,+1.142713E-01,+1.179000E-06,+9.910000E+37,+1.021546E+03,+3.584400E+04,+1.139990E-01,+1.179000E-06,+9.910000E+37,+1.021612E+03,+3.584400E+04,+1.143630E-01,+1.179000E-06,+9.910000E+37,+1.021679E+03,+3.584400E+04,-6.333292E-03,+0.000000E+00,+9.910000E+37,+1.021745E+03,+3.584400E+04
16:34:19,0e0,+1.185970E-01,+1.245000E-06,+9.910000E+37,+1.021973E+03,+3.584400E+04,+1.175954E-01,+1.245000E-06,+9.910000E+37,+1.022039E+03,+3.584400E+04,+1.184606E-01,+1.245000E-06,+9.910000E+37,+1.022105E+03,+3.584400E+04,-4.511833E-03,+0.000000E+00,+9.910000E+37,+1.022173E+03,+3.584400E+04
16:34:19,0e0,+1.217385E-01,+1.315500E-06,+9.910000E+37,+1.022402E+03,+3.584400E+04,+1.224216E-01,+1.315500E-06,+9.910000E+37,+1.022469E+03,+3.584400E+04,+1.226493E-01,+1.315500E-06,+9.910000E+37,+1.022534E+03,+3.584400E+04,-4.193142E-03,+0.000000E+00,+9.910000E+37,+1.022602E+03,+3.584400E+04
16:34:19,0e0,+1.259272E-01,+1.389500E-06,+9.910000E+37,+1.022822E+03,+3.584400E+04,+1.262459E-01,+1.389500E-06,+9.910000E+37,+1.022889E+03,+3.584400E+04,+1.276575E-01,+1.389500E-06,+9.910000E+37,+1.022956E+03,+3.584400E+04,-5.558953E-03,+0.000000E+00,+9.910000E+37,+1.023021E+03,+3.584400E+04
16:34:19,0e0,+1.298874E-01,+1.468000E-06,+9.910000E+37,+1.023247E+03,+3.584400E+04,+1.299788E-01,+1.468000E-06,+9.910000E+37,+1.023314E+03,+3.584400E+04,+1.292956E-01,+1.468000E-06,+9.910000E+37,+1.023380E+03,+3.584400E+04,-5.832359E-03,+0.000000E+00,+9.910000E+37,+1.023447E+03,+3.584400E+04
16:34:19,0e0,+1.373093E-01,+1.550500E-06,+9.910000E+37,+1.023668E+03,+3.584400E+04,+1.353060E-01,+1.550500E-06,+9.910000E+37,+1.023734E+03,+3.584400E+04,+1.358525E-01,+1.550500E-06,+9.910000E+37,+1.023801E+03,+3.584400E+04,-5.878106E-03,+0.000000E+00,+9.910000E+37,+1.023868E+03,+3.584400E+04
16:34:19,0e0,+1.412704E-01,+1.638000E-06,+9.910000E+37,+1.024089E+03,+3.584400E+04,+1.404053E-01,+1.638000E-06,+9.910000E+37,+1.024156E+03,+3.584400E+04,+1.416346E-01,+1.638000E-06,+9.910000E+37,+1.024222E+03,+3.584400E+04,-4.875630E-03,+0.000000E+00,+9.910000E+37,+1.024288E+03,+3.584400E+04
16:34:19,0e0,+1.445023E-01,+1.730000E-06,+9.910000E+37,+1.024515E+03,+3.584400E+04,+1.449575E-01,+1.730000E-06,+9.910000E+37,+1.024582E+03,+3.584400E+04,+1.450491E-01,+1.730000E-06,+9.910000E+37,+1.024649E+03,+3.584400E+04,-6.515533E-03,+0.000000E+00,+9.910000E+37,+1.024715E+03,+3.584400E+04
16:34:19,0e0,+1.499659E-01,+1.827500E-06,+9.910000E+37,+1.024939E+03,+3.584400E+04,+1.503762E-01,+1.827500E-06,+9.910000E+37,+1.025007E+03,+3.584400E+04,+1.506947E-01,+1.827500E-06,+9.910000E+37,+1.025073E+03,+3.584400E+04,-5.240217E-03,+0.000000E+00,+9.910000E+37,+1.025140E+03,+3.584400E+04
16:34:19,0e0,+1.560676E-01,+1.930500E-06,+9.910000E+37,+1.025368E+03,+3.584400E+04,+1.551564E-01,+1.930500E-06,+9.910000E+37,+1.025436E+03,+3.584400E+04,+1.555661E-01,+1.930500E-06,+9.910000E+37,+1.025503E+03,+3.584400E+04,-3.919959E-03,+0.000000E+00,+9.910000E+37,+1.025568E+03,+3.584400E+04
16:34:19,0e0,+1.603919E-01,+2.039500E-06,+9.910000E+37,+1.025793E+03,+3.584400E+04,+1.613938E-01,+2.039500E-06,+9.910000E+37,+1.025860E+03,+3.584400E+04,+1.610752E-01,+2.039500E-06,+9.910000E+37,+1.025926E+03,+3.584400E+04,-5.695581E-03,+0.000000E+00,+9.910000E+37,+1.025993E+03,+3.584400E+04
16:34:19,0e0,+1.663110E-01,+2.154500E-06,+9.910000E+37,+1.026219E+03,+3.584400E+04,+1.671759E-01,+2.154500E-06,+9.910000E+37,+1.026284E+03,+3.584400E+04,+1.654907E-01,+2.154500E-06,+9.910000E+37,+1.026352E+03,+3.584400E+04,-5.695611E-03,+0.000000E+00,+9.910000E+37,+1.026419E+03,+3.584400E+04
16:34:19,0e0,+1.719113E-01,+2.276000E-06,+9.910000E+37,+1.026641E+03,+3.584400E+04,+1.738687E-01,+2.276000E-06,+9.910000E+37,+1.026706E+03,+3.584400E+04,+1.720932E-01,+2.276000E-06,+9.910000E+37,+1.026772E+03,+3.584400E+04,-4.602641E-03,+0.000000E+00,+9.910000E+37,+1.026840E+03,+3.584400E+04
16:34:19,0e0,+1.782849E-01,+2.404000E-06,+9.910000E+37,+1.027063E+03,+3.584400E+04,+1.775558E-01,+2.404000E-06,+9.910000E+37,+1.027129E+03,+3.584400E+04,+1.768277E-01,+2.404000E-06,+9.910000E+37,+1.027196E+03,+3.584400E+04,-6.515563E-03,+0.000000E+00,+9.910000E+37,+1.027264E+03,+3.584400E+04
16:34:19,0e0,+1.848408E-01,+2.539500E-06,+9.910000E+37,+1.027484E+03,+3.584400E+04,+1.837488E-01,+2.539500E-06,+9.910000E+37,+1.027552E+03,+3.584400E+04,+1.837483E-01,+2.539500E-06,+9.910000E+37,+1.027619E+03,+3.584400E+04,-5.149320E-03,+0.000000E+00,+9.910000E+37,+1.027685E+03,+3.584400E+04
16:34:19,0e0,+1.880726E-01,+2.682500E-06,+9.910000E+37,+1.027909E+03,+3.584400E+04,+1.918526E-01,+2.682500E-06,+9.910000E+37,+1.027975E+03,+3.584400E+04,+1.908054E-01,+2.682500E-06,+9.910000E+37,+1.028041E+03,+3.584400E+04,-4.420653E-03,+0.000000E+00,+9.910000E+37,+1.028107E+03,+3.584400E+04
16:34:19,0e0,+1.968600E-01,+2.834000E-06,+9.910000E+37,+1.028332E+03,+3.584400E+04,+1.959955E-01,+2.834000E-06,+9.910000E+37,+1.028399E+03,+3.584400E+04,+1.960865E-01,+2.834000E-06,+9.910000E+37,+1.028467E+03,+3.584400E+04,-6.651998E-03,+0.000000E+00,+9.910000E+37,+1.028532E+03,+3.584400E+04
16:34:19,0e0,+2.019135E-01,+2.993500E-06,+9.910000E+37,+1.028758E+03,+3.584400E+04,+2.024141E-01,+2.993500E-06,+9.910000E+37,+1.028823E+03,+3.584400E+04,+2.038265E-01,+2.993500E-06,+9.910000E+37,+1.028890E+03,+3.584400E+04,-6.333008E-03,+0.000000E+00,+9.910000E+37,+1.028957E+03,+3.584400E+04
16:34:19,0e0,+2.098816E-01,+3.162500E-06,+9.910000E+37,+1.029181E+03,+3.584400E+04,+2.083329E-01,+3.162500E-06,+9.910000E+37,+1.029248E+03,+3.584400E+04,+2.107010E-01,+3.162500E-06,+9.910000E+37,+1.029314E+03,+3.584400E+04,-7.244125E-03,+0.000000E+00,+9.910000E+37,+1.029381E+03,+3.584400E+04
16:34:19,0e0,+2.163003E-01,+3.340500E-06,+9.910000E+37,+1.029603E+03,+3.584400E+04,+2.154351E-01,+3.340500E-06,+9.910000E+37,+1.029670E+03,+3.584400E+04,+2.170296E-01,+3.340500E-06,+9.910000E+37,+1.029735E+03,+3.584400E+04,-5.331352E-03,+0.000000E+00,+9.910000E+37,+1.029802E+03,+3.584400E+04
16:34:19,0e0,+2.239492E-01,+3.528500E-06,+9.910000E+37,+1.030025E+03,+3.584400E+04,+2.239500E-01,+3.528500E-06,+9.910000E+37,+1.030092E+03,+3.584400E+04,+2.240406E-01,+3.528500E-06,+9.910000E+37,+1.030158E+03,+3.584400E+04,-5.650148E-03,+0.000000E+00,+9.910000E+37,+1.030226E+03,+3.584400E+04
16:34:19,0e0,+2.315990E-01,+3.727500E-06,+9.910000E+37,+1.030455E+03,+3.584400E+04,+2.305508E-01,+3.727500E-06,+9.910000E+37,+1.030521E+03,+3.584400E+04,+2.312349E-01,+3.727500E-06,+9.910000E+37,+1.030589E+03,+3.584400E+04,-5.376920E-03,+0.000000E+00,+9.910000E+37,+1.030654E+03,+3.584400E+04
16:34:19,0e0,+2.390654E-01,+3.937500E-06,+9.910000E+37,+1.030876E+03,+3.584400E+04,+2.402040E-01,+3.937500E-06,+9.910000E+37,+1.030942E+03,+3.584400E+04,+2.377900E-01,+3.937500E-06,+9.910000E+37,+1.031009E+03,+3.584400E+04,-4.147276E-03,+0.000000E+00,+9.910000E+37,+1.031076E+03,+3.584400E+04
16:34:19,0e0,+2.446644E-01,+4.159500E-06,+9.910000E+37,+1.031302E+03,+3.584400E+04,+2.473972E-01,+4.159500E-06,+9.910000E+37,+1.031369E+03,+3.584400E+04,+2.463042E-01,+4.159500E-06,+9.910000E+37,+1.031435E+03,+3.584400E+04,-5.058199E-03,+0.000000E+00,+9.910000E+37,+1.031502E+03,+3.584400E+04
16:34:19,0e0,+2.549550E-01,+4.394000E-06,+9.910000E+37,+1.031724E+03,+3.584400E+04,+2.546372E-01,+4.394000E-06,+9.910000E+37,+1.031789E+03,+3.584400E+04,+2.525863E-01,+4.394000E-06,+9.910000E+37,+1.031856E+03,+3.584400E+04,-6.014362E-03,+0.000000E+00,+9.910000E+37,+1.031924E+03,+3.584400E+04
16:34:19,0e0,+2.629223E-01,+4.641500E-06,+9.910000E+37,+1.032146E+03,+3.584400E+04,+2.609183E-01,+4.641500E-06,+9.910000E+37,+1.032212E+03,+3.584400E+04,+2.624219E-01,+4.641500E-06,+9.910000E+37,+1.032278E+03,+3.584400E+04,-5.467847E-03,+0.000000E+00,+9.910000E+37,+1.032345E+03,+3.584400E+04
16:34:19,0e0,+2.707088E-01,+4.903000E-06,+9.910000E+37,+1.032567E+03,+3.584400E+04,+2.706623E-01,+4.903000E-06,+9.910000E+37,+1.032633E+03,+3.584400E+04,+2.694775E-01,+4.903000E-06,+9.910000E+37,+1.032699E+03,+3.584400E+04,-6.788641E-03,+0.000000E+00,+9.910000E+37,+1.032767E+03,+3.584400E+04
16:34:19,0e0,+2.800416E-01,+5.179500E-06,+9.910000E+37,+1.032995E+03,+3.584400E+04,+2.794948E-01,+5.179500E-06,+9.910000E+37,+1.033061E+03,+3.584400E+04,+2.775820E-01,+5.179500E-06,+9.910000E+37,+1.033128E+03,+3.584400E+04,-6.196588E-03,+0.000000E+00,+9.910000E+37,+1.033195E+03,+3.584400E+04
16:34:19,0e0,+2.862322E-01,+5.471500E-06,+9.910000E+37,+1.033421E+03,+3.584400E+04,+2.865508E-01,+5.471500E-06,+9.910000E+37,+1.033486E+03,+3.584400E+04,+2.855492E-01,+5.471500E-06,+9.910000E+37,+1.033553E+03,+3.584400E+04,-5.558953E-03,+0.000000E+00,+9.910000E+37,+1.033620E+03,+3.584400E+04
16:34:19,0e0,+2.958852E-01,+5.779500E-06,+9.910000E+37,+1.033848E+03,+3.584400E+04,+2.966134E-01,+5.779500E-06,+9.910000E+37,+1.033913E+03,+3.584400E+04,+2.972971E-01,+5.779500E-06,+9.910000E+37,+1.033979E+03,+3.584400E+04,-7.471576E-03,+0.000000E+00,+9.910000E+37,+1.034047E+03,+3.584400E+04
16:34:19,0e0,+3.034880E-01,+6.105500E-06,+9.910000E+37,+1.034269E+03,+3.584400E+04,+3.055370E-01,+6.105500E-06,+9.910000E+37,+1.034336E+03,+3.584400E+04,+3.038972E-01,+6.105500E-06,+9.910000E+37,+1.034401E+03,+3.584400E+04,-6.742761E-03,+0.000000E+00,+9.910000E+37,+1.034468E+03,+3.584400E+04
16:34:19,0e0,+3.144146E-01,+6.449500E-06,+9.910000E+37,+1.034690E+03,+3.584400E+04,+3.139141E-01,+6.449500E-06,+9.910000E+37,+1.034757E+03,+3.584400E+04,+3.153254E-01,+6.449500E-06,+9.910000E+37,+1.034824E+03,+3.584400E+04,-7.972479E-03,+0.000000E+00,+9.910000E+37,+1.034890E+03,+3.584400E+04
16:34:19,0e0,+3.228366E-01,+6.813000E-06,+9.910000E+37,+1.035112E+03,+3.584400E+04,+3.227006E-01,+6.813000E-06,+9.910000E+37,+1.035178E+03,+3.584400E+04,+3.235652E-01,+6.813000E-06,+9.910000E+37,+1.035244E+03,+3.584400E+04,-7.744879E-03,+0.000000E+00,+9.910000E+37,+1.035312E+03,+3.584400E+04
16:34:19,0e0,+3.337655E-01,+7.197000E-06,+9.910000E+37,+1.035533E+03,+3.584400E+04,+3.334919E-01,+7.197000E-06,+9.910000E+37,+1.035601E+03,+3.584400E+04,+3.339922E-01,+7.197000E-06,+9.910000E+37,+1.035668E+03,+3.584400E+04,-6.970480E-03,+0.000000E+00,+9.910000E+37,+1.035733E+03,+3.584400E+04
16:34:19,0e0,+3.433264E-01,+7.602500E-06,+9.910000E+37,+1.035955E+03,+3.584400E+04,+3.444639E-01,+7.602500E-06,+9.910000E+37,+1.036022E+03,+3.584400E+04,+3.436439E-01,+7.602500E-06,+9.910000E+37,+1.036089E+03,+3.584400E+04,-6.788358E-03,+0.000000E+00,+9.910000E+37,+1.036155E+03,+3.584400E+04
16:34:19,0e0,+3.518838E-01,+8.031000E-06,+9.910000E+37,+1.036387E+03,+3.584400E+04,+3.544349E-01,+8.031000E-06,+9.910000E+37,+1.036453E+03,+3.584400E+04,+3.534327E-01,+8.031000E-06,+9.910000E+37,+1.036520E+03,+3.584400E+04,-6.970420E-03,+0.000000E+00,+9.910000E+37,+1.036587E+03,+3.584400E+04
16:34:19,0e0,+3.643132E-01,+8.483500E-06,+9.910000E+37,+1.036812E+03,+3.584400E+04,+3.618546E-01,+8.483500E-06,+9.910000E+37,+1.036879E+03,+3.584400E+04,+3.639956E-01,+8.483500E-06,+9.910000E+37,+1.036944E+03,+3.584400E+04,-7.198080E-03,+0.000000E+00,+9.910000E+37,+1.037012E+03,+3.584400E+04
16:34:19,0e0,+3.735117E-01,+8.961500E-06,+9.910000E+37,+1.037236E+03,+3.584400E+04,+3.736464E-01,+8.961500E-06,+9.910000E+37,+1.037303E+03,+3.584400E+04,+3.740582E-01,+8.961500E-06,+9.910000E+37,+1.037370E+03,+3.584400E+04,-7.243574E-03,+0.000000E+00,+9.910000E+37,+1.037436E+03,+3.584400E+04
16:34:19,0e0,+3.841181E-01,+9.466500E-06,+9.910000E+37,+1.037656E+03,+3.584400E+04,+3.861225E-01,+9.466500E-06,+9.910000E+37,+1.037722E+03,+3.584400E+04,+3.861220E-01,+9.466500E-06,+9.910000E+37,+1.037789E+03,+3.584400E+04,-6.697133E-03,+0.000000E+00,+9.910000E+37,+1.037854E+03,+3.584400E+04
16:34:19,0e0,+3.954545E-01,+1.000000E-05,+9.910000E+37,+1.038077E+03,+3.584400E+04,+3.961392E-01,+1.000000E-05,+9.910000E+37,+1.038145E+03,+3.584400E+04,+3.958207E-01,+1.000000E-05,+9.910000E+37,+1.038211E+03,+3.584400E+04,-6.788209E-03,+0.000000E+00,+9.910000E+37,+1.038276E+03,+3.584400E+04
16:34:19,0e0,+3.959113E-01,+1.056500E-05,+9.910000E+37,+1.038501E+03,+3.584400E+04,+3.950458E-01,+1.056500E-05,+9.910000E+37,+1.038566E+03,+3.584400E+04,+3.952278E-01,+1.056500E-05,+9.910000E+37,+1.038634E+03,+3.584400E+04,-8.336321E-03,+0.000000E+00,+9.910000E+37,+1.038699E+03,+3.584400E+04
16:34:19,0e0,+4.058350E-01,+1.116000E-05,+9.910000E+37,+1.038920E+03,+3.584400E+04,+4.072934E-01,+1.116000E-05,+9.910000E+37,+1.038987E+03,+3.584400E+04,+4.064741E-01,+1.116000E-05,+9.910000E+37,+1.039053E+03,+3.584400E+04,-8.837357E-03,+0.000000E+00,+9.910000E+37,+1.039120E+03,+3.584400E+04
16:34:19,0e0,+4.172643E-01,+1.179000E-05,+9.910000E+37,+1.039346E+03,+3.584400E+04,+4.171717E-01,+1.179000E-05,+9.910000E+37,+1.039411E+03,+3.584400E+04,+4.184020E-01,+1.179000E-05,+9.910000E+37,+1.039479E+03,+3.584400E+04,-9.793341E-03,+0.000000E+00,+9.910000E+37,+1.039544E+03,+3.584400E+04
16:34:19,0e0,+4.284177E-01,+1.245000E-05,+9.910000E+37,+1.039772E+03,+3.584400E+04,+4.279165E-01,+1.245000E-05,+9.910000E+37,+1.039838E+03,+3.584400E+04,+4.303308E-01,+1.245000E-05,+9.910000E+37,+1.039905E+03,+3.584400E+04,-9.975851E-03,+0.000000E+00,+9.910000E+37,+1.039971E+03,+3.584400E+04
16:34:19,0e0,+4.409840E-01,+1.315500E-05,+9.910000E+37,+1.040197E+03,+3.584400E+04,+4.402111E-01,+1.315500E-05,+9.910000E+37,+1.040265E+03,+3.584400E+04,+4.420310E-01,+1.315500E-05,+9.910000E+37,+1.040330E+03,+3.584400E+04,-7.107124E-03,+0.000000E+00,+9.910000E+37,+1.040397E+03,+3.584400E+04
16:34:19,0e0,+4.510903E-01,+1.389500E-05,+9.910000E+37,+1.040618E+03,+3.584400E+04,+4.521386E-01,+1.389500E-05,+9.910000E+37,+1.040684E+03,+3.584400E+04,+4.521841E-01,+1.389500E-05,+9.910000E+37,+1.040751E+03,+3.584400E+04,-7.471293E-03,+0.000000E+00,+9.910000E+37,+1.040816E+03,+3.584400E+04
16:34:19,0e0,+4.637936E-01,+1.468000E-05,+9.910000E+37,+1.041041E+03,+3.584400E+04,+4.650227E-01,+1.468000E-05,+9.910000E+37,+1.041108E+03,+3.584400E+04,+4.635192E-01,+1.468000E-05,+9.910000E+37,+1.041174E+03,+3.584400E+04,-8.199647E-03,+0.000000E+00,+9.910000E+37,+1.041241E+03,+3.584400E+04
16:34:19,0e0,+4.758134E-01,+1.550500E-05,+9.910000E+37,+1.041461E+03,+3.584400E+04,+4.754481E-01,+1.550500E-05,+9.910000E+37,+1.041528E+03,+3.584400E+04,+4.759043E-01,+1.550500E-05,+9.910000E+37,+1.041594E+03,+3.584400E+04,-8.336321E-03,+0.000000E+00,+9.910000E+37,+1.041661E+03,+3.584400E+04
16:34:19,0e0,+4.861012E-01,+1.638000E-05,+9.910000E+37,+1.041885E+03,+3.584400E+04,+4.874219E-01,+1.638000E-05,+9.910000E+37,+1.041950E+03,+3.584400E+04,+4.894722E-01,+1.638000E-05,+9.910000E+37,+1.042018E+03,+3.584400E+04,-9.748176E-03,+0.000000E+00,+9.910000E+37,+1.042083E+03,+3.584400E+04
16:34:19,0e0,+4.988497E-01,+1.730000E-05,+9.910000E+37,+1.042312E+03,+3.584400E+04,+5.019020E-01,+1.730000E-05,+9.910000E+37,+1.042379E+03,+3.584400E+04,+5.000334E-01,+1.730000E-05,+9.910000E+37,+1.042445E+03,+3.584400E+04,-7.152557E-03,+0.000000E+00,+9.910000E+37,+1.042513E+03,+3.584400E+04
16:34:19,0e0,+5.121436E-01,+1.827500E-05,+9.910000E+37,+1.042737E+03,+3.584400E+04,+5.117794E-01,+1.827500E-05,+9.910000E+37,+1.042804E+03,+3.584400E+04,+5.135570E-01,+1.827500E-05,+9.910000E+37,+1.042869E+03,+3.584400E+04,-6.788403E-03,+0.000000E+00,+9.910000E+37,+1.042937E+03,+3.584400E+04
16:34:19,0e0,+5.259860E-01,+1.930500E-05,+9.910000E+37,+1.043163E+03,+3.584400E+04,+5.263045E-01,+1.930500E-05,+9.910000E+37,+1.043229E+03,+3.584400E+04,+5.242544E-01,+1.930500E-05,+9.910000E+37,+1.043295E+03,+3.584400E+04,-8.017540E-03,+0.000000E+00,+9.910000E+37,+1.043362E+03,+3.584400E+04
16:34:19,0e0,+5.389608E-01,+2.039500E-05,+9.910000E+37,+1.043580E+03,+3.584400E+04,+5.390069E-01,+2.039500E-05,+9.910000E+37,+1.043646E+03,+3.584400E+04,+5.387335E-01,+2.039500E-05,+9.910000E+37,+1.043713E+03,+3.584400E+04,-8.791551E-03,+0.000000E+00,+9.910000E+37,+1.043778E+03,+3.584400E+04
16:34:19,0e0,+5.525293E-01,+2.154500E-05,+9.910000E+37,+1.044001E+03,+3.584400E+04,+5.513891E-01,+2.154500E-05,+9.910000E+37,+1.044068E+03,+3.584400E+04,+5.522100E-01,+2.154500E-05,+9.910000E+37,+1.044134E+03,+3.584400E+04,-9.429500E-03,+0.000000E+00,+9.910000E+37,+1.044200E+03,+3.584400E+04
16:34:19,0e0,+5.656880E-01,+2.276000E-05,+9.910000E+37,+1.044425E+03,+3.584400E+04,+5.650030E-01,+2.276000E-05,+9.910000E+37,+1.044491E+03,+3.584400E+04,+5.654126E-01,+2.276000E-05,+9.910000E+37,+1.044559E+03,+3.584400E+04,-7.061467E-03,+0.000000E+00,+9.910000E+37,+1.044626E+03,+3.584400E+04
16:34:19,0e0,+5.785249E-01,+2.404000E-05,+9.910000E+37,+1.044848E+03,+3.584400E+04,+5.795727E-01,+2.404000E-05,+9.910000E+37,+1.044913E+03,+3.584400E+04,+5.792086E-01,+2.404000E-05,+9.910000E+37,+1.044980E+03,+3.584400E+04,-8.609593E-03,+0.000000E+00,+9.910000E+37,+1.045047E+03,+3.584400E+04
16:34:19,0e0,+5.930485E-01,+2.539500E-05,+9.910000E+37,+1.045272E+03,+3.584400E+04,+5.925481E-01,+2.539500E-05,+9.910000E+37,+1.045338E+03,+3.584400E+04,+5.916818E-01,+2.539500E-05,+9.910000E+37,+1.045405E+03,+3.584400E+04,-8.472994E-03,+0.000000E+00,+9.910000E+37,+1.045473E+03,+3.584400E+04
16:34:19,0e0,+6.068899E-01,+2.682500E-05,+9.910000E+37,+1.045693E+03,+3.584400E+04,+6.062524E-01,+2.682500E-05,+9.910000E+37,+1.045760E+03,+3.584400E+04,+6.080275E-01,+2.682500E-05,+9.910000E+37,+1.045826E+03,+3.584400E+04,-9.019345E-03,+0.000000E+00,+9.910000E+37,+1.045896E+03,+3.584400E+04
16:34:19,0e0,+6.211402E-01,+2.834000E-05,+9.910000E+37,+1.046122E+03,+3.584400E+04,+6.200464E-01,+2.834000E-05,+9.910000E+37,+1.046188E+03,+3.584400E+04,+6.203194E-01,+2.834000E-05,+9.910000E+37,+1.046256E+03,+3.584400E+04,-8.518443E-03,+0.000000E+00,+9.910000E+37,+1.046323E+03,+3.584400E+04
16:34:19,0e0,+6.357093E-01,+2.993500E-05,+9.910000E+37,+1.046552E+03,+3.584400E+04,+6.356174E-01,+2.993500E-05,+9.910000E+37,+1.046618E+03,+3.584400E+04,+6.352991E-01,+2.993500E-05,+9.910000E+37,+1.046685E+03,+3.584400E+04,-9.748042E-03,+0.000000E+00,+9.910000E+37,+1.046751E+03,+3.584400E+04
16:34:19,0e0,+6.512346E-01,+3.162500E-05,+9.910000E+37,+1.046972E+03,+3.584400E+04,+6.510977E-01,+3.162500E-05,+9.910000E+37,+1.047038E+03,+3.584400E+04,+6.522368E-01,+3.162500E-05,+9.910000E+37,+1.047104E+03,+3.584400E+04,-8.472964E-03,+0.000000E+00,+9.910000E+37,+1.047171E+03,+3.584400E+04
16:34:19,0e0,+6.649373E-01,+3.340500E-05,+9.910000E+37,+1.047400E+03,+3.584400E+04,+6.664402E-01,+3.340500E-05,+9.910000E+37,+1.047468E+03,+3.584400E+04,+6.675788E-01,+3.340500E-05,+9.910000E+37,+1.047533E+03,+3.584400E+04,-8.609563E-03,+0.000000E+00,+9.910000E+37,+1.047600E+03,+3.584400E+04
16:34:19,0e0,+6.811456E-01,+3.528500E-05,+9.910000E+37,+1.047825E+03,+3.584400E+04,+6.807822E-01,+3.528500E-05,+9.910000E+37,+1.047891E+03,+3.584400E+04,+6.809637E-01,+3.528500E-05,+9.910000E+37,+1.047958E+03,+3.584400E+04,-8.154109E-03,+0.000000E+00,+9.910000E+37,+1.048023E+03,+3.584400E+04
16:34:19,0e0,+6.971275E-01,+3.727500E-05,+9.910000E+37,+1.048250E+03,+3.584400E+04,+6.972620E-01,+3.727500E-05,+9.910000E+37,+1.048315E+03,+3.584400E+04,+6.960340E-01,+3.727500E-05,+9.910000E+37,+1.048383E+03,+3.584400E+04,-8.883104E-03,+0.000000E+00,+9.910000E+37,+1.048448E+03,+3.584400E+04
16:34:19,0e0,+7.114688E-01,+3.937500E-05,+9.910000E+37,+1.048667E+03,+3.584400E+04,+7.122421E-01,+3.937500E-05,+9.910000E+37,+1.048732E+03,+3.584400E+04,+7.125157E-01,+3.937500E-05,+9.910000E+37,+1.048800E+03,+3.584400E+04,-8.108705E-03,+0.000000E+00,+9.910000E+37,+1.048869E+03,+3.584400E+04
16:34:19,0e0,+7.280407E-01,+4.159500E-05,+9.910000E+37,+1.049093E+03,+3.584400E+04,+7.279949E-01,+4.159500E-05,+9.910000E+37,+1.049158E+03,+3.584400E+04,+7.280405E-01,+4.159500E-05,+9.910000E+37,+1.049226E+03,+3.584400E+04,-8.154199E-03,+0.000000E+00,+9.910000E+37,+1.049293E+03,+3.584400E+04
16:34:19,0e0,+7.443853E-01,+4.394000E-05,+9.910000E+37,+1.049524E+03,+3.584400E+04,+7.439748E-01,+4.394000E-05,+9.910000E+37,+1.049592E+03,+3.584400E+04,+7.446125E-01,+4.394000E-05,+9.910000E+37,+1.049657E+03,+3.584400E+04,-9.793699E-03,+0.000000E+00,+9.910000E+37,+1.049725E+03,+3.584400E+04
16:34:19,0e0,+7.600470E-01,+4.641500E-05,+9.910000E+37,+1.049943E+03,+3.584400E+04,+7.611405E-01,+4.641500E-05,+9.910000E+37,+1.050011E+03,+3.584400E+04,+7.620049E-01,+4.641500E-05,+9.910000E+37,+1.050076E+03,+3.584400E+04,-7.061660E-03,+0.000000E+00,+9.910000E+37,+1.050144E+03,+3.584400E+04
16:34:19,0e0,+7.772570E-01,+4.903000E-05,+9.910000E+37,+1.050374E+03,+3.584400E+04,+7.767558E-01,+4.903000E-05,+9.910000E+37,+1.050439E+03,+3.584400E+04,+7.783953E-01,+4.903000E-05,+9.910000E+37,+1.050507E+03,+3.584400E+04,-8.154258E-03,+0.000000E+00,+9.910000E+37,+1.050572E+03,+3.584400E+04
16:34:19,0e0,+7.921433E-01,+5.179500E-05,+9.910000E+37,+1.050792E+03,+3.584400E+04,+7.952396E-01,+5.179500E-05,+9.910000E+37,+1.050857E+03,+3.584400E+04,+7.925061E-01,+5.179500E-05,+9.910000E+37,+1.050925E+03,+3.584400E+04,-7.926613E-03,+0.000000E+00,+9.910000E+37,+1.050997E+03,+3.584400E+04
16:34:19,0e0,+8.118129E-01,+5.471500E-05,+9.910000E+37,+1.051223E+03,+3.584400E+04,+8.102640E-01,+5.471500E-05,+9.910000E+37,+1.051290E+03,+3.584400E+04,+8.093983E-01,+5.471500E-05,+9.910000E+37,+1.051355E+03,+3.584400E+04,-8.108720E-03,+0.000000E+00,+9.910000E+37,+1.051423E+03,+3.584400E+04
16:34:19,0e0,+8.282487E-01,+5.779500E-05,+9.910000E+37,+1.051643E+03,+3.584400E+04,+8.265159E-01,+5.779500E-05,+9.910000E+37,+1.051710E+03,+3.584400E+04,+8.272463E-01,+5.779500E-05,+9.910000E+37,+1.051775E+03,+3.584400E+04,-9.839252E-03,+0.000000E+00,+9.910000E+37,+1.051845E+03,+3.584400E+04
16:34:19,0e0,+8.455495E-01,+6.105500E-05,+9.910000E+37,+1.052067E+03,+3.584400E+04,+8.452771E-01,+6.105500E-05,+9.910000E+37,+1.052134E+03,+3.584400E+04,+8.444554E-01,+6.105500E-05,+9.910000E+37,+1.052200E+03,+3.584400E+04,-8.746192E-03,+0.000000E+00,+9.910000E+37,+1.052270E+03,+3.584400E+04
16:34:19,0e0,+8.644896E-01,+6.449500E-05,+9.910000E+37,+1.052492E+03,+3.584400E+04,+8.628963E-01,+6.449500E-05,+9.910000E+37,+1.052560E+03,+3.584400E+04,+8.635788E-01,+6.449500E-05,+9.910000E+37,+1.052625E+03,+3.584400E+04,-8.563772E-03,+0.000000E+00,+9.910000E+37,+1.052693E+03,+3.584400E+04
16:34:19,0e0,+8.806517E-01,+6.813000E-05,+9.910000E+37,+1.052916E+03,+3.584400E+04,+8.816535E-01,+6.813000E-05,+9.910000E+37,+1.052983E+03,+3.584400E+04,+8.811978E-01,+6.813000E-05,+9.910000E+37,+1.053050E+03,+3.584400E+04,-8.609220E-03,+0.000000E+00,+9.910000E+37,+1.053118E+03,+3.584400E+04
16:34:19,0e0,+8.994087E-01,+7.197000E-05,+9.910000E+37,+1.053344E+03,+3.584400E+04,+8.992720E-01,+7.197000E-05,+9.910000E+37,+1.053411E+03,+3.584400E+04,+8.999557E-01,+7.197000E-05,+9.910000E+37,+1.053477E+03,+3.584400E+04,-8.563787E-03,+0.000000E+00,+9.910000E+37,+1.053545E+03,+3.584400E+04
16:34:19,0e0,+9.176207E-01,+7.602500E-05,+9.910000E+37,+1.053764E+03,+3.584400E+04,+9.180763E-01,+7.602500E-05,+9.910000E+37,+1.053830E+03,+3.584400E+04,+9.185768E-01,+7.602500E-05,+9.910000E+37,+1.053896E+03,+3.584400E+04,-6.788462E-03,+0.000000E+00,+9.910000E+37,+1.053964E+03,+3.584400E+04
16:34:19,0e0,+9.372882E-01,+8.031000E-05,+9.910000E+37,+1.054183E+03,+3.584400E+04,+9.361063E-01,+8.031000E-05,+9.910000E+37,+1.054248E+03,+3.584400E+04,+9.352831E-01,+8.031000E-05,+9.910000E+37,+1.054315E+03,+3.584400E+04,-7.653385E-03,+0.000000E+00,+9.910000E+37,+1.054381E+03,+3.584400E+04
16:34:19,0e0,+9.542232E-01,+8.483500E-05,+9.910000E+37,+1.054601E+03,+3.584400E+04,+9.560461E-01,+8.483500E-05,+9.910000E+37,+1.054668E+03,+3.584400E+04,+9.553165E-01,+8.483500E-05,+9.910000E+37,+1.054734E+03,+3.584400E+04,-9.292662E-03,+0.000000E+00,+9.910000E+37,+1.054801E+03,+3.584400E+04
16:34:19,0e0,+9.754874E-01,+8.961500E-05,+9.910000E+37,+1.055021E+03,+3.584400E+04,+9.759427E-01,+8.961500E-05,+9.910000E+37,+1.055088E+03,+3.584400E+04,+9.751235E-01,+8.961500E-05,+9.910000E+37,+1.055155E+03,+3.584400E+04,-9.566024E-03,+0.000000E+00,+9.910000E+37,+1.055221E+03,+3.584400E+04
16:34:19,0e0,+9.943805E-01,+9.466500E-05,+9.910000E+37,+1.055441E+03,+3.584400E+04,+9.945623E-01,+9.466500E-05,+9.910000E+37,+1.055509E+03,+3.584400E+04,+9.952004E-01,+9.466500E-05,+9.910000E+37,+1.055575E+03,+3.584400E+04,-8.291021E-03,+0.000000E+00,+9.910000E+37,+1.055642E+03,+3.584400E+04
16:34:19,0e0,+1.016008E+00,+1.000000E-04,+9.910000E+37,+1.055858E+03,+3.584400E+04,+1.014915E+00,+1.000000E-04,+9.910000E+37,+1.055926E+03,+3.584400E+04,+1.014777E+00,+1.000000E-04,+9.910000E+37,+1.055991E+03,+3.584400E+04,-8.154437E-03,+0.000000E+00,+9.910000E+37,+1.056058E+03,+3.584400E+04
16:34:19,0e0,+1.023747E+00,+1.056500E-04,+9.910000E+37,+1.056284E+03,+3.584400E+04,+1.024475E+00,+1.056500E-04,+9.910000E+37,+1.056352E+03,+3.584400E+04,+1.024292E+00,+1.056500E-04,+9.910000E+37,+1.056418E+03,+3.584400E+04,-1.894438E-02,+0.000000E+00,+9.910000E+37,+1.056485E+03,+3.584400E+04
16:34:19,0e0,+1.042869E+00,+1.116000E-04,+9.910000E+37,+1.056715E+03,+3.584400E+04,+1.044646E+00,+1.116000E-04,+9.910000E+37,+1.056781E+03,+3.584400E+04,+1.044101E+00,+1.116000E-04,+9.910000E+37,+1.056849E+03,+3.584400E+04,-2.031079E-02,+0.000000E+00,+9.910000E+37,+1.056914E+03,+3.584400E+04
16:34:19,0e0,+1.064313E+00,+1.179000E-04,+9.910000E+37,+1.057141E+03,+3.584400E+04,+1.063996E+00,+1.179000E-04,+9.910000E+37,+1.057208E+03,+3.584400E+04,+1.064451E+00,+1.179000E-04,+9.910000E+37,+1.057273E+03,+3.584400E+04,-1.908085E-02,+0.000000E+00,+9.910000E+37,+1.057341E+03,+3.584400E+04
16:34:19,0e0,+1.085438E+00,+1.245000E-04,+9.910000E+37,+1.057566E+03,+3.584400E+04,+1.084482E+00,+1.245000E-04,+9.910000E+37,+1.057633E+03,+3.584400E+04,+1.083845E+00,+1.245000E-04,+9.910000E+37,+1.057700E+03,+3.584400E+04,-1.858014E-02,+0.000000E+00,+9.910000E+37,+1.057766E+03,+3.584400E+04
16:34:19,0e0,+1.103647E+00,+1.315500E-04,+9.910000E+37,+1.057992E+03,+3.584400E+04,+1.104882E+00,+1.315500E-04,+9.910000E+37,+1.058059E+03,+3.584400E+04,+1.106611E+00,+1.315500E-04,+9.910000E+37,+1.058125E+03,+3.584400E+04,-2.149457E-02,+0.000000E+00,+9.910000E+37,+1.058190E+03,+3.584400E+04
16:34:19,0e0,+1.126188E+00,+1.389500E-04,+9.910000E+37,+1.058417E+03,+3.584400E+04,+1.126962E+00,+1.389500E-04,+9.910000E+37,+1.058483E+03,+3.584400E+04,+1.125274E+00,+1.389500E-04,+9.910000E+37,+1.058550E+03,+3.584400E+04,-1.976424E-02,+0.000000E+00,+9.910000E+37,+1.058616E+03,+3.584400E+04
16:34:19,0e0,+1.146764E+00,+1.468000E-04,+9.910000E+37,+1.058843E+03,+3.584400E+04,+1.148043E+00,+1.468000E-04,+9.910000E+37,+1.058910E+03,+3.584400E+04,+1.148177E+00,+1.468000E-04,+9.910000E+37,+1.058976E+03,+3.584400E+04,-1.985516E-02,+0.000000E+00,+9.910000E+37,+1.059043E+03,+3.584400E+04
16:34:19,0e0,+1.169349E+00,+1.550500E-04,+9.910000E+37,+1.059268E+03,+3.584400E+04,+1.168162E+00,+1.550500E-04,+9.910000E+37,+1.059335E+03,+3.584400E+04,+1.169667E+00,+1.550500E-04,+9.910000E+37,+1.059400E+03,+3.584400E+04,-1.876229E-02,+0.000000E+00,+9.910000E+37,+1.059468E+03,+3.584400E+04
16:34:19,0e0,+1.191383E+00,+1.638000E-04,+9.910000E+37,+1.059700E+03,+3.584400E+04,+1.191747E+00,+1.638000E-04,+9.910000E+37,+1.059767E+03,+3.584400E+04,+1.192295E+00,+1.638000E-04,+9.910000E+37,+1.059834E+03,+3.584400E+04,-1.680465E-02,+0.000000E+00,+9.910000E+37,+1.059900E+03,+3.584400E+04
16:34:19,0e0,+1.215149E+00,+1.730000E-04,+9.910000E+37,+1.060126E+03,+3.584400E+04,+1.213510E+00,+1.730000E-04,+9.910000E+37,+1.060192E+03,+3.584400E+04,+1.214423E+00,+1.730000E-04,+9.910000E+37,+1.060260E+03,+3.584400E+04,-1.853485E-02,+0.000000E+00,+9.910000E+37,+1.060325E+03,+3.584400E+04
16:34:19,0e0,+1.236411E+00,+1.827500E-04,+9.910000E+37,+1.060550E+03,+3.584400E+04,+1.236456E+00,+1.827500E-04,+9.910000E+37,+1.060617E+03,+3.584400E+04,+1.235546E+00,+1.827500E-04,+9.910000E+37,+1.060684E+03,+3.584400E+04,-1.853456E-02,+0.000000E+00,+9.910000E+37,+1.060750E+03,+3.584400E+04
16:34:19,0e0,+1.258400E+00,+1.930500E-04,+9.910000E+37,+1.060980E+03,+3.584400E+04,+1.258674E+00,+1.930500E-04,+9.910000E+37,+1.061046E+03,+3.584400E+04,+1.258493E+00,+1.930500E-04,+9.910000E+37,+1.061113E+03,+3.584400E+04,-1.899007E-02,+0.000000E+00,+9.910000E+37,+1.061179E+03,+3.584400E+04
16:34:19,0e0,+1.281073E+00,+2.039500E-04,+9.910000E+37,+1.061407E+03,+3.584400E+04,+1.282304E+00,+2.039500E-04,+9.910000E+37,+1.061475E+03,+3.584400E+04,+1.282077E+00,+2.039500E-04,+9.910000E+37,+1.061540E+03,+3.584400E+04,-1.894428E-02,+0.000000E+00,+9.910000E+37,+1.061606E+03,+3.584400E+04
16:34:19,0e0,+1.303925E+00,+2.154500E-04,+9.910000E+37,+1.061837E+03,+3.584400E+04,+1.305113E+00,+2.154500E-04,+9.910000E+37,+1.061904E+03,+3.584400E+04,+1.303563E+00,+2.154500E-04,+9.910000E+37,+1.061970E+03,+3.584400E+04,-1.671360E-02,+0.000000E+00,+9.910000E+37,+1.062037E+03,+3.584400E+04
16:34:19,0e0,+1.327966E+00,+2.276000E-04,+9.910000E+37,+1.062270E+03,+3.584400E+04,+1.327786E+00,+2.276000E-04,+9.910000E+37,+1.062336E+03,+3.584400E+04,+1.327877E+00,+2.276000E-04,+9.910000E+37,+1.062403E+03,+3.584400E+04,-1.698680E-02,+0.000000E+00,+9.910000E+37,+1.062469E+03,+3.584400E+04
16:34:19,0e0,+1.352325E+00,+2.404000E-04,+9.910000E+37,+1.062698E+03,+3.584400E+04,+1.351461E+00,+2.404000E-04,+9.910000E+37,+1.062766E+03,+3.584400E+04,+1.351735E+00,+2.404000E-04,+9.910000E+37,+1.062832E+03,+3.584400E+04,-1.821606E-02,+0.000000E+00,+9.910000E+37,+1.062899E+03,+3.584400E+04
16:34:19,0e0,+1.376774E+00,+2.539500E-04,+9.910000E+37,+1.063134E+03,+3.584400E+04,+1.374678E+00,+2.539500E-04,+9.910000E+37,+1.063200E+03,+3.584400E+04,+1.375274E+00,+2.539500E-04,+9.910000E+37,+1.063268E+03,+3.584400E+04,-1.807949E-02,+0.000000E+00,+9.910000E+37,+1.063334E+03,+3.584400E+04
16:34:19,0e0,+1.399084E+00,+2.682500E-04,+9.910000E+37,+1.063560E+03,+3.584400E+04,+1.399767E+00,+2.682500E-04,+9.910000E+37,+1.063627E+03,+3.584400E+04,+1.399950E+00,+2.682500E-04,+9.910000E+37,+1.063693E+03,+3.584400E+04,-1.853478E-02,+0.000000E+00,+9.910000E+37,+1.063760E+03,+3.584400E+04
16:34:19,0e0,+1.422027E+00,+2.834000E-04,+9.910000E+37,+1.063987E+03,+3.584400E+04,+1.424263E+00,+2.834000E-04,+9.910000E+37,+1.064055E+03,+3.584400E+04,+1.422708E+00,+2.834000E-04,+9.910000E+37,+1.064121E+03,+3.584400E+04,-1.826149E-02,+0.000000E+00,+9.910000E+37,+1.064188E+03,+3.584400E+04
16:34:19,0e0,+1.448575E+00,+2.993500E-04,+9.910000E+37,+1.064420E+03,+3.584400E+04,+1.448573E+00,+2.993500E-04,+9.910000E+37,+1.064486E+03,+3.584400E+04,+1.448483E+00,+2.993500E-04,+9.910000E+37,+1.064553E+03,+3.584400E+04,-1.930925E-02,+0.000000E+00,+9.910000E+37,+1.064620E+03,+3.584400E+04
16:34:19,0e0,+1.473160E+00,+3.162500E-04,+9.910000E+37,+1.064850E+03,+3.584400E+04,+1.472842E+00,+3.162500E-04,+9.910000E+37,+1.064916E+03,+3.584400E+04,+1.473023E+00,+3.162500E-04,+9.910000E+37,+1.064982E+03,+3.584400E+04,-1.798843E-02,+0.000000E+00,+9.910000E+37,+1.065050E+03,+3.584400E+04
16:34:19,0e0,+1.498017E+00,+3.340500E-04,+9.910000E+37,+1.065281E+03,+3.584400E+04,+1.497562E+00,+3.340500E-04,+9.910000E+37,+1.065349E+03,+3.584400E+04,+1.498199E+00,+3.340500E-04,+9.910000E+37,+1.065415E+03,+3.584400E+04,-1.712325E-02,+0.000000E+00,+9.910000E+37,+1.065482E+03,+3.584400E+04
16:34:19,0e0,+1.522557E+00,+3.528500E-04,+9.910000E+37,+1.065710E+03,+3.584400E+04,+1.522421E+00,+3.528500E-04,+9.910000E+37,+1.065776E+03,+3.584400E+04,+1.523377E+00,+3.528500E-04,+9.910000E+37,+1.065843E+03,+3.584400E+04,-1.757878E-02,+0.000000E+00,+9.910000E+37,+1.065909E+03,+3.584400E+04
16:34:19,0e0,+1.546868E+00,+3.727500E-04,+9.910000E+37,+1.066132E+03,+3.584400E+04,+1.548555E+00,+3.727500E-04,+9.910000E+37,+1.066198E+03,+3.584400E+04,+1.547688E+00,+3.727500E-04,+9.910000E+37,+1.066266E+03,+3.584400E+04,-1.794325E-02,+0.000000E+00,+9.910000E+37,+1.066331E+03,+3.584400E+04
16:34:19,0e0,+1.574051E+00,+3.937500E-04,+9.910000E+37,+1.066560E+03,+3.584400E+04,+1.573959E+00,+3.937500E-04,+9.910000E+37,+1.066626E+03,+3.584400E+04,+1.574050E+00,+3.937500E-04,+9.910000E+37,+1.066693E+03,+3.584400E+04,-1.848935E-02,+0.000000E+00,+9.910000E+37,+1.066760E+03,+3.584400E+04
16:34:19,0e0,+1.597722E+00,+4.159500E-04,+9.910000E+37,+1.066980E+03,+3.584400E+04,+1.599818E+00,+4.159500E-04,+9.910000E+37,+1.067047E+03,+3.584400E+04,+1.598683E+00,+4.159500E-04,+9.910000E+37,+1.067114E+03,+3.584400E+04,-1.876213E-02,+0.000000E+00,+9.910000E+37,+1.067180E+03,+3.584400E+04
16:34:19,0e0,+1.624173E+00,+4.394000E-04,+9.910000E+37,+1.067410E+03,+3.584400E+04,+1.625404E+00,+4.394000E-04,+9.910000E+37,+1.067477E+03,+3.584400E+04,+1.624632E+00,+4.394000E-04,+9.910000E+37,+1.067543E+03,+3.584400E+04,-1.803415E-02,+0.000000E+00,+9.910000E+37,+1.067608E+03,+3.584400E+04
16:34:19,0e0,+1.651129E+00,+4.641500E-04,+9.910000E+37,+1.067835E+03,+3.584400E+04,+1.649670E+00,+4.641500E-04,+9.910000E+37,+1.067901E+03,+3.584400E+04,+1.652087E+00,+4.641500E-04,+9.910000E+37,+1.067968E+03,+3.584400E+04,-1.766962E-02,+0.000000E+00,+9.910000E+37,+1.068035E+03,+3.584400E+04
16:34:19,0e0,+1.677396E+00,+4.903000E-04,+9.910000E+37,+1.068259E+03,+3.584400E+04,+1.678038E+00,+4.903000E-04,+9.910000E+37,+1.068325E+03,+3.584400E+04,+1.677672E+00,+4.903000E-04,+9.910000E+37,+1.068393E+03,+3.584400E+04,-1.744226E-02,+0.000000E+00,+9.910000E+37,+1.068460E+03,+3.584400E+04
16:34:19,0e0,+1.704261E+00,+5.179500E-04,+9.910000E+37,+1.068688E+03,+3.584400E+04,+1.703988E+00,+5.179500E-04,+9.910000E+37,+1.068755E+03,+3.584400E+04,+1.702436E+00,+5.179500E-04,+9.910000E+37,+1.068820E+03,+3.584400E+04,-1.780653E-02,+0.000000E+00,+9.910000E+37,+1.068887E+03,+3.584400E+04
16:34:19,0e0,+1.729890E+00,+5.471500E-04,+9.910000E+37,+1.069116E+03,+3.584400E+04,+1.730625E+00,+5.471500E-04,+9.910000E+37,+1.069184E+03,+3.584400E+04,+1.730165E+00,+5.471500E-04,+9.910000E+37,+1.069249E+03,+3.584400E+04,-1.735123E-02,+0.000000E+00,+9.910000E+37,+1.069316E+03,+3.584400E+04
16:34:19,0e0,+1.758257E+00,+5.779500E-04,+9.910000E+37,+1.069546E+03,+3.584400E+04,+1.757485E+00,+5.779500E-04,+9.910000E+37,+1.069612E+03,+3.584400E+04,+1.757616E+00,+5.779500E-04,+9.910000E+37,+1.069679E+03,+3.584400E+04,-1.803406E-02,+0.000000E+00,+9.910000E+37,+1.069746E+03,+3.584400E+04
16:34:19,0e0,+1.785616E+00,+6.105500E-04,+9.910000E+37,+1.069972E+03,+3.584400E+04,+1.785897E+00,+6.105500E-04,+9.910000E+37,+1.070039E+03,+3.584400E+04,+1.785712E+00,+6.105500E-04,+9.910000E+37,+1.070104E+03,+3.584400E+04,-1.694106E-02,+0.000000E+00,+9.910000E+37,+1.070171E+03,+3.584400E+04
16:34:19,0e0,+1.813531E+00,+6.449500E-04,+9.910000E+37,+1.070402E+03,+3.584400E+04,+1.813210E+00,+6.449500E-04,+9.910000E+37,+1.070470E+03,+3.584400E+04,+1.814348E+00,+6.449500E-04,+9.910000E+37,+1.070535E+03,+3.584400E+04,-1.644038E-02,+0.000000E+00,+9.910000E+37,+1.070603E+03,+3.584400E+04
16:34:19,0e0,+1.839885E+00,+6.813000E-04,+9.910000E+37,+1.070827E+03,+3.584400E+04,+1.840250E+00,+6.813000E-04,+9.910000E+37,+1.070893E+03,+3.584400E+04,+1.842804E+00,+6.813000E-04,+9.910000E+37,+1.070960E+03,+3.584400E+04,-1.730561E-02,+0.000000E+00,+9.910000E+37,+1.071025E+03,+3.584400E+04
16:34:19,0e0,+1.869574E+00,+7.197000E-04,+9.910000E+37,+1.071252E+03,+3.584400E+04,+1.868478E+00,+7.197000E-04,+9.910000E+37,+1.071319E+03,+3.584400E+04,+1.871077E+00,+7.197000E-04,+9.910000E+37,+1.071385E+03,+3.584400E+04,-1.675886E-02,+0.000000E+00,+9.910000E+37,+1.071452E+03,+3.584400E+04
16:34:19,0e0,+1.898531E+00,+7.602500E-04,+9.910000E+37,+1.071677E+03,+3.584400E+04,+1.897436E+00,+7.602500E-04,+9.910000E+37,+1.071744E+03,+3.584400E+04,+1.895885E+00,+7.602500E-04,+9.910000E+37,+1.071811E+03,+3.584400E+04,-1.685017E-02,+0.000000E+00,+9.910000E+37,+1.071878E+03,+3.584400E+04
16:34:19,0e0,+1.927076E+00,+8.031000E-04,+9.910000E+37,+1.072106E+03,+3.584400E+04,+1.927398E+00,+8.031000E-04,+9.910000E+37,+1.072174E+03,+3.584400E+04,+1.926348E+00,+8.031000E-04,+9.910000E+37,+1.072239E+03,+3.584400E+04,-1.644042E-02,+0.000000E+00,+9.910000E+37,+1.072307E+03,+3.584400E+04
16:34:19,0e0,+1.956261E+00,+8.483500E-04,+9.910000E+37,+1.072535E+03,+3.584400E+04,+1.954162E+00,+8.483500E-04,+9.910000E+37,+1.072602E+03,+3.584400E+04,+1.955166E+00,+8.483500E-04,+9.910000E+37,+1.072668E+03,+3.584400E+04,-1.744224E-02,+0.000000E+00,+9.910000E+37,+1.072734E+03,+3.584400E+04
16:34:19,0e0,+1.984256E+00,+8.961500E-04,+9.910000E+37,+1.072962E+03,+3.584400E+04,+1.986085E+00,+8.961500E-04,+9.910000E+37,+1.073029E+03,+3.584400E+04,+1.982890E+00,+8.961500E-04,+9.910000E+37,+1.073095E+03,+3.584400E+04,-1.680481E-02,+0.000000E+00,+9.910000E+37,+1.073161E+03,+3.584400E+04
16:34:19,0e0,+2.014036E+00,+9.466500E-04,+9.910000E+37,+1.073393E+03,+3.584400E+04,+2.013851E+00,+9.466500E-04,+9.910000E+37,+1.073459E+03,+3.584400E+04,+2.015128E+00,+9.466500E-04,+9.910000E+37,+1.073525E+03,+3.584400E+04,-1.812509E-02,+0.000000E+00,+9.910000E+37,+1.073591E+03,+3.584400E+04
16:34:19,0e0,+2.042576E+00,+1.000000E-03,+9.910000E+37,+1.073814E+03,+3.584400E+04,+2.043306E+00,+1.000000E-03,+9.910000E+37,+1.073881E+03,+3.584400E+04,+2.044404E+00,+1.000000E-03,+9.910000E+37,+1.073948E+03,+3.584400E+04,-1.798843E-02,+0.000000E+00,+9.910000E+37,+1.074015E+03,+3.584400E+04
16:34:19,0e0,+2.060428E+00,+1.056500E-03,+9.910000E+37,+1.074250E+03,+3.584400E+04,+2.062391E+00,+1.056500E-03,+9.910000E+37,+1.074316E+03,+3.584400E+04,+2.063114E+00,+1.056500E-03,+9.910000E+37,+1.074383E+03,+3.584400E+04,-9.581508E-01,+0.000000E+00,+9.910000E+37,+1.074450E+03,+3.584400E+04
16:34:19,0e0,+2.092166E+00,+1.116000E-03,+9.910000E+37,+1.074674E+03,+3.584400E+04,+2.092071E+00,+1.116000E-03,+9.910000E+37,+1.074741E+03,+3.584400E+04,+2.090244E+00,+1.116000E-03,+9.910000E+37,+1.074807E+03,+3.584400E+04,-9.911605E-01,+0.000000E+00,+9.910000E+37,+1.074873E+03,+3.584400E+04
16:34:19,0e0,+2.122758E+00,+1.179000E-03,+9.910000E+37,+1.075103E+03,+3.584400E+04,+2.122802E+00,+1.179000E-03,+9.910000E+37,+1.075168E+03,+3.584400E+04,+2.123035E+00,+1.179000E-03,+9.910000E+37,+1.075235E+03,+3.584400E+04,-9.749077E-01,+0.000000E+00,+9.910000E+37,+1.075301E+03,+3.584400E+04
16:34:19,0e0,+2.153353E+00,+1.245000E-03,+9.910000E+37,+1.075526E+03,+3.584400E+04,+2.152900E+00,+1.245000E-03,+9.910000E+37,+1.075593E+03,+3.584400E+04,+2.153765E+00,+1.245000E-03,+9.910000E+37,+1.075660E+03,+3.584400E+04,-9.862447E-01,+0.000000E+00,+9.910000E+37,+1.075726E+03,+3.584400E+04
16:34:19,0e0,+2.185410E+00,+1.315500E-03,+9.910000E+37,+1.075950E+03,+3.584400E+04,+2.184770E+00,+1.315500E-03,+9.910000E+37,+1.076018E+03,+3.584400E+04,+2.184310E+00,+1.315500E-03,+9.910000E+37,+1.076083E+03,+3.584400E+04,-9.591512E-01,+0.000000E+00,+9.910000E+37,+1.076150E+03,+3.584400E+04
16:34:19,0e0,+2.216501E+00,+1.389500E-03,+9.910000E+37,+1.076374E+03,+3.584400E+04,+2.216682E+00,+1.389500E-03,+9.910000E+37,+1.076439E+03,+3.584400E+04,+2.216775E+00,+1.389500E-03,+9.910000E+37,+1.076507E+03,+3.584400E+04,-9.806887E-01,+0.000000E+00,+9.910000E+37,+1.076573E+03,+3.584400E+04
16:34:19,0e0,+2.249373E+00,+1.468000E-03,+9.910000E+37,+1.076798E+03,+3.584400E+04,+2.250099E+00,+1.468000E-03,+9.910000E+37,+1.076865E+03,+3.584400E+04,+2.248643E+00,+1.468000E-03,+9.910000E+37,+1.076931E+03,+3.584400E+04,-9.885198E-01,+0.000000E+00,+9.910000E+37,+1.076997E+03,+3.584400E+04
16:34:19,0e0,+2.282427E+00,+1.550500E-03,+9.910000E+37,+1.077225E+03,+3.584400E+04,+2.280918E+00,+1.550500E-03,+9.910000E+37,+1.077292E+03,+3.584400E+04,+2.280283E+00,+1.550500E-03,+9.910000E+37,+1.077358E+03,+3.584400E+04,-9.918888E-01,+0.000000E+00,+9.910000E+37,+1.077425E+03,+3.584400E+04
16:34:19,0e0,+2.314933E+00,+1.638000E-03,+9.910000E+37,+1.077652E+03,+3.584400E+04,+2.315297E+00,+1.638000E-03,+9.910000E+37,+1.077719E+03,+3.584400E+04,+2.314934E+00,+1.638000E-03,+9.910000E+37,+1.077786E+03,+3.584400E+04,-1.012926E+00,+0.000000E+00,+9.910000E+37,+1.077854E+03,+3.584400E+04
16:34:19,0e0,+2.348852E+00,+1.730000E-03,+9.910000E+37,+1.078082E+03,+3.584400E+04,+2.349123E+00,+1.730000E-03,+9.910000E+37,+1.078148E+03,+3.584400E+04,+2.348304E+00,+1.730000E-03,+9.910000E+37,+1.078216E+03,+3.584400E+04,-1.017933E+00,+0.000000E+00,+9.910000E+37,+1.078281E+03,+3.584400E+04
16:34:19,0e0,+2.383680E+00,+1.827500E-03,+9.910000E+37,+1.078504E+03,+3.584400E+04,+2.383456E+00,+1.827500E-03,+9.910000E+37,+1.078571E+03,+3.584400E+04,+2.383046E+00,+1.827500E-03,+9.910000E+37,+1.078637E+03,+3.584400E+04,-9.750878E-01,+0.000000E+00,+9.910000E+37,+1.078703E+03,+3.584400E+04
16:34:19,0e0,+2.418235E+00,+1.930500E-03,+9.910000E+37,+1.078931E+03,+3.584400E+04,+2.417462E+00,+1.930500E-03,+9.910000E+37,+1.078997E+03,+3.584400E+04,+2.417690E+00,+1.930500E-03,+9.910000E+37,+1.079064E+03,+3.584400E+04,-9.926645E-01,+0.000000E+00,+9.910000E+37,+1.079132E+03,+3.584400E+04
16:34:19,0e0,+2.453794E+00,+2.039500E-03,+9.910000E+37,+1.079353E+03,+3.584400E+04,+2.454391E+00,+2.039500E-03,+9.910000E+37,+1.079418E+03,+3.584400E+04,+2.452291E+00,+2.039500E-03,+9.910000E+37,+1.079484E+03,+3.584400E+04,-9.768637E-01,+0.000000E+00,+9.910000E+37,+1.079552E+03,+3.584400E+04
16:34:19,0e0,+2.489125E+00,+2.154500E-03,+9.910000E+37,+1.079778E+03,+3.584400E+04,+2.489398E+00,+2.154500E-03,+9.910000E+37,+1.079845E+03,+3.584400E+04,+2.489394E+00,+2.154500E-03,+9.910000E+37,+1.079911E+03,+3.584400E+04,-1.018389E+00,+0.000000E+00,+9.910000E+37,+1.079979E+03,+3.584400E+04
16:34:19,0e0,+2.525775E+00,+2.276000E-03,+9.910000E+37,+1.080207E+03,+3.584400E+04,+2.525915E+00,+2.276000E-03,+9.910000E+37,+1.080273E+03,+3.584400E+04,+2.525594E+00,+2.276000E-03,+9.910000E+37,+1.080340E+03,+3.584400E+04,-1.010877E+00,+0.000000E+00,+9.910000E+37,+1.080407E+03,+3.584400E+04
16:34:19,0e0,+2.563017E+00,+2.404000E-03,+9.910000E+37,+1.080637E+03,+3.584400E+04,+2.563335E+00,+2.404000E-03,+9.910000E+37,+1.080704E+03,+3.584400E+04,+2.562196E+00,+2.404000E-03,+9.910000E+37,+1.080770E+03,+3.584400E+04,-1.011377E+00,+0.000000E+00,+9.910000E+37,+1.080836E+03,+3.584400E+04
16:34:19,0e0,+2.601438E+00,+2.539500E-03,+9.910000E+37,+1.081076E+03,+3.584400E+04,+2.600714E+00,+2.539500E-03,+9.910000E+37,+1.081144E+03,+3.584400E+04,+2.600760E+00,+2.539500E-03,+9.910000E+37,+1.081209E+03,+3.584400E+04,-9.857432E-01,+0.000000E+00,+9.910000E+37,+1.081276E+03,+3.584400E+04
16:34:19,0e0,+2.638226E+00,+2.682500E-03,+9.910000E+37,+1.081500E+03,+3.584400E+04,+2.639416E+00,+2.682500E-03,+9.910000E+37,+1.081565E+03,+3.584400E+04,+2.640010E+00,+2.682500E-03,+9.910000E+37,+1.081632E+03,+3.584400E+04,-9.931640E-01,+0.000000E+00,+9.910000E+37,+1.081699E+03,+3.584400E+04
16:34:19,0e0,+2.678930E+00,+2.834000E-03,+9.910000E+37,+1.081927E+03,+3.584400E+04,+2.678660E+00,+2.834000E-03,+9.910000E+37,+1.081993E+03,+3.584400E+04,+2.678614E+00,+2.834000E-03,+9.910000E+37,+1.082060E+03,+3.584400E+04,-1.016841E+00,+0.000000E+00,+9.910000E+37,+1.082127E+03,+3.584400E+04
16:34:19,0e0,+2.718862E+00,+2.993500E-03,+9.910000E+37,+1.082349E+03,+3.584400E+04,+2.720141E+00,+2.993500E-03,+9.910000E+37,+1.082415E+03,+3.584400E+04,+2.718680E+00,+2.993500E-03,+9.910000E+37,+1.082481E+03,+3.584400E+04,-1.015521E+00,+0.000000E+00,+9.910000E+37,+1.082548E+03,+3.584400E+04
16:34:19,0e0,+2.760518E+00,+3.162500E-03,+9.910000E+37,+1.082774E+03,+3.584400E+04,+2.759836E+00,+3.162500E-03,+9.910000E+37,+1.082842E+03,+3.584400E+04,+2.761296E+00,+3.162500E-03,+9.910000E+37,+1.082907E+03,+3.584400E+04,-1.014427E+00,+0.000000E+00,+9.910000E+37,+1.082974E+03,+3.584400E+04
16:34:19,0e0,+2.800217E+00,+3.340500E-03,+9.910000E+37,+1.083201E+03,+3.584400E+04,+2.800902E+00,+3.340500E-03,+9.910000E+37,+1.083268E+03,+3.584400E+04,+2.801090E+00,+3.340500E-03,+9.910000E+37,+1.083334E+03,+3.584400E+04,-9.901596E-01,+0.000000E+00,+9.910000E+37,+1.083400E+03,+3.584400E+04
16:34:19,0e0,+2.843788E+00,+3.528500E-03,+9.910000E+37,+1.083625E+03,+3.584400E+04,+2.843470E+00,+3.528500E-03,+9.910000E+37,+1.083690E+03,+3.584400E+04,+2.842923E+00,+3.528500E-03,+9.910000E+37,+1.083758E+03,+3.584400E+04,-9.962602E-01,+0.000000E+00,+9.910000E+37,+1.083825E+03,+3.584400E+04
16:34:19,0e0,+2.886723E+00,+3.727500E-03,+9.910000E+37,+1.084058E+03,+3.584400E+04,+2.887088E+00,+3.727500E-03,+9.910000E+37,+1.084124E+03,+3.584400E+04,+2.886494E+00,+3.727500E-03,+9.910000E+37,+1.084191E+03,+3.584400E+04,-1.042383E+00,+0.000000E+00,+9.910000E+37,+1.084259E+03,+3.584400E+04
16:34:19,0e0,+2.930612E+00,+3.937500E-03,+9.910000E+37,+1.084488E+03,+3.584400E+04,+2.930521E+00,+3.937500E-03,+9.910000E+37,+1.084556E+03,+3.584400E+04,+2.928741E+00,+3.937500E-03,+9.910000E+37,+1.084621E+03,+3.584400E+04,-1.030545E+00,+0.000000E+00,+9.910000E+37,+1.084688E+03,+3.584400E+04
16:34:19,0e0,+2.975601E+00,+4.159500E-03,+9.910000E+37,+1.084916E+03,+3.584400E+04,+2.975501E+00,+4.159500E-03,+9.910000E+37,+1.084982E+03,+3.584400E+04,+2.976056E+00,+4.159500E-03,+9.910000E+37,+1.085050E+03,+3.584400E+04,-1.030091E+00,+0.000000E+00,+9.910000E+37,+1.085115E+03,+3.584400E+04
16:34:19,0e0,+3.022812E+00,+4.394000E-03,+9.910000E+37,+1.085342E+03,+3.584400E+04,+3.021126E+00,+4.394000E-03,+9.910000E+37,+1.085408E+03,+3.584400E+04,+3.021080E+00,+4.394000E-03,+9.910000E+37,+1.085476E+03,+3.584400E+04,-9.940745E-01,+0.000000E+00,+9.910000E+37,+1.085542E+03,+3.584400E+04
16:34:19,0e0,+3.068835E+00,+4.641500E-03,+9.910000E+37,+1.085771E+03,+3.584400E+04,+3.067609E+00,+4.641500E-03,+9.910000E+37,+1.085837E+03,+3.584400E+04,+3.067880E+00,+4.641500E-03,+9.910000E+37,+1.085903E+03,+3.584400E+04,-9.851959E-01,+0.000000E+00,+9.910000E+37,+1.085971E+03,+3.584400E+04
16:34:19,0e0,+3.114632E+00,+4.903000E-03,+9.910000E+37,+1.086193E+03,+3.584400E+04,+3.116326E+00,+4.903000E-03,+9.910000E+37,+1.086261E+03,+3.584400E+04,+3.115644E+00,+4.903000E-03,+9.910000E+37,+1.086326E+03,+3.584400E+04,-9.867898E-01,+0.000000E+00,+9.910000E+37,+1.086393E+03,+3.584400E+04
16:34:19,0e0,+3.164173E+00,+5.179500E-03,+9.910000E+37,+1.086620E+03,+3.584400E+04,+3.164491E+00,+5.179500E-03,+9.910000E+37,+1.086686E+03,+3.584400E+04,+3.164132E+00,+5.179500E-03,+9.910000E+37,+1.086753E+03,+3.584400E+04,-1.007597E+00,+0.000000E+00,+9.910000E+37,+1.086818E+03,+3.584400E+04
16:34:19,0e0,+3.214071E+00,+5.471500E-03,+9.910000E+37,+1.087044E+03,+3.584400E+04,+3.213209E+00,+5.471500E-03,+9.910000E+37,+1.087111E+03,+3.584400E+04,+3.212428E+00,+5.471500E-03,+9.910000E+37,+1.087177E+03,+3.584400E+04,-9.512759E-01,+0.000000E+00,+9.910000E+37,+1.087244E+03,+3.584400E+04
16:34:19,0e0,+3.265563E+00,+5.779500E-03,+9.910000E+37,+1.087472E+03,+3.584400E+04,+3.264153E+00,+5.779500E-03,+9.910000E+37,+1.087537E+03,+3.584400E+04,+3.263289E+00,+5.779500E-03,+9.910000E+37,+1.087604E+03,+3.584400E+04,-9.700336E-01,+0.000000E+00,+9.910000E+37,+1.087671E+03,+3.584400E+04
16:34:19,0e0,+3.316601E+00,+6.105500E-03,+9.910000E+37,+1.087897E+03,+3.584400E+04,+3.317064E+00,+6.105500E-03,+9.910000E+37,+1.087965E+03,+3.584400E+04,+3.315653E+00,+6.105500E-03,+9.910000E+37,+1.088030E+03,+3.584400E+04,-9.746764E-01,+0.000000E+00,+9.910000E+37,+1.088097E+03,+3.584400E+04
16:34:19,0e0,+3.369057E+00,+6.449500E-03,+9.910000E+37,+1.088324E+03,+3.584400E+04,+3.368550E+00,+6.449500E-03,+9.910000E+37,+1.088391E+03,+3.584400E+04,+3.368043E+00,+6.449500E-03,+9.910000E+37,+1.088458E+03,+3.584400E+04,-9.959866E-01,+0.000000E+00,+9.910000E+37,+1.088523E+03,+3.584400E+04
16:34:19,0e0,+3.423731E+00,+6.813000E-03,+9.910000E+37,+1.088746E+03,+3.584400E+04,+3.423636E+00,+6.813000E-03,+9.910000E+37,+1.088812E+03,+3.584400E+04,+3.422593E+00,+6.813000E-03,+9.910000E+37,+1.088880E+03,+3.584400E+04,-9.616122E-01,+0.000000E+00,+9.910000E+37,+1.088947E+03,+3.584400E+04
16:34:19,0e0,+3.478040E+00,+7.197000E-03,+9.910000E+37,+1.089169E+03,+3.584400E+04,+3.478272E+00,+7.197000E-03,+9.910000E+37,+1.089236E+03,+3.584400E+04,+3.478417E+00,+7.197000E-03,+9.910000E+37,+1.089302E+03,+3.584400E+04,-9.404855E-01,+0.000000E+00,+9.910000E+37,+1.089368E+03,+3.584400E+04
16:34:19,0e0,+3.536413E+00,+7.602500E-03,+9.910000E+37,+1.089595E+03,+3.584400E+04,+3.534640E+00,+7.602500E-03,+9.910000E+37,+1.089661E+03,+3.584400E+04,+3.534090E+00,+7.602500E-03,+9.910000E+37,+1.089729E+03,+3.584400E+04,-9.275519E-01,+0.000000E+00,+9.910000E+37,+1.089794E+03,+3.584400E+04
16:34:19,0e0,+3.593875E+00,+8.031000E-03,+9.910000E+37,+1.090021E+03,+3.584400E+04,+3.592912E+00,+8.031000E-03,+9.910000E+37,+1.090086E+03,+3.584400E+04,+3.592959E+00,+8.031000E-03,+9.910000E+37,+1.090153E+03,+3.584400E+04,-9.448100E-01,+0.000000E+00,+9.910000E+37,+1.090219E+03,+3.584400E+04
16:34:19,0e0,+3.651689E+00,+8.483500E-03,+9.910000E+37,+1.090447E+03,+3.584400E+04,+3.651099E+00,+8.483500E-03,+9.910000E+37,+1.090513E+03,+3.584400E+04,+3.651374E+00,+8.483500E-03,+9.910000E+37,+1.090580E+03,+3.584400E+04,-9.282818E-01,+0.000000E+00,+9.910000E+37,+1.090646E+03,+3.584400E+04
16:34:19,0e0,+3.713657E+00,+8.961500E-03,+9.910000E+37,+1.090874E+03,+3.584400E+04,+3.711699E+00,+8.961500E-03,+9.910000E+37,+1.090941E+03,+3.584400E+04,+3.711522E+00,+8.961500E-03,+9.910000E+37,+1.091009E+03,+3.584400E+04,-9.179463E-01,+0.000000E+00,+9.910000E+37,+1.091074E+03,+3.584400E+04
16:34:19,0e0,+3.772195E+00,+9.466500E-03,+9.910000E+37,+1.091299E+03,+3.584400E+04,+3.773117E+00,+9.466500E-03,+9.910000E+37,+1.091365E+03,+3.584400E+04,+3.772522E+00,+9.466500E-03,+9.910000E+37,+1.091432E+03,+3.584400E+04,-9.179919E-01,+0.000000E+00,+9.910000E+37,+1.091498E+03,+3.584400E+04
