16:23:11,0e0,-8.419102E+00,+1.000000E-07,+9.910000E+37,+3.541553E+02,+3.584400E+04,+5.745864E-02,+1.000000E-07,+9.910000E+37,+3.542227E+02,+3.584400E+04,+5.900705E-02,+1.000000E-07,+9.910000E+37,+3.542891E+02,+3.584400E+04,-3.642300E-02,+0.000000E+00,+9.910000E+37,+3.543564E+02,+3.584400E+04
16:23:11,0e0,-7.775782E+00,+1.056500E-07,+9.910000E+37,+3.545840E+02,+3.584400E+04,+5.996329E-02,+1.056500E-07,+9.910000E+37,+3.546514E+02,+3.584400E+04,+6.060037E-02,+1.056500E-07,+9.910000E+37,+3.547168E+02,+3.584400E+04,-3.888154E-02,+0.000000E+00,+9.910000E+37,+3.547842E+02,+3.584400E+04
16:23:11,0e0,-6.381715E+00,+1.116000E-07,+9.910000E+37,+3.550039E+02,+3.584400E+04,+6.073672E-02,+1.116000E-07,+9.910000E+37,+3.550703E+02,+3.584400E+04,+6.187552E-02,+1.116000E-07,+9.910000E+37,+3.551377E+02,+3.584400E+04,-4.475518E-02,+0.000000E+00,+9.910000E+37,+3.552031E+02,+3.584400E+04
16:23:11,0e0,-6.428415E+00,+1.179000E-07,+9.910000E+37,+3.554316E+02,+3.584400E+04,+6.337762E-02,+1.179000E-07,+9.910000E+37,+3.554980E+02,+3.584400E+04,+6.274006E-02,+1.179000E-07,+9.910000E+37,+3.555645E+02,+3.584400E+04,-3.819856E-02,+0.000000E+00,+9.910000E+37,+3.556318E+02,+3.584400E+04
16:23:11,0e0,-5.315396E+00,+1.245000E-07,+9.910000E+37,+3.558506E+02,+3.584400E+04,+6.542674E-02,+1.245000E-07,+9.910000E+37,+3.559170E+02,+3.584400E+04,+6.524408E-02,+1.245000E-07,+9.910000E+37,+3.559824E+02,+3.584400E+04,-3.742455E-02,+0.000000E+00,+9.910000E+37,+3.560498E+02,+3.584400E+04
16:23:11,0e0,-4.327025E+00,+1.315500E-07,+9.910000E+37,+3.562764E+02,+3.584400E+04,+6.579039E-02,+1.315500E-07,+9.910000E+37,+3.563428E+02,+3.584400E+04,+6.747517E-02,+1.315500E-07,+9.910000E+37,+3.564102E+02,+3.584400E+04,-4.115826E-02,+0.000000E+00,+9.910000E+37,+3.564756E+02,+3.584400E+04
16:23:11,0e0,-3.907301E+00,+1.389500E-07,+9.910000E+37,+3.567002E+02,+3.584400E+04,+6.770280E-02,+1.389500E-07,+9.910000E+37,+3.567676E+02,+3.584400E+04,+6.834024E-02,+1.389500E-07,+9.910000E+37,+3.568330E+02,+3.584400E+04,-3.205201E-02,+0.000000E+00,+9.910000E+37,+3.568994E+02,+3.584400E+04
16:23:11,0e0,-4.158873E+00,+1.468000E-07,+9.910000E+37,+3.571309E+02,+3.584400E+04,+7.184646E-02,+1.468000E-07,+9.910000E+37,+3.571973E+02,+3.584400E+04,+7.048064E-02,+1.468000E-07,+9.910000E+37,+3.572646E+02,+3.584400E+04,-3.701510E-02,+0.000000E+00,+9.910000E+37,+3.573301E+02,+3.584400E+04
16:23:11,0e0,-2.568058E+00,+1.550500E-07,+9.910000E+37,+3.575518E+02,+3.584400E+04,+7.093519E-02,+1.550500E-07,+9.910000E+37,+3.576191E+02,+3.584400E+04,+7.161829E-02,+1.550500E-07,+9.910000E+37,+3.576846E+02,+3.584400E+04,-3.382777E-02,+0.000000E+00,+9.910000E+37,+3.577520E+02,+3.584400E+04
16:23:11,0e0,-2.340988E+00,+1.638000E-07,+9.910000E+37,+3.579766E+02,+3.584400E+04,+7.394046E-02,+1.638000E-07,+9.910000E+37,+3.580420E+02,+3.584400E+04,+7.435060E-02,+1.638000E-07,+9.910000E+37,+3.581094E+02,+3.584400E+04,-3.250727E-02,+0.000000E+00,+9.910000E+37,+3.581748E+02,+3.584400E+04
16:23:11,0e0,-2.055366E+00,+1.730000E-07,+9.910000E+37,+3.583955E+02,+3.584400E+04,+7.567054E-02,+1.730000E-07,+9.910000E+37,+3.584619E+02,+3.584400E+04,+7.521525E-02,+1.730000E-07,+9.910000E+37,+3.585293E+02,+3.584400E+04,-4.170430E-02,+0.000000E+00,+9.910000E+37,+3.585947E+02,+3.584400E+04
16:23:11,0e0,-1.091032E+00,+1.827500E-07,+9.910000E+37,+3.588223E+02,+3.584400E+04,+7.840267E-02,+1.827500E-07,+9.910000E+37,+3.588896E+02,+3.584400E+04,+7.717305E-02,+1.827500E-07,+9.910000E+37,+3.589570E+02,+3.584400E+04,-3.551260E-02,+0.000000E+00,+9.910000E+37,+3.590225E+02,+3.584400E+04
16:23:11,0e0,-9.949590E-01,+1.930500E-07,+9.910000E+37,+3.592490E+02,+3.584400E+04,+8.022374E-02,+1.930500E-07,+9.910000E+37,+3.593164E+02,+3.584400E+04,+8.022362E-02,+1.930500E-07,+9.910000E+37,+3.593818E+02,+3.584400E+04,-4.634875E-02,+0.000000E+00,+9.910000E+37,+3.594492E+02,+3.584400E+04
16:23:11,0e0,-3.711656E-01,+2.039500E-07,+9.910000E+37,+3.596660E+02,+3.584400E+04,+7.976785E-02,+2.039500E-07,+9.910000E+37,+3.597324E+02,+3.584400E+04,+8.049649E-02,+2.039500E-07,+9.910000E+37,+3.597998E+02,+3.584400E+04,-4.448164E-02,+0.000000E+00,+9.910000E+37,+3.598662E+02,+3.584400E+04
16:23:11,0e0,-7.211831E-02,+2.154500E-07,+9.910000E+37,+3.600967E+02,+3.584400E+04,+8.263665E-02,+2.154500E-07,+9.910000E+37,+3.601631E+02,+3.584400E+04,+8.300111E-02,+2.154500E-07,+9.910000E+37,+3.602305E+02,+3.584400E+04,-3.441978E-02,+0.000000E+00,+9.910000E+37,+3.602959E+02,+3.584400E+04
16:23:11,0e0,+1.652826E-02,+2.276000E-07,+9.910000E+37,+3.605225E+02,+3.584400E+04,+8.536872E-02,+2.276000E-07,+9.910000E+37,+3.605889E+02,+3.584400E+04,+8.395696E-02,+2.276000E-07,+9.910000E+37,+3.606553E+02,+3.584400E+04,-4.275176E-02,+0.000000E+00,+9.910000E+37,+3.607217E+02,+3.584400E+04
16:23:11,0e0,+8.632460E-02,+2.404000E-07,+9.910000E+37,+3.609453E+02,+3.584400E+04,+8.650693E-02,+2.404000E-07,+9.910000E+37,+3.610117E+02,+3.584400E+04,+8.705285E-02,+2.404000E-07,+9.910000E+37,+3.610781E+02,+3.584400E+04,-3.396435E-02,+0.000000E+00,+9.910000E+37,+3.611455E+02,+3.584400E+04
16:23:11,0e0,+8.787262E-02,+2.539500E-07,+9.910000E+37,+3.613721E+02,+3.584400E+04,+8.837298E-02,+2.539500E-07,+9.910000E+37,+3.614395E+02,+3.584400E+04,+8.851016E-02,+2.539500E-07,+9.910000E+37,+3.615049E+02,+3.584400E+04,-5.376974E-02,+0.000000E+00,+9.910000E+37,+3.615713E+02,+3.584400E+04
16:23:11,0e0,+9.096906E-02,+2.682500E-07,+9.910000E+37,+3.617959E+02,+3.584400E+04,+8.942038E-02,+2.682500E-07,+9.910000E+37,+3.618623E+02,+3.584400E+04,+8.905593E-02,+2.682500E-07,+9.910000E+37,+3.619297E+02,+3.584400E+04,-3.655970E-02,+0.000000E+00,+9.910000E+37,+3.619951E+02,+3.584400E+04
16:23:11,0e0,+9.210736E-02,+2.834000E-07,+9.910000E+37,+3.622217E+02,+3.584400E+04,+9.215218E-02,+2.834000E-07,+9.910000E+37,+3.622881E+02,+3.584400E+04,+9.187916E-02,+2.834000E-07,+9.910000E+37,+3.623555E+02,+3.584400E+04,-6.501569E-02,+0.000000E+00,+9.910000E+37,+3.624209E+02,+3.584400E+04
16:23:11,0e0,+9.356362E-02,+2.993500E-07,+9.910000E+37,+3.626416E+02,+3.584400E+04,+9.515813E-02,+2.993500E-07,+9.910000E+37,+3.627080E+02,+3.584400E+04,+9.360886E-02,+2.993500E-07,+9.910000E+37,+3.627754E+02,+3.584400E+04,-8.509427E-02,+0.000000E+00,+9.910000E+37,+3.628428E+02,+3.584400E+04
16:23:11,0e0,+9.798038E-02,+3.162500E-07,+9.910000E+37,+3.630684E+02,+3.584400E+04,+9.588584E-02,+3.162500E-07,+9.910000E+37,+3.631348E+02,+3.584400E+04,+9.584033E-02,+3.162500E-07,+9.910000E+37,+3.632012E+02,+3.584400E+04,-3.847210E-02,+0.000000E+00,+9.910000E+37,+3.632676E+02,+3.584400E+04
16:23:11,0e0,+9.848082E-02,+3.340500E-07,+9.910000E+37,+3.634922E+02,+3.584400E+04,+9.638628E-02,+3.340500E-07,+9.910000E+37,+3.635596E+02,+3.584400E+04,+9.784323E-02,+3.340500E-07,+9.910000E+37,+3.636270E+02,+3.584400E+04,-1.418238E-01,+0.000000E+00,+9.910000E+37,+3.636924E+02,+3.584400E+04
16:23:11,0e0,+1.008027E-01,+3.528500E-07,+9.910000E+37,+3.639209E+02,+3.584400E+04,+9.975609E-02,+3.528500E-07,+9.910000E+37,+3.639883E+02,+3.584400E+04,+9.971011E-02,+3.528500E-07,+9.910000E+37,+3.640537E+02,+3.584400E+04,-6.761077E-02,+0.000000E+00,+9.910000E+37,+3.641201E+02,+3.584400E+04
16:23:11,0e0,+1.021688E-01,+3.727500E-07,+9.910000E+37,+3.643506E+02,+3.584400E+04,+1.009844E-01,+3.727500E-07,+9.910000E+37,+3.644180E+02,+3.584400E+04,+1.015311E-01,+3.727500E-07,+9.910000E+37,+3.644834E+02,+3.584400E+04,-2.052010E-01,+0.000000E+00,+9.910000E+37,+3.645498E+02,+3.584400E+04
16:23:11,0e0,+1.033980E-01,+3.937500E-07,+9.910000E+37,+3.647813E+02,+3.584400E+04,+1.028061E-01,+3.937500E-07,+9.910000E+37,+3.648477E+02,+3.584400E+04,+1.039898E-01,+3.937500E-07,+9.910000E+37,+3.649150E+02,+3.584400E+04,-3.564582E-01,+0.000000E+00,+9.910000E+37,+3.649805E+02,+3.584400E+04
16:23:11,0e0,+1.066312E-01,+4.159500E-07,+9.910000E+37,+3.652158E+02,+3.584400E+04,+1.054921E-01,+4.159500E-07,+9.910000E+37,+3.652832E+02,+3.584400E+04,+1.050368E-01,+4.159500E-07,+9.910000E+37,+3.653496E+02,+3.584400E+04,-5.535221E-01,+0.000000E+00,+9.910000E+37,+3.654160E+02,+3.584400E+04
16:23:11,0e0,+1.093623E-01,+4.394000E-07,+9.910000E+37,+3.656475E+02,+3.584400E+04,+1.074502E-01,+4.394000E-07,+9.910000E+37,+3.657148E+02,+3.584400E+04,+1.069489E-01,+4.394000E-07,+9.910000E+37,+3.657803E+02,+3.584400E+04,-6.612067E-01,+0.000000E+00,+9.910000E+37,+3.658467E+02,+3.584400E+04
16:23:11,0e0,+1.109562E-01,+4.641500E-07,+9.910000E+37,+3.660811E+02,+3.584400E+04,+1.119124E-01,+4.641500E-07,+9.910000E+37,+3.661484E+02,+3.584400E+04,+1.102731E-01,+4.641500E-07,+9.910000E+37,+3.662139E+02,+3.584400E+04,-9.821643E-01,+0.000000E+00,+9.910000E+37,+3.662803E+02,+3.584400E+04
16:23:11,0e0,+1.117758E-01,+4.903000E-07,+9.910000E+37,+3.665049E+02,+3.584400E+04,+1.120028E-01,+4.903000E-07,+9.910000E+37,+3.665723E+02,+3.584400E+04,+1.113200E-01,+4.903000E-07,+9.910000E+37,+3.666377E+02,+3.584400E+04,-1.417635E+00,+0.000000E+00,+9.910000E+37,+3.667041E+02,+3.584400E+04
16:23:11,0e0,+1.145527E-01,+5.179500E-07,+9.910000E+37,+3.669336E+02,+3.584400E+04,+1.129134E-01,+5.179500E-07,+9.910000E+37,+3.670000E+02,+3.584400E+04,+1.137785E-01,+5.179500E-07,+9.910000E+37,+3.670674E+02,+3.584400E+04,-1.855246E+00,+0.000000E+00,+9.910000E+37,+3.671328E+02,+3.584400E+04
16:23:11,0e0,+1.172842E-01,+5.471500E-07,+9.910000E+37,+3.673691E+02,+3.584400E+04,+1.173754E-01,+5.471500E-07,+9.910000E+37,+3.674365E+02,+3.584400E+04,+1.166472E-01,+5.471500E-07,+9.910000E+37,+3.675020E+02,+3.584400E+04,-2.447802E+00,+0.000000E+00,+9.910000E+37,+3.675684E+02,+3.584400E+04
16:23:11,0e0,+1.175570E-01,+5.779500E-07,+9.910000E+37,+3.678008E+02,+3.584400E+04,+1.176484E-01,+5.779500E-07,+9.910000E+37,+3.678662E+02,+3.584400E+04,+1.192878E-01,+5.779500E-07,+9.910000E+37,+3.679326E+02,+3.584400E+04,-3.288785E+00,+0.000000E+00,+9.910000E+37,+3.680000E+02,+3.584400E+04
16:23:11,0e0,+1.221558E-01,+6.105500E-07,+9.910000E+37,+3.682295E+02,+3.584400E+04,+1.196972E-01,+6.105500E-07,+9.910000E+37,+3.682969E+02,+3.584400E+04,+1.208355E-01,+6.105500E-07,+9.910000E+37,+3.683623E+02,+3.584400E+04,-3.743560E+00,+0.000000E+00,+9.910000E+37,+3.684287E+02,+3.584400E+04
16:23:11,0e0,+1.242509E-01,+6.449500E-07,+9.910000E+37,+3.686592E+02,+3.584400E+04,+1.246150E-01,+6.449500E-07,+9.910000E+37,+3.687266E+02,+3.584400E+04,+1.240686E-01,+6.449500E-07,+9.910000E+37,+3.687920E+02,+3.584400E+04,-4.558726E+00,+0.000000E+00,+9.910000E+37,+3.688584E+02,+3.584400E+04
16:23:11,0e0,+1.260262E-01,+6.813000E-07,+9.910000E+37,+3.690918E+02,+3.584400E+04,+1.262081E-01,+6.813000E-07,+9.910000E+37,+3.691582E+02,+3.584400E+04,+1.244782E-01,+6.813000E-07,+9.910000E+37,+3.692246E+02,+3.584400E+04,-5.517001E+00,+0.000000E+00,+9.910000E+37,+3.692910E+02,+3.584400E+04
16:23:11,0e0,+1.280293E-01,+7.197000E-07,+9.910000E+37,+3.695293E+02,+3.584400E+04,+1.278929E-01,+7.197000E-07,+9.910000E+37,+3.695957E+02,+3.584400E+04,+1.275285E-01,+7.197000E-07,+9.910000E+37,+3.696621E+02,+3.584400E+04,-6.449046E+00,+0.000000E+00,+9.910000E+37,+3.697285E+02,+3.584400E+04
16:23:11,0e0,+1.292582E-01,+7.602500E-07,+9.910000E+37,+3.699541E+02,+3.584400E+04,+1.304422E-01,+7.602500E-07,+9.910000E+37,+3.700205E+02,+3.584400E+04,+1.299869E-01,+7.602500E-07,+9.910000E+37,+3.700879E+02,+3.584400E+04,-7.475399E+00,+0.000000E+00,+9.910000E+37,+3.701543E+02,+3.584400E+04
16:23:11,0e0,+1.334022E-01,+8.031000E-07,+9.910000E+37,+3.703818E+02,+3.584400E+04,+1.333110E-01,+8.031000E-07,+9.910000E+37,+3.704482E+02,+3.584400E+04,+1.325364E-01,+8.031000E-07,+9.910000E+37,+3.705156E+02,+3.584400E+04,-8.661331E+00,+0.000000E+00,+9.910000E+37,+3.705811E+02,+3.584400E+04
16:23:11,0e0,+1.342669E-01,+8.483500E-07,+9.910000E+37,+3.708057E+02,+3.584400E+04,+1.350863E-01,+8.483500E-07,+9.910000E+37,+3.708721E+02,+3.584400E+04,+1.355875E-01,+8.483500E-07,+9.910000E+37,+3.709385E+02,+3.584400E+04,-9.591694E+00,+0.000000E+00,+9.910000E+37,+3.710059E+02,+3.584400E+04
16:23:11,0e0,+1.387746E-01,+8.961500E-07,+9.910000E+37,+3.712314E+02,+3.584400E+04,+1.375904E-01,+8.961500E-07,+9.910000E+37,+3.712979E+02,+3.584400E+04,+1.384556E-01,+8.961500E-07,+9.910000E+37,+3.713652E+02,+3.584400E+04,-1.097642E+01,+0.000000E+00,+9.910000E+37,+3.714326E+02,+3.584400E+04
16:23:11,0e0,+1.406417E-01,+9.466500E-07,+9.910000E+37,+3.716543E+02,+3.584400E+04,+1.392749E-01,+9.466500E-07,+9.910000E+37,+3.717217E+02,+3.584400E+04,+1.410060E-01,+9.466500E-07,+9.910000E+37,+3.717871E+02,+3.584400E+04,-1.184494E+01,+0.000000E+00,+9.910000E+37,+3.718535E+02,+3.584400E+04
16:23:11,0e0,+1.422795E-01,+1.000000E-06,+9.910000E+37,+3.720811E+02,+3.584400E+04,+1.424167E-01,+1.000000E-06,+9.910000E+37,+3.721465E+02,+3.584400E+04,+1.441014E-01,+1.000000E-06,+9.910000E+37,+3.722129E+02,+3.584400E+04,-1.350059E+01,+0.000000E+00,+9.910000E+37,+3.722793E+02,+3.584400E+04
16:23:11,0e0,+1.332651E-01,+1.056500E-06,+9.910000E+37,+3.725049E+02,+3.584400E+04,+1.347227E-01,+1.056500E-06,+9.910000E+37,+3.725713E+02,+3.584400E+04,+1.326728E-01,+1.056500E-06,+9.910000E+37,+3.726377E+02,+3.584400E+04,-4.921682E-02,+0.000000E+00,+9.910000E+37,+3.727051E+02,+3.584400E+04
16:23:11,0e0,+1.359965E-01,+1.116000E-06,+9.910000E+37,+3.729355E+02,+3.584400E+04,+1.359513E-01,+1.116000E-06,+9.910000E+37,+3.730029E+02,+3.584400E+04,+1.360883E-01,+1.116000E-06,+9.910000E+37,+3.730684E+02,+3.584400E+04,-5.076477E-02,+0.000000E+00,+9.910000E+37,+3.731348E+02,+3.584400E+04
16:23:11,0e0,+1.375902E-01,+1.179000E-06,+9.910000E+37,+3.733623E+02,+3.584400E+04,+1.378637E-01,+1.179000E-06,+9.910000E+37,+3.734277E+02,+3.584400E+04,+1.392296E-01,+1.179000E-06,+9.910000E+37,+3.734951E+02,+3.584400E+04,-4.971775E-02,+0.000000E+00,+9.910000E+37,+3.735605E+02,+3.584400E+04
16:23:11,0e0,+1.402321E-01,+1.245000E-06,+9.910000E+37,+3.737842E+02,+3.584400E+04,+1.397757E-01,+1.245000E-06,+9.910000E+37,+3.738496E+02,+3.584400E+04,+1.398213E-01,+1.245000E-06,+9.910000E+37,+3.739170E+02,+3.584400E+04,-4.926234E-02,+0.000000E+00,+9.910000E+37,+3.739824E+02,+3.584400E+04
16:23:11,0e0,+1.412784E-01,+1.315500E-06,+9.910000E+37,+3.742129E+02,+3.584400E+04,+1.431906E-01,+1.315500E-06,+9.910000E+37,+3.742793E+02,+3.584400E+04,+1.426901E-01,+1.315500E-06,+9.910000E+37,+3.743457E+02,+3.584400E+04,-4.994556E-02,+0.000000E+00,+9.910000E+37,+3.744121E+02,+3.584400E+04
16:23:11,0e0,+1.444657E-01,+1.389500E-06,+9.910000E+37,+3.746426E+02,+3.584400E+04,+1.442830E-01,+1.389500E-06,+9.910000E+37,+3.747080E+02,+3.584400E+04,+1.455132E-01,+1.389500E-06,+9.910000E+37,+3.747754E+02,+3.584400E+04,-5.062854E-02,+0.000000E+00,+9.910000E+37,+3.748408E+02,+3.584400E+04
16:23:11,0e0,+1.465143E-01,+1.468000E-06,+9.910000E+37,+3.750684E+02,+3.584400E+04,+1.451481E-01,+1.468000E-06,+9.910000E+37,+3.751357E+02,+3.584400E+04,+1.469697E-01,+1.468000E-06,+9.910000E+37,+3.752012E+02,+3.584400E+04,-4.939909E-02,+0.000000E+00,+9.910000E+37,+3.752676E+02,+3.584400E+04
16:23:11,0e0,+1.488822E-01,+1.550500E-06,+9.910000E+37,+3.754980E+02,+3.584400E+04,+1.480621E-01,+1.550500E-06,+9.910000E+37,+3.755635E+02,+3.584400E+04,+1.504755E-01,+1.550500E-06,+9.910000E+37,+3.756309E+02,+3.584400E+04,-5.272292E-02,+0.000000E+00,+9.910000E+37,+3.756963E+02,+3.584400E+04
16:23:11,0e0,+1.501107E-01,+1.638000E-06,+9.910000E+37,+3.759277E+02,+3.584400E+04,+1.512034E-01,+1.638000E-06,+9.910000E+37,+3.759941E+02,+3.584400E+04,+1.517049E-01,+1.638000E-06,+9.910000E+37,+3.760605E+02,+3.584400E+04,-5.622821E-02,+0.000000E+00,+9.910000E+37,+3.761270E+02,+3.584400E+04
16:23:11,0e0,+1.547554E-01,+1.730000E-06,+9.910000E+37,+3.763496E+02,+3.584400E+04,+1.527971E-01,+1.730000E-06,+9.910000E+37,+3.764160E+02,+3.584400E+04,+1.527975E-01,+1.730000E-06,+9.910000E+37,+3.764834E+02,+3.584400E+04,-4.930779E-02,+0.000000E+00,+9.910000E+37,+3.765488E+02,+3.584400E+04
16:23:11,0e0,+1.555295E-01,+1.827500E-06,+9.910000E+37,+3.767783E+02,+3.584400E+04,+1.561211E-01,+1.827500E-06,+9.910000E+37,+3.768457E+02,+3.584400E+04,+1.548456E-01,+1.827500E-06,+9.910000E+37,+3.769121E+02,+3.584400E+04,-5.295062E-02,+0.000000E+00,+9.910000E+37,+3.769785E+02,+3.584400E+04
16:23:11,0e0,+1.562117E-01,+1.930500E-06,+9.910000E+37,+3.772002E+02,+3.584400E+04,+1.576236E-01,+1.930500E-06,+9.910000E+37,+3.772676E+02,+3.584400E+04,+1.566212E-01,+1.930500E-06,+9.910000E+37,+3.773330E+02,+3.584400E+04,-5.244936E-02,+0.000000E+00,+9.910000E+37,+3.773994E+02,+3.584400E+04
16:23:11,0e0,+1.606742E-01,+2.039500E-06,+9.910000E+37,+3.776260E+02,+3.584400E+04,+1.602189E-01,+2.039500E-06,+9.910000E+37,+3.776934E+02,+3.584400E+04,+1.597174E-01,+2.039500E-06,+9.910000E+37,+3.777588E+02,+3.584400E+04,-4.944415E-02,+0.000000E+00,+9.910000E+37,+3.778252E+02,+3.584400E+04
16:23:11,0e0,+1.621312E-01,+2.154500E-06,+9.910000E+37,+3.780557E+02,+3.584400E+04,+1.623136E-01,+2.154500E-06,+9.910000E+37,+3.781230E+02,+3.584400E+04,+1.632698E-01,+2.154500E-06,+9.910000E+37,+3.781885E+02,+3.584400E+04,-4.862504E-02,+0.000000E+00,+9.910000E+37,+3.782559E+02,+3.584400E+04
16:23:11,0e0,+1.639063E-01,+2.276000E-06,+9.910000E+37,+3.784834E+02,+3.584400E+04,+1.656370E-01,+2.276000E-06,+9.910000E+37,+3.785508E+02,+3.584400E+04,+1.632688E-01,+2.276000E-06,+9.910000E+37,+3.786162E+02,+3.584400E+04,-4.939868E-02,+0.000000E+00,+9.910000E+37,+3.786836E+02,+3.584400E+04
16:23:11,0e0,+1.667745E-01,+2.404000E-06,+9.910000E+37,+3.789102E+02,+3.584400E+04,+1.667745E-01,+2.404000E-06,+9.910000E+37,+3.789766E+02,+3.584400E+04,+1.663647E-01,+2.404000E-06,+9.910000E+37,+3.790420E+02,+3.584400E+04,-4.994541E-02,+0.000000E+00,+9.910000E+37,+3.791084E+02,+3.584400E+04
16:23:11,0e0,+1.693712E-01,+2.539500E-06,+9.910000E+37,+3.793457E+02,+3.584400E+04,+1.704178E-01,+2.539500E-06,+9.910000E+37,+3.794121E+02,+3.584400E+04,+1.689600E-01,+2.539500E-06,+9.910000E+37,+3.794795E+02,+3.584400E+04,-5.062851E-02,+0.000000E+00,+9.910000E+37,+3.795449E+02,+3.584400E+04
16:23:11,0e0,+1.713276E-01,+2.682500E-06,+9.910000E+37,+3.797754E+02,+3.584400E+04,+1.727396E-01,+2.682500E-06,+9.910000E+37,+3.798408E+02,+3.584400E+04,+1.717833E-01,+2.682500E-06,+9.910000E+37,+3.799072E+02,+3.584400E+04,-7.248242E-02,+0.000000E+00,+9.910000E+37,+3.799746E+02,+3.584400E+04
16:23:11,0e0,+1.739680E-01,+2.834000E-06,+9.910000E+37,+3.801992E+02,+3.584400E+04,+1.731030E-01,+2.834000E-06,+9.910000E+37,+3.802656E+02,+3.584400E+04,+1.734673E-01,+2.834000E-06,+9.910000E+37,+3.803330E+02,+3.584400E+04,-4.898925E-02,+0.000000E+00,+9.910000E+37,+3.803984E+02,+3.584400E+04
16:23:11,0e0,+1.760172E-01,+2.993500E-06,+9.910000E+37,+3.806260E+02,+3.584400E+04,+1.764271E-01,+2.993500E-06,+9.910000E+37,+3.806934E+02,+3.584400E+04,+1.764731E-01,+2.993500E-06,+9.910000E+37,+3.807588E+02,+3.584400E+04,-8.495755E-02,+0.000000E+00,+9.910000E+37,+3.808252E+02,+3.584400E+04
16:23:11,0e0,+1.783844E-01,+3.162500E-06,+9.910000E+37,+3.810645E+02,+3.584400E+04,+1.790225E-01,+3.162500E-06,+9.910000E+37,+3.811299E+02,+3.584400E+04,+1.792495E-01,+3.162500E-06,+9.910000E+37,+3.811963E+02,+3.584400E+04,-1.189226E-01,+0.000000E+00,+9.910000E+37,+3.812617E+02,+3.584400E+04
16:23:11,0e0,+1.816633E-01,+3.340500E-06,+9.910000E+37,+3.814922E+02,+3.584400E+04,+1.813898E-01,+3.340500E-06,+9.910000E+37,+3.815586E+02,+3.584400E+04,+1.817086E-01,+3.340500E-06,+9.910000E+37,+3.816240E+02,+3.584400E+04,-5.804932E-02,+0.000000E+00,+9.910000E+37,+3.816904E+02,+3.584400E+04
16:23:11,0e0,+1.843493E-01,+3.528500E-06,+9.910000E+37,+3.819180E+02,+3.584400E+04,+1.826642E-01,+3.528500E-06,+9.910000E+37,+3.819854E+02,+3.584400E+04,+1.828008E-01,+3.528500E-06,+9.910000E+37,+3.820508E+02,+3.584400E+04,-1.436451E-01,+0.000000E+00,+9.910000E+37,+3.821172E+02,+3.584400E+04
16:23:11,0e0,+1.870814E-01,+3.727500E-06,+9.910000E+37,+3.823535E+02,+3.584400E+04,+1.873542E-01,+3.727500E-06,+9.910000E+37,+3.824199E+02,+3.584400E+04,+1.858971E-01,+3.727500E-06,+9.910000E+37,+3.824873E+02,+3.584400E+04,-2.046091E-01,+0.000000E+00,+9.910000E+37,+3.825547E+02,+3.584400E+04
16:23:11,0e0,+1.894483E-01,+3.937500E-06,+9.910000E+37,+3.827773E+02,+3.584400E+04,+1.897223E-01,+3.937500E-06,+9.910000E+37,+3.828447E+02,+3.584400E+04,+1.900405E-01,+3.937500E-06,+9.910000E+37,+3.829102E+02,+3.584400E+04,-2.173574E-01,+0.000000E+00,+9.910000E+37,+3.829766E+02,+3.584400E+04
16:23:11,0e0,+1.914061E-01,+4.159500E-06,+9.910000E+37,+3.832061E+02,+3.584400E+04,+1.909507E-01,+4.159500E-06,+9.910000E+37,+3.832715E+02,+3.584400E+04,+1.938653E-01,+4.159500E-06,+9.910000E+37,+3.833379E+02,+3.584400E+04,-5.869426E-01,+0.000000E+00,+9.910000E+37,+3.834053E+02,+3.584400E+04
16:23:11,0e0,+1.945016E-01,+4.394000E-06,+9.910000E+37,+3.836250E+02,+3.584400E+04,+1.943203E-01,+4.394000E-06,+9.910000E+37,+3.836914E+02,+3.584400E+04,+1.950943E-01,+4.394000E-06,+9.910000E+37,+3.837588E+02,+3.584400E+04,-6.937613E-01,+0.000000E+00,+9.910000E+37,+3.838252E+02,+3.584400E+04
16:23:11,0e0,+1.969151E-01,+4.641500E-06,+9.910000E+37,+3.840566E+02,+3.584400E+04,+1.964597E-01,+4.641500E-06,+9.910000E+37,+3.841230E+02,+3.584400E+04,+1.980082E-01,+4.641500E-06,+9.910000E+37,+3.841904E+02,+3.584400E+04,-1.150543E+00,+0.000000E+00,+9.910000E+37,+3.842559E+02,+3.584400E+04
16:23:11,0e0,+2.005122E-01,+4.903000E-06,+9.910000E+37,+3.844902E+02,+3.584400E+04,+1.991457E-01,+4.903000E-06,+9.910000E+37,+3.845557E+02,+3.584400E+04,+2.006040E-01,+4.903000E-06,+9.910000E+37,+3.846230E+02,+3.584400E+04,-1.458657E+00,+0.000000E+00,+9.910000E+37,+3.846904E+02,+3.584400E+04
16:23:11,0e0,+2.041091E-01,+5.179500E-06,+9.910000E+37,+3.849180E+02,+3.584400E+04,+2.024246E-01,+5.179500E-06,+9.910000E+37,+3.849844E+02,+3.584400E+04,+2.023786E-01,+5.179500E-06,+9.910000E+37,+3.850498E+02,+3.584400E+04,-1.745378E+00,+0.000000E+00,+9.910000E+37,+3.851172E+02,+3.584400E+04
16:23:11,0e0,+2.054756E-01,+5.471500E-06,+9.910000E+37,+3.853438E+02,+3.584400E+04,+2.045182E-01,+5.471500E-06,+9.910000E+37,+3.854092E+02,+3.584400E+04,+2.062491E-01,+5.471500E-06,+9.910000E+37,+3.854756E+02,+3.584400E+04,-2.487049E+00,+0.000000E+00,+9.910000E+37,+3.855430E+02,+3.584400E+04
16:23:11,0e0,+2.085704E-01,+5.779500E-06,+9.910000E+37,+3.857715E+02,+3.584400E+04,+2.084343E-01,+5.779500E-06,+9.910000E+37,+3.858389E+02,+3.584400E+04,+2.095274E-01,+5.779500E-06,+9.910000E+37,+3.859043E+02,+3.584400E+04,-2.855729E+00,+0.000000E+00,+9.910000E+37,+3.859707E+02,+3.584400E+04
16:23:11,0e0,+2.112111E-01,+6.105500E-06,+9.910000E+37,+3.861982E+02,+3.584400E+04,+2.113940E-01,+6.105500E-06,+9.910000E+37,+3.862646E+02,+3.584400E+04,+2.119852E-01,+6.105500E-06,+9.910000E+37,+3.863311E+02,+3.584400E+04,-3.850559E+00,+0.000000E+00,+9.910000E+37,+3.863975E+02,+3.584400E+04
16:23:11,0e0,+2.147631E-01,+6.449500E-06,+9.910000E+37,+3.866250E+02,+3.584400E+04,+2.148088E-01,+6.449500E-06,+9.910000E+37,+3.866924E+02,+3.584400E+04,+2.145354E-01,+6.449500E-06,+9.910000E+37,+3.867578E+02,+3.584400E+04,-4.322731E+00,+0.000000E+00,+9.910000E+37,+3.868252E+02,+3.584400E+04
16:23:11,0e0,+2.174037E-01,+6.813000E-06,+9.910000E+37,+3.870498E+02,+3.584400E+04,+2.179042E-01,+6.813000E-06,+9.910000E+37,+3.871162E+02,+3.584400E+04,+2.174489E-01,+6.813000E-06,+9.910000E+37,+3.871836E+02,+3.584400E+04,-5.434165E+00,+0.000000E+00,+9.910000E+37,+3.872510E+02,+3.584400E+04
16:23:11,0e0,+2.198160E-01,+7.197000E-06,+9.910000E+37,+3.874756E+02,+3.584400E+04,+2.199984E-01,+7.197000E-06,+9.910000E+37,+3.875420E+02,+3.584400E+04,+2.192240E-01,+7.197000E-06,+9.910000E+37,+3.876084E+02,+3.584400E+04,-6.199249E+00,+0.000000E+00,+9.910000E+37,+3.876748E+02,+3.584400E+04
16:23:11,0e0,+2.227752E-01,+7.602500E-06,+9.910000E+37,+3.879014E+02,+3.584400E+04,+2.247797E-01,+7.602500E-06,+9.910000E+37,+3.879688E+02,+3.584400E+04,+2.250985E-01,+7.602500E-06,+9.910000E+37,+3.880342E+02,+3.584400E+04,-7.390335E+00,+0.000000E+00,+9.910000E+37,+3.881016E+02,+3.584400E+04
16:23:11,0e0,+2.270553E-01,+8.031000E-06,+9.910000E+37,+3.883252E+02,+3.584400E+04,+2.271008E-01,+8.031000E-06,+9.910000E+37,+3.883916E+02,+3.584400E+04,+2.274205E-01,+8.031000E-06,+9.910000E+37,+3.884590E+02,+3.584400E+04,-8.389666E+00,+0.000000E+00,+9.910000E+37,+3.885244E+02,+3.584400E+04
16:23:11,0e0,+2.306983E-01,+8.483500E-06,+9.910000E+37,+3.887510E+02,+3.584400E+04,+2.290129E-01,+8.483500E-06,+9.910000E+37,+3.888174E+02,+3.584400E+04,+2.320647E-01,+8.483500E-06,+9.910000E+37,+3.888848E+02,+3.584400E+04,-9.464095E+00,+0.000000E+00,+9.910000E+37,+3.889502E+02,+3.584400E+04
16:23:11,0e0,+2.327916E-01,+8.961500E-06,+9.910000E+37,+3.891729E+02,+3.584400E+04,+2.327465E-01,+8.961500E-06,+9.910000E+37,+3.892402E+02,+3.584400E+04,+2.342495E-01,+8.961500E-06,+9.910000E+37,+3.893057E+02,+3.584400E+04,-1.068925E+01,+0.000000E+00,+9.910000E+37,+3.893730E+02,+3.584400E+04
16:23:11,0e0,+2.372534E-01,+9.466500E-06,+9.910000E+37,+3.896055E+02,+3.584400E+04,+2.365250E-01,+9.466500E-06,+9.910000E+37,+3.896729E+02,+3.584400E+04,+2.374366E-01,+9.466500E-06,+9.910000E+37,+3.897393E+02,+3.584400E+04,-1.178719E+01,+0.000000E+00,+9.910000E+37,+3.898057E+02,+3.584400E+04
16:23:11,0e0,+2.412150E-01,+1.000000E-05,+9.910000E+37,+3.900293E+02,+3.584400E+04,+2.417623E-01,+1.000000E-05,+9.910000E+37,+3.900957E+02,+3.584400E+04,+2.422636E-01,+1.000000E-05,+9.910000E+37,+3.901631E+02,+3.584400E+04,-1.309098E+01,+0.000000E+00,+9.910000E+37,+3.902285E+02,+3.584400E+04
16:23:11,0e0,+2.327471E-01,+1.056500E-05,+9.910000E+37,+3.904492E+02,+3.584400E+04,+2.309708E-01,+1.056500E-05,+9.910000E+37,+3.905156E+02,+3.584400E+04,+2.335215E-01,+1.056500E-05,+9.910000E+37,+3.905820E+02,+3.584400E+04,-9.283398E-02,+0.000000E+00,+9.910000E+37,+3.906494E+02,+3.584400E+04
16:23:11,0e0,+2.351153E-01,+1.116000E-05,+9.910000E+37,+3.908750E+02,+3.584400E+04,+2.349780E-01,+1.116000E-05,+9.910000E+37,+3.909424E+02,+3.584400E+04,+2.351153E-01,+1.116000E-05,+9.910000E+37,+3.910088E+02,+3.584400E+04,-9.306183E-02,+0.000000E+00,+9.910000E+37,+3.910762E+02,+3.584400E+04
16:23:11,0e0,+2.396221E-01,+1.179000E-05,+9.910000E+37,+3.912969E+02,+3.584400E+04,+2.372086E-01,+1.179000E-05,+9.910000E+37,+3.913633E+02,+3.584400E+04,+2.378463E-01,+1.179000E-05,+9.910000E+37,+3.914297E+02,+3.584400E+04,-9.160486E-02,+0.000000E+00,+9.910000E+37,+3.914961E+02,+3.584400E+04
16:23:11,0e0,+2.398946E-01,+1.245000E-05,+9.910000E+37,+3.917227E+02,+3.584400E+04,+2.422172E-01,+1.245000E-05,+9.910000E+37,+3.917881E+02,+3.584400E+04,+2.425368E-01,+1.245000E-05,+9.910000E+37,+3.918555E+02,+3.584400E+04,-9.410892E-02,+0.000000E+00,+9.910000E+37,+3.919209E+02,+3.584400E+04
16:23:11,0e0,+2.451769E-01,+1.315500E-05,+9.910000E+37,+3.921416E+02,+3.584400E+04,+2.445849E-01,+1.315500E-05,+9.910000E+37,+3.922090E+02,+3.584400E+04,+2.428537E-01,+1.315500E-05,+9.910000E+37,+3.922744E+02,+3.584400E+04,-9.133157E-02,+0.000000E+00,+9.910000E+37,+3.923428E+02,+3.584400E+04
16:23:11,0e0,+2.477260E-01,+1.389500E-05,+9.910000E+37,+3.925732E+02,+3.584400E+04,+2.482270E-01,+1.389500E-05,+9.910000E+37,+3.926387E+02,+3.584400E+04,+2.470891E-01,+1.389500E-05,+9.910000E+37,+3.927061E+02,+3.584400E+04,-9.092176E-02,+0.000000E+00,+9.910000E+37,+3.927715E+02,+3.584400E+04
16:23:11,0e0,+2.507768E-01,+1.468000E-05,+9.910000E+37,+3.929971E+02,+3.584400E+04,+2.486818E-01,+1.468000E-05,+9.910000E+37,+3.930635E+02,+3.584400E+04,+2.491824E-01,+1.468000E-05,+9.910000E+37,+3.931289E+02,+3.584400E+04,-9.073973E-02,+0.000000E+00,+9.910000E+37,+3.931963E+02,+3.584400E+04
16:23:11,0e0,+2.515957E-01,+1.550500E-05,+9.910000E+37,+3.934199E+02,+3.584400E+04,+2.541913E-01,+1.550500E-05,+9.910000E+37,+3.934854E+02,+3.584400E+04,+2.538275E-01,+1.550500E-05,+9.910000E+37,+3.935527E+02,+3.584400E+04,-9.201460E-02,+0.000000E+00,+9.910000E+37,+3.936182E+02,+3.584400E+04
16:23:11,0e0,+2.564683E-01,+1.638000E-05,+9.910000E+37,+3.938408E+02,+3.584400E+04,+2.558308E-01,+1.638000E-05,+9.910000E+37,+3.939062E+02,+3.584400E+04,+2.558308E-01,+1.638000E-05,+9.910000E+37,+3.939736E+02,+3.584400E+04,-9.483774E-02,+0.000000E+00,+9.910000E+37,+3.940391E+02,+3.584400E+04
16:23:11,0e0,+2.593362E-01,+1.730000E-05,+9.910000E+37,+3.942559E+02,+3.584400E+04,+2.585164E-01,+1.730000E-05,+9.910000E+37,+3.943223E+02,+3.584400E+04,+2.595184E-01,+1.730000E-05,+9.910000E+37,+3.943877E+02,+3.584400E+04,-9.492888E-02,+0.000000E+00,+9.910000E+37,+3.944590E+02,+3.584400E+04
16:23:11,0e0,+2.614761E-01,+1.827500E-05,+9.910000E+37,+3.946885E+02,+3.584400E+04,+2.614751E-01,+1.827500E-05,+9.910000E+37,+3.947549E+02,+3.584400E+04,+2.615667E-01,+1.827500E-05,+9.910000E+37,+3.948213E+02,+3.584400E+04,-8.482100E-02,+0.000000E+00,+9.910000E+37,+3.948877E+02,+3.584400E+04
16:23:11,0e0,+2.661665E-01,+1.930500E-05,+9.910000E+37,+3.951143E+02,+3.584400E+04,+2.658931E-01,+1.930500E-05,+9.910000E+37,+3.951816E+02,+3.584400E+04,+2.653916E-01,+1.930500E-05,+9.910000E+37,+3.952471E+02,+3.584400E+04,-9.379052E-02,+0.000000E+00,+9.910000E+37,+3.953145E+02,+3.584400E+04
16:23:11,0e0,+2.688519E-01,+2.039500E-05,+9.910000E+37,+3.955400E+02,+3.584400E+04,+2.682140E-01,+2.039500E-05,+9.910000E+37,+3.956055E+02,+3.584400E+04,+2.684872E-01,+2.039500E-05,+9.910000E+37,+3.956729E+02,+3.584400E+04,-9.260666E-02,+0.000000E+00,+9.910000E+37,+3.957383E+02,+3.584400E+04
16:23:11,0e0,+2.716747E-01,+2.154500E-05,+9.910000E+37,+3.959658E+02,+3.584400E+04,+2.717205E-01,+2.154500E-05,+9.910000E+37,+3.960332E+02,+3.584400E+04,+2.731325E-01,+2.154500E-05,+9.910000E+37,+3.960986E+02,+3.584400E+04,-9.301640E-02,+0.000000E+00,+9.910000E+37,+3.961660E+02,+3.584400E+04
16:23:11,0e0,+2.752258E-01,+2.276000E-05,+9.910000E+37,+3.963848E+02,+3.584400E+04,+2.754538E-01,+2.276000E-05,+9.910000E+37,+3.964512E+02,+3.584400E+04,+2.755443E-01,+2.276000E-05,+9.910000E+37,+3.965166E+02,+3.584400E+04,-9.292528E-02,+0.000000E+00,+9.910000E+37,+3.965898E+02,+3.584400E+04
16:23:11,0e0,+2.785044E-01,+2.404000E-05,+9.910000E+37,+3.968184E+02,+3.584400E+04,+2.777290E-01,+2.404000E-05,+9.910000E+37,+3.968848E+02,+3.584400E+04,+2.794153E-01,+2.404000E-05,+9.910000E+37,+3.969512E+02,+3.584400E+04,-9.351704E-02,+0.000000E+00,+9.910000E+37,+3.970186E+02,+3.584400E+04
16:23:11,0e0,+2.811904E-01,+2.539500E-05,+9.910000E+37,+3.972412E+02,+3.584400E+04,+2.828747E-01,+2.539500E-05,+9.910000E+37,+3.973086E+02,+3.584400E+04,+2.807799E-01,+2.539500E-05,+9.910000E+37,+3.973740E+02,+3.584400E+04,-9.529272E-02,+0.000000E+00,+9.910000E+37,+3.974404E+02,+3.584400E+04
16:23:11,0e0,+2.861077E-01,+2.682500E-05,+9.910000E+37,+3.976670E+02,+3.584400E+04,+2.840576E-01,+2.682500E-05,+9.910000E+37,+3.977334E+02,+3.584400E+04,+2.847408E-01,+2.682500E-05,+9.910000E+37,+3.978008E+02,+3.584400E+04,-9.406352E-02,+0.000000E+00,+9.910000E+37,+3.978662E+02,+3.584400E+04
16:23:11,0e0,+2.891583E-01,+2.834000E-05,+9.910000E+37,+3.980840E+02,+3.584400E+04,+2.875634E-01,+2.834000E-05,+9.910000E+37,+3.981514E+02,+3.584400E+04,+2.886571E-01,+2.834000E-05,+9.910000E+37,+3.982168E+02,+3.584400E+04,-9.392695E-02,+0.000000E+00,+9.910000E+37,+3.982852E+02,+3.584400E+04
16:23:11,0e0,+2.923455E-01,+2.993500E-05,+9.910000E+37,+3.985127E+02,+3.584400E+04,+2.919352E-01,+2.993500E-05,+9.910000E+37,+3.985791E+02,+3.584400E+04,+2.928464E-01,+2.993500E-05,+9.910000E+37,+3.986465E+02,+3.584400E+04,-9.014803E-02,+0.000000E+00,+9.910000E+37,+3.987119E+02,+3.584400E+04
16:23:11,0e0,+2.966255E-01,+3.162500E-05,+9.910000E+37,+3.989395E+02,+3.584400E+04,+2.969896E-01,+3.162500E-05,+9.910000E+37,+3.990059E+02,+3.584400E+04,+2.950770E-01,+3.162500E-05,+9.910000E+37,+3.990732E+02,+3.584400E+04,-9.224235E-02,+0.000000E+00,+9.910000E+37,+3.991387E+02,+3.584400E+04
16:23:11,0e0,+2.980356E-01,+3.340500E-05,+9.910000E+37,+3.993672E+02,+3.584400E+04,+2.992657E-01,+3.340500E-05,+9.910000E+37,+3.994326E+02,+3.584400E+04,+2.988560E-01,+3.340500E-05,+9.910000E+37,+3.994990E+02,+3.584400E+04,-9.347165E-02,+0.000000E+00,+9.910000E+37,+3.995664E+02,+3.584400E+04
16:23:11,0e0,+3.032722E-01,+3.528500E-05,+9.910000E+37,+3.997910E+02,+3.584400E+04,+3.023160E-01,+3.528500E-05,+9.910000E+37,+3.998574E+02,+3.584400E+04,+3.017688E-01,+3.528500E-05,+9.910000E+37,+3.999248E+02,+3.584400E+04,-9.406371E-02,+0.000000E+00,+9.910000E+37,+3.999912E+02,+3.584400E+04
16:23:11,0e0,+3.050470E-01,+3.727500E-05,+9.910000E+37,+4.002119E+02,+3.584400E+04,+3.042725E-01,+3.727500E-05,+9.910000E+37,+4.002793E+02,+3.584400E+04,+3.048190E-01,+3.727500E-05,+9.910000E+37,+4.003457E+02,+3.584400E+04,-1.658181E-01,+0.000000E+00,+9.910000E+37,+4.004131E+02,+3.584400E+04
16:23:11,0e0,+3.081433E-01,+3.937500E-05,+9.910000E+37,+4.006318E+02,+3.584400E+04,+3.107396E-01,+3.937500E-05,+9.910000E+37,+4.006982E+02,+3.584400E+04,+3.080515E-01,+3.937500E-05,+9.910000E+37,+4.007646E+02,+3.584400E+04,-2.380287E-01,+0.000000E+00,+9.910000E+37,+4.008311E+02,+3.584400E+04
16:23:11,0e0,+3.123318E-01,+4.159500E-05,+9.910000E+37,+4.010596E+02,+3.584400E+04,+3.135621E-01,+4.159500E-05,+9.910000E+37,+4.011260E+02,+3.584400E+04,+3.142457E-01,+4.159500E-05,+9.910000E+37,+4.011924E+02,+3.584400E+04,-1.744686E-01,+0.000000E+00,+9.910000E+37,+4.012598E+02,+3.584400E+04
16:23:11,0e0,+3.180696E-01,+4.394000E-05,+9.910000E+37,+4.014844E+02,+3.584400E+04,+3.164746E-01,+4.394000E-05,+9.910000E+37,+4.015498E+02,+3.584400E+04,+3.167490E-01,+4.394000E-05,+9.910000E+37,+4.016172E+02,+3.584400E+04,-4.949675E-01,+0.000000E+00,+9.910000E+37,+4.016826E+02,+3.584400E+04
16:23:11,0e0,+3.201178E-01,+4.641500E-05,+9.910000E+37,+4.019092E+02,+3.584400E+04,+3.217570E-01,+4.641500E-05,+9.910000E+37,+4.019766E+02,+3.584400E+04,+3.222131E-01,+4.641500E-05,+9.910000E+37,+4.020430E+02,+3.584400E+04,-5.896751E-01,+0.000000E+00,+9.910000E+37,+4.021104E+02,+3.584400E+04
16:23:11,0e0,+3.248534E-01,+4.903000E-05,+9.910000E+37,+4.023311E+02,+3.584400E+04,+3.233048E-01,+4.903000E-05,+9.910000E+37,+4.023975E+02,+3.584400E+04,+3.255824E-01,+4.903000E-05,+9.910000E+37,+4.024648E+02,+3.584400E+04,-8.081393E-01,+0.000000E+00,+9.910000E+37,+4.025313E+02,+3.584400E+04
16:23:11,0e0,+3.296795E-01,+5.179500E-05,+9.910000E+37,+4.027539E+02,+3.584400E+04,+3.278127E-01,+5.179500E-05,+9.910000E+37,+4.028203E+02,+3.584400E+04,+3.279029E-01,+5.179500E-05,+9.910000E+37,+4.028867E+02,+3.584400E+04,-1.356710E+00,+0.000000E+00,+9.910000E+37,+4.029531E+02,+3.584400E+04
16:23:11,0e0,+3.326848E-01,+5.471500E-05,+9.910000E+37,+4.031738E+02,+3.584400E+04,+3.314996E-01,+5.471500E-05,+9.910000E+37,+4.032412E+02,+3.584400E+04,+3.319099E-01,+5.471500E-05,+9.910000E+37,+4.033076E+02,+3.584400E+04,-1.855383E+00,+0.000000E+00,+9.910000E+37,+4.033740E+02,+3.584400E+04
16:23:11,0e0,+3.372830E-01,+5.779500E-05,+9.910000E+37,+4.035996E+02,+3.584400E+04,+3.362357E-01,+5.779500E-05,+9.910000E+37,+4.036650E+02,+3.584400E+04,+3.367819E-01,+5.779500E-05,+9.910000E+37,+4.037314E+02,+3.584400E+04,-2.085911E+00,+0.000000E+00,+9.910000E+37,+4.037979E+02,+3.584400E+04
16:23:11,0e0,+3.415624E-01,+6.105500E-05,+9.910000E+37,+4.040254E+02,+3.584400E+04,+3.396955E-01,+6.105500E-05,+9.910000E+37,+4.040928E+02,+3.584400E+04,+3.408348E-01,+6.105500E-05,+9.910000E+37,+4.041582E+02,+3.584400E+04,-2.765618E+00,+0.000000E+00,+9.910000E+37,+4.042256E+02,+3.584400E+04
16:23:11,0e0,+3.446128E-01,+6.449500E-05,+9.910000E+37,+4.044502E+02,+3.584400E+04,+3.443851E-01,+6.449500E-05,+9.910000E+37,+4.045166E+02,+3.584400E+04,+3.449321E-01,+6.449500E-05,+9.910000E+37,+4.045830E+02,+3.584400E+04,-3.345977E+00,+0.000000E+00,+9.910000E+37,+4.046504E+02,+3.584400E+04
16:23:11,0e0,+3.480276E-01,+6.813000E-05,+9.910000E+37,+4.048730E+02,+3.584400E+04,+3.469335E-01,+6.813000E-05,+9.910000E+37,+4.049385E+02,+3.584400E+04,+3.487561E-01,+6.813000E-05,+9.910000E+37,+4.050059E+02,+3.584400E+04,-3.914214E+00,+0.000000E+00,+9.910000E+37,+4.050723E+02,+3.584400E+04
16:23:11,0e0,+3.527168E-01,+7.197000E-05,+9.910000E+37,+4.052939E+02,+3.584400E+04,+3.530822E-01,+7.197000E-05,+9.910000E+37,+4.053604E+02,+3.584400E+04,+3.538093E-01,+7.197000E-05,+9.910000E+37,+4.054258E+02,+3.584400E+04,-4.724464E+00,+0.000000E+00,+9.910000E+37,+4.054932E+02,+3.584400E+04
16:23:11,0e0,+3.560395E-01,+7.602500E-05,+9.910000E+37,+4.057148E+02,+3.584400E+04,+3.570887E-01,+7.602500E-05,+9.910000E+37,+4.057822E+02,+3.584400E+04,+3.567228E-01,+7.602500E-05,+9.910000E+37,+4.058486E+02,+3.584400E+04,-5.770748E+00,+0.000000E+00,+9.910000E+37,+4.059160E+02,+3.584400E+04
16:23:11,0e0,+3.599548E-01,+8.031000E-05,+9.910000E+37,+4.061328E+02,+3.584400E+04,+3.628704E-01,+8.031000E-05,+9.910000E+37,+4.061992E+02,+3.584400E+04,+3.614140E-01,+8.031000E-05,+9.910000E+37,+4.062666E+02,+3.584400E+04,-6.407966E+00,+0.000000E+00,+9.910000E+37,+4.063350E+02,+3.584400E+04
16:23:11,0e0,+3.657383E-01,+8.483500E-05,+9.910000E+37,+4.065537E+02,+3.584400E+04,+3.660578E-01,+8.483500E-05,+9.910000E+37,+4.066191E+02,+3.584400E+04,+3.658301E-01,+8.483500E-05,+9.910000E+37,+4.066865E+02,+3.584400E+04,-6.751151E+00,+0.000000E+00,+9.910000E+37,+4.067568E+02,+3.584400E+04
16:23:11,0e0,+3.694719E-01,+8.961500E-05,+9.910000E+37,+4.069844E+02,+3.584400E+04,+3.703812E-01,+8.961500E-05,+9.910000E+37,+4.070508E+02,+3.584400E+04,+3.696085E-01,+8.961500E-05,+9.910000E+37,+4.071172E+02,+3.584400E+04,-8.474863E+00,+0.000000E+00,+9.910000E+37,+4.071836E+02,+3.584400E+04
16:23:11,0e0,+3.737974E-01,+9.466500E-05,+9.910000E+37,+4.073984E+02,+3.584400E+04,+3.742521E-01,+9.466500E-05,+9.910000E+37,+4.074639E+02,+3.584400E+04,+3.742531E-01,+9.466500E-05,+9.910000E+37,+4.075312E+02,+3.584400E+04,-8.364582E+00,+0.000000E+00,+9.910000E+37,+4.076016E+02,+3.584400E+04
16:23:11,0e0,+3.786240E-01,+1.000000E-04,+9.910000E+37,+4.078271E+02,+3.584400E+04,+3.780758E-01,+1.000000E-04,+9.910000E+37,+4.078926E+02,+3.584400E+04,+3.785312E-01,+1.000000E-04,+9.910000E+37,+4.079600E+02,+3.584400E+04,-9.802494E+00,+0.000000E+00,+9.910000E+37,+4.080283E+02,+3.584400E+04
16:23:11,0e0,+3.712928E-01,+1.056500E-04,+9.910000E+37,+4.082617E+02,+3.584400E+04,+3.717026E-01,+1.056500E-04,+9.910000E+37,+4.083291E+02,+3.584400E+04,+3.724315E-01,+1.056500E-04,+9.910000E+37,+4.083945E+02,+3.584400E+04,-8.001705E-01,+0.000000E+00,+9.910000E+37,+4.084619E+02,+3.584400E+04
16:23:11,0e0,+3.754801E-01,+1.116000E-04,+9.910000E+37,+4.086934E+02,+3.584400E+04,+3.746153E-01,+1.116000E-04,+9.910000E+37,+4.087607E+02,+3.584400E+04,+3.766199E-01,+1.116000E-04,+9.910000E+37,+4.088262E+02,+3.584400E+04,-9.055322E-01,+0.000000E+00,+9.910000E+37,+4.088936E+02,+3.584400E+04
16:23:11,0e0,+3.800801E-01,+1.179000E-04,+9.910000E+37,+4.091279E+02,+3.584400E+04,+3.795800E-01,+1.179000E-04,+9.910000E+37,+4.091953E+02,+3.584400E+04,+3.795339E-01,+1.179000E-04,+9.910000E+37,+4.092607E+02,+3.584400E+04,-8.835859E-01,+0.000000E+00,+9.910000E+37,+4.093281E+02,+3.584400E+04
16:23:11,0e0,+3.836324E-01,+1.245000E-04,+9.910000E+37,+4.095518E+02,+3.584400E+04,+3.827197E-01,+1.245000E-04,+9.910000E+37,+4.096182E+02,+3.584400E+04,+3.824465E-01,+1.245000E-04,+9.910000E+37,+4.096855E+02,+3.584400E+04,-8.138756E-01,+0.000000E+00,+9.910000E+37,+4.097510E+02,+3.584400E+04
16:23:11,0e0,+3.881853E-01,+1.315500E-04,+9.910000E+37,+4.099844E+02,+3.584400E+04,+3.875013E-01,+1.315500E-04,+9.910000E+37,+4.100508E+02,+3.584400E+04,+3.872291E-01,+1.315500E-04,+9.910000E+37,+4.101182E+02,+3.584400E+04,-8.951049E-01,+0.000000E+00,+9.910000E+37,+4.101846E+02,+3.584400E+04
16:23:11,0e0,+3.913704E-01,+1.389500E-04,+9.910000E+37,+4.104082E+02,+3.584400E+04,+3.897769E-01,+1.389500E-04,+9.910000E+37,+4.104756E+02,+3.584400E+04,+3.925563E-01,+1.389500E-04,+9.910000E+37,+4.105410E+02,+3.584400E+04,-7.780872E-01,+0.000000E+00,+9.910000E+37,+4.106084E+02,+3.584400E+04
16:23:11,0e0,+3.963796E-01,+1.468000E-04,+9.910000E+37,+4.108369E+02,+3.584400E+04,+3.957423E-01,+1.468000E-04,+9.910000E+37,+4.109033E+02,+3.584400E+04,+3.962430E-01,+1.468000E-04,+9.910000E+37,+4.109697E+02,+3.584400E+04,-8.965153E-01,+0.000000E+00,+9.910000E+37,+4.110361E+02,+3.584400E+04
16:23:11,0e0,+4.004773E-01,+1.550500E-04,+9.910000E+37,+4.112588E+02,+3.584400E+04,+3.997030E-01,+1.550500E-04,+9.910000E+37,+4.113262E+02,+3.584400E+04,+4.007503E-01,+1.550500E-04,+9.910000E+37,+4.113916E+02,+3.584400E+04,-8.208871E-01,+0.000000E+00,+9.910000E+37,+4.114580E+02,+3.584400E+04
16:23:11,0e0,+4.061230E-01,+1.638000E-04,+9.910000E+37,+4.116846E+02,+3.584400E+04,+4.048944E-01,+1.638000E-04,+9.910000E+37,+4.117510E+02,+3.584400E+04,+4.041204E-01,+1.638000E-04,+9.910000E+37,+4.118184E+02,+3.584400E+04,-8.077750E-01,+0.000000E+00,+9.910000E+37,+4.118838E+02,+3.584400E+04
16:23:11,0e0,+4.091733E-01,+1.730000E-04,+9.910000E+37,+4.121045E+02,+3.584400E+04,+4.084896E-01,+1.730000E-04,+9.910000E+37,+4.121709E+02,+3.584400E+04,+4.089919E-01,+1.730000E-04,+9.910000E+37,+4.122383E+02,+3.584400E+04,-8.760285E-01,+0.000000E+00,+9.910000E+37,+4.123057E+02,+3.584400E+04
16:23:11,0e0,+4.129073E-01,+1.827500E-04,+9.910000E+37,+4.125322E+02,+3.584400E+04,+4.130443E-01,+1.827500E-04,+9.910000E+37,+4.125986E+02,+3.584400E+04,+4.135445E-01,+1.827500E-04,+9.910000E+37,+4.126650E+02,+3.584400E+04,-7.797710E-01,+0.000000E+00,+9.910000E+37,+4.127314E+02,+3.584400E+04
16:23:11,0e0,+4.184613E-01,+1.930500E-04,+9.910000E+37,+4.129658E+02,+3.584400E+04,+4.185979E-01,+1.930500E-04,+9.910000E+37,+4.130312E+02,+3.584400E+04,+4.171872E-01,+1.930500E-04,+9.910000E+37,+4.130986E+02,+3.584400E+04,-8.557184E-01,+0.000000E+00,+9.910000E+37,+4.131641E+02,+3.584400E+04
16:23:11,0e0,+4.214205E-01,+2.039500E-04,+9.910000E+37,+4.133896E+02,+3.584400E+04,+4.218308E-01,+2.039500E-04,+9.910000E+37,+4.134561E+02,+3.584400E+04,+4.225596E-01,+2.039500E-04,+9.910000E+37,+4.135234E+02,+3.584400E+04,-7.596011E-01,+0.000000E+00,+9.910000E+37,+4.135889E+02,+3.584400E+04
16:23:11,0e0,+4.256088E-01,+2.154500E-04,+9.910000E+37,+4.138193E+02,+3.584400E+04,+4.253811E-01,+2.154500E-04,+9.910000E+37,+4.138867E+02,+3.584400E+04,+4.263830E-01,+2.154500E-04,+9.910000E+37,+4.139531E+02,+3.584400E+04,-8.472050E-01,+0.000000E+00,+9.910000E+37,+4.140205E+02,+3.584400E+04
16:23:11,0e0,+4.312550E-01,+2.276000E-04,+9.910000E+37,+4.142490E+02,+3.584400E+04,+4.314371E-01,+2.276000E-04,+9.910000E+37,+4.143145E+02,+3.584400E+04,+4.313458E-01,+2.276000E-04,+9.910000E+37,+4.143809E+02,+3.584400E+04,-8.394641E-01,+0.000000E+00,+9.910000E+37,+4.144473E+02,+3.584400E+04
16:23:11,0e0,+4.371283E-01,+2.404000E-04,+9.910000E+37,+4.146855E+02,+3.584400E+04,+4.348971E-01,+2.404000E-04,+9.910000E+37,+4.147520E+02,+3.584400E+04,+4.357623E-01,+2.404000E-04,+9.910000E+37,+4.148193E+02,+3.584400E+04,-8.525774E-01,+0.000000E+00,+9.910000E+37,+4.148848E+02,+3.584400E+04
16:23:11,0e0,+4.399062E-01,+2.539500E-04,+9.910000E+37,+4.151133E+02,+3.584400E+04,+4.399511E-01,+2.539500E-04,+9.910000E+37,+4.151787E+02,+3.584400E+04,+4.385388E-01,+2.539500E-04,+9.910000E+37,+4.152461E+02,+3.584400E+04,-8.311775E-01,+0.000000E+00,+9.910000E+37,+4.153115E+02,+3.584400E+04
16:23:11,0e0,+4.437758E-01,+2.682500E-04,+9.910000E+37,+4.155381E+02,+3.584400E+04,+4.449595E-01,+2.682500E-04,+9.910000E+37,+4.156045E+02,+3.584400E+04,+4.459608E-01,+2.682500E-04,+9.910000E+37,+4.156719E+02,+3.584400E+04,-8.352756E-01,+0.000000E+00,+9.910000E+37,+4.157383E+02,+3.584400E+04
16:23:11,0e0,+4.488738E-01,+2.834000E-04,+9.910000E+37,+4.159639E+02,+3.584400E+04,+4.498310E-01,+2.834000E-04,+9.910000E+37,+4.160293E+02,+3.584400E+04,+4.494210E-01,+2.834000E-04,+9.910000E+37,+4.160967E+02,+3.584400E+04,-9.068980E-01,+0.000000E+00,+9.910000E+37,+4.161631E+02,+3.584400E+04
16:23:11,0e0,+4.548854E-01,+2.993500E-04,+9.910000E+37,+4.163896E+02,+3.584400E+04,+4.539286E-01,+2.993500E-04,+9.910000E+37,+4.164561E+02,+3.584400E+04,+4.550670E-01,+2.993500E-04,+9.910000E+37,+4.165225E+02,+3.584400E+04,-7.806357E-01,+0.000000E+00,+9.910000E+37,+4.165898E+02,+3.584400E+04
16:23:11,0e0,+4.591193E-01,+3.162500E-04,+9.910000E+37,+4.168135E+02,+3.584400E+04,+4.610327E-01,+3.162500E-04,+9.910000E+37,+4.168809E+02,+3.584400E+04,+4.593920E-01,+3.162500E-04,+9.910000E+37,+4.169463E+02,+3.584400E+04,-9.185541E-01,+0.000000E+00,+9.910000E+37,+4.170137E+02,+3.584400E+04
16:23:11,0e0,+4.636727E-01,+3.340500E-04,+9.910000E+37,+4.172432E+02,+3.584400E+04,+4.629422E-01,+3.340500E-04,+9.910000E+37,+4.173086E+02,+3.584400E+04,+4.642182E-01,+3.340500E-04,+9.910000E+37,+4.173750E+02,+3.584400E+04,-7.748999E-01,+0.000000E+00,+9.910000E+37,+4.174424E+02,+3.584400E+04
16:23:11,0e0,+4.677683E-01,+3.528500E-04,+9.910000E+37,+4.176719E+02,+3.584400E+04,+4.687268E-01,+3.528500E-04,+9.910000E+37,+4.177393E+02,+3.584400E+04,+4.704112E-01,+3.528500E-04,+9.910000E+37,+4.178047E+02,+3.584400E+04,-9.001591E-01,+0.000000E+00,+9.910000E+37,+4.178721E+02,+3.584400E+04
16:23:11,0e0,+4.746430E-01,+3.727500E-04,+9.910000E+37,+4.180977E+02,+3.584400E+04,+4.743259E-01,+3.727500E-04,+9.910000E+37,+4.181650E+02,+3.584400E+04,+4.736887E-01,+3.727500E-04,+9.910000E+37,+4.182305E+02,+3.584400E+04,-8.007612E-01,+0.000000E+00,+9.910000E+37,+4.182979E+02,+3.584400E+04
16:23:11,0e0,+4.791964E-01,+3.937500E-04,+9.910000E+37,+4.185225E+02,+3.584400E+04,+4.799265E-01,+3.937500E-04,+9.910000E+37,+4.185879E+02,+3.584400E+04,+4.796086E-01,+3.937500E-04,+9.910000E+37,+4.186553E+02,+3.584400E+04,-9.200558E-01,+0.000000E+00,+9.910000E+37,+4.187227E+02,+3.584400E+04
16:23:11,0e0,+4.823374E-01,+4.159500E-04,+9.910000E+37,+4.189473E+02,+3.584400E+04,+4.843422E-01,+4.159500E-04,+9.910000E+37,+4.190146E+02,+3.584400E+04,+4.842982E-01,+4.159500E-04,+9.910000E+37,+4.190801E+02,+3.584400E+04,-7.955710E-01,+0.000000E+00,+9.910000E+37,+4.191475E+02,+3.584400E+04
16:23:11,0e0,+4.895772E-01,+4.394000E-04,+9.910000E+37,+4.193740E+02,+3.584400E+04,+4.885299E-01,+4.394000E-04,+9.910000E+37,+4.194414E+02,+3.584400E+04,+4.908071E-01,+4.394000E-04,+9.910000E+37,+4.195068E+02,+3.584400E+04,-8.959711E-01,+0.000000E+00,+9.910000E+37,+4.195742E+02,+3.584400E+04
16:23:11,0e0,+4.961806E-01,+4.641500E-04,+9.910000E+37,+4.198037E+02,+3.584400E+04,+4.939024E-01,+4.641500E-04,+9.910000E+37,+4.198701E+02,+3.584400E+04,+4.966807E-01,+4.641500E-04,+9.910000E+37,+4.199365E+02,+3.584400E+04,-7.777231E-01,+0.000000E+00,+9.910000E+37,+4.200029E+02,+3.584400E+04
16:23:11,0e0,+4.991380E-01,+4.903000E-04,+9.910000E+37,+4.202354E+02,+3.584400E+04,+5.008708E-01,+4.903000E-04,+9.910000E+37,+4.203008E+02,+3.584400E+04,+5.004585E-01,+4.903000E-04,+9.910000E+37,+4.203682E+02,+3.584400E+04,-9.216039E-01,+0.000000E+00,+9.910000E+37,+4.204336E+02,+3.584400E+04
16:23:11,0e0,+5.065160E-01,+5.179500E-04,+9.910000E+37,+4.206621E+02,+3.584400E+04,+5.047382E-01,+5.179500E-04,+9.910000E+37,+4.207295E+02,+3.584400E+04,+5.058784E-01,+5.179500E-04,+9.910000E+37,+4.207949E+02,+3.584400E+04,-1.034752E+00,+0.000000E+00,+9.910000E+37,+4.208623E+02,+3.584400E+04
16:23:11,0e0,+5.114781E-01,+5.471500E-04,+9.910000E+37,+4.210928E+02,+3.584400E+04,+5.122078E-01,+5.471500E-04,+9.910000E+37,+4.211592E+02,+3.584400E+04,+5.121151E-01,+5.471500E-04,+9.910000E+37,+4.212266E+02,+3.584400E+04,-1.144441E+00,+0.000000E+00,+9.910000E+37,+4.212920E+02,+3.584400E+04
16:23:11,0e0,+5.178522E-01,+5.779500E-04,+9.910000E+37,+4.215166E+02,+3.584400E+04,+5.174423E-01,+5.779500E-04,+9.910000E+37,+4.215840E+02,+3.584400E+04,+5.172149E-01,+5.779500E-04,+9.910000E+37,+4.216494E+02,+3.584400E+04,-1.417360E+00,+0.000000E+00,+9.910000E+37,+4.217158E+02,+3.584400E+04
16:23:11,0e0,+5.226312E-01,+6.105500E-04,+9.910000E+37,+4.219453E+02,+3.584400E+04,+5.234971E-01,+6.105500E-04,+9.910000E+37,+4.220117E+02,+3.584400E+04,+5.219933E-01,+6.105500E-04,+9.910000E+37,+4.220781E+02,+3.584400E+04,-1.592660E+00,+0.000000E+00,+9.910000E+37,+4.221455E+02,+3.584400E+04
16:23:11,0e0,+5.290520E-01,+6.449500E-04,+9.910000E+37,+4.223730E+02,+3.584400E+04,+5.292802E-01,+6.449500E-04,+9.910000E+37,+4.224395E+02,+3.584400E+04,+5.304636E-01,+6.449500E-04,+9.910000E+37,+4.225068E+02,+3.584400E+04,-1.877556E+00,+0.000000E+00,+9.910000E+37,+4.225723E+02,+3.584400E+04
16:23:11,0e0,+5.355182E-01,+6.813000E-04,+9.910000E+37,+4.227969E+02,+3.584400E+04,+5.364277E-01,+6.813000E-04,+9.910000E+37,+4.228633E+02,+3.584400E+04,+5.346980E-01,+6.813000E-04,+9.910000E+37,+4.229307E+02,+3.584400E+04,-2.037782E+00,+0.000000E+00,+9.910000E+37,+4.229980E+02,+3.584400E+04
16:23:11,0e0,+5.421192E-01,+7.197000E-04,+9.910000E+37,+4.232266E+02,+3.584400E+04,+5.401596E-01,+7.197000E-04,+9.910000E+37,+4.232930E+02,+3.584400E+04,+5.425286E-01,+7.197000E-04,+9.910000E+37,+4.233594E+02,+3.584400E+04,-2.320678E+00,+0.000000E+00,+9.910000E+37,+4.234268E+02,+3.584400E+04
16:23:11,0e0,+5.491760E-01,+7.602500E-04,+9.910000E+37,+4.236523E+02,+3.584400E+04,+5.474002E-01,+7.602500E-04,+9.910000E+37,+4.237197E+02,+3.584400E+04,+5.466703E-01,+7.602500E-04,+9.910000E+37,+4.237861E+02,+3.584400E+04,-2.422804E+00,+0.000000E+00,+9.910000E+37,+4.238535E+02,+3.584400E+04
16:23:11,0e0,+5.545939E-01,+8.031000E-04,+9.910000E+37,+4.240801E+02,+3.584400E+04,+5.536818E-01,+8.031000E-04,+9.910000E+37,+4.241455E+02,+3.584400E+04,+5.545950E-01,+8.031000E-04,+9.910000E+37,+4.242129E+02,+3.584400E+04,-2.573468E+00,+0.000000E+00,+9.910000E+37,+4.242793E+02,+3.584400E+04
16:23:11,0e0,+5.614690E-01,+8.483500E-04,+9.910000E+37,+4.245029E+02,+3.584400E+04,+5.628804E-01,+8.483500E-04,+9.910000E+37,+4.245703E+02,+3.584400E+04,+5.599207E-01,+8.483500E-04,+9.910000E+37,+4.246357E+02,+3.584400E+04,-2.887505E+00,+0.000000E+00,+9.910000E+37,+4.247021E+02,+3.584400E+04
16:23:11,0e0,+5.684354E-01,+8.961500E-04,+9.910000E+37,+4.249287E+02,+3.584400E+04,+5.679353E-01,+8.961500E-04,+9.910000E+37,+4.249951E+02,+3.584400E+04,+5.682525E-01,+8.961500E-04,+9.910000E+37,+4.250615E+02,+3.584400E+04,-2.802583E+00,+0.000000E+00,+9.910000E+37,+4.251270E+02,+3.584400E+04
16:23:11,0e0,+5.750823E-01,+9.466500E-04,+9.910000E+37,+4.253584E+02,+3.584400E+04,+5.743534E-01,+9.466500E-04,+9.910000E+37,+4.254248E+02,+3.584400E+04,+5.751737E-01,+9.466500E-04,+9.910000E+37,+4.254912E+02,+3.584400E+04,-3.176817E+00,+0.000000E+00,+9.910000E+37,+4.255586E+02,+3.584400E+04
16:23:11,0e0,+5.825484E-01,+1.000000E-03,+9.910000E+37,+4.257783E+02,+3.584400E+04,+5.815013E-01,+1.000000E-03,+9.910000E+37,+4.258447E+02,+3.584400E+04,+5.805441E-01,+1.000000E-03,+9.910000E+37,+4.259121E+02,+3.584400E+04,-3.301942E+00,+0.000000E+00,+9.910000E+37,+4.259775E+02,+3.584400E+04
16:23:11,0e0,+5.768591E-01,+1.056500E-03,+9.910000E+37,+4.262061E+02,+3.584400E+04,+5.778593E-01,+1.056500E-03,+9.910000E+37,+4.262734E+02,+3.584400E+04,+5.762652E-01,+1.056500E-03,+9.910000E+37,+4.263389E+02,+3.584400E+04,-1.813034E+00,+0.000000E+00,+9.910000E+37,+4.264062E+02,+3.584400E+04
16:23:11,0e0,+5.834593E-01,+1.116000E-03,+9.910000E+37,+4.266279E+02,+3.584400E+04,+5.827301E-01,+1.116000E-03,+9.910000E+37,+4.266943E+02,+3.584400E+04,+5.826859E-01,+1.116000E-03,+9.910000E+37,+4.267607E+02,+3.584400E+04,-1.839075E+00,+0.000000E+00,+9.910000E+37,+4.268271E+02,+3.584400E+04
16:23:11,0e0,+5.898795E-01,+1.179000E-03,+9.910000E+37,+4.270625E+02,+3.584400E+04,+5.906982E-01,+1.179000E-03,+9.910000E+37,+4.271289E+02,+3.584400E+04,+5.905623E-01,+1.179000E-03,+9.910000E+37,+4.271963E+02,+3.584400E+04,-1.840671E+00,+0.000000E+00,+9.910000E+37,+4.272627E+02,+3.584400E+04
16:23:11,0e0,+5.971181E-01,+1.245000E-03,+9.910000E+37,+4.274854E+02,+3.584400E+04,+5.981660E-01,+1.245000E-03,+9.910000E+37,+4.275518E+02,+3.584400E+04,+5.974371E-01,+1.245000E-03,+9.910000E+37,+4.276191E+02,+3.584400E+04,-1.811258E+00,+0.000000E+00,+9.910000E+37,+4.276855E+02,+3.584400E+04
16:23:11,0e0,+6.029445E-01,+1.315500E-03,+9.910000E+37,+4.279160E+02,+3.584400E+04,+6.042676E-01,+1.315500E-03,+9.910000E+37,+4.279814E+02,+3.584400E+04,+6.051330E-01,+1.315500E-03,+9.910000E+37,+4.280488E+02,+3.584400E+04,-1.825058E+00,+0.000000E+00,+9.910000E+37,+4.281143E+02,+3.584400E+04
16:23:11,0e0,+6.115962E-01,+1.389500E-03,+9.910000E+37,+4.283418E+02,+3.584400E+04,+6.114143E-01,+1.389500E-03,+9.910000E+37,+4.284082E+02,+3.584400E+04,+6.111414E-01,+1.389500E-03,+9.910000E+37,+4.284756E+02,+3.584400E+04,-1.803837E+00,+0.000000E+00,+9.910000E+37,+4.285410E+02,+3.584400E+04
16:23:11,0e0,+6.187902E-01,+1.468000E-03,+9.910000E+37,+4.287656E+02,+3.584400E+04,+6.199757E-01,+1.468000E-03,+9.910000E+37,+4.288320E+02,+3.584400E+04,+6.179239E-01,+1.468000E-03,+9.910000E+37,+4.288994E+02,+3.584400E+04,-1.792320E+00,+0.000000E+00,+9.910000E+37,+4.289648E+02,+3.584400E+04
16:23:11,0e0,+6.269853E-01,+1.550500E-03,+9.910000E+37,+4.291934E+02,+3.584400E+04,+6.255747E-01,+1.550500E-03,+9.910000E+37,+4.292607E+02,+3.584400E+04,+6.261213E-01,+1.550500E-03,+9.910000E+37,+4.293271E+02,+3.584400E+04,-1.767688E+00,+0.000000E+00,+9.910000E+37,+4.293936E+02,+3.584400E+04
16:23:11,0e0,+6.352720E-01,+1.638000E-03,+9.910000E+37,+4.296230E+02,+3.584400E+04,+6.347713E-01,+1.638000E-03,+9.910000E+37,+4.296895E+02,+3.584400E+04,+6.337692E-01,+1.638000E-03,+9.910000E+37,+4.297568E+02,+3.584400E+04,-1.809119E+00,+0.000000E+00,+9.910000E+37,+4.298223E+02,+3.584400E+04
16:23:11,0e0,+6.426029E-01,+1.730000E-03,+9.910000E+37,+4.300488E+02,+3.584400E+04,+6.425564E-01,+1.730000E-03,+9.910000E+37,+4.301162E+02,+3.584400E+04,+6.434216E-01,+1.730000E-03,+9.910000E+37,+4.301816E+02,+3.584400E+04,-1.826878E+00,+0.000000E+00,+9.910000E+37,+4.302490E+02,+3.584400E+04
16:23:11,0e0,+6.512077E-01,+1.827500E-03,+9.910000E+37,+4.304727E+02,+3.584400E+04,+6.517080E-01,+1.827500E-03,+9.910000E+37,+4.305391E+02,+3.584400E+04,+6.516620E-01,+1.827500E-03,+9.910000E+37,+4.306055E+02,+3.584400E+04,-1.850644E+00,+0.000000E+00,+9.910000E+37,+4.306719E+02,+3.584400E+04
16:23:11,0e0,+6.602225E-01,+1.930500E-03,+9.910000E+37,+4.308984E+02,+3.584400E+04,+6.594933E-01,+1.930500E-03,+9.910000E+37,+4.309648E+02,+3.584400E+04,+6.595826E-01,+1.930500E-03,+9.910000E+37,+4.310313E+02,+3.584400E+04,-1.829883E+00,+0.000000E+00,+9.910000E+37,+4.310986E+02,+3.584400E+04
16:23:11,0e0,+6.679615E-01,+2.039500E-03,+9.910000E+37,+4.313223E+02,+3.584400E+04,+6.687358E-01,+2.039500E-03,+9.910000E+37,+4.313887E+02,+3.584400E+04,+6.700565E-01,+2.039500E-03,+9.910000E+37,+4.314561E+02,+3.584400E+04,-1.821503E+00,+0.000000E+00,+9.910000E+37,+4.315215E+02,+3.584400E+04
16:23:11,0e0,+6.774771E-01,+2.154500E-03,+9.910000E+37,+4.317490E+02,+3.584400E+04,+6.763858E-01,+2.154500E-03,+9.910000E+37,+4.318164E+02,+3.584400E+04,+6.770675E-01,+2.154500E-03,+9.910000E+37,+4.318818E+02,+3.584400E+04,-1.826645E+00,+0.000000E+00,+9.910000E+37,+4.319492E+02,+3.584400E+04
16:23:11,0e0,+6.869479E-01,+2.276000E-03,+9.910000E+37,+4.321807E+02,+3.584400E+04,+6.854463E-01,+2.276000E-03,+9.910000E+37,+4.322480E+02,+3.584400E+04,+6.863098E-01,+2.276000E-03,+9.910000E+37,+4.323135E+02,+3.584400E+04,-1.830747E+00,+0.000000E+00,+9.910000E+37,+4.323809E+02,+3.584400E+04
16:23:11,0e0,+6.953701E-01,+2.404000E-03,+9.910000E+37,+4.326055E+02,+3.584400E+04,+6.957344E-01,+2.404000E-03,+9.910000E+37,+4.326729E+02,+3.584400E+04,+6.953726E-01,+2.404000E-03,+9.910000E+37,+4.327383E+02,+3.584400E+04,-1.902915E+00,+0.000000E+00,+9.910000E+37,+4.328057E+02,+3.584400E+04
16:23:11,0e0,+7.029717E-01,+2.539500E-03,+9.910000E+37,+4.330342E+02,+3.584400E+04,+7.052043E-01,+2.539500E-03,+9.910000E+37,+4.331016E+02,+3.584400E+04,+7.048411E-01,+2.539500E-03,+9.910000E+37,+4.331680E+02,+3.584400E+04,-1.835436E+00,+0.000000E+00,+9.910000E+37,+4.332354E+02,+3.584400E+04
16:23:11,0e0,+7.152667E-01,+2.682500E-03,+9.910000E+37,+4.334590E+02,+3.584400E+04,+7.150391E-01,+2.682500E-03,+9.910000E+37,+4.335254E+02,+3.584400E+04,+7.147660E-01,+2.682500E-03,+9.910000E+37,+4.335918E+02,+3.584400E+04,-1.854560E+00,+0.000000E+00,+9.910000E+37,+4.336592E+02,+3.584400E+04
16:23:11,0e0,+7.252377E-01,+2.834000E-03,+9.910000E+37,+4.338848E+02,+3.584400E+04,+7.240981E-01,+2.834000E-03,+9.910000E+37,+4.339521E+02,+3.584400E+04,+7.252393E-01,+2.834000E-03,+9.910000E+37,+4.340176E+02,+3.584400E+04,-1.844087E+00,+0.000000E+00,+9.910000E+37,+4.340840E+02,+3.584400E+04
16:23:11,0e0,+7.353011E-01,+2.993500E-03,+9.910000E+37,+4.343066E+02,+3.584400E+04,+7.355735E-01,+2.993500E-03,+9.910000E+37,+4.343730E+02,+3.584400E+04,+7.350261E-01,+2.993500E-03,+9.910000E+37,+4.344404E+02,+3.584400E+04,-1.870861E+00,+0.000000E+00,+9.910000E+37,+4.345059E+02,+3.584400E+04
16:23:11,0e0,+7.461365E-01,+3.162500E-03,+9.910000E+37,+4.347324E+02,+3.584400E+04,+7.461359E-01,+3.162500E-03,+9.910000E+37,+4.347998E+02,+3.584400E+04,+7.466367E-01,+3.162500E-03,+9.910000E+37,+4.348652E+02,+3.584400E+04,-1.835348E+00,+0.000000E+00,+9.910000E+37,+4.349326E+02,+3.584400E+04
16:23:11,0e0,+7.568352E-01,+3.340500E-03,+9.910000E+37,+4.351641E+02,+3.584400E+04,+7.566542E-01,+3.340500E-03,+9.910000E+37,+4.352295E+02,+3.584400E+04,+7.558315E-01,+3.340500E-03,+9.910000E+37,+4.352969E+02,+3.584400E+04,-1.830929E+00,+0.000000E+00,+9.910000E+37,+4.353623E+02,+3.584400E+04
16:23:11,0e0,+7.691284E-01,+3.528500E-03,+9.910000E+37,+4.355879E+02,+3.584400E+04,+7.699015E-01,+3.528500E-03,+9.910000E+37,+4.356543E+02,+3.584400E+04,+7.680805E-01,+3.528500E-03,+9.910000E+37,+4.357217E+02,+3.584400E+04,-1.865261E+00,+0.000000E+00,+9.910000E+37,+4.357881E+02,+3.584400E+04
16:23:11,0e0,+7.793719E-01,+3.727500E-03,+9.910000E+37,+4.360146E+02,+3.584400E+04,+7.798272E-01,+3.727500E-03,+9.910000E+37,+4.360820E+02,+3.584400E+04,+7.805101E-01,+3.727500E-03,+9.910000E+37,+4.361475E+02,+3.584400E+04,-1.874818E+00,+0.000000E+00,+9.910000E+37,+4.362139E+02,+3.584400E+04
16:23:11,0e0,+7.919836E-01,+3.937500E-03,+9.910000E+37,+4.364395E+02,+3.584400E+04,+7.915736E-01,+3.937500E-03,+9.910000E+37,+4.365059E+02,+3.584400E+04,+7.924840E-01,+3.937500E-03,+9.910000E+37,+4.365732E+02,+3.584400E+04,-1.835798E+00,+0.000000E+00,+9.910000E+37,+4.366396E+02,+3.584400E+04
16:23:11,0e0,+8.047318E-01,+4.159500E-03,+9.910000E+37,+4.368682E+02,+3.584400E+04,+8.043242E-01,+4.159500E-03,+9.910000E+37,+4.369336E+02,+3.584400E+04,+8.040957E-01,+4.159500E-03,+9.910000E+37,+4.370010E+02,+3.584400E+04,-1.831747E+00,+0.000000E+00,+9.910000E+37,+4.370674E+02,+3.584400E+04
16:23:11,0e0,+8.170699E-01,+4.394000E-03,+9.910000E+37,+4.372891E+02,+3.584400E+04,+8.173428E-01,+4.394000E-03,+9.910000E+37,+4.373555E+02,+3.584400E+04,+8.148832E-01,+4.394000E-03,+9.910000E+37,+4.374229E+02,+3.584400E+04,-1.871999E+00,+0.000000E+00,+9.910000E+37,+4.374893E+02,+3.584400E+04
16:23:11,0e0,+8.301371E-01,+4.641500E-03,+9.910000E+37,+4.377158E+02,+3.584400E+04,+8.299114E-01,+4.641500E-03,+9.910000E+37,+4.377832E+02,+3.584400E+04,+8.302299E-01,+4.641500E-03,+9.910000E+37,+4.378496E+02,+3.584400E+04,-1.807070E+00,+0.000000E+00,+9.910000E+37,+4.379160E+02,+3.584400E+04
16:23:11,0e0,+8.443433E-01,+4.903000E-03,+9.910000E+37,+4.381455E+02,+3.584400E+04,+8.432952E-01,+4.903000E-03,+9.910000E+37,+4.382129E+02,+3.584400E+04,+8.437055E-01,+4.903000E-03,+9.910000E+37,+4.382783E+02,+3.584400E+04,-1.843950E+00,+0.000000E+00,+9.910000E+37,+4.383457E+02,+3.584400E+04
16:23:11,0e0,+8.580467E-01,+5.179500E-03,+9.910000E+37,+4.385723E+02,+3.584400E+04,+8.572288E-01,+5.179500E-03,+9.910000E+37,+4.386387E+02,+3.584400E+04,+8.573182E-01,+5.179500E-03,+9.910000E+37,+4.387051E+02,+3.584400E+04,-1.843631E+00,+0.000000E+00,+9.910000E+37,+4.387725E+02,+3.584400E+04
16:23:11,0e0,+8.716618E-01,+5.471500E-03,+9.910000E+37,+4.389990E+02,+3.584400E+04,+8.720244E-01,+5.471500E-03,+9.910000E+37,+4.390645E+02,+3.584400E+04,+8.722978E-01,+5.471500E-03,+9.910000E+37,+4.391318E+02,+3.584400E+04,-1.858839E+00,+0.000000E+00,+9.910000E+37,+4.391973E+02,+3.584400E+04
16:23:11,0e0,+8.867306E-01,+5.779500E-03,+9.910000E+37,+4.394189E+02,+3.584400E+04,+8.875500E-01,+5.779500E-03,+9.910000E+37,+4.394863E+02,+3.584400E+04,+8.874136E-01,+5.779500E-03,+9.910000E+37,+4.395518E+02,+3.584400E+04,-1.817632E+00,+0.000000E+00,+9.910000E+37,+4.396191E+02,+3.584400E+04
16:23:11,0e0,+9.038026E-01,+6.105500E-03,+9.910000E+37,+4.398457E+02,+3.584400E+04,+9.022093E-01,+6.105500E-03,+9.910000E+37,+4.399131E+02,+3.584400E+04,+9.022554E-01,+6.105500E-03,+9.910000E+37,+4.399785E+02,+3.584400E+04,-1.810988E+00,+0.000000E+00,+9.910000E+37,+4.400449E+02,+3.584400E+04
16:23:11,0e0,+9.192853E-01,+6.449500E-03,+9.910000E+37,+4.402676E+02,+3.584400E+04,+9.189646E-01,+6.449500E-03,+9.910000E+37,+4.403350E+02,+3.584400E+04,+9.173268E-01,+6.449500E-03,+9.910000E+37,+4.404004E+02,+3.584400E+04,-1.818862E+00,+0.000000E+00,+9.910000E+37,+4.404668E+02,+3.584400E+04
16:23:11,0e0,+9.334435E-01,+6.813000E-03,+9.910000E+37,+4.406982E+02,+3.584400E+04,+9.344002E-01,+6.813000E-03,+9.910000E+37,+4.407646E+02,+3.584400E+04,+9.353095E-01,+6.813000E-03,+9.910000E+37,+4.408320E+02,+3.584400E+04,-1.835618E+00,+0.000000E+00,+9.910000E+37,+4.408975E+02,+3.584400E+04
16:23:11,0e0,+9.520636E-01,+7.197000E-03,+9.910000E+37,+4.411299E+02,+3.584400E+04,+9.520200E-01,+7.197000E-03,+9.910000E+37,+4.411953E+02,+3.584400E+04,+9.519274E-01,+7.197000E-03,+9.910000E+37,+4.412627E+02,+3.584400E+04,-1.833434E+00,+0.000000E+00,+9.910000E+37,+4.413281E+02,+3.584400E+04
16:23:11,0e0,+9.689561E-01,+7.602500E-03,+9.910000E+37,+4.415576E+02,+3.584400E+04,+9.685915E-01,+7.602500E-03,+9.910000E+37,+4.416250E+02,+3.584400E+04,+9.690015E-01,+7.602500E-03,+9.910000E+37,+4.416904E+02,+3.584400E+04,-1.838028E+00,+0.000000E+00,+9.910000E+37,+4.417578E+02,+3.584400E+04
16:23:11,0e0,+9.883995E-01,+8.031000E-03,+9.910000E+37,+4.419893E+02,+3.584400E+04,+9.878509E-01,+8.031000E-03,+9.910000E+37,+4.420557E+02,+3.584400E+04,+9.879416E-01,+8.031000E-03,+9.910000E+37,+4.421221E+02,+3.584400E+04,-1.843403E+00,+0.000000E+00,+9.910000E+37,+4.421885E+02,+3.584400E+04
16:23:11,0e0,+1.007657E+00,+8.483500E-03,+9.910000E+37,+4.424209E+02,+3.584400E+04,+1.005881E+00,+8.483500E-03,+9.910000E+37,+4.424883E+02,+3.584400E+04,+1.006381E+00,+8.483500E-03,+9.910000E+37,+4.425547E+02,+3.584400E+04,-1.788037E+00,+0.000000E+00,+9.910000E+37,+4.426221E+02,+3.584400E+04
16:23:11,0e0,+1.025322E+00,+8.961500E-03,+9.910000E+37,+4.428477E+02,+3.584400E+04,+1.025274E+00,+8.961500E-03,+9.910000E+37,+4.429141E+02,+3.584400E+04,+1.026005E+00,+8.961500E-03,+9.910000E+37,+4.429814E+02,+3.584400E+04,-1.800830E+00,+0.000000E+00,+9.910000E+37,+4.430469E+02,+3.584400E+04
16:23:11,0e0,+1.046629E+00,+9.466500E-03,+9.910000E+37,+4.432734E+02,+3.584400E+04,+1.045129E+00,+9.466500E-03,+9.910000E+37,+4.433408E+02,+3.584400E+04,+1.044716E+00,+9.466500E-03,+9.910000E+37,+4.434072E+02,+3.584400E+04,-1.769368E+00,+0.000000E+00,+9.910000E+37,+4.434736E+02,+3.584400E+04
