16:09:40,0e0,-2.422462E+00,+1.000000E-07,+9.910000E+37,+5.156826E+02,+3.584400E+04,+4.904902E-02,+1.000000E-07,+9.910000E+37,+5.157500E+02,+3.584400E+04,+4.768279E-02,+1.000000E-07,+9.910000E+37,+5.158154E+02,+3.584400E+04,+1.385285E-02,+0.000000E+00,+9.910000E+37,+5.158828E+02,+3.584400E+04
16:09:40,0e0,-1.767763E+00,+1.056500E-07,+9.910000E+37,+5.161172E+02,+3.584400E+04,+4.841116E-02,+1.056500E-07,+9.910000E+37,+5.161846E+02,+3.584400E+04,+4.982290E-02,+1.056500E-07,+9.910000E+37,+5.162520E+02,+3.584400E+04,+1.353425E-02,+0.000000E+00,+9.910000E+37,+5.163184E+02,+3.584400E+04
16:09:40,0e0,-1.311416E+00,+1.116000E-07,+9.910000E+37,+5.165439E+02,+3.584400E+04,+5.141672E-02,+1.116000E-07,+9.910000E+37,+5.166113E+02,+3.584400E+04,+5.282798E-02,+1.116000E-07,+9.910000E+37,+5.166768E+02,+3.584400E+04,+1.316984E-02,+0.000000E+00,+9.910000E+37,+5.167432E+02,+3.584400E+04
16:09:40,0e0,-1.316333E+00,+1.179000E-07,+9.910000E+37,+5.169717E+02,+3.584400E+04,+5.282795E-02,+1.179000E-07,+9.910000E+37,+5.170381E+02,+3.584400E+04,+5.314723E-02,+1.179000E-07,+9.910000E+37,+5.171045E+02,+3.584400E+04,+1.353404E-02,+0.000000E+00,+9.910000E+37,+5.171709E+02,+3.584400E+04
16:09:40,0e0,-1.314466E+00,+1.245000E-07,+9.910000E+37,+5.173984E+02,+3.584400E+04,+5.583334E-02,+1.245000E-07,+9.910000E+37,+5.174648E+02,+3.584400E+04,+5.442166E-02,+1.245000E-07,+9.910000E+37,+5.175313E+02,+3.584400E+04,+1.316974E-02,+0.000000E+00,+9.910000E+37,+5.175977E+02,+3.584400E+04
16:09:40,0e0,-5.508973E-01,+1.315500E-07,+9.910000E+37,+5.178320E+02,+3.584400E+04,+5.656177E-02,+1.315500E-07,+9.910000E+37,+5.178984E+02,+3.584400E+04,+5.660737E-02,+1.315500E-07,+9.910000E+37,+5.179658E+02,+3.584400E+04,+1.417153E-02,+0.000000E+00,+9.910000E+37,+5.180322E+02,+3.584400E+04
16:09:40,0e0,-4.357860E-01,+1.389500E-07,+9.910000E+37,+5.182607E+02,+3.584400E+04,+5.783647E-02,+1.389500E-07,+9.910000E+37,+5.183271E+02,+3.584400E+04,+5.788204E-02,+1.389500E-07,+9.910000E+37,+5.183945E+02,+3.584400E+04,+1.403490E-02,+0.000000E+00,+9.910000E+37,+5.184609E+02,+3.584400E+04
16:09:40,0e0,-6.660998E-01,+1.468000E-07,+9.910000E+37,+5.186904E+02,+3.584400E+04,+6.038627E-02,+1.468000E-07,+9.910000E+37,+5.187568E+02,+3.584400E+04,+5.961221E-02,+1.468000E-07,+9.910000E+37,+5.188242E+02,+3.584400E+04,+1.576523E-02,+0.000000E+00,+9.910000E+37,+5.188906E+02,+3.584400E+04
16:09:40,0e0,-5.764422E-01,+1.550500E-07,+9.910000E+37,+5.191240E+02,+3.584400E+04,+6.270847E-02,+1.550500E-07,+9.910000E+37,+5.191904E+02,+3.584400E+04,+6.384674E-02,+1.550500E-07,+9.910000E+37,+5.192568E+02,+3.584400E+04,+1.453580E-02,+0.000000E+00,+9.910000E+37,+5.193232E+02,+3.584400E+04
16:09:40,0e0,-4.162516E-01,+1.638000E-07,+9.910000E+37,+5.195596E+02,+3.584400E+04,+6.439319E-02,+1.638000E-07,+9.910000E+37,+5.196260E+02,+3.584400E+04,+6.416544E-02,+1.638000E-07,+9.910000E+37,+5.196924E+02,+3.584400E+04,+1.676685E-02,+0.000000E+00,+9.910000E+37,+5.197588E+02,+3.584400E+04
16:09:40,0e0,+2.300468E-02,+1.730000E-07,+9.910000E+37,+5.199883E+02,+3.584400E+04,+6.352791E-02,+1.730000E-07,+9.910000E+37,+5.200547E+02,+3.584400E+04,+6.411996E-02,+1.730000E-07,+9.910000E+37,+5.201211E+02,+3.584400E+04,+1.326095E-02,+0.000000E+00,+9.910000E+37,+5.201875E+02,+3.584400E+04
16:09:40,0e0,-1.715401E-02,+1.827500E-07,+9.910000E+37,+5.204141E+02,+3.584400E+04,+6.735262E-02,+1.827500E-07,+9.910000E+37,+5.204805E+02,+3.584400E+04,+6.739792E-02,+1.827500E-07,+9.910000E+37,+5.205479E+02,+3.584400E+04,+1.581073E-02,+0.000000E+00,+9.910000E+37,+5.206133E+02,+3.584400E+04
16:09:40,0e0,-2.128929E-03,+1.930500E-07,+9.910000E+37,+5.208428E+02,+3.584400E+04,+6.921914E-02,+1.930500E-07,+9.910000E+37,+5.209092E+02,+3.584400E+04,+6.917378E-02,+1.930500E-07,+9.910000E+37,+5.209756E+02,+3.584400E+04,+1.603834E-02,+0.000000E+00,+9.910000E+37,+5.210420E+02,+3.584400E+04
16:09:40,0e0,+7.022104E-02,+2.039500E-07,+9.910000E+37,+5.212676E+02,+3.584400E+04,+7.044882E-02,+2.039500E-07,+9.910000E+37,+5.213340E+02,+3.584400E+04,+7.081282E-02,+2.039500E-07,+9.910000E+37,+5.214004E+02,+3.584400E+04,+1.567382E-02,+0.000000E+00,+9.910000E+37,+5.214678E+02,+3.584400E+04
16:09:40,0e0,+7.158700E-02,+2.154500E-07,+9.910000E+37,+5.216992E+02,+3.584400E+04,+7.067645E-02,+2.154500E-07,+9.910000E+37,+5.217656E+02,+3.584400E+04,+6.962878E-02,+2.154500E-07,+9.910000E+37,+5.218320E+02,+3.584400E+04,+1.007369E-02,+0.000000E+00,+9.910000E+37,+5.218994E+02,+3.584400E+04
16:09:40,0e0,+7.368138E-02,+2.276000E-07,+9.910000E+37,+5.221299E+02,+3.584400E+04,+7.290784E-02,+2.276000E-07,+9.910000E+37,+5.221963E+02,+3.584400E+04,+7.167763E-02,+2.276000E-07,+9.910000E+37,+5.222637E+02,+3.584400E+04,+1.239568E-02,+0.000000E+00,+9.910000E+37,+5.223291E+02,+3.584400E+04
16:09:40,0e0,+7.381806E-02,+2.404000E-07,+9.910000E+37,+5.225625E+02,+3.584400E+04,+7.409114E-02,+2.404000E-07,+9.910000E+37,+5.226289E+02,+3.584400E+04,+7.491079E-02,+2.404000E-07,+9.910000E+37,+5.226953E+02,+3.584400E+04,+4.200161E-03,+0.000000E+00,+9.910000E+37,+5.227617E+02,+3.584400E+04
16:09:40,0e0,+7.504717E-02,+2.539500E-07,+9.910000E+37,+5.229912E+02,+3.584400E+04,+7.568473E-02,+2.539500E-07,+9.910000E+37,+5.230586E+02,+3.584400E+04,+7.632276E-02,+2.539500E-07,+9.910000E+37,+5.231260E+02,+3.584400E+04,+9.162813E-03,+0.000000E+00,+9.910000E+37,+5.231924E+02,+3.584400E+04
16:09:40,0e0,+7.805255E-02,+2.682500E-07,+9.910000E+37,+5.234258E+02,+3.584400E+04,+7.777923E-02,+2.682500E-07,+9.910000E+37,+5.234932E+02,+3.584400E+04,+7.837132E-02,+2.682500E-07,+9.910000E+37,+5.235596E+02,+3.584400E+04,+1.125738E-02,+0.000000E+00,+9.910000E+37,+5.236260E+02,+3.584400E+04
16:09:40,0e0,+8.160377E-02,+2.834000E-07,+9.910000E+37,+5.238496E+02,+3.584400E+04,+8.324376E-02,+2.834000E-07,+9.910000E+37,+5.239160E+02,+3.584400E+04,+8.397180E-02,+2.834000E-07,+9.910000E+37,+5.239824E+02,+3.584400E+04,+1.886122E-02,+0.000000E+00,+9.910000E+37,+5.240488E+02,+3.584400E+04
16:09:40,0e0,+8.465427E-02,+2.993500E-07,+9.910000E+37,+5.242764E+02,+3.584400E+04,+8.479148E-02,+2.993500E-07,+9.910000E+37,+5.243428E+02,+3.584400E+04,+8.524653E-02,+2.993500E-07,+9.910000E+37,+5.244092E+02,+3.584400E+04,+1.954418E-02,+0.000000E+00,+9.910000E+37,+5.244756E+02,+3.584400E+04
16:09:40,0e0,+8.556512E-02,+3.162500E-07,+9.910000E+37,+5.247041E+02,+3.584400E+04,+8.661231E-02,+3.162500E-07,+9.910000E+37,+5.247705E+02,+3.584400E+04,+8.542854E-02,+3.162500E-07,+9.910000E+37,+5.248379E+02,+3.584400E+04,+1.922546E-02,+0.000000E+00,+9.910000E+37,+5.249033E+02,+3.584400E+04
16:09:40,0e0,+8.875212E-02,+3.340500E-07,+9.910000E+37,+5.251348E+02,+3.584400E+04,+8.738622E-02,+3.340500E-07,+9.910000E+37,+5.252012E+02,+3.584400E+04,+8.765990E-02,+3.340500E-07,+9.910000E+37,+5.252686E+02,+3.584400E+04,+1.990841E-02,+0.000000E+00,+9.910000E+37,+5.253340E+02,+3.584400E+04
16:09:40,0e0,+9.034580E-02,+3.528500E-07,+9.910000E+37,+5.255635E+02,+3.584400E+04,+8.989057E-02,+3.528500E-07,+9.910000E+37,+5.256299E+02,+3.584400E+04,+8.961734E-02,+3.528500E-07,+9.910000E+37,+5.256963E+02,+3.584400E+04,+1.908879E-02,+0.000000E+00,+9.910000E+37,+5.257627E+02,+3.584400E+04
16:09:40,0e0,+9.166613E-02,+3.727500E-07,+9.910000E+37,+5.259951E+02,+3.584400E+04,+9.102857E-02,+3.727500E-07,+9.910000E+37,+5.260625E+02,+3.584400E+04,+9.234929E-02,+3.727500E-07,+9.910000E+37,+5.261299E+02,+3.584400E+04,+1.804131E-02,+0.000000E+00,+9.910000E+37,+5.261963E+02,+3.584400E+04
16:09:40,0e0,+9.394297E-02,+3.937500E-07,+9.910000E+37,+5.264258E+02,+3.584400E+04,+9.362441E-02,+3.937500E-07,+9.910000E+37,+5.264922E+02,+3.584400E+04,+9.412515E-02,+3.937500E-07,+9.910000E+37,+5.265586E+02,+3.584400E+04,+2.054605E-02,+0.000000E+00,+9.910000E+37,+5.266250E+02,+3.584400E+04
16:09:40,0e0,+9.508121E-02,+4.159500E-07,+9.910000E+37,+5.268633E+02,+3.584400E+04,+9.526321E-02,+4.159500E-07,+9.910000E+37,+5.269297E+02,+3.584400E+04,+9.672028E-02,+4.159500E-07,+9.910000E+37,+5.269971E+02,+3.584400E+04,+1.986285E-02,+0.000000E+00,+9.910000E+37,+5.270625E+02,+3.584400E+04
16:09:40,0e0,+9.758595E-02,+4.394000E-07,+9.910000E+37,+5.272852E+02,+3.584400E+04,+9.708416E-02,+4.394000E-07,+9.910000E+37,+5.273525E+02,+3.584400E+04,+9.790403E-02,+4.394000E-07,+9.910000E+37,+5.274199E+02,+3.584400E+04,+1.945330E-02,+0.000000E+00,+9.910000E+37,+5.274873E+02,+3.584400E+04
16:09:40,0e0,+1.003630E-01,+4.641500E-07,+9.910000E+37,+5.277139E+02,+3.584400E+04,+9.977087E-02,+4.641500E-07,+9.910000E+37,+5.277812E+02,+3.584400E+04,+1.003174E-01,+4.641500E-07,+9.910000E+37,+5.278477E+02,+3.584400E+04,+1.995379E-02,+0.000000E+00,+9.910000E+37,+5.279131E+02,+3.584400E+04
16:09:40,0e0,+1.016373E-01,+4.903000E-07,+9.910000E+37,+5.281406E+02,+3.584400E+04,+1.035503E-01,+4.903000E-07,+9.910000E+37,+5.282070E+02,+3.584400E+04,+1.019565E-01,+4.903000E-07,+9.910000E+37,+5.282734E+02,+3.584400E+04,-4.788820E-02,+0.000000E+00,+9.910000E+37,+5.283398E+02,+3.584400E+04
16:09:40,0e0,+1.047336E-01,+5.179500E-07,+9.910000E+37,+5.285654E+02,+3.584400E+04,+1.048707E-01,+5.179500E-07,+9.910000E+37,+5.286328E+02,+3.584400E+04,+1.045515E-01,+5.179500E-07,+9.910000E+37,+5.286982E+02,+3.584400E+04,-7.638320E-03,+0.000000E+00,+9.910000E+37,+5.287646E+02,+3.584400E+04
16:09:40,0e0,+1.063272E-01,+5.471500E-07,+9.910000E+37,+5.289912E+02,+3.584400E+04,+1.072381E-01,+5.471500E-07,+9.910000E+37,+5.290576E+02,+3.584400E+04,+1.057357E-01,+5.471500E-07,+9.910000E+37,+5.291240E+02,+3.584400E+04,-1.710969E-01,+0.000000E+00,+9.910000E+37,+5.291914E+02,+3.584400E+04
16:09:40,0e0,+1.094235E-01,+5.779500E-07,+9.910000E+37,+5.294268E+02,+3.584400E+04,+1.092869E-01,+5.779500E-07,+9.910000E+37,+5.294932E+02,+3.584400E+04,+1.090137E-01,+5.779500E-07,+9.910000E+37,+5.295596E+02,+3.584400E+04,-3.294171E-01,+0.000000E+00,+9.910000E+37,+5.296260E+02,+3.584400E+04
16:09:40,0e0,+1.106074E-01,+6.105500E-07,+9.910000E+37,+5.298564E+02,+3.584400E+04,+1.105620E-01,+6.105500E-07,+9.910000E+37,+5.299229E+02,+3.584400E+04,+1.105620E-01,+6.105500E-07,+9.910000E+37,+5.299883E+02,+3.584400E+04,-5.964314E-01,+0.000000E+00,+9.910000E+37,+5.300547E+02,+3.584400E+04
16:09:40,0e0,+1.130207E-01,+6.449500E-07,+9.910000E+37,+5.302832E+02,+3.584400E+04,+1.132026E-01,+6.449500E-07,+9.910000E+37,+5.303506E+02,+3.584400E+04,+1.127479E-01,+6.449500E-07,+9.910000E+37,+5.304170E+02,+3.584400E+04,-9.316113E-01,+0.000000E+00,+9.910000E+37,+5.304834E+02,+3.584400E+04
16:09:40,0e0,+1.155246E-01,+6.813000E-07,+9.910000E+37,+5.307080E+02,+3.584400E+04,+1.150694E-01,+6.813000E-07,+9.910000E+37,+5.307744E+02,+3.584400E+04,+1.152972E-01,+6.813000E-07,+9.910000E+37,+5.308408E+02,+3.584400E+04,-1.490363E+00,+0.000000E+00,+9.910000E+37,+5.309072E+02,+3.584400E+04
16:09:40,0e0,+1.169821E-01,+7.197000E-07,+9.910000E+37,+5.311387E+02,+3.584400E+04,+1.171182E-01,+7.197000E-07,+9.910000E+37,+5.312051E+02,+3.584400E+04,+1.178471E-01,+7.197000E-07,+9.910000E+37,+5.312715E+02,+3.584400E+04,-1.825727E+00,+0.000000E+00,+9.910000E+37,+5.313379E+02,+3.584400E+04
16:09:40,0e0,+1.205335E-01,+7.602500E-07,+9.910000E+37,+5.315664E+02,+3.584400E+04,+1.204423E-01,+7.602500E-07,+9.910000E+37,+5.316328E+02,+3.584400E+04,+1.208524E-01,+7.602500E-07,+9.910000E+37,+5.316992E+02,+3.584400E+04,-2.754037E+00,+0.000000E+00,+9.910000E+37,+5.317656E+02,+3.584400E+04
16:09:40,0e0,+1.225365E-01,+8.031000E-07,+9.910000E+37,+5.320029E+02,+3.584400E+04,+1.229464E-01,+8.031000E-07,+9.910000E+37,+5.320703E+02,+3.584400E+04,+1.230378E-01,+8.031000E-07,+9.910000E+37,+5.321377E+02,+3.584400E+04,-3.528033E+00,+0.000000E+00,+9.910000E+37,+5.322031E+02,+3.584400E+04
16:09:40,0e0,+1.254959E-01,+8.483500E-07,+9.910000E+37,+5.324297E+02,+3.584400E+04,+1.244489E-01,+8.483500E-07,+9.910000E+37,+5.324961E+02,+3.584400E+04,+1.251319E-01,+8.483500E-07,+9.910000E+37,+5.325625E+02,+3.584400E+04,-4.471415E+00,+0.000000E+00,+9.910000E+37,+5.326289E+02,+3.584400E+04
16:09:40,0e0,+1.269987E-01,+8.961500E-07,+9.910000E+37,+5.328545E+02,+3.584400E+04,+1.269987E-01,+8.961500E-07,+9.910000E+37,+5.329219E+02,+3.584400E+04,+1.284558E-01,+8.961500E-07,+9.910000E+37,+5.329893E+02,+3.584400E+04,-5.138679E+00,+0.000000E+00,+9.910000E+37,+5.330566E+02,+3.584400E+04
16:09:40,0e0,+1.310055E-01,+9.466500E-07,+9.910000E+37,+5.332930E+02,+3.584400E+04,+1.295944E-01,+9.466500E-07,+9.910000E+37,+5.333594E+02,+3.584400E+04,+1.291387E-01,+9.466500E-07,+9.910000E+37,+5.334268E+02,+3.584400E+04,-6.000686E+00,+0.000000E+00,+9.910000E+37,+5.334941E+02,+3.584400E+04
16:09:40,0e0,+1.322352E-01,+1.000000E-06,+9.910000E+37,+5.337197E+02,+3.584400E+04,+1.322805E-01,+1.000000E-06,+9.910000E+37,+5.337871E+02,+3.584400E+04,+1.341926E-01,+1.000000E-06,+9.910000E+37,+5.338545E+02,+3.584400E+04,-7.581027E+00,+0.000000E+00,+9.910000E+37,+5.339209E+02,+3.584400E+04
16:09:40,0e0,+1.243124E-01,+1.056500E-06,+9.910000E+37,+5.341494E+02,+3.584400E+04,+1.235383E-01,+1.056500E-06,+9.910000E+37,+5.342148E+02,+3.584400E+04,+1.247224E-01,+1.056500E-06,+9.910000E+37,+5.342813E+02,+3.584400E+04,+2.059130E-02,+0.000000E+00,+9.910000E+37,+5.343486E+02,+3.584400E+04
16:09:40,0e0,+1.262251E-01,+1.116000E-06,+9.910000E+37,+5.345811E+02,+3.584400E+04,+1.249039E-01,+1.116000E-06,+9.910000E+37,+5.346484E+02,+3.584400E+04,+1.276363E-01,+1.116000E-06,+9.910000E+37,+5.347139E+02,+3.584400E+04,+2.145626E-02,+0.000000E+00,+9.910000E+37,+5.347812E+02,+3.584400E+04
16:09:40,0e0,+1.284104E-01,+1.179000E-06,+9.910000E+37,+5.350117E+02,+3.584400E+04,+1.275449E-01,+1.179000E-06,+9.910000E+37,+5.350791E+02,+3.584400E+04,+1.277270E-01,+1.179000E-06,+9.910000E+37,+5.351445E+02,+3.584400E+04,+1.954396E-02,+0.000000E+00,+9.910000E+37,+5.352109E+02,+3.584400E+04
16:09:40,0e0,+1.294575E-01,+1.245000E-06,+9.910000E+37,+5.354404E+02,+3.584400E+04,+1.303226E-01,+1.245000E-06,+9.910000E+37,+5.355078E+02,+3.584400E+04,+1.294117E-01,+1.245000E-06,+9.910000E+37,+5.355732E+02,+3.584400E+04,+2.050032E-02,+0.000000E+00,+9.910000E+37,+5.356396E+02,+3.584400E+04
16:09:40,0e0,+1.322348E-01,+1.315500E-06,+9.910000E+37,+5.358652E+02,+3.584400E+04,+1.312328E-01,+1.315500E-06,+9.910000E+37,+5.359326E+02,+3.584400E+04,+1.327360E-01,+1.315500E-06,+9.910000E+37,+5.359980E+02,+3.584400E+04,+2.090991E-02,+0.000000E+00,+9.910000E+37,+5.360645E+02,+3.584400E+04
16:09:40,0e0,+1.341015E-01,+1.389500E-06,+9.910000E+37,+5.362920E+02,+3.584400E+04,+1.348301E-01,+1.389500E-06,+9.910000E+37,+5.363594E+02,+3.584400E+04,+1.339191E-01,+1.389500E-06,+9.910000E+37,+5.364248E+02,+3.584400E+04,+2.050066E-02,+0.000000E+00,+9.910000E+37,+5.364912E+02,+3.584400E+04
16:09:40,0e0,+1.352394E-01,+1.468000E-06,+9.910000E+37,+5.367158E+02,+3.584400E+04,+1.366511E-01,+1.468000E-06,+9.910000E+37,+5.367822E+02,+3.584400E+04,+1.352401E-01,+1.468000E-06,+9.910000E+37,+5.368477E+02,+3.584400E+04,+1.977164E-02,+0.000000E+00,+9.910000E+37,+5.369141E+02,+3.584400E+04
16:09:40,0e0,+1.380623E-01,+1.550500E-06,+9.910000E+37,+5.371406E+02,+3.584400E+04,+1.383361E-01,+1.550500E-06,+9.910000E+37,+5.372080E+02,+3.584400E+04,+1.384271E-01,+1.550500E-06,+9.910000E+37,+5.372734E+02,+3.584400E+04,+2.054572E-02,+0.000000E+00,+9.910000E+37,+5.373398E+02,+3.584400E+04
16:09:40,0e0,+1.417513E-01,+1.638000E-06,+9.910000E+37,+5.375674E+02,+3.584400E+04,+1.403849E-01,+1.638000E-06,+9.910000E+37,+5.376348E+02,+3.584400E+04,+1.390643E-01,+1.638000E-06,+9.910000E+37,+5.377002E+02,+3.584400E+04,+2.045451E-02,+0.000000E+00,+9.910000E+37,+5.377666E+02,+3.584400E+04
16:09:40,0e0,+1.420695E-01,+1.730000E-06,+9.910000E+37,+5.380029E+02,+3.584400E+04,+1.425705E-01,+1.730000E-06,+9.910000E+37,+5.380693E+02,+3.584400E+04,+1.426612E-01,+1.730000E-06,+9.910000E+37,+5.381357E+02,+3.584400E+04,+2.095549E-02,+0.000000E+00,+9.910000E+37,+5.382031E+02,+3.584400E+04
16:09:40,0e0,+1.448921E-01,+1.827500E-06,+9.910000E+37,+5.384307E+02,+3.584400E+04,+1.443461E-01,+1.827500E-06,+9.910000E+37,+5.384971E+02,+3.584400E+04,+1.453937E-01,+1.827500E-06,+9.910000E+37,+5.385635E+02,+3.584400E+04,+2.009010E-02,+0.000000E+00,+9.910000E+37,+5.386299E+02,+3.584400E+04
16:09:40,0e0,+1.468501E-01,+1.930500E-06,+9.910000E+37,+5.388672E+02,+3.584400E+04,+1.466687E-01,+1.930500E-06,+9.910000E+37,+5.389336E+02,+3.584400E+04,+1.464861E-01,+1.930500E-06,+9.910000E+37,+5.390010E+02,+3.584400E+04,+1.954384E-02,+0.000000E+00,+9.910000E+37,+5.390684E+02,+3.584400E+04
16:09:40,0e0,+1.483075E-01,+2.039500E-06,+9.910000E+37,+5.392949E+02,+3.584400E+04,+1.491726E-01,+2.039500E-06,+9.910000E+37,+5.393623E+02,+3.584400E+04,+1.493092E-01,+2.039500E-06,+9.910000E+37,+5.394277E+02,+3.584400E+04,+2.054545E-02,+0.000000E+00,+9.910000E+37,+5.394941E+02,+3.584400E+04
16:09:40,0e0,+1.518132E-01,+2.154500E-06,+9.910000E+37,+5.397227E+02,+3.584400E+04,+1.515862E-01,+2.154500E-06,+9.910000E+37,+5.397900E+02,+3.584400E+04,+1.509023E-01,+2.154500E-06,+9.910000E+37,+5.398555E+02,+3.584400E+04,+2.063668E-02,+0.000000E+00,+9.910000E+37,+5.399219E+02,+3.584400E+04
16:09:40,0e0,+1.544993E-01,+2.276000E-06,+9.910000E+37,+5.401602E+02,+3.584400E+04,+1.534521E-01,+2.276000E-06,+9.910000E+37,+5.402266E+02,+3.584400E+04,+1.531331E-01,+2.276000E-06,+9.910000E+37,+5.402920E+02,+3.584400E+04,+2.013603E-02,+0.000000E+00,+9.910000E+37,+5.403584E+02,+3.584400E+04
16:09:40,0e0,+1.561847E-01,+2.404000E-06,+9.910000E+37,+5.405879E+02,+3.584400E+04,+1.565938E-01,+2.404000E-06,+9.910000E+37,+5.406543E+02,+3.584400E+04,+1.564116E-01,+2.404000E-06,+9.910000E+37,+5.407217E+02,+3.584400E+04,+1.963483E-02,+0.000000E+00,+9.910000E+37,+5.407871E+02,+3.584400E+04
16:09:40,0e0,+1.588708E-01,+2.539500E-06,+9.910000E+37,+5.410215E+02,+3.584400E+04,+1.582332E-01,+2.539500E-06,+9.910000E+37,+5.410889E+02,+3.584400E+04,+1.574134E-01,+2.539500E-06,+9.910000E+37,+5.411543E+02,+3.584400E+04,+2.095543E-02,+0.000000E+00,+9.910000E+37,+5.412207E+02,+3.584400E+04
16:09:40,0e0,+1.600997E-01,+2.682500E-06,+9.910000E+37,+5.414463E+02,+3.584400E+04,+1.621497E-01,+2.682500E-06,+9.910000E+37,+5.415127E+02,+3.584400E+04,+1.610560E-01,+2.682500E-06,+9.910000E+37,+5.415801E+02,+3.584400E+04,+1.913384E-02,+0.000000E+00,+9.910000E+37,+5.416475E+02,+3.584400E+04
16:09:40,0e0,+1.628771E-01,+2.834000E-06,+9.910000E+37,+5.418779E+02,+3.584400E+04,+1.632868E-01,+2.834000E-06,+9.910000E+37,+5.419443E+02,+3.584400E+04,+1.641069E-01,+2.834000E-06,+9.910000E+37,+5.420107E+02,+3.584400E+04,+1.931652E-02,+0.000000E+00,+9.910000E+37,+5.420771E+02,+3.584400E+04
16:09:40,0e0,+1.660644E-01,+2.993500E-06,+9.910000E+37,+5.423096E+02,+3.584400E+04,+1.650172E-01,+2.993500E-06,+9.910000E+37,+5.423760E+02,+3.584400E+04,+1.665656E-01,+2.993500E-06,+9.910000E+37,+5.424424E+02,+3.584400E+04,+2.100086E-02,+0.000000E+00,+9.910000E+37,+5.425088E+02,+3.584400E+04
16:09:40,0e0,+1.687053E-01,+3.162500E-06,+9.910000E+37,+5.427422E+02,+3.584400E+04,+1.673849E-01,+3.162500E-06,+9.910000E+37,+5.428086E+02,+3.584400E+04,+1.682956E-01,+3.162500E-06,+9.910000E+37,+5.428740E+02,+3.584400E+04,+2.004458E-02,+0.000000E+00,+9.910000E+37,+5.429404E+02,+3.584400E+04
16:09:40,0e0,+1.703446E-01,+3.340500E-06,+9.910000E+37,+5.431670E+02,+3.584400E+04,+1.713918E-01,+3.340500E-06,+9.910000E+37,+5.432324E+02,+3.584400E+04,+1.706627E-01,+3.340500E-06,+9.910000E+37,+5.432988E+02,+3.584400E+04,+2.209358E-02,+0.000000E+00,+9.910000E+37,+5.433652E+02,+3.584400E+04
16:09:40,0e0,+1.747155E-01,+3.528500E-06,+9.910000E+37,+5.435898E+02,+3.584400E+04,+1.738965E-01,+3.528500E-06,+9.910000E+37,+5.436563E+02,+3.584400E+04,+1.737139E-01,+3.528500E-06,+9.910000E+37,+5.437227E+02,+3.584400E+04,+2.072772E-02,+0.000000E+00,+9.910000E+37,+5.437900E+02,+3.584400E+04
16:09:40,0e0,+1.762178E-01,+3.727500E-06,+9.910000E+37,+5.440146E+02,+3.584400E+04,+1.763554E-01,+3.727500E-06,+9.910000E+37,+5.440820E+02,+3.584400E+04,+1.755347E-01,+3.727500E-06,+9.910000E+37,+5.441494E+02,+3.584400E+04,+2.104637E-02,+0.000000E+00,+9.910000E+37,+5.442168E+02,+3.584400E+04
16:09:40,0e0,+1.788591E-01,+3.937500E-06,+9.910000E+37,+5.444414E+02,+3.584400E+04,+1.788132E-01,+3.937500E-06,+9.910000E+37,+5.445078E+02,+3.584400E+04,+1.789503E-01,+3.937500E-06,+9.910000E+37,+5.445742E+02,+3.584400E+04,+2.095538E-02,+0.000000E+00,+9.910000E+37,+5.446406E+02,+3.584400E+04
16:09:40,0e0,+1.812721E-01,+4.159500E-06,+9.910000E+37,+5.448623E+02,+3.584400E+04,+1.811808E-01,+4.159500E-06,+9.910000E+37,+5.449297E+02,+3.584400E+04,+1.807707E-01,+4.159500E-06,+9.910000E+37,+5.449951E+02,+3.584400E+04,+2.236667E-02,+0.000000E+00,+9.910000E+37,+5.450615E+02,+3.584400E+04
16:09:40,0e0,+1.845049E-01,+4.394000E-06,+9.910000E+37,+5.452920E+02,+3.584400E+04,+1.833209E-01,+4.394000E-06,+9.910000E+37,+5.453584E+02,+3.584400E+04,+1.832759E-01,+4.394000E-06,+9.910000E+37,+5.454258E+02,+3.584400E+04,+2.072737E-02,+0.000000E+00,+9.910000E+37,+5.454922E+02,+3.584400E+04
16:09:40,0e0,+1.857337E-01,+4.641500E-06,+9.910000E+37,+5.457188E+02,+3.584400E+04,+1.871913E-01,+4.641500E-06,+9.910000E+37,+5.457861E+02,+3.584400E+04,+1.871001E-01,+4.641500E-06,+9.910000E+37,+5.458516E+02,+3.584400E+04,-2.944815E-02,+0.000000E+00,+9.910000E+37,+5.459180E+02,+3.584400E+04
16:09:40,0e0,+1.891491E-01,+4.903000E-06,+9.910000E+37,+5.461455E+02,+3.584400E+04,+1.905606E-01,+4.903000E-06,+9.910000E+37,+5.462129E+02,+3.584400E+04,+1.901508E-01,+4.903000E-06,+9.910000E+37,+5.462803E+02,+3.584400E+04,+1.917957E-02,+0.000000E+00,+9.910000E+37,+5.463477E+02,+3.584400E+04
16:09:40,0e0,+1.916986E-01,+5.179500E-06,+9.910000E+37,+5.465801E+02,+3.584400E+04,+1.931103E-01,+5.179500E-06,+9.910000E+37,+5.466465E+02,+3.584400E+04,+1.926089E-01,+5.179500E-06,+9.910000E+37,+5.467139E+02,+3.584400E+04,-3.841795E-02,+0.000000E+00,+9.910000E+37,+5.467793E+02,+3.584400E+04
16:09:40,0e0,+1.948857E-01,+5.471500E-06,+9.910000E+37,+5.470068E+02,+3.584400E+04,+1.954783E-01,+5.471500E-06,+9.910000E+37,+5.470732E+02,+3.584400E+04,+1.958418E-01,+5.471500E-06,+9.910000E+37,+5.471406E+02,+3.584400E+04,-3.092452E-01,+0.000000E+00,+9.910000E+37,+5.472070E+02,+3.584400E+04
16:09:40,0e0,+1.985742E-01,+5.779500E-06,+9.910000E+37,+5.474316E+02,+3.584400E+04,+1.988476E-01,+5.779500E-06,+9.910000E+37,+5.474980E+02,+3.584400E+04,+1.978912E-01,+5.779500E-06,+9.910000E+37,+5.475654E+02,+3.584400E+04,-2.998196E-01,+0.000000E+00,+9.910000E+37,+5.476328E+02,+3.584400E+04
16:09:40,0e0,+2.012147E-01,+6.105500E-06,+9.910000E+37,+5.478691E+02,+3.584400E+04,+2.000766E-01,+6.105500E-06,+9.910000E+37,+5.479365E+02,+3.584400E+04,+2.026261E-01,+6.105500E-06,+9.910000E+37,+5.480020E+02,+3.584400E+04,-5.891911E-01,+0.000000E+00,+9.910000E+37,+5.480693E+02,+3.584400E+04
16:09:40,0e0,+2.052215E-01,+6.449500E-06,+9.910000E+37,+5.482969E+02,+3.584400E+04,+2.042199E-01,+6.449500E-06,+9.910000E+37,+5.483643E+02,+3.584400E+04,+2.029450E-01,+6.449500E-06,+9.910000E+37,+5.484297E+02,+3.584400E+04,-1.056101E+00,+0.000000E+00,+9.910000E+37,+5.484961E+02,+3.584400E+04
16:09:40,0e0,+2.065423E-01,+6.813000E-06,+9.910000E+37,+5.487217E+02,+3.584400E+04,+2.066336E-01,+6.813000E-06,+9.910000E+37,+5.487881E+02,+3.584400E+04,+2.076808E-01,+6.813000E-06,+9.910000E+37,+5.488555E+02,+3.584400E+04,-1.375387E+00,+0.000000E+00,+9.910000E+37,+5.489229E+02,+3.584400E+04
16:09:40,0e0,+2.098656E-01,+7.197000E-06,+9.910000E+37,+5.491504E+02,+3.584400E+04,+2.099108E-01,+7.197000E-06,+9.910000E+37,+5.492158E+02,+3.584400E+04,+2.100023E-01,+7.197000E-06,+9.910000E+37,+5.492822E+02,+3.584400E+04,-2.123882E+00,+0.000000E+00,+9.910000E+37,+5.493496E+02,+3.584400E+04
16:09:40,0e0,+2.125061E-01,+7.602500E-06,+9.910000E+37,+5.495723E+02,+3.584400E+04,+2.130526E-01,+7.602500E-06,+9.910000E+37,+5.496377E+02,+3.584400E+04,+2.145102E-01,+7.602500E-06,+9.910000E+37,+5.497041E+02,+3.584400E+04,-2.645434E+00,+0.000000E+00,+9.910000E+37,+5.497715E+02,+3.584400E+04
16:09:40,0e0,+2.163764E-01,+8.031000E-06,+9.910000E+37,+5.499980E+02,+3.584400E+04,+2.156932E-01,+8.031000E-06,+9.910000E+37,+5.500664E+02,+3.584400E+04,+2.163310E-01,+8.031000E-06,+9.910000E+37,+5.501318E+02,+3.584400E+04,-3.506994E+00,+0.000000E+00,+9.910000E+37,+5.501992E+02,+3.584400E+04
16:09:40,0e0,+2.198371E-01,+8.483500E-06,+9.910000E+37,+5.504326E+02,+3.584400E+04,+2.200648E-01,+8.483500E-06,+9.910000E+37,+5.505000E+02,+3.584400E+04,+2.203381E-01,+8.483500E-06,+9.910000E+37,+5.505674E+02,+3.584400E+04,-3.977181E+00,+0.000000E+00,+9.910000E+37,+5.506328E+02,+3.584400E+04
16:09:40,0e0,+2.243450E-01,+8.961500E-06,+9.910000E+37,+5.508584E+02,+3.584400E+04,+2.232968E-01,+8.961500E-06,+9.910000E+37,+5.509248E+02,+3.584400E+04,+2.233886E-01,+8.961500E-06,+9.910000E+37,+5.509902E+02,+3.584400E+04,-5.238709E+00,+0.000000E+00,+9.910000E+37,+5.510566E+02,+3.584400E+04
16:09:40,0e0,+2.269855E-01,+9.466500E-06,+9.910000E+37,+5.512852E+02,+3.584400E+04,+2.263484E-01,+9.466500E-06,+9.910000E+37,+5.513516E+02,+3.584400E+04,+2.268033E-01,+9.466500E-06,+9.910000E+37,+5.514189E+02,+3.584400E+04,-5.818043E+00,+0.000000E+00,+9.910000E+37,+5.514844E+02,+3.584400E+04
16:09:40,0e0,+2.299904E-01,+1.000000E-05,+9.910000E+37,+5.517100E+02,+3.584400E+04,+2.293978E-01,+1.000000E-05,+9.910000E+37,+5.517764E+02,+3.584400E+04,+2.297636E-01,+1.000000E-05,+9.910000E+37,+5.518428E+02,+3.584400E+04,-7.116183E+00,+0.000000E+00,+9.910000E+37,+5.519092E+02,+3.584400E+04
16:09:40,0e0,+2.218865E-01,+1.056500E-05,+9.910000E+37,+5.521367E+02,+3.584400E+04,+2.215217E-01,+1.056500E-05,+9.910000E+37,+5.522041E+02,+3.584400E+04,+2.217945E-01,+1.056500E-05,+9.910000E+37,+5.522695E+02,+3.584400E+04,+1.676616E-02,+0.000000E+00,+9.910000E+37,+5.523359E+02,+3.584400E+04
16:09:40,0e0,+2.254377E-01,+1.116000E-05,+9.910000E+37,+5.525566E+02,+3.584400E+04,+2.245721E-01,+1.116000E-05,+9.910000E+37,+5.526240E+02,+3.584400E+04,+2.245269E-01,+1.116000E-05,+9.910000E+37,+5.526914E+02,+3.584400E+04,+1.585554E-02,+0.000000E+00,+9.910000E+37,+5.527568E+02,+3.584400E+04
16:09:40,0e0,+2.278506E-01,+1.179000E-05,+9.910000E+37,+5.529854E+02,+3.584400E+04,+2.281245E-01,+1.179000E-05,+9.910000E+37,+5.530527E+02,+3.584400E+04,+2.289889E-01,+1.179000E-05,+9.910000E+37,+5.531201E+02,+3.584400E+04,+1.667517E-02,+0.000000E+00,+9.910000E+37,+5.531855E+02,+3.584400E+04
16:09:40,0e0,+2.307641E-01,+1.245000E-05,+9.910000E+37,+5.534063E+02,+3.584400E+04,+2.316751E-01,+1.245000E-05,+9.910000E+37,+5.534727E+02,+3.584400E+04,+2.314931E-01,+1.245000E-05,+9.910000E+37,+5.535400E+02,+3.584400E+04,+1.662973E-02,+0.000000E+00,+9.910000E+37,+5.536055E+02,+3.584400E+04
16:09:40,0e0,+2.340885E-01,+1.315500E-05,+9.910000E+37,+5.538320E+02,+3.584400E+04,+2.339516E-01,+1.315500E-05,+9.910000E+37,+5.538975E+02,+3.584400E+04,+2.333597E-01,+1.315500E-05,+9.910000E+37,+5.539639E+02,+3.584400E+04,+1.489922E-02,+0.000000E+00,+9.910000E+37,+5.540312E+02,+3.584400E+04
16:09:40,0e0,+2.370479E-01,+1.389500E-05,+9.910000E+37,+5.542617E+02,+3.584400E+04,+2.371389E-01,+1.389500E-05,+9.910000E+37,+5.543271E+02,+3.584400E+04,+2.352714E-01,+1.389500E-05,+9.910000E+37,+5.543936E+02,+3.584400E+04,+1.576422E-02,+0.000000E+00,+9.910000E+37,+5.544609E+02,+3.584400E+04
16:09:40,0e0,+2.412367E-01,+1.468000E-05,+9.910000E+37,+5.546846E+02,+3.584400E+04,+2.413735E-01,+1.468000E-05,+9.910000E+37,+5.547520E+02,+3.584400E+04,+2.389141E-01,+1.468000E-05,+9.910000E+37,+5.548174E+02,+3.584400E+04,+1.676616E-02,+0.000000E+00,+9.910000E+37,+5.548848E+02,+3.584400E+04
16:09:40,0e0,+2.437409E-01,+1.550500E-05,+9.910000E+37,+5.551074E+02,+3.584400E+04,+2.428301E-01,+1.550500E-05,+9.910000E+37,+5.551748E+02,+3.584400E+04,+2.426484E-01,+1.550500E-05,+9.910000E+37,+5.552402E+02,+3.584400E+04,+1.649299E-02,+0.000000E+00,+9.910000E+37,+5.553076E+02,+3.584400E+04
16:09:40,0e0,+2.455627E-01,+1.638000E-05,+9.910000E+37,+5.555273E+02,+3.584400E+04,+2.446520E-01,+1.638000E-05,+9.910000E+37,+5.555937E+02,+3.584400E+04,+2.463820E-01,+1.638000E-05,+9.910000E+37,+5.556592E+02,+3.584400E+04,+1.662995E-02,+0.000000E+00,+9.910000E+37,+5.557256E+02,+3.584400E+04
16:09:40,0e0,+2.482485E-01,+1.730000E-05,+9.910000E+37,+5.559502E+02,+3.584400E+04,+2.487491E-01,+1.730000E-05,+9.910000E+37,+5.560156E+02,+3.584400E+04,+2.508436E-01,+1.730000E-05,+9.910000E+37,+5.560820E+02,+3.584400E+04,+1.571892E-02,+0.000000E+00,+9.910000E+37,+5.561494E+02,+3.584400E+04
16:09:40,0e0,+2.517546E-01,+1.827500E-05,+9.910000E+37,+5.563711E+02,+3.584400E+04,+2.523008E-01,+1.827500E-05,+9.910000E+37,+5.564385E+02,+3.584400E+04,+2.523919E-01,+1.827500E-05,+9.910000E+37,+5.565039E+02,+3.584400E+04,+1.480784E-02,+0.000000E+00,+9.910000E+37,+5.565732E+02,+3.584400E+04
16:09:40,0e0,+2.551704E-01,+1.930500E-05,+9.910000E+37,+5.568018E+02,+3.584400E+04,+2.556248E-01,+1.930500E-05,+9.910000E+37,+5.568672E+02,+3.584400E+04,+2.553064E-01,+1.930500E-05,+9.910000E+37,+5.569336E+02,+3.584400E+04,+1.603760E-02,+0.000000E+00,+9.910000E+37,+5.570000E+02,+3.584400E+04
16:09:40,0e0,+2.581282E-01,+2.039500E-05,+9.910000E+37,+5.572246E+02,+3.584400E+04,+2.587206E-01,+2.039500E-05,+9.910000E+37,+5.572920E+02,+3.584400E+04,+2.583116E-01,+2.039500E-05,+9.910000E+37,+5.573574E+02,+3.584400E+04,+1.631078E-02,+0.000000E+00,+9.910000E+37,+5.574248E+02,+3.584400E+04
16:09:40,0e0,+2.616347E-01,+2.154500E-05,+9.910000E+37,+5.576455E+02,+3.584400E+04,+2.608150E-01,+2.154500E-05,+9.910000E+37,+5.577109E+02,+3.584400E+04,+2.622720E-01,+2.154500E-05,+9.910000E+37,+5.577773E+02,+3.584400E+04,+1.471679E-02,+0.000000E+00,+9.910000E+37,+5.578467E+02,+3.584400E+04
16:09:40,0e0,+2.656872E-01,+2.276000E-05,+9.910000E+37,+5.580732E+02,+3.584400E+04,+2.664155E-01,+2.276000E-05,+9.910000E+37,+5.581396E+02,+3.584400E+04,+2.656873E-01,+2.276000E-05,+9.910000E+37,+5.582051E+02,+3.584400E+04,+1.708472E-02,+0.000000E+00,+9.910000E+37,+5.582715E+02,+3.584400E+04
16:09:40,0e0,+2.680998E-01,+2.404000E-05,+9.910000E+37,+5.584971E+02,+3.584400E+04,+2.698757E-01,+2.404000E-05,+9.910000E+37,+5.585635E+02,+3.584400E+04,+2.703312E-01,+2.404000E-05,+9.910000E+37,+5.586299E+02,+3.584400E+04,+1.644729E-02,+0.000000E+00,+9.910000E+37,+5.586973E+02,+3.584400E+04
16:09:40,0e0,+2.730178E-01,+2.539500E-05,+9.910000E+37,+5.589238E+02,+3.584400E+04,+2.719703E-01,+2.539500E-05,+9.910000E+37,+5.589902E+02,+3.584400E+04,+2.719247E-01,+2.539500E-05,+9.910000E+37,+5.590557E+02,+3.584400E+04,+1.685700E-02,+0.000000E+00,+9.910000E+37,+5.591221E+02,+3.584400E+04
16:09:40,0e0,+2.744753E-01,+2.682500E-05,+9.910000E+37,+5.593486E+02,+3.584400E+04,+2.761136E-01,+2.682500E-05,+9.910000E+37,+5.594150E+02,+3.584400E+04,+2.753394E-01,+2.682500E-05,+9.910000E+37,+5.594805E+02,+3.584400E+04,+1.553665E-02,+0.000000E+00,+9.910000E+37,+5.595469E+02,+3.584400E+04
16:09:40,0e0,+2.791645E-01,+2.834000E-05,+9.910000E+37,+5.597666E+02,+3.584400E+04,+2.784356E-01,+2.834000E-05,+9.910000E+37,+5.598340E+02,+3.584400E+04,+2.795744E-01,+2.834000E-05,+9.910000E+37,+5.598994E+02,+3.584400E+04,+1.804087E-02,+0.000000E+00,+9.910000E+37,+5.599668E+02,+3.584400E+04
16:09:40,0e0,+2.830347E-01,+2.993500E-05,+9.910000E+37,+5.601943E+02,+3.584400E+04,+2.826250E-01,+2.993500E-05,+9.910000E+37,+5.602607E+02,+3.584400E+04,+2.823966E-01,+2.993500E-05,+9.910000E+37,+5.603271E+02,+3.584400E+04,+1.822305E-02,+0.000000E+00,+9.910000E+37,+5.603936E+02,+3.584400E+04
16:09:40,0e0,+2.869048E-01,+3.162500E-05,+9.910000E+37,+5.606133E+02,+3.584400E+04,+2.871777E-01,+3.162500E-05,+9.910000E+37,+5.606797E+02,+3.584400E+04,+2.855841E-01,+3.162500E-05,+9.910000E+37,+5.607461E+02,+3.584400E+04,+1.621971E-02,+0.000000E+00,+9.910000E+37,+5.608145E+02,+3.584400E+04
16:09:40,0e0,+2.888167E-01,+3.340500E-05,+9.910000E+37,+5.610420E+02,+3.584400E+04,+2.892268E-01,+3.340500E-05,+9.910000E+37,+5.611084E+02,+3.584400E+04,+2.887703E-01,+3.340500E-05,+9.910000E+37,+5.611738E+02,+3.584400E+04,+1.580958E-02,+0.000000E+00,+9.910000E+37,+5.612432E+02,+3.584400E+04
16:09:40,0e0,+2.917762E-01,+3.528500E-05,+9.910000E+37,+5.614629E+02,+3.584400E+04,+2.929145E-01,+3.528500E-05,+9.910000E+37,+5.615293E+02,+3.584400E+04,+2.928690E-01,+3.528500E-05,+9.910000E+37,+5.615957E+02,+3.584400E+04,+1.772210E-02,+0.000000E+00,+9.910000E+37,+5.616660E+02,+3.584400E+04
16:09:40,0e0,+2.961020E-01,+3.727500E-05,+9.910000E+37,+5.618916E+02,+3.584400E+04,+2.967849E-01,+3.727500E-05,+9.910000E+37,+5.619580E+02,+3.584400E+04,+2.966949E-01,+3.727500E-05,+9.910000E+37,+5.620244E+02,+3.584400E+04,+1.508087E-02,+0.000000E+00,+9.910000E+37,+5.620938E+02,+3.584400E+04
16:09:40,0e0,+3.002908E-01,+3.937500E-05,+9.910000E+37,+5.623193E+02,+3.584400E+04,+2.992442E-01,+3.937500E-05,+9.910000E+37,+5.623848E+02,+3.584400E+04,+3.013836E-01,+3.937500E-05,+9.910000E+37,+5.624512E+02,+3.584400E+04,+1.553670E-02,+0.000000E+00,+9.910000E+37,+5.625205E+02,+3.584400E+04
16:09:40,0e0,+3.043889E-01,+4.159500E-05,+9.910000E+37,+5.627393E+02,+3.584400E+04,+3.037968E-01,+4.159500E-05,+9.910000E+37,+5.628057E+02,+3.584400E+04,+3.039786E-01,+4.159500E-05,+9.910000E+37,+5.628730E+02,+3.584400E+04,+1.562771E-02,+0.000000E+00,+9.910000E+37,+5.629443E+02,+3.584400E+04
16:09:40,0e0,+3.070750E-01,+4.394000E-05,+9.910000E+37,+5.631670E+02,+3.584400E+04,+3.082585E-01,+4.394000E-05,+9.910000E+37,+5.632344E+02,+3.584400E+04,+3.074852E-01,+4.394000E-05,+9.910000E+37,+5.632998E+02,+3.584400E+04,+1.549108E-02,+0.000000E+00,+9.910000E+37,+5.633682E+02,+3.584400E+04
16:09:40,0e0,+3.110815E-01,+4.641500E-05,+9.910000E+37,+5.635937E+02,+3.584400E+04,+3.119475E-01,+4.641500E-05,+9.910000E+37,+5.636602E+02,+3.584400E+04,+3.115819E-01,+4.641500E-05,+9.910000E+37,+5.637275E+02,+3.584400E+04,+1.621957E-02,+0.000000E+00,+9.910000E+37,+5.637949E+02,+3.584400E+04
16:09:40,0e0,+3.152249E-01,+4.903000E-05,+9.910000E+37,+5.640234E+02,+3.584400E+04,+3.152708E-01,+4.903000E-05,+9.910000E+37,+5.640898E+02,+3.584400E+04,+3.151342E-01,+4.903000E-05,+9.910000E+37,+5.641563E+02,+3.584400E+04,+1.781306E-02,+0.000000E+00,+9.910000E+37,+5.642227E+02,+3.584400E+04
16:09:40,0e0,+3.180017E-01,+5.179500E-05,+9.910000E+37,+5.644521E+02,+3.584400E+04,+3.185037E-01,+5.179500E-05,+9.910000E+37,+5.645186E+02,+3.584400E+04,+3.185492E-01,+5.179500E-05,+9.910000E+37,+5.645840E+02,+3.584400E+04,+1.025502E-02,+0.000000E+00,+9.910000E+37,+5.646504E+02,+3.584400E+04
16:09:40,0e0,+3.233294E-01,+5.471500E-05,+9.910000E+37,+5.648672E+02,+3.584400E+04,+3.241497E-01,+5.471500E-05,+9.910000E+37,+5.649336E+02,+3.584400E+04,+3.229654E-01,+5.471500E-05,+9.910000E+37,+5.649990E+02,+3.584400E+04,+1.603746E-02,+0.000000E+00,+9.910000E+37,+5.650674E+02,+3.584400E+04
16:09:40,0e0,+3.268354E-01,+5.779500E-05,+9.910000E+37,+5.652959E+02,+3.584400E+04,+3.266084E-01,+5.779500E-05,+9.910000E+37,+5.653623E+02,+3.584400E+04,+3.270632E-01,+5.779500E-05,+9.910000E+37,+5.654287E+02,+3.584400E+04,-2.260539E-01,+0.000000E+00,+9.910000E+37,+5.654941E+02,+3.584400E+04
16:09:40,0e0,+3.312066E-01,+6.105500E-05,+9.910000E+37,+5.657256E+02,+3.584400E+04,+3.305234E-01,+6.105500E-05,+9.910000E+37,+5.657920E+02,+3.584400E+04,+3.307965E-01,+6.105500E-05,+9.910000E+37,+5.658584E+02,+3.584400E+04,-3.038266E-01,+0.000000E+00,+9.910000E+37,+5.659248E+02,+3.584400E+04
16:09:40,0e0,+3.350315E-01,+6.449500E-05,+9.910000E+37,+5.661504E+02,+3.584400E+04,+3.356231E-01,+6.449500E-05,+9.910000E+37,+5.662158E+02,+3.584400E+04,+3.353499E-01,+6.449500E-05,+9.910000E+37,+5.662822E+02,+3.584400E+04,-4.207589E-01,+0.000000E+00,+9.910000E+37,+5.663496E+02,+3.584400E+04
16:09:40,0e0,+3.388559E-01,+6.813000E-05,+9.910000E+37,+5.665752E+02,+3.584400E+04,+3.389925E-01,+6.813000E-05,+9.910000E+37,+5.666406E+02,+3.584400E+04,+3.396753E-01,+6.813000E-05,+9.910000E+37,+5.667070E+02,+3.584400E+04,-7.700518E-01,+0.000000E+00,+9.910000E+37,+5.667734E+02,+3.584400E+04
16:09:40,0e0,+3.433180E-01,+7.197000E-05,+9.910000E+37,+5.669922E+02,+3.584400E+04,+3.415868E-01,+7.197000E-05,+9.910000E+37,+5.670586E+02,+3.584400E+04,+3.439105E-01,+7.197000E-05,+9.910000E+37,+5.671260E+02,+3.584400E+04,-1.318514E+00,+0.000000E+00,+9.910000E+37,+5.671924E+02,+3.584400E+04
16:09:40,0e0,+3.474155E-01,+7.602500E-05,+9.910000E+37,+5.674150E+02,+3.584400E+04,+3.470058E-01,+7.602500E-05,+9.910000E+37,+5.674805E+02,+3.584400E+04,+3.471417E-01,+7.602500E-05,+9.910000E+37,+5.675469E+02,+3.584400E+04,-1.670908E+00,+0.000000E+00,+9.910000E+37,+5.676143E+02,+3.584400E+04
16:09:40,0e0,+3.523331E-01,+8.031000E-05,+9.910000E+37,+5.678379E+02,+3.584400E+04,+3.514223E-01,+8.031000E-05,+9.910000E+37,+5.679053E+02,+3.584400E+04,+3.526976E-01,+8.031000E-05,+9.910000E+37,+5.679707E+02,+3.584400E+04,-1.970930E+00,+0.000000E+00,+9.910000E+37,+5.680371E+02,+3.584400E+04
16:09:40,0e0,+3.556111E-01,+8.483500E-05,+9.910000E+37,+5.682617E+02,+3.584400E+04,+3.558846E-01,+8.483500E-05,+9.910000E+37,+5.683291E+02,+3.584400E+04,+3.543365E-01,+8.483500E-05,+9.910000E+37,+5.683945E+02,+3.584400E+04,-3.045861E+00,+0.000000E+00,+9.910000E+37,+5.684609E+02,+3.584400E+04
16:09:40,0e0,+3.598457E-01,+8.961500E-05,+9.910000E+37,+5.686826E+02,+3.584400E+04,+3.586152E-01,+8.961500E-05,+9.910000E+37,+5.687490E+02,+3.584400E+04,+3.592988E-01,+8.961500E-05,+9.910000E+37,+5.688164E+02,+3.584400E+04,-3.975668E+00,+0.000000E+00,+9.910000E+37,+5.688818E+02,+3.584400E+04
16:09:40,0e0,+3.640803E-01,+9.466500E-05,+9.910000E+37,+5.691025E+02,+3.584400E+04,+3.646725E-01,+9.466500E-05,+9.910000E+37,+5.691689E+02,+3.584400E+04,+3.649000E-01,+9.466500E-05,+9.910000E+37,+5.692354E+02,+3.584400E+04,-4.145194E+00,+0.000000E+00,+9.910000E+37,+5.693018E+02,+3.584400E+04
16:09:40,0e0,+3.711834E-01,+1.000000E-04,+9.910000E+37,+5.695225E+02,+3.584400E+04,+3.687241E-01,+1.000000E-04,+9.910000E+37,+5.695889E+02,+3.584400E+04,+3.690886E-01,+1.000000E-04,+9.910000E+37,+5.696553E+02,+3.584400E+04,-4.856805E+00,+0.000000E+00,+9.910000E+37,+5.697236E+02,+3.584400E+04
16:09:40,0e0,+3.616211E-01,+1.056500E-04,+9.910000E+37,+5.699463E+02,+3.584400E+04,+3.622135E-01,+1.056500E-04,+9.910000E+37,+5.700117E+02,+3.584400E+04,+3.618954E-01,+1.056500E-04,+9.910000E+37,+5.700791E+02,+3.584400E+04,-7.502596E-02,+0.000000E+00,+9.910000E+37,+5.701465E+02,+3.584400E+04
16:09:40,0e0,+3.666299E-01,+1.116000E-04,+9.910000E+37,+5.703770E+02,+3.584400E+04,+3.658556E-01,+1.116000E-04,+9.910000E+37,+5.704443E+02,+3.584400E+04,+3.657643E-01,+1.116000E-04,+9.910000E+37,+5.705117E+02,+3.584400E+04,-7.320461E-02,+0.000000E+00,+9.910000E+37,+5.705771E+02,+3.584400E+04
16:09:40,0e0,+3.697709E-01,+1.179000E-04,+9.910000E+37,+5.708115E+02,+3.584400E+04,+3.705001E-01,+1.179000E-04,+9.910000E+37,+5.708789E+02,+3.584400E+04,+3.710920E-01,+1.179000E-04,+9.910000E+37,+5.709443E+02,+3.584400E+04,-7.038155E-02,+0.000000E+00,+9.910000E+37,+5.710107E+02,+3.584400E+04
16:09:40,0e0,+3.753719E-01,+1.245000E-04,+9.910000E+37,+5.712393E+02,+3.584400E+04,+3.749164E-01,+1.245000E-04,+9.910000E+37,+5.713047E+02,+3.584400E+04,+3.729129E-01,+1.245000E-04,+9.910000E+37,+5.713711E+02,+3.584400E+04,-7.165633E-02,+0.000000E+00,+9.910000E+37,+5.714385E+02,+3.584400E+04
16:09:40,0e0,+3.791967E-01,+1.315500E-04,+9.910000E+37,+5.716650E+02,+3.584400E+04,+3.781945E-01,+1.315500E-04,+9.910000E+37,+5.717324E+02,+3.584400E+04,+3.783315E-01,+1.315500E-04,+9.910000E+37,+5.717979E+02,+3.584400E+04,-7.092807E-02,+0.000000E+00,+9.910000E+37,+5.718643E+02,+3.584400E+04
16:09:40,0e0,+3.832487E-01,+1.389500E-04,+9.910000E+37,+5.720938E+02,+3.584400E+04,+3.829753E-01,+1.389500E-04,+9.910000E+37,+5.721602E+02,+3.584400E+04,+3.835220E-01,+1.389500E-04,+9.910000E+37,+5.722256E+02,+3.584400E+04,-7.179298E-02,+0.000000E+00,+9.910000E+37,+5.722920E+02,+3.584400E+04
16:09:40,0e0,+3.864360E-01,+1.468000E-04,+9.910000E+37,+5.725273E+02,+3.584400E+04,+3.871189E-01,+1.468000E-04,+9.910000E+37,+5.725938E+02,+3.584400E+04,+3.886217E-01,+1.468000E-04,+9.910000E+37,+5.726602E+02,+3.584400E+04,-7.133770E-02,+0.000000E+00,+9.910000E+37,+5.727266E+02,+3.584400E+04
16:09:40,0e0,+3.921276E-01,+1.550500E-04,+9.910000E+37,+5.729541E+02,+3.584400E+04,+3.913078E-01,+1.550500E-04,+9.910000E+37,+5.730215E+02,+3.584400E+04,+3.910342E-01,+1.550500E-04,+9.910000E+37,+5.730869E+02,+3.584400E+04,-7.161108E-02,+0.000000E+00,+9.910000E+37,+5.731533E+02,+3.584400E+04
16:09:40,0e0,+3.962709E-01,+1.638000E-04,+9.910000E+37,+5.733906E+02,+3.584400E+04,+3.953599E-01,+1.638000E-04,+9.910000E+37,+5.734580E+02,+3.584400E+04,+3.959067E-01,+1.638000E-04,+9.910000E+37,+5.735254E+02,+3.584400E+04,-6.960747E-02,+0.000000E+00,+9.910000E+37,+5.735928E+02,+3.584400E+04
16:09:40,0e0,+4.011425E-01,+1.730000E-04,+9.910000E+37,+5.738184E+02,+3.584400E+04,+4.003689E-01,+1.730000E-04,+9.910000E+37,+5.738848E+02,+3.584400E+04,+4.001864E-01,+1.730000E-04,+9.910000E+37,+5.739521E+02,+3.584400E+04,-7.397856E-02,+0.000000E+00,+9.910000E+37,+5.740195E+02,+3.584400E+04
16:09:40,0e0,+4.039204E-01,+1.827500E-04,+9.910000E+37,+5.742422E+02,+3.584400E+04,+4.042388E-01,+1.827500E-04,+9.910000E+37,+5.743086E+02,+3.584400E+04,+4.036011E-01,+1.827500E-04,+9.910000E+37,+5.743750E+02,+3.584400E+04,-7.593641E-02,+0.000000E+00,+9.910000E+37,+5.744414E+02,+3.584400E+04
16:09:40,0e0,+4.085189E-01,+1.930500E-04,+9.910000E+37,+5.746641E+02,+3.584400E+04,+4.090198E-01,+1.930500E-04,+9.910000E+37,+5.747305E+02,+3.584400E+04,+4.089752E-01,+1.930500E-04,+9.910000E+37,+5.747969E+02,+3.584400E+04,-7.575427E-02,+0.000000E+00,+9.910000E+37,+5.748633E+02,+3.584400E+04
16:09:40,0e0,+4.130712E-01,+2.039500E-04,+9.910000E+37,+5.750898E+02,+3.584400E+04,+4.126621E-01,+2.039500E-04,+9.910000E+37,+5.751563E+02,+3.584400E+04,+4.125260E-01,+2.039500E-04,+9.910000E+37,+5.752227E+02,+3.584400E+04,-7.507139E-02,+0.000000E+00,+9.910000E+37,+5.752900E+02,+3.584400E+04
16:09:40,0e0,+4.164861E-01,+2.154500E-04,+9.910000E+37,+5.755166E+02,+3.584400E+04,+4.179438E-01,+2.154500E-04,+9.910000E+37,+5.755830E+02,+3.584400E+04,+4.169421E-01,+2.154500E-04,+9.910000E+37,+5.756494E+02,+3.584400E+04,-7.488930E-02,+0.000000E+00,+9.910000E+37,+5.757158E+02,+3.584400E+04
16:09:40,0e0,+4.222691E-01,+2.276000E-04,+9.910000E+37,+5.759414E+02,+3.584400E+04,+4.215410E-01,+2.276000E-04,+9.910000E+37,+5.760078E+02,+3.584400E+04,+4.209476E-01,+2.276000E-04,+9.910000E+37,+5.760752E+02,+3.584400E+04,-7.443404E-02,+0.000000E+00,+9.910000E+37,+5.761426E+02,+3.584400E+04
16:09:40,0e0,+4.258214E-01,+2.404000E-04,+9.910000E+37,+5.763682E+02,+3.584400E+04,+4.270499E-01,+2.404000E-04,+9.910000E+37,+5.764336E+02,+3.584400E+04,+4.263666E-01,+2.404000E-04,+9.910000E+37,+5.765000E+02,+3.584400E+04,-7.498027E-02,+0.000000E+00,+9.910000E+37,+5.765664E+02,+3.584400E+04
16:09:40,0e0,+4.305556E-01,+2.539500E-04,+9.910000E+37,+5.768037E+02,+3.584400E+04,+4.306009E-01,+2.539500E-04,+9.910000E+37,+5.768701E+02,+3.584400E+04,+4.301917E-01,+2.539500E-04,+9.910000E+37,+5.769375E+02,+3.584400E+04,-7.516240E-02,+0.000000E+00,+9.910000E+37,+5.770049E+02,+3.584400E+04
16:09:40,0e0,+4.365207E-01,+2.682500E-04,+9.910000E+37,+5.772324E+02,+3.584400E+04,+4.365202E-01,+2.682500E-04,+9.910000E+37,+5.772988E+02,+3.584400E+04,+4.357922E-01,+2.682500E-04,+9.910000E+37,+5.773652E+02,+3.584400E+04,-7.338659E-02,+0.000000E+00,+9.910000E+37,+5.774316E+02,+3.584400E+04
16:09:40,0e0,+4.414393E-01,+2.834000E-04,+9.910000E+37,+5.776689E+02,+3.584400E+04,+4.401183E-01,+2.834000E-04,+9.910000E+37,+5.777354E+02,+3.584400E+04,+4.391148E-01,+2.834000E-04,+9.910000E+37,+5.778018E+02,+3.584400E+04,-7.511704E-02,+0.000000E+00,+9.910000E+37,+5.778682E+02,+3.584400E+04
16:09:40,0e0,+4.442596E-01,+2.993500E-04,+9.910000E+37,+5.780967E+02,+3.584400E+04,+4.457632E-01,+2.993500E-04,+9.910000E+37,+5.781631E+02,+3.584400E+04,+4.436679E-01,+2.993500E-04,+9.910000E+37,+5.782305E+02,+3.584400E+04,-7.274918E-02,+0.000000E+00,+9.910000E+37,+5.782959E+02,+3.584400E+04
16:09:40,0e0,+4.498153E-01,+3.162500E-04,+9.910000E+37,+5.785264E+02,+3.584400E+04,+4.505891E-01,+3.162500E-04,+9.910000E+37,+5.785928E+02,+3.584400E+04,+4.489057E-01,+3.162500E-04,+9.910000E+37,+5.786602E+02,+3.584400E+04,-7.689233E-02,+0.000000E+00,+9.910000E+37,+5.787275E+02,+3.584400E+04
16:09:40,0e0,+4.553252E-01,+3.340500E-04,+9.910000E+37,+5.789609E+02,+3.584400E+04,+4.549613E-01,+3.340500E-04,+9.910000E+37,+5.790273E+02,+3.584400E+04,+4.545045E-01,+3.340500E-04,+9.910000E+37,+5.790947E+02,+3.584400E+04,-7.420628E-02,+0.000000E+00,+9.910000E+37,+5.791621E+02,+3.584400E+04
16:09:40,0e0,+4.595594E-01,+3.528500E-04,+9.910000E+37,+5.793848E+02,+3.584400E+04,+4.602876E-01,+3.528500E-04,+9.910000E+37,+5.794512E+02,+3.584400E+04,+4.604694E-01,+3.528500E-04,+9.910000E+37,+5.795176E+02,+3.584400E+04,-7.675587E-02,+0.000000E+00,+9.910000E+37,+5.795850E+02,+3.584400E+04
16:09:40,0e0,+4.657508E-01,+3.727500E-04,+9.910000E+37,+5.798135E+02,+3.584400E+04,+4.637479E-01,+3.727500E-04,+9.910000E+37,+5.798799E+02,+3.584400E+04,+4.660250E-01,+3.727500E-04,+9.910000E+37,+5.799463E+02,+3.584400E+04,-7.101896E-02,+0.000000E+00,+9.910000E+37,+5.800127E+02,+3.584400E+04
16:09:40,0e0,+4.723083E-01,+3.937500E-04,+9.910000E+37,+5.802412E+02,+3.584400E+04,+4.702586E-01,+3.937500E-04,+9.910000E+37,+5.803086E+02,+3.584400E+04,+4.702589E-01,+3.937500E-04,+9.910000E+37,+5.803740E+02,+3.584400E+04,-7.493481E-02,+0.000000E+00,+9.910000E+37,+5.804404E+02,+3.584400E+04
16:09:40,0e0,+4.761772E-01,+4.159500E-04,+9.910000E+37,+5.806729E+02,+3.584400E+04,+4.756768E-01,+4.159500E-04,+9.910000E+37,+5.807393E+02,+3.584400E+04,+4.761781E-01,+4.159500E-04,+9.910000E+37,+5.808057E+02,+3.584400E+04,-7.202077E-02,+0.000000E+00,+9.910000E+37,+5.808721E+02,+3.584400E+04
16:09:40,0e0,+4.823244E-01,+4.394000E-04,+9.910000E+37,+5.811016E+02,+3.584400E+04,+4.813687E-01,+4.394000E-04,+9.910000E+37,+5.811680E+02,+3.584400E+04,+4.816411E-01,+4.394000E-04,+9.910000E+37,+5.812354E+02,+3.584400E+04,-7.757565E-02,+0.000000E+00,+9.910000E+37,+5.813027E+02,+3.584400E+04
16:09:40,0e0,+4.866970E-01,+4.641500E-04,+9.910000E+37,+5.815313E+02,+3.584400E+04,+4.865592E-01,+4.641500E-04,+9.910000E+37,+5.815986E+02,+3.584400E+04,+4.861949E-01,+4.641500E-04,+9.910000E+37,+5.816660E+02,+3.584400E+04,-7.484385E-02,+0.000000E+00,+9.910000E+37,+5.817334E+02,+3.584400E+04
16:09:40,0e0,+4.918403E-01,+4.903000E-04,+9.910000E+37,+5.819648E+02,+3.584400E+04,+4.918412E-01,+4.903000E-04,+9.910000E+37,+5.820313E+02,+3.584400E+04,+4.926152E-01,+4.903000E-04,+9.910000E+37,+5.820986E+02,+3.584400E+04,-7.379662E-02,+0.000000E+00,+9.910000E+37,+5.821660E+02,+3.584400E+04
16:09:40,0e0,+4.983516E-01,+5.179500E-04,+9.910000E+37,+5.823955E+02,+3.584400E+04,+4.973957E-01,+5.179500E-04,+9.910000E+37,+5.824629E+02,+3.584400E+04,+4.969395E-01,+5.179500E-04,+9.910000E+37,+5.825303E+02,+3.584400E+04,-7.224844E-02,+0.000000E+00,+9.910000E+37,+5.825967E+02,+3.584400E+04
16:09:40,0e0,+5.034056E-01,+5.471500E-04,+9.910000E+37,+5.828242E+02,+3.584400E+04,+5.037701E-01,+5.471500E-04,+9.910000E+37,+5.828896E+02,+3.584400E+04,+5.033598E-01,+5.471500E-04,+9.910000E+37,+5.829570E+02,+3.584400E+04,-9.273748E-02,+0.000000E+00,+9.910000E+37,+5.830244E+02,+3.584400E+04
16:09:40,0e0,+5.090058E-01,+5.779500E-04,+9.910000E+37,+5.832598E+02,+3.584400E+04,+5.085962E-01,+5.779500E-04,+9.910000E+37,+5.833271E+02,+3.584400E+04,+5.090971E-01,+5.779500E-04,+9.910000E+37,+5.833926E+02,+3.584400E+04,-1.209671E-01,+0.000000E+00,+9.910000E+37,+5.834590E+02,+3.584400E+04
16:09:40,0e0,+5.150161E-01,+6.105500E-04,+9.910000E+37,+5.836855E+02,+3.584400E+04,+5.142420E-01,+6.105500E-04,+9.910000E+37,+5.837529E+02,+3.584400E+04,+5.144245E-01,+6.105500E-04,+9.910000E+37,+5.838184E+02,+3.584400E+04,-1.034829E-01,+0.000000E+00,+9.910000E+37,+5.838848E+02,+3.584400E+04
16:09:40,0e0,+5.211179E-01,+6.449500E-04,+9.910000E+37,+5.841240E+02,+3.584400E+04,+5.210268E-01,+6.449500E-04,+9.910000E+37,+5.841914E+02,+3.584400E+04,+5.200703E-01,+6.449500E-04,+9.910000E+37,+5.842568E+02,+3.584400E+04,-2.021497E-01,+0.000000E+00,+9.910000E+37,+5.843232E+02,+3.584400E+04
16:09:40,0e0,+5.260350E-01,+6.813000E-04,+9.910000E+37,+5.845508E+02,+3.584400E+04,+5.271731E-01,+6.813000E-04,+9.910000E+37,+5.846172E+02,+3.584400E+04,+5.269005E-01,+6.813000E-04,+9.910000E+37,+5.846836E+02,+3.584400E+04,-3.824642E-01,+0.000000E+00,+9.910000E+37,+5.847500E+02,+3.584400E+04
16:09:40,0e0,+5.324093E-01,+7.197000E-04,+9.910000E+37,+5.849883E+02,+3.584400E+04,+5.338210E-01,+7.197000E-04,+9.910000E+37,+5.850557E+02,+3.584400E+04,+5.322720E-01,+7.197000E-04,+9.910000E+37,+5.851211E+02,+3.584400E+04,-4.878305E-01,+0.000000E+00,+9.910000E+37,+5.851875E+02,+3.584400E+04
16:09:40,0e0,+5.397388E-01,+7.602500E-04,+9.910000E+37,+5.854150E+02,+3.584400E+04,+5.392842E-01,+7.602500E-04,+9.910000E+37,+5.854824E+02,+3.584400E+04,+5.383727E-01,+7.602500E-04,+9.910000E+37,+5.855498E+02,+3.584400E+04,-6.338136E-01,+0.000000E+00,+9.910000E+37,+5.856172E+02,+3.584400E+04
16:09:40,0e0,+5.453857E-01,+8.031000E-04,+9.910000E+37,+5.858467E+02,+3.584400E+04,+5.445194E-01,+8.031000E-04,+9.910000E+37,+5.859131E+02,+3.584400E+04,+5.459318E-01,+8.031000E-04,+9.910000E+37,+5.859805E+02,+3.584400E+04,-7.515190E-01,+0.000000E+00,+9.910000E+37,+5.860469E+02,+3.584400E+04
16:09:40,0e0,+5.527160E-01,+8.483500E-04,+9.910000E+37,+5.862754E+02,+3.584400E+04,+5.518967E-01,+8.483500E-04,+9.910000E+37,+5.863418E+02,+3.584400E+04,+5.520341E-01,+8.483500E-04,+9.910000E+37,+5.864082E+02,+3.584400E+04,-8.072531E-01,+0.000000E+00,+9.910000E+37,+5.864746E+02,+3.584400E+04
16:09:40,0e0,+5.588174E-01,+8.961500E-04,+9.910000E+37,+5.867061E+02,+3.584400E+04,+5.584520E-01,+8.961500E-04,+9.910000E+37,+5.867734E+02,+3.584400E+04,+5.581353E-01,+8.961500E-04,+9.910000E+37,+5.868389E+02,+3.584400E+04,-9.599293E-01,+0.000000E+00,+9.910000E+37,+5.869053E+02,+3.584400E+04
16:09:40,0e0,+5.661935E-01,+9.466500E-04,+9.910000E+37,+5.871279E+02,+3.584400E+04,+5.655106E-01,+9.466500E-04,+9.910000E+37,+5.871943E+02,+3.584400E+04,+5.666032E-01,+9.466500E-04,+9.910000E+37,+5.872607E+02,+3.584400E+04,-9.189488E-01,+0.000000E+00,+9.910000E+37,+5.873271E+02,+3.584400E+04
16:09:40,0e0,+5.729322E-01,+1.000000E-03,+9.910000E+37,+5.875527E+02,+3.584400E+04,+5.734786E-01,+1.000000E-03,+9.910000E+37,+5.876191E+02,+3.584400E+04,+5.747533E-01,+1.000000E-03,+9.910000E+37,+5.876855E+02,+3.584400E+04,-1.318330E+00,+0.000000E+00,+9.910000E+37,+5.877529E+02,+3.584400E+04
16:09:40,0e0,+5.666928E-01,+1.056500E-03,+9.910000E+37,+5.879756E+02,+3.584400E+04,+5.678773E-01,+1.056500E-03,+9.910000E+37,+5.880430E+02,+3.584400E+04,+5.680600E-01,+1.056500E-03,+9.910000E+37,+5.881084E+02,+3.584400E+04,-1.780730E+00,+0.000000E+00,+9.910000E+37,+5.881748E+02,+3.584400E+04
16:09:40,0e0,+5.755275E-01,+1.116000E-03,+9.910000E+37,+5.884014E+02,+3.584400E+04,+5.740693E-01,+1.116000E-03,+9.910000E+37,+5.884678E+02,+3.584400E+04,+5.749807E-01,+1.116000E-03,+9.910000E+37,+5.885342E+02,+3.584400E+04,-1.816746E+00,+0.000000E+00,+9.910000E+37,+5.886006E+02,+3.584400E+04
16:09:40,0e0,+5.833132E-01,+1.179000E-03,+9.910000E+37,+5.888301E+02,+3.584400E+04,+5.804429E-01,+1.179000E-03,+9.910000E+37,+5.888965E+02,+3.584400E+04,+5.823109E-01,+1.179000E-03,+9.910000E+37,+5.889629E+02,+3.584400E+04,-1.772398E+00,+0.000000E+00,+9.910000E+37,+5.890293E+02,+3.584400E+04
16:09:40,0e0,+5.892774E-01,+1.245000E-03,+9.910000E+37,+5.892529E+02,+3.584400E+04,+5.890049E-01,+1.245000E-03,+9.910000E+37,+5.893203E+02,+3.584400E+04,+5.880932E-01,+1.245000E-03,+9.910000E+37,+5.893857E+02,+3.584400E+04,-1.800355E+00,+0.000000E+00,+9.910000E+37,+5.894521E+02,+3.584400E+04
16:09:40,0e0,+5.966088E-01,+1.315500E-03,+9.910000E+37,+5.896816E+02,+3.584400E+04,+5.950141E-01,+1.315500E-03,+9.910000E+37,+5.897490E+02,+3.584400E+04,+5.947406E-01,+1.315500E-03,+9.910000E+37,+5.898145E+02,+3.584400E+04,-1.780775E+00,+0.000000E+00,+9.910000E+37,+5.898809E+02,+3.584400E+04
16:09:40,0e0,+6.031629E-01,+1.389500E-03,+9.910000E+37,+5.901084E+02,+3.584400E+04,+6.026174E-01,+1.389500E-03,+9.910000E+37,+5.901738E+02,+3.584400E+04,+6.033018E-01,+1.389500E-03,+9.910000E+37,+5.902412E+02,+3.584400E+04,-1.788289E+00,+0.000000E+00,+9.910000E+37,+5.903086E+02,+3.584400E+04
16:09:40,0e0,+6.099477E-01,+1.468000E-03,+9.910000E+37,+5.905361E+02,+3.584400E+04,+6.105878E-01,+1.468000E-03,+9.910000E+37,+5.906025E+02,+3.584400E+04,+6.112701E-01,+1.468000E-03,+9.910000E+37,+5.906699E+02,+3.584400E+04,-1.780319E+00,+0.000000E+00,+9.910000E+37,+5.907354E+02,+3.584400E+04
16:09:40,0e0,+6.180071E-01,+1.550500E-03,+9.910000E+37,+5.909648E+02,+3.584400E+04,+6.181443E-01,+1.550500E-03,+9.910000E+37,+5.910322E+02,+3.584400E+04,+6.196478E-01,+1.550500E-03,+9.910000E+37,+5.910977E+02,+3.584400E+04,-1.775402E+00,+0.000000E+00,+9.910000E+37,+5.911641E+02,+3.584400E+04
16:09:40,0e0,+6.269777E-01,+1.638000E-03,+9.910000E+37,+5.913936E+02,+3.584400E+04,+6.257012E-01,+1.638000E-03,+9.910000E+37,+5.914600E+02,+3.584400E+04,+6.260667E-01,+1.638000E-03,+9.910000E+37,+5.915264E+02,+3.584400E+04,-1.780548E+00,+0.000000E+00,+9.910000E+37,+5.915928E+02,+3.584400E+04
16:09:40,0e0,+6.338060E-01,+1.730000E-03,+9.910000E+37,+5.918154E+02,+3.584400E+04,+6.338525E-01,+1.730000E-03,+9.910000E+37,+5.918818E+02,+3.584400E+04,+6.341708E-01,+1.730000E-03,+9.910000E+37,+5.919482E+02,+3.584400E+04,-1.807778E+00,+0.000000E+00,+9.910000E+37,+5.920156E+02,+3.584400E+04
16:09:40,0e0,+6.434144E-01,+1.827500E-03,+9.910000E+37,+5.922402E+02,+3.584400E+04,+6.430502E-01,+1.827500E-03,+9.910000E+37,+5.923076E+02,+3.584400E+04,+6.431862E-01,+1.827500E-03,+9.910000E+37,+5.923750E+02,+3.584400E+04,-1.817886E+00,+0.000000E+00,+9.910000E+37,+5.924424E+02,+3.584400E+04
16:09:40,0e0,+6.507894E-01,+1.930500E-03,+9.910000E+37,+5.926670E+02,+3.584400E+04,+6.526564E-01,+1.930500E-03,+9.910000E+37,+5.927334E+02,+3.584400E+04,+6.514274E-01,+1.930500E-03,+9.910000E+37,+5.928008E+02,+3.584400E+04,-1.830223E+00,+0.000000E+00,+9.910000E+37,+5.928682E+02,+3.584400E+04
16:09:40,0e0,+6.604884E-01,+2.039500E-03,+9.910000E+37,+5.930937E+02,+3.584400E+04,+6.590757E-01,+2.039500E-03,+9.910000E+37,+5.931602E+02,+3.584400E+04,+6.610820E-01,+2.039500E-03,+9.910000E+37,+5.932275E+02,+3.584400E+04,-1.773899E+00,+0.000000E+00,+9.910000E+37,+5.932930E+02,+3.584400E+04
16:09:40,0e0,+6.693683E-01,+2.154500E-03,+9.910000E+37,+5.935166E+02,+3.584400E+04,+6.684562E-01,+2.154500E-03,+9.910000E+37,+5.935830E+02,+3.584400E+04,+6.688205E-01,+2.154500E-03,+9.910000E+37,+5.936504E+02,+3.584400E+04,-1.800535E+00,+0.000000E+00,+9.910000E+37,+5.937168E+02,+3.584400E+04
16:09:40,0e0,+6.784735E-01,+2.276000E-03,+9.910000E+37,+5.939463E+02,+3.584400E+04,+6.770160E-01,+2.276000E-03,+9.910000E+37,+5.940137E+02,+3.584400E+04,+6.782000E-01,+2.276000E-03,+9.910000E+37,+5.940791E+02,+3.584400E+04,-1.801268E+00,+0.000000E+00,+9.910000E+37,+5.941455E+02,+3.584400E+04
16:09:40,0e0,+6.889921E-01,+2.404000E-03,+9.910000E+37,+5.943730E+02,+3.584400E+04,+6.871243E-01,+2.404000E-03,+9.910000E+37,+5.944395E+02,+3.584400E+04,+6.874431E-01,+2.404000E-03,+9.910000E+37,+5.945059E+02,+3.584400E+04,-1.828949E+00,+0.000000E+00,+9.910000E+37,+5.945723E+02,+3.584400E+04
16:09:40,0e0,+6.960920E-01,+2.539500E-03,+9.910000E+37,+5.948066E+02,+3.584400E+04,+6.959562E-01,+2.539500E-03,+9.910000E+37,+5.948730E+02,+3.584400E+04,+6.974608E-01,+2.539500E-03,+9.910000E+37,+5.949395E+02,+3.584400E+04,-1.844476E+00,+0.000000E+00,+9.910000E+37,+5.950059E+02,+3.584400E+04
16:09:40,0e0,+7.067946E-01,+2.682500E-03,+9.910000E+37,+5.952334E+02,+3.584400E+04,+7.051086E-01,+2.682500E-03,+9.910000E+37,+5.952988E+02,+3.584400E+04,+7.074773E-01,+2.682500E-03,+9.910000E+37,+5.953652E+02,+3.584400E+04,-1.780868E+00,+0.000000E+00,+9.910000E+37,+5.954316E+02,+3.584400E+04
16:09:40,0e0,+7.153058E-01,+2.834000E-03,+9.910000E+37,+5.956553E+02,+3.584400E+04,+7.156265E-01,+2.834000E-03,+9.910000E+37,+5.957217E+02,+3.584400E+04,+7.164000E-01,+2.834000E-03,+9.910000E+37,+5.957881E+02,+3.584400E+04,-1.841835E+00,+0.000000E+00,+9.910000E+37,+5.958545E+02,+3.584400E+04
16:09:40,0e0,+7.276485E-01,+2.993500E-03,+9.910000E+37,+5.960801E+02,+3.584400E+04,+7.258247E-01,+2.993500E-03,+9.910000E+37,+5.961465E+02,+3.584400E+04,+7.260537E-01,+2.993500E-03,+9.910000E+37,+5.962129E+02,+3.584400E+04,-1.811143E+00,+0.000000E+00,+9.910000E+37,+5.962793E+02,+3.584400E+04
16:09:40,0e0,+7.375718E-01,+3.162500E-03,+9.910000E+37,+5.965020E+02,+3.584400E+04,+7.376196E-01,+3.162500E-03,+9.910000E+37,+5.965684E+02,+3.584400E+04,+7.358413E-01,+3.162500E-03,+9.910000E+37,+5.966338E+02,+3.584400E+04,-1.818111E+00,+0.000000E+00,+9.910000E+37,+5.967002E+02,+3.584400E+04
16:09:40,0e0,+7.485917E-01,+3.340500E-03,+9.910000E+37,+5.969268E+02,+3.584400E+04,+7.493663E-01,+3.340500E-03,+9.910000E+37,+5.969932E+02,+3.584400E+04,+7.488642E-01,+3.340500E-03,+9.910000E+37,+5.970596E+02,+3.584400E+04,-1.801355E+00,+0.000000E+00,+9.910000E+37,+5.971260E+02,+3.584400E+04
16:09:40,0e0,+7.597000E-01,+3.528500E-03,+9.910000E+37,+5.973525E+02,+3.584400E+04,+7.585159E-01,+3.528500E-03,+9.910000E+37,+5.974199E+02,+3.584400E+04,+7.586988E-01,+3.528500E-03,+9.910000E+37,+5.974854E+02,+3.584400E+04,-1.819205E+00,+0.000000E+00,+9.910000E+37,+5.975518E+02,+3.584400E+04
16:09:40,0e0,+7.717196E-01,+3.727500E-03,+9.910000E+37,+5.977793E+02,+3.584400E+04,+7.717661E-01,+3.727500E-03,+9.910000E+37,+5.978457E+02,+3.584400E+04,+7.722222E-01,+3.727500E-03,+9.910000E+37,+5.979121E+02,+3.584400E+04,-1.821849E+00,+0.000000E+00,+9.910000E+37,+5.979785E+02,+3.584400E+04
16:09:40,0e0,+7.844237E-01,+3.937500E-03,+9.910000E+37,+5.982041E+02,+3.584400E+04,+7.827394E-01,+3.937500E-03,+9.910000E+37,+5.982705E+02,+3.584400E+04,+7.827848E-01,+3.937500E-03,+9.910000E+37,+5.983369E+02,+3.584400E+04,-1.812511E+00,+0.000000E+00,+9.910000E+37,+5.984033E+02,+3.584400E+04
16:09:40,0e0,+7.948496E-01,+4.159500E-03,+9.910000E+37,+5.986289E+02,+3.584400E+04,+7.958982E-01,+4.159500E-03,+9.910000E+37,+5.986953E+02,+3.584400E+04,+7.965828E-01,+4.159500E-03,+9.910000E+37,+5.987617E+02,+3.584400E+04,-1.831635E+00,+0.000000E+00,+9.910000E+37,+5.988281E+02,+3.584400E+04
16:09:40,0e0,+8.083725E-01,+4.394000E-03,+9.910000E+37,+5.990547E+02,+3.584400E+04,+8.077815E-01,+4.394000E-03,+9.910000E+37,+5.991211E+02,+3.584400E+04,+8.080554E-01,+4.394000E-03,+9.910000E+37,+5.991875E+02,+3.584400E+04,-1.811646E+00,+0.000000E+00,+9.910000E+37,+5.992539E+02,+3.584400E+04
16:09:40,0e0,+8.214405E-01,+4.641500E-03,+9.910000E+37,+5.994893E+02,+3.584400E+04,+8.207579E-01,+4.641500E-03,+9.910000E+37,+5.995566E+02,+3.584400E+04,+8.218968E-01,+4.641500E-03,+9.910000E+37,+5.996240E+02,+3.584400E+04,-1.853265E+00,+0.000000E+00,+9.910000E+37,+5.996895E+02,+3.584400E+04
16:09:40,0e0,+8.343706E-01,+4.903000E-03,+9.910000E+37,+5.999150E+02,+3.584400E+04,+8.359201E-01,+4.903000E-03,+9.910000E+37,+5.999814E+02,+3.584400E+04,+8.355107E-01,+4.903000E-03,+9.910000E+37,+6.000479E+02,+3.584400E+04,-1.764018E+00,+0.000000E+00,+9.910000E+37,+6.001143E+02,+3.584400E+04
16:09:40,0e0,+8.485307E-01,+5.179500E-03,+9.910000E+37,+6.003516E+02,+3.584400E+04,+8.488076E-01,+5.179500E-03,+9.910000E+37,+6.004189E+02,+3.584400E+04,+8.472099E-01,+5.179500E-03,+9.910000E+37,+6.004844E+02,+3.584400E+04,-1.801540E+00,+0.000000E+00,+9.910000E+37,+6.005508E+02,+3.584400E+04
16:09:40,0e0,+8.627818E-01,+5.471500E-03,+9.910000E+37,+6.007813E+02,+3.584400E+04,+8.637395E-01,+5.471500E-03,+9.910000E+37,+6.008486E+02,+3.584400E+04,+8.631932E-01,+5.471500E-03,+9.910000E+37,+6.009141E+02,+3.584400E+04,-1.795255E+00,+0.000000E+00,+9.910000E+37,+6.009814E+02,+3.584400E+04
16:09:40,0e0,+8.790386E-01,+5.779500E-03,+9.910000E+37,+6.012051E+02,+3.584400E+04,+8.798127E-01,+5.779500E-03,+9.910000E+37,+6.012715E+02,+3.584400E+04,+8.778085E-01,+5.779500E-03,+9.910000E+37,+6.013389E+02,+3.584400E+04,-1.838557E+00,+0.000000E+00,+9.910000E+37,+6.014063E+02,+3.584400E+04
16:09:40,0e0,+8.939276E-01,+6.105500E-03,+9.910000E+37,+6.016338E+02,+3.584400E+04,+8.926045E-01,+6.105500E-03,+9.910000E+37,+6.017002E+02,+3.584400E+04,+8.934728E-01,+6.105500E-03,+9.910000E+37,+6.017666E+02,+3.584400E+04,-1.807137E+00,+0.000000E+00,+9.910000E+37,+6.018340E+02,+3.584400E+04
16:09:40,0e0,+9.098626E-01,+6.449500E-03,+9.910000E+37,+6.020654E+02,+3.584400E+04,+9.114139E-01,+6.449500E-03,+9.910000E+37,+6.021318E+02,+3.584400E+04,+9.079962E-01,+6.449500E-03,+9.910000E+37,+6.021992E+02,+3.584400E+04,-1.802494E+00,+0.000000E+00,+9.910000E+37,+6.022646E+02,+3.584400E+04
16:09:40,0e0,+9.260706E-01,+6.813000E-03,+9.910000E+37,+6.024990E+02,+3.584400E+04,+9.261653E-01,+6.813000E-03,+9.910000E+37,+6.025664E+02,+3.584400E+04,+9.261174E-01,+6.813000E-03,+9.910000E+37,+6.026338E+02,+3.584400E+04,-1.772762E+00,+0.000000E+00,+9.910000E+37,+6.027012E+02,+3.584400E+04
16:09:40,0e0,+9.441032E-01,+7.197000E-03,+9.910000E+37,+6.029297E+02,+3.584400E+04,+9.435117E-01,+7.197000E-03,+9.910000E+37,+6.029971E+02,+3.584400E+04,+9.425571E-01,+7.197000E-03,+9.910000E+37,+6.030625E+02,+3.584400E+04,-1.788241E+00,+0.000000E+00,+9.910000E+37,+6.031299E+02,+3.584400E+04
16:09:40,0e0,+9.605875E-01,+7.602500E-03,+9.910000E+37,+6.033584E+02,+3.584400E+04,+9.611312E-01,+7.602500E-03,+9.910000E+37,+6.034248E+02,+3.584400E+04,+9.604486E-01,+7.602500E-03,+9.910000E+37,+6.034922E+02,+3.584400E+04,-1.735061E+00,+0.000000E+00,+9.910000E+37,+6.035576E+02,+3.584400E+04
16:09:40,0e0,+9.791605E-01,+8.031000E-03,+9.910000E+37,+6.037852E+02,+3.584400E+04,+9.777945E-01,+8.031000E-03,+9.910000E+37,+6.038525E+02,+3.584400E+04,+9.782512E-01,+8.031000E-03,+9.910000E+37,+6.039180E+02,+3.584400E+04,-1.754136E+00,+0.000000E+00,+9.910000E+37,+6.039854E+02,+3.584400E+04
16:09:40,0e0,+9.978293E-01,+8.483500E-03,+9.910000E+37,+6.042168E+02,+3.584400E+04,+9.967381E-01,+8.483500E-03,+9.910000E+37,+6.042842E+02,+3.584400E+04,+9.973744E-01,+8.483500E-03,+9.910000E+37,+6.043496E+02,+3.584400E+04,-1.765155E+00,+0.000000E+00,+9.910000E+37,+6.044170E+02,+3.584400E+04
16:09:40,0e0,+1.015677E+00,+8.961500E-03,+9.910000E+37,+6.046436E+02,+3.584400E+04,+1.016496E+00,+8.961500E-03,+9.910000E+37,+6.047100E+02,+3.584400E+04,+1.017044E+00,+8.961500E-03,+9.910000E+37,+6.047764E+02,+3.584400E+04,-1.802677E+00,+0.000000E+00,+9.910000E+37,+6.048438E+02,+3.584400E+04
16:09:40,0e0,+1.036805E+00,+9.466500E-03,+9.910000E+37,+6.050693E+02,+3.584400E+04,+1.036669E+00,+9.466500E-03,+9.910000E+37,+6.051357E+02,+3.584400E+04,+1.036530E+00,+9.466500E-03,+9.910000E+37,+6.052031E+02,+3.584400E+04,-1.786875E+00,+0.000000E+00,+9.910000E+37,+6.052686E+02,+3.584400E+04
