17:11:02,0e0,+2.732426E-04,+1.000000E-07,+9.910000E+37,+4.365557E+02,+3.584400E+04,+3.369763E-03,+1.000000E-07,+9.910000E+37,+4.366221E+02,+3.584400E+04,+1.912802E-03,+1.000000E-07,+9.910000E+37,+4.366895E+02,+3.584400E+04,-1.147325E-02,+0.000000E+00,+9.910000E+37,+4.367549E+02,+3.584400E+04
17:11:02,0e0,+2.640575E-03,+1.056500E-07,+9.910000E+37,+4.369805E+02,+3.584400E+04,+2.367720E-03,+1.056500E-07,+9.910000E+37,+4.370459E+02,+3.584400E+04,+1.958042E-03,+1.056500E-07,+9.910000E+37,+4.371123E+02,+3.584400E+04,-1.038043E-02,+0.000000E+00,+9.910000E+37,+4.371797E+02,+3.584400E+04
17:11:02,0e0,+2.322048E-03,+1.116000E-07,+9.910000E+37,+4.374004E+02,+3.584400E+04,+3.141716E-03,+1.116000E-07,+9.910000E+37,+4.374668E+02,+3.584400E+04,+2.914190E-03,+1.116000E-07,+9.910000E+37,+4.375342E+02,+3.584400E+04,-1.028921E-02,+0.000000E+00,+9.910000E+37,+4.375996E+02,+3.584400E+04
17:11:02,0e0,+3.915727E-03,+1.179000E-07,+9.910000E+37,+4.378271E+02,+3.584400E+04,+3.095984E-03,+1.179000E-07,+9.910000E+37,+4.378945E+02,+3.584400E+04,+4.371226E-03,+1.179000E-07,+9.910000E+37,+4.379600E+02,+3.584400E+04,-9.788200E-03,+0.000000E+00,+9.910000E+37,+4.380264E+02,+3.584400E+04
17:11:02,0e0,+4.507571E-03,+1.245000E-07,+9.910000E+37,+4.382500E+02,+3.584400E+04,+6.465778E-03,+1.245000E-07,+9.910000E+37,+4.383164E+02,+3.584400E+04,+4.507974E-03,+1.245000E-07,+9.910000E+37,+4.383828E+02,+3.584400E+04,-1.211087E-02,+0.000000E+00,+9.910000E+37,+4.384492E+02,+3.584400E+04
17:11:02,0e0,+4.780546E-03,+1.315500E-07,+9.910000E+37,+4.386758E+02,+3.584400E+04,+4.416466E-03,+1.315500E-07,+9.910000E+37,+4.387412E+02,+3.584400E+04,+7.148609E-03,+1.315500E-07,+9.910000E+37,+4.388076E+02,+3.584400E+04,-1.042563E-02,+0.000000E+00,+9.910000E+37,+4.388740E+02,+3.584400E+04
17:11:02,0e0,+5.326807E-03,+1.389500E-07,+9.910000E+37,+4.390986E+02,+3.584400E+04,+6.920680E-03,+1.389500E-07,+9.910000E+37,+4.391650E+02,+3.584400E+04,+8.423641E-03,+1.389500E-07,+9.910000E+37,+4.392324E+02,+3.584400E+04,-1.124559E-02,+0.000000E+00,+9.910000E+37,+4.392979E+02,+3.584400E+04
17:11:02,0e0,+6.920218E-03,+1.468000E-07,+9.910000E+37,+4.395205E+02,+3.584400E+04,+6.875038E-03,+1.468000E-07,+9.910000E+37,+4.395869E+02,+3.584400E+04,+8.559763E-03,+1.468000E-07,+9.910000E+37,+4.396543E+02,+3.584400E+04,-1.142815E-02,+0.000000E+00,+9.910000E+37,+4.397207E+02,+3.584400E+04
17:11:02,0e0,+9.333774E-03,+1.550500E-07,+9.910000E+37,+4.399482E+02,+3.584400E+04,+8.650929E-03,+1.550500E-07,+9.910000E+37,+4.400146E+02,+3.584400E+04,+1.042651E-02,+1.550500E-07,+9.910000E+37,+4.400811E+02,+3.584400E+04,-1.038052E-02,+0.000000E+00,+9.910000E+37,+4.401475E+02,+3.584400E+04
17:11:02,0e0,+9.515792E-03,+1.638000E-07,+9.910000E+37,+4.403730E+02,+3.584400E+04,+9.287998E-03,+1.638000E-07,+9.910000E+37,+4.404395E+02,+3.584400E+04,+1.074506E-02,+1.638000E-07,+9.910000E+37,+4.405059E+02,+3.584400E+04,-9.333268E-03,+0.000000E+00,+9.910000E+37,+4.405723E+02,+3.584400E+04
17:11:02,0e0,+1.170123E-02,+1.730000E-07,+9.910000E+37,+4.407988E+02,+3.584400E+04,+1.170143E-02,+1.730000E-07,+9.910000E+37,+4.408652E+02,+3.584400E+04,+1.079072E-02,+1.730000E-07,+9.910000E+37,+4.409316E+02,+3.584400E+04,-1.197448E-02,+0.000000E+00,+9.910000E+37,+4.409980E+02,+3.584400E+04
17:11:02,0e0,+1.274836E-02,+1.827500E-07,+9.910000E+37,+4.412227E+02,+3.584400E+04,+1.211126E-02,+1.827500E-07,+9.910000E+37,+4.412891E+02,+3.584400E+04,+1.279391E-02,+1.827500E-07,+9.910000E+37,+4.413555E+02,+3.584400E+04,-1.110902E-02,+0.000000E+00,+9.910000E+37,+4.414219E+02,+3.584400E+04
17:11:02,0e0,+1.192872E-02,+1.930500E-07,+9.910000E+37,+4.416465E+02,+3.584400E+04,+1.438750E-02,+1.930500E-07,+9.910000E+37,+4.417129E+02,+3.584400E+04,+1.393227E-02,+1.930500E-07,+9.910000E+37,+4.417793E+02,+3.584400E+04,-1.160984E-02,+0.000000E+00,+9.910000E+37,+4.418457E+02,+3.584400E+04
17:11:02,0e0,+1.616310E-02,+2.039500E-07,+9.910000E+37,+4.420654E+02,+3.584400E+04,+1.525269E-02,+2.039500E-07,+9.910000E+37,+4.421309E+02,+3.584400E+04,+1.634531E-02,+2.039500E-07,+9.910000E+37,+4.421982E+02,+3.584400E+04,-1.151887E-02,+0.000000E+00,+9.910000E+37,+4.422637E+02,+3.584400E+04
17:11:02,0e0,+1.839423E-02,+2.154500E-07,+9.910000E+37,+4.424873E+02,+3.584400E+04,+1.721062E-02,+2.154500E-07,+9.910000E+37,+4.425547E+02,+3.584400E+04,+1.766574E-02,+2.154500E-07,+9.910000E+37,+4.426201E+02,+3.584400E+04,-1.124565E-02,+0.000000E+00,+9.910000E+37,+4.426875E+02,+3.584400E+04
17:11:02,0e0,+1.953229E-02,+2.276000E-07,+9.910000E+37,+4.429141E+02,+3.584400E+04,+1.871283E-02,+2.276000E-07,+9.910000E+37,+4.429814E+02,+3.584400E+04,+1.816639E-02,+2.276000E-07,+9.910000E+37,+4.430479E+02,+3.584400E+04,-1.092647E-02,+0.000000E+00,+9.910000E+37,+4.431143E+02,+3.584400E+04
17:11:02,0e0,+2.003343E-02,+2.404000E-07,+9.910000E+37,+4.433418E+02,+3.584400E+04,+2.003303E-02,+2.404000E-07,+9.910000E+37,+4.434082E+02,+3.584400E+04,+2.085283E-02,+2.404000E-07,+9.910000E+37,+4.434746E+02,+3.584400E+04,-1.124565E-02,+0.000000E+00,+9.910000E+37,+4.435410E+02,+3.584400E+04
17:11:02,0e0,+2.322017E-02,+2.539500E-07,+9.910000E+37,+4.437656E+02,+3.584400E+04,+2.230948E-02,+2.539500E-07,+9.910000E+37,+4.438320E+02,+3.584400E+04,+2.126206E-02,+2.539500E-07,+9.910000E+37,+4.438994E+02,+3.584400E+04,-1.051700E-02,+0.000000E+00,+9.910000E+37,+4.439648E+02,+3.584400E+04
17:11:02,0e0,+2.417621E-02,+2.682500E-07,+9.910000E+37,+4.441914E+02,+3.584400E+04,+2.554217E-02,+2.682500E-07,+9.910000E+37,+4.442568E+02,+3.584400E+04,+2.444957E-02,+2.682500E-07,+9.910000E+37,+4.443232E+02,+3.584400E+04,-1.056242E-02,+0.000000E+00,+9.910000E+37,+4.443906E+02,+3.584400E+04
17:11:02,0e0,+2.800062E-02,+2.834000E-07,+9.910000E+37,+4.446172E+02,+3.584400E+04,+2.668045E-02,+2.834000E-07,+9.910000E+37,+4.446836E+02,+3.584400E+04,+2.631603E-02,+2.834000E-07,+9.910000E+37,+4.447500E+02,+3.584400E+04,-1.220216E-02,+0.000000E+00,+9.910000E+37,+4.448164E+02,+3.584400E+04
17:11:02,0e0,+2.859229E-02,+2.993500E-07,+9.910000E+37,+4.450420E+02,+3.584400E+04,+2.800068E-02,+2.993500E-07,+9.910000E+37,+4.451094E+02,+3.584400E+04,+2.941227E-02,+2.993500E-07,+9.910000E+37,+4.451768E+02,+3.584400E+04,-1.120025E-02,+0.000000E+00,+9.910000E+37,+4.452422E+02,+3.584400E+04
17:11:02,0e0,+2.995837E-02,+3.162500E-07,+9.910000E+37,+4.454678E+02,+3.584400E+04,+3.100556E-02,+3.162500E-07,+9.910000E+37,+4.455352E+02,+3.584400E+04,+3.091472E-02,+3.162500E-07,+9.910000E+37,+4.456016E+02,+3.584400E+04,-1.124559E-02,+0.000000E+00,+9.910000E+37,+4.456680E+02,+3.584400E+04
17:11:02,0e0,+3.223455E-02,+3.340500E-07,+9.910000E+37,+4.458936E+02,+3.584400E+04,+3.278115E-02,+3.340500E-07,+9.910000E+37,+4.459600E+02,+3.584400E+04,+3.282660E-02,+3.340500E-07,+9.910000E+37,+4.460264E+02,+3.584400E+04,-1.047119E-02,+0.000000E+00,+9.910000E+37,+4.460928E+02,+3.584400E+04
17:11:02,0e0,+3.601393E-02,+3.528500E-07,+9.910000E+37,+4.463145E+02,+3.584400E+04,+3.446561E-02,+3.528500E-07,+9.910000E+37,+4.463818E+02,+3.584400E+04,+3.674293E-02,+3.528500E-07,+9.910000E+37,+4.464473E+02,+3.584400E+04,-1.088117E-02,+0.000000E+00,+9.910000E+37,+4.465146E+02,+3.584400E+04
17:11:02,0e0,+3.687841E-02,+3.727500E-07,+9.910000E+37,+4.467412E+02,+3.584400E+04,+3.774369E-02,+3.727500E-07,+9.910000E+37,+4.468086E+02,+3.584400E+04,+3.942877E-02,+3.727500E-07,+9.910000E+37,+4.468740E+02,+3.584400E+04,-9.697363E-03,+0.000000E+00,+9.910000E+37,+4.469404E+02,+3.584400E+04
17:11:02,0e0,+4.015669E-02,+3.937500E-07,+9.910000E+37,+4.471650E+02,+3.584400E+04,+4.124978E-02,+3.937500E-07,+9.910000E+37,+4.472314E+02,+3.584400E+04,+4.047596E-02,+3.937500E-07,+9.910000E+37,+4.472979E+02,+3.584400E+04,-1.038045E-02,+0.000000E+00,+9.910000E+37,+4.473643E+02,+3.584400E+04
17:11:02,0e0,+4.361746E-02,+4.159500E-07,+9.910000E+37,+4.475908E+02,+3.584400E+04,+4.434618E-02,+4.159500E-07,+9.910000E+37,+4.476582E+02,+3.584400E+04,+4.384485E-02,+4.159500E-07,+9.910000E+37,+4.477236E+02,+3.584400E+04,-1.297614E-02,+0.000000E+00,+9.910000E+37,+4.477900E+02,+3.584400E+04
17:11:02,0e0,+4.716820E-02,+4.394000E-07,+9.910000E+37,+4.480156E+02,+3.584400E+04,+4.662234E-02,+4.394000E-07,+9.910000E+37,+4.480820E+02,+3.584400E+04,+4.689550E-02,+4.394000E-07,+9.910000E+37,+4.481494E+02,+3.584400E+04,-1.106311E-02,+0.000000E+00,+9.910000E+37,+4.482168E+02,+3.584400E+04
17:11:02,0e0,+4.921716E-02,+4.641500E-07,+9.910000E+37,+4.484434E+02,+3.584400E+04,+5.117530E-02,+4.641500E-07,+9.910000E+37,+4.485098E+02,+3.584400E+04,+4.967231E-02,+4.641500E-07,+9.910000E+37,+4.485771E+02,+3.584400E+04,-1.138221E-02,+0.000000E+00,+9.910000E+37,+4.486445E+02,+3.584400E+04
17:11:02,0e0,+5.449882E-02,+4.903000E-07,+9.910000E+37,+4.488672E+02,+3.584400E+04,+5.413449E-02,+4.903000E-07,+9.910000E+37,+4.489336E+02,+3.584400E+04,+5.377004E-02,+4.903000E-07,+9.910000E+37,+4.490010E+02,+3.584400E+04,-1.101792E-02,+0.000000E+00,+9.910000E+37,+4.490684E+02,+3.584400E+04
17:11:02,0e0,+5.654722E-02,+5.179500E-07,+9.910000E+37,+4.492939E+02,+3.584400E+04,+5.741259E-02,+5.179500E-07,+9.910000E+37,+4.493594E+02,+3.584400E+04,+5.941650E-02,+5.179500E-07,+9.910000E+37,+4.494258E+02,+3.584400E+04,-1.229317E-02,+0.000000E+00,+9.910000E+37,+4.494932E+02,+3.584400E+04
17:11:02,0e0,+6.205663E-02,+5.471500E-07,+9.910000E+37,+4.497197E+02,+3.584400E+04,+6.205714E-02,+5.471500E-07,+9.910000E+37,+4.497852E+02,+3.584400E+04,+6.059992E-02,+5.471500E-07,+9.910000E+37,+4.498525E+02,+3.584400E+04,-1.211108E-02,+0.000000E+00,+9.910000E+37,+4.499199E+02,+3.584400E+04
17:11:02,0e0,+6.492457E-02,+5.779500E-07,+9.910000E+37,+4.501445E+02,+3.584400E+04,+6.647363E-02,+5.779500E-07,+9.910000E+37,+4.502119E+02,+3.584400E+04,+6.565365E-02,+5.779500E-07,+9.910000E+37,+4.502793E+02,+3.584400E+04,-9.924889E-03,+0.000000E+00,+9.910000E+37,+4.503447E+02,+3.584400E+04
17:11:02,0e0,+7.029811E-02,+6.105500E-07,+9.910000E+37,+4.505713E+02,+3.584400E+04,+7.038850E-02,+6.105500E-07,+9.910000E+37,+4.506387E+02,+3.584400E+04,+6.979668E-02,+6.105500E-07,+9.910000E+37,+4.507051E+02,+3.584400E+04,-1.101805E-02,+0.000000E+00,+9.910000E+37,+4.507715E+02,+3.584400E+04
17:11:02,0e0,+7.298356E-02,+6.449500E-07,+9.910000E+37,+4.509990E+02,+3.584400E+04,+7.571551E-02,+6.449500E-07,+9.910000E+37,+4.510664E+02,+3.584400E+04,+7.434940E-02,+6.449500E-07,+9.910000E+37,+4.511318E+02,+3.584400E+04,-1.138218E-02,+0.000000E+00,+9.910000E+37,+4.511982E+02,+3.584400E+04
17:11:02,0e0,+7.808250E-02,+6.813000E-07,+9.910000E+37,+4.514219E+02,+3.584400E+04,+7.994995E-02,+6.813000E-07,+9.910000E+37,+4.514883E+02,+3.584400E+04,+7.803696E-02,+6.813000E-07,+9.910000E+37,+4.515547E+02,+3.584400E+04,-1.028964E-02,+0.000000E+00,+9.910000E+37,+4.516221E+02,+3.584400E+04
17:11:02,0e0,+8.445716E-02,+7.197000E-07,+9.910000E+37,+4.518438E+02,+3.584400E+04,+8.514026E-02,+7.197000E-07,+9.910000E+37,+4.519102E+02,+3.584400E+04,+8.404720E-02,+7.197000E-07,+9.910000E+37,+4.519766E+02,+3.584400E+04,-1.110907E-02,+0.000000E+00,+9.910000E+37,+4.520439E+02,+3.584400E+04
17:11:02,0e0,+9.014875E-02,+7.602500E-07,+9.910000E+37,+4.522686E+02,+3.584400E+04,+9.060371E-02,+7.602500E-07,+9.910000E+37,+4.523350E+02,+3.584400E+04,+8.955583E-02,+7.602500E-07,+9.910000E+37,+4.524023E+02,+3.584400E+04,-1.060812E-02,+0.000000E+00,+9.910000E+37,+4.524697E+02,+3.584400E+04
17:11:02,0e0,+9.570274E-02,+8.031000E-07,+9.910000E+37,+4.526953E+02,+3.584400E+04,+9.538370E-02,+8.031000E-07,+9.910000E+37,+4.527627E+02,+3.584400E+04,+9.511110E-02,+8.031000E-07,+9.910000E+37,+4.528281E+02,+3.584400E+04,-1.083583E-02,+0.000000E+00,+9.910000E+37,+4.528955E+02,+3.584400E+04
17:11:02,0e0,+1.018039E-01,+8.483500E-07,+9.910000E+37,+4.531191E+02,+3.584400E+04,+1.009844E-01,+8.483500E-07,+9.910000E+37,+4.531865E+02,+3.584400E+04,+1.006196E-01,+8.483500E-07,+9.910000E+37,+4.532529E+02,+3.584400E+04,-1.106372E-02,+0.000000E+00,+9.910000E+37,+4.533193E+02,+3.584400E+04
17:11:02,0e0,+1.070848E-01,+8.961500E-07,+9.910000E+37,+4.535420E+02,+3.584400E+04,+1.056279E-01,+8.961500E-07,+9.910000E+37,+4.536084E+02,+3.584400E+04,+1.065838E-01,+8.961500E-07,+9.910000E+37,+4.536758E+02,+3.584400E+04,-1.115486E-02,+0.000000E+00,+9.910000E+37,+4.537412E+02,+3.584400E+04
17:11:02,0e0,+1.149163E-01,+9.466500E-07,+9.910000E+37,+4.539658E+02,+3.584400E+04,+1.135958E-01,+9.466500E-07,+9.910000E+37,+4.540322E+02,+3.584400E+04,+1.141423E-01,+9.466500E-07,+9.910000E+37,+4.540986E+02,+3.584400E+04,-9.925351E-03,+0.000000E+00,+9.910000E+37,+4.541650E+02,+3.584400E+04
17:11:02,0e0,+1.201516E-01,+1.000000E-06,+9.910000E+37,+4.543838E+02,+3.584400E+04,+1.202889E-01,+1.000000E-06,+9.910000E+37,+4.544502E+02,+3.584400E+04,+1.211995E-01,+1.000000E-06,+9.910000E+37,+4.545176E+02,+3.584400E+04,-1.179223E-02,+0.000000E+00,+9.910000E+37,+4.545830E+02,+3.584400E+04
17:11:02,0e0,+1.156450E-01,+1.056500E-06,+9.910000E+37,+4.548076E+02,+3.584400E+04,+1.160094E-01,+1.056500E-06,+9.910000E+37,+4.548750E+02,+3.584400E+04,+1.166923E-01,+1.056500E-06,+9.910000E+37,+4.549404E+02,+3.584400E+04,-1.147346E-02,+0.000000E+00,+9.910000E+37,+4.550078E+02,+3.584400E+04
17:11:02,0e0,+1.241589E-01,+1.116000E-06,+9.910000E+37,+4.552334E+02,+3.584400E+04,+1.245230E-01,+1.116000E-06,+9.910000E+37,+4.552998E+02,+3.584400E+04,+1.229750E-01,+1.116000E-06,+9.910000E+37,+4.553662E+02,+3.584400E+04,-1.120025E-02,+0.000000E+00,+9.910000E+37,+4.554326E+02,+3.584400E+04
17:11:02,0e0,+1.309428E-01,+1.179000E-06,+9.910000E+37,+4.556582E+02,+3.584400E+04,+1.305332E-01,+1.179000E-06,+9.910000E+37,+4.557256E+02,+3.584400E+04,+1.308971E-01,+1.179000E-06,+9.910000E+37,+4.557910E+02,+3.584400E+04,-1.042597E-02,+0.000000E+00,+9.910000E+37,+4.558584E+02,+3.584400E+04
17:11:02,0e0,+1.379082E-01,+1.245000E-06,+9.910000E+37,+4.560791E+02,+3.584400E+04,+1.402307E-01,+1.245000E-06,+9.910000E+37,+4.561465E+02,+3.584400E+04,+1.369976E-01,+1.245000E-06,+9.910000E+37,+4.562119E+02,+3.584400E+04,-1.110922E-02,+0.000000E+00,+9.910000E+37,+4.562793E+02,+3.584400E+04
17:11:02,0e0,+1.460583E-01,+1.315500E-06,+9.910000E+37,+4.565010E+02,+3.584400E+04,+1.457390E-01,+1.315500E-06,+9.910000E+37,+4.565684E+02,+3.584400E+04,+1.464230E-01,+1.315500E-06,+9.910000E+37,+4.566338E+02,+3.584400E+04,-1.274852E-02,+0.000000E+00,+9.910000E+37,+4.567012E+02,+3.584400E+04
17:11:02,0e0,+1.537978E-01,+1.389500E-06,+9.910000E+37,+4.569229E+02,+3.584400E+04,+1.548909E-01,+1.389500E-06,+9.910000E+37,+4.569883E+02,+3.584400E+04,+1.566668E-01,+1.389500E-06,+9.910000E+37,+4.570557E+02,+3.584400E+04,-1.174629E-02,+0.000000E+00,+9.910000E+37,+4.571221E+02,+3.584400E+04
17:11:02,0e0,+1.627673E-01,+1.468000E-06,+9.910000E+37,+4.573428E+02,+3.584400E+04,+1.623571E-01,+1.468000E-06,+9.910000E+37,+4.574102E+02,+3.584400E+04,+1.645431E-01,+1.468000E-06,+9.910000E+37,+4.574756E+02,+3.584400E+04,-1.119997E-02,+0.000000E+00,+9.910000E+37,+4.575430E+02,+3.584400E+04
17:11:02,0e0,+1.741045E-01,+1.550500E-06,+9.910000E+37,+4.577646E+02,+3.584400E+04,+1.726473E-01,+1.550500E-06,+9.910000E+37,+4.578311E+02,+3.584400E+04,+1.743323E-01,+1.550500E-06,+9.910000E+37,+4.578984E+02,+3.584400E+04,-1.106367E-02,+0.000000E+00,+9.910000E+37,+4.579639E+02,+3.584400E+04
17:11:02,0e0,+1.834843E-01,+1.638000E-06,+9.910000E+37,+4.581855E+02,+3.584400E+04,+1.817983E-01,+1.638000E-06,+9.910000E+37,+4.582529E+02,+3.584400E+04,+1.851227E-01,+1.638000E-06,+9.910000E+37,+4.583184E+02,+3.584400E+04,-1.065391E-02,+0.000000E+00,+9.910000E+37,+4.583857E+02,+3.584400E+04
17:11:02,0e0,+1.921788E-01,+1.730000E-06,+9.910000E+37,+4.586113E+02,+3.584400E+04,+1.941833E-01,+1.730000E-06,+9.910000E+37,+4.586777E+02,+3.584400E+04,+1.935448E-01,+1.730000E-06,+9.910000E+37,+4.587451E+02,+3.584400E+04,-1.106329E-02,+0.000000E+00,+9.910000E+37,+4.588105E+02,+3.584400E+04
17:11:02,0e0,+2.061116E-01,+1.827500E-06,+9.910000E+37,+4.590361E+02,+3.584400E+04,+2.046555E-01,+1.827500E-06,+9.910000E+37,+4.591025E+02,+3.584400E+04,+2.049735E-01,+1.827500E-06,+9.910000E+37,+4.591689E+02,+3.584400E+04,-1.051766E-02,+0.000000E+00,+9.910000E+37,+4.592354E+02,+3.584400E+04
17:11:02,0e0,+2.179495E-01,+1.930500E-06,+9.910000E+37,+4.594580E+02,+3.584400E+04,+2.168565E-01,+1.930500E-06,+9.910000E+37,+4.595234E+02,+3.584400E+04,+2.162189E-01,+1.930500E-06,+9.910000E+37,+4.595908E+02,+3.584400E+04,-1.060840E-02,+0.000000E+00,+9.910000E+37,+4.596563E+02,+3.584400E+04
17:11:02,0e0,+2.289228E-01,+2.039500E-06,+9.910000E+37,+4.598779E+02,+3.584400E+04,+2.280566E-01,+2.039500E-06,+9.910000E+37,+4.599443E+02,+3.584400E+04,+2.278740E-01,+2.039500E-06,+9.910000E+37,+4.600117E+02,+3.584400E+04,-1.133680E-02,+0.000000E+00,+9.910000E+37,+4.600781E+02,+3.584400E+04
17:11:02,0e0,+2.415792E-01,+2.154500E-06,+9.910000E+37,+4.603018E+02,+3.584400E+04,+2.418981E-01,+2.154500E-06,+9.910000E+37,+4.603672E+02,+3.584400E+04,+2.421253E-01,+2.154500E-06,+9.910000E+37,+4.604336E+02,+3.584400E+04,-1.106356E-02,+0.000000E+00,+9.910000E+37,+4.605000E+02,+3.584400E+04
17:11:02,0e0,+2.549186E-01,+2.276000E-06,+9.910000E+37,+4.607266E+02,+3.584400E+04,+2.562850E-01,+2.276000E-06,+9.910000E+37,+4.607939E+02,+3.584400E+04,+2.566044E-01,+2.276000E-06,+9.910000E+37,+4.608594E+02,+3.584400E+04,-1.060812E-02,+0.000000E+00,+9.910000E+37,+4.609268E+02,+3.584400E+04
17:11:02,0e0,+2.687601E-01,+2.404000E-06,+9.910000E+37,+4.611533E+02,+3.584400E+04,+2.707176E-01,+2.404000E-06,+9.910000E+37,+4.612197E+02,+3.584400E+04,+2.702169E-01,+2.404000E-06,+9.910000E+37,+4.612871E+02,+3.584400E+04,-1.165538E-02,+0.000000E+00,+9.910000E+37,+4.613535E+02,+3.584400E+04
17:11:02,0e0,+2.859247E-01,+2.539500E-06,+9.910000E+37,+4.615791E+02,+3.584400E+04,+2.843768E-01,+2.539500E-06,+9.910000E+37,+4.616455E+02,+3.584400E+04,+2.844226E-01,+2.539500E-06,+9.910000E+37,+4.617129E+02,+3.584400E+04,-9.970978E-03,+0.000000E+00,+9.910000E+37,+4.617783E+02,+3.584400E+04
17:11:02,0e0,+2.993096E-01,+2.682500E-06,+9.910000E+37,+4.620049E+02,+3.584400E+04,+3.009043E-01,+2.682500E-06,+9.910000E+37,+4.620723E+02,+3.584400E+04,+3.006312E-01,+2.682500E-06,+9.910000E+37,+4.621377E+02,+3.584400E+04,-1.224783E-02,+0.000000E+00,+9.910000E+37,+4.622051E+02,+3.584400E+04
17:11:02,0e0,+3.172495E-01,+2.834000E-06,+9.910000E+37,+4.624248E+02,+3.584400E+04,+3.174310E-01,+2.834000E-06,+9.910000E+37,+4.624922E+02,+3.584400E+04,+3.172944E-01,+2.834000E-06,+9.910000E+37,+4.625576E+02,+3.584400E+04,-1.206562E-02,+0.000000E+00,+9.910000E+37,+4.626250E+02,+3.584400E+04
17:11:02,0e0,+3.358709E-01,+2.993500E-06,+9.910000E+37,+4.628467E+02,+3.584400E+04,+3.347319E-01,+2.993500E-06,+9.910000E+37,+4.629131E+02,+3.584400E+04,+3.357348E-01,+2.993500E-06,+9.910000E+37,+4.629795E+02,+3.584400E+04,-1.188339E-02,+0.000000E+00,+9.910000E+37,+4.630459E+02,+3.584400E+04
17:11:02,0e0,+3.548562E-01,+3.162500E-06,+9.910000E+37,+4.632676E+02,+3.584400E+04,+3.528078E-01,+3.162500E-06,+9.910000E+37,+4.633350E+02,+3.584400E+04,+3.545374E-01,+3.162500E-06,+9.910000E+37,+4.634004E+02,+3.584400E+04,-1.088136E-02,+0.000000E+00,+9.910000E+37,+4.634678E+02,+3.584400E+04
17:11:02,0e0,+3.732510E-01,+3.340500E-06,+9.910000E+37,+4.636895E+02,+3.584400E+04,+3.725659E-01,+3.340500E-06,+9.910000E+37,+4.637549E+02,+3.584400E+04,+3.741145E-01,+3.340500E-06,+9.910000E+37,+4.638223E+02,+3.584400E+04,-1.074509E-02,+0.000000E+00,+9.910000E+37,+4.638896E+02,+3.584400E+04
17:11:02,0e0,+3.930560E-01,+3.528500E-06,+9.910000E+37,+4.641113E+02,+3.584400E+04,+3.931928E-01,+3.528500E-06,+9.910000E+37,+4.641787E+02,+3.584400E+04,+3.930553E-01,+3.528500E-06,+9.910000E+37,+4.642451E+02,+3.584400E+04,-1.079026E-02,+0.000000E+00,+9.910000E+37,+4.643115E+02,+3.584400E+04
17:11:02,0e0,+4.143177E-01,+3.727500E-06,+9.910000E+37,+4.645381E+02,+3.584400E+04,+4.147725E-01,+3.727500E-06,+9.910000E+37,+4.646035E+02,+3.584400E+04,+4.148628E-01,+3.727500E-06,+9.910000E+37,+4.646709E+02,+3.584400E+04,-1.101816E-02,+0.000000E+00,+9.910000E+37,+4.647363E+02,+3.584400E+04
17:11:02,0e0,+4.367183E-01,+3.937500E-06,+9.910000E+37,+4.649570E+02,+3.584400E+04,+4.369462E-01,+3.937500E-06,+9.910000E+37,+4.650234E+02,+3.584400E+04,+4.375376E-01,+3.937500E-06,+9.910000E+37,+4.650898E+02,+3.584400E+04,-1.106328E-02,+0.000000E+00,+9.910000E+37,+4.651562E+02,+3.584400E+04
17:11:02,0e0,+4.624878E-01,+4.159500E-06,+9.910000E+37,+4.653789E+02,+3.584400E+04,+4.601197E-01,+4.159500E-06,+9.910000E+37,+4.654443E+02,+3.584400E+04,+4.628524E-01,+4.159500E-06,+9.910000E+37,+4.655107E+02,+3.584400E+04,-1.065399E-02,+0.000000E+00,+9.910000E+37,+4.655771E+02,+3.584400E+04
17:11:02,0e0,+4.862082E-01,+4.394000E-06,+9.910000E+37,+4.657988E+02,+3.584400E+04,+4.859813E-01,+4.394000E-06,+9.910000E+37,+4.658652E+02,+3.584400E+04,+4.864824E-01,+4.394000E-06,+9.910000E+37,+4.659326E+02,+3.584400E+04,-1.033503E-02,+0.000000E+00,+9.910000E+37,+4.659980E+02,+3.584400E+04
17:11:02,0e0,+5.130249E-01,+4.641500E-06,+9.910000E+37,+4.662197E+02,+3.584400E+04,+5.124340E-01,+4.641500E-06,+9.910000E+37,+4.662871E+02,+3.584400E+04,+5.128877E-01,+4.641500E-06,+9.910000E+37,+4.663525E+02,+3.584400E+04,-1.074493E-02,+0.000000E+00,+9.910000E+37,+4.664189E+02,+3.584400E+04
17:11:02,0e0,+5.397505E-01,+4.903000E-06,+9.910000E+37,+4.666455E+02,+3.584400E+04,+5.407075E-01,+4.903000E-06,+9.910000E+37,+4.667109E+02,+3.584400E+04,+5.407975E-01,+4.903000E-06,+9.910000E+37,+4.667783E+02,+3.584400E+04,-1.133689E-02,+0.000000E+00,+9.910000E+37,+4.668437E+02,+3.584400E+04
17:11:02,0e0,+5.683874E-01,+5.179500E-06,+9.910000E+37,+4.670693E+02,+3.584400E+04,+5.680240E-01,+5.179500E-06,+9.910000E+37,+4.671357E+02,+3.584400E+04,+5.694357E-01,+5.179500E-06,+9.910000E+37,+4.672031E+02,+3.584400E+04,-1.024388E-02,+0.000000E+00,+9.910000E+37,+4.672686E+02,+3.584400E+04
17:11:02,0e0,+6.002590E-01,+5.471500E-06,+9.910000E+37,+4.674951E+02,+3.584400E+04,+6.012608E-01,+5.471500E-06,+9.910000E+37,+4.675615E+02,+3.584400E+04,+5.992562E-01,+5.471500E-06,+9.910000E+37,+4.676289E+02,+3.584400E+04,-1.092672E-02,+0.000000E+00,+9.910000E+37,+4.676953E+02,+3.584400E+04
17:11:02,0e0,+6.339514E-01,+5.779500E-06,+9.910000E+37,+4.679219E+02,+3.584400E+04,+6.331771E-01,+5.779500E-06,+9.910000E+37,+4.679883E+02,+3.584400E+04,+6.326753E-01,+5.779500E-06,+9.910000E+37,+4.680547E+02,+3.584400E+04,-1.065387E-02,+0.000000E+00,+9.910000E+37,+4.681221E+02,+3.584400E+04
17:11:02,0e0,+6.689646E-01,+6.105500E-06,+9.910000E+37,+4.683467E+02,+3.584400E+04,+6.677321E-01,+6.105500E-06,+9.910000E+37,+4.684141E+02,+3.584400E+04,+6.685976E-01,+6.105500E-06,+9.910000E+37,+4.684795E+02,+3.584400E+04,-9.971038E-03,+0.000000E+00,+9.910000E+37,+4.685469E+02,+3.584400E+04
17:11:02,0e0,+7.038364E-01,+6.449500E-06,+9.910000E+37,+4.687725E+02,+3.584400E+04,+7.053395E-01,+6.449500E-06,+9.910000E+37,+4.688379E+02,+3.584400E+04,+7.043388E-01,+6.449500E-06,+9.910000E+37,+4.689053E+02,+3.584400E+04,-1.065375E-02,+0.000000E+00,+9.910000E+37,+4.689707E+02,+3.584400E+04
17:11:02,0e0,+7.432208E-01,+6.813000E-06,+9.910000E+37,+4.691934E+02,+3.584400E+04,+7.429033E-01,+6.813000E-06,+9.910000E+37,+4.692598E+02,+3.584400E+04,+7.434940E-01,+6.813000E-06,+9.910000E+37,+4.693262E+02,+3.584400E+04,-9.834424E-03,+0.000000E+00,+9.910000E+37,+4.693926E+02,+3.584400E+04
17:11:02,0e0,+7.829238E-01,+7.197000E-06,+9.910000E+37,+4.696191E+02,+3.584400E+04,+7.832855E-01,+7.197000E-06,+9.910000E+37,+4.696846E+02,+3.584400E+04,+7.846071E-01,+7.197000E-06,+9.910000E+37,+4.697520E+02,+3.584400E+04,-1.106352E-02,+0.000000E+00,+9.910000E+37,+4.698193E+02,+3.584400E+04
17:11:02,0e0,+8.252193E-01,+7.602500E-06,+9.910000E+37,+4.700439E+02,+3.584400E+04,+8.250828E-01,+7.602500E-06,+9.910000E+37,+4.701104E+02,+3.584400E+04,+8.250372E-01,+7.602500E-06,+9.910000E+37,+4.701768E+02,+3.584400E+04,-9.014815E-03,+0.000000E+00,+9.910000E+37,+4.702432E+02,+3.584400E+04
17:11:02,0e0,+8.696107E-01,+8.031000E-06,+9.910000E+37,+4.704697E+02,+3.584400E+04,+8.689722E-01,+8.031000E-06,+9.910000E+37,+4.705371E+02,+3.584400E+04,+8.706121E-01,+8.031000E-06,+9.910000E+37,+4.706045E+02,+3.584400E+04,-1.079111E-02,+0.000000E+00,+9.910000E+37,+4.706699E+02,+3.584400E+04
17:11:02,0e0,+9.174634E-01,+8.483500E-06,+9.910000E+37,+4.708975E+02,+3.584400E+04,+9.162778E-01,+8.483500E-06,+9.910000E+37,+4.709629E+02,+3.584400E+04,+9.171001E-01,+8.483500E-06,+9.910000E+37,+4.710303E+02,+3.584400E+04,-1.006190E-02,+0.000000E+00,+9.910000E+37,+4.710957E+02,+3.584400E+04
17:11:02,0e0,+9.662695E-01,+8.961500E-06,+9.910000E+37,+4.713213E+02,+3.584400E+04,+9.656341E-01,+8.961500E-06,+9.910000E+37,+4.713877E+02,+3.584400E+04,+9.667246E-01,+8.961500E-06,+9.910000E+37,+4.714531E+02,+3.584400E+04,-1.156482E-02,+0.000000E+00,+9.910000E+37,+4.715195E+02,+3.584400E+04
17:11:02,0e0,+1.017810E+00,+9.466500E-06,+9.910000E+37,+4.717422E+02,+3.584400E+04,+1.017533E+00,+9.466500E-06,+9.910000E+37,+4.718076E+02,+3.584400E+04,+1.018717E+00,+9.466500E-06,+9.910000E+37,+4.718750E+02,+3.584400E+04,-1.042604E-02,+0.000000E+00,+9.910000E+37,+4.719404E+02,+3.584400E+04
17:11:02,0e0,+1.073855E+00,+1.000000E-05,+9.910000E+37,+4.721602E+02,+3.584400E+04,+1.072851E+00,+1.000000E-05,+9.910000E+37,+4.722266E+02,+3.584400E+04,+1.072901E+00,+1.000000E-05,+9.910000E+37,+4.722939E+02,+3.584400E+04,-1.006250E-02,+0.000000E+00,+9.910000E+37,+4.723613E+02,+3.584400E+04
17:11:02,0e0,+1.118747E+00,+1.056500E-05,+9.910000E+37,+4.725801E+02,+3.584400E+04,+1.119296E+00,+1.056500E-05,+9.910000E+37,+4.726475E+02,+3.584400E+04,+1.118747E+00,+1.056500E-05,+9.910000E+37,+4.727129E+02,+3.584400E+04,-1.060852E-02,+0.000000E+00,+9.910000E+37,+4.727803E+02,+3.584400E+04
17:11:02,0e0,+1.180121E+00,+1.116000E-05,+9.910000E+37,+4.729971E+02,+3.584400E+04,+1.181032E+00,+1.116000E-05,+9.910000E+37,+4.730635E+02,+3.584400E+04,+1.180168E+00,+1.116000E-05,+9.910000E+37,+4.731299E+02,+3.584400E+04,-1.220207E-02,+0.000000E+00,+9.910000E+37,+4.731992E+02,+3.584400E+04
17:11:02,0e0,+1.244729E+00,+1.179000E-05,+9.910000E+37,+4.734189E+02,+3.584400E+04,+1.244454E+00,+1.179000E-05,+9.910000E+37,+4.734844E+02,+3.584400E+04,+1.242767E+00,+1.179000E-05,+9.910000E+37,+4.735518E+02,+3.584400E+04,-1.179227E-02,+0.000000E+00,+9.910000E+37,+4.736240E+02,+3.584400E+04
17:11:02,0e0,+1.312067E+00,+1.245000E-05,+9.910000E+37,+4.738379E+02,+3.584400E+04,+1.310743E+00,+1.245000E-05,+9.910000E+37,+4.739043E+02,+3.584400E+04,+1.310561E+00,+1.245000E-05,+9.910000E+37,+4.739707E+02,+3.584400E+04,-1.229317E-02,+0.000000E+00,+9.910000E+37,+4.740371E+02,+3.584400E+04
17:11:02,0e0,+1.383275E+00,+1.315500E-05,+9.910000E+37,+4.742500E+02,+3.584400E+04,+1.383867E+00,+1.315500E-05,+9.910000E+37,+4.743154E+02,+3.584400E+04,+1.384415E+00,+1.315500E-05,+9.910000E+37,+4.743828E+02,+3.584400E+04,-1.224732E-02,+0.000000E+00,+9.910000E+37,+4.744482E+02,+3.584400E+04
17:11:02,0e0,+1.458488E+00,+1.389500E-05,+9.910000E+37,+4.746631E+02,+3.584400E+04,+1.460809E+00,+1.389500E-05,+9.910000E+37,+4.747305E+02,+3.584400E+04,+1.460672E+00,+1.389500E-05,+9.910000E+37,+4.747969E+02,+3.584400E+04,-1.156451E-02,+0.000000E+00,+9.910000E+37,+4.748643E+02,+3.584400E+04
17:11:02,0e0,+1.539345E+00,+1.468000E-05,+9.910000E+37,+4.750820E+02,+3.584400E+04,+1.539029E+00,+1.468000E-05,+9.910000E+37,+4.751494E+02,+3.584400E+04,+1.541168E+00,+1.468000E-05,+9.910000E+37,+4.752148E+02,+3.584400E+04,-1.233910E-02,+0.000000E+00,+9.910000E+37,+4.752822E+02,+3.584400E+04
17:11:02,0e0,+1.622985E+00,+1.550500E-05,+9.910000E+37,+4.754971E+02,+3.584400E+04,+1.623214E+00,+1.550500E-05,+9.910000E+37,+4.755645E+02,+3.584400E+04,+1.623759E+00,+1.550500E-05,+9.910000E+37,+4.756299E+02,+3.584400E+04,-1.138261E-02,+0.000000E+00,+9.910000E+37,+4.756973E+02,+3.584400E+04
17:11:02,0e0,+1.712817E+00,+1.638000E-05,+9.910000E+37,+4.759141E+02,+3.584400E+04,+1.712860E+00,+1.638000E-05,+9.910000E+37,+4.759814E+02,+3.584400E+04,+1.711672E+00,+1.638000E-05,+9.910000E+37,+4.760469E+02,+3.584400E+04,-1.106378E-02,+0.000000E+00,+9.910000E+37,+4.761162E+02,+3.584400E+04
17:11:02,0e0,+1.806423E+00,+1.730000E-05,+9.910000E+37,+4.763330E+02,+3.584400E+04,+1.807380E+00,+1.730000E-05,+9.910000E+37,+4.764004E+02,+3.584400E+04,+1.805964E+00,+1.730000E-05,+9.910000E+37,+4.764717E+02,+3.584400E+04,-1.115525E-02,+0.000000E+00,+9.910000E+37,+4.765439E+02,+3.584400E+04
17:11:02,0e0,+1.905722E+00,+1.827500E-05,+9.910000E+37,+4.767637E+02,+3.584400E+04,+1.906725E+00,+1.827500E-05,+9.910000E+37,+4.768311E+02,+3.584400E+04,+1.906132E+00,+1.827500E-05,+9.910000E+37,+4.768965E+02,+3.584400E+04,-1.065400E-02,+0.000000E+00,+9.910000E+37,+4.769658E+02,+3.584400E+04
17:11:02,0e0,+2.009983E+00,+1.930500E-05,+9.910000E+37,+4.771797E+02,+3.584400E+04,+2.010623E+00,+1.930500E-05,+9.910000E+37,+4.772461E+02,+3.584400E+04,+2.010261E+00,+1.930500E-05,+9.910000E+37,+4.773125E+02,+3.584400E+04,-1.065391E-02,+0.000000E+00,+9.910000E+37,+4.773779E+02,+3.584400E+04
17:11:02,0e0,+2.121031E+00,+2.039500E-05,+9.910000E+37,+4.775918E+02,+3.584400E+04,+2.120210E+00,+2.039500E-05,+9.910000E+37,+4.776582E+02,+3.584400E+04,+2.120394E+00,+2.039500E-05,+9.910000E+37,+4.777246E+02,+3.584400E+04,-1.206551E-02,+0.000000E+00,+9.910000E+37,+4.777910E+02,+3.584400E+04
17:11:02,0e0,+2.235177E+00,+2.154500E-05,+9.910000E+37,+4.780068E+02,+3.584400E+04,+2.235537E+00,+2.154500E-05,+9.910000E+37,+4.780723E+02,+3.584400E+04,+2.236356E+00,+2.154500E-05,+9.910000E+37,+4.781396E+02,+3.584400E+04,-1.133694E-02,+0.000000E+00,+9.910000E+37,+4.782061E+02,+3.584400E+04
17:11:02,0e0,+2.356422E+00,+2.276000E-05,+9.910000E+37,+4.784229E+02,+3.584400E+04,+2.355274E+00,+2.276000E-05,+9.910000E+37,+4.784902E+02,+3.584400E+04,+2.356781E+00,+2.276000E-05,+9.910000E+37,+4.785576E+02,+3.584400E+04,-9.880051E-03,+0.000000E+00,+9.910000E+37,+4.786230E+02,+3.584400E+04
17:11:02,0e0,+2.482533E+00,+2.404000E-05,+9.910000E+37,+4.788389E+02,+3.584400E+04,+2.482265E+00,+2.404000E-05,+9.910000E+37,+4.789063E+02,+3.584400E+04,+2.483989E+00,+2.404000E-05,+9.910000E+37,+4.789727E+02,+3.584400E+04,-1.115502E-02,+0.000000E+00,+9.910000E+37,+4.790391E+02,+3.584400E+04
17:11:02,0e0,+2.612969E+00,+2.539500E-05,+9.910000E+37,+4.792559E+02,+3.584400E+04,+2.615251E+00,+2.539500E-05,+9.910000E+37,+4.793223E+02,+3.584400E+04,+2.614108E+00,+2.539500E-05,+9.910000E+37,+4.793896E+02,+3.584400E+04,-1.211080E-02,+0.000000E+00,+9.910000E+37,+4.794570E+02,+3.584400E+04
17:11:02,0e0,+2.752108E+00,+2.682500E-05,+9.910000E+37,+4.796768E+02,+3.584400E+04,+2.753520E+00,+2.682500E-05,+9.910000E+37,+4.797441E+02,+3.584400E+04,+2.753340E+00,+2.682500E-05,+9.910000E+37,+4.798096E+02,+3.584400E+04,-1.142815E-02,+0.000000E+00,+9.910000E+37,+4.798818E+02,+3.584400E+04
17:11:02,0e0,+2.898261E+00,+2.834000E-05,+9.910000E+37,+4.801025E+02,+3.584400E+04,+2.898312E+00,+2.834000E-05,+9.910000E+37,+4.801699E+02,+3.584400E+04,+2.898268E+00,+2.834000E-05,+9.910000E+37,+4.802354E+02,+3.584400E+04,-1.197489E-02,+0.000000E+00,+9.910000E+37,+4.803066E+02,+3.584400E+04
17:11:02,0e0,+3.047868E+00,+2.993500E-05,+9.910000E+37,+4.805293E+02,+3.584400E+04,+3.049505E+00,+2.993500E-05,+9.910000E+37,+4.805957E+02,+3.584400E+04,+3.049509E+00,+2.993500E-05,+9.910000E+37,+4.806621E+02,+3.584400E+04,-1.165535E-02,+0.000000E+00,+9.910000E+37,+4.807305E+02,+3.584400E+04
17:11:02,0e0,+3.203258E+00,+3.162500E-05,+9.910000E+37,+4.809492E+02,+3.584400E+04,+3.205227E+00,+3.162500E-05,+9.910000E+37,+4.810156E+02,+3.584400E+04,+3.205401E+00,+3.162500E-05,+9.910000E+37,+4.810830E+02,+3.584400E+04,-1.038089E-02,+0.000000E+00,+9.910000E+37,+4.811533E+02,+3.584400E+04
17:11:02,0e0,+3.366025E+00,+3.340500E-05,+9.910000E+37,+4.813789E+02,+3.584400E+04,+3.366660E+00,+3.340500E-05,+9.910000E+37,+4.814463E+02,+3.584400E+04,+3.367765E+00,+3.340500E-05,+9.910000E+37,+4.815117E+02,+3.584400E+04,-1.183753E-02,+0.000000E+00,+9.910000E+37,+4.815801E+02,+3.584400E+04
17:11:02,0e0,+3.534257E+00,+3.528500E-05,+9.910000E+37,+4.818018E+02,+3.584400E+04,+3.535362E+00,+3.528500E-05,+9.910000E+37,+4.818691E+02,+3.584400E+04,+3.535309E+00,+3.528500E-05,+9.910000E+37,+4.819346E+02,+3.584400E+04,-1.074508E-02,+0.000000E+00,+9.910000E+37,+4.820068E+02,+3.584400E+04
17:11:02,0e0,+3.709138E+00,+3.727500E-05,+9.910000E+37,+4.822295E+02,+3.584400E+04,+3.708956E+00,+3.727500E-05,+9.910000E+37,+4.822959E+02,+3.584400E+04,+3.708588E+00,+3.727500E-05,+9.910000E+37,+4.823623E+02,+3.584400E+04,-1.174687E-02,+0.000000E+00,+9.910000E+37,+4.824316E+02,+3.584400E+04
17:11:02,0e0,+3.887385E+00,+3.937500E-05,+9.910000E+37,+4.826484E+02,+3.584400E+04,+3.888981E+00,+3.937500E-05,+9.910000E+37,+4.827148E+02,+3.584400E+04,+3.887980E+00,+3.937500E-05,+9.910000E+37,+4.827832E+02,+3.584400E+04,-1.192930E-02,+0.000000E+00,+9.910000E+37,+4.828555E+02,+3.584400E+04
17:11:02,0e0,+4.072150E+00,+4.159500E-05,+9.910000E+37,+4.830752E+02,+3.584400E+04,+4.072419E+00,+4.159500E-05,+9.910000E+37,+4.831416E+02,+3.584400E+04,+4.073327E+00,+4.159500E-05,+9.910000E+37,+4.832090E+02,+3.584400E+04,-1.156479E-02,+0.000000E+00,+9.910000E+37,+4.832803E+02,+3.584400E+04
17:11:02,0e0,+4.262048E+00,+4.394000E-05,+9.910000E+37,+4.835039E+02,+3.584400E+04,+4.260762E+00,+4.394000E-05,+9.910000E+37,+4.835713E+02,+3.584400E+04,+4.262366E+00,+4.394000E-05,+9.910000E+37,+4.836367E+02,+3.584400E+04,-1.151919E-02,+0.000000E+00,+9.910000E+37,+4.837051E+02,+3.584400E+04
17:11:02,0e0,+4.457277E+00,+4.641500E-05,+9.910000E+37,+4.839238E+02,+3.584400E+04,+4.457232E+00,+4.641500E-05,+9.910000E+37,+4.839912E+02,+3.584400E+04,+4.455765E+00,+4.641500E-05,+9.910000E+37,+4.840566E+02,+3.584400E+04,-1.202022E-02,+0.000000E+00,+9.910000E+37,+4.841279E+02,+3.584400E+04
17:11:02,0e0,+4.655738E+00,+4.903000E-05,+9.910000E+37,+4.843525E+02,+3.584400E+04,+4.656702E+00,+4.903000E-05,+9.910000E+37,+4.844199E+02,+3.584400E+04,+4.655545E+00,+4.903000E-05,+9.910000E+37,+4.844854E+02,+3.584400E+04,-1.197453E-02,+0.000000E+00,+9.910000E+37,+4.845547E+02,+3.584400E+04
17:11:02,0e0,+4.860256E+00,+5.179500E-05,+9.910000E+37,+4.847812E+02,+3.584400E+04,+4.862121E+00,+5.179500E-05,+9.910000E+37,+4.848467E+02,+3.584400E+04,+4.860983E+00,+5.179500E-05,+9.910000E+37,+4.849141E+02,+3.584400E+04,-1.097281E-02,+0.000000E+00,+9.910000E+37,+4.849795E+02,+3.584400E+04
17:11:02,0e0,+5.067689E+00,+5.471500E-05,+9.910000E+37,+4.851982E+02,+3.584400E+04,+5.071101E+00,+5.471500E-05,+9.910000E+37,+4.852646E+02,+3.584400E+04,+5.068865E+00,+5.471500E-05,+9.910000E+37,+4.853320E+02,+3.584400E+04,-1.106386E-02,+0.000000E+00,+9.910000E+37,+4.854033E+02,+3.584400E+04
17:11:02,0e0,+5.282359E+00,+5.779500E-05,+9.910000E+37,+4.856260E+02,+3.584400E+04,+5.282680E+00,+5.779500E-05,+9.910000E+37,+4.856934E+02,+3.584400E+04,+5.281347E+00,+5.779500E-05,+9.910000E+37,+4.857588E+02,+3.584400E+04,-1.270340E-02,+0.000000E+00,+9.910000E+37,+4.858281E+02,+3.584400E+04
17:11:02,0e0,+5.498669E+00,+6.105500E-05,+9.910000E+37,+4.860459E+02,+3.584400E+04,+5.498806E+00,+6.105500E-05,+9.910000E+37,+4.861123E+02,+3.584400E+04,+5.498855E+00,+6.105500E-05,+9.910000E+37,+4.861797E+02,+3.584400E+04,-1.142828E-02,+0.000000E+00,+9.910000E+37,+4.862500E+02,+3.584400E+04
17:11:02,0e0,+5.716836E+00,+6.449500E-05,+9.910000E+37,+4.864736E+02,+3.584400E+04,+5.717334E+00,+6.449500E-05,+9.910000E+37,+4.865410E+02,+3.584400E+04,+5.717791E+00,+6.449500E-05,+9.910000E+37,+4.866064E+02,+3.584400E+04,-1.028952E-02,+0.000000E+00,+9.910000E+37,+4.866748E+02,+3.584400E+04
17:11:02,0e0,+5.940120E+00,+6.813000E-05,+9.910000E+37,+4.868945E+02,+3.584400E+04,+5.941820E+00,+6.813000E-05,+9.910000E+37,+4.869619E+02,+3.584400E+04,+5.943218E+00,+6.813000E-05,+9.910000E+37,+4.870273E+02,+3.584400E+04,-1.088187E-02,+0.000000E+00,+9.910000E+37,+4.870996E+02,+3.584400E+04
17:11:02,0e0,+6.168625E+00,+7.197000E-05,+9.910000E+37,+4.873203E+02,+3.584400E+04,+6.166848E+00,+7.197000E-05,+9.910000E+37,+4.873877E+02,+3.584400E+04,+6.168863E+00,+7.197000E-05,+9.910000E+37,+4.874590E+02,+3.584400E+04,-1.133728E-02,+0.000000E+00,+9.910000E+37,+4.875312E+02,+3.584400E+04
17:11:02,0e0,+6.396403E+00,+7.602500E-05,+9.910000E+37,+4.877520E+02,+3.584400E+04,+6.397328E+00,+7.602500E-05,+9.910000E+37,+4.878174E+02,+3.584400E+04,+6.397280E+00,+7.602500E-05,+9.910000E+37,+4.878848E+02,+3.584400E+04,-1.101850E-02,+0.000000E+00,+9.910000E+37,+4.879561E+02,+3.584400E+04
17:11:02,0e0,+6.627203E+00,+8.031000E-05,+9.910000E+37,+4.881777E+02,+3.584400E+04,+6.629111E+00,+8.031000E-05,+9.910000E+37,+4.882432E+02,+3.584400E+04,+6.629019E+00,+8.031000E-05,+9.910000E+37,+4.883105E+02,+3.584400E+04,-1.083620E-02,+0.000000E+00,+9.910000E+37,+4.883809E+02,+3.584400E+04
17:11:02,0e0,+6.860539E+00,+8.483500E-05,+9.910000E+37,+4.886006E+02,+3.584400E+04,+6.862634E+00,+8.483500E-05,+9.910000E+37,+4.886660E+02,+3.584400E+04,+6.861778E+00,+8.483500E-05,+9.910000E+37,+4.887334E+02,+3.584400E+04,-1.215708E-02,+0.000000E+00,+9.910000E+37,+4.888027E+02,+3.584400E+04
17:11:02,0e0,+7.096978E+00,+8.961500E-05,+9.910000E+37,+4.890215E+02,+3.584400E+04,+7.097054E+00,+8.961500E-05,+9.910000E+37,+4.890869E+02,+3.584400E+04,+7.096556E+00,+8.961500E-05,+9.910000E+37,+4.891533E+02,+3.584400E+04,-1.192941E-02,+0.000000E+00,+9.910000E+37,+4.892246E+02,+3.584400E+04
17:11:02,0e0,+7.332941E+00,+9.466500E-05,+9.910000E+37,+4.894463E+02,+3.584400E+04,+7.334491E+00,+9.466500E-05,+9.910000E+37,+4.895127E+02,+3.584400E+04,+7.337187E+00,+9.466500E-05,+9.910000E+37,+4.895801E+02,+3.584400E+04,-1.147379E-02,+0.000000E+00,+9.910000E+37,+4.896494E+02,+3.584400E+04
17:11:02,0e0,+7.573893E+00,+1.000000E-04,+9.910000E+37,+4.898662E+02,+3.584400E+04,+7.574611E+00,+1.000000E-04,+9.910000E+37,+4.899316E+02,+3.584400E+04,+7.574942E+00,+1.000000E-04,+9.910000E+37,+4.900010E+02,+3.584400E+04,-1.133706E-02,+0.000000E+00,+9.910000E+37,+4.900732E+02,+3.584400E+04
17:11:02,0e0,+7.800458E+00,+1.056500E-04,+9.910000E+37,+4.902979E+02,+3.584400E+04,+7.801260E+00,+1.056500E-04,+9.910000E+37,+4.903643E+02,+3.584400E+04,+7.801579E+00,+1.056500E-04,+9.910000E+37,+4.904316E+02,+3.584400E+04,-1.493406E-02,+0.000000E+00,+9.910000E+37,+4.904971E+02,+3.584400E+04
17:11:02,0e0,+8.041494E+00,+1.116000E-04,+9.910000E+37,+4.907227E+02,+3.584400E+04,+8.043033E+00,+1.116000E-04,+9.910000E+37,+4.907881E+02,+3.584400E+04,+8.043482E+00,+1.116000E-04,+9.910000E+37,+4.908555E+02,+3.584400E+04,-1.634538E-02,+0.000000E+00,+9.910000E+37,+4.909209E+02,+3.584400E+04
17:11:02,0e0,+8.282321E+00,+1.179000E-04,+9.910000E+37,+4.911436E+02,+3.584400E+04,+8.283957E+00,+1.179000E-04,+9.910000E+37,+4.912109E+02,+3.584400E+04,+8.286744E+00,+1.179000E-04,+9.910000E+37,+4.912764E+02,+3.584400E+04,-1.743819E-02,+0.000000E+00,+9.910000E+37,+4.913437E+02,+3.584400E+04
17:11:02,0e0,+8.525000E+00,+1.245000E-04,+9.910000E+37,+4.915684E+02,+3.584400E+04,+8.527417E+00,+1.245000E-04,+9.910000E+37,+4.916348E+02,+3.584400E+04,+8.526327E+00,+1.245000E-04,+9.910000E+37,+4.917021E+02,+3.584400E+04,-1.711926E-02,+0.000000E+00,+9.910000E+37,+4.917676E+02,+3.584400E+04
17:11:02,0e0,+8.769315E+00,+1.315500E-04,+9.910000E+37,+4.919893E+02,+3.584400E+04,+8.772090E+00,+1.315500E-04,+9.910000E+37,+4.920566E+02,+3.584400E+04,+8.771317E+00,+1.315500E-04,+9.910000E+37,+4.921240E+02,+3.584400E+04,-1.793930E-02,+0.000000E+00,+9.910000E+37,+4.921895E+02,+3.584400E+04
17:11:02,0e0,+9.013163E+00,+1.389500E-04,+9.910000E+37,+4.924141E+02,+3.584400E+04,+9.014245E+00,+1.389500E-04,+9.910000E+37,+4.924805E+02,+3.584400E+04,+9.016403E+00,+1.389500E-04,+9.910000E+37,+4.925469E+02,+3.584400E+04,-1.812162E-02,+0.000000E+00,+9.910000E+37,+4.926133E+02,+3.584400E+04
17:11:02,0e0,+9.258738E+00,+1.468000E-04,+9.910000E+37,+4.928340E+02,+3.584400E+04,+9.260936E+00,+1.468000E-04,+9.910000E+37,+4.929014E+02,+3.584400E+04,+9.262346E+00,+1.468000E-04,+9.910000E+37,+4.929668E+02,+3.584400E+04,-1.634522E-02,+0.000000E+00,+9.910000E+37,+4.930342E+02,+3.584400E+04
17:11:02,0e0,+9.503258E+00,+1.550500E-04,+9.910000E+37,+4.932607E+02,+3.584400E+04,+9.506519E+00,+1.550500E-04,+9.910000E+37,+4.933262E+02,+3.584400E+04,+9.506521E+00,+1.550500E-04,+9.910000E+37,+4.933936E+02,+3.584400E+04,-1.648200E-02,+0.000000E+00,+9.910000E+37,+4.934590E+02,+3.584400E+04
17:11:02,0e0,+9.749833E+00,+1.638000E-04,+9.910000E+37,+4.936865E+02,+3.584400E+04,+9.751136E+00,+1.638000E-04,+9.910000E+37,+4.937539E+02,+3.584400E+04,+9.752884E+00,+1.638000E-04,+9.910000E+37,+4.938193E+02,+3.584400E+04,-1.625432E-02,+0.000000E+00,+9.910000E+37,+4.938867E+02,+3.584400E+04
17:11:02,0e0,+9.994269E+00,+1.730000E-04,+9.910000E+37,+4.941113E+02,+3.584400E+04,+9.996026E+00,+1.730000E-04,+9.910000E+37,+4.941787E+02,+3.584400E+04,+9.997463E+00,+1.730000E-04,+9.910000E+37,+4.942461E+02,+3.584400E+04,-1.607214E-02,+0.000000E+00,+9.910000E+37,+4.943115E+02,+3.584400E+04
17:11:02,0e0,+1.024044E+01,+1.827500E-04,+9.910000E+37,+4.945371E+02,+3.584400E+04,+1.024387E+01,+1.827500E-04,+9.910000E+37,+4.946025E+02,+3.584400E+04,+1.024510E+01,+1.827500E-04,+9.910000E+37,+4.946689E+02,+3.584400E+04,-1.584430E-02,+0.000000E+00,+9.910000E+37,+4.947354E+02,+3.584400E+04
17:11:02,0e0,+1.048910E+01,+1.930500E-04,+9.910000E+37,+4.949561E+02,+3.584400E+04,+1.049273E+01,+1.930500E-04,+9.910000E+37,+4.950215E+02,+3.584400E+04,+1.049086E+01,+1.930500E-04,+9.910000E+37,+4.950879E+02,+3.584400E+04,-1.589009E-02,+0.000000E+00,+9.910000E+37,+4.951543E+02,+3.584400E+04
17:11:02,0e0,+1.073618E+01,+2.039500E-04,+9.910000E+37,+4.953828E+02,+3.584400E+04,+1.074004E+01,+2.039500E-04,+9.910000E+37,+4.954482E+02,+3.584400E+04,+1.073977E+01,+2.039500E-04,+9.910000E+37,+4.955156E+02,+3.584400E+04,-1.497954E-02,+0.000000E+00,+9.910000E+37,+4.955811E+02,+3.584400E+04
17:11:02,0e0,+1.098378E+01,+2.154500E-04,+9.910000E+37,+4.958027E+02,+3.584400E+04,+1.098767E+01,+2.154500E-04,+9.910000E+37,+4.958691E+02,+3.584400E+04,+1.098648E+01,+2.154500E-04,+9.910000E+37,+4.959365E+02,+3.584400E+04,-1.643664E-02,+0.000000E+00,+9.910000E+37,+4.960020E+02,+3.584400E+04
17:11:02,0e0,+1.123235E+01,+2.276000E-04,+9.910000E+37,+4.962227E+02,+3.584400E+04,+1.123536E+01,+2.276000E-04,+9.910000E+37,+4.962900E+02,+3.584400E+04,+1.123660E+01,+2.276000E-04,+9.910000E+37,+4.963555E+02,+3.584400E+04,-1.598126E-02,+0.000000E+00,+9.910000E+37,+4.964229E+02,+3.584400E+04
17:11:02,0e0,+1.148104E+01,+2.404000E-04,+9.910000E+37,+4.966436E+02,+3.584400E+04,+1.148332E+01,+2.404000E-04,+9.910000E+37,+4.967109E+02,+3.584400E+04,+1.148451E+01,+2.404000E-04,+9.910000E+37,+4.967764E+02,+3.584400E+04,-1.552597E-02,+0.000000E+00,+9.910000E+37,+4.968438E+02,+3.584400E+04
17:11:02,0e0,+1.172930E+01,+2.539500E-04,+9.910000E+37,+4.970654E+02,+3.584400E+04,+1.173241E+01,+2.539500E-04,+9.910000E+37,+4.971318E+02,+3.584400E+04,+1.173336E+01,+2.539500E-04,+9.910000E+37,+4.971982E+02,+3.584400E+04,-1.538913E-02,+0.000000E+00,+9.910000E+37,+4.972646E+02,+3.584400E+04
17:11:02,0e0,+1.197974E+01,+2.682500E-04,+9.910000E+37,+4.974873E+02,+3.584400E+04,+1.198328E+01,+2.682500E-04,+9.910000E+37,+4.975527E+02,+3.584400E+04,+1.198161E+01,+2.682500E-04,+9.910000E+37,+4.976191E+02,+3.584400E+04,-1.557143E-02,+0.000000E+00,+9.910000E+37,+4.976865E+02,+3.584400E+04
17:11:02,0e0,+1.222949E+01,+2.834000E-04,+9.910000E+37,+4.979131E+02,+3.584400E+04,+1.223400E+01,+2.834000E-04,+9.910000E+37,+4.979805E+02,+3.584400E+04,+1.223272E+01,+2.834000E-04,+9.910000E+37,+4.980459E+02,+3.584400E+04,-1.593572E-02,+0.000000E+00,+9.910000E+37,+4.981123E+02,+3.584400E+04
17:11:02,0e0,+1.248275E+01,+2.993500E-04,+9.910000E+37,+4.983369E+02,+3.584400E+04,+1.248197E+01,+2.993500E-04,+9.910000E+37,+4.984033E+02,+3.584400E+04,+1.248318E+01,+2.993500E-04,+9.910000E+37,+4.984707E+02,+3.584400E+04,-1.589029E-02,+0.000000E+00,+9.910000E+37,+4.985371E+02,+3.584400E+04
17:11:02,0e0,+1.273291E+01,+3.162500E-04,+9.910000E+37,+4.987588E+02,+3.584400E+04,+1.273516E+01,+3.162500E-04,+9.910000E+37,+4.988252E+02,+3.584400E+04,+1.273530E+01,+3.162500E-04,+9.910000E+37,+4.988926E+02,+3.584400E+04,-1.534384E-02,+0.000000E+00,+9.910000E+37,+4.989590E+02,+3.584400E+04
17:11:02,0e0,+1.298344E+01,+3.340500E-04,+9.910000E+37,+4.991836E+02,+3.584400E+04,+1.298891E+01,+3.340500E-04,+9.910000E+37,+4.992500E+02,+3.584400E+04,+1.298680E+01,+3.340500E-04,+9.910000E+37,+4.993164E+02,+3.584400E+04,-1.625444E-02,+0.000000E+00,+9.910000E+37,+4.993838E+02,+3.584400E+04
17:11:02,0e0,+1.323626E+01,+3.528500E-04,+9.910000E+37,+4.996045E+02,+3.584400E+04,+1.324046E+01,+3.528500E-04,+9.910000E+37,+4.996719E+02,+3.584400E+04,+1.323983E+01,+3.528500E-04,+9.910000E+37,+4.997373E+02,+3.584400E+04,-1.484266E-02,+0.000000E+00,+9.910000E+37,+4.998047E+02,+3.584400E+04
17:11:02,0e0,+1.349183E+01,+3.727500E-04,+9.910000E+37,+5.000303E+02,+3.584400E+04,+1.349301E+01,+3.727500E-04,+9.910000E+37,+5.000967E+02,+3.584400E+04,+1.349150E+01,+3.727500E-04,+9.910000E+37,+5.001631E+02,+3.584400E+04,-1.534355E-02,+0.000000E+00,+9.910000E+37,+5.002295E+02,+3.584400E+04
17:11:02,0e0,+1.374598E+01,+3.937500E-04,+9.910000E+37,+5.004502E+02,+3.584400E+04,+1.374689E+01,+3.937500E-04,+9.910000E+37,+5.005176E+02,+3.584400E+04,+1.374477E+01,+3.937500E-04,+9.910000E+37,+5.005840E+02,+3.584400E+04,-1.584436E-02,+0.000000E+00,+9.910000E+37,+5.006514E+02,+3.584400E+04
17:11:02,0e0,+1.400082E+01,+4.159500E-04,+9.910000E+37,+5.008750E+02,+3.584400E+04,+1.400154E+01,+4.159500E-04,+9.910000E+37,+5.009404E+02,+3.584400E+04,+1.400149E+01,+4.159500E-04,+9.910000E+37,+5.010068E+02,+3.584400E+04,-1.461507E-02,+0.000000E+00,+9.910000E+37,+5.010732E+02,+3.584400E+04
17:11:02,0e0,+1.425499E+01,+4.394000E-04,+9.910000E+37,+5.012988E+02,+3.584400E+04,+1.425691E+01,+4.394000E-04,+9.910000E+37,+5.013662E+02,+3.584400E+04,+1.425528E+01,+4.394000E-04,+9.910000E+37,+5.014326E+02,+3.584400E+04,-1.616342E-02,+0.000000E+00,+9.910000E+37,+5.015000E+02,+3.584400E+04
17:11:02,0e0,+1.450988E+01,+4.641500E-04,+9.910000E+37,+5.017227E+02,+3.584400E+04,+1.451319E+01,+4.641500E-04,+9.910000E+37,+5.017900E+02,+3.584400E+04,+1.451162E+01,+4.641500E-04,+9.910000E+37,+5.018555E+02,+3.584400E+04,-1.589037E-02,+0.000000E+00,+9.910000E+37,+5.019229E+02,+3.584400E+04
17:11:02,0e0,+1.476734E+01,+4.903000E-04,+9.910000E+37,+5.021426E+02,+3.584400E+04,+1.476797E+01,+4.903000E-04,+9.910000E+37,+5.022080E+02,+3.584400E+04,+1.476709E+01,+4.903000E-04,+9.910000E+37,+5.022754E+02,+3.584400E+04,-1.470618E-02,+0.000000E+00,+9.910000E+37,+5.023418E+02,+3.584400E+04
17:11:02,0e0,+1.502396E+01,+5.179500E-04,+9.910000E+37,+5.025635E+02,+3.584400E+04,+1.502413E+01,+5.179500E-04,+9.910000E+37,+5.026309E+02,+3.584400E+04,+1.502180E+01,+5.179500E-04,+9.910000E+37,+5.026973E+02,+3.584400E+04,-1.579916E-02,+0.000000E+00,+9.910000E+37,+5.027646E+02,+3.584400E+04
17:11:02,0e0,+1.527961E+01,+5.471500E-04,+9.910000E+37,+5.029873E+02,+3.584400E+04,+1.527859E+01,+5.471500E-04,+9.910000E+37,+5.030527E+02,+3.584400E+04,+1.527731E+01,+5.471500E-04,+9.910000E+37,+5.031201E+02,+3.584400E+04,-1.452437E-02,+0.000000E+00,+9.910000E+37,+5.031855E+02,+3.584400E+04
17:11:02,0e0,+1.553628E+01,+5.779500E-04,+9.910000E+37,+5.034082E+02,+3.584400E+04,+1.553523E+01,+5.779500E-04,+9.910000E+37,+5.034756E+02,+3.584400E+04,+1.553222E+01,+5.779500E-04,+9.910000E+37,+5.035410E+02,+3.584400E+04,-1.561707E-02,+0.000000E+00,+9.910000E+37,+5.036084E+02,+3.584400E+04
17:11:02,0e0,+1.579059E+01,+6.105500E-04,+9.910000E+37,+5.038350E+02,+3.584400E+04,+1.578991E+01,+6.105500E-04,+9.910000E+37,+5.039023E+02,+3.584400E+04,+1.578757E+01,+6.105500E-04,+9.910000E+37,+5.039678E+02,+3.584400E+04,-1.652756E-02,+0.000000E+00,+9.910000E+37,+5.040352E+02,+3.584400E+04
17:11:02,0e0,+1.604512E+01,+6.449500E-04,+9.910000E+37,+5.042598E+02,+3.584400E+04,+1.604420E+01,+6.449500E-04,+9.910000E+37,+5.043271E+02,+3.584400E+04,+1.603947E+01,+6.449500E-04,+9.910000E+37,+5.043926E+02,+3.584400E+04,-1.652780E-02,+0.000000E+00,+9.910000E+37,+5.044590E+02,+3.584400E+04
17:11:02,0e0,+1.629589E+01,+6.813000E-04,+9.910000E+37,+5.046807E+02,+3.584400E+04,+1.629455E+01,+6.813000E-04,+9.910000E+37,+5.047461E+02,+3.584400E+04,+1.628958E+01,+6.813000E-04,+9.910000E+37,+5.048125E+02,+3.584400E+04,-1.639102E-02,+0.000000E+00,+9.910000E+37,+5.048799E+02,+3.584400E+04
17:11:02,0e0,+1.654008E+01,+7.197000E-04,+9.910000E+37,+5.051006E+02,+3.584400E+04,+1.653792E+01,+7.197000E-04,+9.910000E+37,+5.051680E+02,+3.584400E+04,+1.653430E+01,+7.197000E-04,+9.910000E+37,+5.052344E+02,+3.584400E+04,-1.666431E-02,+0.000000E+00,+9.910000E+37,+5.053018E+02,+3.584400E+04
17:11:02,0e0,+1.665280E+01,+7.602500E-04,+9.910000E+37,+5.055225E+02,+3.584400E+04,+1.665507E+01,+7.602500E-04,+9.910000E+37,+5.055889E+02,+3.584400E+04,+1.665329E+01,+7.602500E-04,+9.910000E+37,+5.056563E+02,+3.584400E+04,-1.730201E-02,+0.000000E+00,+9.910000E+37,+5.057217E+02,+3.584400E+04
17:11:02,0e0,+1.683628E+01,+8.031000E-04,+9.910000E+37,+5.059424E+02,+3.584400E+04,+1.683880E+01,+8.031000E-04,+9.910000E+37,+5.060088E+02,+3.584400E+04,+1.683702E+01,+8.031000E-04,+9.910000E+37,+5.060762E+02,+3.584400E+04,-1.629986E-02,+0.000000E+00,+9.910000E+37,+5.061416E+02,+3.584400E+04
17:11:02,0e0,+1.699209E+01,+8.483500E-04,+9.910000E+37,+5.063643E+02,+3.584400E+04,+1.699259E+01,+8.483500E-04,+9.910000E+37,+5.064307E+02,+3.584400E+04,+1.699109E+01,+8.483500E-04,+9.910000E+37,+5.064980E+02,+3.584400E+04,-1.620889E-02,+0.000000E+00,+9.910000E+37,+5.065654E+02,+3.584400E+04
17:11:02,0e0,+1.718108E+01,+8.961500E-04,+9.910000E+37,+5.067871E+02,+3.584400E+04,+1.718350E+01,+8.961500E-04,+9.910000E+37,+5.068535E+02,+3.584400E+04,+1.718229E+01,+8.961500E-04,+9.910000E+37,+5.069199E+02,+3.584400E+04,-1.639080E-02,+0.000000E+00,+9.910000E+37,+5.069873E+02,+3.584400E+04
17:11:02,0e0,+1.738145E+01,+9.466500E-04,+9.910000E+37,+5.072129E+02,+3.584400E+04,+1.738449E+01,+9.466500E-04,+9.910000E+37,+5.072803E+02,+3.584400E+04,+1.738118E+01,+9.466500E-04,+9.910000E+37,+5.073457E+02,+3.584400E+04,-1.620859E-02,+0.000000E+00,+9.910000E+37,+5.074121E+02,+3.584400E+04
17:11:02,0e0,+1.758748E+01,+1.000000E-03,+9.910000E+37,+5.076348E+02,+3.584400E+04,+1.758881E+01,+1.000000E-03,+9.910000E+37,+5.077002E+02,+3.584400E+04,+1.758413E+01,+1.000000E-03,+9.910000E+37,+5.077676E+02,+3.584400E+04,-1.620883E-02,+0.000000E+00,+9.910000E+37,+5.078340E+02,+3.584400E+04
17:11:02,0e0,+1.777941E+01,+1.056500E-03,+9.910000E+37,+5.080576E+02,+3.584400E+04,+1.777831E+01,+1.056500E-03,+9.910000E+37,+5.081250E+02,+3.584400E+04,+1.777541E+01,+1.056500E-03,+9.910000E+37,+5.081904E+02,+3.584400E+04,-8.655187E-02,+0.000000E+00,+9.910000E+37,+5.082578E+02,+3.584400E+04
17:11:02,0e0,+1.797898E+01,+1.116000E-03,+9.910000E+37,+5.084785E+02,+3.584400E+04,+1.797928E+01,+1.116000E-03,+9.910000E+37,+5.085459E+02,+3.584400E+04,+1.797519E+01,+1.116000E-03,+9.910000E+37,+5.086113E+02,+3.584400E+04,-8.545901E-02,+0.000000E+00,+9.910000E+37,+5.086777E+02,+3.584400E+04
17:11:02,0e0,+1.817299E+01,+1.179000E-03,+9.910000E+37,+5.089004E+02,+3.584400E+04,+1.817254E+01,+1.179000E-03,+9.910000E+37,+5.089678E+02,+3.584400E+04,+1.816759E+01,+1.179000E-03,+9.910000E+37,+5.090332E+02,+3.584400E+04,-8.395660E-02,+0.000000E+00,+9.910000E+37,+5.090996E+02,+3.584400E+04
17:11:02,0e0,+1.834366E+01,+1.245000E-03,+9.910000E+37,+5.093242E+02,+3.584400E+04,+1.834158E+01,+1.245000E-03,+9.910000E+37,+5.093916E+02,+3.584400E+04,+1.833847E+01,+1.245000E-03,+9.910000E+37,+5.094580E+02,+3.584400E+04,-8.800851E-02,+0.000000E+00,+9.910000E+37,+5.095244E+02,+3.584400E+04
17:11:02,0e0,+1.852479E+01,+1.315500E-03,+9.910000E+37,+5.097461E+02,+3.584400E+04,+1.852319E+01,+1.315500E-03,+9.910000E+37,+5.098135E+02,+3.584400E+04,+1.851964E+01,+1.315500E-03,+9.910000E+37,+5.098789E+02,+3.584400E+04,-8.677928E-02,+0.000000E+00,+9.910000E+37,+5.099453E+02,+3.584400E+04
17:11:02,0e0,+1.870045E+01,+1.389500E-03,+9.910000E+37,+5.101709E+02,+3.584400E+04,+1.869861E+01,+1.389500E-03,+9.910000E+37,+5.102383E+02,+3.584400E+04,+1.869242E+01,+1.389500E-03,+9.910000E+37,+5.103037E+02,+3.584400E+04,-8.377445E-02,+0.000000E+00,+9.910000E+37,+5.103701E+02,+3.584400E+04
17:11:02,0e0,+1.886988E+01,+1.468000E-03,+9.910000E+37,+5.105918E+02,+3.584400E+04,+1.886794E+01,+1.468000E-03,+9.910000E+37,+5.106582E+02,+3.584400E+04,+1.886177E+01,+1.468000E-03,+9.910000E+37,+5.107246E+02,+3.584400E+04,-8.436631E-02,+0.000000E+00,+9.910000E+37,+5.107910E+02,+3.584400E+04
17:11:02,0e0,+1.902879E+01,+1.550500E-03,+9.910000E+37,+5.110117E+02,+3.584400E+04,+1.902763E+01,+1.550500E-03,+9.910000E+37,+5.110781E+02,+3.584400E+04,+1.902122E+01,+1.550500E-03,+9.910000E+37,+5.111445E+02,+3.584400E+04,-8.473060E-02,+0.000000E+00,+9.910000E+37,+5.112109E+02,+3.584400E+04
17:11:02,0e0,+1.918183E+01,+1.638000E-03,+9.910000E+37,+5.114365E+02,+3.584400E+04,+1.918060E+01,+1.638000E-03,+9.910000E+37,+5.115029E+02,+3.584400E+04,+1.917467E+01,+1.638000E-03,+9.910000E+37,+5.115703E+02,+3.584400E+04,-8.527704E-02,+0.000000E+00,+9.910000E+37,+5.116357E+02,+3.584400E+04
17:11:02,0e0,+1.932487E+01,+1.730000E-03,+9.910000E+37,+5.118613E+02,+3.584400E+04,+1.932356E+01,+1.730000E-03,+9.910000E+37,+5.119287E+02,+3.584400E+04,+1.931821E+01,+1.730000E-03,+9.910000E+37,+5.119941E+02,+3.584400E+04,-8.363764E-02,+0.000000E+00,+9.910000E+37,+5.120605E+02,+3.584400E+04
17:11:02,0e0,+1.947424E+01,+1.827500E-03,+9.910000E+37,+5.122813E+02,+3.584400E+04,+1.947447E+01,+1.827500E-03,+9.910000E+37,+5.123477E+02,+3.584400E+04,+1.946818E+01,+1.827500E-03,+9.910000E+37,+5.124141E+02,+3.584400E+04,-8.172554E-02,+0.000000E+00,+9.910000E+37,+5.124814E+02,+3.584400E+04
17:11:02,0e0,+1.962494E+01,+1.930500E-03,+9.910000E+37,+5.127061E+02,+3.584400E+04,+1.962281E+01,+1.930500E-03,+9.910000E+37,+5.127725E+02,+3.584400E+04,+1.961795E+01,+1.930500E-03,+9.910000E+37,+5.128389E+02,+3.584400E+04,-8.391114E-02,+0.000000E+00,+9.910000E+37,+5.129053E+02,+3.584400E+04
17:11:02,0e0,+1.976804E+01,+2.039500E-03,+9.910000E+37,+5.131270E+02,+3.584400E+04,+1.976754E+01,+2.039500E-03,+9.910000E+37,+5.131943E+02,+3.584400E+04,+1.976262E+01,+2.039500E-03,+9.910000E+37,+5.132598E+02,+3.584400E+04,-8.304590E-02,+0.000000E+00,+9.910000E+37,+5.133262E+02,+3.584400E+04
17:11:02,0e0,+1.990878E+01,+2.154500E-03,+9.910000E+37,+5.135488E+02,+3.584400E+04,+1.990665E+01,+2.154500E-03,+9.910000E+37,+5.136152E+02,+3.584400E+04,+1.990252E+01,+2.154500E-03,+9.910000E+37,+5.136826E+02,+3.584400E+04,-7.881173E-02,+0.000000E+00,+9.910000E+37,+5.137490E+02,+3.584400E+04
17:11:02,0e0,+2.004030E+01,+2.276000E-03,+9.910000E+37,+5.139736E+02,+3.584400E+04,+2.003829E+01,+2.276000E-03,+9.910000E+37,+5.140400E+02,+3.584400E+04,+2.003461E+01,+2.276000E-03,+9.910000E+37,+5.141074E+02,+3.584400E+04,-8.067822E-02,+0.000000E+00,+9.910000E+37,+5.141748E+02,+3.584400E+04
17:11:02,0e0,+2.017201E+01,+2.404000E-03,+9.910000E+37,+5.143994E+02,+3.584400E+04,+2.017208E+01,+2.404000E-03,+9.910000E+37,+5.144668E+02,+3.584400E+04,+2.016687E+01,+2.404000E-03,+9.910000E+37,+5.145322E+02,+3.584400E+04,-7.949474E-02,+0.000000E+00,+9.910000E+37,+5.145986E+02,+3.584400E+04
17:11:02,0e0,+2.029841E+01,+2.539500E-03,+9.910000E+37,+5.148252E+02,+3.584400E+04,+2.029800E+01,+2.539500E-03,+9.910000E+37,+5.148916E+02,+3.584400E+04,+2.029309E+01,+2.539500E-03,+9.910000E+37,+5.149580E+02,+3.584400E+04,-7.967688E-02,+0.000000E+00,+9.910000E+37,+5.150244E+02,+3.584400E+04
17:11:02,0e0,+2.042613E+01,+2.682500E-03,+9.910000E+37,+5.152471E+02,+3.584400E+04,+2.042542E+01,+2.682500E-03,+9.910000E+37,+5.153145E+02,+3.584400E+04,+2.041871E+01,+2.682500E-03,+9.910000E+37,+5.153818E+02,+3.584400E+04,-7.831091E-02,+0.000000E+00,+9.910000E+37,+5.154473E+02,+3.584400E+04
17:11:02,0e0,+2.054763E+01,+2.834000E-03,+9.910000E+37,+5.156719E+02,+3.584400E+04,+2.054674E+01,+2.834000E-03,+9.910000E+37,+5.157383E+02,+3.584400E+04,+2.054302E+01,+2.834000E-03,+9.910000E+37,+5.158047E+02,+3.584400E+04,-7.425891E-02,+0.000000E+00,+9.910000E+37,+5.158711E+02,+3.584400E+04
17:11:02,0e0,+2.066109E+01,+2.993500E-03,+9.910000E+37,+5.160918E+02,+3.584400E+04,+2.066092E+01,+2.993500E-03,+9.910000E+37,+5.161582E+02,+3.584400E+04,+2.065819E+01,+2.993500E-03,+9.910000E+37,+5.162246E+02,+3.584400E+04,-7.626182E-02,+0.000000E+00,+9.910000E+37,+5.162910E+02,+3.584400E+04
17:11:02,0e0,+2.076685E+01,+3.162500E-03,+9.910000E+37,+5.165215E+02,+3.584400E+04,+2.077087E+01,+3.162500E-03,+9.910000E+37,+5.165879E+02,+3.584400E+04,+2.076776E+01,+3.162500E-03,+9.910000E+37,+5.166553E+02,+3.584400E+04,-7.667188E-02,+0.000000E+00,+9.910000E+37,+5.167227E+02,+3.584400E+04
17:11:02,0e0,+2.087285E+01,+3.340500E-03,+9.910000E+37,+5.169473E+02,+3.584400E+04,+2.087557E+01,+3.340500E-03,+9.910000E+37,+5.170137E+02,+3.584400E+04,+2.087309E+01,+3.340500E-03,+9.910000E+37,+5.170811E+02,+3.584400E+04,-7.152699E-02,+0.000000E+00,+9.910000E+37,+5.171484E+02,+3.584400E+04
17:11:02,0e0,+2.097334E+01,+3.528500E-03,+9.910000E+37,+5.173721E+02,+3.584400E+04,+2.097836E+01,+3.528500E-03,+9.910000E+37,+5.174385E+02,+3.584400E+04,+2.097581E+01,+3.528500E-03,+9.910000E+37,+5.175049E+02,+3.584400E+04,-7.284755E-02,+0.000000E+00,+9.910000E+37,+5.175723E+02,+3.584400E+04
17:11:02,0e0,+2.107193E+01,+3.727500E-03,+9.910000E+37,+5.177979E+02,+3.584400E+04,+2.107868E+01,+3.727500E-03,+9.910000E+37,+5.178643E+02,+3.584400E+04,+2.107596E+01,+3.727500E-03,+9.910000E+37,+5.179307E+02,+3.584400E+04,-7.098082E-02,+0.000000E+00,+9.910000E+37,+5.179971E+02,+3.584400E+04
17:11:02,0e0,+2.116433E+01,+3.937500E-03,+9.910000E+37,+5.182207E+02,+3.584400E+04,+2.117265E+01,+3.937500E-03,+9.910000E+37,+5.182871E+02,+3.584400E+04,+2.117063E+01,+3.937500E-03,+9.910000E+37,+5.183545E+02,+3.584400E+04,-7.025233E-02,+0.000000E+00,+9.910000E+37,+5.184209E+02,+3.584400E+04
17:11:02,0e0,+2.125556E+01,+4.159500E-03,+9.910000E+37,+5.186455E+02,+3.584400E+04,+2.126403E+01,+4.159500E-03,+9.910000E+37,+5.187119E+02,+3.584400E+04,+2.126252E+01,+4.159500E-03,+9.910000E+37,+5.187793E+02,+3.584400E+04,-6.642751E-02,+0.000000E+00,+9.910000E+37,+5.188467E+02,+3.584400E+04
17:11:02,0e0,+2.134384E+01,+4.394000E-03,+9.910000E+37,+5.190723E+02,+3.584400E+04,+2.135484E+01,+4.394000E-03,+9.910000E+37,+5.191387E+02,+3.584400E+04,+2.135399E+01,+4.394000E-03,+9.910000E+37,+5.192051E+02,+3.584400E+04,-6.742953E-02,+0.000000E+00,+9.910000E+37,+5.192725E+02,+3.584400E+04
17:11:02,0e0,+2.143218E+01,+4.641500E-03,+9.910000E+37,+5.194980E+02,+3.584400E+04,+2.144322E+01,+4.641500E-03,+9.910000E+37,+5.195645E+02,+3.584400E+04,+2.144194E+01,+4.641500E-03,+9.910000E+37,+5.196299E+02,+3.584400E+04,-6.474316E-02,+0.000000E+00,+9.910000E+37,+5.196963E+02,+3.584400E+04
17:11:02,0e0,+2.151730E+01,+4.903000E-03,+9.910000E+37,+5.199199E+02,+3.584400E+04,+2.153012E+01,+4.903000E-03,+9.910000E+37,+5.199863E+02,+3.584400E+04,+2.153011E+01,+4.903000E-03,+9.910000E+37,+5.200527E+02,+3.584400E+04,-6.592697E-02,+0.000000E+00,+9.910000E+37,+5.201191E+02,+3.584400E+04
17:11:02,0e0,+2.160341E+01,+5.179500E-03,+9.910000E+37,+5.203398E+02,+3.584400E+04,+2.161590E+01,+5.179500E-03,+9.910000E+37,+5.204063E+02,+3.584400E+04,+2.161748E+01,+5.179500E-03,+9.910000E+37,+5.204727E+02,+3.584400E+04,-6.588165E-02,+0.000000E+00,+9.910000E+37,+5.205391E+02,+3.584400E+04
17:11:02,0e0,+2.169059E+01,+5.471500E-03,+9.910000E+37,+5.207637E+02,+3.584400E+04,+2.170268E+01,+5.471500E-03,+9.910000E+37,+5.208301E+02,+3.584400E+04,+2.170411E+01,+5.471500E-03,+9.910000E+37,+5.208965E+02,+3.584400E+04,-6.210262E-02,+0.000000E+00,+9.910000E+37,+5.209629E+02,+3.584400E+04
17:11:02,0e0,+2.177576E+01,+5.779500E-03,+9.910000E+37,+5.211855E+02,+3.584400E+04,+2.179080E+01,+5.779500E-03,+9.910000E+37,+5.212520E+02,+3.584400E+04,+2.179264E+01,+5.779500E-03,+9.910000E+37,+5.213184E+02,+3.584400E+04,-6.292234E-02,+0.000000E+00,+9.910000E+37,+5.213848E+02,+3.584400E+04
17:11:02,0e0,+2.186504E+01,+6.105500E-03,+9.910000E+37,+5.216055E+02,+3.584400E+04,+2.187775E+01,+6.105500E-03,+9.910000E+37,+5.216709E+02,+3.584400E+04,+2.188118E+01,+6.105500E-03,+9.910000E+37,+5.217373E+02,+3.584400E+04,-6.000830E-02,+0.000000E+00,+9.910000E+37,+5.218037E+02,+3.584400E+04
17:11:02,0e0,+2.195282E+01,+6.449500E-03,+9.910000E+37,+5.220264E+02,+3.584400E+04,+2.196767E+01,+6.449500E-03,+9.910000E+37,+5.220938E+02,+3.584400E+04,+2.197163E+01,+6.449500E-03,+9.910000E+37,+5.221592E+02,+3.584400E+04,-5.950776E-02,+0.000000E+00,+9.910000E+37,+5.222256E+02,+3.584400E+04
17:11:02,0e0,+2.204191E+01,+6.813000E-03,+9.910000E+37,+5.224512E+02,+3.584400E+04,+2.205892E+01,+6.813000E-03,+9.910000E+37,+5.225176E+02,+3.584400E+04,+2.206053E+01,+6.813000E-03,+9.910000E+37,+5.225830E+02,+3.584400E+04,-5.636603E-02,+0.000000E+00,+9.910000E+37,+5.226494E+02,+3.584400E+04
17:11:02,0e0,+2.213135E+01,+7.197000E-03,+9.910000E+37,+5.228740E+02,+3.584400E+04,+2.214662E+01,+7.197000E-03,+9.910000E+37,+5.229414E+02,+3.584400E+04,+2.215169E+01,+7.197000E-03,+9.910000E+37,+5.230068E+02,+3.584400E+04,-5.527306E-02,+0.000000E+00,+9.910000E+37,+5.230732E+02,+3.584400E+04
17:11:02,0e0,+2.222114E+01,+7.602500E-03,+9.910000E+37,+5.232988E+02,+3.584400E+04,+2.223732E+01,+7.602500E-03,+9.910000E+37,+5.233662E+02,+3.584400E+04,+2.223965E+01,+7.602500E-03,+9.910000E+37,+5.234336E+02,+3.584400E+04,-5.172195E-02,+0.000000E+00,+9.910000E+37,+5.235010E+02,+3.584400E+04
17:11:02,0e0,+2.231015E+01,+8.031000E-03,+9.910000E+37,+5.237256E+02,+3.584400E+04,+2.232790E+01,+8.031000E-03,+9.910000E+37,+5.237910E+02,+3.584400E+04,+2.233054E+01,+8.031000E-03,+9.910000E+37,+5.238574E+02,+3.584400E+04,-5.286013E-02,+0.000000E+00,+9.910000E+37,+5.239229E+02,+3.584400E+04
17:11:02,0e0,+2.240104E+01,+8.483500E-03,+9.910000E+37,+5.241445E+02,+3.584400E+04,+2.241592E+01,+8.483500E-03,+9.910000E+37,+5.242119E+02,+3.584400E+04,+2.242161E+01,+8.483500E-03,+9.910000E+37,+5.242773E+02,+3.584400E+04,-5.081142E-02,+0.000000E+00,+9.910000E+37,+5.243437E+02,+3.584400E+04
17:11:02,0e0,+2.249086E+01,+8.961500E-03,+9.910000E+37,+5.245693E+02,+3.584400E+04,+2.250797E+01,+8.961500E-03,+9.910000E+37,+5.246357E+02,+3.584400E+04,+2.251081E+01,+8.961500E-03,+9.910000E+37,+5.247021E+02,+3.584400E+04,-4.698698E-02,+0.000000E+00,+9.910000E+37,+5.247695E+02,+3.584400E+04
17:11:02,0e0,+2.258005E+01,+9.466500E-03,+9.910000E+37,+5.249941E+02,+3.584400E+04,+2.259893E+01,+9.466500E-03,+9.910000E+37,+5.250605E+02,+3.584400E+04,+2.260063E+01,+9.466500E-03,+9.910000E+37,+5.251270E+02,+3.584400E+04,-4.685041E-02,+0.000000E+00,+9.910000E+37,+5.251924E+02,+3.584400E+04
