0E0 +1.145900E-01,+1.000000E-04,+9.910000E+37,+1.775426E+03,+3.584000E+04,+1.159564E-01,+1.000000E-04,+9.910000E+37,+1.775492E+03,+3.584000E+04,+1.163663E-01,+1.000000E-04,+9.910000E+37,+1.775559E+03,+3.584000E+04,-6.287515E-03,+0.000000E+00,+9.910000E+37,+1.775624E+03,+3.584000E+04
0E0 +1.171859E-01,+1.000000E-04,+9.910000E+37,+1.796499E+03,+3.584000E+04,+1.172763E-01,+1.000000E-04,+9.910000E+37,+1.796564E+03,+3.584000E+04,+1.173675E-01,+1.000000E-04,+9.910000E+37,+1.796631E+03,+3.584000E+04,-6.378293E-03,+0.000000E+00,+9.910000E+37,+1.796698E+03,+3.584000E+04
0E0 +1.181416E-01,+1.000000E-04,+9.910000E+37,+1.797669E+03,+3.584000E+04,+1.170490E-01,+1.000000E-04,+9.910000E+37,+1.797734E+03,+3.584000E+04,+1.185056E-01,+1.000000E-04,+9.910000E+37,+1.797801E+03,+3.584000E+04,-6.833941E-03,+0.000000E+00,+9.910000E+37,+1.797868E+03,+3.584000E+04
0E0 +1.183237E-01,+1.000000E-04,+9.910000E+37,+1.799201E+03,+3.584000E+04,+1.180958E-01,+1.000000E-04,+9.910000E+37,+1.799267E+03,+3.584000E+04,+1.188250E-01,+1.000000E-04,+9.910000E+37,+1.799333E+03,+3.584000E+04,-6.697580E-03,+0.000000E+00,+9.910000E+37,+1.799399E+03,+3.584000E+04
0E0 +1.229679E-01,+1.000000E-04,+9.910000E+37,+1.808313E+03,+3.584000E+04,+1.221478E-01,+1.000000E-04,+9.910000E+37,+1.808378E+03,+3.584000E+04,+1.221934E-01,+1.000000E-04,+9.910000E+37,+1.808444E+03,+3.584000E+04,-6.925017E-03,+0.000000E+00,+9.910000E+37,+1.808511E+03,+3.584000E+04
0E0 +1.175497E-01,+1.000000E-04,+9.910000E+37,+1.829204E+03,+3.584000E+04,+1.169577E-01,+1.000000E-04,+9.910000E+37,+1.829270E+03,+3.584000E+04,+1.161841E-01,+1.000000E-04,+9.910000E+37,+1.829336E+03,+3.584000E+04,-6.105915E-03,+0.000000E+00,+9.910000E+37,+1.829402E+03,+3.584000E+04
0E0 +1.177321E-01,+1.000000E-04,+9.910000E+37,+1.878627E+03,+3.584000E+04,+1.168208E-01,+1.000000E-04,+9.910000E+37,+1.878693E+03,+3.584000E+04,+1.165930E-01,+1.000000E-04,+9.910000E+37,+1.878760E+03,+3.584000E+04,-5.331293E-03,+0.000000E+00,+9.910000E+37,+1.878825E+03,+3.584000E+04
0E0 +1.155913E-01,+1.000000E-04,+9.910000E+37,+1.910274E+03,+3.584000E+04,+1.159559E-01,+1.000000E-04,+9.910000E+37,+1.910340E+03,+3.584000E+04,+1.158187E-01,+1.000000E-04,+9.910000E+37,+1.910406E+03,+3.584000E+04,-7.516757E-03,+0.000000E+00,+9.910000E+37,+1.910474E+03,+3.584000E+04
0E0 +1.153639E-01,+1.000000E-04,+9.910000E+37,+1.954386E+03,+3.584000E+04,+1.146346E-01,+1.000000E-04,+9.910000E+37,+1.954452E+03,+3.584000E+04,+1.159099E-01,+1.000000E-04,+9.910000E+37,+1.954519E+03,+3.584000E+04,-6.743401E-03,+0.000000E+00,+9.910000E+37,+1.954584E+03,+3.584000E+04
0E0 +1.155005E-01,+1.000000E-04,+9.910000E+37,+1.986653E+03,+3.584000E+04,+1.158189E-01,+1.000000E-04,+9.910000E+37,+1.986720E+03,+3.584000E+04,+1.155913E-01,+1.000000E-04,+9.910000E+37,+1.986786E+03,+3.584000E+04,-6.242260E-03,+0.000000E+00,+9.910000E+37,+1.986852E+03,+3.584000E+04
0E0 +1.151819E-01,+1.000000E-04,+9.910000E+37,+2.013185E+03,+3.584000E+04,+1.164106E-01,+1.000000E-04,+9.910000E+37,+2.013250E+03,+3.584000E+04,+1.158184E-01,+1.000000E-04,+9.910000E+37,+2.013316E+03,+3.584000E+04,-8.063942E-03,+0.000000E+00,+9.910000E+37,+2.013384E+03,+3.584000E+04
0E0 +1.160918E-01,+1.000000E-04,+9.910000E+37,+2.039449E+03,+3.584000E+04,+1.159551E-01,+1.000000E-04,+9.910000E+37,+2.039515E+03,+3.584000E+04,+1.153178E-01,+1.000000E-04,+9.910000E+37,+2.039581E+03,+3.584000E+04,-6.516010E-03,+0.000000E+00,+9.910000E+37,+2.039648E+03,+3.584000E+04
0E0 +1.157731E-01,+1.000000E-04,+9.910000E+37,+2.041416E+03,+3.584000E+04,+1.151814E-01,+1.000000E-04,+9.910000E+37,+2.041481E+03,+3.584000E+04,+1.159558E-01,+1.000000E-04,+9.910000E+37,+2.041549E+03,+3.584000E+04,-7.699773E-03,+0.000000E+00,+9.910000E+37,+2.041614E+03,+3.584000E+04
0E0 +1.164104E-01,+1.000000E-04,+9.910000E+37,+2.057763E+03,+3.584000E+04,+1.170024E-01,+1.000000E-04,+9.910000E+37,+2.057828E+03,+3.584000E+04,+1.163197E-01,+1.000000E-04,+9.910000E+37,+2.057895E+03,+3.584000E+04,-6.242707E-03,+0.000000E+00,+9.910000E+37,+2.057962E+03,+3.584000E+04
