10:22:25,0e0,+1.782897E+01,+1.000000E-07,+9.910000E+37,+5.299463E+02,+3.584400E+04,+4.246484E+01,+1.000000E-07,+9.910000E+37,+5.300127E+02,+3.584400E+04,+6.687741E+01,+1.000000E-07,+9.910000E+37,+5.300801E+02,+3.584400E+04,+8.484784E+01,+0.000000E+00,+9.910000E+37,+5.301455E+02,+3.584400E+04
10:22:25,0e0,+2.001317E+01,+1.116000E-07,+9.910000E+37,+5.303662E+02,+3.584400E+04,+4.761100E+01,+1.116000E-07,+9.910000E+37,+5.304316E+02,+3.584400E+04,+7.554562E+01,+1.116000E-07,+9.910000E+37,+5.304980E+02,+3.584400E+04,+9.514919E+01,+0.000000E+00,+9.910000E+37,+5.305645E+02,+3.584400E+04
10:22:25,0e0,+2.206346E+01,+1.245000E-07,+9.910000E+37,+5.307842E+02,+3.584400E+04,+5.304093E+01,+1.245000E-07,+9.910000E+37,+5.308506E+02,+3.584400E+04,+8.427819E+01,+1.245000E-07,+9.910000E+37,+5.309170E+02,+3.584400E+04,+1.060699E+02,+0.000000E+00,+9.910000E+37,+5.309844E+02,+3.584400E+04
10:22:25,0e0,+2.405044E+01,+1.389500E-07,+9.910000E+37,+5.312031E+02,+3.584400E+04,+5.845739E+01,+1.389500E-07,+9.910000E+37,+5.312695E+02,+3.584400E+04,+9.346236E+01,+1.389500E-07,+9.910000E+37,+5.313359E+02,+3.584400E+04,+1.177710E+02,+0.000000E+00,+9.910000E+37,+5.314023E+02,+3.584400E+04
10:22:25,0e0,+2.676841E+01,+1.550500E-07,+9.910000E+37,+5.316211E+02,+3.584400E+04,+6.502442E+01,+1.550500E-07,+9.910000E+37,+5.316875E+02,+3.584400E+04,+1.043450E+02,+1.550500E-07,+9.910000E+37,+5.317549E+02,+3.584400E+04,+1.314625E+02,+0.000000E+00,+9.910000E+37,+5.318213E+02,+3.584400E+04
10:22:25,0e0,+2.936168E+01,+1.730000E-07,+9.910000E+37,+5.320459E+02,+3.584400E+04,+7.231267E+01,+1.730000E-07,+9.910000E+37,+5.321123E+02,+3.584400E+04,+1.159756E+02,+1.730000E-07,+9.910000E+37,+5.321787E+02,+3.584400E+04,+1.462000E+02,+0.000000E+00,+9.910000E+37,+5.322451E+02,+3.584400E+04
10:22:25,0e0,+3.238176E+01,+1.930500E-07,+9.910000E+37,+5.324648E+02,+3.584400E+04,+8.063670E+01,+1.930500E-07,+9.910000E+37,+5.325312E+02,+3.584400E+04,+1.290873E+02,+1.930500E-07,+9.910000E+37,+5.325977E+02,+3.584400E+04,+1.628177E+02,+0.000000E+00,+9.910000E+37,+5.326641E+02,+3.584400E+04
10:22:25,0e0,+3.598920E+01,+2.154500E-07,+9.910000E+37,+5.328896E+02,+3.584400E+04,+8.995875E+01,+2.154500E-07,+9.910000E+37,+5.329561E+02,+3.584400E+04,+1.438719E+02,+2.154500E-07,+9.910000E+37,+5.330225E+02,+3.584400E+04,+1.814860E+02,+0.000000E+00,+9.910000E+37,+5.330898E+02,+3.584400E+04
10:22:25,0e0,+3.984453E+01,+2.404000E-07,+9.910000E+37,+5.333145E+02,+3.584400E+04,+1.002119E+02,+2.404000E-07,+9.910000E+37,+5.333809E+02,+3.584400E+04,+1.600983E+02,+2.404000E-07,+9.910000E+37,+5.334482E+02,+3.584400E+04,+2.020884E+02,+0.000000E+00,+9.910000E+37,+5.335146E+02,+3.584400E+04
10:22:25,0e0,+4.417888E+01,+2.682500E-07,+9.910000E+37,+5.337324E+02,+3.584400E+04,+1.116210E+02,+2.682500E-07,+9.910000E+37,+5.337998E+02,+3.584400E+04,+1.786978E+02,+2.682500E-07,+9.910000E+37,+5.338672E+02,+3.584400E+04,+2.255099E+02,+0.000000E+00,+9.910000E+37,+5.339336E+02,+3.584400E+04
10:22:25,0e0,+4.896030E+01,+2.993500E-07,+9.910000E+37,+5.341602E+02,+3.584400E+04,+1.242074E+02,+2.993500E-07,+9.910000E+37,+5.342266E+02,+3.584400E+04,+1.989851E+02,+2.993500E-07,+9.910000E+37,+5.342930E+02,+3.584400E+04,+2.511330E+02,+0.000000E+00,+9.910000E+37,+5.343594E+02,+3.584400E+04
10:22:25,0e0,+5.422565E+01,+3.340500E-07,+9.910000E+37,+5.345781E+02,+3.584400E+04,+1.381653E+02,+3.340500E-07,+9.910000E+37,+5.346445E+02,+3.584400E+04,+2.215211E+02,+3.340500E-07,+9.910000E+37,+5.347100E+02,+3.584400E+04,+2.794796E+02,+0.000000E+00,+9.910000E+37,+5.347764E+02,+3.584400E+04
10:22:25,0e0,+6.021061E+01,+3.727500E-07,+9.910000E+37,+5.350020E+02,+3.584400E+04,+1.538866E+02,+3.727500E-07,+9.910000E+37,+5.350684E+02,+3.584400E+04,+2.470086E+02,+3.727500E-07,+9.910000E+37,+5.351348E+02,+3.584400E+04,+3.113985E+02,+0.000000E+00,+9.910000E+37,+5.352012E+02,+3.584400E+04
10:22:25,0e0,+6.679340E+01,+4.159500E-07,+9.910000E+37,+5.354219E+02,+3.584400E+04,+1.716871E+02,+4.159500E-07,+9.910000E+37,+5.354883E+02,+3.584400E+04,+2.758979E+02,+4.159500E-07,+9.910000E+37,+5.355557E+02,+3.584400E+04,+3.471472E+02,+0.000000E+00,+9.910000E+37,+5.356221E+02,+3.584400E+04
10:22:25,0e0,+7.427066E+01,+4.641500E-07,+9.910000E+37,+5.358447E+02,+3.584400E+04,+1.911940E+02,+4.641500E-07,+9.910000E+37,+5.359111E+02,+3.584400E+04,+3.075374E+02,+4.641500E-07,+9.910000E+37,+5.359775E+02,+3.584400E+04,+3.862453E+02,+0.000000E+00,+9.910000E+37,+5.360449E+02,+3.584400E+04
10:22:25,0e0,+8.276846E+01,+5.179500E-07,+9.910000E+37,+5.362695E+02,+3.584400E+04,+2.136807E+02,+5.179500E-07,+9.910000E+37,+5.363359E+02,+3.584400E+04,+3.433456E+02,+5.179500E-07,+9.910000E+37,+5.364023E+02,+3.584400E+04,+4.301351E+02,+0.000000E+00,+9.910000E+37,+5.364688E+02,+3.584400E+04
10:22:25,0e0,+9.194714E+01,+5.779500E-07,+9.910000E+37,+5.366934E+02,+3.584400E+04,+2.374850E+02,+5.779500E-07,+9.910000E+37,+5.367598E+02,+3.584400E+04,+3.821287E+02,+5.779500E-07,+9.910000E+37,+5.368262E+02,+3.584400E+04,+4.777621E+02,+0.000000E+00,+9.910000E+37,+5.368926E+02,+3.584400E+04
10:22:25,0e0,+1.026079E+02,+6.449500E-07,+9.910000E+37,+5.371182E+02,+3.584400E+04,+2.649505E+02,+6.449500E-07,+9.910000E+37,+5.371855E+02,+3.584400E+04,+4.259095E+02,+6.449500E-07,+9.910000E+37,+5.372520E+02,+3.584400E+04,+5.312112E+02,+0.000000E+00,+9.910000E+37,+5.373184E+02,+3.584400E+04
10:22:25,0e0,+1.140403E+02,+7.197000E-07,+9.910000E+37,+5.375410E+02,+3.584400E+04,+2.954139E+02,+7.197000E-07,+9.910000E+37,+5.376084E+02,+3.584400E+04,+4.754489E+02,+7.197000E-07,+9.910000E+37,+5.376748E+02,+3.584400E+04,+5.913735E+02,+0.000000E+00,+9.910000E+37,+5.377412E+02,+3.584400E+04
10:22:25,0e0,+1.270504E+02,+8.031000E-07,+9.910000E+37,+5.379658E+02,+3.584400E+04,+3.282911E+02,+8.031000E-07,+9.910000E+37,+5.380312E+02,+3.584400E+04,+5.284979E+02,+8.031000E-07,+9.910000E+37,+5.380977E+02,+3.584400E+04,+6.560658E+02,+0.000000E+00,+9.910000E+37,+5.381641E+02,+3.584400E+04
10:22:25,0e0,+1.414885E+02,+8.961500E-07,+9.910000E+37,+5.383838E+02,+3.584400E+04,+3.666586E+02,+8.961500E-07,+9.910000E+37,+5.384502E+02,+3.584400E+04,+5.909301E+02,+8.961500E-07,+9.910000E+37,+5.385166E+02,+3.584400E+04,+7.321608E+02,+0.000000E+00,+9.910000E+37,+5.385830E+02,+3.584400E+04
10:22:25,0e0,+1.575733E+02,+1.000000E-06,+9.910000E+37,+5.388037E+02,+3.584400E+04,+4.089292E+02,+1.000000E-06,+9.910000E+37,+5.388701E+02,+3.584400E+04,+6.583619E+02,+1.000000E-06,+9.910000E+37,+5.389365E+02,+3.584400E+04,+5.756472E+02,+0.000000E+00,+9.910000E+37,+5.390029E+02,+3.584400E+04
10:22:25,0e0,+9.546413E+01,+1.116000E-06,+9.910000E+37,+5.392246E+02,+3.584400E+04,+3.745019E+02,+1.116000E-06,+9.910000E+37,+5.392910E+02,+3.584400E+04,+6.521566E+02,+1.116000E-06,+9.910000E+37,+5.393574E+02,+3.584400E+04,+5.889132E+02,+0.000000E+00,+9.910000E+37,+5.394238E+02,+3.584400E+04
10:22:25,0e0,+1.059096E+02,+1.245000E-06,+9.910000E+37,+5.396475E+02,+3.584400E+04,+4.164153E+02,+1.245000E-06,+9.910000E+37,+5.397148E+02,+3.584400E+04,+7.246977E+02,+1.245000E-06,+9.910000E+37,+5.397803E+02,+3.584400E+04,+7.236544E+02,+0.000000E+00,+9.910000E+37,+5.398467E+02,+3.584400E+04
10:22:25,0e0,+1.177667E+02,+1.389500E-06,+9.910000E+37,+5.400654E+02,+3.584400E+04,+4.647809E+02,+1.389500E-06,+9.910000E+37,+5.401328E+02,+3.584400E+04,+5.336921E+02,+1.389500E-06,+9.910000E+37,+5.401982E+02,+3.584400E+04,+7.546107E+02,+0.000000E+00,+9.910000E+37,+5.402656E+02,+3.584400E+04
10:22:25,0e0,+1.308615E+02,+1.550500E-06,+9.910000E+37,+5.404912E+02,+3.584400E+04,+5.163151E+02,+1.550500E-06,+9.910000E+37,+5.405576E+02,+3.584400E+04,+6.747341E+02,+1.550500E-06,+9.910000E+37,+5.406240E+02,+3.584400E+04,+5.336414E+02,+0.000000E+00,+9.910000E+37,+5.406904E+02,+3.584400E+04
10:22:25,0e0,+1.452017E+02,+1.730000E-06,+9.910000E+37,+5.409141E+02,+3.584400E+04,+5.780085E+02,+1.730000E-06,+9.910000E+37,+5.409814E+02,+3.584400E+04,+6.353264E+02,+1.730000E-06,+9.910000E+37,+5.410479E+02,+3.584400E+04,+6.840055E+02,+0.000000E+00,+9.910000E+37,+5.411143E+02,+3.584400E+04
10:22:25,0e0,+1.615164E+02,+1.930500E-06,+9.910000E+37,+5.413389E+02,+3.584400E+04,+6.427695E+02,+1.930500E-06,+9.910000E+37,+5.414053E+02,+3.584400E+04,+6.808438E+02,+1.930500E-06,+9.910000E+37,+5.414717E+02,+3.584400E+04,+5.859939E+02,+0.000000E+00,+9.910000E+37,+5.415381E+02,+3.584400E+04
10:22:25,0e0,+1.794224E+02,+2.154500E-06,+9.910000E+37,+5.417617E+02,+3.584400E+04,+5.994874E+02,+2.154500E-06,+9.910000E+37,+5.418281E+02,+3.584400E+04,+5.600021E+02,+2.154500E-06,+9.910000E+37,+5.418945E+02,+3.584400E+04,+5.039620E+02,+0.000000E+00,+9.910000E+37,+5.419609E+02,+3.584400E+04
10:22:25,0e0,+1.997583E+02,+2.404000E-06,+9.910000E+37,+5.421797E+02,+3.584400E+04,+5.836116E+02,+2.404000E-06,+9.910000E+37,+5.422461E+02,+3.584400E+04,+6.089650E+02,+2.404000E-06,+9.910000E+37,+5.423115E+02,+3.584400E+04,+4.812316E+02,+0.000000E+00,+9.910000E+37,+5.423779E+02,+3.584400E+04
10:22:25,0e0,+2.221507E+02,+2.682500E-06,+9.910000E+37,+5.426045E+02,+3.584400E+04,+6.053784E+02,+2.682500E-06,+9.910000E+37,+5.426719E+02,+3.584400E+04,+6.098083E+02,+2.682500E-06,+9.910000E+37,+5.427383E+02,+3.584400E+04,+5.427047E+02,+0.000000E+00,+9.910000E+37,+5.428037E+02,+3.584400E+04
10:22:25,0e0,+2.473301E+02,+2.993500E-06,+9.910000E+37,+5.430244E+02,+3.584400E+04,+5.835318E+02,+2.993500E-06,+9.910000E+37,+5.430898E+02,+3.584400E+04,+6.306337E+02,+2.993500E-06,+9.910000E+37,+5.431572E+02,+3.584400E+04,+6.525052E+02,+0.000000E+00,+9.910000E+37,+5.432227E+02,+3.584400E+04
10:22:25,0e0,+2.750792E+02,+3.340500E-06,+9.910000E+37,+5.434473E+02,+3.584400E+04,+6.257482E+02,+3.340500E-06,+9.910000E+37,+5.435146E+02,+3.584400E+04,+5.972184E+02,+3.340500E-06,+9.910000E+37,+5.435811E+02,+3.584400E+04,+5.230173E+02,+0.000000E+00,+9.910000E+37,+5.436475E+02,+3.584400E+04
10:22:25,0e0,+3.063360E+02,+3.727500E-06,+9.910000E+37,+5.438711E+02,+3.584400E+04,+5.972208E+02,+3.727500E-06,+9.910000E+37,+5.439375E+02,+3.584400E+04,+5.843906E+02,+3.727500E-06,+9.910000E+37,+5.440049E+02,+3.584400E+04,+6.015897E+02,+0.000000E+00,+9.910000E+37,+5.440703E+02,+3.584400E+04
10:22:25,0e0,+3.415191E+02,+4.159500E-06,+9.910000E+37,+5.442939E+02,+3.584400E+04,+5.895612E+02,+4.159500E-06,+9.910000E+37,+5.443604E+02,+3.584400E+04,+5.766721E+02,+4.159500E-06,+9.910000E+37,+5.444268E+02,+3.584400E+04,+6.046926E+02,+0.000000E+00,+9.910000E+37,+5.444941E+02,+3.584400E+04
10:22:25,0e0,+3.804708E+02,+4.641500E-06,+9.910000E+37,+5.447168E+02,+3.584400E+04,+5.781689E+02,+4.641500E-06,+9.910000E+37,+5.447842E+02,+3.584400E+04,+6.246080E+02,+4.641500E-06,+9.910000E+37,+5.448506E+02,+3.584400E+04,+6.258353E+02,+0.000000E+00,+9.910000E+37,+5.449170E+02,+3.584400E+04
10:22:25,0e0,+4.233618E+02,+5.179500E-06,+9.910000E+37,+5.451416E+02,+3.584400E+04,+5.756970E+02,+5.179500E-06,+9.910000E+37,+5.452080E+02,+3.584400E+04,+5.806673E+02,+5.179500E-06,+9.910000E+37,+5.452686E+02,+3.584400E+04,+6.975269E+02,+0.000000E+00,+9.910000E+37,+5.453262E+02,+3.584400E+04
10:22:25,0e0,+4.727021E+02,+5.779500E-06,+9.910000E+37,+5.455449E+02,+3.584400E+04,+5.926176E+02,+5.779500E-06,+9.910000E+37,+5.456123E+02,+3.584400E+04,+6.119467E+02,+5.779500E-06,+9.910000E+37,+5.456777E+02,+3.584400E+04,+4.893310E+02,+0.000000E+00,+9.910000E+37,+5.457441E+02,+3.584400E+04
10:22:25,0e0,+5.211196E+02,+6.449500E-06,+9.910000E+37,+5.459648E+02,+3.584400E+04,+6.007861E+02,+6.449500E-06,+9.910000E+37,+5.460312E+02,+3.584400E+04,+5.852806E+02,+6.449500E-06,+9.910000E+37,+5.460986E+02,+3.584400E+04,+5.739183E+02,+0.000000E+00,+9.910000E+37,+5.461650E+02,+3.584400E+04
10:22:25,0e0,+5.289661E+02,+7.197000E-06,+9.910000E+37,+5.463877E+02,+3.584400E+04,+6.026683E+02,+7.197000E-06,+9.910000E+37,+5.464541E+02,+3.584400E+04,+5.998334E+02,+7.197000E-06,+9.910000E+37,+5.465205E+02,+3.584400E+04,+6.493204E+02,+0.000000E+00,+9.910000E+37,+5.465879E+02,+3.584400E+04
10:22:25,0e0,+5.652200E+02,+8.031000E-06,+9.910000E+37,+5.468115E+02,+3.584400E+04,+5.955024E+02,+8.031000E-06,+9.910000E+37,+5.468779E+02,+3.584400E+04,+5.703533E+02,+8.031000E-06,+9.910000E+37,+5.469453E+02,+3.584400E+04,+6.175889E+02,+0.000000E+00,+9.910000E+37,+5.470029E+02,+3.584400E+04
10:22:25,0e0,+5.750330E+02,+8.961500E-06,+9.910000E+37,+5.472256E+02,+3.584400E+04,+5.586836E+02,+8.961500E-06,+9.910000E+37,+5.472930E+02,+3.584400E+04,+5.995502E+02,+8.961500E-06,+9.910000E+37,+5.473584E+02,+3.584400E+04,+5.514264E+02,+0.000000E+00,+9.910000E+37,+5.474258E+02,+3.584400E+04
10:22:25,0e0,+5.995342E+02,+1.000000E-05,+9.910000E+37,+5.476445E+02,+3.584400E+04,+6.320611E+02,+1.000000E-05,+9.910000E+37,+5.477109E+02,+3.584400E+04,+6.081470E+02,+1.000000E-05,+9.910000E+37,+5.477783E+02,+3.584400E+04,+5.333897E+02,+0.000000E+00,+9.910000E+37,+5.478438E+02,+3.584400E+04
10:22:25,0e0,+5.801093E+02,+1.116000E-05,+9.910000E+37,+5.480625E+02,+3.584400E+04,+6.489693E+02,+1.116000E-05,+9.910000E+37,+5.481289E+02,+3.584400E+04,+6.089702E+02,+1.116000E-05,+9.910000E+37,+5.481865E+02,+3.584400E+04,+5.751863E+02,+0.000000E+00,+9.910000E+37,+5.482578E+02,+3.584400E+04
10:22:25,0e0,+6.009210E+02,+1.245000E-05,+9.910000E+37,+5.484766E+02,+3.584400E+04,+6.227155E+02,+1.245000E-05,+9.910000E+37,+5.485449E+02,+3.584400E+04,+6.057123E+02,+1.245000E-05,+9.910000E+37,+5.486162E+02,+3.584400E+04,+5.800264E+02,+0.000000E+00,+9.910000E+37,+5.486865E+02,+3.584400E+04
10:22:25,0e0,+6.006356E+02,+1.389500E-05,+9.910000E+37,+5.489053E+02,+3.584400E+04,+6.146520E+02,+1.389500E-05,+9.910000E+37,+5.489717E+02,+3.584400E+04,+5.951108E+02,+1.389500E-05,+9.910000E+37,+5.490381E+02,+3.584400E+04,+5.341129E+02,+0.000000E+00,+9.910000E+37,+5.491084E+02,+3.584400E+04
10:22:25,0e0,+6.034194E+02,+1.550500E-05,+9.910000E+37,+5.493301E+02,+3.584400E+04,+5.928989E+02,+1.550500E-05,+9.910000E+37,+5.493965E+02,+3.584400E+04,+5.744182E+02,+1.550500E-05,+9.910000E+37,+5.494629E+02,+3.584400E+04,+4.746136E+02,+0.000000E+00,+9.910000E+37,+5.495332E+02,+3.584400E+04
10:22:25,0e0,+6.023073E+02,+1.730000E-05,+9.910000E+37,+5.497529E+02,+3.584400E+04,+5.974507E+02,+1.730000E-05,+9.910000E+37,+5.498184E+02,+3.584400E+04,+5.930114E+02,+1.730000E-05,+9.910000E+37,+5.498848E+02,+3.584400E+04,+4.848717E+02,+0.000000E+00,+9.910000E+37,+5.499551E+02,+3.584400E+04
10:22:25,0e0,+6.133920E+02,+1.930500E-05,+9.910000E+37,+5.501768E+02,+3.584400E+04,+5.832421E+02,+1.930500E-05,+9.910000E+37,+5.502432E+02,+3.584400E+04,+5.878162E+02,+1.930500E-05,+9.910000E+37,+5.503086E+02,+3.584400E+04,+5.837181E+02,+0.000000E+00,+9.910000E+37,+5.503799E+02,+3.584400E+04
10:22:25,0e0,+6.088155E+02,+2.154500E-05,+9.910000E+37,+5.506006E+02,+3.584400E+04,+5.842736E+02,+2.154500E-05,+9.910000E+37,+5.506670E+02,+3.584400E+04,+5.633242E+02,+2.154500E-05,+9.910000E+37,+5.507334E+02,+3.584400E+04,+4.911293E+02,+0.000000E+00,+9.910000E+37,+5.508047E+02,+3.584400E+04
10:22:25,0e0,+5.586161E+02,+2.404000E-05,+9.910000E+37,+5.510234E+02,+3.584400E+04,+5.878910E+02,+2.404000E-05,+9.910000E+37,+5.510898E+02,+3.584400E+04,+5.565212E+02,+2.404000E-05,+9.910000E+37,+5.511572E+02,+3.584400E+04,+4.929525E+02,+0.000000E+00,+9.910000E+37,+5.512266E+02,+3.584400E+04
10:22:25,0e0,+5.630789E+02,+2.682500E-05,+9.910000E+37,+5.514375E+02,+3.584400E+04,+5.927908E+02,+2.682500E-05,+9.910000E+37,+5.515029E+02,+3.584400E+04,+5.833828E+02,+2.682500E-05,+9.910000E+37,+5.515693E+02,+3.584400E+04,+6.116797E+02,+0.000000E+00,+9.910000E+37,+5.516357E+02,+3.584400E+04
10:22:25,0e0,+6.010160E+02,+2.993500E-05,+9.910000E+37,+5.518467E+02,+3.584400E+04,+5.944554E+02,+2.993500E-05,+9.910000E+37,+5.519131E+02,+3.584400E+04,+5.860495E+02,+2.993500E-05,+9.910000E+37,+5.519795E+02,+3.584400E+04,+6.099816E+02,+0.000000E+00,+9.910000E+37,+5.520459E+02,+3.584400E+04
10:22:25,0e0,+6.012739E+02,+3.340500E-05,+9.910000E+37,+5.522588E+02,+3.584400E+04,+5.894410E+02,+3.340500E-05,+9.910000E+37,+5.523252E+02,+3.584400E+04,+5.538074E+02,+3.340500E-05,+9.910000E+37,+5.523818E+02,+3.584400E+04,+6.017484E+02,+0.000000E+00,+9.910000E+37,+5.524512E+02,+3.584400E+04
10:22:25,0e0,+5.786519E+02,+3.727500E-05,+9.910000E+37,+5.526631E+02,+3.584400E+04,+5.554104E+02,+3.727500E-05,+9.910000E+37,+5.527285E+02,+3.584400E+04,+5.635966E+02,+3.727500E-05,+9.910000E+37,+5.527939E+02,+3.584400E+04,+4.765238E+02,+0.000000E+00,+9.910000E+37,+5.528604E+02,+3.584400E+04
10:22:25,0e0,+5.868992E+02,+4.159500E-05,+9.910000E+37,+5.530713E+02,+3.584400E+04,+5.816580E+02,+4.159500E-05,+9.910000E+37,+5.531377E+02,+3.584400E+04,+5.657369E+02,+4.159500E-05,+9.910000E+37,+5.532041E+02,+3.584400E+04,+4.533417E+02,+0.000000E+00,+9.910000E+37,+5.532646E+02,+3.584400E+04
10:22:25,0e0,+5.796602E+02,+4.641500E-05,+9.910000E+37,+5.534795E+02,+3.584400E+04,+5.468794E+02,+4.641500E-05,+9.910000E+37,+5.535459E+02,+3.584400E+04,+5.548143E+02,+4.641500E-05,+9.910000E+37,+5.536123E+02,+3.584400E+04,+4.789587E+02,+0.000000E+00,+9.910000E+37,+5.536787E+02,+3.584400E+04
10:22:25,0e0,+5.681389E+02,+5.179500E-05,+9.910000E+37,+5.538936E+02,+3.584400E+04,+5.627723E+02,+5.179500E-05,+9.910000E+37,+5.539600E+02,+3.584400E+04,+5.522988E+02,+5.179500E-05,+9.910000E+37,+5.540264E+02,+3.584400E+04,+6.016691E+02,+0.000000E+00,+9.910000E+37,+5.540928E+02,+3.584400E+04
10:22:25,0e0,+5.723242E+02,+5.779500E-05,+9.910000E+37,+5.543066E+02,+3.584400E+04,+5.595139E+02,+5.779500E-05,+9.910000E+37,+5.543730E+02,+3.584400E+04,+5.601144E+02,+5.779500E-05,+9.910000E+37,+5.544395E+02,+3.584400E+04,+4.422498E+02,+0.000000E+00,+9.910000E+37,+5.545068E+02,+3.584400E+04
10:22:25,0e0,+5.607294E+02,+6.449500E-05,+9.910000E+37,+5.547236E+02,+3.584400E+04,+5.614786E+02,+6.449500E-05,+9.910000E+37,+5.547910E+02,+3.584400E+04,+5.528631E+02,+6.449500E-05,+9.910000E+37,+5.548564E+02,+3.584400E+04,+5.195403E+02,+0.000000E+00,+9.910000E+37,+5.549277E+02,+3.584400E+04
10:22:25,0e0,+5.562795E+02,+7.197000E-05,+9.910000E+37,+5.551484E+02,+3.584400E+04,+5.458008E+02,+7.197000E-05,+9.910000E+37,+5.552148E+02,+3.584400E+04,+5.350021E+02,+7.197000E-05,+9.910000E+37,+5.552813E+02,+3.584400E+04,+4.259086E+02,+0.000000E+00,+9.910000E+37,+5.553389E+02,+3.584400E+04
10:22:25,0e0,+5.454264E+02,+8.031000E-05,+9.910000E+37,+5.555479E+02,+3.584400E+04,+5.233913E+02,+8.031000E-05,+9.910000E+37,+5.556123E+02,+3.584400E+04,+5.291855E+02,+8.031000E-05,+9.910000E+37,+5.556787E+02,+3.584400E+04,+5.160930E+02,+0.000000E+00,+9.910000E+37,+5.557441E+02,+3.584400E+04
10:22:25,0e0,+5.504163E+02,+8.961500E-05,+9.910000E+37,+5.559609E+02,+3.584400E+04,+5.316409E+02,+8.961500E-05,+9.910000E+37,+5.560273E+02,+3.584400E+04,+3.774412E+02,+8.961500E-05,+9.910000E+37,+5.560938E+02,+3.584400E+04,+3.278675E+02,+0.000000E+00,+9.910000E+37,+5.561592E+02,+3.584400E+04
10:22:25,0e0,+3.731997E+02,+1.000000E-04,+9.910000E+37,+5.563721E+02,+3.584400E+04,+4.067330E+02,+1.000000E-04,+9.910000E+37,+5.564385E+02,+3.584400E+04,+5.146352E+02,+1.000000E-04,+9.910000E+37,+5.565039E+02,+3.584400E+04,+4.172428E+02,+0.000000E+00,+9.910000E+37,+5.565713E+02,+3.584400E+04
10:22:25,0e0,+4.830990E+02,+1.116000E-04,+9.910000E+37,+5.567930E+02,+3.584400E+04,+5.355563E+02,+1.116000E-04,+9.910000E+37,+5.568604E+02,+3.584400E+04,+5.366252E+02,+1.116000E-04,+9.910000E+37,+5.569199E+02,+3.584400E+04,+4.498360E+02,+0.000000E+00,+9.910000E+37,+5.569863E+02,+3.584400E+04
10:22:25,0e0,+5.375343E+02,+1.245000E-04,+9.910000E+37,+5.572080E+02,+3.584400E+04,+5.274817E+02,+1.245000E-04,+9.910000E+37,+5.572744E+02,+3.584400E+04,+5.164984E+02,+1.245000E-04,+9.910000E+37,+5.573408E+02,+3.584400E+04,+4.879236E+02,+0.000000E+00,+9.910000E+37,+5.574072E+02,+3.584400E+04
10:22:25,0e0,+5.213068E+02,+1.389500E-04,+9.910000E+37,+5.576270E+02,+3.584400E+04,+5.126815E+02,+1.389500E-04,+9.910000E+37,+5.576934E+02,+3.584400E+04,+5.028104E+02,+1.389500E-04,+9.910000E+37,+5.577598E+02,+3.584400E+04,+5.792399E+02,+0.000000E+00,+9.910000E+37,+5.578271E+02,+3.584400E+04
10:22:25,0e0,+5.178439E+02,+1.550500E-04,+9.910000E+37,+5.580527E+02,+3.584400E+04,+5.138210E+02,+1.550500E-04,+9.910000E+37,+5.581172E+02,+3.584400E+04,+5.047755E+02,+1.550500E-04,+9.910000E+37,+5.581836E+02,+3.584400E+04,+5.209761E+02,+0.000000E+00,+9.910000E+37,+5.582500E+02,+3.584400E+04
10:22:25,0e0,+4.950730E+02,+1.730000E-04,+9.910000E+37,+5.584697E+02,+3.584400E+04,+3.767457E+02,+1.730000E-04,+9.910000E+37,+5.585293E+02,+3.584400E+04,+4.989222E+02,+1.730000E-04,+9.910000E+37,+5.585986E+02,+3.584400E+04,+9.105994E-01,+0.000000E+00,+9.910000E+37,+5.586689E+02,+3.584400E+04
10:22:25,0e0,+5.004130E+02,+1.930500E-04,+9.910000E+37,+5.588945E+02,+3.584400E+04,+5.375023E+02,+1.930500E-04,+9.910000E+37,+5.589531E+02,+3.584400E+04,+5.324005E+02,+1.930500E-04,+9.910000E+37,+5.590205E+02,+3.584400E+04,+1.089570E+01,+0.000000E+00,+9.910000E+37,+5.590742E+02,+3.584400E+04
10:22:25,0e0,+4.894718E+02,+2.154500E-04,+9.910000E+37,+5.592881E+02,+3.584400E+04,+3.177437E+02,+2.154500E-04,+9.910000E+37,+5.593467E+02,+3.584400E+04,+3.862570E+02,+2.154500E-04,+9.910000E+37,+5.594141E+02,+3.584400E+04,+2.940852E+02,+0.000000E+00,+9.910000E+37,+5.594795E+02,+3.584400E+04
10:22:25,0e0,+4.833902E+02,+2.404000E-04,+9.910000E+37,+5.596982E+02,+3.584400E+04,+2.774640E+02,+2.404000E-04,+9.910000E+37,+5.597588E+02,+3.584400E+04,+3.560550E+02,+2.404000E-04,+9.910000E+37,+5.598252E+02,+3.584400E+04,+3.035366E+02,+0.000000E+00,+9.910000E+37,+5.598906E+02,+3.584400E+04
10:22:25,0e0,+5.551617E+02,+2.682500E-04,+9.910000E+37,+5.601133E+02,+3.584400E+04,+4.918374E+02,+2.682500E-04,+9.910000E+37,+5.601797E+02,+3.584400E+04,+5.326063E+02,+2.682500E-04,+9.910000E+37,+5.602344E+02,+3.584400E+04,+4.176934E+02,+0.000000E+00,+9.910000E+37,+5.602910E+02,+3.584400E+04
10:22:25,0e0,+5.183099E+02,+2.993500E-04,+9.910000E+37,+5.605059E+02,+3.584400E+04,+5.089002E+02,+2.993500E-04,+9.910000E+37,+5.605635E+02,+3.584400E+04,+5.364930E+02,+2.993500E-04,+9.910000E+37,+5.606201E+02,+3.584400E+04,+4.131957E+00,+0.000000E+00,+9.910000E+37,+5.606768E+02,+3.584400E+04
10:22:25,0e0,+5.727328E+01,+3.340500E-04,+9.910000E+37,+5.608984E+02,+3.584400E+04,+6.157251E+01,+3.340500E-04,+9.910000E+37,+5.609648E+02,+3.584400E+04,+5.978447E+01,+3.340500E-04,+9.910000E+37,+5.610303E+02,+3.584400E+04,+2.287716E+01,+0.000000E+00,+9.910000E+37,+5.610967E+02,+3.584400E+04
10:22:25,0e0,+4.957421E+02,+3.727500E-04,+9.910000E+37,+5.613184E+02,+3.584400E+04,+5.170233E+02,+3.727500E-04,+9.910000E+37,+5.613740E+02,+3.584400E+04,+4.502435E+02,+3.727500E-04,+9.910000E+37,+5.614346E+02,+3.584400E+04,+3.602167E+02,+0.000000E+00,+9.910000E+37,+5.614893E+02,+3.584400E+04
10:22:25,0e0,+4.873338E+02,+4.159500E-04,+9.910000E+37,+5.617061E+02,+3.584400E+04,+4.568402E+02,+4.159500E-04,+9.910000E+37,+5.617637E+02,+3.584400E+04,+4.289651E+02,+4.159500E-04,+9.910000E+37,+5.618311E+02,+3.584400E+04,+8.199985E+01,+0.000000E+00,+9.910000E+37,+5.618877E+02,+3.584400E+04
10:22:25,0e0,+4.451961E+02,+4.641500E-04,+9.910000E+37,+5.621064E+02,+3.584400E+04,+4.125873E+02,+4.641500E-04,+9.910000E+37,+5.621680E+02,+3.584400E+04,+2.368110E+02,+4.641500E-04,+9.910000E+37,+5.622334E+02,+3.584400E+04,+9.998084E+01,+0.000000E+00,+9.910000E+37,+5.622998E+02,+3.584400E+04
10:22:25,0e0,+4.019156E+02,+5.179500E-04,+9.910000E+37,+5.625225E+02,+3.584400E+04,+3.886617E+02,+5.179500E-04,+9.910000E+37,+5.625889E+02,+3.584400E+04,+3.935972E+02,+5.179500E-04,+9.910000E+37,+5.626553E+02,+3.584400E+04,+1.507642E+02,+0.000000E+00,+9.910000E+37,+5.627217E+02,+3.584400E+04
10:22:25,0e0,+4.011033E+02,+5.779500E-04,+9.910000E+37,+5.629443E+02,+3.584400E+04,+3.950533E+02,+5.779500E-04,+9.910000E+37,+5.630117E+02,+3.584400E+04,+3.201475E+02,+5.779500E-04,+9.910000E+37,+5.630771E+02,+3.584400E+04,+8.496648E+01,+0.000000E+00,+9.910000E+37,+5.631436E+02,+3.584400E+04
10:22:25,0e0,+4.385180E+02,+6.449500E-04,+9.910000E+37,+5.633652E+02,+3.584400E+04,+4.522274E+02,+6.449500E-04,+9.910000E+37,+5.634316E+02,+3.584400E+04,+4.343233E+02,+6.449500E-04,+9.910000E+37,+5.634971E+02,+3.584400E+04,+1.467657E+02,+0.000000E+00,+9.910000E+37,+5.635635E+02,+3.584400E+04
10:22:25,0e0,+4.425895E+02,+7.197000E-04,+9.910000E+37,+5.637832E+02,+3.584400E+04,+4.356693E+02,+7.197000E-04,+9.910000E+37,+5.638486E+02,+3.584400E+04,+4.372282E+02,+7.197000E-04,+9.910000E+37,+5.639150E+02,+3.584400E+04,+2.478032E+02,+0.000000E+00,+9.910000E+37,+5.639805E+02,+3.584400E+04
10:22:25,0e0,+4.370535E+02,+8.031000E-04,+9.910000E+37,+5.642021E+02,+3.584400E+04,+4.296726E+02,+8.031000E-04,+9.910000E+37,+5.642695E+02,+3.584400E+04,+4.546284E+02,+8.031000E-04,+9.910000E+37,+5.643359E+02,+3.584400E+04,+2.908437E+02,+0.000000E+00,+9.910000E+37,+5.644023E+02,+3.584400E+04
10:22:25,0e0,+4.481279E+02,+8.961500E-04,+9.910000E+37,+5.646230E+02,+3.584400E+04,+4.760137E+02,+8.961500E-04,+9.910000E+37,+5.646885E+02,+3.584400E+04,+4.787593E+02,+8.961500E-04,+9.910000E+37,+5.647549E+02,+3.584400E+04,+2.072065E+02,+0.000000E+00,+9.910000E+37,+5.648213E+02,+3.584400E+04
10:22:25,0e0,+4.601571E+02,+1.000000E-03,+9.910000E+37,+5.650439E+02,+3.584400E+04,+4.592845E+02,+1.000000E-03,+9.910000E+37,+5.651094E+02,+3.584400E+04,+4.978163E+02,+1.000000E-03,+9.910000E+37,+5.651768E+02,+3.584400E+04,+1.840322E+02,+0.000000E+00,+9.910000E+37,+5.652422E+02,+3.584400E+04
10:22:25,0e0,+4.583957E+02,+1.116000E-03,+9.910000E+37,+5.654766E+02,+3.584400E+04,+4.526894E+02,+1.116000E-03,+9.910000E+37,+5.655430E+02,+3.584400E+04,+4.718704E+02,+1.116000E-03,+9.910000E+37,+5.656094E+02,+3.584400E+04,+3.885148E+02,+0.000000E+00,+9.910000E+37,+5.656758E+02,+3.584400E+04
10:22:25,0e0,+4.641029E+02,+1.245000E-03,+9.910000E+37,+5.658994E+02,+3.584400E+04,+4.975553E+02,+1.245000E-03,+9.910000E+37,+5.659658E+02,+3.584400E+04,+5.483653E+02,+1.245000E-03,+9.910000E+37,+5.660322E+02,+3.584400E+04,+4.150743E+02,+0.000000E+00,+9.910000E+37,+5.660986E+02,+3.584400E+04
10:22:25,0e0,+4.356538E+02,+1.389500E-03,+9.910000E+37,+5.663174E+02,+3.584400E+04,+3.059883E+02,+1.389500E-03,+9.910000E+37,+5.663838E+02,+3.584400E+04,+3.004409E+02,+1.389500E-03,+9.910000E+37,+5.664502E+02,+3.584400E+04,+2.447146E+02,+0.000000E+00,+9.910000E+37,+5.665176E+02,+3.584400E+04
10:22:25,0e0,+3.580282E+02,+1.550500E-03,+9.910000E+37,+5.667393E+02,+3.584400E+04,+2.608274E+02,+1.550500E-03,+9.910000E+37,+5.668057E+02,+3.584400E+04,+2.114334E+02,+1.550500E-03,+9.910000E+37,+5.668721E+02,+3.584400E+04,+1.268824E+02,+0.000000E+00,+9.910000E+37,+5.669395E+02,+3.584400E+04
10:22:25,0e0,+2.534562E+02,+1.730000E-03,+9.910000E+37,+5.671602E+02,+3.584400E+04,+1.498582E+02,+1.730000E-03,+9.910000E+37,+5.672256E+02,+3.584400E+04,+1.015717E+02,+1.730000E-03,+9.910000E+37,+5.672920E+02,+3.584400E+04,-1.834816E-01,+0.000000E+00,+9.910000E+37,+5.673584E+02,+3.584400E+04
10:22:25,0e0,+3.326083E+02,+1.930500E-03,+9.910000E+37,+5.675791E+02,+3.584400E+04,+3.632763E+02,+1.930500E-03,+9.910000E+37,+5.676455E+02,+3.584400E+04,+1.172179E+02,+1.930500E-03,+9.910000E+37,+5.677119E+02,+3.584400E+04,-1.047541E+00,+0.000000E+00,+9.910000E+37,+5.677783E+02,+3.584400E+04
10:22:25,0e0,+1.732216E+02,+2.154500E-03,+9.910000E+37,+5.680000E+02,+3.584400E+04,+1.393503E+02,+2.154500E-03,+9.910000E+37,+5.680664E+02,+3.584400E+04,+1.209419E+02,+2.154500E-03,+9.910000E+37,+5.681318E+02,+3.584400E+04,-2.147998E-02,+0.000000E+00,+9.910000E+37,+5.681982E+02,+3.584400E+04
10:22:25,0e0,+1.981275E+02,+2.404000E-03,+9.910000E+37,+5.684209E+02,+3.584400E+04,+1.505976E+02,+2.404000E-03,+9.910000E+37,+5.684873E+02,+3.584400E+04,+1.265033E+02,+2.404000E-03,+9.910000E+37,+5.685537E+02,+3.584400E+04,-2.148014E-02,+0.000000E+00,+9.910000E+37,+5.686201E+02,+3.584400E+04
10:22:25,0e0,+2.048857E+02,+2.682500E-03,+9.910000E+37,+5.688418E+02,+3.584400E+04,+1.428174E+02,+2.682500E-03,+9.910000E+37,+5.689082E+02,+3.584400E+04,+1.148042E+02,+2.682500E-03,+9.910000E+37,+5.689746E+02,+3.584400E+04,-3.332419E-01,+0.000000E+00,+9.910000E+37,+5.690410E+02,+3.584400E+04
10:22:25,0e0,+1.950173E+02,+2.993500E-03,+9.910000E+37,+5.692607E+02,+3.584400E+04,+1.402236E+02,+2.993500E-03,+9.910000E+37,+5.693271E+02,+3.584400E+04,+1.152825E+02,+2.993500E-03,+9.910000E+37,+5.693936E+02,+3.584400E+04,-2.043296E-02,+0.000000E+00,+9.910000E+37,+5.694600E+02,+3.584400E+04
10:22:25,0e0,+1.915200E+02,+3.340500E-03,+9.910000E+37,+5.696729E+02,+3.584400E+04,+1.341430E+02,+3.340500E-03,+9.910000E+37,+5.697393E+02,+3.584400E+04,+1.089167E+02,+3.340500E-03,+9.910000E+37,+5.698057E+02,+3.584400E+04,-2.056970E-02,+0.000000E+00,+9.910000E+37,+5.698730E+02,+3.584400E+04
10:22:25,0e0,+1.852354E+02,+3.727500E-03,+9.910000E+37,+5.700908E+02,+3.584400E+04,+1.277138E+02,+3.727500E-03,+9.910000E+37,+5.701572E+02,+3.584400E+04,+1.030031E+02,+3.727500E-03,+9.910000E+37,+5.702236E+02,+3.584400E+04,-1.961321E-02,+0.000000E+00,+9.910000E+37,+5.702900E+02,+3.584400E+04
10:22:25,0e0,+1.781191E+02,+4.159500E-03,+9.910000E+37,+5.705098E+02,+3.584400E+04,+1.192728E+02,+4.159500E-03,+9.910000E+37,+5.705762E+02,+3.584400E+04,+9.594124E+01,+4.159500E-03,+9.910000E+37,+5.706426E+02,+3.584400E+04,-1.929477E-02,+0.000000E+00,+9.910000E+37,+5.707090E+02,+3.584400E+04
10:22:25,0e0,+1.689936E+02,+4.641500E-03,+9.910000E+37,+5.709287E+02,+3.584400E+04,+1.112829E+02,+4.641500E-03,+9.910000E+37,+5.709951E+02,+3.584400E+04,+8.929028E+01,+4.641500E-03,+9.910000E+37,+5.710615E+02,+3.584400E+04,-1.874810E-02,+0.000000E+00,+9.910000E+37,+5.711279E+02,+3.584400E+04
10:22:25,0e0,+1.601018E+02,+5.179500E-03,+9.910000E+37,+5.713506E+02,+3.584400E+04,+1.039214E+02,+5.179500E-03,+9.910000E+37,+5.714170E+02,+3.584400E+04,+8.310055E+01,+5.179500E-03,+9.910000E+37,+5.714834E+02,+3.584400E+04,-1.870289E-02,+0.000000E+00,+9.910000E+37,+5.715498E+02,+3.584400E+04
10:22:25,0e0,+1.499378E+02,+5.779500E-03,+9.910000E+37,+5.717695E+02,+3.584400E+04,+9.625097E+01,+5.779500E-03,+9.910000E+37,+5.718369E+02,+3.584400E+04,+7.693996E+01,+5.779500E-03,+9.910000E+37,+5.719033E+02,+3.584400E+04,-1.815620E-02,+0.000000E+00,+9.910000E+37,+5.719697E+02,+3.584400E+04
10:22:25,0e0,+1.400586E+02,+6.449500E-03,+9.910000E+37,+5.721875E+02,+3.584400E+04,+8.928461E+01,+6.449500E-03,+9.910000E+37,+5.722549E+02,+3.584400E+04,+7.129241E+01,+6.449500E-03,+9.910000E+37,+5.723203E+02,+3.584400E+04,-1.870272E-02,+0.000000E+00,+9.910000E+37,+5.723877E+02,+3.584400E+04
10:22:25,0e0,+1.314125E+02,+7.197000E-03,+9.910000E+37,+5.726084E+02,+3.584400E+04,+8.317344E+01,+7.197000E-03,+9.910000E+37,+5.726748E+02,+3.584400E+04,+6.619988E+01,+7.197000E-03,+9.910000E+37,+5.727412E+02,+3.584400E+04,-1.879376E-02,+0.000000E+00,+9.910000E+37,+5.728076E+02,+3.584400E+04
10:22:25,0e0,+1.231557E+02,+8.031000E-03,+9.910000E+37,+5.730322E+02,+3.584400E+04,+7.726284E+01,+8.031000E-03,+9.910000E+37,+5.730977E+02,+3.584400E+04,+6.165940E+01,+8.031000E-03,+9.910000E+37,+5.731641E+02,+3.584400E+04,-1.697244E-02,+0.000000E+00,+9.910000E+37,+5.732305E+02,+3.584400E+04
10:22:25,0e0,+1.138655E+02,+8.961500E-03,+9.910000E+37,+5.734492E+02,+3.584400E+04,+7.087829E+01,+8.961500E-03,+9.910000E+37,+5.735156E+02,+3.584400E+04,+5.722279E+01,+8.961500E-03,+9.910000E+37,+5.735820E+02,+3.584400E+04,-1.770100E-02,+0.000000E+00,+9.910000E+37,+5.736484E+02,+3.584400E+04
