10:28:43,0e0,+4.149243E-03,+1.000000E-07,+9.910000E+37,+9.051602E+02,+3.584400E+04,+3.375232E-03,+1.000000E-07,+9.910000E+37,+9.052275E+02,+3.584400E+04,+4.923582E-03,+1.000000E-07,+9.910000E+37,+9.052930E+02,+3.584400E+04,-8.827060E-03,+0.000000E+00,+9.910000E+37,+9.053594E+02,+3.584400E+04
10:28:43,0e0,+5.332768E-03,+1.116000E-07,+9.910000E+37,+9.055830E+02,+3.584400E+04,+5.788326E-03,+1.116000E-07,+9.910000E+37,+9.056494E+02,+3.584400E+04,+5.970314E-03,+1.116000E-07,+9.910000E+37,+9.057158E+02,+3.584400E+04,-9.054571E-03,+0.000000E+00,+9.910000E+37,+9.057822E+02,+3.584400E+04
10:28:43,0e0,+8.475065E-03,+1.245000E-07,+9.910000E+37,+9.060039E+02,+3.584400E+04,+7.199809E-03,+1.245000E-07,+9.910000E+37,+9.060713E+02,+3.584400E+04,+8.474499E-03,+1.245000E-07,+9.910000E+37,+9.061387E+02,+3.584400E+04,-8.189693E-03,+0.000000E+00,+9.910000E+37,+9.062061E+02,+3.584400E+04
10:28:43,0e0,+1.070540E-02,+1.389500E-07,+9.910000E+37,+9.064297E+02,+3.584400E+04,+1.047774E-02,+1.389500E-07,+9.910000E+37,+9.064961E+02,+3.584400E+04,+9.703875E-03,+1.389500E-07,+9.910000E+37,+9.065625E+02,+3.584400E+04,-9.373382E-03,+0.000000E+00,+9.910000E+37,+9.066289E+02,+3.584400E+04
10:28:43,0e0,+1.366492E-02,+1.550500E-07,+9.910000E+37,+9.068506E+02,+3.584400E+04,+1.275437E-02,+1.550500E-07,+9.910000E+37,+9.069180E+02,+3.584400E+04,+1.293640E-02,+1.550500E-07,+9.910000E+37,+9.069844E+02,+3.584400E+04,-8.052632E-03,+0.000000E+00,+9.910000E+37,+9.070498E+02,+3.584400E+04
10:28:43,0e0,+1.471210E-02,+1.730000E-07,+9.910000E+37,+9.072686E+02,+3.584400E+04,+1.489420E-02,+1.730000E-07,+9.910000E+37,+9.073359E+02,+3.584400E+04,+1.621468E-02,+1.730000E-07,+9.910000E+37,+9.074033E+02,+3.584400E+04,-9.828582E-03,+0.000000E+00,+9.910000E+37,+9.074697E+02,+3.584400E+04
10:28:43,0e0,+1.817244E-02,+1.930500E-07,+9.910000E+37,+9.076885E+02,+3.584400E+04,+1.758064E-02,+1.930500E-07,+9.910000E+37,+9.077549E+02,+3.584400E+04,+1.794471E-02,+1.930500E-07,+9.910000E+37,+9.078213E+02,+3.584400E+04,-1.023890E-02,+0.000000E+00,+9.910000E+37,+9.078877E+02,+3.584400E+04
10:28:43,0e0,+2.190597E-02,+2.154500E-07,+9.910000E+37,+9.081143E+02,+3.584400E+04,+2.227037E-02,+2.154500E-07,+9.910000E+37,+9.081826E+02,+3.584400E+04,+2.199708E-02,+2.154500E-07,+9.910000E+37,+9.082490E+02,+3.584400E+04,-8.144021E-03,+0.000000E+00,+9.910000E+37,+9.083145E+02,+3.584400E+04
10:28:43,0e0,+2.418226E-02,+2.404000E-07,+9.910000E+37,+9.085322E+02,+3.584400E+04,+2.509333E-02,+2.404000E-07,+9.910000E+37,+9.085986E+02,+3.584400E+04,+2.463779E-02,+2.404000E-07,+9.910000E+37,+9.086660E+02,+3.584400E+04,-9.874433E-03,+0.000000E+00,+9.910000E+37,+9.087314E+02,+3.584400E+04
10:28:43,0e0,+2.909938E-02,+2.682500E-07,+9.910000E+37,+9.089512E+02,+3.584400E+04,+3.005603E-02,+2.682500E-07,+9.910000E+37,+9.090176E+02,+3.584400E+04,+3.010112E-02,+2.682500E-07,+9.910000E+37,+9.090830E+02,+3.584400E+04,-1.069406E-02,+0.000000E+00,+9.910000E+37,+9.091494E+02,+3.584400E+04
10:28:43,0e0,+3.497338E-02,+2.993500E-07,+9.910000E+37,+9.093682E+02,+3.584400E+04,+3.447238E-02,+2.993500E-07,+9.910000E+37,+9.094346E+02,+3.584400E+04,+3.465441E-02,+2.993500E-07,+9.910000E+37,+9.095010E+02,+3.584400E+04,-1.023890E-02,+0.000000E+00,+9.910000E+37,+9.095674E+02,+3.584400E+04
10:28:43,0e0,+4.048231E-02,+3.340500E-07,+9.910000E+37,+9.097891E+02,+3.584400E+04,+4.016358E-02,+3.340500E-07,+9.910000E+37,+9.098555E+02,+3.584400E+04,+4.075608E-02,+3.340500E-07,+9.910000E+37,+9.099219E+02,+3.584400E+04,-8.371830E-03,+0.000000E+00,+9.910000E+37,+9.099893E+02,+3.584400E+04
10:28:43,0e0,+4.685688E-02,+3.727500E-07,+9.910000E+37,+9.102109E+02,+3.584400E+04,+4.653791E-02,+3.727500E-07,+9.910000E+37,+9.102783E+02,+3.584400E+04,+4.676607E-02,+3.727500E-07,+9.910000E+37,+9.103438E+02,+3.584400E+04,-9.509772E-03,+0.000000E+00,+9.910000E+37,+9.104111E+02,+3.584400E+04
10:28:43,0e0,+5.473351E-02,+4.159500E-07,+9.910000E+37,+9.106348E+02,+3.584400E+04,+5.400559E-02,+4.159500E-07,+9.910000E+37,+9.107021E+02,+3.584400E+04,+5.304891E-02,+4.159500E-07,+9.910000E+37,+9.107686E+02,+3.584400E+04,-8.235157E-03,+0.000000E+00,+9.910000E+37,+9.108359E+02,+3.584400E+04
10:28:43,0e0,+6.265560E-02,+4.641500E-07,+9.910000E+37,+9.110576E+02,+3.584400E+04,+6.292906E-02,+4.641500E-07,+9.910000E+37,+9.111250E+02,+3.584400E+04,+6.124434E-02,+4.641500E-07,+9.910000E+37,+9.111914E+02,+3.584400E+04,-8.508176E-03,+0.000000E+00,+9.910000E+37,+9.112568E+02,+3.584400E+04
10:28:43,0e0,+7.162610E-02,+5.179500E-07,+9.910000E+37,+9.114824E+02,+3.584400E+04,+7.112449E-02,+5.179500E-07,+9.910000E+37,+9.115488E+02,+3.584400E+04,+7.235450E-02,+5.179500E-07,+9.910000E+37,+9.116162E+02,+3.584400E+04,-8.554056E-03,+0.000000E+00,+9.910000E+37,+9.116826E+02,+3.584400E+04
10:28:43,0e0,+8.118725E-02,+5.779500E-07,+9.910000E+37,+9.119014E+02,+3.584400E+04,+8.182427E-02,+5.779500E-07,+9.910000E+37,+9.119678E+02,+3.584400E+04,+8.159661E-02,+5.779500E-07,+9.910000E+37,+9.120342E+02,+3.584400E+04,-1.042111E-02,+0.000000E+00,+9.910000E+37,+9.121006E+02,+3.584400E+04
10:28:43,0e0,+9.184042E-02,+6.449500E-07,+9.910000E+37,+9.123213E+02,+3.584400E+04,+9.348023E-02,+6.449500E-07,+9.910000E+37,+9.123877E+02,+3.584400E+04,+9.161267E-02,+6.449500E-07,+9.910000E+37,+9.124551E+02,+3.584400E+04,-9.282827E-03,+0.000000E+00,+9.910000E+37,+9.125215E+02,+3.584400E+04
10:28:43,0e0,+1.060927E-01,+7.197000E-07,+9.910000E+37,+9.127451E+02,+3.584400E+04,+1.064565E-01,+7.197000E-07,+9.910000E+37,+9.128115E+02,+3.584400E+04,+1.063651E-01,+7.197000E-07,+9.910000E+37,+9.128789E+02,+3.584400E+04,-7.916436E-03,+0.000000E+00,+9.910000E+37,+9.129463E+02,+3.584400E+04
10:28:43,0e0,+1.212081E-01,+8.031000E-07,+9.910000E+37,+9.131670E+02,+3.584400E+04,+1.210715E-01,+8.031000E-07,+9.910000E+37,+9.132344E+02,+3.584400E+04,+1.214812E-01,+8.031000E-07,+9.910000E+37,+9.133018E+02,+3.584400E+04,-9.145886E-03,+0.000000E+00,+9.910000E+37,+9.133682E+02,+3.584400E+04
10:28:43,0e0,+1.386008E-01,+8.961500E-07,+9.910000E+37,+9.135928E+02,+3.584400E+04,+1.384647E-01,+8.961500E-07,+9.910000E+37,+9.136602E+02,+3.584400E+04,+1.371890E-01,+8.961500E-07,+9.910000E+37,+9.137266E+02,+3.584400E+04,-8.599475E-03,+0.000000E+00,+9.910000E+37,+9.137930E+02,+3.584400E+04
10:28:43,0e0,+1.574499E-01,+1.000000E-06,+9.910000E+37,+9.140137E+02,+3.584400E+04,+1.582239E-01,+1.000000E-06,+9.910000E+37,+9.140801E+02,+3.584400E+04,+1.578147E-01,+1.000000E-06,+9.910000E+37,+9.141465E+02,+3.584400E+04,-1.005693E-02,+0.000000E+00,+9.910000E+37,+9.142139E+02,+3.584400E+04
10:28:43,0e0,+1.701081E-01,+1.116000E-06,+9.910000E+37,+9.144346E+02,+3.584400E+04,+1.689699E-01,+1.116000E-06,+9.910000E+37,+9.145020E+02,+3.584400E+04,+1.698352E-01,+1.116000E-06,+9.910000E+37,+9.145674E+02,+3.584400E+04,-8.325905E-03,+0.000000E+00,+9.910000E+37,+9.146338E+02,+3.584400E+04
10:28:43,0e0,+1.927823E-01,+1.245000E-06,+9.910000E+37,+9.148545E+02,+3.584400E+04,+1.928735E-01,+1.245000E-06,+9.910000E+37,+9.149209E+02,+3.584400E+04,+1.912789E-01,+1.245000E-06,+9.910000E+37,+9.149873E+02,+3.584400E+04,-8.690253E-03,+0.000000E+00,+9.910000E+37,+9.150537E+02,+3.584400E+04
10:28:43,0e0,+2.206013E-01,+1.389500E-06,+9.910000E+37,+9.152734E+02,+3.584400E+04,+2.211026E-01,+1.389500E-06,+9.910000E+37,+9.153408E+02,+3.584400E+04,+2.200544E-01,+1.389500E-06,+9.910000E+37,+9.154063E+02,+3.584400E+04,-9.510145E-03,+0.000000E+00,+9.910000E+37,+9.154727E+02,+3.584400E+04
10:28:43,0e0,+2.529736E-01,+1.550500E-06,+9.910000E+37,+9.156934E+02,+3.584400E+04,+2.531555E-01,+1.550500E-06,+9.910000E+37,+9.157607E+02,+3.584400E+04,+2.539296E-01,+1.550500E-06,+9.910000E+37,+9.158262E+02,+3.584400E+04,-9.555817E-03,+0.000000E+00,+9.910000E+37,+9.158926E+02,+3.584400E+04
10:28:43,0e0,+2.899910E-01,+1.730000E-06,+9.910000E+37,+9.161084E+02,+3.584400E+04,+2.907641E-01,+1.730000E-06,+9.910000E+37,+9.161758E+02,+3.584400E+04,+2.895355E-01,+1.730000E-06,+9.910000E+37,+9.162412E+02,+3.584400E+04,-8.053184E-03,+0.000000E+00,+9.910000E+37,+9.163076E+02,+3.584400E+04
10:28:43,0e0,+3.317401E-01,+1.930500E-06,+9.910000E+37,+9.165254E+02,+3.584400E+04,+3.327882E-01,+1.930500E-06,+9.910000E+37,+9.165918E+02,+3.584400E+04,+3.343373E-01,+1.930500E-06,+9.910000E+37,+9.166582E+02,+3.584400E+04,-9.191424E-03,+0.000000E+00,+9.910000E+37,+9.167246E+02,+3.584400E+04
10:28:43,0e0,+3.842845E-01,+2.154500E-06,+9.910000E+37,+9.169453E+02,+3.584400E+04,+3.849221E-01,+2.154500E-06,+9.910000E+37,+9.170107E+02,+3.584400E+04,+3.848302E-01,+2.154500E-06,+9.910000E+37,+9.170771E+02,+3.584400E+04,-8.599386E-03,+0.000000E+00,+9.910000E+37,+9.171436E+02,+3.584400E+04
10:28:43,0e0,+4.453401E-01,+2.404000E-06,+9.910000E+37,+9.173662E+02,+3.584400E+04,+4.454778E-01,+2.404000E-06,+9.910000E+37,+9.174316E+02,+3.584400E+04,+4.460237E-01,+2.404000E-06,+9.910000E+37,+9.174980E+02,+3.584400E+04,-9.054929E-03,+0.000000E+00,+9.910000E+37,+9.175645E+02,+3.584400E+04
10:28:43,0e0,+5.202381E-01,+2.682500E-06,+9.910000E+37,+9.177861E+02,+3.584400E+04,+5.191911E-01,+2.682500E-06,+9.910000E+37,+9.178535E+02,+3.584400E+04,+5.199650E-01,+2.682500E-06,+9.910000E+37,+9.179189E+02,+3.584400E+04,-8.371979E-03,+0.000000E+00,+9.910000E+37,+9.179854E+02,+3.584400E+04
10:28:43,0e0,+6.139404E-01,+2.993500E-06,+9.910000E+37,+9.182070E+02,+3.584400E+04,+6.120282E-01,+2.993500E-06,+9.910000E+37,+9.182734E+02,+3.584400E+04,+6.123023E-01,+2.993500E-06,+9.910000E+37,+9.183408E+02,+3.584400E+04,-8.007735E-03,+0.000000E+00,+9.910000E+37,+9.184062E+02,+3.584400E+04
10:28:43,0e0,+7.331851E-01,+3.340500E-06,+9.910000E+37,+9.186260E+02,+3.584400E+04,+7.349146E-01,+3.340500E-06,+9.910000E+37,+9.186934E+02,+3.584400E+04,+7.335936E-01,+3.340500E-06,+9.910000E+37,+9.187607E+02,+3.584400E+04,-7.871166E-03,+0.000000E+00,+9.910000E+37,+9.188262E+02,+3.584400E+04
10:28:43,0e0,+8.888531E-01,+3.727500E-06,+9.910000E+37,+9.190449E+02,+3.584400E+04,+8.900393E-01,+3.727500E-06,+9.910000E+37,+9.191113E+02,+3.584400E+04,+8.903104E-01,+3.727500E-06,+9.910000E+37,+9.191777E+02,+3.584400E+04,-9.054869E-03,+0.000000E+00,+9.910000E+37,+9.192451E+02,+3.584400E+04
10:28:43,0e0,+1.096701E+00,+4.159500E-06,+9.910000E+37,+9.194688E+02,+3.584400E+04,+1.100388E+00,+4.159500E-06,+9.910000E+37,+9.195361E+02,+3.584400E+04,+1.100161E+00,+4.159500E-06,+9.910000E+37,+9.196016E+02,+3.584400E+04,-9.783506E-03,+0.000000E+00,+9.910000E+37,+9.196680E+02,+3.584400E+04
10:28:43,0e0,+1.389327E+00,+4.641500E-06,+9.910000E+37,+9.198936E+02,+3.584400E+04,+1.398296E+00,+4.641500E-06,+9.910000E+37,+9.199600E+02,+3.584400E+04,+1.400572E+00,+4.641500E-06,+9.910000E+37,+9.200264E+02,+3.584400E+04,-8.827344E-03,+0.000000E+00,+9.910000E+37,+9.200928E+02,+3.584400E+04
10:28:43,0e0,+1.816670E+00,+5.179500E-06,+9.910000E+37,+9.203125E+02,+3.584400E+04,+1.845633E+00,+5.179500E-06,+9.910000E+37,+9.203789E+02,+3.584400E+04,+1.849322E+00,+5.179500E-06,+9.910000E+37,+9.204453E+02,+3.584400E+04,-8.554205E-03,+0.000000E+00,+9.910000E+37,+9.205117E+02,+3.584400E+04
10:28:43,0e0,+2.410526E+00,+5.779500E-06,+9.910000E+37,+9.207324E+02,+3.584400E+04,+2.470175E+00,+5.779500E-06,+9.910000E+37,+9.207998E+02,+3.584400E+04,+2.477459E+00,+5.779500E-06,+9.910000E+37,+9.208652E+02,+3.584400E+04,-8.235514E-03,+0.000000E+00,+9.910000E+37,+9.209316E+02,+3.584400E+04
10:28:43,0e0,+3.200752E+00,+6.449500E-06,+9.910000E+37,+9.211562E+02,+3.584400E+04,+3.306710E+00,+6.449500E-06,+9.910000E+37,+9.212227E+02,+3.584400E+04,+3.316716E+00,+6.449500E-06,+9.910000E+37,+9.212900E+02,+3.584400E+04,-9.646669E-03,+0.000000E+00,+9.910000E+37,+9.213555E+02,+3.584400E+04
10:28:43,0e0,+4.233348E+00,+7.197000E-06,+9.910000E+37,+9.215820E+02,+3.584400E+04,+4.402257E+00,+7.197000E-06,+9.910000E+37,+9.216494E+02,+3.584400E+04,+4.419930E+00,+7.197000E-06,+9.910000E+37,+9.217148E+02,+3.584400E+04,-7.871091E-03,+0.000000E+00,+9.910000E+37,+9.217813E+02,+3.584400E+04
10:28:43,0e0,+5.562390E+00,+8.031000E-06,+9.910000E+37,+9.220020E+02,+3.584400E+04,+5.821775E+00,+8.031000E-06,+9.910000E+37,+9.220693E+02,+3.584400E+04,+5.847177E+00,+8.031000E-06,+9.910000E+37,+9.221348E+02,+3.584400E+04,-9.055093E-03,+0.000000E+00,+9.910000E+37,+9.222012E+02,+3.584400E+04
10:28:43,0e0,+7.259534E+00,+8.961500E-06,+9.910000E+37,+9.224229E+02,+3.584400E+04,+7.637466E+00,+8.961500E-06,+9.910000E+37,+9.224893E+02,+3.584400E+04,+7.677496E+00,+8.961500E-06,+9.910000E+37,+9.225566E+02,+3.584400E+04,-9.828791E-03,+0.000000E+00,+9.910000E+37,+9.226240E+02,+3.584400E+04
10:28:43,0e0,+9.412316E+00,+1.000000E-05,+9.910000E+37,+9.228447E+02,+3.584400E+04,+9.948706E+00,+1.000000E-05,+9.910000E+37,+9.229111E+02,+3.584400E+04,+1.000259E+01,+1.000000E-05,+9.910000E+37,+9.229775E+02,+3.584400E+04,-9.692162E-03,+0.000000E+00,+9.910000E+37,+9.230439E+02,+3.584400E+04
10:28:43,0e0,+1.190317E+01,+1.116000E-05,+9.910000E+37,+9.232676E+02,+3.584400E+04,+1.283452E+01,+1.116000E-05,+9.910000E+37,+9.233350E+02,+3.584400E+04,+1.291495E+01,+1.116000E-05,+9.910000E+37,+9.234023E+02,+3.584400E+04,-1.014751E-02,+0.000000E+00,+9.910000E+37,+9.234687E+02,+3.584400E+04
10:28:43,0e0,+1.519065E+01,+1.245000E-05,+9.910000E+37,+9.236797E+02,+3.584400E+04,+1.645183E+01,+1.245000E-05,+9.910000E+37,+9.237461E+02,+3.584400E+04,+1.656190E+01,+1.245000E-05,+9.910000E+37,+9.238125E+02,+3.584400E+04,-1.151349E-02,+0.000000E+00,+9.910000E+37,+9.238789E+02,+3.584400E+04
10:28:43,0e0,+1.927769E+01,+1.389500E-05,+9.910000E+37,+9.240928E+02,+3.584400E+04,+2.095237E+01,+1.389500E-05,+9.910000E+37,+9.241602E+02,+3.584400E+04,+2.109579E+01,+1.389500E-05,+9.910000E+37,+9.242275E+02,+3.584400E+04,-9.237111E-03,+0.000000E+00,+9.910000E+37,+9.242930E+02,+3.584400E+04
10:28:43,0e0,+2.425896E+01,+1.550500E-05,+9.910000E+37,+9.245098E+02,+3.584400E+04,+2.644718E+01,+1.550500E-05,+9.910000E+37,+9.245762E+02,+3.584400E+04,+2.663318E+01,+1.550500E-05,+9.910000E+37,+9.246426E+02,+3.584400E+04,-9.737924E-03,+0.000000E+00,+9.910000E+37,+9.247100E+02,+3.584400E+04
10:28:43,0e0,+3.028058E+01,+1.730000E-05,+9.910000E+37,+9.249229E+02,+3.584400E+04,+3.308622E+01,+1.730000E-05,+9.910000E+37,+9.249902E+02,+3.584400E+04,+3.331540E+01,+1.730000E-05,+9.910000E+37,+9.250557E+02,+3.584400E+04,-1.073965E-02,+0.000000E+00,+9.910000E+37,+9.251230E+02,+3.584400E+04
10:28:43,0e0,+3.746682E+01,+1.930500E-05,+9.910000E+37,+9.253379E+02,+3.584400E+04,+4.099727E+01,+1.930500E-05,+9.910000E+37,+9.254043E+02,+3.584400E+04,+4.127565E+01,+1.930500E-05,+9.910000E+37,+9.254707E+02,+3.584400E+04,-1.014768E-02,+0.000000E+00,+9.910000E+37,+9.255391E+02,+3.584400E+04
10:28:43,0e0,+4.590063E+01,+2.154500E-05,+9.910000E+37,+9.257578E+02,+3.584400E+04,+5.023168E+01,+2.154500E-05,+9.910000E+37,+9.258242E+02,+3.584400E+04,+5.056065E+01,+2.154500E-05,+9.910000E+37,+9.258896E+02,+3.584400E+04,-1.124097E-02,+0.000000E+00,+9.910000E+37,+9.259600E+02,+3.584400E+04
10:28:43,0e0,+5.555605E+01,+2.404000E-05,+9.910000E+37,+9.261729E+02,+3.584400E+04,+6.072767E+01,+2.404000E-05,+9.910000E+37,+9.262383E+02,+3.584400E+04,+6.111633E+01,+2.404000E-05,+9.910000E+37,+9.263047E+02,+3.584400E+04,-1.124035E-02,+0.000000E+00,+9.910000E+37,+9.263721E+02,+3.584400E+04
10:28:43,0e0,+6.642726E+01,+2.682500E-05,+9.910000E+37,+9.265869E+02,+3.584400E+04,+7.246220E+01,+2.682500E-05,+9.910000E+37,+9.266533E+02,+3.584400E+04,+7.287507E+01,+2.682500E-05,+9.910000E+37,+9.267188E+02,+3.584400E+04,-1.060304E-02,+0.000000E+00,+9.910000E+37,+9.267852E+02,+3.584400E+04
10:28:43,0e0,+7.855097E+01,+2.993500E-05,+9.910000E+37,+9.269990E+02,+3.584400E+04,+8.539491E+01,+2.993500E-05,+9.910000E+37,+9.270654E+02,+3.584400E+04,+8.582948E+01,+2.993500E-05,+9.910000E+37,+9.271328E+02,+3.584400E+04,-1.114935E-02,+0.000000E+00,+9.910000E+37,+9.271992E+02,+3.584400E+04
10:28:43,0e0,+9.187093E+01,+3.340500E-05,+9.910000E+37,+9.274141E+02,+3.584400E+04,+9.952571E+01,+3.340500E-05,+9.910000E+37,+9.274795E+02,+3.584400E+04,+9.995806E+01,+3.340500E-05,+9.910000E+37,+9.275459E+02,+3.584400E+04,-1.005681E-02,+0.000000E+00,+9.910000E+37,+9.276123E+02,+3.584400E+04
10:28:43,0e0,+1.066047E+02,+3.727500E-05,+9.910000E+37,+9.278262E+02,+3.584400E+04,+1.150963E+02,+3.727500E-05,+9.910000E+37,+9.278955E+02,+3.584400E+04,+1.154670E+02,+3.727500E-05,+9.910000E+37,+9.279668E+02,+3.584400E+04,-1.119512E-02,+0.000000E+00,+9.910000E+37,+9.280381E+02,+3.584400E+04
10:28:43,0e0,+1.229809E+02,+4.159500E-05,+9.910000E+37,+9.282559E+02,+3.584400E+04,+1.319392E+02,+4.159500E-05,+9.910000E+37,+9.283232E+02,+3.584400E+04,+1.321898E+02,+4.159500E-05,+9.910000E+37,+9.283896E+02,+3.584400E+04,-1.014787E-02,+0.000000E+00,+9.910000E+37,+9.284590E+02,+3.584400E+04
10:28:43,0e0,+1.402814E+02,+4.641500E-05,+9.910000E+37,+9.286709E+02,+3.584400E+04,+1.443641E+02,+4.641500E-05,+9.910000E+37,+9.287383E+02,+3.584400E+04,+1.441981E+02,+4.641500E-05,+9.910000E+37,+9.288047E+02,+3.584400E+04,-1.037547E-02,+0.000000E+00,+9.910000E+37,+9.288711E+02,+3.584400E+04
10:28:43,0e0,+1.519224E+02,+5.179500E-05,+9.910000E+37,+9.290850E+02,+3.584400E+04,+1.511173E+02,+5.179500E-05,+9.910000E+37,+9.291514E+02,+3.584400E+04,+1.509490E+02,+5.179500E-05,+9.910000E+37,+9.292178E+02,+3.584400E+04,-1.001121E-02,+0.000000E+00,+9.910000E+37,+9.292852E+02,+3.584400E+04
10:28:43,0e0,+1.586729E+02,+5.779500E-05,+9.910000E+37,+9.295029E+02,+3.584400E+04,+1.571441E+02,+5.779500E-05,+9.910000E+37,+9.295703E+02,+3.584400E+04,+1.570084E+02,+5.779500E-05,+9.910000E+37,+9.296367E+02,+3.584400E+04,-9.874701E-03,+0.000000E+00,+9.910000E+37,+9.297021E+02,+3.584400E+04
10:28:43,0e0,+1.647763E+02,+6.449500E-05,+9.910000E+37,+9.299160E+02,+3.584400E+04,+1.632913E+02,+6.449500E-05,+9.910000E+37,+9.299824E+02,+3.584400E+04,+1.631818E+02,+6.449500E-05,+9.910000E+37,+9.300488E+02,+3.584400E+04,-1.014793E-02,+0.000000E+00,+9.910000E+37,+9.301152E+02,+3.584400E+04
10:28:43,0e0,+1.711304E+02,+7.197000E-05,+9.910000E+37,+9.303291E+02,+3.584400E+04,+1.697761E+02,+7.197000E-05,+9.910000E+37,+9.303955E+02,+3.584400E+04,+1.696821E+02,+7.197000E-05,+9.910000E+37,+9.304619E+02,+3.584400E+04,-1.078540E-02,+0.000000E+00,+9.910000E+37,+9.305283E+02,+3.584400E+04
10:28:43,0e0,+1.779292E+02,+8.031000E-05,+9.910000E+37,+9.307471E+02,+3.584400E+04,+1.767218E+02,+8.031000E-05,+9.910000E+37,+9.308135E+02,+3.584400E+04,+1.766302E+02,+8.031000E-05,+9.910000E+37,+9.308789E+02,+3.584400E+04,-1.001114E-02,+0.000000E+00,+9.910000E+37,+9.309473E+02,+3.584400E+04
10:28:43,0e0,+1.852803E+02,+8.961500E-05,+9.910000E+37,+9.311650E+02,+3.584400E+04,+1.841957E+02,+8.961500E-05,+9.910000E+37,+9.312314E+02,+3.584400E+04,+1.840922E+02,+8.961500E-05,+9.910000E+37,+9.312979E+02,+3.584400E+04,-1.133168E-02,+0.000000E+00,+9.910000E+37,+9.313682E+02,+3.584400E+04
10:28:43,0e0,+1.932587E+02,+1.000000E-04,+9.910000E+37,+9.315869E+02,+3.584400E+04,+1.922296E+02,+1.000000E-04,+9.910000E+37,+9.316533E+02,+3.584400E+04,+1.920943E+02,+1.000000E-04,+9.910000E+37,+9.317207E+02,+3.584400E+04,-9.965822E-03,+0.000000E+00,+9.910000E+37,+9.317920E+02,+3.584400E+04
10:28:43,0e0,+2.018398E+02,+1.116000E-04,+9.910000E+37,+9.320117E+02,+3.584400E+04,+2.008280E+02,+1.116000E-04,+9.910000E+37,+9.320781E+02,+3.584400E+04,+2.006340E+02,+1.116000E-04,+9.910000E+37,+9.321455E+02,+3.584400E+04,-1.356225E-02,+0.000000E+00,+9.910000E+37,+9.322119E+02,+3.584400E+04
10:28:43,0e0,+2.111089E+02,+1.245000E-04,+9.910000E+37,+9.324346E+02,+3.584400E+04,+2.100222E+02,+1.245000E-04,+9.910000E+37,+9.325020E+02,+3.584400E+04,+2.097645E+02,+1.245000E-04,+9.910000E+37,+9.325674E+02,+3.584400E+04,-1.287973E-02,+0.000000E+00,+9.910000E+37,+9.326338E+02,+3.584400E+04
10:28:43,0e0,+2.210952E+02,+1.389500E-04,+9.910000E+37,+9.328604E+02,+3.584400E+04,+2.198699E+02,+1.389500E-04,+9.910000E+37,+9.329268E+02,+3.584400E+04,+2.195073E+02,+1.389500E-04,+9.910000E+37,+9.329941E+02,+3.584400E+04,-1.333518E-02,+0.000000E+00,+9.910000E+37,+9.330605E+02,+3.584400E+04
10:28:43,0e0,+2.314464E+02,+1.550500E-04,+9.910000E+37,+9.332832E+02,+3.584400E+04,+2.297898E+02,+1.550500E-04,+9.910000E+37,+9.333506E+02,+3.584400E+04,+2.293083E+02,+1.550500E-04,+9.910000E+37,+9.334160E+02,+3.584400E+04,-1.369935E-02,+0.000000E+00,+9.910000E+37,+9.334824E+02,+3.584400E+04
10:28:43,0e0,+2.428142E+02,+1.730000E-04,+9.910000E+37,+9.337041E+02,+3.584400E+04,+2.411360E+02,+1.730000E-04,+9.910000E+37,+9.337715E+02,+3.584400E+04,+2.404647E+02,+1.730000E-04,+9.910000E+37,+9.338369E+02,+3.584400E+04,-1.278879E-02,+0.000000E+00,+9.910000E+37,+9.339043E+02,+3.584400E+04
10:28:43,0e0,+2.536284E+02,+1.930500E-04,+9.910000E+37,+9.341230E+02,+3.584400E+04,+2.516561E+02,+1.930500E-04,+9.910000E+37,+9.341895E+02,+3.584400E+04,+2.507862E+02,+1.930500E-04,+9.910000E+37,+9.342559E+02,+3.584400E+04,-1.315251E-02,+0.000000E+00,+9.910000E+37,+9.343223E+02,+3.584400E+04
10:28:43,0e0,+2.667942E+02,+2.154500E-04,+9.910000E+37,+9.345518E+02,+3.584400E+04,+2.644137E+02,+2.154500E-04,+9.910000E+37,+9.346182E+02,+3.584400E+04,+2.621266E+02,+2.154500E-04,+9.910000E+37,+9.346836E+02,+3.584400E+04,-1.278864E-02,+0.000000E+00,+9.910000E+37,+9.347500E+02,+3.584400E+04
10:28:43,0e0,+2.777065E+02,+2.404000E-04,+9.910000E+37,+9.349736E+02,+3.584400E+04,+2.749148E+02,+2.404000E-04,+9.910000E+37,+9.350410E+02,+3.584400E+04,+2.735421E+02,+2.404000E-04,+9.910000E+37,+9.351084E+02,+3.584400E+04,-1.301622E-02,+0.000000E+00,+9.910000E+37,+9.351758E+02,+3.584400E+04
10:28:43,0e0,+2.923935E+02,+2.682500E-04,+9.910000E+37,+9.353955E+02,+3.584400E+04,+2.869391E+02,+2.682500E-04,+9.910000E+37,+9.354619E+02,+3.584400E+04,+2.851759E+02,+2.682500E-04,+9.910000E+37,+9.355293E+02,+3.584400E+04,-1.265213E-02,+0.000000E+00,+9.910000E+37,+9.355967E+02,+3.584400E+04
10:28:43,0e0,+3.025777E+02,+2.993500E-04,+9.910000E+37,+9.358164E+02,+3.584400E+04,+2.988325E+02,+2.993500E-04,+9.910000E+37,+9.358838E+02,+3.584400E+04,+2.968475E+02,+2.993500E-04,+9.910000E+37,+9.359512E+02,+3.584400E+04,-1.251547E-02,+0.000000E+00,+9.910000E+37,+9.360166E+02,+3.584400E+04
10:28:43,0e0,+3.187367E+02,+3.340500E-04,+9.910000E+37,+9.362422E+02,+3.584400E+04,+3.137853E+02,+3.340500E-04,+9.910000E+37,+9.363096E+02,+3.584400E+04,+3.109359E+02,+3.340500E-04,+9.910000E+37,+9.363750E+02,+3.584400E+04,-1.237902E-02,+0.000000E+00,+9.910000E+37,+9.364414E+02,+3.584400E+04
10:28:43,0e0,+3.262155E+02,+3.727500E-04,+9.910000E+37,+9.366631E+02,+3.584400E+04,+3.207778E+02,+3.727500E-04,+9.910000E+37,+9.367295E+02,+3.584400E+04,+3.161069E+02,+3.727500E-04,+9.910000E+37,+9.367949E+02,+3.584400E+04,-1.242451E-02,+0.000000E+00,+9.910000E+37,+9.368613E+02,+3.584400E+04
10:28:43,0e0,+3.393484E+02,+4.159500E-04,+9.910000E+37,+9.370869E+02,+3.584400E+04,+3.282840E+02,+4.159500E-04,+9.910000E+37,+9.371543E+02,+3.584400E+04,+3.252904E+02,+4.159500E-04,+9.910000E+37,+9.372197E+02,+3.584400E+04,-1.196927E-02,+0.000000E+00,+9.910000E+37,+9.372861E+02,+3.584400E+04
10:28:43,0e0,+3.409604E+02,+4.641500E-04,+9.910000E+37,+9.375078E+02,+3.584400E+04,+3.348452E+02,+4.641500E-04,+9.910000E+37,+9.375732E+02,+3.584400E+04,+3.321564E+02,+4.641500E-04,+9.910000E+37,+9.376396E+02,+3.584400E+04,-1.142278E-02,+0.000000E+00,+9.910000E+37,+9.377061E+02,+3.584400E+04
10:28:43,0e0,+3.653263E+02,+5.179500E-04,+9.910000E+37,+9.379268E+02,+3.584400E+04,+3.410343E+02,+5.179500E-04,+9.910000E+37,+9.379932E+02,+3.584400E+04,+3.389106E+02,+5.179500E-04,+9.910000E+37,+9.380605E+02,+3.584400E+04,-1.128630E-02,+0.000000E+00,+9.910000E+37,+9.381260E+02,+3.584400E+04
10:28:43,0e0,+3.546593E+02,+5.779500E-04,+9.910000E+37,+9.383467E+02,+3.584400E+04,+3.495937E+02,+5.779500E-04,+9.910000E+37,+9.384121E+02,+3.584400E+04,+3.454495E+02,+5.779500E-04,+9.910000E+37,+9.384785E+02,+3.584400E+04,-1.096727E-02,+0.000000E+00,+9.910000E+37,+9.385449E+02,+3.584400E+04
10:28:43,0e0,+3.609402E+02,+6.449500E-04,+9.910000E+37,+9.387676E+02,+3.584400E+04,+3.550963E+02,+6.449500E-04,+9.910000E+37,+9.388330E+02,+3.584400E+04,+3.509794E+02,+6.449500E-04,+9.910000E+37,+9.388994E+02,+3.584400E+04,-1.083094E-02,+0.000000E+00,+9.910000E+37,+9.389658E+02,+3.584400E+04
10:28:43,0e0,+3.671494E+02,+7.197000E-04,+9.910000E+37,+9.391855E+02,+3.584400E+04,+3.603182E+02,+7.197000E-04,+9.910000E+37,+9.392520E+02,+3.584400E+04,+3.558095E+02,+7.197000E-04,+9.910000E+37,+9.393193E+02,+3.584400E+04,-1.160508E-02,+0.000000E+00,+9.910000E+37,+9.393848E+02,+3.584400E+04
10:28:43,0e0,+3.728497E+02,+8.031000E-04,+9.910000E+37,+9.396133E+02,+3.584400E+04,+3.650249E+02,+8.031000E-04,+9.910000E+37,+9.396807E+02,+3.584400E+04,+3.596595E+02,+8.031000E-04,+9.910000E+37,+9.397461E+02,+3.584400E+04,-1.187834E-02,+0.000000E+00,+9.910000E+37,+9.398135E+02,+3.584400E+04
10:28:43,0e0,+3.768357E+02,+8.961500E-04,+9.910000E+37,+9.400361E+02,+3.584400E+04,+3.682787E+02,+8.961500E-04,+9.910000E+37,+9.401035E+02,+3.584400E+04,+3.623012E+02,+8.961500E-04,+9.910000E+37,+9.401709E+02,+3.584400E+04,-1.060325E-02,+0.000000E+00,+9.910000E+37,+9.402363E+02,+3.584400E+04
10:28:43,0e0,+3.827187E+02,+1.000000E-03,+9.910000E+37,+9.404590E+02,+3.584400E+04,+3.704501E+02,+1.000000E-03,+9.910000E+37,+9.405264E+02,+3.584400E+04,+3.633676E+02,+1.000000E-03,+9.910000E+37,+9.405938E+02,+3.584400E+04,-1.033013E-02,+0.000000E+00,+9.910000E+37,+9.406592E+02,+3.584400E+04
10:28:43,0e0,+3.832743E+02,+1.116000E-03,+9.910000E+37,+9.408965E+02,+3.584400E+04,+3.719397E+02,+1.116000E-03,+9.910000E+37,+9.409639E+02,+3.584400E+04,+3.637188E+02,+1.116000E-03,+9.910000E+37,+9.410303E+02,+3.584400E+04,+2.389401E+00,+0.000000E+00,+9.910000E+37,+9.410957E+02,+3.584400E+04
10:28:43,0e0,+3.839701E+02,+1.245000E-03,+9.910000E+37,+9.413193E+02,+3.584400E+04,+3.715426E+02,+1.245000E-03,+9.910000E+37,+9.413848E+02,+3.584400E+04,+3.626018E+02,+1.245000E-03,+9.910000E+37,+9.414512E+02,+3.584400E+04,+4.277175E-01,+0.000000E+00,+9.910000E+37,+9.415176E+02,+3.584400E+04
10:28:43,0e0,+3.832823E+02,+1.389500E-03,+9.910000E+37,+9.417393E+02,+3.584400E+04,+3.693688E+02,+1.389500E-03,+9.910000E+37,+9.418057E+02,+3.584400E+04,+3.582865E+02,+1.389500E-03,+9.910000E+37,+9.418721E+02,+3.584400E+04,-1.811585E-02,+0.000000E+00,+9.910000E+37,+9.419395E+02,+3.584400E+04
10:28:43,0e0,+3.803591E+02,+1.550500E-03,+9.910000E+37,+9.421582E+02,+3.584400E+04,+3.654567E+02,+1.550500E-03,+9.910000E+37,+9.422246E+02,+3.584400E+04,+3.512833E+02,+1.550500E-03,+9.910000E+37,+9.422910E+02,+3.584400E+04,-1.939063E-02,+0.000000E+00,+9.910000E+37,+9.423584E+02,+3.584400E+04
10:28:43,0e0,+3.759918E+02,+1.730000E-03,+9.910000E+37,+9.425791E+02,+3.584400E+04,+3.578904E+02,+1.730000E-03,+9.910000E+37,+9.426455E+02,+3.584400E+04,+3.417968E+02,+1.730000E-03,+9.910000E+37,+9.427119E+02,+3.584400E+04,-1.706859E-02,+0.000000E+00,+9.910000E+37,+9.427783E+02,+3.584400E+04
10:28:43,0e0,+3.706186E+02,+1.930500E-03,+9.910000E+37,+9.429990E+02,+3.584400E+04,+3.482712E+02,+1.930500E-03,+9.910000E+37,+9.430664E+02,+3.584400E+04,+3.309887E+02,+1.930500E-03,+9.910000E+37,+9.431318E+02,+3.584400E+04,-1.638569E-02,+0.000000E+00,+9.910000E+37,+9.431982E+02,+3.584400E+04
10:28:43,0e0,+3.628920E+02,+2.154500E-03,+9.910000E+37,+9.434229E+02,+3.584400E+04,+3.369297E+02,+2.154500E-03,+9.910000E+37,+9.434893E+02,+3.584400E+04,+3.179877E+02,+2.154500E-03,+9.910000E+37,+9.435557E+02,+3.584400E+04,-1.634027E-02,+0.000000E+00,+9.910000E+37,+9.436230E+02,+3.584400E+04
10:28:43,0e0,+3.534835E+02,+2.404000E-03,+9.910000E+37,+9.438496E+02,+3.584400E+04,+3.240154E+02,+2.404000E-03,+9.910000E+37,+9.439170E+02,+3.584400E+04,+3.038698E+02,+2.404000E-03,+9.910000E+37,+9.439824E+02,+3.584400E+04,-1.433684E-02,+0.000000E+00,+9.910000E+37,+9.440488E+02,+3.584400E+04
10:28:43,0e0,+3.402130E+02,+2.682500E-03,+9.910000E+37,+9.442725E+02,+3.584400E+04,+3.094508E+02,+2.682500E-03,+9.910000E+37,+9.443398E+02,+3.584400E+04,+2.884597E+02,+2.682500E-03,+9.910000E+37,+9.444053E+02,+3.584400E+04,-1.397261E-02,+0.000000E+00,+9.910000E+37,+9.444727E+02,+3.584400E+04
10:28:43,0e0,+3.261632E+02,+2.993500E-03,+9.910000E+37,+9.446953E+02,+3.584400E+04,+2.940050E+02,+2.993500E-03,+9.910000E+37,+9.447617E+02,+3.584400E+04,+2.728731E+02,+2.993500E-03,+9.910000E+37,+9.448281E+02,+3.584400E+04,-1.251560E-02,+0.000000E+00,+9.910000E+37,+9.448945E+02,+3.584400E+04
10:28:43,0e0,+3.107617E+02,+3.340500E-03,+9.910000E+37,+9.451143E+02,+3.584400E+04,+2.779544E+02,+3.340500E-03,+9.910000E+37,+9.451816E+02,+3.584400E+04,+2.569910E+02,+3.340500E-03,+9.910000E+37,+9.452480E+02,+3.584400E+04,-1.237924E-02,+0.000000E+00,+9.910000E+37,+9.453135E+02,+3.584400E+04
10:28:43,0e0,+2.956756E+02,+3.727500E-03,+9.910000E+37,+9.455361E+02,+3.584400E+04,+2.622665E+02,+3.727500E-03,+9.910000E+37,+9.456035E+02,+3.584400E+04,+2.414415E+02,+3.727500E-03,+9.910000E+37,+9.456709E+02,+3.584400E+04,-1.201499E-02,+0.000000E+00,+9.910000E+37,+9.457383E+02,+3.584400E+04
10:28:43,0e0,+2.804231E+02,+4.159500E-03,+9.910000E+37,+9.459629E+02,+3.584400E+04,+2.468981E+02,+4.159500E-03,+9.910000E+37,+9.460293E+02,+3.584400E+04,+2.262757E+02,+4.159500E-03,+9.910000E+37,+9.460947E+02,+3.584400E+04,-1.187816E-02,+0.000000E+00,+9.910000E+37,+9.461611E+02,+3.584400E+04
10:28:43,0e0,+2.644648E+02,+4.641500E-03,+9.910000E+37,+9.463799E+02,+3.584400E+04,+2.310995E+02,+4.641500E-03,+9.910000E+37,+9.464463E+02,+3.584400E+04,+2.108208E+02,+4.641500E-03,+9.910000E+37,+9.465127E+02,+3.584400E+04,-1.151393E-02,+0.000000E+00,+9.910000E+37,+9.465801E+02,+3.584400E+04
10:28:43,0e0,+2.491688E+02,+5.179500E-03,+9.910000E+37,+9.468008E+02,+3.584400E+04,+2.158052E+02,+5.179500E-03,+9.910000E+37,+9.468672E+02,+3.584400E+04,+1.957645E+02,+5.179500E-03,+9.910000E+37,+9.469336E+02,+3.584400E+04,-1.219705E-02,+0.000000E+00,+9.910000E+37,+9.470020E+02,+3.584400E+04
10:28:43,0e0,+2.344240E+02,+5.779500E-03,+9.910000E+37,+9.472246E+02,+3.584400E+04,+2.010104E+02,+5.779500E-03,+9.910000E+37,+9.472910E+02,+3.584400E+04,+1.802087E+02,+5.779500E-03,+9.910000E+37,+9.473584E+02,+3.584400E+04,-1.046668E-02,+0.000000E+00,+9.910000E+37,+9.474248E+02,+3.584400E+04
10:28:43,0e0,+2.195682E+02,+6.449500E-03,+9.910000E+37,+9.476445E+02,+3.584400E+04,+1.855750E+02,+6.449500E-03,+9.910000E+37,+9.477119E+02,+3.584400E+04,+1.599462E+02,+6.449500E-03,+9.910000E+37,+9.477783E+02,+3.584400E+04,-1.087628E-02,+0.000000E+00,+9.910000E+37,+9.478447E+02,+3.584400E+04
10:28:43,0e0,+2.069874E+02,+7.197000E-03,+9.910000E+37,+9.480713E+02,+3.584400E+04,+1.685482E+02,+7.197000E-03,+9.910000E+37,+9.481387E+02,+3.584400E+04,+1.418349E+02,+7.197000E-03,+9.910000E+37,+9.482051E+02,+3.584400E+04,-1.101309E-02,+0.000000E+00,+9.910000E+37,+9.482705E+02,+3.584400E+04
10:28:43,0e0,+1.943950E+02,+8.031000E-03,+9.910000E+37,+9.484922E+02,+3.584400E+04,+1.496906E+02,+8.031000E-03,+9.910000E+37,+9.485596E+02,+3.584400E+04,+1.268452E+02,+8.031000E-03,+9.910000E+37,+9.486270E+02,+3.584400E+04,-1.101312E-02,+0.000000E+00,+9.910000E+37,+9.486934E+02,+3.584400E+04
10:28:43,0e0,+1.820469E+02,+8.961500E-03,+9.910000E+37,+9.489160E+02,+3.584400E+04,+1.345780E+02,+8.961500E-03,+9.910000E+37,+9.489824E+02,+3.584400E+04,+1.146723E+02,+8.961500E-03,+9.910000E+37,+9.490488E+02,+3.584400E+04,-1.087652E-02,+0.000000E+00,+9.910000E+37,+9.491162E+02,+3.584400E+04
