10:15:40,0e0,-3.877518E-02,+1.000000E-07,+9.910000E+37,+1.271406E+02,+3.584400E+04,-3.804640E-02,+1.000000E-07,+9.910000E+37,+1.272080E+02,+3.584400E+04,-4.009564E-02,+1.000000E-07,+9.910000E+37,+1.272734E+02,+3.584400E+04,-5.384645E-02,+0.000000E+00,+9.910000E+37,+1.273408E+02,+3.584400E+04
10:15:40,0e0,-3.563303E-02,+1.116000E-07,+9.910000E+37,+1.275654E+02,+3.584400E+04,-3.636147E-02,+1.116000E-07,+9.910000E+37,+1.276328E+02,+3.584400E+04,-3.763680E-02,+1.116000E-07,+9.910000E+37,+1.276982E+02,+3.584400E+04,-5.457519E-02,+0.000000E+00,+9.910000E+37,+1.277656E+02,+3.584400E+04
10:15:40,0e0,-3.344744E-02,+1.245000E-07,+9.910000E+37,+1.279844E+02,+3.584400E+04,-3.531468E-02,+1.245000E-07,+9.910000E+37,+1.280498E+02,+3.584400E+04,-3.458568E-02,+1.245000E-07,+9.910000E+37,+1.281172E+02,+3.584400E+04,-5.457523E-02,+0.000000E+00,+9.910000E+37,+1.281846E+02,+3.584400E+04
10:15:40,0e0,-3.103420E-02,+1.389500E-07,+9.910000E+37,+1.284043E+02,+3.584400E+04,-3.281008E-02,+1.389500E-07,+9.910000E+37,+1.284707E+02,+3.584400E+04,-3.203578E-02,+1.389500E-07,+9.910000E+37,+1.285381E+02,+3.584400E+04,-5.289030E-02,+0.000000E+00,+9.910000E+37,+1.286035E+02,+3.584400E+04
10:15:40,0e0,-2.898522E-02,+1.550500E-07,+9.910000E+37,+1.288262E+02,+3.584400E+04,-3.130773E-02,+1.550500E-07,+9.910000E+37,+1.288926E+02,+3.584400E+04,-3.135319E-02,+1.550500E-07,+9.910000E+37,+1.289590E+02,+3.584400E+04,-5.343680E-02,+0.000000E+00,+9.910000E+37,+1.290254E+02,+3.584400E+04
10:15:40,0e0,-2.871232E-02,+1.730000E-07,+9.910000E+37,+1.292451E+02,+3.584400E+04,-2.734600E-02,+1.730000E-07,+9.910000E+37,+1.293125E+02,+3.584400E+04,-2.634418E-02,+1.730000E-07,+9.910000E+37,+1.293799E+02,+3.584400E+04,-5.316342E-02,+0.000000E+00,+9.910000E+37,+1.294453E+02,+3.584400E+04
10:15:40,0e0,-2.365777E-02,+1.930500E-07,+9.910000E+37,+1.296670E+02,+3.584400E+04,-2.384004E-02,+1.930500E-07,+9.910000E+37,+1.297334E+02,+3.584400E+04,-2.424979E-02,+1.930500E-07,+9.910000E+37,+1.297998E+02,+3.584400E+04,-5.184302E-02,+0.000000E+00,+9.910000E+37,+1.298662E+02,+3.584400E+04
10:15:40,0e0,-2.033378E-02,+2.154500E-07,+9.910000E+37,+1.300869E+02,+3.584400E+04,-1.983295E-02,+2.154500E-07,+9.910000E+37,+1.301523E+02,+3.584400E+04,-1.965086E-02,+2.154500E-07,+9.910000E+37,+1.302197E+02,+3.584400E+04,-5.316338E-02,+0.000000E+00,+9.910000E+37,+1.302852E+02,+3.584400E+04
10:15:40,0e0,-1.619032E-02,+2.404000E-07,+9.910000E+37,+1.305117E+02,+3.584400E+04,-1.477878E-02,+2.404000E-07,+9.910000E+37,+1.305791E+02,+3.584400E+04,-1.650906E-02,+2.404000E-07,+9.910000E+37,+1.306455E+02,+3.584400E+04,-5.307268E-02,+0.000000E+00,+9.910000E+37,+1.307119E+02,+3.584400E+04
10:15:40,0e0,-1.313999E-02,+2.682500E-07,+9.910000E+37,+1.309326E+02,+3.584400E+04,-1.200122E-02,+2.682500E-07,+9.910000E+37,+1.309990E+02,+3.584400E+04,-1.068078E-02,+2.682500E-07,+9.910000E+37,+1.310654E+02,+3.584400E+04,-5.311798E-02,+0.000000E+00,+9.910000E+37,+1.311328E+02,+3.584400E+04
10:15:40,0e0,-8.404106E-03,+2.993500E-07,+9.910000E+37,+1.313584E+02,+3.584400E+04,-7.311344E-03,+2.993500E-07,+9.910000E+37,+1.314258E+02,+3.584400E+04,-6.491721E-03,+2.993500E-07,+9.910000E+37,+1.314912E+02,+3.584400E+04,-5.348217E-02,+0.000000E+00,+9.910000E+37,+1.315576E+02,+3.584400E+04
10:15:40,0e0,-7.086545E-04,+3.340500E-07,+9.910000E+37,+1.317803E+02,+3.584400E+04,-1.756400E-03,+3.340500E-07,+9.910000E+37,+1.318477E+02,+3.584400E+04,-1.619384E-03,+3.340500E-07,+9.910000E+37,+1.319131E+02,+3.584400E+04,-5.147877E-02,+0.000000E+00,+9.910000E+37,+1.319805E+02,+3.584400E+04
10:15:40,0e0,+5.392358E-03,+3.727500E-07,+9.910000E+37,+1.322061E+02,+3.584400E+04,+5.210444E-03,+3.727500E-07,+9.910000E+37,+1.322734E+02,+3.584400E+04,+5.255774E-03,+3.727500E-07,+9.910000E+37,+1.323408E+02,+3.584400E+04,-5.243491E-02,+0.000000E+00,+9.910000E+37,+1.324062E+02,+3.584400E+04
10:15:40,0e0,+1.176725E-02,+4.159500E-07,+9.910000E+37,+1.326328E+02,+3.584400E+04,+1.213120E-02,+4.159500E-07,+9.910000E+37,+1.326992E+02,+3.584400E+04,+1.190332E-02,+4.159500E-07,+9.910000E+37,+1.327656E+02,+3.584400E+04,-5.270824E-02,+0.000000E+00,+9.910000E+37,+1.328320E+02,+3.584400E+04
10:15:40,0e0,+2.069178E-02,+4.641500E-07,+9.910000E+37,+1.330547E+02,+3.584400E+04,+1.896071E-02,+4.641500E-07,+9.910000E+37,+1.331211E+02,+3.584400E+04,+2.050951E-02,+4.641500E-07,+9.910000E+37,+1.331885E+02,+3.584400E+04,-5.234390E-02,+0.000000E+00,+9.910000E+37,+1.332539E+02,+3.584400E+04
10:15:40,0e0,+2.852300E-02,+5.179500E-07,+9.910000E+37,+1.334736E+02,+3.584400E+04,+2.943403E-02,+5.179500E-07,+9.910000E+37,+1.335391E+02,+3.584400E+04,+2.897859E-02,+5.179500E-07,+9.910000E+37,+1.336055E+02,+3.584400E+04,-5.115993E-02,+0.000000E+00,+9.910000E+37,+1.336729E+02,+3.584400E+04
10:15:40,0e0,+4.008934E-02,+5.779500E-07,+9.910000E+37,+1.338916E+02,+3.584400E+04,+3.936028E-02,+5.779500E-07,+9.910000E+37,+1.339590E+02,+3.584400E+04,+4.077193E-02,+5.779500E-07,+9.910000E+37,+1.340264E+02,+3.584400E+04,-5.384690E-02,+0.000000E+00,+9.910000E+37,+1.340937E+02,+3.584400E+04
10:15:40,0e0,+5.151728E-02,+6.449500E-07,+9.910000E+37,+1.343145E+02,+3.584400E+04,+5.069777E-02,+6.449500E-07,+9.910000E+37,+1.343818E+02,+3.584400E+04,+5.047038E-02,+6.449500E-07,+9.910000E+37,+1.344492E+02,+3.584400E+04,-5.225283E-02,+0.000000E+00,+9.910000E+37,+1.345146E+02,+3.584400E+04
10:15:40,0e0,+6.331024E-02,+7.197000E-07,+9.910000E+37,+1.347393E+02,+3.584400E+04,+6.449470E-02,+7.197000E-07,+9.910000E+37,+1.348066E+02,+3.584400E+04,+6.385693E-02,+7.197000E-07,+9.910000E+37,+1.348740E+02,+3.584400E+04,-5.197956E-02,+0.000000E+00,+9.910000E+37,+1.349395E+02,+3.584400E+04
10:15:40,0e0,+7.792696E-02,+8.031000E-07,+9.910000E+37,+1.351602E+02,+3.584400E+04,+7.838222E-02,+8.031000E-07,+9.910000E+37,+1.352275E+02,+3.584400E+04,+7.920194E-02,+8.031000E-07,+9.910000E+37,+1.352930E+02,+3.584400E+04,-5.147876E-02,+0.000000E+00,+9.910000E+37,+1.353604E+02,+3.584400E+04
10:15:40,0e0,+9.532076E-02,+8.961500E-07,+9.910000E+37,+1.355820E+02,+3.584400E+04,+9.559417E-02,+8.961500E-07,+9.910000E+37,+1.356494E+02,+3.584400E+04,+9.359002E-02,+8.961500E-07,+9.910000E+37,+1.357148E+02,+3.584400E+04,-5.166095E-02,+0.000000E+00,+9.910000E+37,+1.357822E+02,+3.584400E+04
10:15:40,0e0,+1.148090E-01,+1.000000E-06,+9.910000E+37,+1.359990E+02,+3.584400E+04,+1.124864E-01,+1.000000E-06,+9.910000E+37,+1.360645E+02,+3.584400E+04,+1.130330E-01,+1.000000E-06,+9.910000E+37,+1.361309E+02,+3.584400E+04,-5.143312E-02,+0.000000E+00,+9.910000E+37,+1.361973E+02,+3.584400E+04
10:15:40,0e0,+1.245079E-01,+1.116000E-06,+9.910000E+37,+1.364219E+02,+3.584400E+04,+1.236424E-01,+1.116000E-06,+9.910000E+37,+1.364873E+02,+3.584400E+04,+1.238703E-01,+1.116000E-06,+9.910000E+37,+1.365547E+02,+3.584400E+04,-5.147876E-02,+0.000000E+00,+9.910000E+37,+1.366211E+02,+3.584400E+04
10:15:40,0e0,+1.464550E-01,+1.245000E-06,+9.910000E+37,+1.368428E+02,+3.584400E+04,+1.473197E-01,+1.245000E-06,+9.910000E+37,+1.369102E+02,+3.584400E+04,+1.469556E-01,+1.245000E-06,+9.910000E+37,+1.369775E+02,+3.584400E+04,-5.116005E-02,+0.000000E+00,+9.910000E+37,+1.370430E+02,+3.584400E+04
10:15:40,0e0,+1.724994E-01,+1.389500E-06,+9.910000E+37,+1.372637E+02,+3.584400E+04,+1.726819E-01,+1.389500E-06,+9.910000E+37,+1.373311E+02,+3.584400E+04,+1.729096E-01,+1.389500E-06,+9.910000E+37,+1.373965E+02,+3.584400E+04,-5.220754E-02,+0.000000E+00,+9.910000E+37,+1.374629E+02,+3.584400E+04
10:15:40,0e0,+2.016869E-01,+1.550500E-06,+9.910000E+37,+1.376855E+02,+3.584400E+04,+2.016405E-01,+1.550500E-06,+9.910000E+37,+1.377510E+02,+3.584400E+04,+2.030076E-01,+1.550500E-06,+9.910000E+37,+1.378174E+02,+3.584400E+04,-5.266298E-02,+0.000000E+00,+9.910000E+37,+1.378838E+02,+3.584400E+04
10:15:40,0e0,+2.365198E-01,+1.730000E-06,+9.910000E+37,+1.381074E+02,+3.584400E+04,+2.361098E-01,+1.730000E-06,+9.910000E+37,+1.381738E+02,+3.584400E+04,+2.371118E-01,+1.730000E-06,+9.910000E+37,+1.382412E+02,+3.584400E+04,-5.179776E-02,+0.000000E+00,+9.910000E+37,+1.383066E+02,+3.584400E+04
10:15:40,0e0,+2.750410E-01,+1.930500E-06,+9.910000E+37,+1.385273E+02,+3.584400E+04,+2.751319E-01,+1.930500E-06,+9.910000E+37,+1.385938E+02,+3.584400E+04,+2.732643E-01,+1.930500E-06,+9.910000E+37,+1.386592E+02,+3.584400E+04,-5.084115E-02,+0.000000E+00,+9.910000E+37,+1.387256E+02,+3.584400E+04
10:15:40,0e0,+3.196183E-01,+2.154500E-06,+9.910000E+37,+1.389453E+02,+3.584400E+04,+3.176138E-01,+2.154500E-06,+9.910000E+37,+1.390127E+02,+3.584400E+04,+3.184338E-01,+2.154500E-06,+9.910000E+37,+1.390781E+02,+3.584400E+04,-5.061378E-02,+0.000000E+00,+9.910000E+37,+1.391455E+02,+3.584400E+04
10:15:40,0e0,+3.705700E-01,+2.404000E-06,+9.910000E+37,+1.393691E+02,+3.584400E+04,+3.702521E-01,+2.404000E-06,+9.910000E+37,+1.394346E+02,+3.584400E+04,+3.705251E-01,+2.404000E-06,+9.910000E+37,+1.395020E+02,+3.584400E+04,-5.156991E-02,+0.000000E+00,+9.910000E+37,+1.395674E+02,+3.584400E+04
10:15:40,0e0,+4.306285E-01,+2.682500E-06,+9.910000E+37,+1.397881E+02,+3.584400E+04,+4.288982E-01,+2.682500E-06,+9.910000E+37,+1.398555E+02,+3.584400E+04,+4.294902E-01,+2.682500E-06,+9.910000E+37,+1.399209E+02,+3.584400E+04,-5.134235E-02,+0.000000E+00,+9.910000E+37,+1.399883E+02,+3.584400E+04
10:15:40,0e0,+4.988375E-01,+2.993500E-06,+9.910000E+37,+1.402100E+02,+3.584400E+04,+4.995205E-01,+2.993500E-06,+9.910000E+37,+1.402764E+02,+3.584400E+04,+4.978356E-01,+2.993500E-06,+9.910000E+37,+1.403428E+02,+3.584400E+04,-4.983950E-02,+0.000000E+00,+9.910000E+37,+1.404102E+02,+3.584400E+04
10:15:40,0e0,+5.812532E-01,+3.340500E-06,+9.910000E+37,+1.406318E+02,+3.584400E+04,+5.808883E-01,+3.340500E-06,+9.910000E+37,+1.406982E+02,+3.584400E+04,+5.810705E-01,+3.340500E-06,+9.910000E+37,+1.407656E+02,+3.584400E+04,-5.152445E-02,+0.000000E+00,+9.910000E+37,+1.408320E+02,+3.584400E+04
10:15:40,0e0,+6.810173E-01,+3.727500E-06,+9.910000E+37,+1.410527E+02,+3.584400E+04,+6.809258E-01,+3.727500E-06,+9.910000E+37,+1.411191E+02,+3.584400E+04,+6.816547E-01,+3.727500E-06,+9.910000E+37,+1.411865E+02,+3.584400E+04,-5.084124E-02,+0.000000E+00,+9.910000E+37,+1.412529E+02,+3.584400E+04
10:15:40,0e0,+8.004044E-01,+4.159500E-06,+9.910000E+37,+1.414736E+02,+3.584400E+04,+8.000395E-01,+4.159500E-06,+9.910000E+37,+1.415410E+02,+3.584400E+04,+8.009062E-01,+4.159500E-06,+9.910000E+37,+1.416074E+02,+3.584400E+04,-5.111454E-02,+0.000000E+00,+9.910000E+37,+1.416748E+02,+3.584400E+04
10:15:40,0e0,+9.497515E-01,+4.641500E-06,+9.910000E+37,+1.418965E+02,+3.584400E+04,+9.522589E-01,+4.641500E-06,+9.910000E+37,+1.419619E+02,+3.584400E+04,+9.521669E-01,+4.641500E-06,+9.910000E+37,+1.420283E+02,+3.584400E+04,-5.079576E-02,+0.000000E+00,+9.910000E+37,+1.420947E+02,+3.584400E+04
10:15:40,0e0,+1.148004E+00,+5.179500E-06,+9.910000E+37,+1.423154E+02,+3.584400E+04,+1.151240E+00,+5.179500E-06,+9.910000E+37,+1.423828E+02,+3.584400E+04,+1.151739E+00,+5.179500E-06,+9.910000E+37,+1.424492E+02,+3.584400E+04,-5.070482E-02,+0.000000E+00,+9.910000E+37,+1.425166E+02,+3.584400E+04
10:15:40,0e0,+1.412278E+00,+5.779500E-06,+9.910000E+37,+1.427598E+02,+3.584400E+04,+1.419204E+00,+5.779500E-06,+9.910000E+37,+1.428271E+02,+3.584400E+04,+1.419293E+00,+5.779500E-06,+9.910000E+37,+1.428926E+02,+3.584400E+04,-4.952067E-02,+0.000000E+00,+9.910000E+37,+1.429590E+02,+3.584400E+04
10:15:40,0e0,+1.779370E+00,+6.449500E-06,+9.910000E+37,+1.431797E+02,+3.584400E+04,+1.795539E+00,+6.449500E-06,+9.910000E+37,+1.432451E+02,+3.584400E+04,+1.796585E+00,+6.449500E-06,+9.910000E+37,+1.433125E+02,+3.584400E+04,-4.911081E-02,+0.000000E+00,+9.910000E+37,+1.433779E+02,+3.584400E+04
10:15:40,0e0,+2.287842E+00,+7.197000E-06,+9.910000E+37,+1.435986E+02,+3.584400E+04,+2.324771E+00,+7.197000E-06,+9.910000E+37,+1.436660E+02,+3.584400E+04,+2.326086E+00,+7.197000E-06,+9.910000E+37,+1.437314E+02,+3.584400E+04,-5.216230E-02,+0.000000E+00,+9.910000E+37,+1.437979E+02,+3.584400E+04
10:15:40,0e0,+2.965102E+00,+8.031000E-06,+9.910000E+37,+1.440195E+02,+3.584400E+04,+3.034997E+00,+8.031000E-06,+9.910000E+37,+1.440859E+02,+3.584400E+04,+3.042016E+00,+8.031000E-06,+9.910000E+37,+1.441523E+02,+3.584400E+04,-5.015829E-02,+0.000000E+00,+9.910000E+37,+1.442187E+02,+3.584400E+04
10:15:40,0e0,+3.845264E+00,+8.961500E-06,+9.910000E+37,+1.444424E+02,+3.584400E+04,+3.965561E+00,+8.961500E-06,+9.910000E+37,+1.445098E+02,+3.584400E+04,+3.975947E+00,+8.961500E-06,+9.910000E+37,+1.445752E+02,+3.584400E+04,-5.029501E-02,+0.000000E+00,+9.910000E+37,+1.446416E+02,+3.584400E+04
10:15:40,0e0,+4.975584E+00,+1.000000E-05,+9.910000E+37,+1.448584E+02,+3.584400E+04,+5.164916E+00,+1.000000E-05,+9.910000E+37,+1.449238E+02,+3.584400E+04,+5.181174E+00,+1.000000E-05,+9.910000E+37,+1.449902E+02,+3.584400E+04,-5.038612E-02,+0.000000E+00,+9.910000E+37,+1.450596E+02,+3.584400E+04
10:15:40,0e0,+6.309709E+00,+1.116000E-05,+9.910000E+37,+1.452793E+02,+3.584400E+04,+6.676581E+00,+1.116000E-05,+9.910000E+37,+1.453447E+02,+3.584400E+04,+6.704715E+00,+1.116000E-05,+9.910000E+37,+1.454121E+02,+3.584400E+04,-5.257182E-02,+0.000000E+00,+9.910000E+37,+1.454824E+02,+3.584400E+04
10:15:40,0e0,+8.073319E+00,+1.245000E-05,+9.910000E+37,+1.457012E+02,+3.584400E+04,+8.596996E+00,+1.245000E-05,+9.910000E+37,+1.457686E+02,+3.584400E+04,+8.636917E+00,+1.245000E-05,+9.910000E+37,+1.458340E+02,+3.584400E+04,-5.216220E-02,+0.000000E+00,+9.910000E+37,+1.459062E+02,+3.584400E+04
10:15:40,0e0,+1.028654E+01,+1.389500E-05,+9.910000E+37,+1.461172E+02,+3.584400E+04,+1.101326E+01,+1.389500E-05,+9.910000E+37,+1.461826E+02,+3.584400E+04,+1.106918E+01,+1.389500E-05,+9.910000E+37,+1.462500E+02,+3.584400E+04,-5.043170E-02,+0.000000E+00,+9.910000E+37,+1.463154E+02,+3.584400E+04
10:15:40,0e0,+1.301710E+01,+1.550500E-05,+9.910000E+37,+1.465313E+02,+3.584400E+04,+1.399761E+01,+1.550500E-05,+9.910000E+37,+1.465986E+02,+3.584400E+04,+1.407289E+01,+1.550500E-05,+9.910000E+37,+1.466641E+02,+3.584400E+04,-5.070490E-02,+0.000000E+00,+9.910000E+37,+1.467314E+02,+3.584400E+04
10:15:40,0e0,+1.634837E+01,+1.730000E-05,+9.910000E+37,+1.469473E+02,+3.584400E+04,+1.763668E+01,+1.730000E-05,+9.910000E+37,+1.470127E+02,+3.584400E+04,+1.773500E+01,+1.730000E-05,+9.910000E+37,+1.470801E+02,+3.584400E+04,-5.043164E-02,+0.000000E+00,+9.910000E+37,+1.471455E+02,+3.584400E+04
10:15:40,0e0,+2.036584E+01,+1.930500E-05,+9.910000E+37,+1.473594E+02,+3.584400E+04,+2.201642E+01,+1.930500E-05,+9.910000E+37,+1.474258E+02,+3.584400E+04,+2.214200E+01,+1.930500E-05,+9.910000E+37,+1.474932E+02,+3.584400E+04,-4.965734E-02,+0.000000E+00,+9.910000E+37,+1.475586E+02,+3.584400E+04
10:15:40,0e0,+2.513049E+01,+2.154500E-05,+9.910000E+37,+1.477754E+02,+3.584400E+04,+2.717958E+01,+2.154500E-05,+9.910000E+37,+1.478428E+02,+3.584400E+04,+2.733721E+01,+2.154500E-05,+9.910000E+37,+1.479082E+02,+3.584400E+04,-5.015866E-02,+0.000000E+00,+9.910000E+37,+1.479746E+02,+3.584400E+04
10:15:40,0e0,+3.064348E+01,+2.404000E-05,+9.910000E+37,+1.481846E+02,+3.584400E+04,+3.310063E+01,+2.404000E-05,+9.910000E+37,+1.482520E+02,+3.584400E+04,+3.329270E+01,+2.404000E-05,+9.910000E+37,+1.483193E+02,+3.584400E+04,-4.965764E-02,+0.000000E+00,+9.910000E+37,+1.483848E+02,+3.584400E+04
10:15:40,0e0,+3.688527E+01,+2.682500E-05,+9.910000E+37,+1.486006E+02,+3.584400E+04,+3.973005E+01,+2.682500E-05,+9.910000E+37,+1.486680E+02,+3.584400E+04,+3.995806E+01,+2.682500E-05,+9.910000E+37,+1.487354E+02,+3.584400E+04,-5.006738E-02,+0.000000E+00,+9.910000E+37,+1.488008E+02,+3.584400E+04
10:15:40,0e0,+4.377581E+01,+2.993500E-05,+9.910000E+37,+1.490137E+02,+3.584400E+04,+4.695816E+01,+2.993500E-05,+9.910000E+37,+1.490801E+02,+3.584400E+04,+4.722344E+01,+2.993500E-05,+9.910000E+37,+1.491475E+02,+3.584400E+04,-4.892910E-02,+0.000000E+00,+9.910000E+37,+1.492129E+02,+3.584400E+04
10:15:40,0e0,+5.122207E+01,+3.340500E-05,+9.910000E+37,+1.494297E+02,+3.584400E+04,+5.465270E+01,+3.340500E-05,+9.910000E+37,+1.494951E+02,+3.584400E+04,+5.495620E+01,+3.340500E-05,+9.910000E+37,+1.495625E+02,+3.584400E+04,-4.879253E-02,+0.000000E+00,+9.910000E+37,+1.496279E+02,+3.584400E+04
10:15:40,0e0,+5.911812E+01,+3.727500E-05,+9.910000E+37,+1.498447E+02,+3.584400E+04,+6.274836E+01,+3.727500E-05,+9.910000E+37,+1.499121E+02,+3.584400E+04,+6.308970E+01,+3.727500E-05,+9.910000E+37,+1.499795E+02,+3.584400E+04,-4.961230E-02,+0.000000E+00,+9.910000E+37,+1.500459E+02,+3.584400E+04
10:15:40,0e0,+6.750933E+01,+4.159500E-05,+9.910000E+37,+1.502676E+02,+3.584400E+04,+7.127251E+01,+4.159500E-05,+9.910000E+37,+1.503330E+02,+3.584400E+04,+7.164635E+01,+4.159500E-05,+9.910000E+37,+1.503994E+02,+3.584400E+04,-5.015874E-02,+0.000000E+00,+9.910000E+37,+1.504678E+02,+3.584400E+04
10:15:40,0e0,+7.645184E+01,+4.641500E-05,+9.910000E+37,+1.506875E+02,+3.584400E+04,+8.031384E+01,+4.641500E-05,+9.910000E+37,+1.507529E+02,+3.584400E+04,+8.071404E+01,+4.641500E-05,+9.910000E+37,+1.508203E+02,+3.584400E+04,-4.870161E-02,+0.000000E+00,+9.910000E+37,+1.508887E+02,+3.584400E+04
10:15:40,0e0,+8.597308E+01,+5.179500E-05,+9.910000E+37,+1.511084E+02,+3.584400E+04,+8.992221E+01,+5.179500E-05,+9.910000E+37,+1.511748E+02,+3.584400E+04,+9.033604E+01,+5.179500E-05,+9.910000E+37,+1.512422E+02,+3.584400E+04,-4.892889E-02,+0.000000E+00,+9.910000E+37,+1.513135E+02,+3.584400E+04
10:15:40,0e0,+9.615688E+01,+5.779500E-05,+9.910000E+37,+1.515352E+02,+3.584400E+04,+1.001408E+02,+5.779500E-05,+9.910000E+37,+1.516016E+02,+3.584400E+04,+1.005482E+02,+5.779500E-05,+9.910000E+37,+1.516680E+02,+3.584400E+04,-4.842831E-02,+0.000000E+00,+9.910000E+37,+1.517363E+02,+3.584400E+04
10:15:40,0e0,+1.070492E+02,+6.449500E-05,+9.910000E+37,+1.519551E+02,+3.584400E+04,+1.110219E+02,+6.449500E-05,+9.910000E+37,+1.520215E+02,+3.584400E+04,+1.114021E+02,+6.449500E-05,+9.910000E+37,+1.520879E+02,+3.584400E+04,-4.797314E-02,+0.000000E+00,+9.910000E+37,+1.521582E+02,+3.584400E+04
10:15:40,0e0,+1.187154E+02,+7.197000E-05,+9.910000E+37,+1.523770E+02,+3.584400E+04,+1.225791E+02,+7.197000E-05,+9.910000E+37,+1.524443E+02,+3.584400E+04,+1.228950E+02,+7.197000E-05,+9.910000E+37,+1.525098E+02,+3.584400E+04,-4.870161E-02,+0.000000E+00,+9.910000E+37,+1.525811E+02,+3.584400E+04
10:15:40,0e0,+1.310944E+02,+8.031000E-05,+9.910000E+37,+1.527998E+02,+3.584400E+04,+1.346031E+02,+8.031000E-05,+9.910000E+37,+1.528662E+02,+3.584400E+04,+1.347925E+02,+8.031000E-05,+9.910000E+37,+1.529316E+02,+3.584400E+04,-4.742672E-02,+0.000000E+00,+9.910000E+37,+1.530000E+02,+3.584400E+04
10:15:40,0e0,+1.436306E+02,+8.961500E-05,+9.910000E+37,+1.532129E+02,+3.584400E+04,+1.452015E+02,+8.961500E-05,+9.910000E+37,+1.532803E+02,+3.584400E+04,+1.452251E+02,+8.961500E-05,+9.910000E+37,+1.533457E+02,+3.584400E+04,-4.797332E-02,+0.000000E+00,+9.910000E+37,+1.534131E+02,+3.584400E+04
10:15:40,0e0,+1.534832E+02,+1.000000E-04,+9.910000E+37,+1.536230E+02,+3.584400E+04,+1.536432E+02,+1.000000E-04,+9.910000E+37,+1.536904E+02,+3.584400E+04,+1.536176E+02,+1.000000E-04,+9.910000E+37,+1.537559E+02,+3.584400E+04,-4.706258E-02,+0.000000E+00,+9.910000E+37,+1.538223E+02,+3.584400E+04
10:15:40,0e0,+1.617153E+02,+1.116000E-04,+9.910000E+37,+1.540430E+02,+3.584400E+04,+1.616242E+02,+1.116000E-04,+9.910000E+37,+1.541084E+02,+3.584400E+04,+1.615552E+02,+1.116000E-04,+9.910000E+37,+1.541758E+02,+3.584400E+04,-5.166127E-02,+0.000000E+00,+9.910000E+37,+1.542412E+02,+3.584400E+04
10:15:40,0e0,+1.698501E+02,+1.245000E-04,+9.910000E+37,+1.544600E+02,+3.584400E+04,+1.697049E+02,+1.245000E-04,+9.910000E+37,+1.545264E+02,+3.584400E+04,+1.695812E+02,+1.245000E-04,+9.910000E+37,+1.545938E+02,+3.584400E+04,-5.138811E-02,+0.000000E+00,+9.910000E+37,+1.546592E+02,+3.584400E+04
10:15:40,0e0,+1.783323E+02,+1.389500E-04,+9.910000E+37,+1.548809E+02,+3.584400E+04,+1.781193E+02,+1.389500E-04,+9.910000E+37,+1.549473E+02,+3.584400E+04,+1.779202E+02,+1.389500E-04,+9.910000E+37,+1.550137E+02,+3.584400E+04,-5.056845E-02,+0.000000E+00,+9.910000E+37,+1.550801E+02,+3.584400E+04
10:15:40,0e0,+1.871959E+02,+1.550500E-04,+9.910000E+37,+1.553008E+02,+3.584400E+04,+1.868401E+02,+1.550500E-04,+9.910000E+37,+1.553672E+02,+3.584400E+04,+1.865357E+02,+1.550500E-04,+9.910000E+37,+1.554346E+02,+3.584400E+04,-5.056855E-02,+0.000000E+00,+9.910000E+37,+1.555000E+02,+3.584400E+04
10:15:40,0e0,+1.964121E+02,+1.730000E-04,+9.910000E+37,+1.557207E+02,+3.584400E+04,+1.958527E+02,+1.730000E-04,+9.910000E+37,+1.557861E+02,+3.584400E+04,+1.954203E+02,+1.730000E-04,+9.910000E+37,+1.558535E+02,+3.584400E+04,-5.061424E-02,+0.000000E+00,+9.910000E+37,+1.559209E+02,+3.584400E+04
10:15:40,0e0,+2.059775E+02,+1.930500E-04,+9.910000E+37,+1.561436E+02,+3.584400E+04,+2.051900E+02,+1.930500E-04,+9.910000E+37,+1.562100E+02,+3.584400E+04,+2.045936E+02,+1.930500E-04,+9.910000E+37,+1.562773E+02,+3.584400E+04,-5.038662E-02,+0.000000E+00,+9.910000E+37,+1.563447E+02,+3.584400E+04
10:15:40,0e0,+2.158933E+02,+2.154500E-04,+9.910000E+37,+1.565664E+02,+3.584400E+04,+2.148223E+02,+2.154500E-04,+9.910000E+37,+1.566318E+02,+3.584400E+04,+2.140247E+02,+2.154500E-04,+9.910000E+37,+1.566992E+02,+3.584400E+04,-5.006762E-02,+0.000000E+00,+9.910000E+37,+1.567646E+02,+3.584400E+04
10:15:40,0e0,+2.260414E+02,+2.404000E-04,+9.910000E+37,+1.569854E+02,+3.584400E+04,+2.246125E+02,+2.404000E-04,+9.910000E+37,+1.570527E+02,+3.584400E+04,+2.235827E+02,+2.404000E-04,+9.910000E+37,+1.571182E+02,+3.584400E+04,-4.979463E-02,+0.000000E+00,+9.910000E+37,+1.571855E+02,+3.584400E+04
10:15:40,0e0,+2.363491E+02,+2.682500E-04,+9.910000E+37,+1.574014E+02,+3.584400E+04,+2.345152E+02,+2.682500E-04,+9.910000E+37,+1.574688E+02,+3.584400E+04,+2.332073E+02,+2.682500E-04,+9.910000E+37,+1.575342E+02,+3.584400E+04,-4.865620E-02,+0.000000E+00,+9.910000E+37,+1.576016E+02,+3.584400E+04
10:15:40,0e0,+2.467788E+02,+2.993500E-04,+9.910000E+37,+1.578223E+02,+3.584400E+04,+2.444524E+02,+2.993500E-04,+9.910000E+37,+1.578877E+02,+3.584400E+04,+2.428114E+02,+2.993500E-04,+9.910000E+37,+1.579551E+02,+3.584400E+04,-4.993124E-02,+0.000000E+00,+9.910000E+37,+1.580225E+02,+3.584400E+04
10:15:40,0e0,+2.571322E+02,+3.340500E-04,+9.910000E+37,+1.582402E+02,+3.584400E+04,+2.542541E+02,+3.340500E-04,+9.910000E+37,+1.583076E+02,+3.584400E+04,+2.522311E+02,+3.340500E-04,+9.910000E+37,+1.583730E+02,+3.584400E+04,-4.943047E-02,+0.000000E+00,+9.910000E+37,+1.584395E+02,+3.584400E+04
10:15:40,0e0,+2.672894E+02,+3.727500E-04,+9.910000E+37,+1.586592E+02,+3.584400E+04,+2.637746E+02,+3.727500E-04,+9.910000E+37,+1.587256E+02,+3.584400E+04,+2.613171E+02,+3.727500E-04,+9.910000E+37,+1.587930E+02,+3.584400E+04,-4.742675E-02,+0.000000E+00,+9.910000E+37,+1.588584E+02,+3.584400E+04
10:15:40,0e0,+2.770963E+02,+4.159500E-04,+9.910000E+37,+1.590791E+02,+3.584400E+04,+2.729087E+02,+4.159500E-04,+9.910000E+37,+1.591465E+02,+3.584400E+04,+2.699658E+02,+4.159500E-04,+9.910000E+37,+1.592119E+02,+3.584400E+04,-4.824623E-02,+0.000000E+00,+9.910000E+37,+1.592793E+02,+3.584400E+04
10:15:40,0e0,+2.864766E+02,+4.641500E-04,+9.910000E+37,+1.595010E+02,+3.584400E+04,+2.815342E+02,+4.641500E-04,+9.910000E+37,+1.595684E+02,+3.584400E+04,+2.780346E+02,+4.641500E-04,+9.910000E+37,+1.596338E+02,+3.584400E+04,-4.760896E-02,+0.000000E+00,+9.910000E+37,+1.597012E+02,+3.584400E+04
10:15:40,0e0,+2.951542E+02,+5.179500E-04,+9.910000E+37,+1.599219E+02,+3.584400E+04,+2.894139E+02,+5.179500E-04,+9.910000E+37,+1.599883E+02,+3.584400E+04,+2.852992E+02,+5.179500E-04,+9.910000E+37,+1.600557E+02,+3.584400E+04,-4.751796E-02,+0.000000E+00,+9.910000E+37,+1.601211E+02,+3.584400E+04
10:15:40,0e0,+3.029207E+02,+5.779500E-04,+9.910000E+37,+1.603418E+02,+3.584400E+04,+2.963806E+02,+5.779500E-04,+9.910000E+37,+1.604072E+02,+3.584400E+04,+2.916110E+02,+5.779500E-04,+9.910000E+37,+1.604746E+02,+3.584400E+04,-4.692599E-02,+0.000000E+00,+9.910000E+37,+1.605400E+02,+3.584400E+04
10:15:40,0e0,+3.097831E+02,+6.449500E-04,+9.910000E+37,+1.607617E+02,+3.584400E+04,+3.023781E+02,+6.449500E-04,+9.910000E+37,+1.608281E+02,+3.584400E+04,+2.969054E+02,+6.449500E-04,+9.910000E+37,+1.608936E+02,+3.584400E+04,-4.710814E-02,+0.000000E+00,+9.910000E+37,+1.609609E+02,+3.584400E+04
10:15:40,0e0,+3.154110E+02,+7.197000E-04,+9.910000E+37,+1.611807E+02,+3.584400E+04,+3.071378E+02,+7.197000E-04,+9.910000E+37,+1.612471E+02,+3.584400E+04,+3.008956E+02,+7.197000E-04,+9.910000E+37,+1.613135E+02,+3.584400E+04,-4.829225E-02,+0.000000E+00,+9.910000E+37,+1.613799E+02,+3.584400E+04
10:15:40,0e0,+3.198611E+02,+8.031000E-04,+9.910000E+37,+1.616016E+02,+3.584400E+04,+3.107030E+02,+8.031000E-04,+9.910000E+37,+1.616680E+02,+3.584400E+04,+3.036300E+02,+8.031000E-04,+9.910000E+37,+1.617354E+02,+3.584400E+04,-4.751810E-02,+0.000000E+00,+9.910000E+37,+1.618008E+02,+3.584400E+04
10:15:40,0e0,+3.229560E+02,+8.961500E-04,+9.910000E+37,+1.620215E+02,+3.584400E+04,+3.128176E+02,+8.961500E-04,+9.910000E+37,+1.620879E+02,+3.584400E+04,+3.048313E+02,+8.961500E-04,+9.910000E+37,+1.621543E+02,+3.584400E+04,-4.637963E-02,+0.000000E+00,+9.910000E+37,+1.622207E+02,+3.584400E+04
10:15:40,0e0,+3.246455E+02,+1.000000E-03,+9.910000E+37,+1.624395E+02,+3.584400E+04,+3.134841E+02,+1.000000E-03,+9.910000E+37,+1.625059E+02,+3.584400E+04,+3.045503E+02,+1.000000E-03,+9.910000E+37,+1.625732E+02,+3.584400E+04,-4.729024E-02,+0.000000E+00,+9.910000E+37,+1.626387E+02,+3.584400E+04
10:15:40,0e0,+3.263727E+02,+1.116000E-03,+9.910000E+37,+1.628760E+02,+3.584400E+04,+3.136863E+02,+1.116000E-03,+9.910000E+37,+1.629434E+02,+3.584400E+04,+3.035462E+02,+1.116000E-03,+9.910000E+37,+1.630088E+02,+3.584400E+04,-5.280003E-02,+0.000000E+00,+9.910000E+37,+1.630762E+02,+3.584400E+04
10:15:40,0e0,+3.252490E+02,+1.245000E-03,+9.910000E+37,+1.632988E+02,+3.584400E+04,+3.112314E+02,+1.245000E-03,+9.910000E+37,+1.633662E+02,+3.584400E+04,+2.999481E+02,+1.245000E-03,+9.910000E+37,+1.634326E+02,+3.584400E+04,-6.277177E-02,+0.000000E+00,+9.910000E+37,+1.634990E+02,+3.584400E+04
10:15:40,0e0,+3.223899E+02,+1.389500E-03,+9.910000E+37,+1.637178E+02,+3.584400E+04,+3.069340E+02,+1.389500E-03,+9.910000E+37,+1.637852E+02,+3.584400E+04,+2.945847E+02,+1.389500E-03,+9.910000E+37,+1.638506E+02,+3.584400E+04,-6.099597E-02,+0.000000E+00,+9.910000E+37,+1.639180E+02,+3.584400E+04
10:15:40,0e0,+3.182727E+02,+1.550500E-03,+9.910000E+37,+1.641377E+02,+3.584400E+04,+3.012281E+02,+1.550500E-03,+9.910000E+37,+1.642051E+02,+3.584400E+04,+2.878039E+02,+1.550500E-03,+9.910000E+37,+1.642705E+02,+3.584400E+04,-5.703425E-02,+0.000000E+00,+9.910000E+37,+1.643379E+02,+3.584400E+04
10:15:40,0e0,+3.122921E+02,+1.730000E-03,+9.910000E+37,+1.645547E+02,+3.584400E+04,+2.937367E+02,+1.730000E-03,+9.910000E+37,+1.646211E+02,+3.584400E+04,+2.793152E+02,+1.730000E-03,+9.910000E+37,+1.646875E+02,+3.584400E+04,-5.598746E-02,+0.000000E+00,+9.910000E+37,+1.647539E+02,+3.584400E+04
10:15:40,0e0,+3.051471E+02,+1.930500E-03,+9.910000E+37,+1.649756E+02,+3.584400E+04,+2.849992E+02,+1.930500E-03,+9.910000E+37,+1.650420E+02,+3.584400E+04,+2.696956E+02,+1.930500E-03,+9.910000E+37,+1.651084E+02,+3.584400E+04,-5.421127E-02,+0.000000E+00,+9.910000E+37,+1.651748E+02,+3.584400E+04
10:15:40,0e0,+2.968071E+02,+2.154500E-03,+9.910000E+37,+1.653994E+02,+3.584400E+04,+2.752414E+02,+2.154500E-03,+9.910000E+37,+1.654658E+02,+3.584400E+04,+2.591976E+02,+2.154500E-03,+9.910000E+37,+1.655332E+02,+3.584400E+04,-5.261753E-02,+0.000000E+00,+9.910000E+37,+1.655986E+02,+3.584400E+04
10:15:40,0e0,+2.865163E+02,+2.404000E-03,+9.910000E+37,+1.658164E+02,+3.584400E+04,+2.638290E+02,+2.404000E-03,+9.910000E+37,+1.658828E+02,+3.584400E+04,+2.473252E+02,+2.404000E-03,+9.910000E+37,+1.659502E+02,+3.584400E+04,-5.225363E-02,+0.000000E+00,+9.910000E+37,+1.660176E+02,+3.584400E+04
10:15:40,0e0,+2.758522E+02,+2.682500E-03,+9.910000E+37,+1.662383E+02,+3.584400E+04,+2.520835E+02,+2.682500E-03,+9.910000E+37,+1.663057E+02,+3.584400E+04,+2.351626E+02,+2.682500E-03,+9.910000E+37,+1.663711E+02,+3.584400E+04,-5.056873E-02,+0.000000E+00,+9.910000E+37,+1.664375E+02,+3.584400E+04
10:15:40,0e0,+2.643941E+02,+2.993500E-03,+9.910000E+37,+1.666592E+02,+3.584400E+04,+2.399298E+02,+2.993500E-03,+9.910000E+37,+1.667256E+02,+3.584400E+04,+2.227610E+02,+2.993500E-03,+9.910000E+37,+1.667930E+02,+3.584400E+04,-5.056877E-02,+0.000000E+00,+9.910000E+37,+1.668604E+02,+3.584400E+04
10:15:40,0e0,+2.523920E+02,+3.340500E-03,+9.910000E+37,+1.670811E+02,+3.584400E+04,+2.272264E+02,+3.340500E-03,+9.910000E+37,+1.671465E+02,+3.584400E+04,+2.100259E+02,+3.340500E-03,+9.910000E+37,+1.672129E+02,+3.584400E+04,-4.897493E-02,+0.000000E+00,+9.910000E+37,+1.672803E+02,+3.584400E+04
10:15:40,0e0,+2.407094E+02,+3.727500E-03,+9.910000E+37,+1.675059E+02,+3.584400E+04,+2.148919E+02,+3.727500E-03,+9.910000E+37,+1.675723E+02,+3.584400E+04,+1.975767E+02,+3.727500E-03,+9.910000E+37,+1.676396E+02,+3.584400E+04,-4.993141E-02,+0.000000E+00,+9.910000E+37,+1.677070E+02,+3.584400E+04
10:15:40,0e0,+2.279101E+02,+4.159500E-03,+9.910000E+37,+1.679277E+02,+3.584400E+04,+2.019129E+02,+4.159500E-03,+9.910000E+37,+1.679951E+02,+3.584400E+04,+1.845846E+02,+4.159500E-03,+9.910000E+37,+1.680605E+02,+3.584400E+04,-4.751796E-02,+0.000000E+00,+9.910000E+37,+1.681270E+02,+3.584400E+04
10:15:40,0e0,+2.154275E+02,+4.641500E-03,+9.910000E+37,+1.683486E+02,+3.584400E+04,+1.890931E+02,+4.641500E-03,+9.910000E+37,+1.684150E+02,+3.584400E+04,+1.707395E+02,+4.641500E-03,+9.910000E+37,+1.684824E+02,+3.584400E+04,-4.906628E-02,+0.000000E+00,+9.910000E+37,+1.685479E+02,+3.584400E+04
10:15:40,0e0,+2.028859E+02,+5.179500E-03,+9.910000E+37,+1.687676E+02,+3.584400E+04,+1.756840E+02,+5.179500E-03,+9.910000E+37,+1.688340E+02,+3.584400E+04,+1.551514E+02,+5.179500E-03,+9.910000E+37,+1.689004E+02,+3.584400E+04,-4.715343E-02,+0.000000E+00,+9.910000E+37,+1.689678E+02,+3.584400E+04
10:15:40,0e0,+1.911335E+02,+5.779500E-03,+9.910000E+37,+1.691904E+02,+3.584400E+04,+1.611443E+02,+5.779500E-03,+9.910000E+37,+1.692568E+02,+3.584400E+04,+1.404647E+02,+5.779500E-03,+9.910000E+37,+1.693223E+02,+3.584400E+04,-4.724523E-02,+0.000000E+00,+9.910000E+37,+1.693887E+02,+3.584400E+04
10:15:40,0e0,+1.787101E+02,+6.449500E-03,+9.910000E+37,+1.696064E+02,+3.584400E+04,+1.457605E+02,+6.449500E-03,+9.910000E+37,+1.696729E+02,+3.584400E+04,+1.269651E+02,+6.449500E-03,+9.910000E+37,+1.697402E+02,+3.584400E+04,-4.856564E-02,+0.000000E+00,+9.910000E+37,+1.698057E+02,+3.584400E+04
10:15:40,0e0,+1.664596E+02,+7.197000E-03,+9.910000E+37,+1.700322E+02,+3.584400E+04,+1.326970E+02,+7.197000E-03,+9.910000E+37,+1.700977E+02,+3.584400E+04,+1.155083E+02,+7.197000E-03,+9.910000E+37,+1.701641E+02,+3.584400E+04,-4.811023E-02,+0.000000E+00,+9.910000E+37,+1.702314E+02,+3.584400E+04
10:15:40,0e0,+1.526413E+02,+8.031000E-03,+9.910000E+37,+1.704531E+02,+3.584400E+04,+1.206672E+02,+8.031000E-03,+9.910000E+37,+1.705205E+02,+3.584400E+04,+1.050501E+02,+8.031000E-03,+9.910000E+37,+1.705869E+02,+3.584400E+04,-4.669844E-02,+0.000000E+00,+9.910000E+37,+1.706533E+02,+3.584400E+04
10:15:40,0e0,+1.398153E+02,+8.961500E-03,+9.910000E+37,+1.708750E+02,+3.584400E+04,+1.099516E+02,+8.961500E-03,+9.910000E+37,+1.709414E+02,+3.584400E+04,+9.565480E+01,+8.961500E-03,+9.910000E+37,+1.710088E+02,+3.584400E+04,-4.597011E-02,+0.000000E+00,+9.910000E+37,+1.710762E+02,+3.584400E+04
