0E0 +1.405406E-01,+1.000000E-04,+9.910000E+37,+7.147275E+02,+3.584000E+04,+1.403585E-01,+1.000000E-04,+9.910000E+37,+7.147930E+02,+3.584000E+04,+1.399946E-01,+1.000000E-04,+9.910000E+37,+7.148594E+02,+3.584000E+04,-4.466623E-03,+0.000000E+00,+9.910000E+37,+7.149258E+02,+3.584000E+04
0E0 +1.417211E-01,+1.000000E-04,+9.910000E+37,+1.046258E+03,+3.584000E+04,+1.421772E-01,+1.000000E-04,+9.910000E+37,+1.046323E+03,+3.584000E+04,+1.433147E-01,+1.000000E-04,+9.910000E+37,+1.046390E+03,+3.584000E+04,-3.512755E-03,+0.000000E+00,+9.910000E+37,+1.046457E+03,+3.584000E+04
0E0 +1.424503E-01,+1.000000E-04,+9.910000E+37,+1.047629E+03,+3.584000E+04,+1.429963E-01,+1.000000E-04,+9.910000E+37,+1.047694E+03,+3.584000E+04,+1.414480E-01,+1.000000E-04,+9.910000E+37,+1.047761E+03,+3.584000E+04,-4.651099E-03,+0.000000E+00,+9.910000E+37,+1.047827E+03,+3.584000E+04
0E0 +1.414026E-01,+1.000000E-04,+9.910000E+37,+1.048073E+03,+3.584000E+04,+1.419034E-01,+1.000000E-04,+9.910000E+37,+1.048139E+03,+3.584000E+04,+1.428139E-01,+1.000000E-04,+9.910000E+37,+1.048205E+03,+3.584000E+04,-4.013434E-03,+0.000000E+00,+9.910000E+37,+1.048272E+03,+3.584000E+04
0E0 +1.407620E-01,+1.000000E-04,+9.910000E+37,+1.529529E+03,+3.584000E+04,+1.406710E-01,+1.000000E-04,+9.910000E+37,+1.529595E+03,+3.584000E+04,+1.405344E-01,+1.000000E-04,+9.910000E+37,+1.529661E+03,+3.584000E+04,-3.924146E-03,+0.000000E+00,+9.910000E+37,+1.529728E+03,+3.584000E+04
0E0 +1.468157E-01,+1.000000E-04,+9.910000E+37,+1.793395E+03,+3.584000E+04,+1.471348E-01,+1.000000E-04,+9.910000E+37,+1.793460E+03,+3.584000E+04,+1.477719E-01,+1.000000E-04,+9.910000E+37,+1.793526E+03,+3.584000E+04,-5.973727E-03,+0.000000E+00,+9.910000E+37,+1.793593E+03,+3.584000E+04
0E0 +1.498663E-01,+1.000000E-04,+9.910000E+37,+1.841993E+03,+3.584000E+04,+1.493654E-01,+1.000000E-04,+9.910000E+37,+1.842059E+03,+3.584000E+04,+1.499114E-01,+1.000000E-04,+9.910000E+37,+1.842125E+03,+3.584000E+04,-4.198641E-03,+0.000000E+00,+9.910000E+37,+1.842191E+03,+3.584000E+04
0E0 +1.334300E-01,+1.000000E-04,+9.910000E+37,+2.021145E+03,+3.584000E+04,+1.338399E-01,+1.000000E-04,+9.910000E+37,+2.021210E+03,+3.584000E+04,+1.336127E-01,+1.000000E-04,+9.910000E+37,+2.021276E+03,+3.584000E+04,-3.015190E-03,+0.000000E+00,+9.910000E+37,+2.021344E+03,+3.584000E+04
0E0 +1.333389E-01,+1.000000E-04,+9.910000E+37,+2.021593E+03,+3.584000E+04,+1.342954E-01,+1.000000E-04,+9.910000E+37,+2.021658E+03,+3.584000E+04,+1.337033E-01,+1.000000E-04,+9.910000E+37,+2.021725E+03,+3.584000E+04,-3.151864E-03,+0.000000E+00,+9.910000E+37,+2.021791E+03,+3.584000E+04
0E0 +1.342494E-01,+1.000000E-04,+9.910000E+37,+2.022041E+03,+3.584000E+04,+1.336124E-01,+1.000000E-04,+9.910000E+37,+2.022106E+03,+3.584000E+04,+1.343405E-01,+1.000000E-04,+9.910000E+37,+2.022173E+03,+3.584000E+04,-2.286658E-03,+0.000000E+00,+9.910000E+37,+2.022240E+03,+3.584000E+04
0E0 +1.338853E-01,+1.000000E-04,+9.910000E+37,+2.023870E+03,+3.584000E+04,+1.343860E-01,+1.000000E-04,+9.910000E+37,+2.023936E+03,+3.584000E+04,+1.330656E-01,+1.000000E-04,+9.910000E+37,+2.024002E+03,+3.584000E+04,-3.015324E-03,+0.000000E+00,+9.910000E+37,+2.024069E+03,+3.584000E+04
0E0 +1.332480E-01,+1.000000E-04,+9.910000E+37,+2.025055E+03,+3.584000E+04,+1.328838E-01,+1.000000E-04,+9.910000E+37,+2.025120E+03,+3.584000E+04,+1.327470E-01,+1.000000E-04,+9.910000E+37,+2.025187E+03,+3.584000E+04,-3.834710E-03,+0.000000E+00,+9.910000E+37,+2.025253E+03,+3.584000E+04
0E0 +1.217749E-01,+1.000000E-04,+9.910000E+37,+2.124703E+03,+3.584000E+04,+1.215017E-01,+1.000000E-04,+9.910000E+37,+2.124769E+03,+3.584000E+04,+1.235956E-01,+1.000000E-04,+9.910000E+37,+2.124835E+03,+3.584000E+04,-2.833143E-03,+0.000000E+00,+9.910000E+37,+2.124901E+03,+3.584000E+04
0E0 +1.551908E-01,+1.000000E-04,+9.910000E+37,+2.286208E+03,+3.584000E+04,+1.545990E-01,+1.000000E-04,+9.910000E+37,+2.286273E+03,+3.584000E+04,+1.537340E-01,+1.000000E-04,+9.910000E+37,+2.286340E+03,+3.584000E+04,-2.014488E-03,+0.000000E+00,+9.910000E+37,+2.286406E+03,+3.584000E+04
0E0 +1.586498E-01,+1.000000E-04,+9.910000E+37,+2.672439E+03,+3.584000E+04,+1.594236E-01,+1.000000E-04,+9.910000E+37,+2.672505E+03,+3.584000E+04,+1.571924E-01,+1.000000E-04,+9.910000E+37,+2.672571E+03,+3.584000E+04,-1.513869E-03,+0.000000E+00,+9.910000E+37,+2.672638E+03,+3.584000E+04
0E0 +1.620624E-01,+1.000000E-04,+9.910000E+37,+3.631825E+03,+3.584000E+04,+1.612885E-01,+1.000000E-04,+9.910000E+37,+3.631891E+03,+3.584000E+04,+1.626998E-01,+1.000000E-04,+9.910000E+37,+3.631957E+03,+3.584000E+04,-3.427252E-03,+0.000000E+00,+9.910000E+37,+3.632023E+03,+3.584000E+04
0E0 +1.623808E-01,+1.000000E-04,+9.910000E+37,+4.079379E+03,+3.584000E+04,+1.619711E-01,+1.000000E-04,+9.910000E+37,+4.079444E+03,+3.584000E+04,+1.622897E-01,+1.000000E-04,+9.910000E+37,+4.079511E+03,+3.584000E+04,-2.061412E-03,+0.000000E+00,+9.910000E+37,+4.079577E+03,+3.584000E+04
0E0 +1.298290E-01,+1.000000E-04,+9.910000E+37,+4.393439E+03,+3.584000E+04,+1.289183E-01,+1.000000E-04,+9.910000E+37,+4.393505E+03,+3.584000E+04,+1.307849E-01,+1.000000E-04,+9.910000E+37,+4.393571E+03,+3.584000E+04,-2.790481E-03,+0.000000E+00,+9.910000E+37,+4.393638E+03,+3.584000E+04
0E0 +1.239558E-01,+1.000000E-04,+9.910000E+37,+4.466574E+03,+3.584000E+04,+1.228177E-01,+1.000000E-04,+9.910000E+37,+4.466640E+03,+3.584000E+04,+1.238649E-01,+1.000000E-04,+9.910000E+37,+4.466706E+03,+3.584000E+04,-4.019707E-03,+0.000000E+00,+9.910000E+37,+4.466772E+03,+3.584000E+04
0E0 +1.513171E-01,+1.000000E-04,+9.910000E+37,+5.056773E+03,+3.584000E+04,+1.506797E-01,+1.000000E-04,+9.910000E+37,+5.056839E+03,+3.584000E+04,+1.519090E-01,+1.000000E-04,+9.910000E+37,+5.056905E+03,+3.584000E+04,-2.517626E-03,+0.000000E+00,+9.910000E+37,+5.056973E+03,+3.584000E+04
0E0 +1.488137E-01,+1.000000E-04,+9.910000E+37,+5.059272E+03,+3.584000E+04,+1.493140E-01,+1.000000E-04,+9.910000E+37,+5.059338E+03,+3.584000E+04,+1.494054E-01,+1.000000E-04,+9.910000E+37,+5.059404E+03,+3.584000E+04,-9.696186E-04,+0.000000E+00,+9.910000E+37,+5.059471E+03,+3.584000E+04
0E0 +1.462632E-01,+1.000000E-04,+9.910000E+37,+5.061365E+03,+3.584000E+04,+1.471739E-01,+1.000000E-04,+9.910000E+37,+5.061431E+03,+3.584000E+04,+1.478112E-01,+1.000000E-04,+9.910000E+37,+5.061497E+03,+3.584000E+04,-2.926931E-03,+0.000000E+00,+9.910000E+37,+5.061563E+03,+3.584000E+04
0E0 +1.454434E-01,+1.000000E-04,+9.910000E+37,+5.063650E+03,+3.584000E+04,+1.456721E-01,+1.000000E-04,+9.910000E+37,+5.063716E+03,+3.584000E+04,+1.457627E-01,+1.000000E-04,+9.910000E+37,+5.063782E+03,+3.584000E+04,-1.970768E-03,+0.000000E+00,+9.910000E+37,+5.063849E+03,+3.584000E+04
0E0 +1.452166E-01,+1.000000E-04,+9.910000E+37,+5.065690E+03,+3.584000E+04,+1.449889E-01,+1.000000E-04,+9.910000E+37,+5.065756E+03,+3.584000E+04,+1.452621E-01,+1.000000E-04,+9.910000E+37,+5.065822E+03,+3.584000E+04,-2.972722E-03,+0.000000E+00,+9.910000E+37,+5.065889E+03,+3.584000E+04
0E0 +1.449889E-01,+1.000000E-04,+9.910000E+37,+5.067641E+03,+3.584000E+04,+1.435778E-01,+1.000000E-04,+9.910000E+37,+5.067706E+03,+3.584000E+04,+1.443514E-01,+1.000000E-04,+9.910000E+37,+5.067772E+03,+3.584000E+04,-1.470432E-03,+0.000000E+00,+9.910000E+37,+5.067839E+03,+3.584000E+04
0E0 +1.424850E-01,+1.000000E-04,+9.910000E+37,+5.069719E+03,+3.584000E+04,+1.436685E-01,+1.000000E-04,+9.910000E+37,+5.069784E+03,+3.584000E+04,+1.423937E-01,+1.000000E-04,+9.910000E+37,+5.069851E+03,+3.584000E+04,-2.836525E-03,+0.000000E+00,+9.910000E+37,+5.069917E+03,+3.584000E+04
0E0 +1.413924E-01,+1.000000E-04,+9.910000E+37,+5.072277E+03,+3.584000E+04,+1.416194E-01,+1.000000E-04,+9.910000E+37,+5.072343E+03,+3.584000E+04,+1.416654E-01,+1.000000E-04,+9.910000E+37,+5.072409E+03,+3.584000E+04,-1.242295E-03,+0.000000E+00,+9.910000E+37,+5.072476E+03,+3.584000E+04
0E0 +1.411191E-01,+1.000000E-04,+9.910000E+37,+5.074203E+03,+3.584000E+04,+1.418930E-01,+1.000000E-04,+9.910000E+37,+5.074269E+03,+3.584000E+04,+1.397532E-01,+1.000000E-04,+9.910000E+37,+5.074335E+03,+3.584000E+04,-2.562985E-03,+0.000000E+00,+9.910000E+37,+5.074401E+03,+3.584000E+04
0E0 +1.393436E-01,+1.000000E-04,+9.910000E+37,+5.076441E+03,+3.584000E+04,+1.386610E-01,+1.000000E-04,+9.910000E+37,+5.076507E+03,+3.584000E+04,+1.397988E-01,+1.000000E-04,+9.910000E+37,+5.076573E+03,+3.584000E+04,-3.246427E-03,+0.000000E+00,+9.910000E+37,+5.076640E+03,+3.584000E+04
0E0 +1.393436E-01,+1.000000E-04,+9.910000E+37,+5.078756E+03,+3.584000E+04,+1.366118E-01,+1.000000E-04,+9.910000E+37,+5.078821E+03,+3.584000E+04,+1.387064E-01,+1.000000E-04,+9.910000E+37,+5.078888E+03,+3.584000E+04,-2.836108E-03,+0.000000E+00,+9.910000E+37,+5.078954E+03,+3.584000E+04
0E0 +1.383874E-01,+1.000000E-04,+9.910000E+37,+5.081009E+03,+3.584000E+04,+1.390248E-01,+1.000000E-04,+9.910000E+37,+5.081074E+03,+3.584000E+04,+1.377046E-01,+1.000000E-04,+9.910000E+37,+5.081141E+03,+3.584000E+04,-2.062112E-03,+0.000000E+00,+9.910000E+37,+5.081207E+03,+3.584000E+04
0E0 +1.377048E-01,+1.000000E-04,+9.910000E+37,+5.082871E+03,+3.584000E+04,+1.376137E-01,+1.000000E-04,+9.910000E+37,+5.082937E+03,+3.584000E+04,+1.374314E-01,+1.000000E-04,+9.910000E+37,+5.083003E+03,+3.584000E+04,-2.244249E-03,+0.000000E+00,+9.910000E+37,+5.083069E+03,+3.584000E+04
0E0 +1.360656E-01,+1.000000E-04,+9.910000E+37,+5.084440E+03,+3.584000E+04,+1.350184E-01,+1.000000E-04,+9.910000E+37,+5.084506E+03,+3.584000E+04,+1.362483E-01,+1.000000E-04,+9.910000E+37,+5.084572E+03,+3.584000E+04,-2.608672E-03,+0.000000E+00,+9.910000E+37,+5.084639E+03,+3.584000E+04
0E0 +1.265509E-01,+1.000000E-04,+9.910000E+37,+5.131944E+03,+3.584000E+04,+1.266418E-01,+1.000000E-04,+9.910000E+37,+5.132010E+03,+3.584000E+04,+1.271881E-01,+1.000000E-04,+9.910000E+37,+5.132076E+03,+3.584000E+04,-6.052703E-04,+0.000000E+00,+9.910000E+37,+5.132143E+03,+3.584000E+04
0E0 +1.264140E-01,+1.000000E-04,+9.910000E+37,+5.134737E+03,+3.584000E+04,+1.263686E-01,+1.000000E-04,+9.910000E+37,+5.134803E+03,+3.584000E+04,+1.262776E-01,+1.000000E-04,+9.910000E+37,+5.134869E+03,+3.584000E+04,-1.333654E-03,+0.000000E+00,+9.910000E+37,+5.134936E+03,+3.584000E+04
0E0 +1.248664E-01,+1.000000E-04,+9.910000E+37,+5.159606E+03,+3.584000E+04,+1.241376E-01,+1.000000E-04,+9.910000E+37,+5.159672E+03,+3.584000E+04,+1.248204E-01,+1.000000E-04,+9.910000E+37,+5.159738E+03,+3.584000E+04,-1.970902E-03,+0.000000E+00,+9.910000E+37,+5.159805E+03,+3.584000E+04
0E0 +1.247756E-01,+1.000000E-04,+9.910000E+37,+5.161368E+03,+3.584000E+04,+1.240470E-01,+1.000000E-04,+9.910000E+37,+5.161434E+03,+3.584000E+04,+1.244108E-01,+1.000000E-04,+9.910000E+37,+5.161500E+03,+3.584000E+04,-1.789048E-03,+0.000000E+00,+9.910000E+37,+5.161566E+03,+3.584000E+04
0E0 +1.249118E-01,+1.000000E-04,+9.910000E+37,+5.163639E+03,+3.584000E+04,+1.237736E-01,+1.000000E-04,+9.910000E+37,+5.163704E+03,+3.584000E+04,+1.229080E-01,+1.000000E-04,+9.910000E+37,+5.163771E+03,+3.584000E+04,-1.424760E-03,+0.000000E+00,+9.910000E+37,+5.163837E+03,+3.584000E+04
0E0 +1.232730E-01,+1.000000E-04,+9.910000E+37,+5.166761E+03,+3.584000E+04,+1.232270E-01,+1.000000E-04,+9.910000E+37,+5.166826E+03,+3.584000E+04,+1.234550E-01,+1.000000E-04,+9.910000E+37,+5.166893E+03,+3.584000E+04,-2.881676E-03,+0.000000E+00,+9.910000E+37,+5.166959E+03,+3.584000E+04
0E0 +1.233181E-01,+1.000000E-04,+9.910000E+37,+5.172318E+03,+3.584000E+04,+1.232271E-01,+1.000000E-04,+9.910000E+37,+5.172384E+03,+3.584000E+04,+1.235915E-01,+1.000000E-04,+9.910000E+37,+5.172450E+03,+3.584000E+04,-1.652390E-03,+0.000000E+00,+9.910000E+37,+5.172517E+03,+3.584000E+04
0E0 +1.223616E-01,+1.000000E-04,+9.910000E+37,+5.175431E+03,+3.584000E+04,+1.216335E-01,+1.000000E-04,+9.910000E+37,+5.175496E+03,+3.584000E+04,+1.227269E-01,+1.000000E-04,+9.910000E+37,+5.175562E+03,+3.584000E+04,-2.380401E-03,+0.000000E+00,+9.910000E+37,+5.175629E+03,+3.584000E+04
0E0 +1.235458E-01,+1.000000E-04,+9.910000E+37,+5.177689E+03,+3.584000E+04,+1.230456E-01,+1.000000E-04,+9.910000E+37,+5.177755E+03,+3.584000E+04,+1.220433E-01,+1.000000E-04,+9.910000E+37,+5.177821E+03,+3.584000E+04,-4.338458E-03,+0.000000E+00,+9.910000E+37,+5.177888E+03,+3.584000E+04
0E0 +1.219979E-01,+1.000000E-04,+9.910000E+37,+5.298361E+03,+3.584000E+04,+1.219979E-01,+1.000000E-04,+9.910000E+37,+5.298427E+03,+3.584000E+04,+1.212243E-01,+1.000000E-04,+9.910000E+37,+5.298493E+03,+3.584000E+04,-4.111305E-03,+0.000000E+00,+9.910000E+37,+5.298560E+03,+3.584000E+04
0E0 +1.220438E-01,+1.000000E-04,+9.910000E+37,+5.299212E+03,+3.584000E+04,+1.226356E-01,+1.000000E-04,+9.910000E+37,+5.299277E+03,+3.584000E+04,+1.228630E-01,+1.000000E-04,+9.910000E+37,+5.299344E+03,+3.584000E+04,-3.837734E-03,+0.000000E+00,+9.910000E+37,+5.299410E+03,+3.584000E+04
