13:49:46,0e0,-1.721269E+00,+1.000000E-07,+9.910000E+37,+4.234531E+02,+3.584400E+04,-2.173119E-01,+1.000000E-07,+9.910000E+37,+4.235205E+02,+3.584400E+04,-2.179038E-01,+1.000000E-07,+9.910000E+37,+4.235869E+02,+3.584400E+04,-4.372752E-01,+0.000000E+00,+9.910000E+37,+4.236543E+02,+3.584400E+04
13:49:46,0e0,-5.763745E-01,+1.116000E-07,+9.910000E+37,+4.238750E+02,+3.584400E+04,-1.982808E-01,+1.116000E-07,+9.910000E+37,+4.239424E+02,+3.584400E+04,-1.984174E-01,+1.116000E-07,+9.910000E+37,+4.240078E+02,+3.584400E+04,-4.356814E-01,+0.000000E+00,+9.910000E+37,+4.240752E+02,+3.584400E+04
13:49:46,0e0,-1.797506E-01,+1.245000E-07,+9.910000E+37,+4.242949E+02,+3.584400E+04,-1.793409E-01,+1.245000E-07,+9.910000E+37,+4.243604E+02,+3.584400E+04,-1.797506E-01,+1.245000E-07,+9.910000E+37,+4.244268E+02,+3.584400E+04,-4.346799E-01,+0.000000E+00,+9.910000E+37,+4.244941E+02,+3.584400E+04
13:49:46,0e0,-1.179578E+00,+1.389500E-07,+9.910000E+37,+4.247158E+02,+3.584400E+04,-1.602643E-01,+1.389500E-07,+9.910000E+37,+4.247822E+02,+3.584400E+04,-1.586251E-01,+1.389500E-07,+9.910000E+37,+4.248486E+02,+3.584400E+04,-4.336782E-01,+0.000000E+00,+9.910000E+37,+4.249160E+02,+3.584400E+04
13:49:46,0e0,-6.556003E-01,+1.550500E-07,+9.910000E+37,+4.251357E+02,+3.584400E+04,-1.388203E-01,+1.550500E-07,+9.910000E+37,+4.252021E+02,+3.584400E+04,-1.397307E-01,+1.550500E-07,+9.910000E+37,+4.252695E+02,+3.584400E+04,-4.398703E-01,+0.000000E+00,+9.910000E+37,+4.253350E+02,+3.584400E+04
13:49:46,0e0,-1.196525E-01,+1.730000E-07,+9.910000E+37,+4.255605E+02,+3.584400E+04,-1.196981E-01,+1.730000E-07,+9.910000E+37,+4.256270E+02,+3.584400E+04,-1.186507E-01,+1.730000E-07,+9.910000E+37,+4.256943E+02,+3.584400E+04,-4.354994E-01,+0.000000E+00,+9.910000E+37,+4.257617E+02,+3.584400E+04
13:49:46,0e0,-7.553596E-01,+1.930500E-07,+9.910000E+37,+4.259824E+02,+3.584400E+04,-9.948305E-02,+1.930500E-07,+9.910000E+37,+4.260498E+02,+3.584400E+04,-9.793515E-02,+1.930500E-07,+9.910000E+37,+4.261152E+02,+3.584400E+04,-4.349075E-01,+0.000000E+00,+9.910000E+37,+4.261816E+02,+3.584400E+04
13:49:46,0e0,-8.072543E-02,+2.154500E-07,+9.910000E+37,+4.264072E+02,+3.584400E+04,-7.890417E-02,+2.154500E-07,+9.910000E+37,+4.264736E+02,+3.584400E+04,-7.844894E-02,+2.154500E-07,+9.910000E+37,+4.265400E+02,+3.584400E+04,-4.349529E-01,+0.000000E+00,+9.910000E+37,+4.266074E+02,+3.584400E+04
13:49:46,0e0,-4.314018E-01,+2.404000E-07,+9.910000E+37,+4.268330E+02,+3.584400E+04,-5.846173E-02,+2.404000E-07,+9.910000E+37,+4.268994E+02,+3.584400E+04,-5.882607E-02,+2.404000E-07,+9.910000E+37,+4.269658E+02,+3.584400E+04,-4.352717E-01,+0.000000E+00,+9.910000E+37,+4.270332E+02,+3.584400E+04
13:49:46,0e0,-2.425361E-01,+2.682500E-07,+9.910000E+37,+4.272529E+02,+3.584400E+04,-3.961271E-02,+2.682500E-07,+9.910000E+37,+4.273184E+02,+3.584400E+04,-3.929402E-02,+2.682500E-07,+9.910000E+37,+4.273848E+02,+3.584400E+04,-4.499333E-01,+0.000000E+00,+9.910000E+37,+4.274512E+02,+3.584400E+04
13:49:46,0e0,-1.962572E-02,+2.993500E-07,+9.910000E+37,+4.276719E+02,+3.584400E+04,-2.062698E-02,+2.993500E-07,+9.910000E+37,+4.277383E+02,+3.584400E+04,-2.021754E-02,+2.993500E-07,+9.910000E+37,+4.278047E+02,+3.584400E+04,-4.358179E-01,+0.000000E+00,+9.910000E+37,+4.278711E+02,+3.584400E+04
13:49:46,0e0,-2.233595E-03,+3.340500E-07,+9.910000E+37,+4.280928E+02,+3.584400E+04,-2.598092E-03,+3.340500E-07,+9.910000E+37,+4.281602E+02,+3.584400E+04,-1.186490E-03,+3.340500E-07,+9.910000E+37,+4.282256E+02,+3.584400E+04,-4.340879E-01,+0.000000E+00,+9.910000E+37,+4.282930E+02,+3.584400E+04
13:49:46,0e0,+1.488523E-02,+3.727500E-07,+9.910000E+37,+4.285176E+02,+3.584400E+04,+1.547691E-02,+3.727500E-07,+9.910000E+37,+4.285840E+02,+3.584400E+04,+1.565909E-02,+3.727500E-07,+9.910000E+37,+4.286504E+02,+3.584400E+04,-4.896822E-01,+0.000000E+00,+9.910000E+37,+4.287178E+02,+3.584400E+04
13:49:46,0e0,+3.218621E-02,+4.159500E-07,+9.910000E+37,+4.289424E+02,+3.584400E+04,+3.218615E-02,+4.159500E-07,+9.910000E+37,+4.290088E+02,+3.584400E+04,+3.218630E-02,+4.159500E-07,+9.910000E+37,+4.290752E+02,+3.584400E+04,-4.365466E-01,+0.000000E+00,+9.910000E+37,+4.291426E+02,+3.584400E+04
13:49:46,0e0,+4.620892E-02,+4.641500E-07,+9.910000E+37,+4.293633E+02,+3.584400E+04,+4.634544E-02,+4.641500E-07,+9.910000E+37,+4.294297E+02,+3.584400E+04,+4.666430E-02,+4.641500E-07,+9.910000E+37,+4.294961E+02,+3.584400E+04,-4.377761E-01,+0.000000E+00,+9.910000E+37,+4.295635E+02,+3.584400E+04
13:49:46,0e0,+5.791038E-02,+5.179500E-07,+9.910000E+37,+4.297842E+02,+3.584400E+04,+5.790988E-02,+5.179500E-07,+9.910000E+37,+4.298516E+02,+3.584400E+04,+5.809233E-02,+5.179500E-07,+9.910000E+37,+4.299170E+02,+3.584400E+04,-7.928776E-01,+0.000000E+00,+9.910000E+37,+4.299834E+02,+3.584400E+04
13:49:46,0e0,+6.669667E-02,+5.779500E-07,+9.910000E+37,+4.302031E+02,+3.584400E+04,+7.002071E-02,+5.779500E-07,+9.910000E+37,+4.302695E+02,+3.584400E+04,+6.842712E-02,+5.779500E-07,+9.910000E+37,+4.303369E+02,+3.584400E+04,-7.219840E-01,+0.000000E+00,+9.910000E+37,+4.304023E+02,+3.584400E+04
13:49:46,0e0,+7.612160E-02,+6.449500E-07,+9.910000E+37,+4.306172E+02,+3.584400E+04,+7.589391E-02,+6.449500E-07,+9.910000E+37,+4.306836E+02,+3.584400E+04,+7.598498E-02,+6.449500E-07,+9.910000E+37,+4.307510E+02,+3.584400E+04,-1.276288E+00,+0.000000E+00,+9.910000E+37,+4.308164E+02,+3.584400E+04
13:49:46,0e0,+8.317861E-02,+7.197000E-07,+9.910000E+37,+4.310352E+02,+3.584400E+04,+8.158442E-02,+7.197000E-07,+9.910000E+37,+4.311025E+02,+3.584400E+04,+8.276859E-02,+7.197000E-07,+9.910000E+37,+4.311680E+02,+3.584400E+04,-1.387519E+00,+0.000000E+00,+9.910000E+37,+4.312354E+02,+3.584400E+04
13:49:46,0e0,+9.078178E-02,+8.031000E-07,+9.910000E+37,+4.314551E+02,+3.584400E+04,+8.923361E-02,+8.031000E-07,+9.910000E+37,+4.315205E+02,+3.584400E+04,+8.896038E-02,+8.031000E-07,+9.910000E+37,+4.315879E+02,+3.584400E+04,-1.298187E+00,+0.000000E+00,+9.910000E+37,+4.316533E+02,+3.584400E+04
13:49:46,0e0,+9.642726E-02,+8.961500E-07,+9.910000E+37,+4.318760E+02,+3.584400E+04,+9.478733E-02,+8.961500E-07,+9.910000E+37,+4.319414E+02,+3.584400E+04,+9.579027E-02,+8.961500E-07,+9.910000E+37,+4.320078E+02,+3.584400E+04,-2.353063E+00,+0.000000E+00,+9.910000E+37,+4.320742E+02,+3.584400E+04
13:49:46,0e0,+1.043493E-01,+1.000000E-06,+9.910000E+37,+4.322920E+02,+3.584400E+04,+1.027102E-01,+1.000000E-06,+9.910000E+37,+4.323584E+02,+3.584400E+04,+1.021184E-01,+1.000000E-06,+9.910000E+37,+4.324258E+02,+3.584400E+04,-3.484025E+00,+0.000000E+00,+9.910000E+37,+4.324912E+02,+3.584400E+04
13:49:46,0e0,+9.724766E-02,+1.116000E-06,+9.910000E+37,+4.327148E+02,+3.584400E+04,+9.679118E-02,+1.116000E-06,+9.910000E+37,+4.327822E+02,+3.584400E+04,+9.674597E-02,+1.116000E-06,+9.910000E+37,+4.328486E+02,+3.584400E+04,-4.346800E-01,+0.000000E+00,+9.910000E+37,+4.329150E+02,+3.584400E+04
13:49:46,0e0,+1.031658E-01,+1.245000E-06,+9.910000E+37,+4.331367E+02,+3.584400E+04,+1.018450E-01,+1.245000E-06,+9.910000E+37,+4.332041E+02,+3.584400E+04,+1.025290E-01,+1.245000E-06,+9.910000E+37,+4.332695E+02,+3.584400E+04,-4.376394E-01,+0.000000E+00,+9.910000E+37,+4.333369E+02,+3.584400E+04
13:49:46,0e0,+1.075817E-01,+1.389500E-06,+9.910000E+37,+4.335586E+02,+3.584400E+04,+1.084014E-01,+1.389500E-06,+9.910000E+37,+4.336240E+02,+3.584400E+04,+1.095395E-01,+1.389500E-06,+9.910000E+37,+4.336904E+02,+3.584400E+04,-4.382771E-01,+0.000000E+00,+9.910000E+37,+4.337568E+02,+3.584400E+04
13:49:46,0e0,+1.135007E-01,+1.550500E-06,+9.910000E+37,+4.339795E+02,+3.584400E+04,+1.135920E-01,+1.550500E-06,+9.910000E+37,+4.340449E+02,+3.584400E+04,+1.133639E-01,+1.550500E-06,+9.910000E+37,+4.341123E+02,+3.584400E+04,-4.344064E-01,+0.000000E+00,+9.910000E+37,+4.341777E+02,+3.584400E+04
13:49:46,0e0,+1.192369E-01,+1.730000E-06,+9.910000E+37,+4.343975E+02,+3.584400E+04,+1.194658E-01,+1.730000E-06,+9.910000E+37,+4.344639E+02,+3.584400E+04,+1.199659E-01,+1.730000E-06,+9.910000E+37,+4.345313E+02,+3.584400E+04,-4.324029E-01,+0.000000E+00,+9.910000E+37,+4.345977E+02,+3.584400E+04
13:49:46,0e0,+1.245184E-01,+1.930500E-06,+9.910000E+37,+4.348184E+02,+3.584400E+04,+1.252016E-01,+1.930500E-06,+9.910000E+37,+4.348848E+02,+3.584400E+04,+1.247919E-01,+1.930500E-06,+9.910000E+37,+4.349521E+02,+3.584400E+04,-4.399161E-01,+0.000000E+00,+9.910000E+37,+4.350195E+02,+3.584400E+04
13:49:46,0e0,+1.298906E-01,+2.154500E-06,+9.910000E+37,+4.352402E+02,+3.584400E+04,+1.310747E-01,+2.154500E-06,+9.910000E+37,+4.353066E+02,+3.584400E+04,+1.307559E-01,+2.154500E-06,+9.910000E+37,+4.353740E+02,+3.584400E+04,-4.393696E-01,+0.000000E+00,+9.910000E+37,+4.354395E+02,+3.584400E+04
13:49:46,0e0,+1.360829E-01,+2.404000E-06,+9.910000E+37,+4.356602E+02,+3.584400E+04,+1.376763E-01,+2.404000E-06,+9.910000E+37,+4.357266E+02,+3.584400E+04,+1.373120E-01,+2.404000E-06,+9.910000E+37,+4.357920E+02,+3.584400E+04,-4.405076E-01,+0.000000E+00,+9.910000E+37,+4.358594E+02,+3.584400E+04
13:49:46,0e0,+1.429573E-01,+2.682500E-06,+9.910000E+37,+4.360830E+02,+3.584400E+04,+1.424567E-01,+2.682500E-06,+9.910000E+37,+4.361494E+02,+3.584400E+04,+1.435495E-01,+2.682500E-06,+9.910000E+37,+4.362158E+02,+3.584400E+04,-4.392326E-01,+0.000000E+00,+9.910000E+37,+4.362832E+02,+3.584400E+04
13:49:46,0e0,+1.496501E-01,+2.993500E-06,+9.910000E+37,+4.365020E+02,+3.584400E+04,+1.497414E-01,+2.993500E-06,+9.910000E+37,+4.365674E+02,+3.584400E+04,+1.505156E-01,+2.993500E-06,+9.910000E+37,+4.366348E+02,+3.584400E+04,-4.402800E-01,+0.000000E+00,+9.910000E+37,+4.367002E+02,+3.584400E+04
13:49:46,0e0,+1.573449E-01,+3.340500E-06,+9.910000E+37,+4.369229E+02,+3.584400E+04,+1.574362E-01,+3.340500E-06,+9.910000E+37,+4.369893E+02,+3.584400E+04,+1.556605E-01,+3.340500E-06,+9.910000E+37,+4.370557E+02,+3.584400E+04,-4.408723E-01,+0.000000E+00,+9.910000E+37,+4.371221E+02,+3.584400E+04
13:49:46,0e0,+1.633998E-01,+3.727500E-06,+9.910000E+37,+4.373379E+02,+3.584400E+04,+1.636279E-01,+3.727500E-06,+9.910000E+37,+4.374033E+02,+3.584400E+04,+1.634001E-01,+3.727500E-06,+9.910000E+37,+4.374707E+02,+3.584400E+04,-4.409630E-01,+0.000000E+00,+9.910000E+37,+4.375361E+02,+3.584400E+04
13:49:46,0e0,+1.698653E-01,+4.159500E-06,+9.910000E+37,+4.377539E+02,+3.584400E+04,+1.686353E-01,+4.159500E-06,+9.910000E+37,+4.378203E+02,+3.584400E+04,+1.709585E-01,+4.159500E-06,+9.910000E+37,+4.378867E+02,+3.584400E+04,-4.418734E-01,+0.000000E+00,+9.910000E+37,+4.379541E+02,+3.584400E+04
13:49:46,0e0,+1.785153E-01,+4.641500E-06,+9.910000E+37,+4.381748E+02,+3.584400E+04,+1.772406E-01,+4.641500E-06,+9.910000E+37,+4.382422E+02,+3.584400E+04,+1.781972E-01,+4.641500E-06,+9.910000E+37,+4.383076E+02,+3.584400E+04,-6.102952E-01,+0.000000E+00,+9.910000E+37,+4.383750E+02,+3.584400E+04
13:49:46,0e0,+1.840249E-01,+5.179500E-06,+9.910000E+37,+4.385967E+02,+3.584400E+04,+1.847081E-01,+5.179500E-06,+9.910000E+37,+4.386631E+02,+3.584400E+04,+1.862102E-01,+5.179500E-06,+9.910000E+37,+4.387295E+02,+3.584400E+04,-4.647761E-01,+0.000000E+00,+9.910000E+37,+4.387959E+02,+3.584400E+04
13:49:46,0e0,+1.927661E-01,+5.779500E-06,+9.910000E+37,+4.390166E+02,+3.584400E+04,+1.933126E-01,+5.779500E-06,+9.910000E+37,+4.390820E+02,+3.584400E+04,+1.924472E-01,+5.779500E-06,+9.910000E+37,+4.391484E+02,+3.584400E+04,-4.442412E-01,+0.000000E+00,+9.910000E+37,+4.392158E+02,+3.584400E+04
13:49:46,0e0,+2.008247E-01,+6.449500E-06,+9.910000E+37,+4.394355E+02,+3.584400E+04,+2.011894E-01,+6.449500E-06,+9.910000E+37,+4.395010E+02,+3.584400E+04,+2.016899E-01,+6.449500E-06,+9.910000E+37,+4.395684E+02,+3.584400E+04,-6.498166E-01,+0.000000E+00,+9.910000E+37,+4.396348E+02,+3.584400E+04
13:49:46,0e0,+2.089291E-01,+7.197000E-06,+9.910000E+37,+4.398564E+02,+3.584400E+04,+2.088378E-01,+7.197000E-06,+9.910000E+37,+4.399219E+02,+3.584400E+04,+2.091571E-01,+7.197000E-06,+9.910000E+37,+4.399893E+02,+3.584400E+04,-1.844886E+00,+0.000000E+00,+9.910000E+37,+4.400557E+02,+3.584400E+04
13:49:46,0e0,+2.188535E-01,+8.031000E-06,+9.910000E+37,+4.402783E+02,+3.584400E+04,+2.188098E-01,+8.031000E-06,+9.910000E+37,+4.403447E+02,+3.584400E+04,+2.190370E-01,+8.031000E-06,+9.910000E+37,+4.404121E+02,+3.584400E+04,-1.904258E+00,+0.000000E+00,+9.910000E+37,+4.404785E+02,+3.584400E+04
13:49:46,0e0,+2.270487E-01,+8.961500E-06,+9.910000E+37,+4.407012E+02,+3.584400E+04,+2.271403E-01,+8.961500E-06,+9.910000E+37,+4.407676E+02,+3.584400E+04,+2.274134E-01,+8.961500E-06,+9.910000E+37,+4.408350E+02,+3.584400E+04,-1.769851E+00,+0.000000E+00,+9.910000E+37,+4.409004E+02,+3.584400E+04
13:49:46,0e0,+2.370657E-01,+1.000000E-05,+9.910000E+37,+4.411172E+02,+3.584400E+04,+2.380676E-01,+1.000000E-05,+9.910000E+37,+4.411836E+02,+3.584400E+04,+2.368386E-01,+1.000000E-05,+9.910000E+37,+4.412510E+02,+3.584400E+04,-2.517386E+00,+0.000000E+00,+9.910000E+37,+4.413164E+02,+3.584400E+04
13:49:46,0e0,+2.350168E-01,+1.116000E-05,+9.910000E+37,+4.415342E+02,+3.584400E+04,+2.354734E-01,+1.116000E-05,+9.910000E+37,+4.416006E+02,+3.584400E+04,+2.346983E-01,+1.116000E-05,+9.910000E+37,+4.416670E+02,+3.584400E+04,-4.505244E-01,+0.000000E+00,+9.910000E+37,+4.417334E+02,+3.584400E+04
13:49:46,0e0,+2.432128E-01,+1.245000E-05,+9.910000E+37,+4.419453E+02,+3.584400E+04,+2.440772E-01,+1.245000E-05,+9.910000E+37,+4.420117E+02,+3.584400E+04,+2.434401E-01,+1.245000E-05,+9.910000E+37,+4.420791E+02,+3.584400E+04,-4.497960E-01,+0.000000E+00,+9.910000E+37,+4.421455E+02,+3.584400E+04
13:49:46,0e0,+2.527741E-01,+1.389500E-05,+9.910000E+37,+4.423604E+02,+3.584400E+04,+2.530473E-01,+1.389500E-05,+9.910000E+37,+4.424268E+02,+3.584400E+04,+2.523635E-01,+1.389500E-05,+9.910000E+37,+4.424932E+02,+3.584400E+04,-4.507068E-01,+0.000000E+00,+9.910000E+37,+4.425596E+02,+3.584400E+04
13:49:46,0e0,+2.597835E-01,+1.550500E-05,+9.910000E+37,+4.427734E+02,+3.584400E+04,+2.628810E-01,+1.550500E-05,+9.910000E+37,+4.428398E+02,+3.584400E+04,+2.611501E-01,+1.550500E-05,+9.910000E+37,+4.429072E+02,+3.584400E+04,-4.379578E-01,+0.000000E+00,+9.910000E+37,+4.429727E+02,+3.584400E+04
13:49:46,0e0,+2.732162E-01,+1.730000E-05,+9.910000E+37,+4.431895E+02,+3.584400E+04,+2.707573E-01,+1.730000E-05,+9.910000E+37,+4.432568E+02,+3.584400E+04,+2.711216E-01,+1.730000E-05,+9.910000E+37,+4.433232E+02,+3.584400E+04,-4.379582E-01,+0.000000E+00,+9.910000E+37,+4.433896E+02,+3.584400E+04
13:49:46,0e0,+2.809097E-01,+1.930500E-05,+9.910000E+37,+4.436055E+02,+3.584400E+04,+2.839155E-01,+1.930500E-05,+9.910000E+37,+4.436729E+02,+3.584400E+04,+2.818212E-01,+1.930500E-05,+9.910000E+37,+4.437402E+02,+3.584400E+04,-4.453796E-01,+0.000000E+00,+9.910000E+37,+4.438066E+02,+3.584400E+04
13:49:46,0e0,+2.929299E-01,+2.154500E-05,+9.910000E+37,+4.440264E+02,+3.584400E+04,+2.916545E-01,+2.154500E-05,+9.910000E+37,+4.440918E+02,+3.584400E+04,+2.910181E-01,+2.154500E-05,+9.910000E+37,+4.441582E+02,+3.584400E+04,-4.512988E-01,+0.000000E+00,+9.910000E+37,+4.442246E+02,+3.584400E+04
13:49:46,0e0,+3.023081E-01,+2.404000E-05,+9.910000E+37,+4.444453E+02,+3.584400E+04,+3.016708E-01,+2.404000E-05,+9.910000E+37,+4.445117E+02,+3.584400E+04,+3.022630E-01,+2.404000E-05,+9.910000E+37,+4.445791E+02,+3.584400E+04,-4.517086E-01,+0.000000E+00,+9.910000E+37,+4.446455E+02,+3.584400E+04
13:49:46,0e0,+3.138272E-01,+2.682500E-05,+9.910000E+37,+4.448564E+02,+3.584400E+04,+3.130987E-01,+2.682500E-05,+9.910000E+37,+4.449219E+02,+3.584400E+04,+3.138730E-01,+2.682500E-05,+9.910000E+37,+4.449893E+02,+3.584400E+04,-4.512078E-01,+0.000000E+00,+9.910000E+37,+4.450547E+02,+3.584400E+04
13:49:46,0e0,+3.253460E-01,+2.993500E-05,+9.910000E+37,+4.452705E+02,+3.584400E+04,+3.242533E-01,+2.993500E-05,+9.910000E+37,+4.453379E+02,+3.584400E+04,+3.247991E-01,+2.993500E-05,+9.910000E+37,+4.454043E+02,+3.584400E+04,-4.512535E-01,+0.000000E+00,+9.910000E+37,+4.454717E+02,+3.584400E+04
13:49:46,0e0,+3.354074E-01,+3.340500E-05,+9.910000E+37,+4.456885E+02,+3.584400E+04,+3.351352E-01,+3.340500E-05,+9.910000E+37,+4.457559E+02,+3.584400E+04,+3.352251E-01,+3.340500E-05,+9.910000E+37,+4.458223E+02,+3.584400E+04,-4.516172E-01,+0.000000E+00,+9.910000E+37,+4.458896E+02,+3.584400E+04
13:49:46,0e0,+3.472911E-01,+3.727500E-05,+9.910000E+37,+4.461074E+02,+3.584400E+04,+3.472909E-01,+3.727500E-05,+9.910000E+37,+4.461748E+02,+3.584400E+04,+3.474733E-01,+3.727500E-05,+9.910000E+37,+4.462402E+02,+3.584400E+04,-4.533475E-01,+0.000000E+00,+9.910000E+37,+4.463076E+02,+3.584400E+04
13:49:46,0e0,+3.591288E-01,+4.159500E-05,+9.910000E+37,+4.465234E+02,+3.584400E+04,+3.592206E-01,+4.159500E-05,+9.910000E+37,+4.465889E+02,+3.584400E+04,+3.593104E-01,+4.159500E-05,+9.910000E+37,+4.466563E+02,+3.584400E+04,-4.539393E-01,+0.000000E+00,+9.910000E+37,+4.467217E+02,+3.584400E+04
13:49:46,0e0,+3.696901E-01,+4.641500E-05,+9.910000E+37,+4.469385E+02,+3.584400E+04,+3.707834E-01,+4.641500E-05,+9.910000E+37,+4.470059E+02,+3.584400E+04,+3.707380E-01,+4.641500E-05,+9.910000E+37,+4.470713E+02,+3.584400E+04,-4.547133E-01,+0.000000E+00,+9.910000E+37,+4.471387E+02,+3.584400E+04
13:49:46,0e0,+3.836233E-01,+5.179500E-05,+9.910000E+37,+4.473594E+02,+3.584400E+04,+3.828486E-01,+5.179500E-05,+9.910000E+37,+4.474268E+02,+3.584400E+04,+3.833042E-01,+5.179500E-05,+9.910000E+37,+4.474922E+02,+3.584400E+04,-4.544857E-01,+0.000000E+00,+9.910000E+37,+4.475586E+02,+3.584400E+04
13:49:46,0e0,+3.967820E-01,+5.779500E-05,+9.910000E+37,+4.477783E+02,+3.584400E+04,+3.943673E-01,+5.779500E-05,+9.910000E+37,+4.478457E+02,+3.584400E+04,+3.960526E-01,+5.779500E-05,+9.910000E+37,+4.479111E+02,+3.584400E+04,-5.931751E-01,+0.000000E+00,+9.910000E+37,+4.479824E+02,+3.584400E+04
13:49:46,0e0,+4.099849E-01,+6.449500E-05,+9.910000E+37,+4.482012E+02,+3.584400E+04,+4.088000E-01,+6.449500E-05,+9.910000E+37,+4.482676E+02,+3.584400E+04,+4.088466E-01,+6.449500E-05,+9.910000E+37,+4.483350E+02,+3.584400E+04,-8.141406E-01,+0.000000E+00,+9.910000E+37,+4.484063E+02,+3.584400E+04
13:49:46,0e0,+4.215474E-01,+7.197000E-05,+9.910000E+37,+4.486191E+02,+3.584400E+04,+4.227327E-01,+7.197000E-05,+9.910000E+37,+4.486855E+02,+3.584400E+04,+4.222316E-01,+7.197000E-05,+9.910000E+37,+4.487520E+02,+3.584400E+04,-1.322592E+00,+0.000000E+00,+9.910000E+37,+4.488184E+02,+3.584400E+04
13:49:46,0e0,+4.362997E-01,+8.031000E-05,+9.910000E+37,+4.490332E+02,+3.584400E+04,+4.342963E-01,+8.031000E-05,+9.910000E+37,+4.491006E+02,+3.584400E+04,+4.351156E-01,+8.031000E-05,+9.910000E+37,+4.491670E+02,+3.584400E+04,-1.862185E+00,+0.000000E+00,+9.910000E+37,+4.492344E+02,+3.584400E+04
13:49:46,0e0,+4.480006E-01,+8.961500E-05,+9.910000E+37,+4.494482E+02,+3.584400E+04,+4.490931E-01,+8.961500E-05,+9.910000E+37,+4.495146E+02,+3.584400E+04,+4.496851E-01,+8.961500E-05,+9.910000E+37,+4.495801E+02,+3.584400E+04,-2.464254E+00,+0.000000E+00,+9.910000E+37,+4.496475E+02,+3.584400E+04
13:49:46,0e0,+4.622964E-01,+1.000000E-04,+9.910000E+37,+4.498584E+02,+3.584400E+04,+4.626151E-01,+1.000000E-04,+9.910000E+37,+4.499248E+02,+3.584400E+04,+4.619321E-01,+1.000000E-04,+9.910000E+37,+4.499912E+02,+3.584400E+04,-2.431330E+00,+0.000000E+00,+9.910000E+37,+4.500586E+02,+3.584400E+04
13:49:46,0e0,+4.642989E-01,+1.116000E-04,+9.910000E+37,+4.502764E+02,+3.584400E+04,+4.640263E-01,+1.116000E-04,+9.910000E+37,+4.503428E+02,+3.584400E+04,+4.647553E-01,+1.116000E-04,+9.910000E+37,+4.504102E+02,+3.584400E+04,-4.908202E-01,+0.000000E+00,+9.910000E+37,+4.504766E+02,+3.584400E+04
13:49:46,0e0,+4.771392E-01,+1.245000E-04,+9.910000E+37,+4.506943E+02,+3.584400E+04,+4.759547E-01,+1.245000E-04,+9.910000E+37,+4.507617E+02,+3.584400E+04,+4.759101E-01,+1.245000E-04,+9.910000E+37,+4.508271E+02,+3.584400E+04,-4.883612E-01,+0.000000E+00,+9.910000E+37,+4.508945E+02,+3.584400E+04
13:49:46,0e0,+4.902982E-01,+1.389500E-04,+9.910000E+37,+4.511172E+02,+3.584400E+04,+4.902523E-01,+1.389500E-04,+9.910000E+37,+4.511826E+02,+3.584400E+04,+4.892941E-01,+1.389500E-04,+9.910000E+37,+4.512500E+02,+3.584400E+04,-4.678271E-01,+0.000000E+00,+9.910000E+37,+4.513154E+02,+3.584400E+04
13:49:46,0e0,+5.050938E-01,+1.550500E-04,+9.910000E+37,+4.515391E+02,+3.584400E+04,+5.022712E-01,+1.550500E-04,+9.910000E+37,+4.516055E+02,+3.584400E+04,+5.045484E-01,+1.550500E-04,+9.910000E+37,+4.516729E+02,+3.584400E+04,-4.918217E-01,+0.000000E+00,+9.910000E+37,+4.517383E+02,+3.584400E+04
13:49:46,0e0,+5.172048E-01,+1.730000E-04,+9.910000E+37,+4.519600E+02,+3.584400E+04,+5.160657E-01,+1.730000E-04,+9.910000E+37,+4.520254E+02,+3.584400E+04,+5.162477E-01,+1.730000E-04,+9.910000E+37,+4.520928E+02,+3.584400E+04,-4.921857E-01,+0.000000E+00,+9.910000E+37,+4.521582E+02,+3.584400E+04
13:49:46,0e0,+5.310000E-01,+1.930500E-04,+9.910000E+37,+4.523799E+02,+3.584400E+04,+5.314547E-01,+1.930500E-04,+9.910000E+37,+4.524473E+02,+3.584400E+04,+5.294954E-01,+1.930500E-04,+9.910000E+37,+4.525127E+02,+3.584400E+04,-4.845364E-01,+0.000000E+00,+9.910000E+37,+4.525801E+02,+3.584400E+04
13:49:46,0e0,+5.447504E-01,+2.154500E-04,+9.910000E+37,+4.528018E+02,+3.584400E+04,+5.428360E-01,+2.154500E-04,+9.910000E+37,+4.528672E+02,+3.584400E+04,+5.452503E-01,+2.154500E-04,+9.910000E+37,+4.529346E+02,+3.584400E+04,-4.907746E-01,+0.000000E+00,+9.910000E+37,+4.530000E+02,+3.584400E+04
13:49:46,0e0,+5.585894E-01,+2.404000E-04,+9.910000E+37,+4.532217E+02,+3.584400E+04,+5.584526E-01,+2.404000E-04,+9.910000E+37,+4.532871E+02,+3.584400E+04,+5.599549E-01,+2.404000E-04,+9.910000E+37,+4.533535E+02,+3.584400E+04,-4.908200E-01,+0.000000E+00,+9.910000E+37,+4.534209E+02,+3.584400E+04
13:49:46,0e0,+5.734768E-01,+2.682500E-04,+9.910000E+37,+4.536367E+02,+3.584400E+04,+5.745699E-01,+2.682500E-04,+9.910000E+37,+4.537090E+02,+3.584400E+04,+5.743877E-01,+2.682500E-04,+9.910000E+37,+4.537764E+02,+3.584400E+04,-4.930972E-01,+0.000000E+00,+9.910000E+37,+4.538418E+02,+3.584400E+04
13:49:46,0e0,+5.885023E-01,+2.993500E-04,+9.910000E+37,+4.540605E+02,+3.584400E+04,+5.872728E-01,+2.993500E-04,+9.910000E+37,+4.541260E+02,+3.584400E+04,+5.892761E-01,+2.993500E-04,+9.910000E+37,+4.541934E+02,+3.584400E+04,-4.973309E-01,+0.000000E+00,+9.910000E+37,+4.542598E+02,+3.584400E+04
13:49:46,0e0,+6.033888E-01,+3.340500E-04,+9.910000E+37,+4.544785E+02,+3.584400E+04,+6.028879E-01,+3.340500E-04,+9.910000E+37,+4.545449E+02,+3.584400E+04,+6.038013E-01,+3.340500E-04,+9.910000E+37,+4.546123E+02,+3.584400E+04,-4.950088E-01,+0.000000E+00,+9.910000E+37,+4.546777E+02,+3.584400E+04
13:49:46,0e0,+6.199620E-01,+3.727500E-04,+9.910000E+37,+4.549004E+02,+3.584400E+04,+6.189149E-01,+3.727500E-04,+9.910000E+37,+4.549668E+02,+3.584400E+04,+6.196898E-01,+3.727500E-04,+9.910000E+37,+4.550342E+02,+3.584400E+04,-4.744738E-01,+0.000000E+00,+9.910000E+37,+4.551016E+02,+3.584400E+04
13:49:46,0e0,+6.362613E-01,+4.159500E-04,+9.910000E+37,+4.553242E+02,+3.584400E+04,+6.369455E-01,+4.159500E-04,+9.910000E+37,+4.553896E+02,+3.584400E+04,+6.356243E-01,+4.159500E-04,+9.910000E+37,+4.554561E+02,+3.584400E+04,-4.957827E-01,+0.000000E+00,+9.910000E+37,+4.555234E+02,+3.584400E+04
13:49:46,0e0,+6.522883E-01,+4.641500E-04,+9.910000E+37,+4.557451E+02,+3.584400E+04,+6.541098E-01,+4.641500E-04,+9.910000E+37,+4.558115E+02,+3.584400E+04,+6.542925E-01,+4.641500E-04,+9.910000E+37,+4.558789E+02,+3.584400E+04,-4.970574E-01,+0.000000E+00,+9.910000E+37,+4.559453E+02,+3.584400E+04
13:49:46,0e0,+6.716844E-01,+5.179500E-04,+9.910000E+37,+4.561670E+02,+3.584400E+04,+6.727309E-01,+5.179500E-04,+9.910000E+37,+4.562324E+02,+3.584400E+04,+6.712726E-01,+5.179500E-04,+9.910000E+37,+4.562988E+02,+3.584400E+04,-4.991521E-01,+0.000000E+00,+9.910000E+37,+4.563662E+02,+3.584400E+04
13:49:46,0e0,+6.880730E-01,+5.779500E-04,+9.910000E+37,+4.565879E+02,+3.584400E+04,+6.879361E-01,+5.779500E-04,+9.910000E+37,+4.566533E+02,+3.584400E+04,+6.883008E-01,+5.779500E-04,+9.910000E+37,+4.567207E+02,+3.584400E+04,-4.973765E-01,+0.000000E+00,+9.910000E+37,+4.567861E+02,+3.584400E+04
13:49:46,0e0,+7.076967E-01,+6.449500E-04,+9.910000E+37,+4.570098E+02,+3.584400E+04,+7.063299E-01,+6.449500E-04,+9.910000E+37,+4.570762E+02,+3.584400E+04,+7.065126E-01,+6.449500E-04,+9.910000E+37,+4.571436E+02,+3.584400E+04,-4.963747E-01,+0.000000E+00,+9.910000E+37,+4.572100E+02,+3.584400E+04
13:49:46,0e0,+7.271367E-01,+7.197000E-04,+9.910000E+37,+4.574316E+02,+3.584400E+04,+7.254974E-01,+7.197000E-04,+9.910000E+37,+4.574980E+02,+3.584400E+04,+7.262272E-01,+7.197000E-04,+9.910000E+37,+4.575645E+02,+3.584400E+04,-7.671070E-01,+0.000000E+00,+9.910000E+37,+4.576318E+02,+3.584400E+04
13:49:46,0e0,+7.467154E-01,+8.031000E-04,+9.910000E+37,+4.578535E+02,+3.584400E+04,+7.455757E-01,+8.031000E-04,+9.910000E+37,+4.579199E+02,+3.584400E+04,+7.468515E-01,+8.031000E-04,+9.910000E+37,+4.579863E+02,+3.584400E+04,-8.715102E-01,+0.000000E+00,+9.910000E+37,+4.580527E+02,+3.584400E+04
13:49:46,0e0,+7.676125E-01,+8.961500E-04,+9.910000E+37,+4.582754E+02,+3.584400E+04,+7.661104E-01,+8.961500E-04,+9.910000E+37,+4.583428E+02,+3.584400E+04,+7.652439E-01,+8.961500E-04,+9.910000E+37,+4.584082E+02,+3.584400E+04,-4.998356E-01,+0.000000E+00,+9.910000E+37,+4.584756E+02,+3.584400E+04
13:49:46,0e0,+7.890105E-01,+1.000000E-03,+9.910000E+37,+4.586934E+02,+3.584400E+04,+7.880555E-01,+1.000000E-03,+9.910000E+37,+4.587598E+02,+3.584400E+04,+7.879177E-01,+1.000000E-03,+9.910000E+37,+4.588262E+02,+3.584400E+04,-5.017020E-01,+0.000000E+00,+9.910000E+37,+4.588936E+02,+3.584400E+04
13:49:46,0e0,+7.983897E-01,+1.116000E-03,+9.910000E+37,+4.591221E+02,+3.584400E+04,+7.974330E-01,+1.116000E-03,+9.910000E+37,+4.591885E+02,+3.584400E+04,+7.995292E-01,+1.116000E-03,+9.910000E+37,+4.592549E+02,+3.584400E+04,-9.118501E-01,+0.000000E+00,+9.910000E+37,+4.593213E+02,+3.584400E+04
13:49:46,0e0,+8.203814E-01,+1.245000E-03,+9.910000E+37,+4.595420E+02,+3.584400E+04,+8.199234E-01,+1.245000E-03,+9.910000E+37,+4.596094E+02,+3.584400E+04,+8.212450E-01,+1.245000E-03,+9.910000E+37,+4.596748E+02,+3.584400E+04,-7.286772E-01,+0.000000E+00,+9.910000E+37,+4.597422E+02,+3.584400E+04
13:49:46,0e0,+8.437350E-01,+1.389500E-03,+9.910000E+37,+4.599648E+02,+3.584400E+04,+8.434632E-01,+1.389500E-03,+9.910000E+37,+4.600322E+02,+3.584400E+04,+8.436456E-01,+1.389500E-03,+9.910000E+37,+4.600986E+02,+3.584400E+04,-8.477419E-01,+0.000000E+00,+9.910000E+37,+4.601660E+02,+3.584400E+04
13:49:46,0e0,+8.674572E-01,+1.550500E-03,+9.910000E+37,+4.603877E+02,+3.584400E+04,+8.680023E-01,+1.550500E-03,+9.910000E+37,+4.604541E+02,+3.584400E+04,+8.689129E-01,+1.550500E-03,+9.910000E+37,+4.605215E+02,+3.584400E+04,-1.000411E+00,+0.000000E+00,+9.910000E+37,+4.605889E+02,+3.584400E+04
13:49:46,0e0,+8.941369E-01,+1.730000E-03,+9.910000E+37,+4.608076E+02,+3.584400E+04,+8.942277E-01,+1.730000E-03,+9.910000E+37,+4.608740E+02,+3.584400E+04,+8.936806E-01,+1.730000E-03,+9.910000E+37,+4.609404E+02,+3.584400E+04,-9.817865E-01,+0.000000E+00,+9.910000E+37,+4.610078E+02,+3.584400E+04
13:49:46,0e0,+9.203135E-01,+1.930500E-03,+9.910000E+37,+4.612275E+02,+3.584400E+04,+9.197227E-01,+1.930500E-03,+9.910000E+37,+4.612930E+02,+3.584400E+04,+9.209526E-01,+1.930500E-03,+9.910000E+37,+4.613604E+02,+3.584400E+04,-7.404241E-01,+0.000000E+00,+9.910000E+37,+4.614258E+02,+3.584400E+04
13:49:46,0e0,+9.491789E-01,+2.154500E-03,+9.910000E+37,+4.616426E+02,+3.584400E+04,+9.485883E-01,+2.154500E-03,+9.910000E+37,+4.617100E+02,+3.584400E+04,+9.480882E-01,+2.154500E-03,+9.910000E+37,+4.617754E+02,+3.584400E+04,-7.884598E-01,+0.000000E+00,+9.910000E+37,+4.618428E+02,+3.584400E+04
13:49:46,0e0,+9.781369E-01,+2.404000E-03,+9.910000E+37,+4.620635E+02,+3.584400E+04,+9.781377E-01,+2.404000E-03,+9.910000E+37,+4.621299E+02,+3.584400E+04,+9.786379E-01,+2.404000E-03,+9.910000E+37,+4.621963E+02,+3.584400E+04,-8.094506E-01,+0.000000E+00,+9.910000E+37,+4.622637E+02,+3.584400E+04
13:49:46,0e0,+1.009006E+00,+2.682500E-03,+9.910000E+37,+4.624902E+02,+3.584400E+04,+1.009324E+00,+2.682500E-03,+9.910000E+37,+4.625576E+02,+3.584400E+04,+1.008776E+00,+2.682500E-03,+9.910000E+37,+4.626240E+02,+3.584400E+04,-9.021074E-01,+0.000000E+00,+9.910000E+37,+4.626914E+02,+3.584400E+04
13:49:46,0e0,+1.042698E+00,+2.993500E-03,+9.910000E+37,+4.629131E+02,+3.584400E+04,+1.042880E+00,+2.993500E-03,+9.910000E+37,+4.629795E+02,+3.584400E+04,+1.041877E+00,+2.993500E-03,+9.910000E+37,+4.630459E+02,+3.584400E+04,-6.915231E-01,+0.000000E+00,+9.910000E+37,+4.631123E+02,+3.584400E+04
13:49:46,0e0,+1.076980E+00,+3.340500E-03,+9.910000E+37,+4.633340E+02,+3.584400E+04,+1.076298E+00,+3.340500E-03,+9.910000E+37,+4.633994E+02,+3.584400E+04,+1.075794E+00,+3.340500E-03,+9.910000E+37,+4.634658E+02,+3.584400E+04,-9.367571E-01,+0.000000E+00,+9.910000E+37,+4.635332E+02,+3.584400E+04
13:49:46,0e0,+1.112491E+00,+3.727500E-03,+9.910000E+37,+4.637607E+02,+3.584400E+04,+1.114539E+00,+3.727500E-03,+9.910000E+37,+4.638262E+02,+3.584400E+04,+1.113676E+00,+3.727500E-03,+9.910000E+37,+4.638926E+02,+3.584400E+04,-8.640881E-01,+0.000000E+00,+9.910000E+37,+4.639609E+02,+3.584400E+04
13:49:46,0e0,+1.152190E+00,+4.159500E-03,+9.910000E+37,+4.641875E+02,+3.584400E+04,+1.153420E+00,+4.159500E-03,+9.910000E+37,+4.642529E+02,+3.584400E+04,+1.151965E+00,+4.159500E-03,+9.910000E+37,+4.643193E+02,+3.584400E+04,-9.938511E-01,+0.000000E+00,+9.910000E+37,+4.643867E+02,+3.584400E+04
13:49:46,0e0,+1.193667E+00,+4.641500E-03,+9.910000E+37,+4.646133E+02,+3.584400E+04,+1.193806E+00,+4.641500E-03,+9.910000E+37,+4.646797E+02,+3.584400E+04,+1.193578E+00,+4.641500E-03,+9.910000E+37,+4.647471E+02,+3.584400E+04,-8.196042E-01,+0.000000E+00,+9.910000E+37,+4.648125E+02,+3.584400E+04
13:49:46,0e0,+1.238425E+00,+5.179500E-03,+9.910000E+37,+4.650342E+02,+3.584400E+04,+1.237151E+00,+5.179500E-03,+9.910000E+37,+4.651016E+02,+3.584400E+04,+1.236512E+00,+5.179500E-03,+9.910000E+37,+4.651680E+02,+3.584400E+04,-7.310895E-01,+0.000000E+00,+9.910000E+37,+4.652344E+02,+3.584400E+04
13:49:46,0e0,+1.283726E+00,+5.779500E-03,+9.910000E+37,+4.654570E+02,+3.584400E+04,+1.283498E+00,+5.779500E-03,+9.910000E+37,+4.655244E+02,+3.584400E+04,+1.283498E+00,+5.779500E-03,+9.910000E+37,+4.655908E+02,+3.584400E+04,-9.522831E-01,+0.000000E+00,+9.910000E+37,+4.656572E+02,+3.584400E+04
13:49:46,0e0,+1.333990E+00,+6.449500E-03,+9.910000E+37,+4.658779E+02,+3.584400E+04,+1.332761E+00,+6.449500E-03,+9.910000E+37,+4.659453E+02,+3.584400E+04,+1.331895E+00,+6.449500E-03,+9.910000E+37,+4.660107E+02,+3.584400E+04,-1.001776E+00,+0.000000E+00,+9.910000E+37,+4.660781E+02,+3.584400E+04
13:49:46,0e0,+1.386574E+00,+7.197000E-03,+9.910000E+37,+4.662988E+02,+3.584400E+04,+1.384344E+00,+7.197000E-03,+9.910000E+37,+4.663662E+02,+3.584400E+04,+1.384574E+00,+7.197000E-03,+9.910000E+37,+4.664316E+02,+3.584400E+04,-8.418676E-01,+0.000000E+00,+9.910000E+37,+4.664990E+02,+3.584400E+04
13:49:46,0e0,+1.440892E+00,+8.031000E-03,+9.910000E+37,+4.667207E+02,+3.584400E+04,+1.439981E+00,+8.031000E-03,+9.910000E+37,+4.667861E+02,+3.584400E+04,+1.440574E+00,+8.031000E-03,+9.910000E+37,+4.668525E+02,+3.584400E+04,-7.440212E-01,+0.000000E+00,+9.910000E+37,+4.669199E+02,+3.584400E+04
13:49:46,0e0,+1.499851E+00,+8.961500E-03,+9.910000E+37,+4.671465E+02,+3.584400E+04,+1.498711E+00,+8.961500E-03,+9.910000E+37,+4.672129E+02,+3.584400E+04,+1.498395E+00,+8.961500E-03,+9.910000E+37,+4.672803E+02,+3.584400E+04,-1.035196E+00,+0.000000E+00,+9.910000E+37,+4.673477E+02,+3.584400E+04
