10:35:37,0e0,+1.802512E+01,+1.000000E-07,+9.910000E+37,+1.316073E+03,+3.584400E+04,+4.244537E+01,+1.000000E-07,+9.910000E+37,+1.316140E+03,+3.584400E+04,+6.653964E+01,+1.000000E-07,+9.910000E+37,+1.316206E+03,+3.584400E+04,+8.445172E+01,+0.000000E+00,+9.910000E+37,+1.316272E+03,+3.584400E+04
10:35:37,0e0,+2.004470E+01,+1.116000E-07,+9.910000E+37,+1.316497E+03,+3.584400E+04,+4.742318E+01,+1.116000E-07,+9.910000E+37,+1.316563E+03,+3.584400E+04,+7.505600E+01,+1.116000E-07,+9.910000E+37,+1.316629E+03,+3.584400E+04,+9.452807E+01,+0.000000E+00,+9.910000E+37,+1.316695E+03,+3.584400E+04
10:35:37,0e0,+2.204971E+01,+1.245000E-07,+9.910000E+37,+1.316922E+03,+3.584400E+04,+5.271246E+01,+1.245000E-07,+9.910000E+37,+1.316989E+03,+3.584400E+04,+8.371925E+01,+1.245000E-07,+9.910000E+37,+1.317055E+03,+3.584400E+04,+1.053308E+02,+0.000000E+00,+9.910000E+37,+1.317121E+03,+3.584400E+04
10:35:37,0e0,+2.416958E+01,+1.389500E-07,+9.910000E+37,+1.317342E+03,+3.584400E+04,+5.839799E+01,+1.389500E-07,+9.910000E+37,+1.317407E+03,+3.584400E+04,+9.311825E+01,+1.389500E-07,+9.910000E+37,+1.317474E+03,+3.584400E+04,+1.172156E+02,+0.000000E+00,+9.910000E+37,+1.317540E+03,+3.584400E+04
10:35:37,0e0,+2.675281E+01,+1.550500E-07,+9.910000E+37,+1.317760E+03,+3.584400E+04,+6.486051E+01,+1.550500E-07,+9.910000E+37,+1.317827E+03,+3.584400E+04,+1.039237E+02,+1.550500E-07,+9.910000E+37,+1.317895E+03,+3.584400E+04,+1.308079E+02,+0.000000E+00,+9.910000E+37,+1.317962E+03,+3.584400E+04
10:35:37,0e0,+2.958835E+01,+1.730000E-07,+9.910000E+37,+1.318183E+03,+3.584400E+04,+7.217700E+01,+1.730000E-07,+9.910000E+37,+1.318249E+03,+3.584400E+04,+1.155402E+02,+1.730000E-07,+9.910000E+37,+1.318315E+03,+3.584400E+04,+1.454409E+02,+0.000000E+00,+9.910000E+37,+1.318383E+03,+3.584400E+04
10:35:37,0e0,+3.263111E+01,+1.930500E-07,+9.910000E+37,+1.318607E+03,+3.584400E+04,+8.070435E+01,+1.930500E-07,+9.910000E+37,+1.318674E+03,+3.584400E+04,+1.288997E+02,+1.930500E-07,+9.910000E+37,+1.318740E+03,+3.584400E+04,+1.623105E+02,+0.000000E+00,+9.910000E+37,+1.318807E+03,+3.584400E+04
10:35:37,0e0,+3.616822E+01,+2.154500E-07,+9.910000E+37,+1.319032E+03,+3.584400E+04,+9.003519E+01,+2.154500E-07,+9.910000E+37,+1.319100E+03,+3.584400E+04,+1.434452E+02,+2.154500E-07,+9.910000E+37,+1.319166E+03,+3.584400E+04,+1.807317E+02,+0.000000E+00,+9.910000E+37,+1.319231E+03,+3.584400E+04
10:35:37,0e0,+4.000669E+01,+2.404000E-07,+9.910000E+37,+1.319455E+03,+3.584400E+04,+1.000313E+02,+2.404000E-07,+9.910000E+37,+1.319521E+03,+3.584400E+04,+1.594324E+02,+2.404000E-07,+9.910000E+37,+1.319589E+03,+3.584400E+04,+2.009797E+02,+0.000000E+00,+9.910000E+37,+1.319656E+03,+3.584400E+04
10:35:37,0e0,+4.434658E+01,+2.682500E-07,+9.910000E+37,+1.319875E+03,+3.584400E+04,+1.115744E+02,+2.682500E-07,+9.910000E+37,+1.319942E+03,+3.584400E+04,+1.781489E+02,+2.682500E-07,+9.910000E+37,+1.320009E+03,+3.584400E+04,+2.244833E+02,+0.000000E+00,+9.910000E+37,+1.320075E+03,+3.584400E+04
10:35:37,0e0,+4.926263E+01,+2.993500E-07,+9.910000E+37,+1.320294E+03,+3.584400E+04,+1.241442E+02,+2.993500E-07,+9.910000E+37,+1.320360E+03,+3.584400E+04,+1.983616E+02,+2.993500E-07,+9.910000E+37,+1.320428E+03,+3.584400E+04,+2.499806E+02,+0.000000E+00,+9.910000E+37,+1.320494E+03,+3.584400E+04
10:35:37,0e0,+5.464290E+01,+3.340500E-07,+9.910000E+37,+1.320716E+03,+3.584400E+04,+1.384827E+02,+3.340500E-07,+9.910000E+37,+1.320782E+03,+3.584400E+04,+2.213336E+02,+3.340500E-07,+9.910000E+37,+1.320849E+03,+3.584400E+04,+2.786531E+02,+0.000000E+00,+9.910000E+37,+1.320915E+03,+3.584400E+04
10:35:37,0e0,+6.038826E+01,+3.727500E-07,+9.910000E+37,+1.321141E+03,+3.584400E+04,+1.540038E+02,+3.727500E-07,+9.910000E+37,+1.321208E+03,+3.584400E+04,+2.464600E+02,+3.727500E-07,+9.910000E+37,+1.321274E+03,+3.584400E+04,+3.099641E+02,+0.000000E+00,+9.910000E+37,+1.321341E+03,+3.584400E+04
10:35:37,0e0,+6.700582E+01,+4.159500E-07,+9.910000E+37,+1.321563E+03,+3.584400E+04,+1.718242E+02,+4.159500E-07,+9.910000E+37,+1.321630E+03,+3.584400E+04,+2.752640E+02,+4.159500E-07,+9.910000E+37,+1.321696E+03,+3.584400E+04,+3.455670E+02,+0.000000E+00,+9.910000E+37,+1.321763E+03,+3.584400E+04
10:35:37,0e0,+7.447520E+01,+4.641500E-07,+9.910000E+37,+1.321982E+03,+3.584400E+04,+1.913040E+02,+4.641500E-07,+9.910000E+37,+1.322050E+03,+3.584400E+04,+3.068805E+02,+4.641500E-07,+9.910000E+37,+1.322117E+03,+3.584400E+04,+3.844806E+02,+0.000000E+00,+9.910000E+37,+1.322185E+03,+3.584400E+04
10:35:37,0e0,+8.305025E+01,+5.179500E-07,+9.910000E+37,+1.322408E+03,+3.584400E+04,+2.133389E+02,+5.179500E-07,+9.910000E+37,+1.322475E+03,+3.584400E+04,+3.420449E+02,+5.179500E-07,+9.910000E+37,+1.322541E+03,+3.584400E+04,+4.276238E+02,+0.000000E+00,+9.910000E+37,+1.322607E+03,+3.584400E+04
10:35:37,0e0,+9.227917E+01,+5.779500E-07,+9.910000E+37,+1.322828E+03,+3.584400E+04,+2.370665E+02,+5.779500E-07,+9.910000E+37,+1.322895E+03,+3.584400E+04,+3.808330E+02,+5.779500E-07,+9.910000E+37,+1.322961E+03,+3.584400E+04,+4.749711E+02,+0.000000E+00,+9.910000E+37,+1.323027E+03,+3.584400E+04
10:35:37,0e0,+1.028712E+02,+6.449500E-07,+9.910000E+37,+1.323245E+03,+3.584400E+04,+2.639498E+02,+6.449500E-07,+9.910000E+37,+1.323312E+03,+3.584400E+04,+4.236616E+02,+6.449500E-07,+9.910000E+37,+1.323379E+03,+3.584400E+04,+5.274206E+02,+0.000000E+00,+9.910000E+37,+1.323446E+03,+3.584400E+04
10:35:37,0e0,+1.146753E+02,+7.197000E-07,+9.910000E+37,+1.323665E+03,+3.584400E+04,+2.946900E+02,+7.197000E-07,+9.910000E+37,+1.323731E+03,+3.584400E+04,+4.734725E+02,+7.197000E-07,+9.910000E+37,+1.323798E+03,+3.584400E+04,+5.877087E+02,+0.000000E+00,+9.910000E+37,+1.323864E+03,+3.584400E+04
10:35:37,0e0,+1.275267E+02,+8.031000E-07,+9.910000E+37,+1.324084E+03,+3.584400E+04,+3.281712E+02,+8.031000E-07,+9.910000E+37,+1.324150E+03,+3.584400E+04,+5.273917E+02,+8.031000E-07,+9.910000E+37,+1.324218E+03,+3.584400E+04,+6.532397E+02,+0.000000E+00,+9.910000E+37,+1.324284E+03,+3.584400E+04
10:35:37,0e0,+1.416908E+02,+8.961500E-07,+9.910000E+37,+1.324505E+03,+3.584400E+04,+3.661697E+02,+8.961500E-07,+9.910000E+37,+1.324571E+03,+3.584400E+04,+5.892918E+02,+8.961500E-07,+9.910000E+37,+1.324638E+03,+3.584400E+04,+7.282485E+02,+0.000000E+00,+9.910000E+37,+1.324705E+03,+3.584400E+04
10:35:37,0e0,+1.579181E+02,+1.000000E-06,+9.910000E+37,+1.324922E+03,+3.584400E+04,+4.078395E+02,+1.000000E-06,+9.910000E+37,+1.324988E+03,+3.584400E+04,+6.568334E+02,+1.000000E-06,+9.910000E+37,+1.325055E+03,+3.584400E+04,+8.106186E+02,+0.000000E+00,+9.910000E+37,+1.325121E+03,+3.584400E+04
10:35:37,0e0,+9.641658E+01,+1.116000E-06,+9.910000E+37,+1.325344E+03,+3.584400E+04,+3.732757E+02,+1.116000E-06,+9.910000E+37,+1.325410E+03,+3.584400E+04,+6.473591E+02,+1.116000E-06,+9.910000E+37,+1.325477E+03,+3.584400E+04,+8.411852E+02,+0.000000E+00,+9.910000E+37,+1.325543E+03,+3.584400E+04
10:35:37,0e0,+1.066285E+02,+1.245000E-06,+9.910000E+37,+1.325768E+03,+3.584400E+04,+4.150961E+02,+1.245000E-06,+9.910000E+37,+1.325833E+03,+3.584400E+04,+7.212850E+02,+1.245000E-06,+9.910000E+37,+1.325899E+03,+3.584400E+04,+9.373301E+02,+0.000000E+00,+9.910000E+37,+1.325966E+03,+3.584400E+04
10:35:37,0e0,+1.188351E+02,+1.389500E-06,+9.910000E+37,+1.326189E+03,+3.584400E+04,+4.631577E+02,+1.389500E-06,+9.910000E+37,+1.326256E+03,+3.584400E+04,+8.053393E+02,+1.389500E-06,+9.910000E+37,+1.326322E+03,+3.584400E+04,+1.045957E+03,+0.000000E+00,+9.910000E+37,+1.326389E+03,+3.584400E+04
10:35:37,0e0,+1.319120E+02,+1.550500E-06,+9.910000E+37,+1.326609E+03,+3.584400E+04,+5.156671E+02,+1.550500E-06,+9.910000E+37,+1.326676E+03,+3.584400E+04,+8.975278E+02,+1.550500E-06,+9.910000E+37,+1.326742E+03,+3.585200E+04,+1.099960E+03,+0.000000E+00,+9.910000E+37,+1.326809E+03,+3.584400E+04
10:35:37,0e0,+1.462255E+02,+1.730000E-06,+9.910000E+37,+1.327029E+03,+3.584400E+04,+5.755533E+02,+1.730000E-06,+9.910000E+37,+1.327096E+03,+3.584400E+04,+1.002119E+03,+1.730000E-06,+9.910000E+37,+1.327162E+03,+3.585200E+04,+1.099295E+03,+0.000000E+00,+9.910000E+37,+1.327229E+03,+3.584400E+04
10:35:37,0e0,+1.626357E+02,+1.930500E-06,+9.910000E+37,+1.327454E+03,+3.584400E+04,+6.422762E+02,+1.930500E-06,+9.910000E+37,+1.327521E+03,+3.584400E+04,+1.090661E+03,+1.930500E-06,+9.910000E+37,+1.327587E+03,+3.585200E+04,+1.099421E+03,+0.000000E+00,+9.910000E+37,+1.327654E+03,+3.584400E+04
10:35:37,0e0,+1.807168E+02,+2.154500E-06,+9.910000E+37,+1.327877E+03,+3.584400E+04,+7.161324E+02,+2.154500E-06,+9.910000E+37,+1.327943E+03,+3.584400E+04,+1.099972E+03,+2.154500E-06,+9.910000E+37,+1.328010E+03,+3.585200E+04,+1.099250E+03,+0.000000E+00,+9.910000E+37,+1.328076E+03,+3.584400E+04
10:35:37,0e0,+2.010910E+02,+2.404000E-06,+9.910000E+37,+1.328291E+03,+3.584400E+04,+7.953190E+02,+2.404000E-06,+9.910000E+37,+1.328356E+03,+3.585200E+04,+1.099969E+03,+2.404000E-06,+9.910000E+37,+1.328423E+03,+3.585200E+04,+1.099363E+03,+0.000000E+00,+9.910000E+37,+1.328489E+03,+3.584400E+04
10:35:37,0e0,+2.241357E+02,+2.682500E-06,+9.910000E+37,+1.328710E+03,+3.584400E+04,+8.883825E+02,+2.682500E-06,+9.910000E+37,+1.328776E+03,+3.585200E+04,+1.099970E+03,+2.682500E-06,+9.910000E+37,+1.328843E+03,+3.585200E+04,+1.099327E+03,+0.000000E+00,+9.910000E+37,+1.328909E+03,+3.584400E+04
10:35:37,0e0,+2.486671E+02,+2.993500E-06,+9.910000E+37,+1.329130E+03,+3.584400E+04,+9.887637E+02,+2.993500E-06,+9.910000E+37,+1.329195E+03,+3.585200E+04,+1.099968E+03,+2.993500E-06,+9.910000E+37,+1.329263E+03,+3.585200E+04,+1.099435E+03,+0.000000E+00,+9.910000E+37,+1.329329E+03,+3.584400E+04
10:35:37,0e0,+2.767220E+02,+3.340500E-06,+9.910000E+37,+1.329553E+03,+3.584400E+04,+1.073258E+03,+3.340500E-06,+9.910000E+37,+1.329619E+03,+3.585200E+04,+1.099964E+03,+3.340500E-06,+9.910000E+37,+1.329687E+03,+3.585200E+04,+1.099369E+03,+0.000000E+00,+9.910000E+37,+1.329753E+03,+3.584400E+04
10:35:37,0e0,+3.079016E+02,+3.727500E-06,+9.910000E+37,+1.329967E+03,+3.584400E+04,+1.099869E+03,+3.727500E-06,+9.910000E+37,+1.330033E+03,+3.585200E+04,+1.099965E+03,+3.727500E-06,+9.910000E+37,+1.330100E+03,+3.585200E+04,+1.099462E+03,+0.000000E+00,+9.910000E+37,+1.330166E+03,+3.584400E+04
10:35:37,0e0,+3.433953E+02,+4.159500E-06,+9.910000E+37,+1.330386E+03,+3.584400E+04,+1.067319E+03,+4.159500E-06,+9.910000E+37,+1.330452E+03,+3.585200E+04,+1.099962E+03,+4.159500E-06,+9.910000E+37,+1.330518E+03,+3.585200E+04,+1.099783E+03,+0.000000E+00,+9.910000E+37,+1.330584E+03,+3.584400E+04
10:35:37,0e0,+3.813851E+02,+4.641500E-06,+9.910000E+37,+1.330805E+03,+3.585200E+04,+1.099960E+03,+4.641500E-06,+9.910000E+37,+1.330871E+03,+3.585200E+04,+1.099971E+03,+4.641500E-06,+9.910000E+37,+1.330938E+03,+3.585200E+04,+1.099883E+03,+0.000000E+00,+9.910000E+37,+1.331005E+03,+3.584400E+04
10:35:37,0e0,+4.236421E+02,+5.179500E-06,+9.910000E+37,+1.331230E+03,+3.584400E+04,+9.554362E+02,+5.179500E-06,+9.910000E+37,+1.331297E+03,+3.585200E+04,+1.099972E+03,+5.179500E-06,+9.910000E+37,+1.331363E+03,+3.585200E+04,+1.099713E+03,+0.000000E+00,+9.910000E+37,+1.331430E+03,+3.584400E+04
10:35:37,0e0,+4.740392E+02,+5.779500E-06,+9.910000E+37,+1.331653E+03,+3.585200E+04,+1.085838E+03,+5.779500E-06,+9.910000E+37,+1.331721E+03,+3.585200E+04,+1.099970E+03,+5.779500E-06,+9.910000E+37,+1.331787E+03,+3.585200E+04,+1.098917E+03,+0.000000E+00,+9.910000E+37,+1.331856E+03,+3.584400E+04
10:35:37,0e0,+5.272244E+02,+6.449500E-06,+9.910000E+37,+1.332078E+03,+3.585200E+04,+1.099961E+03,+6.449500E-06,+9.910000E+37,+1.332150E+03,+3.585200E+04,+1.099958E+03,+6.449500E-06,+9.910000E+37,+1.332217E+03,+3.585200E+04,+1.099320E+03,+0.000000E+00,+9.910000E+37,+1.332282E+03,+3.584400E+04
10:35:37,0e0,+5.874031E+02,+7.197000E-06,+9.910000E+37,+1.332502E+03,+3.585200E+04,+1.099957E+03,+7.197000E-06,+9.910000E+37,+1.332568E+03,+3.585200E+04,+1.099957E+03,+7.197000E-06,+9.910000E+37,+1.332635E+03,+3.585200E+04,+1.099388E+03,+0.000000E+00,+9.910000E+37,+1.332702E+03,+3.584400E+04
10:35:37,0e0,+6.544690E+02,+8.031000E-06,+9.910000E+37,+1.332922E+03,+3.585200E+04,+1.099955E+03,+8.031000E-06,+9.910000E+37,+1.332988E+03,+3.585200E+04,+1.099955E+03,+8.031000E-06,+9.910000E+37,+1.333055E+03,+3.585200E+04,+1.099230E+03,+0.000000E+00,+9.910000E+37,+1.333121E+03,+3.584400E+04
10:35:37,0e0,+7.289669E+02,+8.961500E-06,+9.910000E+37,+1.333346E+03,+3.585200E+04,+1.099956E+03,+8.961500E-06,+9.910000E+37,+1.333413E+03,+3.585200E+04,+1.099953E+03,+8.961500E-06,+9.910000E+37,+1.333479E+03,+3.585200E+04,+9.982722E+02,+0.000000E+00,+9.910000E+37,+1.333546E+03,+3.584400E+04
10:35:37,0e0,+8.049351E+02,+1.000000E-05,+9.910000E+37,+1.333771E+03,+3.584400E+04,+9.718887E+02,+1.000000E-05,+9.910000E+37,+1.333838E+03,+3.584400E+04,+9.392291E+02,+1.000000E-05,+9.910000E+37,+1.333904E+03,+3.584400E+04,+9.414670E+02,+0.000000E+00,+9.910000E+37,+1.333970E+03,+3.584400E+04
10:35:37,0e0,+7.195419E+02,+1.116000E-05,+9.910000E+37,+1.334192E+03,+3.584400E+04,+9.606846E+02,+1.116000E-05,+9.910000E+37,+1.334259E+03,+3.584400E+04,+9.575039E+02,+1.116000E-05,+9.910000E+37,+1.334325E+03,+3.584400E+04,+8.355259E+02,+0.000000E+00,+9.910000E+37,+1.334385E+03,+3.584400E+04
10:35:37,0e0,+7.975830E+02,+1.245000E-05,+9.910000E+37,+1.334594E+03,+3.585200E+04,+1.099964E+03,+1.245000E-05,+9.910000E+37,+1.334660E+03,+3.585200E+04,+1.099961E+03,+1.245000E-05,+9.910000E+37,+1.334728E+03,+3.585200E+04,+1.099015E+03,+0.000000E+00,+9.910000E+37,+1.334794E+03,+3.584400E+04
10:35:37,0e0,+8.646927E+02,+1.389500E-05,+9.910000E+37,+1.335009E+03,+3.585200E+04,+1.099959E+03,+1.389500E-05,+9.910000E+37,+1.335075E+03,+3.585200E+04,+1.099961E+03,+1.389500E-05,+9.910000E+37,+1.335141E+03,+3.585200E+04,+1.099008E+03,+0.000000E+00,+9.910000E+37,+1.335208E+03,+3.584400E+04
10:35:37,0e0,+9.227551E+02,+1.550500E-05,+9.910000E+37,+1.335429E+03,+3.585200E+04,+1.099960E+03,+1.550500E-05,+9.910000E+37,+1.335495E+03,+3.585200E+04,+1.099963E+03,+1.550500E-05,+9.910000E+37,+1.335561E+03,+3.585200E+04,+1.098701E+03,+0.000000E+00,+9.910000E+37,+1.335633E+03,+3.584400E+04
10:35:37,0e0,+9.712938E+02,+1.730000E-05,+9.910000E+37,+1.335852E+03,+3.585200E+04,+1.099965E+03,+1.730000E-05,+9.910000E+37,+1.335918E+03,+3.585200E+04,+1.099963E+03,+1.730000E-05,+9.910000E+37,+1.335984E+03,+3.585200E+04,+1.099294E+03,+0.000000E+00,+9.910000E+37,+1.336051E+03,+3.584400E+04
10:35:37,0e0,+1.012859E+03,+1.930500E-05,+9.910000E+37,+1.336265E+03,+3.585200E+04,+1.099963E+03,+1.930500E-05,+9.910000E+37,+1.336331E+03,+3.585200E+04,+1.099965E+03,+1.930500E-05,+9.910000E+37,+1.336397E+03,+3.585200E+04,+1.099209E+03,+0.000000E+00,+9.910000E+37,+1.336464E+03,+3.584400E+04
10:35:37,0e0,+1.043821E+03,+2.154500E-05,+9.910000E+37,+1.336674E+03,+3.585200E+04,+1.099958E+03,+2.154500E-05,+9.910000E+37,+1.336740E+03,+3.585200E+04,+1.099963E+03,+2.154500E-05,+9.910000E+37,+1.336807E+03,+3.585200E+04,+1.099079E+03,+0.000000E+00,+9.910000E+37,+1.336873E+03,+3.584400E+04
10:35:37,0e0,+1.068974E+03,+2.404000E-05,+9.910000E+37,+1.337087E+03,+3.585200E+04,+1.099960E+03,+2.404000E-05,+9.910000E+37,+1.337154E+03,+3.585200E+04,+1.099961E+03,+2.404000E-05,+9.910000E+37,+1.337222E+03,+3.585200E+04,+1.099257E+03,+0.000000E+00,+9.910000E+37,+1.337288E+03,+3.584400E+04
10:35:37,0e0,+1.085732E+03,+2.682500E-05,+9.910000E+37,+1.337502E+03,+3.585200E+04,+1.099961E+03,+2.682500E-05,+9.910000E+37,+1.337568E+03,+3.585200E+04,+1.099962E+03,+2.682500E-05,+9.910000E+37,+1.337635E+03,+3.585200E+04,+1.099249E+03,+0.000000E+00,+9.910000E+37,+1.337701E+03,+3.584400E+04
10:35:37,0e0,+1.095637E+03,+2.993500E-05,+9.910000E+37,+1.337912E+03,+3.584400E+04,+1.013872E+03,+2.993500E-05,+9.910000E+37,+1.337979E+03,+3.584400E+04,+1.016170E+03,+2.993500E-05,+9.910000E+37,+1.338034E+03,+3.584400E+04,+8.376655E+02,+0.000000E+00,+9.910000E+37,+1.338099E+03,+3.584400E+04
10:35:37,0e0,+1.099571E+03,+3.340500E-05,+9.910000E+37,+1.338315E+03,+3.585200E+04,+1.099963E+03,+3.340500E-05,+9.910000E+37,+1.338382E+03,+3.585200E+04,+1.099962E+03,+3.340500E-05,+9.910000E+37,+1.338448E+03,+3.585200E+04,+1.099115E+03,+0.000000E+00,+9.910000E+37,+1.338515E+03,+3.584400E+04
10:35:37,0e0,+1.099915E+03,+3.727500E-05,+9.910000E+37,+1.338724E+03,+3.585200E+04,+1.099960E+03,+3.727500E-05,+9.910000E+37,+1.338790E+03,+3.585200E+04,+1.099999E+03,+3.727500E-05,+9.910000E+37,+1.338856E+03,+3.585200E+04,+1.098949E+03,+0.000000E+00,+9.910000E+37,+1.338923E+03,+3.584400E+04
10:35:37,0e0,+1.099953E+03,+4.159500E-05,+9.910000E+37,+1.339138E+03,+3.585200E+04,+1.099960E+03,+4.159500E-05,+9.910000E+37,+1.339204E+03,+3.585200E+04,+1.099962E+03,+4.159500E-05,+9.910000E+37,+1.339271E+03,+3.585200E+04,+1.099138E+03,+0.000000E+00,+9.910000E+37,+1.339337E+03,+3.584400E+04
10:35:37,0e0,+1.099958E+03,+4.641500E-05,+9.910000E+37,+1.339546E+03,+3.585200E+04,+1.099921E+03,+4.641500E-05,+9.910000E+37,+1.339612E+03,+3.585200E+04,+1.099961E+03,+4.641500E-05,+9.910000E+37,+1.339679E+03,+3.585200E+04,+1.098937E+03,+0.000000E+00,+9.910000E+37,+1.339745E+03,+3.584400E+04
10:35:37,0e0,+1.099959E+03,+5.179500E-05,+9.910000E+37,+1.339959E+03,+3.585200E+04,+1.099960E+03,+5.179500E-05,+9.910000E+37,+1.340025E+03,+3.585200E+04,+1.099959E+03,+5.179500E-05,+9.910000E+37,+1.340092E+03,+3.585200E+04,+1.099002E+03,+0.000000E+00,+9.910000E+37,+1.340158E+03,+3.584400E+04
10:35:37,0e0,+1.099959E+03,+5.779500E-05,+9.910000E+37,+1.340369E+03,+3.585200E+04,+1.099960E+03,+5.779500E-05,+9.910000E+37,+1.340436E+03,+3.585200E+04,+1.099957E+03,+5.779500E-05,+9.910000E+37,+1.340502E+03,+3.585200E+04,+1.099037E+03,+0.000000E+00,+9.910000E+37,+1.340568E+03,+3.584400E+04
10:35:37,0e0,+1.099956E+03,+6.449500E-05,+9.910000E+37,+1.340782E+03,+3.585200E+04,+1.099959E+03,+6.449500E-05,+9.910000E+37,+1.340849E+03,+3.585200E+04,+1.099897E+03,+6.449500E-05,+9.910000E+37,+1.340915E+03,+3.585200E+04,+1.098808E+03,+0.000000E+00,+9.910000E+37,+1.340981E+03,+3.584400E+04
10:35:37,0e0,+1.096510E+03,+7.197000E-05,+9.910000E+37,+1.341196E+03,+3.585200E+04,+1.099956E+03,+7.197000E-05,+9.910000E+37,+1.341264E+03,+3.585200E+04,+1.099956E+03,+7.197000E-05,+9.910000E+37,+1.341329E+03,+3.585200E+04,+1.098994E+03,+0.000000E+00,+9.910000E+37,+1.341396E+03,+3.584400E+04
10:35:37,0e0,+1.099957E+03,+8.031000E-05,+9.910000E+37,+1.341605E+03,+3.585200E+04,+1.099953E+03,+8.031000E-05,+9.910000E+37,+1.341672E+03,+3.585200E+04,+1.099954E+03,+8.031000E-05,+9.910000E+37,+1.341738E+03,+3.585200E+04,+1.099102E+03,+0.000000E+00,+9.910000E+37,+1.341805E+03,+3.584400E+04
10:35:37,0e0,+1.091654E+03,+8.961500E-05,+9.910000E+37,+1.342020E+03,+3.585200E+04,+1.099954E+03,+8.961500E-05,+9.910000E+37,+1.342086E+03,+3.585200E+04,+1.099958E+03,+8.961500E-05,+9.910000E+37,+1.342152E+03,+3.585200E+04,+1.098994E+03,+0.000000E+00,+9.910000E+37,+1.342219E+03,+3.584400E+04
10:35:37,0e0,+1.099954E+03,+1.000000E-04,+9.910000E+37,+1.342430E+03,+3.585200E+04,+1.099951E+03,+1.000000E-04,+9.910000E+37,+1.342496E+03,+3.585200E+04,+1.099953E+03,+1.000000E-04,+9.910000E+37,+1.342562E+03,+3.585200E+04,+1.099165E+03,+0.000000E+00,+9.910000E+37,+1.342629E+03,+3.584400E+04
10:35:37,0e0,+1.099961E+03,+1.116000E-04,+9.910000E+37,+1.342850E+03,+3.585200E+04,+1.096746E+03,+1.116000E-04,+9.910000E+37,+1.342916E+03,+3.585200E+04,+1.099964E+03,+1.116000E-04,+9.910000E+37,+1.342983E+03,+3.585200E+04,+1.098545E+03,+0.000000E+00,+9.910000E+37,+1.343050E+03,+3.584400E+04
10:35:37,0e0,+1.099961E+03,+1.245000E-04,+9.910000E+37,+1.343273E+03,+3.585200E+04,+1.099960E+03,+1.245000E-04,+9.910000E+37,+1.343339E+03,+3.585200E+04,+1.099963E+03,+1.245000E-04,+9.910000E+37,+1.343405E+03,+3.585200E+04,+1.098563E+03,+0.000000E+00,+9.910000E+37,+1.343472E+03,+3.584400E+04
10:35:37,0e0,+1.099964E+03,+1.389500E-04,+9.910000E+37,+1.343691E+03,+3.585200E+04,+1.099960E+03,+1.389500E-04,+9.910000E+37,+1.343759E+03,+3.585200E+04,+1.099986E+03,+1.389500E-04,+9.910000E+37,+1.343824E+03,+3.585200E+04,+1.098455E+03,+0.000000E+00,+9.910000E+37,+1.343893E+03,+3.584400E+04
10:35:37,0e0,+1.099961E+03,+1.550500E-04,+9.910000E+37,+1.344117E+03,+3.585200E+04,+1.099962E+03,+1.550500E-04,+9.910000E+37,+1.344189E+03,+3.585200E+04,+1.099916E+03,+1.550500E-04,+9.910000E+37,+1.344255E+03,+3.585200E+04,+1.098517E+03,+0.000000E+00,+9.910000E+37,+1.344321E+03,+3.584400E+04
10:35:37,0e0,+1.099962E+03,+1.730000E-04,+9.910000E+37,+1.344540E+03,+3.585200E+04,+1.099963E+03,+1.730000E-04,+9.910000E+37,+1.344606E+03,+3.585200E+04,+1.099430E+03,+1.730000E-04,+9.910000E+37,+1.344673E+03,+3.585200E+04,+1.098561E+03,+0.000000E+00,+9.910000E+37,+1.344739E+03,+3.584400E+04
10:35:37,0e0,+1.099963E+03,+1.930500E-04,+9.910000E+37,+1.344959E+03,+3.585200E+04,+1.099962E+03,+1.930500E-04,+9.910000E+37,+1.345025E+03,+3.585200E+04,+1.099964E+03,+1.930500E-04,+9.910000E+37,+1.345093E+03,+3.585200E+04,+1.098504E+03,+0.000000E+00,+9.910000E+37,+1.345158E+03,+3.584400E+04
10:35:37,0e0,+1.099915E+03,+2.154500E-04,+9.910000E+37,+1.345379E+03,+3.585200E+04,+1.099899E+03,+2.154500E-04,+9.910000E+37,+1.345446E+03,+3.585200E+04,+1.099947E+03,+2.154500E-04,+9.910000E+37,+1.345514E+03,+3.585200E+04,+1.098391E+03,+0.000000E+00,+9.910000E+37,+1.345580E+03,+3.584400E+04
10:35:37,0e0,+1.099959E+03,+2.404000E-04,+9.910000E+37,+1.345804E+03,+3.585200E+04,+1.099960E+03,+2.404000E-04,+9.910000E+37,+1.345870E+03,+3.585200E+04,+1.097766E+03,+2.404000E-04,+9.910000E+37,+1.345937E+03,+3.585200E+04,+1.098565E+03,+0.000000E+00,+9.910000E+37,+1.346003E+03,+3.584400E+04
10:35:37,0e0,+1.099962E+03,+2.682500E-04,+9.910000E+37,+1.346224E+03,+3.585200E+04,+1.099964E+03,+2.682500E-04,+9.910000E+37,+1.346290E+03,+3.585200E+04,+1.099960E+03,+2.682500E-04,+9.910000E+37,+1.346356E+03,+3.585200E+04,+1.098477E+03,+0.000000E+00,+9.910000E+37,+1.346422E+03,+3.584400E+04
10:35:37,0e0,+1.099959E+03,+2.993500E-04,+9.910000E+37,+1.346647E+03,+3.585200E+04,+1.097340E+03,+2.993500E-04,+9.910000E+37,+1.346714E+03,+3.585200E+04,+1.086721E+03,+2.993500E-04,+9.910000E+37,+1.346780E+03,+3.585200E+04,+1.098386E+03,+0.000000E+00,+9.910000E+37,+1.346848E+03,+3.584400E+04
10:35:37,0e0,+1.099962E+03,+3.340500E-04,+9.910000E+37,+1.347064E+03,+3.585200E+04,+1.099961E+03,+3.340500E-04,+9.910000E+37,+1.347137E+03,+3.585200E+04,+1.099960E+03,+3.340500E-04,+9.910000E+37,+1.347204E+03,+3.585200E+04,+1.098490E+03,+0.000000E+00,+9.910000E+37,+1.347271E+03,+3.584400E+04
10:35:37,0e0,+1.099960E+03,+3.727500E-04,+9.910000E+37,+1.347490E+03,+3.585200E+04,+1.099962E+03,+3.727500E-04,+9.910000E+37,+1.347557E+03,+3.585200E+04,+1.099961E+03,+3.727500E-04,+9.910000E+37,+1.347623E+03,+3.585200E+04,+1.098524E+03,+0.000000E+00,+9.910000E+37,+1.347689E+03,+3.584400E+04
10:35:37,0e0,+1.099960E+03,+4.159500E-04,+9.910000E+37,+1.347909E+03,+3.585200E+04,+1.099958E+03,+4.159500E-04,+9.910000E+37,+1.347976E+03,+3.585200E+04,+1.099961E+03,+4.159500E-04,+9.910000E+37,+1.348043E+03,+3.585200E+04,+1.098596E+03,+0.000000E+00,+9.910000E+37,+1.348109E+03,+3.584400E+04
10:35:37,0e0,+1.099961E+03,+4.641500E-04,+9.910000E+37,+1.348330E+03,+3.585200E+04,+1.099959E+03,+4.641500E-04,+9.910000E+37,+1.348396E+03,+3.585200E+04,+1.099963E+03,+4.641500E-04,+9.910000E+37,+1.348463E+03,+3.585200E+04,+1.098563E+03,+0.000000E+00,+9.910000E+37,+1.348529E+03,+3.584400E+04
10:35:37,0e0,+1.099923E+03,+5.179500E-04,+9.910000E+37,+1.348753E+03,+3.585200E+04,+1.099958E+03,+5.179500E-04,+9.910000E+37,+1.348824E+03,+3.585200E+04,+1.099963E+03,+5.179500E-04,+9.910000E+37,+1.348891E+03,+3.585200E+04,+1.098600E+03,+0.000000E+00,+9.910000E+37,+1.348957E+03,+3.584400E+04
10:35:37,0e0,+1.099959E+03,+5.779500E-04,+9.910000E+37,+1.349176E+03,+3.585200E+04,+1.099957E+03,+5.779500E-04,+9.910000E+37,+1.349242E+03,+3.585200E+04,+1.099961E+03,+5.779500E-04,+9.910000E+37,+1.349309E+03,+3.585200E+04,+1.098495E+03,+0.000000E+00,+9.910000E+37,+1.349375E+03,+3.584400E+04
10:35:37,0e0,+1.099955E+03,+6.449500E-04,+9.910000E+37,+1.349596E+03,+3.585200E+04,+1.099990E+03,+6.449500E-04,+9.910000E+37,+1.349662E+03,+3.585200E+04,+1.099961E+03,+6.449500E-04,+9.910000E+37,+1.349728E+03,+3.585200E+04,+1.098407E+03,+0.000000E+00,+9.910000E+37,+1.349794E+03,+3.584400E+04
10:35:37,0e0,+1.099952E+03,+7.197000E-04,+9.910000E+37,+1.350020E+03,+3.585200E+04,+1.099955E+03,+7.197000E-04,+9.910000E+37,+1.350087E+03,+3.585200E+04,+1.099959E+03,+7.197000E-04,+9.910000E+37,+1.350153E+03,+3.585200E+04,+1.098621E+03,+0.000000E+00,+9.910000E+37,+1.350220E+03,+3.584400E+04
10:35:37,0e0,+1.099953E+03,+8.031000E-04,+9.910000E+37,+1.350438E+03,+3.585200E+04,+1.099958E+03,+8.031000E-04,+9.910000E+37,+1.350506E+03,+3.585200E+04,+1.099956E+03,+8.031000E-04,+9.910000E+37,+1.350571E+03,+3.585200E+04,+1.098499E+03,+0.000000E+00,+9.910000E+37,+1.350638E+03,+3.584400E+04
10:35:37,0e0,+1.099952E+03,+8.961500E-04,+9.910000E+37,+1.350857E+03,+3.585200E+04,+1.099953E+03,+8.961500E-04,+9.910000E+37,+1.350924E+03,+3.585200E+04,+1.099586E+03,+8.961500E-04,+9.910000E+37,+1.350990E+03,+3.585200E+04,+8.864940E+02,+0.000000E+00,+9.910000E+37,+1.351057E+03,+3.584400E+04
10:35:37,0e0,+1.034573E+03,+1.000000E-03,+9.910000E+37,+1.351267E+03,+3.585200E+04,+1.015039E+03,+1.000000E-03,+9.910000E+37,+1.351327E+03,+3.585200E+04,+1.002728E+03,+1.000000E-03,+9.910000E+37,+1.351383E+03,+3.585200E+04,+8.948766E+02,+0.000000E+00,+9.910000E+37,+1.351439E+03,+3.584400E+04
10:35:37,0e0,+1.101336E+03,+1.116000E-03,+9.910000E+37,+1.351674E+03,+3.584400E+04,+9.864791E+02,+1.116000E-03,+9.910000E+37,+1.351736E+03,+3.584400E+04,+1.058952E+03,+1.116000E-03,+9.910000E+37,+1.351793E+03,+3.584400E+04,+8.964610E+02,+0.000000E+00,+9.910000E+37,+1.351854E+03,+3.584400E+04
10:35:37,0e0,+8.979709E+02,+1.245000E-03,+9.910000E+37,+1.352055E+03,+3.584400E+04,+1.035428E+03,+1.245000E-03,+9.910000E+37,+1.352116E+03,+3.584400E+04,+9.645697E+02,+1.245000E-03,+9.910000E+37,+1.352171E+03,+3.584400E+04,+7.627227E+02,+0.000000E+00,+9.910000E+37,+1.352226E+03,+3.584400E+04
10:35:37,0e0,+1.140033E+03,+1.389500E-03,+9.910000E+37,+1.352435E+03,+3.584400E+04,+7.926307E+02,+1.389500E-03,+9.910000E+37,+1.352500E+03,+3.584400E+04,+7.959995E+02,+1.389500E-03,+9.910000E+37,+1.352556E+03,+3.584400E+04,+7.079651E+02,+0.000000E+00,+9.910000E+37,+1.352610E+03,+3.584400E+04
10:35:37,0e0,+7.977072E+02,+1.550500E-03,+9.910000E+37,+1.352821E+03,+3.584400E+04,+7.539890E+02,+1.550500E-03,+9.910000E+37,+1.352880E+03,+3.584400E+04,+7.018261E+02,+1.550500E-03,+9.910000E+37,+1.352935E+03,+3.584400E+04,+6.389592E+02,+0.000000E+00,+9.910000E+37,+1.352989E+03,+3.584400E+04
10:35:37,0e0,+8.114168E+02,+1.730000E-03,+9.910000E+37,+1.353203E+03,+3.584400E+04,+7.108256E+02,+1.730000E-03,+9.910000E+37,+1.353262E+03,+3.584400E+04,+6.441766E+02,+1.730000E-03,+9.910000E+37,+1.353316E+03,+3.584400E+04,+6.139060E+02,+0.000000E+00,+9.910000E+37,+1.353372E+03,+3.584400E+04
10:35:37,0e0,+6.643572E+02,+1.930500E-03,+9.910000E+37,+1.353592E+03,+3.584400E+04,+5.996625E+02,+1.930500E-03,+9.910000E+37,+1.353650E+03,+3.584400E+04,+5.680042E+02,+1.930500E-03,+9.910000E+37,+1.353717E+03,+3.584400E+04,+5.028004E+02,+0.000000E+00,+9.910000E+37,+1.353783E+03,+3.584400E+04
10:35:37,0e0,+4.705837E+02,+2.154500E-03,+9.910000E+37,+1.354005E+03,+3.584400E+04,+2.599376E+02,+2.154500E-03,+9.910000E+37,+1.354072E+03,+3.584400E+04,+2.232082E+02,+2.154500E-03,+9.910000E+37,+1.354138E+03,+3.584400E+04,+4.242168E+02,+0.000000E+00,+9.910000E+37,+1.354204E+03,+3.584400E+04
10:35:37,0e0,+2.930766E+02,+2.404000E-03,+9.910000E+37,+1.354414E+03,+3.584400E+04,+9.186532E+02,+2.404000E-03,+9.910000E+37,+1.354481E+03,+3.585200E+04,+1.028770E+03,+2.404000E-03,+9.910000E+37,+1.354543E+03,+3.585200E+04,+1.081994E+03,+0.000000E+00,+9.910000E+37,+1.354609E+03,+3.584400E+04
10:35:37,0e0,+1.099963E+03,+2.682500E-03,+9.910000E+37,+1.354829E+03,+3.585200E+04,+1.099962E+03,+2.682500E-03,+9.910000E+37,+1.354896E+03,+3.585200E+04,+1.099964E+03,+2.682500E-03,+9.910000E+37,+1.354962E+03,+3.585200E+04,+1.098569E+03,+0.000000E+00,+9.910000E+37,+1.355028E+03,+3.584400E+04
10:35:37,0e0,+1.099964E+03,+2.993500E-03,+9.910000E+37,+1.355250E+03,+3.585200E+04,+1.099965E+03,+2.993500E-03,+9.910000E+37,+1.355316E+03,+3.585200E+04,+1.099966E+03,+2.993500E-03,+9.910000E+37,+1.355383E+03,+3.585200E+04,+1.098793E+03,+0.000000E+00,+9.910000E+37,+1.355449E+03,+3.584400E+04
10:35:37,0e0,+1.099965E+03,+3.340500E-03,+9.910000E+37,+1.355673E+03,+3.585200E+04,+1.099962E+03,+3.340500E-03,+9.910000E+37,+1.355739E+03,+3.585200E+04,+1.099963E+03,+3.340500E-03,+9.910000E+37,+1.355806E+03,+3.585200E+04,+1.098769E+03,+0.000000E+00,+9.910000E+37,+1.355873E+03,+3.584400E+04
10:35:37,0e0,+1.099963E+03,+3.727500E-03,+9.910000E+37,+1.356096E+03,+3.585200E+04,+1.099964E+03,+3.727500E-03,+9.910000E+37,+1.356167E+03,+3.585200E+04,+1.099962E+03,+3.727500E-03,+9.910000E+37,+1.356234E+03,+3.585200E+04,+1.098808E+03,+0.000000E+00,+9.910000E+37,+1.356301E+03,+3.584400E+04
10:35:37,0e0,+1.099960E+03,+4.159500E-03,+9.910000E+37,+1.356521E+03,+3.585200E+04,+1.099962E+03,+4.159500E-03,+9.910000E+37,+1.356588E+03,+3.585200E+04,+1.099961E+03,+4.159500E-03,+9.910000E+37,+1.356655E+03,+3.585200E+04,+1.098824E+03,+0.000000E+00,+9.910000E+37,+1.356722E+03,+3.584400E+04
10:35:37,0e0,+1.099961E+03,+4.641500E-03,+9.910000E+37,+1.356941E+03,+3.585200E+04,+1.099965E+03,+4.641500E-03,+9.910000E+37,+1.357008E+03,+3.585200E+04,+1.099964E+03,+4.641500E-03,+9.910000E+37,+1.357074E+03,+3.585200E+04,+1.098800E+03,+0.000000E+00,+9.910000E+37,+1.357141E+03,+3.584400E+04
10:35:37,0e0,+1.099963E+03,+5.179500E-03,+9.910000E+37,+1.357360E+03,+3.585200E+04,+1.099963E+03,+5.179500E-03,+9.910000E+37,+1.357427E+03,+3.585200E+04,+1.099960E+03,+5.179500E-03,+9.910000E+37,+1.357494E+03,+3.585200E+04,+1.098767E+03,+0.000000E+00,+9.910000E+37,+1.357561E+03,+3.584400E+04
10:35:37,0e0,+1.099958E+03,+5.779500E-03,+9.910000E+37,+1.357784E+03,+3.585200E+04,+1.099959E+03,+5.779500E-03,+9.910000E+37,+1.357855E+03,+3.585200E+04,+1.099959E+03,+5.779500E-03,+9.910000E+37,+1.357922E+03,+3.585200E+04,+1.098835E+03,+0.000000E+00,+9.910000E+37,+1.357988E+03,+3.584400E+04
10:35:37,0e0,+1.099963E+03,+6.449500E-03,+9.910000E+37,+1.358207E+03,+3.585200E+04,+1.099960E+03,+6.449500E-03,+9.910000E+37,+1.358273E+03,+3.585200E+04,+1.099962E+03,+6.449500E-03,+9.910000E+37,+1.358340E+03,+3.585200E+04,+1.098834E+03,+0.000000E+00,+9.910000E+37,+1.358406E+03,+3.584400E+04
10:35:37,0e0,+1.099961E+03,+7.197000E-03,+9.910000E+37,+1.358626E+03,+3.585200E+04,+1.099960E+03,+7.197000E-03,+9.910000E+37,+1.358692E+03,+3.585200E+04,+1.099958E+03,+7.197000E-03,+9.910000E+37,+1.358759E+03,+3.585200E+04,+1.098854E+03,+0.000000E+00,+9.910000E+37,+1.358824E+03,+3.584400E+04
10:35:37,0e0,+1.099960E+03,+8.031000E-03,+9.910000E+37,+1.359044E+03,+3.585200E+04,+1.099960E+03,+8.031000E-03,+9.910000E+37,+1.359110E+03,+3.585200E+04,+1.099963E+03,+8.031000E-03,+9.910000E+37,+1.359177E+03,+3.585200E+04,+1.098748E+03,+0.000000E+00,+9.910000E+37,+1.359245E+03,+3.584400E+04
10:35:37,0e0,+1.099960E+03,+8.961500E-03,+9.910000E+37,+1.359468E+03,+3.585200E+04,+1.099961E+03,+8.961500E-03,+9.910000E+37,+1.359534E+03,+3.585200E+04,+1.099959E+03,+8.961500E-03,+9.910000E+37,+1.359601E+03,+3.585200E+04,+1.098867E+03,+0.000000E+00,+9.910000E+37,+1.359667E+03,+3.584400E+04
