12:44:15,0e0,+1.099971E+03,+1.000000E-03,+9.910000E+37,+1.919135E+03,+3.585200E+04,+1.099965E+03,+1.000000E-03,+9.910000E+37,+1.919201E+03,+3.585200E+04,+1.099964E+03,+1.000000E-03,+9.910000E+37,+1.919268E+03,+3.585200E+04,+1.099080E+03,+0.000000E+00,+9.910000E+37,+1.919335E+03,+3.584400E+04
13:51:23,0e0,+7.748948E-01,+1.000000E-03,+9.910000E+37,+5.187998E+02,+3.584400E+04,+9.625170E-01,+1.000000E-03,+9.910000E+37,+5.188672E+02,+3.584400E+04,+9.962997E-01,+1.000000E-03,+9.910000E+37,+5.189326E+02,+3.584400E+04,+2.042832E-01,+0.000000E+00,+9.910000E+37,+5.189990E+02,+3.584400E+04
13:51:53,0e0,+6.113682E+02,+1.000000E-03,+9.910000E+37,+5.483945E+02,+3.584400E+04,+6.038513E+02,+1.000000E-03,+9.910000E+37,+5.484609E+02,+3.584400E+04,+5.933782E+02,+1.000000E-03,+9.910000E+37,+5.485283E+02,+3.584400E+04,+7.521899E+02,+0.000000E+00,+9.910000E+37,+5.485850E+02,+3.584400E+04
13:52:13,0e0,+1.099974E+03,+1.000000E-03,+9.910000E+37,+5.683848E+02,+3.585200E+04,+1.099969E+03,+1.000000E-03,+9.910000E+37,+5.684512E+02,+3.585200E+04,+1.099963E+03,+1.000000E-03,+9.910000E+37,+5.685186E+02,+3.585200E+04,+1.087137E+03,+0.000000E+00,+9.910000E+37,+5.685840E+02,+3.584400E+04
13:52:33,0e0,+1.099969E+03,+1.000000E-03,+9.910000E+37,+5.883740E+02,+3.585200E+04,+1.099959E+03,+1.000000E-03,+9.910000E+37,+5.884414E+02,+3.585200E+04,+1.099957E+03,+1.000000E-03,+9.910000E+37,+5.885068E+02,+3.585200E+04,+1.083948E+03,+0.000000E+00,+9.910000E+37,+5.885732E+02,+3.584400E+04
13:52:53,0e0,+1.099967E+03,+1.000000E-03,+9.910000E+37,+6.083613E+02,+3.585200E+04,+1.099966E+03,+1.000000E-03,+9.910000E+37,+6.084287E+02,+3.585200E+04,+1.099958E+03,+1.000000E-03,+9.910000E+37,+6.084941E+02,+3.585200E+04,+1.084621E+03,+0.000000E+00,+9.910000E+37,+6.085605E+02,+3.584400E+04
13:53:13,0e0,+1.099966E+03,+1.000000E-03,+9.910000E+37,+6.283398E+02,+3.585200E+04,+1.099965E+03,+1.000000E-03,+9.910000E+37,+6.284063E+02,+3.585200E+04,+1.099963E+03,+1.000000E-03,+9.910000E+37,+6.284736E+02,+3.585200E+04,+1.084622E+03,+0.000000E+00,+9.910000E+37,+6.285391E+02,+3.584400E+04
13:53:33,0e0,+1.099969E+03,+1.000000E-03,+9.910000E+37,+6.483271E+02,+3.585200E+04,+1.099963E+03,+1.000000E-03,+9.910000E+37,+6.483926E+02,+3.585200E+04,+1.099961E+03,+1.000000E-03,+9.910000E+37,+6.484590E+02,+3.585200E+04,+1.083495E+03,+0.000000E+00,+9.910000E+37,+6.485264E+02,+3.584400E+04
13:54:00,0e0,+1.099970E+03,+1.000000E-03,+9.910000E+37,+6.746660E+02,+3.585200E+04,+1.099963E+03,+1.000000E-03,+9.910000E+37,+6.747324E+02,+3.585200E+04,+1.099959E+03,+1.000000E-03,+9.910000E+37,+6.747988E+02,+3.585200E+04,+1.083500E+03,+0.000000E+00,+9.910000E+37,+6.748662E+02,+3.584400E+04
13:54:11,0e0,+1.099967E+03,+1.000000E-03,+9.910000E+37,+6.857861E+02,+3.585200E+04,+1.099963E+03,+1.000000E-03,+9.910000E+37,+6.858535E+02,+3.585200E+04,+1.099962E+03,+1.000000E-03,+9.910000E+37,+6.859189E+02,+3.585200E+04,+1.082327E+03,+0.000000E+00,+9.910000E+37,+6.859854E+02,+3.584400E+04
13:54:13,0e0,+1.099969E+03,+1.000000E-03,+9.910000E+37,+6.882754E+02,+3.585200E+04,+1.099956E+03,+1.000000E-03,+9.910000E+37,+6.883418E+02,+3.585200E+04,+1.099956E+03,+1.000000E-03,+9.910000E+37,+6.884082E+02,+3.585200E+04,+1.082808E+03,+0.000000E+00,+9.910000E+37,+6.884746E+02,+3.584400E+04
13:54:33,0e0,+1.099963E+03,+1.000000E-03,+9.910000E+37,+7.082656E+02,+3.585200E+04,+1.099963E+03,+1.000000E-03,+9.910000E+37,+7.083311E+02,+3.585200E+04,+1.099960E+03,+1.000000E-03,+9.910000E+37,+7.083975E+02,+3.585200E+04,+1.081725E+03,+0.000000E+00,+9.910000E+37,+7.084648E+02,+3.584400E+04
13:54:41,0e0,+1.099969E+03,+1.000000E-03,+9.910000E+37,+7.165137E+02,+3.585200E+04,+1.099959E+03,+1.000000E-03,+9.910000E+37,+7.165801E+02,+3.585200E+04,+1.099958E+03,+1.000000E-03,+9.910000E+37,+7.166475E+02,+3.585200E+04,+1.081470E+03,+0.000000E+00,+9.910000E+37,+7.167148E+02,+3.584400E+04
13:54:53,0e0,+1.099965E+03,+1.000000E-03,+9.910000E+37,+7.281895E+02,+3.585200E+04,+1.099957E+03,+1.000000E-03,+9.910000E+37,+7.282559E+02,+3.585200E+04,+1.099957E+03,+1.000000E-03,+9.910000E+37,+7.283213E+02,+3.585200E+04,+1.081568E+03,+0.000000E+00,+9.910000E+37,+7.283877E+02,+3.584400E+04
13:55:13,0e0,+1.099967E+03,+1.000000E-03,+9.910000E+37,+7.481768E+02,+3.585200E+04,+1.099959E+03,+1.000000E-03,+9.910000E+37,+7.482432E+02,+3.585200E+04,+1.099963E+03,+1.000000E-03,+9.910000E+37,+7.483096E+02,+3.585200E+04,+1.082324E+03,+0.000000E+00,+9.910000E+37,+7.483770E+02,+3.584400E+04
13:55:33,0e0,+1.099963E+03,+1.000000E-03,+9.910000E+37,+7.681670E+02,+3.585200E+04,+1.099964E+03,+1.000000E-03,+9.910000E+37,+7.682334E+02,+3.585200E+04,+1.099961E+03,+1.000000E-03,+9.910000E+37,+7.682998E+02,+3.585200E+04,+1.083476E+03,+0.000000E+00,+9.910000E+37,+7.683662E+02,+3.584400E+04
13:55:53,0e0,+1.099964E+03,+1.000000E-03,+9.910000E+37,+7.881553E+02,+3.585200E+04,+1.099964E+03,+1.000000E-03,+9.910000E+37,+7.882217E+02,+3.585200E+04,+1.099956E+03,+1.000000E-03,+9.910000E+37,+7.882871E+02,+3.585200E+04,+1.084920E+03,+0.000000E+00,+9.910000E+37,+7.883535E+02,+3.584400E+04
13:56:13,0e0,+1.099965E+03,+1.000000E-03,+9.910000E+37,+8.081436E+02,+3.585200E+04,+1.099959E+03,+1.000000E-03,+9.910000E+37,+8.082100E+02,+3.585200E+04,+1.099964E+03,+1.000000E-03,+9.910000E+37,+8.082773E+02,+3.585200E+04,+1.083033E+03,+0.000000E+00,+9.910000E+37,+8.083428E+02,+3.584400E+04
13:56:33,0e0,+1.099965E+03,+1.000000E-03,+9.910000E+37,+8.281328E+02,+3.585200E+04,+1.099964E+03,+1.000000E-03,+9.910000E+37,+8.282002E+02,+3.585200E+04,+1.099961E+03,+1.000000E-03,+9.910000E+37,+8.282656E+02,+3.585200E+04,+1.084086E+03,+0.000000E+00,+9.910000E+37,+8.283320E+02,+3.584400E+04
13:56:53,0e0,+1.099967E+03,+1.000000E-03,+9.910000E+37,+8.481064E+02,+3.585200E+04,+1.099960E+03,+1.000000E-03,+9.910000E+37,+8.481729E+02,+3.585200E+04,+1.099958E+03,+1.000000E-03,+9.910000E+37,+8.482402E+02,+3.585200E+04,+1.084847E+03,+0.000000E+00,+9.910000E+37,+8.483057E+02,+3.584400E+04
13:57:13,0e0,+1.099964E+03,+1.000000E-03,+9.910000E+37,+8.680947E+02,+3.585200E+04,+1.099957E+03,+1.000000E-03,+9.910000E+37,+8.681611E+02,+3.585200E+04,+1.099955E+03,+1.000000E-03,+9.910000E+37,+8.682275E+02,+3.585200E+04,+1.083533E+03,+0.000000E+00,+9.910000E+37,+8.682949E+02,+3.584400E+04
13:57:33,0e0,+1.099966E+03,+1.000000E-03,+9.910000E+37,+8.880869E+02,+3.585200E+04,+1.099961E+03,+1.000000E-03,+9.910000E+37,+8.881543E+02,+3.585200E+04,+1.099960E+03,+1.000000E-03,+9.910000E+37,+8.882197E+02,+3.585200E+04,+1.083620E+03,+0.000000E+00,+9.910000E+37,+8.882861E+02,+3.584400E+04
13:57:53,0e0,+1.099964E+03,+1.000000E-03,+9.910000E+37,+9.080752E+02,+3.585200E+04,+1.099959E+03,+1.000000E-03,+9.910000E+37,+9.081406E+02,+3.585200E+04,+1.099958E+03,+1.000000E-03,+9.910000E+37,+9.082070E+02,+3.585200E+04,+1.083723E+03,+0.000000E+00,+9.910000E+37,+9.082744E+02,+3.584400E+04
13:58:13,0e0,+1.099969E+03,+1.000000E-03,+9.910000E+37,+9.280654E+02,+3.585200E+04,+1.099961E+03,+1.000000E-03,+9.910000E+37,+9.281328E+02,+3.585200E+04,+1.099964E+03,+1.000000E-03,+9.910000E+37,+9.281982E+02,+3.585200E+04,+1.083743E+03,+0.000000E+00,+9.910000E+37,+9.282646E+02,+3.584400E+04
13:58:33,0e0,+1.099971E+03,+1.000000E-03,+9.910000E+37,+9.480342E+02,+3.585200E+04,+1.099956E+03,+1.000000E-03,+9.910000E+37,+9.481016E+02,+3.585200E+04,+1.099958E+03,+1.000000E-03,+9.910000E+37,+9.481670E+02,+3.585200E+04,+1.084608E+03,+0.000000E+00,+9.910000E+37,+9.482334E+02,+3.584400E+04
13:58:53,0e0,+1.099967E+03,+1.000000E-03,+9.910000E+37,+9.680244E+02,+3.585200E+04,+1.099958E+03,+1.000000E-03,+9.910000E+37,+9.680898E+02,+3.585200E+04,+1.099957E+03,+1.000000E-03,+9.910000E+37,+9.681563E+02,+3.585200E+04,+1.084313E+03,+0.000000E+00,+9.910000E+37,+9.682227E+02,+3.584400E+04
13:59:13,0e0,+1.099963E+03,+1.000000E-03,+9.910000E+37,+9.880107E+02,+3.585200E+04,+1.099958E+03,+1.000000E-03,+9.910000E+37,+9.880771E+02,+3.585200E+04,+1.099959E+03,+1.000000E-03,+9.910000E+37,+9.881436E+02,+3.585200E+04,+1.081739E+03,+0.000000E+00,+9.910000E+37,+9.882109E+02,+3.584400E+04
13:59:33,0e0,+1.099966E+03,+1.000000E-03,+9.910000E+37,+1.008003E+03,+3.585200E+04,+1.099958E+03,+1.000000E-03,+9.910000E+37,+1.008068E+03,+3.585200E+04,+1.099962E+03,+1.000000E-03,+9.910000E+37,+1.008136E+03,+3.585200E+04,+1.084578E+03,+0.000000E+00,+9.910000E+37,+1.008201E+03,+3.584400E+04
13:59:53,0e0,+1.099968E+03,+1.000000E-03,+9.910000E+37,+1.027991E+03,+3.585200E+04,+1.099956E+03,+1.000000E-03,+9.910000E+37,+1.028058E+03,+3.585200E+04,+1.099961E+03,+1.000000E-03,+9.910000E+37,+1.028123E+03,+3.585200E+04,+1.084558E+03,+0.000000E+00,+9.910000E+37,+1.028190E+03,+3.584400E+04
14:00:15,0e0,+1.099966E+03,+1.000000E-03,+9.910000E+37,+1.049526E+03,+3.585200E+04,+1.099960E+03,+1.000000E-03,+9.910000E+37,+1.049593E+03,+3.585200E+04,+1.099956E+03,+1.000000E-03,+9.910000E+37,+1.049659E+03,+3.585200E+04,+1.083369E+03,+0.000000E+00,+9.910000E+37,+1.049726E+03,+3.584400E+04
14:00:33,0e0,+1.099967E+03,+1.000000E-03,+9.910000E+37,+1.067882E+03,+3.585200E+04,+1.099958E+03,+1.000000E-03,+9.910000E+37,+1.067949E+03,+3.585200E+04,+1.099960E+03,+1.000000E-03,+9.910000E+37,+1.068015E+03,+3.585200E+04,+1.082358E+03,+0.000000E+00,+9.910000E+37,+1.068082E+03,+3.584400E+04
14:00:53,0e0,+1.099963E+03,+1.000000E-03,+9.910000E+37,+1.087868E+03,+3.585200E+04,+1.099963E+03,+1.000000E-03,+9.910000E+37,+1.087936E+03,+3.585200E+04,+1.099958E+03,+1.000000E-03,+9.910000E+37,+1.088001E+03,+3.585200E+04,+1.082603E+03,+0.000000E+00,+9.910000E+37,+1.088067E+03,+3.584400E+04
14:01:13,0e0,+1.099965E+03,+1.000000E-03,+9.910000E+37,+1.107858E+03,+3.585200E+04,+1.099958E+03,+1.000000E-03,+9.910000E+37,+1.107925E+03,+3.585200E+04,+1.099959E+03,+1.000000E-03,+9.910000E+37,+1.107992E+03,+3.585200E+04,+1.083004E+03,+0.000000E+00,+9.910000E+37,+1.108058E+03,+3.584400E+04
14:01:33,0e0,+1.099967E+03,+1.000000E-03,+9.910000E+37,+1.127848E+03,+3.585200E+04,+1.099958E+03,+1.000000E-03,+9.910000E+37,+1.127915E+03,+3.585200E+04,+1.099962E+03,+1.000000E-03,+9.910000E+37,+1.127980E+03,+3.585200E+04,+1.083095E+03,+0.000000E+00,+9.910000E+37,+1.128047E+03,+3.584400E+04
14:01:53,0e0,+1.099965E+03,+1.000000E-03,+9.910000E+37,+1.147837E+03,+3.585200E+04,+1.099960E+03,+1.000000E-03,+9.910000E+37,+1.147903E+03,+3.585200E+04,+1.099958E+03,+1.000000E-03,+9.910000E+37,+1.147971E+03,+3.585200E+04,+1.084449E+03,+0.000000E+00,+9.910000E+37,+1.148037E+03,+3.584400E+04
14:02:13,0e0,+1.099962E+03,+1.000000E-03,+9.910000E+37,+1.167827E+03,+3.585200E+04,+1.099958E+03,+1.000000E-03,+9.910000E+37,+1.167893E+03,+3.585200E+04,+1.099961E+03,+1.000000E-03,+9.910000E+37,+1.167959E+03,+3.585200E+04,+1.083093E+03,+0.000000E+00,+9.910000E+37,+1.168026E+03,+3.584400E+04
14:02:33,0e0,+1.099964E+03,+1.000000E-03,+9.910000E+37,+1.187808E+03,+3.585200E+04,+1.099957E+03,+1.000000E-03,+9.910000E+37,+1.187875E+03,+3.585200E+04,+1.099959E+03,+1.000000E-03,+9.910000E+37,+1.187940E+03,+3.585200E+04,+1.082606E+03,+0.000000E+00,+9.910000E+37,+1.188008E+03,+3.584400E+04
14:02:53,0e0,+1.099963E+03,+1.000000E-03,+9.910000E+37,+1.207792E+03,+3.585200E+04,+1.099963E+03,+1.000000E-03,+9.910000E+37,+1.207858E+03,+3.585200E+04,+1.099953E+03,+1.000000E-03,+9.910000E+37,+1.207926E+03,+3.585200E+04,+1.083357E+03,+0.000000E+00,+9.910000E+37,+1.207991E+03,+3.584400E+04
14:03:13,0e0,+1.099967E+03,+1.000000E-03,+9.910000E+37,+1.227782E+03,+3.585200E+04,+1.099958E+03,+1.000000E-03,+9.910000E+37,+1.227848E+03,+3.585200E+04,+1.099954E+03,+1.000000E-03,+9.910000E+37,+1.227914E+03,+3.585200E+04,+1.082265E+03,+0.000000E+00,+9.910000E+37,+1.227979E+03,+3.584400E+04
14:03:34,0e0,+1.099968E+03,+1.000000E-03,+9.910000E+37,+1.247771E+03,+3.585200E+04,+1.099961E+03,+1.000000E-03,+9.910000E+37,+1.247838E+03,+3.585200E+04,+1.099958E+03,+1.000000E-03,+9.910000E+37,+1.247903E+03,+3.585200E+04,+1.082030E+03,+0.000000E+00,+9.910000E+37,+1.247970E+03,+3.584400E+04
14:03:54,0e0,+1.099969E+03,+1.000000E-03,+9.910000E+37,+1.267761E+03,+3.585200E+04,+1.099959E+03,+1.000000E-03,+9.910000E+37,+1.267828E+03,+3.585200E+04,+1.099956E+03,+1.000000E-03,+9.910000E+37,+1.267894E+03,+3.585200E+04,+1.081417E+03,+0.000000E+00,+9.910000E+37,+1.267961E+03,+3.584400E+04
14:04:14,0e0,+1.099964E+03,+1.000000E-03,+9.910000E+37,+1.287736E+03,+3.585200E+04,+1.099960E+03,+1.000000E-03,+9.910000E+37,+1.287803E+03,+3.585200E+04,+1.099957E+03,+1.000000E-03,+9.910000E+37,+1.287870E+03,+3.585200E+04,+1.083818E+03,+0.000000E+00,+9.910000E+37,+1.287936E+03,+3.584400E+04
14:04:34,0e0,+1.099967E+03,+1.000000E-03,+9.910000E+37,+1.307725E+03,+3.585200E+04,+1.099956E+03,+1.000000E-03,+9.910000E+37,+1.307791E+03,+3.585200E+04,+1.099961E+03,+1.000000E-03,+9.910000E+37,+1.307858E+03,+3.585200E+04,+1.082268E+03,+0.000000E+00,+9.910000E+37,+1.307924E+03,+3.584400E+04
14:04:48,0e0,+1.099968E+03,+1.000000E-03,+9.910000E+37,+1.322113E+03,+3.585200E+04,+1.099957E+03,+1.000000E-03,+9.910000E+37,+1.322181E+03,+3.585200E+04,+1.099960E+03,+1.000000E-03,+9.910000E+37,+1.322246E+03,+3.585200E+04,+1.082418E+03,+0.000000E+00,+9.910000E+37,+1.322313E+03,+3.584400E+04
14:04:54,0e0,+1.099960E+03,+1.000000E-03,+9.910000E+37,+1.327689E+03,+3.585200E+04,+1.099954E+03,+1.000000E-03,+9.910000E+37,+1.327757E+03,+3.585200E+04,+1.099958E+03,+1.000000E-03,+9.910000E+37,+1.327822E+03,+3.585200E+04,+1.082483E+03,+0.000000E+00,+9.910000E+37,+1.327890E+03,+3.584400E+04
14:04:54,0e0,+1.099959E+03,+1.000000E-03,+9.910000E+37,+1.328587E+03,+3.585200E+04,+1.099958E+03,+1.000000E-03,+9.910000E+37,+1.328654E+03,+3.585200E+04,+1.099951E+03,+1.000000E-03,+9.910000E+37,+1.328720E+03,+3.585200E+04,+1.082063E+03,+0.000000E+00,+9.910000E+37,+1.328786E+03,+3.584400E+04
14:05:14,0e0,+1.099962E+03,+1.000000E-03,+9.910000E+37,+1.347654E+03,+3.585200E+04,+1.099958E+03,+1.000000E-03,+9.910000E+37,+1.347720E+03,+3.585200E+04,+1.099960E+03,+1.000000E-03,+9.910000E+37,+1.347787E+03,+3.585200E+04,+1.082679E+03,+0.000000E+00,+9.910000E+37,+1.347854E+03,+3.584400E+04
14:05:34,0e0,+1.099957E+03,+1.000000E-03,+9.910000E+37,+1.367645E+03,+3.585200E+04,+1.099958E+03,+1.000000E-03,+9.910000E+37,+1.367711E+03,+3.585200E+04,+1.099955E+03,+1.000000E-03,+9.910000E+37,+1.367778E+03,+3.585200E+04,+1.082399E+03,+0.000000E+00,+9.910000E+37,+1.367844E+03,+3.584400E+04
14:05:54,0e0,+1.099964E+03,+1.000000E-03,+9.910000E+37,+1.387635E+03,+3.585200E+04,+1.099961E+03,+1.000000E-03,+9.910000E+37,+1.387702E+03,+3.585200E+04,+1.099962E+03,+1.000000E-03,+9.910000E+37,+1.387768E+03,+3.585200E+04,+1.083196E+03,+0.000000E+00,+9.910000E+37,+1.387835E+03,+3.584400E+04
14:06:06,0e0,+1.099966E+03,+1.000000E-03,+9.910000E+37,+1.399777E+03,+3.585200E+04,+1.099957E+03,+1.000000E-03,+9.910000E+37,+1.399845E+03,+3.585200E+04,+1.099955E+03,+1.000000E-03,+9.910000E+37,+1.399910E+03,+3.585200E+04,+1.082806E+03,+0.000000E+00,+9.910000E+37,+1.399977E+03,+3.584400E+04
14:06:14,0e0,+1.099959E+03,+1.000000E-03,+9.910000E+37,+1.407583E+03,+3.585200E+04,+1.099959E+03,+1.000000E-03,+9.910000E+37,+1.407649E+03,+3.585200E+04,+1.099953E+03,+1.000000E-03,+9.910000E+37,+1.407717E+03,+3.585200E+04,+1.082547E+03,+0.000000E+00,+9.910000E+37,+1.407782E+03,+3.584400E+04
14:06:34,0e0,+1.099960E+03,+1.000000E-03,+9.910000E+37,+1.427566E+03,+3.585200E+04,+1.099957E+03,+1.000000E-03,+9.910000E+37,+1.427633E+03,+3.585200E+04,+1.099953E+03,+1.000000E-03,+9.910000E+37,+1.427700E+03,+3.585200E+04,+1.083080E+03,+0.000000E+00,+9.910000E+37,+1.427766E+03,+3.584400E+04
14:06:54,0e0,+1.099964E+03,+1.000000E-03,+9.910000E+37,+1.447557E+03,+3.585200E+04,+1.099960E+03,+1.000000E-03,+9.910000E+37,+1.447624E+03,+3.585200E+04,+1.099956E+03,+1.000000E-03,+9.910000E+37,+1.447689E+03,+3.585200E+04,+1.083048E+03,+0.000000E+00,+9.910000E+37,+1.447757E+03,+3.584400E+04
14:07:14,0e0,+1.099965E+03,+1.000000E-03,+9.910000E+37,+1.467546E+03,+3.585200E+04,+1.099958E+03,+1.000000E-03,+9.910000E+37,+1.467612E+03,+3.585200E+04,+1.099958E+03,+1.000000E-03,+9.910000E+37,+1.467680E+03,+3.585200E+04,+1.082780E+03,+0.000000E+00,+9.910000E+37,+1.467745E+03,+3.584400E+04
14:07:34,0e0,+1.099964E+03,+1.000000E-03,+9.910000E+37,+1.487536E+03,+3.585200E+04,+1.099959E+03,+1.000000E-03,+9.910000E+37,+1.487604E+03,+3.585200E+04,+1.099959E+03,+1.000000E-03,+9.910000E+37,+1.487669E+03,+3.585200E+04,+1.082892E+03,+0.000000E+00,+9.910000E+37,+1.487735E+03,+3.584400E+04
14:07:54,0e0,+1.099964E+03,+1.000000E-03,+9.910000E+37,+1.507511E+03,+3.585200E+04,+1.099958E+03,+1.000000E-03,+9.910000E+37,+1.507577E+03,+3.585200E+04,+1.099959E+03,+1.000000E-03,+9.910000E+37,+1.507645E+03,+3.585200E+04,+1.083032E+03,+0.000000E+00,+9.910000E+37,+1.507710E+03,+3.584400E+04
14:08:14,0e0,+1.099966E+03,+1.000000E-03,+9.910000E+37,+1.527500E+03,+3.585200E+04,+1.099962E+03,+1.000000E-03,+9.910000E+37,+1.527567E+03,+3.585200E+04,+1.099953E+03,+1.000000E-03,+9.910000E+37,+1.527633E+03,+3.585200E+04,+1.085005E+03,+0.000000E+00,+9.910000E+37,+1.527700E+03,+3.584400E+04
14:08:44,0e0,+1.099965E+03,+1.000000E-03,+9.910000E+37,+1.558214E+03,+3.585200E+04,+1.099958E+03,+1.000000E-03,+9.910000E+37,+1.558280E+03,+3.585200E+04,+1.099956E+03,+1.000000E-03,+9.910000E+37,+1.558348E+03,+3.585200E+04,+1.083163E+03,+0.000000E+00,+9.910000E+37,+1.558413E+03,+3.584400E+04
14:08:54,0e0,+1.099967E+03,+1.000000E-03,+9.910000E+37,+1.567451E+03,+3.585200E+04,+1.099960E+03,+1.000000E-03,+9.910000E+37,+1.567519E+03,+3.585200E+04,+1.099956E+03,+1.000000E-03,+9.910000E+37,+1.567584E+03,+3.585200E+04,+1.080821E+03,+0.000000E+00,+9.910000E+37,+1.567651E+03,+3.584400E+04
14:09:14,0e0,+1.099962E+03,+1.000000E-03,+9.910000E+37,+1.587439E+03,+3.585200E+04,+1.099959E+03,+1.000000E-03,+9.910000E+37,+1.587506E+03,+3.585200E+04,+1.099954E+03,+1.000000E-03,+9.910000E+37,+1.587573E+03,+3.585200E+04,+1.082754E+03,+0.000000E+00,+9.910000E+37,+1.587639E+03,+3.584400E+04
14:09:34,0e0,+1.099964E+03,+1.000000E-03,+9.910000E+37,+1.607429E+03,+3.585200E+04,+1.099961E+03,+1.000000E-03,+9.910000E+37,+1.607495E+03,+3.585200E+04,+1.099956E+03,+1.000000E-03,+9.910000E+37,+1.607563E+03,+3.585200E+04,+1.081580E+03,+0.000000E+00,+9.910000E+37,+1.607628E+03,+3.584400E+04
14:09:54,0e0,+1.099967E+03,+1.000000E-03,+9.910000E+37,+1.627404E+03,+3.585200E+04,+1.099962E+03,+1.000000E-03,+9.910000E+37,+1.627471E+03,+3.585200E+04,+1.099955E+03,+1.000000E-03,+9.910000E+37,+1.627538E+03,+3.585200E+04,+1.081025E+03,+0.000000E+00,+9.910000E+37,+1.627604E+03,+3.584400E+04
14:10:14,0e0,+1.099969E+03,+1.000000E-03,+9.910000E+37,+1.647394E+03,+3.585200E+04,+1.099955E+03,+1.000000E-03,+9.910000E+37,+1.647460E+03,+3.585200E+04,+1.099961E+03,+1.000000E-03,+9.910000E+37,+1.647527E+03,+3.585200E+04,+1.080694E+03,+0.000000E+00,+9.910000E+37,+1.647594E+03,+3.584400E+04
14:10:34,0e0,+1.099967E+03,+1.000000E-03,+9.910000E+37,+1.667385E+03,+3.585200E+04,+1.099958E+03,+1.000000E-03,+9.910000E+37,+1.667452E+03,+3.585200E+04,+1.099955E+03,+1.000000E-03,+9.910000E+37,+1.667518E+03,+3.585200E+04,+1.082883E+03,+0.000000E+00,+9.910000E+37,+1.667584E+03,+3.584400E+04
14:10:37,0e0,+1.099964E+03,+1.000000E-03,+9.910000E+37,+1.670796E+03,+3.585200E+04,+1.099962E+03,+1.000000E-03,+9.910000E+37,+1.670861E+03,+3.585200E+04,+1.099954E+03,+1.000000E-03,+9.910000E+37,+1.670928E+03,+3.585200E+04,+1.081978E+03,+0.000000E+00,+9.910000E+37,+1.670995E+03,+3.584400E+04
14:10:54,0e0,+1.099962E+03,+1.000000E-03,+9.910000E+37,+1.687350E+03,+3.585200E+04,+1.099957E+03,+1.000000E-03,+9.910000E+37,+1.687417E+03,+3.585200E+04,+1.099955E+03,+1.000000E-03,+9.910000E+37,+1.687482E+03,+3.585200E+04,+1.082177E+03,+0.000000E+00,+9.910000E+37,+1.687549E+03,+3.584400E+04
14:11:14,0e0,+1.099966E+03,+1.000000E-03,+9.910000E+37,+1.707336E+03,+3.585200E+04,+1.099959E+03,+1.000000E-03,+9.910000E+37,+1.707403E+03,+3.585200E+04,+1.099960E+03,+1.000000E-03,+9.910000E+37,+1.707469E+03,+3.585200E+04,+1.081708E+03,+0.000000E+00,+9.910000E+37,+1.707536E+03,+3.584400E+04
14:11:22,0e0,+1.099956E+03,+1.000000E-03,+9.910000E+37,+1.715485E+03,+3.585200E+04,+1.099959E+03,+1.000000E-03,+9.910000E+37,+1.715552E+03,+3.585200E+04,+1.099956E+03,+1.000000E-03,+9.910000E+37,+1.715618E+03,+3.585200E+04,+1.080266E+03,+0.000000E+00,+9.910000E+37,+1.715686E+03,+3.584400E+04
14:11:34,0e0,+1.099963E+03,+1.000000E-03,+9.910000E+37,+1.727285E+03,+3.585200E+04,+1.099960E+03,+1.000000E-03,+9.910000E+37,+1.727352E+03,+3.585200E+04,+1.099954E+03,+1.000000E-03,+9.910000E+37,+1.727419E+03,+3.585200E+04,+1.082618E+03,+0.000000E+00,+9.910000E+37,+1.727484E+03,+3.584400E+04
14:11:54,0e0,+1.099966E+03,+1.000000E-03,+9.910000E+37,+1.747272E+03,+3.585200E+04,+1.099957E+03,+1.000000E-03,+9.910000E+37,+1.747339E+03,+3.585200E+04,+1.099955E+03,+1.000000E-03,+9.910000E+37,+1.747406E+03,+3.585200E+04,+1.081193E+03,+0.000000E+00,+9.910000E+37,+1.747472E+03,+3.584400E+04
14:12:14,0e0,+1.099967E+03,+1.000000E-03,+9.910000E+37,+1.767264E+03,+3.585200E+04,+1.099959E+03,+1.000000E-03,+9.910000E+37,+1.767329E+03,+3.585200E+04,+1.099954E+03,+1.000000E-03,+9.910000E+37,+1.767396E+03,+3.585200E+04,+1.080614E+03,+0.000000E+00,+9.910000E+37,+1.767463E+03,+3.584400E+04
14:12:34,0e0,+1.099966E+03,+1.000000E-03,+9.910000E+37,+1.787252E+03,+3.585200E+04,+1.099962E+03,+1.000000E-03,+9.910000E+37,+1.787319E+03,+3.585200E+04,+1.099955E+03,+1.000000E-03,+9.910000E+37,+1.787385E+03,+3.585200E+04,+1.078852E+03,+0.000000E+00,+9.910000E+37,+1.787452E+03,+3.584400E+04
14:12:54,0e0,+1.099959E+03,+1.000000E-03,+9.910000E+37,+1.807229E+03,+3.585200E+04,+1.099958E+03,+1.000000E-03,+9.910000E+37,+1.807296E+03,+3.585200E+04,+1.099953E+03,+1.000000E-03,+9.910000E+37,+1.807363E+03,+3.585200E+04,+1.078863E+03,+0.000000E+00,+9.910000E+37,+1.807429E+03,+3.584400E+04
14:13:14,0e0,+1.099966E+03,+1.000000E-03,+9.910000E+37,+1.827206E+03,+3.585200E+04,+1.099957E+03,+1.000000E-03,+9.910000E+37,+1.827273E+03,+3.585200E+04,+1.099954E+03,+1.000000E-03,+9.910000E+37,+1.827339E+03,+3.585200E+04,+1.081582E+03,+0.000000E+00,+9.910000E+37,+1.827405E+03,+3.584400E+04
14:13:34,0e0,+1.099955E+03,+1.000000E-03,+9.910000E+37,+1.847170E+03,+3.585200E+04,+1.099956E+03,+1.000000E-03,+9.910000E+37,+1.847236E+03,+3.585200E+04,+1.099956E+03,+1.000000E-03,+9.910000E+37,+1.847303E+03,+3.585200E+04,+1.079722E+03,+0.000000E+00,+9.910000E+37,+1.847370E+03,+3.584400E+04
14:13:54,0e0,+1.099965E+03,+1.000000E-03,+9.910000E+37,+1.867139E+03,+3.585200E+04,+1.099955E+03,+1.000000E-03,+9.910000E+37,+1.867205E+03,+3.585200E+04,+1.099956E+03,+1.000000E-03,+9.910000E+37,+1.867272E+03,+3.585200E+04,+1.078376E+03,+0.000000E+00,+9.910000E+37,+1.867340E+03,+3.584400E+04
14:14:14,0e0,+1.099963E+03,+1.000000E-03,+9.910000E+37,+1.887131E+03,+3.585200E+04,+1.099959E+03,+1.000000E-03,+9.910000E+37,+1.887196E+03,+3.585200E+04,+1.099956E+03,+1.000000E-03,+9.910000E+37,+1.887263E+03,+3.585200E+04,+1.078815E+03,+0.000000E+00,+9.910000E+37,+1.887330E+03,+3.584400E+04
14:14:34,0e0,+1.099964E+03,+1.000000E-03,+9.910000E+37,+1.907117E+03,+3.585200E+04,+1.099959E+03,+1.000000E-03,+9.910000E+37,+1.907184E+03,+3.585200E+04,+1.099953E+03,+1.000000E-03,+9.910000E+37,+1.907250E+03,+3.585200E+04,+1.080033E+03,+0.000000E+00,+9.910000E+37,+1.907317E+03,+3.584400E+04
14:14:54,0e0,+1.099965E+03,+1.000000E-03,+9.910000E+37,+1.927108E+03,+3.585200E+04,+1.099959E+03,+1.000000E-03,+9.910000E+37,+1.927176E+03,+3.585200E+04,+1.099954E+03,+1.000000E-03,+9.910000E+37,+1.927241E+03,+3.585200E+04,+1.080169E+03,+0.000000E+00,+9.910000E+37,+1.927308E+03,+3.584400E+04
14:16:40,0e0,+1.099948E+03,+1.000000E-03,+9.910000E+37,+2.027540E+03,+3.585200E+04,+1.099953E+03,+1.000000E-03,+9.910000E+37,+2.027607E+03,+3.585200E+04,+1.099953E+03,+1.000000E-03,+9.910000E+37,+2.027673E+03,+3.585200E+04,+1.098594E+03,+0.000000E+00,+9.910000E+37,+2.027740E+03,+3.584400E+04
14:18:42,0e0,+1.099961E+03,+1.000000E-03,+9.910000E+37,+2.149510E+03,+3.585200E+04,+1.099955E+03,+1.000000E-03,+9.910000E+37,+2.149576E+03,+3.585200E+04,+1.099955E+03,+1.000000E-03,+9.910000E+37,+2.149642E+03,+3.585200E+04,+1.098825E+03,+0.000000E+00,+9.910000E+37,+2.149708E+03,+3.585200E+04
14:21:00,0e0,+1.099962E+03,+1.000000E-03,+9.910000E+37,+2.284853E+03,+3.585200E+04,+1.099951E+03,+1.000000E-03,+9.910000E+37,+2.284920E+03,+3.585200E+04,+1.099952E+03,+1.000000E-03,+9.910000E+37,+2.284985E+03,+3.585200E+04,+1.078780E+03,+0.000000E+00,+9.910000E+37,+2.285053E+03,+3.584400E+04
14:21:11,0e0,+1.099958E+03,+1.000000E-03,+9.910000E+37,+2.296169E+03,+3.585200E+04,+1.099954E+03,+1.000000E-03,+9.910000E+37,+2.296236E+03,+3.585200E+04,+1.099954E+03,+1.000000E-03,+9.910000E+37,+2.296302E+03,+3.585200E+04,+1.078964E+03,+0.000000E+00,+9.910000E+37,+2.296369E+03,+3.584400E+04
14:21:31,0e0,+1.099960E+03,+1.000000E-03,+9.910000E+37,+2.316149E+03,+3.585200E+04,+1.099961E+03,+1.000000E-03,+9.910000E+37,+2.316217E+03,+3.585200E+04,+1.099954E+03,+1.000000E-03,+9.910000E+37,+2.316282E+03,+3.585200E+04,+1.079170E+03,+0.000000E+00,+9.910000E+37,+2.316350E+03,+3.584400E+04
14:21:51,0e0,+1.099962E+03,+1.000000E-03,+9.910000E+37,+2.336142E+03,+3.585200E+04,+1.099960E+03,+1.000000E-03,+9.910000E+37,+2.336209E+03,+3.585200E+04,+1.099953E+03,+1.000000E-03,+9.910000E+37,+2.336274E+03,+3.585200E+04,+1.080325E+03,+0.000000E+00,+9.910000E+37,+2.336342E+03,+3.584400E+04
14:22:11,0e0,+1.099961E+03,+1.000000E-03,+9.910000E+37,+2.356131E+03,+3.585200E+04,+1.099959E+03,+1.000000E-03,+9.910000E+37,+2.356197E+03,+3.585200E+04,+1.099958E+03,+1.000000E-03,+9.910000E+37,+2.356265E+03,+3.585200E+04,+1.077711E+03,+0.000000E+00,+9.910000E+37,+2.356330E+03,+3.584400E+04
14:22:31,0e0,+1.099958E+03,+1.000000E-03,+9.910000E+37,+2.376120E+03,+3.585200E+04,+1.099957E+03,+1.000000E-03,+9.910000E+37,+2.376187E+03,+3.585200E+04,+1.099955E+03,+1.000000E-03,+9.910000E+37,+2.376254E+03,+3.585200E+04,+1.079342E+03,+0.000000E+00,+9.910000E+37,+2.376319E+03,+3.584400E+04
14:22:51,0e0,+1.099964E+03,+1.000000E-03,+9.910000E+37,+2.396108E+03,+3.585200E+04,+1.099955E+03,+1.000000E-03,+9.910000E+37,+2.396175E+03,+3.585200E+04,+1.099958E+03,+1.000000E-03,+9.910000E+37,+2.396242E+03,+3.585200E+04,+1.079528E+03,+0.000000E+00,+9.910000E+37,+2.396308E+03,+3.584400E+04
14:23:11,0e0,+1.099959E+03,+1.000000E-03,+9.910000E+37,+2.416095E+03,+3.585200E+04,+1.099957E+03,+1.000000E-03,+9.910000E+37,+2.416160E+03,+3.585200E+04,+1.099956E+03,+1.000000E-03,+9.910000E+37,+2.416227E+03,+3.585200E+04,+1.079058E+03,+0.000000E+00,+9.910000E+37,+2.416294E+03,+3.584400E+04
14:23:31,0e0,+1.099963E+03,+1.000000E-03,+9.910000E+37,+2.436072E+03,+3.585200E+04,+1.099958E+03,+1.000000E-03,+9.910000E+37,+2.436140E+03,+3.585200E+04,+1.099953E+03,+1.000000E-03,+9.910000E+37,+2.436205E+03,+3.585200E+04,+1.079726E+03,+0.000000E+00,+9.910000E+37,+2.436272E+03,+3.584400E+04
14:23:51,0e0,+1.099959E+03,+1.000000E-03,+9.910000E+37,+2.456059E+03,+3.585200E+04,+1.099957E+03,+1.000000E-03,+9.910000E+37,+2.456126E+03,+3.585200E+04,+1.099953E+03,+1.000000E-03,+9.910000E+37,+2.456191E+03,+3.585200E+04,+1.079175E+03,+0.000000E+00,+9.910000E+37,+2.456259E+03,+3.584400E+04
14:24:11,0e0,+1.099960E+03,+1.000000E-03,+9.910000E+37,+2.476049E+03,+3.585200E+04,+1.099954E+03,+1.000000E-03,+9.910000E+37,+2.476116E+03,+3.585200E+04,+1.099955E+03,+1.000000E-03,+9.910000E+37,+2.476183E+03,+3.585200E+04,+1.080446E+03,+0.000000E+00,+9.910000E+37,+2.476249E+03,+3.584400E+04
14:24:32,0e0,+1.099962E+03,+1.000000E-03,+9.910000E+37,+2.496041E+03,+3.585200E+04,+1.099956E+03,+1.000000E-03,+9.910000E+37,+2.496108E+03,+3.585200E+04,+1.099958E+03,+1.000000E-03,+9.910000E+37,+2.496174E+03,+3.585200E+04,+1.079293E+03,+0.000000E+00,+9.910000E+37,+2.496241E+03,+3.584400E+04
14:24:52,0e0,+1.099964E+03,+1.000000E-03,+9.910000E+37,+2.516031E+03,+3.585200E+04,+1.099956E+03,+1.000000E-03,+9.910000E+37,+2.516098E+03,+3.585200E+04,+1.099962E+03,+1.000000E-03,+9.910000E+37,+2.516165E+03,+3.585200E+04,+1.080571E+03,+0.000000E+00,+9.910000E+37,+2.516230E+03,+3.584400E+04
14:25:12,0e0,+1.099964E+03,+1.000000E-03,+9.910000E+37,+2.536022E+03,+3.585200E+04,+1.099957E+03,+1.000000E-03,+9.910000E+37,+2.536088E+03,+3.585200E+04,+1.099953E+03,+1.000000E-03,+9.910000E+37,+2.536154E+03,+3.585200E+04,+1.079950E+03,+0.000000E+00,+9.910000E+37,+2.536220E+03,+3.584400E+04
14:25:32,0e0,+1.099960E+03,+1.000000E-03,+9.910000E+37,+2.555999E+03,+3.585200E+04,+1.099957E+03,+1.000000E-03,+9.910000E+37,+2.556066E+03,+3.585200E+04,+1.099960E+03,+1.000000E-03,+9.910000E+37,+2.556132E+03,+3.585200E+04,+1.080595E+03,+0.000000E+00,+9.910000E+37,+2.556199E+03,+3.584400E+04
14:25:52,0e0,+1.099969E+03,+1.000000E-03,+9.910000E+37,+2.575985E+03,+3.585200E+04,+1.099958E+03,+1.000000E-03,+9.910000E+37,+2.576051E+03,+3.585200E+04,+1.099952E+03,+1.000000E-03,+9.910000E+37,+2.576117E+03,+3.585200E+04,+1.080977E+03,+0.000000E+00,+9.910000E+37,+2.576183E+03,+3.584400E+04
14:26:12,0e0,+1.099965E+03,+1.000000E-03,+9.910000E+37,+2.595974E+03,+3.585200E+04,+1.099962E+03,+1.000000E-03,+9.910000E+37,+2.596041E+03,+3.585200E+04,+1.099953E+03,+1.000000E-03,+9.910000E+37,+2.596106E+03,+3.585200E+04,+1.079741E+03,+0.000000E+00,+9.910000E+37,+2.596173E+03,+3.584400E+04
14:26:20,0e0,+1.099960E+03,+1.000000E-03,+9.910000E+37,+2.604312E+03,+3.585200E+04,+1.099957E+03,+1.000000E-03,+9.910000E+37,+2.604379E+03,+3.585200E+04,+1.099959E+03,+1.000000E-03,+9.910000E+37,+2.604444E+03,+3.585200E+04,+1.079676E+03,+0.000000E+00,+9.910000E+37,+2.604512E+03,+3.584400E+04
14:26:32,0e0,+1.099962E+03,+1.000000E-03,+9.910000E+37,+2.615940E+03,+3.585200E+04,+1.099957E+03,+1.000000E-03,+9.910000E+37,+2.616007E+03,+3.585200E+04,+1.099955E+03,+1.000000E-03,+9.910000E+37,+2.616073E+03,+3.585200E+04,+1.080105E+03,+0.000000E+00,+9.910000E+37,+2.616141E+03,+3.584400E+04
14:26:52,0e0,+1.099962E+03,+1.000000E-03,+9.910000E+37,+2.635930E+03,+3.585200E+04,+1.099957E+03,+1.000000E-03,+9.910000E+37,+2.635996E+03,+3.585200E+04,+1.099957E+03,+1.000000E-03,+9.910000E+37,+2.636063E+03,+3.585200E+04,+1.080625E+03,+0.000000E+00,+9.910000E+37,+2.636129E+03,+3.584400E+04
14:27:12,0e0,+1.099961E+03,+1.000000E-03,+9.910000E+37,+2.655920E+03,+3.585200E+04,+1.099957E+03,+1.000000E-03,+9.910000E+37,+2.655987E+03,+3.585200E+04,+1.099954E+03,+1.000000E-03,+9.910000E+37,+2.656053E+03,+3.585200E+04,+1.080973E+03,+0.000000E+00,+9.910000E+37,+2.656119E+03,+3.584400E+04
14:27:32,0e0,+1.099967E+03,+1.000000E-03,+9.910000E+37,+2.675885E+03,+3.585200E+04,+1.099953E+03,+1.000000E-03,+9.910000E+37,+2.675951E+03,+3.585200E+04,+1.099958E+03,+1.000000E-03,+9.910000E+37,+2.676019E+03,+3.585200E+04,+1.079719E+03,+0.000000E+00,+9.910000E+37,+2.676084E+03,+3.584400E+04
14:27:52,0e0,+1.099958E+03,+1.000000E-03,+9.910000E+37,+2.695859E+03,+3.585200E+04,+1.099960E+03,+1.000000E-03,+9.910000E+37,+2.695925E+03,+3.585200E+04,+1.099958E+03,+1.000000E-03,+9.910000E+37,+2.695991E+03,+3.585200E+04,+1.079284E+03,+0.000000E+00,+9.910000E+37,+2.696059E+03,+3.584400E+04
14:28:12,0e0,+1.099965E+03,+1.000000E-03,+9.910000E+37,+2.715849E+03,+3.585200E+04,+1.099958E+03,+1.000000E-03,+9.910000E+37,+2.715914E+03,+3.585200E+04,+1.099953E+03,+1.000000E-03,+9.910000E+37,+2.715980E+03,+3.585200E+04,+1.079345E+03,+0.000000E+00,+9.910000E+37,+2.716048E+03,+3.584400E+04
14:28:32,0e0,+1.099959E+03,+1.000000E-03,+9.910000E+37,+2.735837E+03,+3.585200E+04,+1.099957E+03,+1.000000E-03,+9.910000E+37,+2.735904E+03,+3.585200E+04,+1.099956E+03,+1.000000E-03,+9.910000E+37,+2.735970E+03,+3.585200E+04,+1.079232E+03,+0.000000E+00,+9.910000E+37,+2.736036E+03,+3.584400E+04
14:28:52,0e0,+1.099963E+03,+1.000000E-03,+9.910000E+37,+2.755828E+03,+3.585200E+04,+1.099958E+03,+1.000000E-03,+9.910000E+37,+2.755896E+03,+3.585200E+04,+1.099958E+03,+1.000000E-03,+9.910000E+37,+2.755961E+03,+3.585200E+04,+1.079487E+03,+0.000000E+00,+9.910000E+37,+2.756028E+03,+3.584400E+04
14:29:12,0e0,+1.099956E+03,+1.000000E-03,+9.910000E+37,+2.775801E+03,+3.585200E+04,+1.099961E+03,+1.000000E-03,+9.910000E+37,+2.775867E+03,+3.585200E+04,+1.099961E+03,+1.000000E-03,+9.910000E+37,+2.775934E+03,+3.585200E+04,+1.080453E+03,+0.000000E+00,+9.910000E+37,+2.776001E+03,+3.584400E+04
14:29:32,0e0,+1.099964E+03,+1.000000E-03,+9.910000E+37,+2.795791E+03,+3.585200E+04,+1.099960E+03,+1.000000E-03,+9.910000E+37,+2.795858E+03,+3.585200E+04,+1.099956E+03,+1.000000E-03,+9.910000E+37,+2.795924E+03,+3.585200E+04,+1.079557E+03,+0.000000E+00,+9.910000E+37,+2.795990E+03,+3.584400E+04
14:29:52,0e0,+1.099960E+03,+1.000000E-03,+9.910000E+37,+2.815780E+03,+3.585200E+04,+1.099958E+03,+1.000000E-03,+9.910000E+37,+2.815847E+03,+3.585200E+04,+1.099957E+03,+1.000000E-03,+9.910000E+37,+2.815914E+03,+3.585200E+04,+1.080008E+03,+0.000000E+00,+9.910000E+37,+2.815979E+03,+3.584400E+04
14:30:12,0e0,+1.099962E+03,+1.000000E-03,+9.910000E+37,+2.835769E+03,+3.585200E+04,+1.099956E+03,+1.000000E-03,+9.910000E+37,+2.835836E+03,+3.585200E+04,+1.099955E+03,+1.000000E-03,+9.910000E+37,+2.835901E+03,+3.585200E+04,+1.078983E+03,+0.000000E+00,+9.910000E+37,+2.835968E+03,+3.584400E+04
14:30:32,0e0,+1.099960E+03,+1.000000E-03,+9.910000E+37,+2.855760E+03,+3.585200E+04,+1.099960E+03,+1.000000E-03,+9.910000E+37,+2.855826E+03,+3.585200E+04,+1.099957E+03,+1.000000E-03,+9.910000E+37,+2.855894E+03,+3.585200E+04,+1.080525E+03,+0.000000E+00,+9.910000E+37,+2.855959E+03,+3.584400E+04
14:30:52,0e0,+1.099964E+03,+1.000000E-03,+9.910000E+37,+2.875749E+03,+3.585200E+04,+1.099958E+03,+1.000000E-03,+9.910000E+37,+2.875815E+03,+3.585200E+04,+1.099955E+03,+1.000000E-03,+9.910000E+37,+2.875882E+03,+3.585200E+04,+1.080514E+03,+0.000000E+00,+9.910000E+37,+2.875949E+03,+3.584400E+04
14:31:12,0e0,+1.099963E+03,+1.000000E-03,+9.910000E+37,+2.895723E+03,+3.585200E+04,+1.099959E+03,+1.000000E-03,+9.910000E+37,+2.895789E+03,+3.585200E+04,+1.099957E+03,+1.000000E-03,+9.910000E+37,+2.895856E+03,+3.585200E+04,+1.080599E+03,+0.000000E+00,+9.910000E+37,+2.895922E+03,+3.584400E+04
14:31:32,0e0,+1.099959E+03,+1.000000E-03,+9.910000E+37,+2.915710E+03,+3.585200E+04,+1.099962E+03,+1.000000E-03,+9.910000E+37,+2.915775E+03,+3.585200E+04,+1.099959E+03,+1.000000E-03,+9.910000E+37,+2.915842E+03,+3.585200E+04,+1.079351E+03,+0.000000E+00,+9.910000E+37,+2.915909E+03,+3.584400E+04
14:31:52,0e0,+1.099963E+03,+1.000000E-03,+9.910000E+37,+2.935698E+03,+3.585200E+04,+1.099953E+03,+1.000000E-03,+9.910000E+37,+2.935765E+03,+3.585200E+04,+1.099958E+03,+1.000000E-03,+9.910000E+37,+2.935832E+03,+3.585200E+04,+1.080140E+03,+0.000000E+00,+9.910000E+37,+2.935899E+03,+3.584400E+04
14:32:12,0e0,+1.099965E+03,+1.000000E-03,+9.910000E+37,+2.955688E+03,+3.585200E+04,+1.099954E+03,+1.000000E-03,+9.910000E+37,+2.955756E+03,+3.585200E+04,+1.099952E+03,+1.000000E-03,+9.910000E+37,+2.955822E+03,+3.585200E+04,+1.080022E+03,+0.000000E+00,+9.910000E+37,+2.955888E+03,+3.584400E+04
14:32:32,0e0,+1.099957E+03,+1.000000E-03,+9.910000E+37,+2.975677E+03,+3.585200E+04,+1.099956E+03,+1.000000E-03,+9.910000E+37,+2.975743E+03,+3.585200E+04,+1.099956E+03,+1.000000E-03,+9.910000E+37,+2.975811E+03,+3.585200E+04,+1.080821E+03,+0.000000E+00,+9.910000E+37,+2.975876E+03,+3.584400E+04
14:32:52,0e0,+1.099965E+03,+1.000000E-03,+9.910000E+37,+2.995652E+03,+3.585200E+04,+1.099955E+03,+1.000000E-03,+9.910000E+37,+2.995720E+03,+3.585200E+04,+1.099955E+03,+1.000000E-03,+9.910000E+37,+2.995785E+03,+3.585200E+04,+1.079787E+03,+0.000000E+00,+9.910000E+37,+2.995852E+03,+3.584400E+04
14:33:12,0e0,+1.099955E+03,+1.000000E-03,+9.910000E+37,+3.015642E+03,+3.585200E+04,+1.099959E+03,+1.000000E-03,+9.910000E+37,+3.015708E+03,+3.585200E+04,+1.099960E+03,+1.000000E-03,+9.910000E+37,+3.015774E+03,+3.585200E+04,+1.079298E+03,+0.000000E+00,+9.910000E+37,+3.015841E+03,+3.584400E+04
14:33:32,0e0,+1.099965E+03,+1.000000E-03,+9.910000E+37,+3.035634E+03,+3.585200E+04,+1.099956E+03,+1.000000E-03,+9.910000E+37,+3.035700E+03,+3.585200E+04,+1.099952E+03,+1.000000E-03,+9.910000E+37,+3.035768E+03,+3.585200E+04,+1.079758E+03,+0.000000E+00,+9.910000E+37,+3.035833E+03,+3.584400E+04
14:33:52,0e0,+1.099960E+03,+1.000000E-03,+9.910000E+37,+3.055623E+03,+3.585200E+04,+1.099955E+03,+1.000000E-03,+9.910000E+37,+3.055689E+03,+3.585200E+04,+1.099955E+03,+1.000000E-03,+9.910000E+37,+3.055757E+03,+3.585200E+04,+1.079682E+03,+0.000000E+00,+9.910000E+37,+3.055822E+03,+3.584400E+04
14:34:12,0e0,+1.099962E+03,+1.000000E-03,+9.910000E+37,+3.075614E+03,+3.585200E+04,+1.099960E+03,+1.000000E-03,+9.910000E+37,+3.075680E+03,+3.585200E+04,+1.099957E+03,+1.000000E-03,+9.910000E+37,+3.075746E+03,+3.585200E+04,+1.079727E+03,+0.000000E+00,+9.910000E+37,+3.075812E+03,+3.584400E+04
14:34:32,0e0,+1.099966E+03,+1.000000E-03,+9.910000E+37,+3.095601E+03,+3.585200E+04,+1.099959E+03,+1.000000E-03,+9.910000E+37,+3.095667E+03,+3.585200E+04,+1.099953E+03,+1.000000E-03,+9.910000E+37,+3.095734E+03,+3.585200E+04,+1.078554E+03,+0.000000E+00,+9.910000E+37,+3.095800E+03,+3.584400E+04
14:34:52,0e0,+1.099961E+03,+1.000000E-03,+9.910000E+37,+3.115575E+03,+3.585200E+04,+1.099960E+03,+1.000000E-03,+9.910000E+37,+3.115643E+03,+3.585200E+04,+1.099959E+03,+1.000000E-03,+9.910000E+37,+3.115708E+03,+3.585200E+04,+1.078195E+03,+0.000000E+00,+9.910000E+37,+3.115774E+03,+3.584400E+04
14:35:12,0e0,+1.099956E+03,+1.000000E-03,+9.910000E+37,+3.135564E+03,+3.585200E+04,+1.099955E+03,+1.000000E-03,+9.910000E+37,+3.135631E+03,+3.585200E+04,+1.099955E+03,+1.000000E-03,+9.910000E+37,+3.135698E+03,+3.585200E+04,+1.079347E+03,+0.000000E+00,+9.910000E+37,+3.135764E+03,+3.584400E+04
14:35:32,0e0,+1.099962E+03,+1.000000E-03,+9.910000E+37,+3.155555E+03,+3.585200E+04,+1.099954E+03,+1.000000E-03,+9.910000E+37,+3.155622E+03,+3.585200E+04,+1.099959E+03,+1.000000E-03,+9.910000E+37,+3.155688E+03,+3.585200E+04,+1.079160E+03,+0.000000E+00,+9.910000E+37,+3.155755E+03,+3.584400E+04
14:35:52,0e0,+1.099962E+03,+1.000000E-03,+9.910000E+37,+3.175545E+03,+3.585200E+04,+1.099956E+03,+1.000000E-03,+9.910000E+37,+3.175612E+03,+3.585200E+04,+1.099953E+03,+1.000000E-03,+9.910000E+37,+3.175678E+03,+3.585200E+04,+1.079210E+03,+0.000000E+00,+9.910000E+37,+3.175745E+03,+3.584400E+04
14:36:12,0e0,+1.099959E+03,+1.000000E-03,+9.910000E+37,+3.195534E+03,+3.585200E+04,+1.099957E+03,+1.000000E-03,+9.910000E+37,+3.195600E+03,+3.585200E+04,+1.099957E+03,+1.000000E-03,+9.910000E+37,+3.195666E+03,+3.585200E+04,+1.078753E+03,+0.000000E+00,+9.910000E+37,+3.195732E+03,+3.584400E+04
14:36:32,0e0,+1.099963E+03,+1.000000E-03,+9.910000E+37,+3.215508E+03,+3.585200E+04,+1.099954E+03,+1.000000E-03,+9.910000E+37,+3.215574E+03,+3.585200E+04,+1.099957E+03,+1.000000E-03,+9.910000E+37,+3.215642E+03,+3.585200E+04,+1.079390E+03,+0.000000E+00,+9.910000E+37,+3.215707E+03,+3.584400E+04
14:36:52,0e0,+1.099965E+03,+1.000000E-03,+9.910000E+37,+3.235497E+03,+3.585200E+04,+1.099955E+03,+1.000000E-03,+9.910000E+37,+3.235563E+03,+3.585200E+04,+1.099959E+03,+1.000000E-03,+9.910000E+37,+3.235631E+03,+3.585200E+04,+1.078688E+03,+0.000000E+00,+9.910000E+37,+3.235696E+03,+3.584400E+04
14:37:12,0e0,+1.099960E+03,+1.000000E-03,+9.910000E+37,+3.255486E+03,+3.585200E+04,+1.099957E+03,+1.000000E-03,+9.910000E+37,+3.255553E+03,+3.585200E+04,+1.099957E+03,+1.000000E-03,+9.910000E+37,+3.255618E+03,+3.585200E+04,+1.080091E+03,+0.000000E+00,+9.910000E+37,+3.255685E+03,+3.584400E+04
14:37:32,0e0,+1.099957E+03,+1.000000E-03,+9.910000E+37,+3.275476E+03,+3.585200E+04,+1.099956E+03,+1.000000E-03,+9.910000E+37,+3.275542E+03,+3.585200E+04,+1.099955E+03,+1.000000E-03,+9.910000E+37,+3.275609E+03,+3.585200E+04,+1.079404E+03,+0.000000E+00,+9.910000E+37,+3.275675E+03,+3.584400E+04
14:37:52,0e0,+1.099967E+03,+1.000000E-03,+9.910000E+37,+3.295465E+03,+3.585200E+04,+1.099956E+03,+1.000000E-03,+9.910000E+37,+3.295531E+03,+3.585200E+04,+1.099958E+03,+1.000000E-03,+9.910000E+37,+3.295598E+03,+3.585200E+04,+1.079287E+03,+0.000000E+00,+9.910000E+37,+3.295665E+03,+3.584400E+04
14:38:12,0e0,+1.099960E+03,+1.000000E-03,+9.910000E+37,+3.315456E+03,+3.585200E+04,+1.099958E+03,+1.000000E-03,+9.910000E+37,+3.315523E+03,+3.585200E+04,+1.099954E+03,+1.000000E-03,+9.910000E+37,+3.315589E+03,+3.585200E+04,+1.079096E+03,+0.000000E+00,+9.910000E+37,+3.315656E+03,+3.584400E+04
14:38:32,0e0,+1.099962E+03,+1.000000E-03,+9.910000E+37,+3.335426E+03,+3.585200E+04,+1.099955E+03,+1.000000E-03,+9.910000E+37,+3.335492E+03,+3.585200E+04,+1.099954E+03,+1.000000E-03,+9.910000E+37,+3.335560E+03,+3.585200E+04,+1.080642E+03,+0.000000E+00,+9.910000E+37,+3.335625E+03,+3.584400E+04
14:38:52,0e0,+1.099961E+03,+1.000000E-03,+9.910000E+37,+3.355416E+03,+3.585200E+04,+1.099957E+03,+1.000000E-03,+9.910000E+37,+3.355483E+03,+3.585200E+04,+1.099955E+03,+1.000000E-03,+9.910000E+37,+3.355550E+03,+3.585200E+04,+1.077789E+03,+0.000000E+00,+9.910000E+37,+3.355616E+03,+3.584400E+04
14:39:12,0e0,+1.099960E+03,+1.000000E-03,+9.910000E+37,+3.375406E+03,+3.585200E+04,+1.099955E+03,+1.000000E-03,+9.910000E+37,+3.375473E+03,+3.585200E+04,+1.099960E+03,+1.000000E-03,+9.910000E+37,+3.375540E+03,+3.585200E+04,+1.080606E+03,+0.000000E+00,+9.910000E+37,+3.375605E+03,+3.584400E+04
14:39:32,0e0,+1.099960E+03,+1.000000E-03,+9.910000E+37,+3.395399E+03,+3.585200E+04,+1.099957E+03,+1.000000E-03,+9.910000E+37,+3.395467E+03,+3.585200E+04,+1.099959E+03,+1.000000E-03,+9.910000E+37,+3.395532E+03,+3.585200E+04,+1.080207E+03,+0.000000E+00,+9.910000E+37,+3.395600E+03,+3.584400E+04
14:39:52,0e0,+1.099962E+03,+1.000000E-03,+9.910000E+37,+3.415387E+03,+3.585200E+04,+1.099955E+03,+1.000000E-03,+9.910000E+37,+3.415452E+03,+3.585200E+04,+1.099950E+03,+1.000000E-03,+9.910000E+37,+3.415519E+03,+3.585200E+04,+1.080730E+03,+0.000000E+00,+9.910000E+37,+3.415584E+03,+3.584400E+04
14:40:12,0e0,+1.099964E+03,+1.000000E-03,+9.910000E+37,+3.435377E+03,+3.585200E+04,+1.099957E+03,+1.000000E-03,+9.910000E+37,+3.435444E+03,+3.585200E+04,+1.099958E+03,+1.000000E-03,+9.910000E+37,+3.435510E+03,+3.585200E+04,+1.079987E+03,+0.000000E+00,+9.910000E+37,+3.435577E+03,+3.584400E+04
14:40:32,0e0,+1.099959E+03,+1.000000E-03,+9.910000E+37,+3.455350E+03,+3.585200E+04,+1.099956E+03,+1.000000E-03,+9.910000E+37,+3.455416E+03,+3.585200E+04,+1.099955E+03,+1.000000E-03,+9.910000E+37,+3.455483E+03,+3.585200E+04,+1.079797E+03,+0.000000E+00,+9.910000E+37,+3.455549E+03,+3.584400E+04
14:40:52,0e0,+1.099967E+03,+1.000000E-03,+9.910000E+37,+3.475340E+03,+3.585200E+04,+1.099953E+03,+1.000000E-03,+9.910000E+37,+3.475405E+03,+3.585200E+04,+1.099952E+03,+1.000000E-03,+9.910000E+37,+3.475473E+03,+3.585200E+04,+1.078804E+03,+0.000000E+00,+9.910000E+37,+3.475538E+03,+3.584400E+04
14:41:12,0e0,+1.099960E+03,+1.000000E-03,+9.910000E+37,+3.495330E+03,+3.585200E+04,+1.099955E+03,+1.000000E-03,+9.910000E+37,+3.495396E+03,+3.585200E+04,+1.099956E+03,+1.000000E-03,+9.910000E+37,+3.495463E+03,+3.585200E+04,+1.081015E+03,+0.000000E+00,+9.910000E+37,+3.495530E+03,+3.584400E+04
14:41:32,0e0,+1.099959E+03,+1.000000E-03,+9.910000E+37,+3.515319E+03,+3.585200E+04,+1.099955E+03,+1.000000E-03,+9.910000E+37,+3.515386E+03,+3.585200E+04,+1.099953E+03,+1.000000E-03,+9.910000E+37,+3.515453E+03,+3.585200E+04,+1.078879E+03,+0.000000E+00,+9.910000E+37,+3.515519E+03,+3.584400E+04
14:41:52,0e0,+1.099961E+03,+1.000000E-03,+9.910000E+37,+3.535310E+03,+3.585200E+04,+1.099958E+03,+1.000000E-03,+9.910000E+37,+3.535376E+03,+3.585200E+04,+1.099955E+03,+1.000000E-03,+9.910000E+37,+3.535443E+03,+3.585200E+04,+1.080300E+03,+0.000000E+00,+9.910000E+37,+3.535509E+03,+3.584400E+04
14:42:12,0e0,+1.099964E+03,+1.000000E-03,+9.910000E+37,+3.555290E+03,+3.585200E+04,+1.099959E+03,+1.000000E-03,+9.910000E+37,+3.555357E+03,+3.585200E+04,+1.099955E+03,+1.000000E-03,+9.910000E+37,+3.555423E+03,+3.585200E+04,+1.079947E+03,+0.000000E+00,+9.910000E+37,+3.555490E+03,+3.584400E+04
14:42:32,0e0,+1.099965E+03,+1.000000E-03,+9.910000E+37,+3.575275E+03,+3.585200E+04,+1.099953E+03,+1.000000E-03,+9.910000E+37,+3.575342E+03,+3.585200E+04,+1.099952E+03,+1.000000E-03,+9.910000E+37,+3.575409E+03,+3.585200E+04,+1.079450E+03,+0.000000E+00,+9.910000E+37,+3.575475E+03,+3.584400E+04
14:42:52,0e0,+1.099963E+03,+1.000000E-03,+9.910000E+37,+3.595265E+03,+3.585200E+04,+1.099955E+03,+1.000000E-03,+9.910000E+37,+3.595330E+03,+3.585200E+04,+1.099956E+03,+1.000000E-03,+9.910000E+37,+3.595396E+03,+3.585200E+04,+1.079664E+03,+0.000000E+00,+9.910000E+37,+3.595464E+03,+3.584400E+04
14:43:12,0e0,+1.099961E+03,+1.000000E-03,+9.910000E+37,+3.615252E+03,+3.585200E+04,+1.099954E+03,+1.000000E-03,+9.910000E+37,+3.615318E+03,+3.585200E+04,+1.099952E+03,+1.000000E-03,+9.910000E+37,+3.615384E+03,+3.585200E+04,+1.079668E+03,+0.000000E+00,+9.910000E+37,+3.615450E+03,+3.584400E+04
14:43:32,0e0,+1.099958E+03,+1.000000E-03,+9.910000E+37,+3.635228E+03,+3.585200E+04,+1.099955E+03,+1.000000E-03,+9.910000E+37,+3.635294E+03,+3.585200E+04,+1.099951E+03,+1.000000E-03,+9.910000E+37,+3.635360E+03,+3.585200E+04,+1.079974E+03,+0.000000E+00,+9.910000E+37,+3.635427E+03,+3.584400E+04
14:43:52,0e0,+1.099959E+03,+1.000000E-03,+9.910000E+37,+3.655205E+03,+3.585200E+04,+1.099962E+03,+1.000000E-03,+9.910000E+37,+3.655271E+03,+3.585200E+04,+1.099956E+03,+1.000000E-03,+9.910000E+37,+3.655339E+03,+3.585200E+04,+1.079601E+03,+0.000000E+00,+9.910000E+37,+3.655404E+03,+3.584400E+04
14:44:12,0e0,+1.099960E+03,+1.000000E-03,+9.910000E+37,+3.675186E+03,+3.585200E+04,+1.099960E+03,+1.000000E-03,+9.910000E+37,+3.675253E+03,+3.585200E+04,+1.099957E+03,+1.000000E-03,+9.910000E+37,+3.675318E+03,+3.585200E+04,+1.079465E+03,+0.000000E+00,+9.910000E+37,+3.675385E+03,+3.584400E+04
14:44:32,0e0,+1.099965E+03,+1.000000E-03,+9.910000E+37,+3.695170E+03,+3.585200E+04,+1.099959E+03,+1.000000E-03,+9.910000E+37,+3.695237E+03,+3.585200E+04,+1.099956E+03,+1.000000E-03,+9.910000E+37,+3.695303E+03,+3.585200E+04,+1.080416E+03,+0.000000E+00,+9.910000E+37,+3.695369E+03,+3.584400E+04
14:44:52,0e0,+1.099962E+03,+1.000000E-03,+9.910000E+37,+3.715160E+03,+3.585200E+04,+1.099954E+03,+1.000000E-03,+9.910000E+37,+3.715226E+03,+3.585200E+04,+1.099955E+03,+1.000000E-03,+9.910000E+37,+3.715292E+03,+3.585200E+04,+1.078922E+03,+0.000000E+00,+9.910000E+37,+3.715359E+03,+3.584400E+04
14:45:12,0e0,+1.099961E+03,+1.000000E-03,+9.910000E+37,+3.735149E+03,+3.585200E+04,+1.099956E+03,+1.000000E-03,+9.910000E+37,+3.735215E+03,+3.585200E+04,+1.099959E+03,+1.000000E-03,+9.910000E+37,+3.735281E+03,+3.585200E+04,+1.080359E+03,+0.000000E+00,+9.910000E+37,+3.735349E+03,+3.584400E+04
14:45:32,0e0,+1.099962E+03,+1.000000E-03,+9.910000E+37,+3.755139E+03,+3.585200E+04,+1.099958E+03,+1.000000E-03,+9.910000E+37,+3.755205E+03,+3.585200E+04,+1.099958E+03,+1.000000E-03,+9.910000E+37,+3.755272E+03,+3.585200E+04,+1.079890E+03,+0.000000E+00,+9.910000E+37,+3.755338E+03,+3.584400E+04
14:45:52,0e0,+1.099960E+03,+1.000000E-03,+9.910000E+37,+3.775112E+03,+3.585200E+04,+1.099962E+03,+1.000000E-03,+9.910000E+37,+3.775179E+03,+3.585200E+04,+1.099953E+03,+1.000000E-03,+9.910000E+37,+3.775246E+03,+3.585200E+04,+1.077745E+03,+0.000000E+00,+9.910000E+37,+3.775312E+03,+3.584400E+04
14:46:12,0e0,+1.099960E+03,+1.000000E-03,+9.910000E+37,+3.795103E+03,+3.585200E+04,+1.099956E+03,+1.000000E-03,+9.910000E+37,+3.795170E+03,+3.585200E+04,+1.099954E+03,+1.000000E-03,+9.910000E+37,+3.795235E+03,+3.585200E+04,+1.079257E+03,+0.000000E+00,+9.910000E+37,+3.795302E+03,+3.584400E+04
14:46:32,0e0,+1.099962E+03,+1.000000E-03,+9.910000E+37,+3.815092E+03,+3.585200E+04,+1.099955E+03,+1.000000E-03,+9.910000E+37,+3.815158E+03,+3.585200E+04,+1.099957E+03,+1.000000E-03,+9.910000E+37,+3.815225E+03,+3.585200E+04,+1.079864E+03,+0.000000E+00,+9.910000E+37,+3.815292E+03,+3.584400E+04
14:46:52,0e0,+1.099955E+03,+1.000000E-03,+9.910000E+37,+3.835082E+03,+3.585200E+04,+1.099956E+03,+1.000000E-03,+9.910000E+37,+3.835149E+03,+3.585200E+04,+1.099951E+03,+1.000000E-03,+9.910000E+37,+3.835215E+03,+3.585200E+04,+1.081123E+03,+0.000000E+00,+9.910000E+37,+3.835281E+03,+3.584400E+04
14:47:12,0e0,+1.099959E+03,+1.000000E-03,+9.910000E+37,+3.855067E+03,+3.585200E+04,+1.099955E+03,+1.000000E-03,+9.910000E+37,+3.855133E+03,+3.585200E+04,+1.099955E+03,+1.000000E-03,+9.910000E+37,+3.855199E+03,+3.585200E+04,+1.078720E+03,+0.000000E+00,+9.910000E+37,+3.855267E+03,+3.584400E+04
14:47:32,0e0,+1.099952E+03,+1.000000E-03,+9.910000E+37,+3.875058E+03,+3.585200E+04,+1.099958E+03,+1.000000E-03,+9.910000E+37,+3.875125E+03,+3.585200E+04,+1.099954E+03,+1.000000E-03,+9.910000E+37,+3.875190E+03,+3.585200E+04,+1.077777E+03,+0.000000E+00,+9.910000E+37,+3.875258E+03,+3.584400E+04
14:47:52,0e0,+1.099959E+03,+1.000000E-03,+9.910000E+37,+3.895038E+03,+3.585200E+04,+1.099953E+03,+1.000000E-03,+9.910000E+37,+3.895104E+03,+3.585200E+04,+1.099957E+03,+1.000000E-03,+9.910000E+37,+3.895171E+03,+3.585200E+04,+1.078747E+03,+0.000000E+00,+9.910000E+37,+3.895236E+03,+3.584400E+04
14:48:12,0e0,+1.099963E+03,+1.000000E-03,+9.910000E+37,+3.915021E+03,+3.585200E+04,+1.099957E+03,+1.000000E-03,+9.910000E+37,+3.915087E+03,+3.585200E+04,+1.099957E+03,+1.000000E-03,+9.910000E+37,+3.915154E+03,+3.585200E+04,+1.078730E+03,+0.000000E+00,+9.910000E+37,+3.915222E+03,+3.584400E+04
14:48:32,0e0,+1.099963E+03,+1.000000E-03,+9.910000E+37,+3.935011E+03,+3.585200E+04,+1.099957E+03,+1.000000E-03,+9.910000E+37,+3.935077E+03,+3.585200E+04,+1.099955E+03,+1.000000E-03,+9.910000E+37,+3.935145E+03,+3.585200E+04,+1.077788E+03,+0.000000E+00,+9.910000E+37,+3.935210E+03,+3.584400E+04
14:48:52,0e0,+1.099959E+03,+1.000000E-03,+9.910000E+37,+3.955002E+03,+3.585200E+04,+1.099953E+03,+1.000000E-03,+9.910000E+37,+3.955068E+03,+3.585200E+04,+1.099961E+03,+1.000000E-03,+9.910000E+37,+3.955136E+03,+3.585200E+04,+1.076920E+03,+0.000000E+00,+9.910000E+37,+3.955201E+03,+3.584400E+04
14:49:12,0e0,+1.099960E+03,+1.000000E-03,+9.910000E+37,+3.974990E+03,+3.585200E+04,+1.099955E+03,+1.000000E-03,+9.910000E+37,+3.975057E+03,+3.585200E+04,+1.099954E+03,+1.000000E-03,+9.910000E+37,+3.975123E+03,+3.585200E+04,+1.079164E+03,+0.000000E+00,+9.910000E+37,+3.975190E+03,+3.584400E+04
14:49:32,0e0,+1.099961E+03,+1.000000E-03,+9.910000E+37,+3.994965E+03,+3.585200E+04,+1.099957E+03,+1.000000E-03,+9.910000E+37,+3.995031E+03,+3.585200E+04,+1.099956E+03,+1.000000E-03,+9.910000E+37,+3.995099E+03,+3.585200E+04,+1.079537E+03,+0.000000E+00,+9.910000E+37,+3.995166E+03,+3.584400E+04
14:49:52,0e0,+1.099955E+03,+1.000000E-03,+9.910000E+37,+4.014955E+03,+3.585200E+04,+1.099957E+03,+1.000000E-03,+9.910000E+37,+4.015021E+03,+3.585200E+04,+1.099960E+03,+1.000000E-03,+9.910000E+37,+4.015088E+03,+3.585200E+04,+1.079779E+03,+0.000000E+00,+9.910000E+37,+4.015155E+03,+3.584400E+04
14:50:12,0e0,+1.099962E+03,+1.000000E-03,+9.910000E+37,+4.034945E+03,+3.585200E+04,+1.099956E+03,+1.000000E-03,+9.910000E+37,+4.035012E+03,+3.585200E+04,+1.099957E+03,+1.000000E-03,+9.910000E+37,+4.035079E+03,+3.585200E+04,+1.080057E+03,+0.000000E+00,+9.910000E+37,+4.035146E+03,+3.584400E+04
14:50:32,0e0,+1.099963E+03,+1.000000E-03,+9.910000E+37,+4.054937E+03,+3.585200E+04,+1.099958E+03,+1.000000E-03,+9.910000E+37,+4.055002E+03,+3.585200E+04,+1.099956E+03,+1.000000E-03,+9.910000E+37,+4.055069E+03,+3.585200E+04,+1.081063E+03,+0.000000E+00,+9.910000E+37,+4.055135E+03,+3.584400E+04
14:50:52,0e0,+1.099961E+03,+1.000000E-03,+9.910000E+37,+4.074927E+03,+3.585200E+04,+1.099958E+03,+1.000000E-03,+9.910000E+37,+4.074992E+03,+3.585200E+04,+1.099956E+03,+1.000000E-03,+9.910000E+37,+4.075059E+03,+3.585200E+04,+1.078958E+03,+0.000000E+00,+9.910000E+37,+4.075125E+03,+3.584400E+04
14:51:12,0e0,+1.099963E+03,+1.000000E-03,+9.910000E+37,+4.094902E+03,+3.585200E+04,+1.099954E+03,+1.000000E-03,+9.910000E+37,+4.094969E+03,+3.585200E+04,+1.099952E+03,+1.000000E-03,+9.910000E+37,+4.095036E+03,+3.585200E+04,+1.079529E+03,+0.000000E+00,+9.910000E+37,+4.095102E+03,+3.584400E+04
14:51:32,0e0,+1.099956E+03,+1.000000E-03,+9.910000E+37,+4.114870E+03,+3.585200E+04,+1.099962E+03,+1.000000E-03,+9.910000E+37,+4.114936E+03,+3.585200E+04,+1.099954E+03,+1.000000E-03,+9.910000E+37,+4.115002E+03,+3.585200E+04,+1.079206E+03,+0.000000E+00,+9.910000E+37,+4.115067E+03,+3.584400E+04
14:51:52,0e0,+1.099958E+03,+1.000000E-03,+9.910000E+37,+4.134854E+03,+3.585200E+04,+1.099953E+03,+1.000000E-03,+9.910000E+37,+4.134920E+03,+3.585200E+04,+1.099953E+03,+1.000000E-03,+9.910000E+37,+4.134986E+03,+3.585200E+04,+1.078928E+03,+0.000000E+00,+9.910000E+37,+4.135054E+03,+3.584400E+04
14:52:13,0e0,+1.099961E+03,+1.000000E-03,+9.910000E+37,+4.154844E+03,+3.585200E+04,+1.099957E+03,+1.000000E-03,+9.910000E+37,+4.154910E+03,+3.585200E+04,+1.099957E+03,+1.000000E-03,+9.910000E+37,+4.154978E+03,+3.585200E+04,+1.077916E+03,+0.000000E+00,+9.910000E+37,+4.155043E+03,+3.584400E+04
14:52:33,0e0,+1.099961E+03,+1.000000E-03,+9.910000E+37,+4.174834E+03,+3.585200E+04,+1.099956E+03,+1.000000E-03,+9.910000E+37,+4.174900E+03,+3.585200E+04,+1.099954E+03,+1.000000E-03,+9.910000E+37,+4.174968E+03,+3.585200E+04,+1.077681E+03,+0.000000E+00,+9.910000E+37,+4.175033E+03,+3.584400E+04
14:52:53,0e0,+1.099957E+03,+1.000000E-03,+9.910000E+37,+4.194824E+03,+3.585200E+04,+1.099954E+03,+1.000000E-03,+9.910000E+37,+4.194891E+03,+3.585200E+04,+1.099955E+03,+1.000000E-03,+9.910000E+37,+4.194958E+03,+3.585200E+04,+1.079688E+03,+0.000000E+00,+9.910000E+37,+4.195023E+03,+3.584400E+04
14:53:13,0e0,+1.099963E+03,+1.000000E-03,+9.910000E+37,+4.214813E+03,+3.585200E+04,+1.099955E+03,+1.000000E-03,+9.910000E+37,+4.214881E+03,+3.585200E+04,+1.099958E+03,+1.000000E-03,+9.910000E+37,+4.214946E+03,+3.585200E+04,+1.081405E+03,+0.000000E+00,+9.910000E+37,+4.215014E+03,+3.584400E+04
14:53:33,0e0,+1.099963E+03,+1.000000E-03,+9.910000E+37,+4.234788E+03,+3.585200E+04,+1.099955E+03,+1.000000E-03,+9.910000E+37,+4.234855E+03,+3.585200E+04,+1.099957E+03,+1.000000E-03,+9.910000E+37,+4.234921E+03,+3.585200E+04,+1.079634E+03,+0.000000E+00,+9.910000E+37,+4.234988E+03,+3.584400E+04
14:53:53,0e0,+1.099960E+03,+1.000000E-03,+9.910000E+37,+4.254779E+03,+3.585200E+04,+1.099956E+03,+1.000000E-03,+9.910000E+37,+4.254845E+03,+3.585200E+04,+1.099958E+03,+1.000000E-03,+9.910000E+37,+4.254911E+03,+3.585200E+04,+1.080663E+03,+0.000000E+00,+9.910000E+37,+4.254979E+03,+3.584400E+04
14:54:13,0e0,+1.099958E+03,+1.000000E-03,+9.910000E+37,+4.274770E+03,+3.585200E+04,+1.099956E+03,+1.000000E-03,+9.910000E+37,+4.274835E+03,+3.585200E+04,+1.099952E+03,+1.000000E-03,+9.910000E+37,+4.274901E+03,+3.585200E+04,+1.080663E+03,+0.000000E+00,+9.910000E+37,+4.274968E+03,+3.584400E+04
14:54:33,0e0,+1.099960E+03,+1.000000E-03,+9.910000E+37,+4.294758E+03,+3.585200E+04,+1.099960E+03,+1.000000E-03,+9.910000E+37,+4.294824E+03,+3.585200E+04,+1.099958E+03,+1.000000E-03,+9.910000E+37,+4.294892E+03,+3.585200E+04,+1.080807E+03,+0.000000E+00,+9.910000E+37,+4.294957E+03,+3.584400E+04
14:54:43,0e0,+1.099960E+03,+1.000000E-03,+9.910000E+37,+4.305213E+03,+3.585200E+04,+1.099955E+03,+1.000000E-03,+9.910000E+37,+4.305279E+03,+3.585200E+04,+1.099948E+03,+1.000000E-03,+9.910000E+37,+4.305347E+03,+3.585200E+04,+1.081649E+03,+0.000000E+00,+9.910000E+37,+4.305412E+03,+3.584400E+04
14:55:32,0e0,+1.099950E+03,+1.000000E-03,+9.910000E+37,+4.351651E+03,+3.585200E+04,+1.099950E+03,+1.000000E-03,+9.910000E+37,+4.351717E+03,+3.585200E+04,+1.099950E+03,+1.000000E-03,+9.910000E+37,+4.351783E+03,+3.585200E+04,+1.098890E+03,+0.000000E+00,+9.910000E+37,+4.351851E+03,+3.584400E+04
14:55:33,0e0,+1.099949E+03,+1.000000E-03,+9.910000E+37,+4.352564E+03,+3.585200E+04,+1.099951E+03,+1.000000E-03,+9.910000E+37,+4.352632E+03,+3.585200E+04,+1.099948E+03,+1.000000E-03,+9.910000E+37,+4.352698E+03,+3.585200E+04,+1.098800E+03,+0.000000E+00,+9.910000E+37,+4.352765E+03,+3.584400E+04
14:55:43,0e0,+1.099949E+03,+1.000000E-03,+9.910000E+37,+4.361976E+03,+3.585200E+04,+1.099951E+03,+1.000000E-03,+9.910000E+37,+4.362043E+03,+3.585200E+04,+1.099948E+03,+1.000000E-03,+9.910000E+37,+4.362108E+03,+3.585200E+04,+1.098591E+03,+0.000000E+00,+9.910000E+37,+4.362175E+03,+3.584400E+04
14:56:03,0e0,+1.099952E+03,+1.000000E-03,+9.910000E+37,+4.381964E+03,+3.585200E+04,+1.099950E+03,+1.000000E-03,+9.910000E+37,+4.382030E+03,+3.585200E+04,+1.099951E+03,+1.000000E-03,+9.910000E+37,+4.382098E+03,+3.585200E+04,+1.098274E+03,+0.000000E+00,+9.910000E+37,+4.382163E+03,+3.584400E+04
14:58:50,0e0,+1.099960E+03,+1.000000E-03,+9.910000E+37,+4.549022E+03,+3.585200E+04,+1.099952E+03,+1.000000E-03,+9.910000E+37,+4.549090E+03,+3.585200E+04,+1.099954E+03,+1.000000E-03,+9.910000E+37,+4.549155E+03,+3.585200E+04,+1.082577E+03,+0.000000E+00,+9.910000E+37,+4.549223E+03,+3.584400E+04
14:59:09,0e0,+1.099964E+03,+1.000000E-03,+9.910000E+37,+4.567863E+03,+3.585200E+04,+1.099963E+03,+1.000000E-03,+9.910000E+37,+4.567930E+03,+3.585200E+04,+1.099955E+03,+1.000000E-03,+9.910000E+37,+4.567995E+03,+3.585200E+04,+1.081224E+03,+0.000000E+00,+9.910000E+37,+4.568062E+03,+3.584400E+04
14:59:29,0e0,+1.099958E+03,+1.000000E-03,+9.910000E+37,+4.587854E+03,+3.585200E+04,+1.099952E+03,+1.000000E-03,+9.910000E+37,+4.587921E+03,+3.585200E+04,+1.099957E+03,+1.000000E-03,+9.910000E+37,+4.587988E+03,+3.585200E+04,+1.081705E+03,+0.000000E+00,+9.910000E+37,+4.588054E+03,+3.584400E+04
14:59:49,0e0,+1.099962E+03,+1.000000E-03,+9.910000E+37,+4.607844E+03,+3.585200E+04,+1.099955E+03,+1.000000E-03,+9.910000E+37,+4.607910E+03,+3.585200E+04,+1.099954E+03,+1.000000E-03,+9.910000E+37,+4.607978E+03,+3.585200E+04,+1.081621E+03,+0.000000E+00,+9.910000E+37,+4.608043E+03,+3.584400E+04
15:00:09,0e0,+1.099958E+03,+1.000000E-03,+9.910000E+37,+4.627833E+03,+3.585200E+04,+1.099961E+03,+1.000000E-03,+9.910000E+37,+4.627900E+03,+3.585200E+04,+1.099959E+03,+1.000000E-03,+9.910000E+37,+4.627966E+03,+3.585200E+04,+1.082325E+03,+0.000000E+00,+9.910000E+37,+4.628033E+03,+3.584400E+04
15:00:29,0e0,+1.099959E+03,+1.000000E-03,+9.910000E+37,+4.647823E+03,+3.585200E+04,+1.099960E+03,+1.000000E-03,+9.910000E+37,+4.647890E+03,+3.585200E+04,+1.099955E+03,+1.000000E-03,+9.910000E+37,+4.647957E+03,+3.585200E+04,+1.084213E+03,+0.000000E+00,+9.910000E+37,+4.648023E+03,+3.584400E+04
15:00:49,0e0,+1.099963E+03,+1.000000E-03,+9.910000E+37,+4.667798E+03,+3.585200E+04,+1.099962E+03,+1.000000E-03,+9.910000E+37,+4.667863E+03,+3.585200E+04,+1.099954E+03,+1.000000E-03,+9.910000E+37,+4.667930E+03,+3.585200E+04,+1.084124E+03,+0.000000E+00,+9.910000E+37,+4.667997E+03,+3.584400E+04
15:01:09,0e0,+1.099958E+03,+1.000000E-03,+9.910000E+37,+4.687788E+03,+3.585200E+04,+1.099958E+03,+1.000000E-03,+9.910000E+37,+4.687854E+03,+3.585200E+04,+1.099954E+03,+1.000000E-03,+9.910000E+37,+4.687921E+03,+3.585200E+04,+1.082714E+03,+0.000000E+00,+9.910000E+37,+4.687988E+03,+3.584400E+04
15:01:29,0e0,+1.099960E+03,+1.000000E-03,+9.910000E+37,+4.707776E+03,+3.585200E+04,+1.099954E+03,+1.000000E-03,+9.910000E+37,+4.707843E+03,+3.585200E+04,+1.099951E+03,+1.000000E-03,+9.910000E+37,+4.707910E+03,+3.585200E+04,+1.084625E+03,+0.000000E+00,+9.910000E+37,+4.707978E+03,+3.584400E+04
15:01:49,0e0,+1.099959E+03,+1.000000E-03,+9.910000E+37,+4.727768E+03,+3.585200E+04,+1.099956E+03,+1.000000E-03,+9.910000E+37,+4.727835E+03,+3.585200E+04,+1.099952E+03,+1.000000E-03,+9.910000E+37,+4.727900E+03,+3.585200E+04,+1.084300E+03,+0.000000E+00,+9.910000E+37,+4.727967E+03,+3.584400E+04
15:02:09,0e0,+1.099963E+03,+1.000000E-03,+9.910000E+37,+4.747757E+03,+3.585200E+04,+1.099956E+03,+1.000000E-03,+9.910000E+37,+4.747824E+03,+3.585200E+04,+1.099958E+03,+1.000000E-03,+9.910000E+37,+4.747890E+03,+3.585200E+04,+1.083518E+03,+0.000000E+00,+9.910000E+37,+4.747956E+03,+3.584400E+04
15:02:29,0e0,+1.099959E+03,+1.000000E-03,+9.910000E+37,+4.767731E+03,+3.585200E+04,+1.099958E+03,+1.000000E-03,+9.910000E+37,+4.767799E+03,+3.585200E+04,+1.099956E+03,+1.000000E-03,+9.910000E+37,+4.767864E+03,+3.585200E+04,+1.082700E+03,+0.000000E+00,+9.910000E+37,+4.767931E+03,+3.584400E+04
15:02:49,0e0,+1.099961E+03,+1.000000E-03,+9.910000E+37,+4.787721E+03,+3.585200E+04,+1.099956E+03,+1.000000E-03,+9.910000E+37,+4.787786E+03,+3.585200E+04,+1.099953E+03,+1.000000E-03,+9.910000E+37,+4.787853E+03,+3.585200E+04,+1.082794E+03,+0.000000E+00,+9.910000E+37,+4.787920E+03,+3.584400E+04
15:03:09,0e0,+1.099960E+03,+1.000000E-03,+9.910000E+37,+4.807710E+03,+3.585200E+04,+1.099953E+03,+1.000000E-03,+9.910000E+37,+4.807776E+03,+3.585200E+04,+1.099957E+03,+1.000000E-03,+9.910000E+37,+4.807844E+03,+3.585200E+04,+1.081186E+03,+0.000000E+00,+9.910000E+37,+4.807909E+03,+3.584400E+04
15:03:29,0e0,+1.099958E+03,+1.000000E-03,+9.910000E+37,+4.827699E+03,+3.585200E+04,+1.099957E+03,+1.000000E-03,+9.910000E+37,+4.827767E+03,+3.585200E+04,+1.099954E+03,+1.000000E-03,+9.910000E+37,+4.827832E+03,+3.585200E+04,+1.082619E+03,+0.000000E+00,+9.910000E+37,+4.827898E+03,+3.584400E+04
15:03:49,0e0,+1.099960E+03,+1.000000E-03,+9.910000E+37,+4.847688E+03,+3.585200E+04,+1.099957E+03,+1.000000E-03,+9.910000E+37,+4.847756E+03,+3.585200E+04,+1.099950E+03,+1.000000E-03,+9.910000E+37,+4.847821E+03,+3.585200E+04,+1.081890E+03,+0.000000E+00,+9.910000E+37,+4.847888E+03,+3.584400E+04
15:04:09,0e0,+1.099954E+03,+1.000000E-03,+9.910000E+37,+4.867678E+03,+3.585200E+04,+1.099955E+03,+1.000000E-03,+9.910000E+37,+4.867744E+03,+3.585200E+04,+1.099953E+03,+1.000000E-03,+9.910000E+37,+4.867811E+03,+3.585200E+04,+1.082374E+03,+0.000000E+00,+9.910000E+37,+4.867878E+03,+3.584400E+04
15:04:29,0e0,+1.099960E+03,+1.000000E-03,+9.910000E+37,+4.887649E+03,+3.585200E+04,+1.099956E+03,+1.000000E-03,+9.910000E+37,+4.887715E+03,+3.585200E+04,+1.099958E+03,+1.000000E-03,+9.910000E+37,+4.887781E+03,+3.585200E+04,+1.081490E+03,+0.000000E+00,+9.910000E+37,+4.887849E+03,+3.584400E+04
15:04:49,0e0,+1.099960E+03,+1.000000E-03,+9.910000E+37,+4.907637E+03,+3.585200E+04,+1.099959E+03,+1.000000E-03,+9.910000E+37,+4.907703E+03,+3.585200E+04,+1.099952E+03,+1.000000E-03,+9.910000E+37,+4.907771E+03,+3.585200E+04,+1.082609E+03,+0.000000E+00,+9.910000E+37,+4.907836E+03,+3.584400E+04
15:05:09,0e0,+1.099959E+03,+1.000000E-03,+9.910000E+37,+4.927625E+03,+3.585200E+04,+1.099956E+03,+1.000000E-03,+9.910000E+37,+4.927691E+03,+3.585200E+04,+1.099955E+03,+1.000000E-03,+9.910000E+37,+4.927759E+03,+3.585200E+04,+1.081973E+03,+0.000000E+00,+9.910000E+37,+4.927824E+03,+3.584400E+04
15:05:29,0e0,+1.099963E+03,+1.000000E-03,+9.910000E+37,+4.947615E+03,+3.585200E+04,+1.099957E+03,+1.000000E-03,+9.910000E+37,+4.947683E+03,+3.585200E+04,+1.099952E+03,+1.000000E-03,+9.910000E+37,+4.947748E+03,+3.585200E+04,+1.081422E+03,+0.000000E+00,+9.910000E+37,+4.947815E+03,+3.584400E+04
15:05:49,0e0,+1.099962E+03,+1.000000E-03,+9.910000E+37,+4.967604E+03,+3.585200E+04,+1.099959E+03,+1.000000E-03,+9.910000E+37,+4.967672E+03,+3.585200E+04,+1.099954E+03,+1.000000E-03,+9.910000E+37,+4.967737E+03,+3.585200E+04,+1.081427E+03,+0.000000E+00,+9.910000E+37,+4.967804E+03,+3.584400E+04
15:06:09,0e0,+1.099963E+03,+1.000000E-03,+9.910000E+37,+4.987578E+03,+3.585200E+04,+1.099957E+03,+1.000000E-03,+9.910000E+37,+4.987646E+03,+3.585200E+04,+1.099955E+03,+1.000000E-03,+9.910000E+37,+4.987711E+03,+3.585200E+04,+1.080829E+03,+0.000000E+00,+9.910000E+37,+4.987777E+03,+3.584400E+04
15:06:29,0e0,+1.099960E+03,+1.000000E-03,+9.910000E+37,+5.007568E+03,+3.585200E+04,+1.099956E+03,+1.000000E-03,+9.910000E+37,+5.007636E+03,+3.585200E+04,+1.099952E+03,+1.000000E-03,+9.910000E+37,+5.007701E+03,+3.585200E+04,+1.081960E+03,+0.000000E+00,+9.910000E+37,+5.007769E+03,+3.584400E+04
15:06:49,0e0,+1.099960E+03,+1.000000E-03,+9.910000E+37,+5.027559E+03,+3.585200E+04,+1.099956E+03,+1.000000E-03,+9.910000E+37,+5.027625E+03,+3.585200E+04,+1.099955E+03,+1.000000E-03,+9.910000E+37,+5.027692E+03,+3.585200E+04,+1.081867E+03,+0.000000E+00,+9.910000E+37,+5.027758E+03,+3.584400E+04
15:07:09,0e0,+1.099961E+03,+1.000000E-03,+9.910000E+37,+5.047550E+03,+3.585200E+04,+1.099953E+03,+1.000000E-03,+9.910000E+37,+5.047615E+03,+3.585200E+04,+1.099952E+03,+1.000000E-03,+9.910000E+37,+5.047683E+03,+3.585200E+04,+1.098923E+03,+0.000000E+00,+9.910000E+37,+5.047748E+03,+3.584400E+04
15:08:46,0e0,+1.099951E+03,+1.000000E-03,+9.910000E+37,+5.141898E+03,+3.585200E+04,+1.099948E+03,+1.000000E-03,+9.910000E+37,+5.141965E+03,+3.585200E+04,+1.099953E+03,+1.000000E-03,+9.910000E+37,+5.142031E+03,+3.585200E+04,+1.098468E+03,+0.000000E+00,+9.910000E+37,+5.142099E+03,+3.584400E+04
15:08:47,0e0,+1.099952E+03,+1.000000E-03,+9.910000E+37,+5.142771E+03,+3.585200E+04,+1.099952E+03,+1.000000E-03,+9.910000E+37,+5.142845E+03,+3.585200E+04,+1.099952E+03,+1.000000E-03,+9.910000E+37,+5.142910E+03,+3.585200E+04,+1.098333E+03,+0.000000E+00,+9.910000E+37,+5.142978E+03,+3.584400E+04
15:08:48,0e0,+1.099950E+03,+1.000000E-03,+9.910000E+37,+5.143753E+03,+3.585200E+04,+1.099950E+03,+1.000000E-03,+9.910000E+37,+5.143818E+03,+3.585200E+04,+1.099947E+03,+1.000000E-03,+9.910000E+37,+5.143885E+03,+3.585200E+04,+1.098379E+03,+0.000000E+00,+9.910000E+37,+5.143952E+03,+3.584400E+04
15:08:49,0e0,+1.099952E+03,+1.000000E-03,+9.910000E+37,+5.144691E+03,+3.585200E+04,+1.099950E+03,+1.000000E-03,+9.910000E+37,+5.144758E+03,+3.585200E+04,+1.099949E+03,+1.000000E-03,+9.910000E+37,+5.144824E+03,+3.585200E+04,+1.098227E+03,+0.000000E+00,+9.910000E+37,+5.144892E+03,+3.584400E+04
15:08:50,0e0,+1.099951E+03,+1.000000E-03,+9.910000E+37,+5.145766E+03,+3.585200E+04,+1.099949E+03,+1.000000E-03,+9.910000E+37,+5.145832E+03,+3.585200E+04,+1.099947E+03,+1.000000E-03,+9.910000E+37,+5.145897E+03,+3.585200E+04,+1.098294E+03,+0.000000E+00,+9.910000E+37,+5.145964E+03,+3.584400E+04
