13:22:38,0e0,-4.655570E-03,-1.300000E-07,+9.910000E+37,+3.084809E+03,+3.584400E+04,-4.655674E-03,-1.300000E-07,+9.910000E+37,+3.084876E+03,+3.584400E+04,-5.064860E-03,-1.300000E-07,+9.910000E+37,+3.084942E+03,+3.584400E+04,-3.426388E-03,+0.000000E+00,+9.910000E+37,+3.085008E+03,+3.584400E+04
13:22:38,0e0,+1.551300E-02,+1.415500E-05,+9.910000E+37,+3.085233E+03,+3.584400E+04,+1.237127E-02,+1.415500E-05,+9.910000E+37,+3.085299E+03,+3.584400E+04,+1.396483E-02,+1.415500E-05,+9.910000E+37,+3.085366E+03,+3.584400E+04,-3.062040E-03,+0.000000E+00,+9.910000E+37,+3.085434E+03,+3.584400E+04
13:22:38,0e0,+3.126511E-02,+2.844000E-05,+9.910000E+37,+3.085654E+03,+3.584400E+04,+3.099179E-02,+2.844000E-05,+9.910000E+37,+3.085721E+03,+3.584400E+04,+3.121921E-02,+2.844000E-05,+9.910000E+37,+3.085788E+03,+3.584400E+04,-3.016531E-03,+0.000000E+00,+9.910000E+37,+3.085855E+03,+3.584400E+04
13:22:38,0e0,+4.874745E-02,+4.272500E-05,+9.910000E+37,+3.086075E+03,+3.584400E+04,+5.034089E-02,+4.272500E-05,+9.910000E+37,+3.086141E+03,+3.584400E+04,+4.952160E-02,+4.272500E-05,+9.910000E+37,+3.086208E+03,+3.584400E+04,-4.063725E-03,+0.000000E+00,+9.910000E+37,+3.086273E+03,+3.584400E+04
13:22:38,0e0,+6.609291E-02,+5.701500E-05,+9.910000E+37,+3.086494E+03,+3.584400E+04,+6.755021E-02,+5.701500E-05,+9.910000E+37,+3.086562E+03,+3.584400E+04,+6.814203E-02,+5.701500E-05,+9.910000E+37,+3.086627E+03,+3.584400E+04,-3.517434E-03,+0.000000E+00,+9.910000E+37,+3.086693E+03,+3.584400E+04
13:22:38,0e0,+8.366629E-02,+7.130000E-05,+9.910000E+37,+3.086916E+03,+3.584400E+04,+8.439517E-02,+7.130000E-05,+9.910000E+37,+3.086982E+03,+3.584400E+04,+8.430353E-02,+7.130000E-05,+9.910000E+37,+3.087050E+03,+3.584400E+04,-3.062040E-03,+0.000000E+00,+9.910000E+37,+3.087115E+03,+3.584400E+04
13:22:38,0e0,+1.012852E-01,+8.558500E-05,+9.910000E+37,+3.087336E+03,+3.584400E+04,+1.041085E-01,+8.558500E-05,+9.910000E+37,+3.087402E+03,+3.584400E+04,+1.021508E-01,+8.558500E-05,+9.910000E+37,+3.087469E+03,+3.584400E+04,-2.060220E-03,+0.000000E+00,+9.910000E+37,+3.087536E+03,+3.584400E+04
13:22:38,0e0,+1.199973E-01,+9.987000E-05,+9.910000E+37,+3.087758E+03,+3.584400E+04,+1.189951E-01,+9.987000E-05,+9.910000E+37,+3.087825E+03,+3.584400E+04,+1.192688E-01,+9.987000E-05,+9.910000E+37,+3.087891E+03,+3.584400E+04,-1.969546E-03,+0.000000E+00,+9.910000E+37,+3.087957E+03,+3.584400E+04
13:22:38,0e0,+1.242319E-01,+1.141500E-04,+9.910000E+37,+3.088188E+03,+3.584400E+04,+1.242767E-01,+1.141500E-04,+9.910000E+37,+3.088255E+03,+3.584400E+04,+1.243222E-01,+1.141500E-04,+9.910000E+37,+3.088320E+03,+3.584400E+04,-3.563270E-03,+0.000000E+00,+9.910000E+37,+3.088388E+03,+3.584400E+04
13:22:38,0e0,+1.403477E-01,+1.284500E-04,+9.910000E+37,+3.088613E+03,+3.584400E+04,+1.402571E-01,+1.284500E-04,+9.910000E+37,+3.088680E+03,+3.584400E+04,+1.397558E-01,+1.284500E-04,+9.910000E+37,+3.088747E+03,+3.584400E+04,-2.333730E-03,+0.000000E+00,+9.910000E+37,+3.088813E+03,+3.584400E+04
13:22:38,0e0,+1.556448E-01,+1.427500E-04,+9.910000E+37,+3.089043E+03,+3.584400E+04,+1.551893E-01,+1.427500E-04,+9.910000E+37,+3.089110E+03,+3.584400E+04,+1.550531E-01,+1.427500E-04,+9.910000E+37,+3.089177E+03,+3.584400E+04,-4.155099E-03,+0.000000E+00,+9.910000E+37,+3.089244E+03,+3.584400E+04
13:22:38,0e0,+1.716704E-01,+1.570000E-04,+9.910000E+37,+3.089473E+03,+3.584400E+04,+1.698031E-01,+1.570000E-04,+9.910000E+37,+3.089540E+03,+3.584400E+04,+1.726718E-01,+1.570000E-04,+9.910000E+37,+3.089605E+03,+3.584400E+04,-3.517434E-03,+0.000000E+00,+9.910000E+37,+3.089672E+03,+3.584400E+04
13:22:38,0e0,+1.881053E-01,+1.713000E-04,+9.910000E+37,+3.089904E+03,+3.584400E+04,+1.883334E-01,+1.713000E-04,+9.910000E+37,+3.089972E+03,+3.584400E+04,+1.861473E-01,+1.713000E-04,+9.910000E+37,+3.090037E+03,+3.584400E+04,-1.696184E-03,+0.000000E+00,+9.910000E+37,+3.090104E+03,+3.584400E+04
13:22:38,0e0,+2.034032E-01,+1.856000E-04,+9.910000E+37,+3.090334E+03,+3.584400E+04,+2.023098E-01,+1.856000E-04,+9.910000E+37,+3.090401E+03,+3.584400E+04,+2.040858E-01,+1.856000E-04,+9.910000E+37,+3.090467E+03,+3.584400E+04,-2.197057E-03,+0.000000E+00,+9.910000E+37,+3.090533E+03,+3.584400E+04
13:22:38,0e0,+2.197018E-01,+1.998500E-04,+9.910000E+37,+3.090761E+03,+3.584400E+04,+2.181985E-01,+1.998500E-04,+9.910000E+37,+3.090827E+03,+3.584400E+04,+2.189730E-01,+1.998500E-04,+9.910000E+37,+3.090894E+03,+3.584400E+04,-2.652392E-03,+0.000000E+00,+9.910000E+37,+3.090961E+03,+3.584400E+04
13:22:38,0e0,+2.333588E-01,+2.141500E-04,+9.910000E+37,+3.091187E+03,+3.584400E+04,+2.347708E-01,+2.141500E-04,+9.910000E+37,+3.091254E+03,+3.584400E+04,+2.347258E-01,+2.141500E-04,+9.910000E+37,+3.091319E+03,+3.584400E+04,-2.652451E-03,+0.000000E+00,+9.910000E+37,+3.091386E+03,+3.584400E+04
13:22:38,0e0,+2.504781E-01,+2.284500E-04,+9.910000E+37,+3.091616E+03,+3.584400E+04,+2.518435E-01,+2.284500E-04,+9.910000E+37,+3.091684E+03,+3.584400E+04,+2.508879E-01,+2.284500E-04,+9.910000E+37,+3.091749E+03,+3.584400E+04,-4.292011E-03,+0.000000E+00,+9.910000E+37,+3.091815E+03,+3.584400E+04
13:22:38,0e0,+2.660019E-01,+2.427500E-04,+9.910000E+37,+3.092042E+03,+3.584400E+04,+2.666850E-01,+2.427500E-04,+9.910000E+37,+3.092108E+03,+3.584400E+04,+2.676869E-01,+2.427500E-04,+9.910000E+37,+3.092176E+03,+3.584400E+04,-4.064173E-03,+0.000000E+00,+9.910000E+37,+3.092243E+03,+3.584400E+04
13:22:38,0e0,+2.812987E-01,+2.570000E-04,+9.910000E+37,+3.092468E+03,+3.584400E+04,+2.817991E-01,+2.570000E-04,+9.910000E+37,+3.092535E+03,+3.584400E+04,+2.842590E-01,+2.570000E-04,+9.910000E+37,+3.092603E+03,+3.584400E+04,-3.289923E-03,+0.000000E+00,+9.910000E+37,+3.092668E+03,+3.584400E+04
13:22:38,0e0,+2.985085E-01,+2.713000E-04,+9.910000E+37,+3.092894E+03,+3.584400E+04,+2.975512E-01,+2.713000E-04,+9.910000E+37,+3.092960E+03,+3.584400E+04,+2.991462E-01,+2.713000E-04,+9.910000E+37,+3.093027E+03,+3.584400E+04,-3.745228E-03,+0.000000E+00,+9.910000E+37,+3.093095E+03,+3.584400E+04
13:22:38,0e0,+3.154905E-01,+2.856000E-04,+9.910000E+37,+3.093320E+03,+3.584400E+04,+3.131220E-01,+2.856000E-04,+9.910000E+37,+3.093388E+03,+3.584400E+04,+3.142607E-01,+2.856000E-04,+9.910000E+37,+3.093453E+03,+3.584400E+04,-1.651078E-03,+0.000000E+00,+9.910000E+37,+3.093520E+03,+3.584400E+04
13:22:38,0e0,+3.298760E-01,+2.998500E-04,+9.910000E+37,+3.093752E+03,+3.584400E+04,+3.309693E-01,+2.998500E-04,+9.910000E+37,+3.093818E+03,+3.584400E+04,+3.310148E-01,+2.998500E-04,+9.910000E+37,+3.093886E+03,+3.584400E+04,-2.288222E-03,+0.000000E+00,+9.910000E+37,+3.093953E+03,+3.584400E+04
13:22:38,0e0,+3.464485E-01,+3.141500E-04,+9.910000E+37,+3.094179E+03,+3.584400E+04,+3.457648E-01,+3.141500E-04,+9.910000E+37,+3.094244E+03,+3.584400E+04,+3.458104E-01,+3.141500E-04,+9.910000E+37,+3.094312E+03,+3.584400E+04,-2.515942E-03,+0.000000E+00,+9.910000E+37,+3.094379E+03,+3.584400E+04
13:22:38,0e0,+3.631116E-01,+3.284500E-04,+9.910000E+37,+3.094604E+03,+3.584400E+04,+3.630657E-01,+3.284500E-04,+9.910000E+37,+3.094670E+03,+3.584400E+04,+3.622920E-01,+3.284500E-04,+9.910000E+37,+3.094737E+03,+3.584400E+04,-2.288267E-03,+0.000000E+00,+9.910000E+37,+3.094803E+03,+3.584400E+04
13:22:38,0e0,+3.790910E-01,+3.427500E-04,+9.910000E+37,+3.095027E+03,+3.584400E+04,+3.786366E-01,+3.427500E-04,+9.910000E+37,+3.095095E+03,+3.584400E+04,+3.774528E-01,+3.427500E-04,+9.910000E+37,+3.095160E+03,+3.584400E+04,-1.058936E-03,+0.000000E+00,+9.910000E+37,+3.095227E+03,+3.584400E+04
13:22:38,0e0,+3.937060E-01,+3.570000E-04,+9.910000E+37,+3.095453E+03,+3.584400E+04,+3.941607E-01,+3.570000E-04,+9.910000E+37,+3.095520E+03,+3.584400E+04,+3.931583E-01,+3.570000E-04,+9.910000E+37,+3.095586E+03,+3.584400E+04,-2.652451E-03,+0.000000E+00,+9.910000E+37,+3.095653E+03,+3.584400E+04
13:22:38,0e0,+4.094123E-01,+3.713000E-04,+9.910000E+37,+3.095878E+03,+3.584400E+04,+4.092311E-01,+3.713000E-04,+9.910000E+37,+3.095943E+03,+3.584400E+04,+4.097762E-01,+3.713000E-04,+9.910000E+37,+3.096010E+03,+3.584400E+04,-3.973112E-03,+0.000000E+00,+9.910000E+37,+3.096077E+03,+3.584400E+04
13:22:38,0e0,+4.261194E-01,+3.856000E-04,+9.910000E+37,+3.096304E+03,+3.584400E+04,+4.248911E-01,+3.856000E-04,+9.910000E+37,+3.096370E+03,+3.584400E+04,+4.244357E-01,+3.856000E-04,+9.910000E+37,+3.096437E+03,+3.584400E+04,-2.652451E-03,+0.000000E+00,+9.910000E+37,+3.096505E+03,+3.584400E+04
13:22:38,0e0,+4.407346E-01,+3.998500E-04,+9.910000E+37,+3.096729E+03,+3.584400E+04,+4.432388E-01,+3.998500E-04,+9.910000E+37,+3.096796E+03,+3.584400E+04,+4.402782E-01,+3.998500E-04,+9.910000E+37,+3.096863E+03,+3.584400E+04,-2.515927E-03,+0.000000E+00,+9.910000E+37,+3.096931E+03,+3.584400E+04
13:22:38,0e0,+4.573054E-01,+4.141500E-04,+9.910000E+37,+3.097156E+03,+3.584400E+04,+4.568050E-01,+4.141500E-04,+9.910000E+37,+3.097223E+03,+3.584400E+04,+4.563949E-01,+4.141500E-04,+9.910000E+37,+3.097290E+03,+3.584400E+04,-3.016472E-03,+0.000000E+00,+9.910000E+37,+3.097355E+03,+3.584400E+04
13:22:38,0e0,+4.731954E-01,+4.284500E-04,+9.910000E+37,+3.097582E+03,+3.584400E+04,+4.738330E-01,+4.284500E-04,+9.910000E+37,+3.097649E+03,+3.584400E+04,+4.717833E-01,+4.284500E-04,+9.910000E+37,+3.097715E+03,+3.584400E+04,-2.925813E-03,+0.000000E+00,+9.910000E+37,+3.097781E+03,+3.584400E+04
13:22:38,0e0,+4.891295E-01,+4.427500E-04,+9.910000E+37,+3.098007E+03,+3.584400E+04,+4.878993E-01,+4.427500E-04,+9.910000E+37,+3.098072E+03,+3.584400E+04,+4.876264E-01,+4.427500E-04,+9.910000E+37,+3.098139E+03,+3.584400E+04,-2.971321E-03,+0.000000E+00,+9.910000E+37,+3.098206E+03,+3.584400E+04
13:22:38,0e0,+5.037433E-01,+4.570000E-04,+9.910000E+37,+3.098433E+03,+3.584400E+04,+5.047456E-01,+4.570000E-04,+9.910000E+37,+3.098500E+03,+3.584400E+04,+5.053833E-01,+4.570000E-04,+9.910000E+37,+3.098565E+03,+3.584400E+04,-3.654361E-03,+0.000000E+00,+9.910000E+37,+3.098633E+03,+3.584400E+04
13:22:38,0e0,+5.204967E-01,+4.713000E-04,+9.910000E+37,+3.098861E+03,+3.584400E+04,+5.198149E-01,+4.713000E-04,+9.910000E+37,+3.098929E+03,+3.584400E+04,+5.198143E-01,+4.713000E-04,+9.910000E+37,+3.098994E+03,+3.584400E+04,-3.198728E-03,+0.000000E+00,+9.910000E+37,+3.099061E+03,+3.584400E+04
13:22:38,0e0,+5.372508E-01,+4.856000E-04,+9.910000E+37,+3.099287E+03,+3.584400E+04,+5.364782E-01,+4.856000E-04,+9.910000E+37,+3.099354E+03,+3.584400E+04,+5.347919E-01,+4.856000E-04,+9.910000E+37,+3.099421E+03,+3.584400E+04,-4.155144E-03,+0.000000E+00,+9.910000E+37,+3.099487E+03,+3.584400E+04
13:22:38,0e0,+5.524125E-01,+4.998500E-04,+9.910000E+37,+3.099716E+03,+3.584400E+04,+5.525501E-01,+4.998500E-04,+9.910000E+37,+3.099783E+03,+3.584400E+04,+5.513176E-01,+4.998500E-04,+9.910000E+37,+3.099849E+03,+3.584400E+04,-2.515927E-03,+0.000000E+00,+9.910000E+37,+3.099915E+03,+3.584400E+04
13:22:38,0e0,+5.671166E-01,+5.141500E-04,+9.910000E+37,+3.100146E+03,+3.584400E+04,+5.677103E-01,+5.141500E-04,+9.910000E+37,+3.100213E+03,+3.584400E+04,+5.680747E-01,+5.141500E-04,+9.910000E+37,+3.100278E+03,+3.584400E+04,-3.016591E-03,+0.000000E+00,+9.910000E+37,+3.100345E+03,+3.584400E+04
13:22:38,0e0,+5.835981E-01,+5.284500E-04,+9.910000E+37,+3.100571E+03,+3.584400E+04,+5.828240E-01,+5.284500E-04,+9.910000E+37,+3.100638E+03,+3.584400E+04,+5.823224E-01,+5.284500E-04,+9.910000E+37,+3.100705E+03,+3.584400E+04,-3.289670E-03,+0.000000E+00,+9.910000E+37,+3.100771E+03,+3.584400E+04
13:22:38,0e0,+6.010348E-01,+5.427500E-04,+9.910000E+37,+3.100998E+03,+3.584400E+04,+5.987121E-01,+5.427500E-04,+9.910000E+37,+3.101064E+03,+3.584400E+04,+6.002619E-01,+5.427500E-04,+9.910000E+37,+3.101131E+03,+3.584400E+04,-3.335401E-03,+0.000000E+00,+9.910000E+37,+3.101197E+03,+3.584400E+04
13:22:38,0e0,+6.143731E-01,+5.570000E-04,+9.910000E+37,+3.101424E+03,+3.584400E+04,+6.157871E-01,+5.570000E-04,+9.910000E+37,+3.101490E+03,+3.584400E+04,+6.139181E-01,+5.570000E-04,+9.910000E+37,+3.101557E+03,+3.584400E+04,-2.743617E-03,+0.000000E+00,+9.910000E+37,+3.101624E+03,+3.584400E+04
13:22:38,0e0,+6.315853E-01,+5.713000E-04,+9.910000E+37,+3.101851E+03,+3.584400E+04,+6.319025E-01,+5.713000E-04,+9.910000E+37,+3.101917E+03,+3.584400E+04,+6.303524E-01,+5.713000E-04,+9.910000E+37,+3.101984E+03,+3.584400E+04,-2.971113E-03,+0.000000E+00,+9.910000E+37,+3.102051E+03,+3.584400E+04
13:22:38,0e0,+6.480653E-01,+5.856000E-04,+9.910000E+37,+3.102278E+03,+3.584400E+04,+6.493393E-01,+5.856000E-04,+9.910000E+37,+3.102344E+03,+3.584400E+04,+6.474259E-01,+5.856000E-04,+9.910000E+37,+3.102410E+03,+3.584400E+04,-2.697751E-03,+0.000000E+00,+9.910000E+37,+3.102478E+03,+3.584400E+04
13:22:38,0e0,+6.640885E-01,+5.998500E-04,+9.910000E+37,+3.102703E+03,+3.584400E+04,+6.648656E-01,+5.998500E-04,+9.910000E+37,+3.102770E+03,+3.584400E+04,+6.652282E-01,+5.998500E-04,+9.910000E+37,+3.102837E+03,+3.584400E+04,-2.971247E-03,+0.000000E+00,+9.910000E+37,+3.102904E+03,+3.584400E+04
13:22:38,0e0,+6.817995E-01,+6.141500E-04,+9.910000E+37,+3.103131E+03,+3.584400E+04,+6.791577E-01,+6.141500E-04,+9.910000E+37,+3.103198E+03,+3.584400E+04,+6.798863E-01,+6.141500E-04,+9.910000E+37,+3.103264E+03,+3.584400E+04,-3.700003E-03,+0.000000E+00,+9.910000E+37,+3.103330E+03,+3.584400E+04
13:22:38,0e0,+6.966407E-01,+6.284500E-04,+9.910000E+37,+3.103555E+03,+3.584400E+04,+6.963663E-01,+6.284500E-04,+9.910000E+37,+3.103622E+03,+3.584400E+04,+6.948643E-01,+6.284500E-04,+9.910000E+37,+3.103687E+03,+3.584400E+04,-3.335759E-03,+0.000000E+00,+9.910000E+37,+3.103754E+03,+3.584400E+04
13:22:38,0e0,+7.132601E-01,+6.427500E-04,+9.910000E+37,+3.103979E+03,+3.584400E+04,+7.116187E-01,+6.427500E-04,+9.910000E+37,+3.104046E+03,+3.584400E+04,+7.142608E-01,+6.427500E-04,+9.910000E+37,+3.104113E+03,+3.584400E+04,-4.291788E-03,+0.000000E+00,+9.910000E+37,+3.104180E+03,+3.584400E+04
13:22:38,0e0,+7.282363E-01,+6.570000E-04,+9.910000E+37,+3.104405E+03,+3.584400E+04,+7.278279E-01,+6.570000E-04,+9.910000E+37,+3.104473E+03,+3.584400E+04,+7.285098E-01,+6.570000E-04,+9.910000E+37,+3.104539E+03,+3.584400E+04,-3.927529E-03,+0.000000E+00,+9.910000E+37,+3.104606E+03,+3.584400E+04
13:22:38,0e0,+7.452645E-01,+6.713000E-04,+9.910000E+37,+3.104833E+03,+3.584400E+04,+7.451730E-01,+6.713000E-04,+9.910000E+37,+3.104900E+03,+3.584400E+04,+7.440345E-01,+6.713000E-04,+9.910000E+37,+3.104968E+03,+3.584400E+04,-2.242565E-03,+0.000000E+00,+9.910000E+37,+3.105033E+03,+3.584400E+04
13:22:38,0e0,+7.589668E-01,+6.856000E-04,+9.910000E+37,+3.105261E+03,+3.584400E+04,+7.601519E-01,+6.856000E-04,+9.910000E+37,+3.105328E+03,+3.584400E+04,+7.592862E-01,+6.856000E-04,+9.910000E+37,+3.105395E+03,+3.584400E+04,-3.471807E-03,+0.000000E+00,+9.910000E+37,+3.105461E+03,+3.584400E+04
13:22:38,0e0,+7.739916E-01,+6.998500E-04,+9.910000E+37,+3.105688E+03,+3.584400E+04,+7.759951E-01,+6.998500E-04,+9.910000E+37,+3.105755E+03,+3.584400E+04,+7.756312E-01,+6.998500E-04,+9.910000E+37,+3.105822E+03,+3.584400E+04,-3.790557E-03,+0.000000E+00,+9.910000E+37,+3.105888E+03,+3.584400E+04
13:22:38,0e0,+7.916104E-01,+7.141500E-04,+9.910000E+37,+3.106114E+03,+3.584400E+04,+7.906078E-01,+7.141500E-04,+9.910000E+37,+3.106181E+03,+3.584400E+04,+7.907443E-01,+7.141500E-04,+9.910000E+37,+3.106247E+03,+3.584400E+04,-2.743512E-03,+0.000000E+00,+9.910000E+37,+3.106314E+03,+3.584400E+04
13:22:38,0e0,+8.078178E-01,+7.284500E-04,+9.910000E+37,+3.106541E+03,+3.584400E+04,+8.078638E-01,+7.284500E-04,+9.910000E+37,+3.106607E+03,+3.584400E+04,+8.065424E-01,+7.284500E-04,+9.910000E+37,+3.106674E+03,+3.584400E+04,-2.743423E-03,+0.000000E+00,+9.910000E+37,+3.106741E+03,+3.584400E+04
13:22:38,0e0,+8.235254E-01,+7.427500E-04,+9.910000E+37,+3.106972E+03,+3.584400E+04,+8.218392E-01,+7.427500E-04,+9.910000E+37,+3.107038E+03,+3.584400E+04,+8.238899E-01,+7.427500E-04,+9.910000E+37,+3.107104E+03,+3.584400E+04,-4.519433E-03,+0.000000E+00,+9.910000E+37,+3.107171E+03,+3.584400E+04
13:22:38,0e0,+8.396865E-01,+7.570000E-04,+9.910000E+37,+3.107398E+03,+3.584400E+04,+8.386402E-01,+7.570000E-04,+9.910000E+37,+3.107466E+03,+3.584400E+04,+8.380926E-01,+7.570000E-04,+9.910000E+37,+3.107532E+03,+3.584400E+04,-4.974842E-03,+0.000000E+00,+9.910000E+37,+3.107599E+03,+3.584400E+04
13:22:38,0e0,+8.558490E-01,+7.713000E-04,+9.910000E+37,+3.107825E+03,+3.584400E+04,+8.545283E-01,+7.713000E-04,+9.910000E+37,+3.107892E+03,+3.584400E+04,+8.548471E-01,+7.713000E-04,+9.910000E+37,+3.107958E+03,+3.584400E+04,-3.107727E-03,+0.000000E+00,+9.910000E+37,+3.108024E+03,+3.584400E+04
13:22:38,0e0,+8.701428E-01,+7.856000E-04,+9.910000E+37,+3.108251E+03,+3.584400E+04,+8.712382E-01,+7.856000E-04,+9.910000E+37,+3.108318E+03,+3.584400E+04,+8.707368E-01,+7.856000E-04,+9.910000E+37,+3.108386E+03,+3.584400E+04,-3.016353E-03,+0.000000E+00,+9.910000E+37,+3.108451E+03,+3.584400E+04
13:22:38,0e0,+8.868537E-01,+7.998500E-04,+9.910000E+37,+3.108678E+03,+3.584400E+04,+8.859411E-01,+7.998500E-04,+9.910000E+37,+3.108745E+03,+3.584400E+04,+8.855779E-01,+7.998500E-04,+9.910000E+37,+3.108813E+03,+3.584400E+04,-3.062293E-03,+0.000000E+00,+9.910000E+37,+3.108878E+03,+3.584400E+04
13:22:38,0e0,+9.023756E-01,+8.141500E-04,+9.910000E+37,+3.109104E+03,+3.584400E+04,+9.025601E-01,+8.141500E-04,+9.910000E+37,+3.109170E+03,+3.584400E+04,+9.031971E-01,+8.141500E-04,+9.910000E+37,+3.109237E+03,+3.584400E+04,-3.107235E-03,+0.000000E+00,+9.910000E+37,+3.109303E+03,+3.584400E+04
13:22:38,0e0,+9.189047E-01,+8.284500E-04,+9.910000E+37,+3.109528E+03,+3.584400E+04,+9.189041E-01,+8.284500E-04,+9.910000E+37,+3.109595E+03,+3.584400E+04,+9.172199E-01,+8.284500E-04,+9.910000E+37,+3.109661E+03,+3.584400E+04,-3.244653E-03,+0.000000E+00,+9.910000E+37,+3.109728E+03,+3.584400E+04
13:22:38,0e0,+9.343380E-01,+8.427500E-04,+9.910000E+37,+3.109954E+03,+3.584400E+04,+9.342483E-01,+8.427500E-04,+9.910000E+37,+3.110021E+03,+3.584400E+04,+9.333339E-01,+8.427500E-04,+9.910000E+37,+3.110087E+03,+3.584400E+04,-3.380775E-03,+0.000000E+00,+9.910000E+37,+3.110154E+03,+3.584400E+04
13:22:38,0e0,+9.499534E-01,+8.570000E-04,+9.910000E+37,+3.110381E+03,+3.584400E+04,+9.484491E-01,+8.570000E-04,+9.910000E+37,+3.110448E+03,+3.584400E+04,+9.518665E-01,+8.570000E-04,+9.910000E+37,+3.110515E+03,+3.584400E+04,-4.792601E-03,+0.000000E+00,+9.910000E+37,+3.110582E+03,+3.584400E+04
13:22:38,0e0,+9.655679E-01,+8.713000E-04,+9.910000E+37,+3.110808E+03,+3.584400E+04,+9.657507E-01,+8.713000E-04,+9.910000E+37,+3.110875E+03,+3.584400E+04,+9.659323E-01,+8.713000E-04,+9.910000E+37,+3.110940E+03,+3.584400E+04,-2.652124E-03,+0.000000E+00,+9.910000E+37,+3.111007E+03,+3.584400E+04
13:22:38,0e0,+9.816378E-01,+8.856000E-04,+9.910000E+37,+3.111233E+03,+3.584400E+04,+9.818246E-01,+8.856000E-04,+9.910000E+37,+3.111300E+03,+3.584400E+04,+9.814122E-01,+8.856000E-04,+9.910000E+37,+3.111367E+03,+3.584400E+04,-4.109561E-03,+0.000000E+00,+9.910000E+37,+3.111435E+03,+3.584400E+04
13:22:38,0e0,+9.967532E-01,+8.998500E-04,+9.910000E+37,+3.111658E+03,+3.584400E+04,+9.971211E-01,+8.998500E-04,+9.910000E+37,+3.111725E+03,+3.584400E+04,+9.967079E-01,+8.998500E-04,+9.910000E+37,+3.111792E+03,+3.584400E+04,-4.656091E-03,+0.000000E+00,+9.910000E+37,+3.111859E+03,+3.584400E+04
13:22:38,0e0,+1.013964E+00,+9.141500E-04,+9.910000E+37,+3.112084E+03,+3.584400E+04,+1.012460E+00,+9.141500E-04,+9.910000E+37,+3.112150E+03,+3.584400E+04,+1.014056E+00,+9.141500E-04,+9.910000E+37,+3.112218E+03,+3.584400E+04,-3.107682E-03,+0.000000E+00,+9.910000E+37,+3.112283E+03,+3.584400E+04
13:22:38,0e0,+1.029765E+00,+9.284500E-04,+9.910000E+37,+3.112509E+03,+3.584400E+04,+1.029670E+00,+9.284500E-04,+9.910000E+37,+3.112575E+03,+3.584400E+04,+1.028895E+00,+9.284500E-04,+9.910000E+37,+3.112642E+03,+3.584400E+04,-3.745273E-03,+0.000000E+00,+9.910000E+37,+3.112709E+03,+3.584400E+04
13:22:38,0e0,+1.046109E+00,+9.427500E-04,+9.910000E+37,+3.112935E+03,+3.584400E+04,+1.045970E+00,+9.427500E-04,+9.910000E+37,+3.113001E+03,+3.584400E+04,+1.044510E+00,+9.427500E-04,+9.910000E+37,+3.113068E+03,+3.584400E+04,-2.288386E-03,+0.000000E+00,+9.910000E+37,+3.113134E+03,+3.584400E+04
13:22:38,0e0,+1.061540E+00,+9.570000E-04,+9.910000E+37,+3.113359E+03,+3.584400E+04,+1.062221E+00,+9.570000E-04,+9.910000E+37,+3.113425E+03,+3.584400E+04,+1.061676E+00,+9.570000E-04,+9.910000E+37,+3.113491E+03,+3.584400E+04,-3.745466E-03,+0.000000E+00,+9.910000E+37,+3.113558E+03,+3.584400E+04
13:22:38,0e0,+1.077746E+00,+9.713000E-04,+9.910000E+37,+3.113782E+03,+3.584400E+04,+1.076197E+00,+9.713000E-04,+9.910000E+37,+3.113850E+03,+3.584400E+04,+1.077017E+00,+9.713000E-04,+9.910000E+37,+3.113916E+03,+3.584400E+04,-2.652496E-03,+0.000000E+00,+9.910000E+37,+3.113983E+03,+3.584400E+04
13:22:38,0e0,+1.093090E+00,+9.856001E-04,+9.910000E+37,+3.114209E+03,+3.584400E+04,+1.094501E+00,+9.856001E-04,+9.910000E+37,+3.114275E+03,+3.584400E+04,+1.092086E+00,+9.856001E-04,+9.910000E+37,+3.114343E+03,+3.584400E+04,-3.836393E-03,+0.000000E+00,+9.910000E+37,+3.114408E+03,+3.584400E+04
13:22:38,0e0,+1.109755E+00,+9.998500E-04,+9.910000E+37,+3.114634E+03,+3.584400E+04,+1.108614E+00,+9.998500E-04,+9.910000E+37,+3.114701E+03,+3.584400E+04,+1.109025E+00,+9.998500E-04,+9.910000E+37,+3.114769E+03,+3.584400E+04,-5.020306E-03,+0.000000E+00,+9.910000E+37,+3.114834E+03,+3.584400E+04
13:22:38,0e0,+1.124775E+00,+1.014150E-03,+9.910000E+37,+3.115060E+03,+3.584400E+04,+1.124137E+00,+1.014150E-03,+9.910000E+37,+3.115126E+03,+3.584400E+04,+1.123590E+00,+1.014150E-03,+9.910000E+37,+3.115192E+03,+3.584400E+04,-2.515942E-03,+0.000000E+00,+9.910000E+37,+3.115259E+03,+3.584400E+04
13:22:38,0e0,+1.140117E+00,+1.028450E-03,+9.910000E+37,+3.115483E+03,+3.584400E+04,+1.141439E+00,+1.028450E-03,+9.910000E+37,+3.115549E+03,+3.584400E+04,+1.140116E+00,+1.028450E-03,+9.910000E+37,+3.115616E+03,+3.584400E+04,-2.743483E-03,+0.000000E+00,+9.910000E+37,+3.115682E+03,+3.584400E+04
13:22:38,0e0,+1.156553E+00,+1.042750E-03,+9.910000E+37,+3.115907E+03,+3.584400E+04,+1.156827E+00,+1.042750E-03,+9.910000E+37,+3.115975E+03,+3.584400E+04,+1.156006E+00,+1.042750E-03,+9.910000E+37,+3.116040E+03,+3.584400E+04,-2.652466E-03,+0.000000E+00,+9.910000E+37,+3.116107E+03,+3.584400E+04
13:22:38,0e0,+1.158378E+00,+1.057000E-03,+9.910000E+37,+3.116333E+03,+3.584400E+04,+1.158694E+00,+1.057000E-03,+9.910000E+37,+3.116399E+03,+3.584400E+04,+1.159423E+00,+1.057000E-03,+9.910000E+37,+3.116467E+03,+3.584400E+04,-4.154935E-03,+0.000000E+00,+9.910000E+37,+3.116532E+03,+3.584400E+04
13:22:38,0e0,+1.175311E+00,+1.071500E-03,+9.910000E+37,+3.116758E+03,+3.584400E+04,+1.174538E+00,+1.071500E-03,+9.910000E+37,+3.116823E+03,+3.584400E+04,+1.174583E+00,+1.071500E-03,+9.910000E+37,+3.116891E+03,+3.584400E+04,-3.562972E-03,+0.000000E+00,+9.910000E+37,+3.116958E+03,+3.584400E+04
13:22:38,0e0,+1.189744E+00,+1.085500E-03,+9.910000E+37,+3.117183E+03,+3.584400E+04,+1.190381E+00,+1.085500E-03,+9.910000E+37,+3.117250E+03,+3.584400E+04,+1.189880E+00,+1.085500E-03,+9.910000E+37,+3.117315E+03,+3.584400E+04,-3.517538E-03,+0.000000E+00,+9.910000E+37,+3.117383E+03,+3.584400E+04
13:22:38,0e0,+1.206586E+00,+1.100000E-03,+9.910000E+37,+3.117605E+03,+3.584400E+04,+1.206134E+00,+1.100000E-03,+9.910000E+37,+3.117673E+03,+3.584400E+04,+1.206543E+00,+1.100000E-03,+9.910000E+37,+3.117738E+03,+3.584400E+04,-3.107756E-03,+0.000000E+00,+9.910000E+37,+3.117805E+03,+3.584400E+04
13:22:38,0e0,+1.220200E+00,+1.114000E-03,+9.910000E+37,+3.118028E+03,+3.584400E+04,+1.221706E+00,+1.114000E-03,+9.910000E+37,+3.118095E+03,+3.584400E+04,+1.222524E+00,+1.114000E-03,+9.910000E+37,+3.118162E+03,+3.584400E+04,-4.246131E-03,+0.000000E+00,+9.910000E+37,+3.118229E+03,+3.584400E+04
13:22:38,0e0,+1.237501E+00,+1.128500E-03,+9.910000E+37,+3.118453E+03,+3.584400E+04,+1.237821E+00,+1.128500E-03,+9.910000E+37,+3.118521E+03,+3.584400E+04,+1.238322E+00,+1.128500E-03,+9.910000E+37,+3.118586E+03,+3.584400E+04,-3.471851E-03,+0.000000E+00,+9.910000E+37,+3.118653E+03,+3.584400E+04
13:22:38,0e0,+1.252980E+00,+1.142500E-03,+9.910000E+37,+3.118877E+03,+3.584400E+04,+1.253391E+00,+1.142500E-03,+9.910000E+37,+3.118943E+03,+3.584400E+04,+1.253208E+00,+1.142500E-03,+9.910000E+37,+3.119011E+03,+3.584400E+04,-2.652407E-03,+0.000000E+00,+9.910000E+37,+3.119076E+03,+3.584400E+04
13:22:38,0e0,+1.269279E+00,+1.157000E-03,+9.910000E+37,+3.119303E+03,+3.584400E+04,+1.269780E+00,+1.157000E-03,+9.910000E+37,+3.119369E+03,+3.584400E+04,+1.270191E+00,+1.157000E-03,+9.910000E+37,+3.119436E+03,+3.584400E+04,-3.972799E-03,+0.000000E+00,+9.910000E+37,+3.119503E+03,+3.584400E+04
13:22:38,0e0,+1.285261E+00,+1.171500E-03,+9.910000E+37,+3.119725E+03,+3.584400E+04,+1.285806E+00,+1.171500E-03,+9.910000E+37,+3.119791E+03,+3.584400E+04,+1.285715E+00,+1.171500E-03,+9.910000E+37,+3.119858E+03,+3.584400E+04,-4.792750E-03,+0.000000E+00,+9.910000E+37,+3.119925E+03,+3.584400E+04
13:22:38,0e0,+1.300010E+00,+1.185500E-03,+9.910000E+37,+3.120150E+03,+3.584400E+04,+1.301016E+00,+1.185500E-03,+9.910000E+37,+3.120217E+03,+3.584400E+04,+1.300876E+00,+1.185500E-03,+9.910000E+37,+3.120283E+03,+3.584400E+04,-3.699183E-03,+0.000000E+00,+9.910000E+37,+3.120351E+03,+3.584400E+04
13:22:38,0e0,+1.317538E+00,+1.200000E-03,+9.910000E+37,+3.120575E+03,+3.584400E+04,+1.316901E+00,+1.200000E-03,+9.910000E+37,+3.120643E+03,+3.584400E+04,+1.316445E+00,+1.200000E-03,+9.910000E+37,+3.120708E+03,+3.584400E+04,-3.654197E-03,+0.000000E+00,+9.910000E+37,+3.120775E+03,+3.584400E+04
13:22:38,0e0,+1.331196E+00,+1.214000E-03,+9.910000E+37,+3.120999E+03,+3.584400E+04,+1.331336E+00,+1.214000E-03,+9.910000E+37,+3.121066E+03,+3.584400E+04,+1.330283E+00,+1.214000E-03,+9.910000E+37,+3.121132E+03,+3.584400E+04,-3.654167E-03,+0.000000E+00,+9.910000E+37,+3.121199E+03,+3.584400E+04
13:22:38,0e0,+1.347998E+00,+1.228500E-03,+9.910000E+37,+3.121424E+03,+3.584400E+04,+1.345899E+00,+1.228500E-03,+9.910000E+37,+3.121490E+03,+3.584400E+04,+1.346218E+00,+1.228500E-03,+9.910000E+37,+3.121558E+03,+3.584400E+04,-3.107727E-03,+0.000000E+00,+9.910000E+37,+3.121623E+03,+3.584400E+04
13:22:38,0e0,+1.362564E+00,+1.242500E-03,+9.910000E+37,+3.121849E+03,+3.584400E+04,+1.363520E+00,+1.242500E-03,+9.910000E+37,+3.121914E+03,+3.584400E+04,+1.362930E+00,+1.242500E-03,+9.910000E+37,+3.121981E+03,+3.584400E+04,-4.246026E-03,+0.000000E+00,+9.910000E+37,+3.122048E+03,+3.584400E+04
13:22:38,0e0,+1.378544E+00,+1.257000E-03,+9.910000E+37,+3.122272E+03,+3.584400E+04,+1.377404E+00,+1.257000E-03,+9.910000E+37,+3.122339E+03,+3.584400E+04,+1.379046E+00,+1.257000E-03,+9.910000E+37,+3.122406E+03,+3.584400E+04,-4.063874E-03,+0.000000E+00,+9.910000E+37,+3.122473E+03,+3.584400E+04
13:22:38,0e0,+1.394889E+00,+1.271500E-03,+9.910000E+37,+3.122697E+03,+3.584400E+04,+1.396118E+00,+1.271500E-03,+9.910000E+37,+3.122763E+03,+3.584400E+04,+1.392563E+00,+1.271500E-03,+9.910000E+37,+3.122830E+03,+3.584400E+04,-4.746929E-03,+0.000000E+00,+9.910000E+37,+3.122896E+03,+3.584400E+04
13:22:38,0e0,+1.409410E+00,+1.285500E-03,+9.910000E+37,+3.123122E+03,+3.584400E+04,+1.410007E+00,+1.285500E-03,+9.910000E+37,+3.123188E+03,+3.584400E+04,+1.410596E+00,+1.285500E-03,+9.910000E+37,+3.123255E+03,+3.584400E+04,-4.746735E-03,+0.000000E+00,+9.910000E+37,+3.123322E+03,+3.584400E+04
13:22:38,0e0,+1.426302E+00,+1.300000E-03,+9.910000E+37,+3.123545E+03,+3.584400E+04,+1.426758E+00,+1.300000E-03,+9.910000E+37,+3.123612E+03,+3.584400E+04,+1.426029E+00,+1.300000E-03,+9.910000E+37,+3.123678E+03,+3.584400E+04,-4.610196E-03,+0.000000E+00,+9.910000E+37,+3.123745E+03,+3.584400E+04
13:22:38,0e0,+1.439501E+00,+1.314000E-03,+9.910000E+37,+3.123968E+03,+3.584400E+04,+1.440276E+00,+1.314000E-03,+9.910000E+37,+3.124034E+03,+3.584400E+04,+1.443239E+00,+1.314000E-03,+9.910000E+37,+3.124102E+03,+3.584400E+04,-3.836155E-03,+0.000000E+00,+9.910000E+37,+3.124167E+03,+3.584400E+04
13:22:38,0e0,+1.459036E+00,+1.328500E-03,+9.910000E+37,+3.124392E+03,+3.584400E+04,+1.457853E+00,+1.328500E-03,+9.910000E+37,+3.124458E+03,+3.584400E+04,+1.457396E+00,+1.328500E-03,+9.910000E+37,+3.124525E+03,+3.584400E+04,-4.428327E-03,+0.000000E+00,+9.910000E+37,+3.124591E+03,+3.584400E+04
13:22:38,0e0,+1.473058E+00,+1.342500E-03,+9.910000E+37,+3.124815E+03,+3.584400E+04,+1.471917E+00,+1.342500E-03,+9.910000E+37,+3.124882E+03,+3.584400E+04,+1.472145E+00,+1.342500E-03,+9.910000E+37,+3.124949E+03,+3.584400E+04,-3.471866E-03,+0.000000E+00,+9.910000E+37,+3.125015E+03,+3.584400E+04
13:22:38,0e0,+1.489404E+00,+1.357000E-03,+9.910000E+37,+3.125238E+03,+3.584400E+04,+1.489266E+00,+1.357000E-03,+9.910000E+37,+3.125305E+03,+3.584400E+04,+1.488537E+00,+1.357000E-03,+9.910000E+37,+3.125372E+03,+3.584400E+04,-4.245967E-03,+0.000000E+00,+9.910000E+37,+3.125437E+03,+3.584400E+04
13:22:38,0e0,+1.506475E+00,+1.371500E-03,+9.910000E+37,+3.125660E+03,+3.584400E+04,+1.504700E+00,+1.371500E-03,+9.910000E+37,+3.125727E+03,+3.584400E+04,+1.504698E+00,+1.371500E-03,+9.910000E+37,+3.125794E+03,+3.584400E+04,-3.517315E-03,+0.000000E+00,+9.910000E+37,+3.125859E+03,+3.584400E+04
13:22:38,0e0,+1.521183E+00,+1.385500E-03,+9.910000E+37,+3.126085E+03,+3.584400E+04,+1.520679E+00,+1.385500E-03,+9.910000E+37,+3.126151E+03,+3.584400E+04,+1.520589E+00,+1.385500E-03,+9.910000E+37,+3.126219E+03,+3.584400E+04,-4.154935E-03,+0.000000E+00,+9.910000E+37,+3.126284E+03,+3.584400E+04
13:22:38,0e0,+1.536701E+00,+1.400000E-03,+9.910000E+37,+3.126510E+03,+3.584400E+04,+1.538118E+00,+1.400000E-03,+9.910000E+37,+3.126576E+03,+3.584400E+04,+1.537022E+00,+1.400000E-03,+9.910000E+37,+3.126644E+03,+3.584400E+04,-3.244430E-03,+0.000000E+00,+9.910000E+37,+3.126709E+03,+3.584400E+04
13:22:38,0e0,+1.552503E+00,+1.414000E-03,+9.910000E+37,+3.126934E+03,+3.584400E+04,+1.552732E+00,+1.414000E-03,+9.910000E+37,+3.127000E+03,+3.584400E+04,+1.552184E+00,+1.414000E-03,+9.910000E+37,+3.127067E+03,+3.584400E+04,-3.608540E-03,+0.000000E+00,+9.910000E+37,+3.127133E+03,+3.584400E+04
13:22:38,0e0,+1.567526E+00,+1.428500E-03,+9.910000E+37,+3.127358E+03,+3.584400E+04,+1.567160E+00,+1.428500E-03,+9.910000E+37,+3.127425E+03,+3.584400E+04,+1.567619E+00,+1.428500E-03,+9.910000E+37,+3.127491E+03,+3.584400E+04,-3.153309E-03,+0.000000E+00,+9.910000E+37,+3.127559E+03,+3.584400E+04
13:22:38,0e0,+1.583146E+00,+1.442500E-03,+9.910000E+37,+3.127782E+03,+3.584400E+04,+1.583051E+00,+1.442500E-03,+9.910000E+37,+3.127849E+03,+3.584400E+04,+1.585192E+00,+1.442500E-03,+9.910000E+37,+3.127916E+03,+3.584400E+04,-3.244191E-03,+0.000000E+00,+9.910000E+37,+3.127981E+03,+3.584400E+04
13:22:38,0e0,+1.600033E+00,+1.457000E-03,+9.910000E+37,+3.128205E+03,+3.584400E+04,+1.599395E+00,+1.457000E-03,+9.910000E+37,+3.128271E+03,+3.584400E+04,+1.599259E+00,+1.457000E-03,+9.910000E+37,+3.128339E+03,+3.584400E+04,-3.790855E-03,+0.000000E+00,+9.910000E+37,+3.128404E+03,+3.584400E+04
13:22:38,0e0,+1.615877E+00,+1.471500E-03,+9.910000E+37,+3.128630E+03,+3.584400E+04,+1.615146E+00,+1.471500E-03,+9.910000E+37,+3.128697E+03,+3.584400E+04,+1.615009E+00,+1.471500E-03,+9.910000E+37,+3.128763E+03,+3.584400E+04,-3.608659E-03,+0.000000E+00,+9.910000E+37,+3.128830E+03,+3.584400E+04
13:22:38,0e0,+1.631401E+00,+1.485500E-03,+9.910000E+37,+3.129055E+03,+3.584400E+04,+1.630896E+00,+1.485500E-03,+9.910000E+37,+3.129122E+03,+3.584400E+04,+1.631538E+00,+1.485500E-03,+9.910000E+37,+3.129188E+03,+3.584400E+04,-2.834603E-03,+0.000000E+00,+9.910000E+37,+3.129255E+03,+3.584400E+04
13:22:38,0e0,+1.647014E+00,+1.500000E-03,+9.910000E+37,+3.129479E+03,+3.584400E+04,+1.647837E+00,+1.500000E-03,+9.910000E+37,+3.129546E+03,+3.584400E+04,+1.646927E+00,+1.500000E-03,+9.910000E+37,+3.129613E+03,+3.584400E+04,-2.652526E-03,+0.000000E+00,+9.910000E+37,+3.129679E+03,+3.584400E+04
13:22:38,0e0,+1.662677E+00,+1.514000E-03,+9.910000E+37,+3.129904E+03,+3.584400E+04,+1.663589E+00,+1.514000E-03,+9.910000E+37,+3.129971E+03,+3.584400E+04,+1.663361E+00,+1.514000E-03,+9.910000E+37,+3.130038E+03,+3.584400E+04,-3.836259E-03,+0.000000E+00,+9.910000E+37,+3.130105E+03,+3.584400E+04
13:22:38,0e0,+1.679298E+00,+1.528500E-03,+9.910000E+37,+3.130331E+03,+3.584400E+04,+1.679023E+00,+1.528500E-03,+9.910000E+37,+3.130396E+03,+3.584400E+04,+1.678337E+00,+1.528500E-03,+9.910000E+37,+3.130463E+03,+3.584400E+04,-3.790513E-03,+0.000000E+00,+9.910000E+37,+3.130530E+03,+3.584400E+04
13:22:38,0e0,+1.694361E+00,+1.542500E-03,+9.910000E+37,+3.130755E+03,+3.584400E+04,+1.694501E+00,+1.542500E-03,+9.910000E+37,+3.130822E+03,+3.584400E+04,+1.694140E+00,+1.542500E-03,+9.910000E+37,+3.130888E+03,+3.584400E+04,-3.107831E-03,+0.000000E+00,+9.910000E+37,+3.130954E+03,+3.584400E+04
13:22:38,0e0,+1.710482E+00,+1.557000E-03,+9.910000E+37,+3.131180E+03,+3.584400E+04,+1.710390E+00,+1.557000E-03,+9.910000E+37,+3.131247E+03,+3.584400E+04,+1.710299E+00,+1.557000E-03,+9.910000E+37,+3.131313E+03,+3.584400E+04,-4.200518E-03,+0.000000E+00,+9.910000E+37,+3.131379E+03,+3.584400E+04
13:22:38,0e0,+1.727143E+00,+1.571500E-03,+9.910000E+37,+3.131604E+03,+3.584400E+04,+1.725547E+00,+1.571500E-03,+9.910000E+37,+3.131672E+03,+3.584400E+04,+1.725685E+00,+1.571500E-03,+9.910000E+37,+3.131737E+03,+3.584400E+04,-3.608614E-03,+0.000000E+00,+9.910000E+37,+3.131804E+03,+3.584400E+04
13:22:38,0e0,+1.740296E+00,+1.585500E-03,+9.910000E+37,+3.132028E+03,+3.584400E+04,+1.741575E+00,+1.585500E-03,+9.910000E+37,+3.132095E+03,+3.584400E+04,+1.739478E+00,+1.585500E-03,+9.910000E+37,+3.132162E+03,+3.584400E+04,-3.153250E-03,+0.000000E+00,+9.910000E+37,+3.132229E+03,+3.584400E+04
13:22:38,0e0,+1.757423E+00,+1.600000E-03,+9.910000E+37,+3.132453E+03,+3.584400E+04,+1.758510E+00,+1.600000E-03,+9.910000E+37,+3.132520E+03,+3.584400E+04,+1.759651E+00,+1.600000E-03,+9.910000E+37,+3.132587E+03,+3.584400E+04,-3.699645E-03,+0.000000E+00,+9.910000E+37,+3.132654E+03,+3.584400E+04
13:22:38,0e0,+1.775132E+00,+1.614000E-03,+9.910000E+37,+3.132878E+03,+3.584400E+04,+1.773353E+00,+1.614000E-03,+9.910000E+37,+3.132944E+03,+3.584400E+04,+1.773994E+00,+1.614000E-03,+9.910000E+37,+3.133012E+03,+3.584400E+04,-2.288267E-03,+0.000000E+00,+9.910000E+37,+3.133077E+03,+3.584400E+04
13:22:38,0e0,+1.790975E+00,+1.628500E-03,+9.910000E+37,+3.133302E+03,+3.584400E+04,+1.790199E+00,+1.628500E-03,+9.910000E+37,+3.133368E+03,+3.584400E+04,+1.789466E+00,+1.628500E-03,+9.910000E+37,+3.133435E+03,+3.584400E+04,-2.561405E-03,+0.000000E+00,+9.910000E+37,+3.133501E+03,+3.584400E+04
13:22:38,0e0,+1.804857E+00,+1.642500E-03,+9.910000E+37,+3.133726E+03,+3.584400E+04,+1.804448E+00,+1.642500E-03,+9.910000E+37,+3.133792E+03,+3.584400E+04,+1.805768E+00,+1.642500E-03,+9.910000E+37,+3.133859E+03,+3.584400E+04,-4.564628E-03,+0.000000E+00,+9.910000E+37,+3.133926E+03,+3.584400E+04
13:22:38,0e0,+1.821383E+00,+1.657000E-03,+9.910000E+37,+3.134151E+03,+3.584400E+04,+1.821021E+00,+1.657000E-03,+9.910000E+37,+3.134219E+03,+3.584400E+04,+1.821477E+00,+1.657000E-03,+9.910000E+37,+3.134284E+03,+3.584400E+04,-3.654137E-03,+0.000000E+00,+9.910000E+37,+3.134351E+03,+3.584400E+04
13:22:38,0e0,+1.838504E+00,+1.671500E-03,+9.910000E+37,+3.134576E+03,+3.584400E+04,+1.835996E+00,+1.671500E-03,+9.910000E+37,+3.134643E+03,+3.584400E+04,+1.836454E+00,+1.671500E-03,+9.910000E+37,+3.134710E+03,+3.584400E+04,-4.519239E-03,+0.000000E+00,+9.910000E+37,+3.134777E+03,+3.584400E+04
13:22:38,0e0,+1.851750E+00,+1.685500E-03,+9.910000E+37,+3.135001E+03,+3.584400E+04,+1.852251E+00,+1.685500E-03,+9.910000E+37,+3.135067E+03,+3.584400E+04,+1.852206E+00,+1.685500E-03,+9.910000E+37,+3.135135E+03,+3.584400E+04,-4.883289E-03,+0.000000E+00,+9.910000E+37,+3.135202E+03,+3.584400E+04
13:22:38,0e0,+1.867594E+00,+1.700000E-03,+9.910000E+37,+3.135428E+03,+3.584400E+04,+1.867044E+00,+1.700000E-03,+9.910000E+37,+3.135494E+03,+3.584400E+04,+1.867545E+00,+1.700000E-03,+9.910000E+37,+3.135561E+03,+3.584400E+04,-4.109561E-03,+0.000000E+00,+9.910000E+37,+3.135627E+03,+3.584400E+04
13:22:38,0e0,+1.884075E+00,+1.714000E-03,+9.910000E+37,+3.135853E+03,+3.584400E+04,+1.883255E+00,+1.714000E-03,+9.910000E+37,+3.135919E+03,+3.584400E+04,+1.882707E+00,+1.714000E-03,+9.910000E+37,+3.135986E+03,+3.584400E+04,-3.836229E-03,+0.000000E+00,+9.910000E+37,+3.136054E+03,+3.584400E+04
13:22:38,0e0,+1.899782E+00,+1.728500E-03,+9.910000E+37,+3.136278E+03,+3.584400E+04,+1.899642E+00,+1.728500E-03,+9.910000E+37,+3.136345E+03,+3.584400E+04,+1.899737E+00,+1.728500E-03,+9.910000E+37,+3.136411E+03,+3.584400E+04,-3.927305E-03,+0.000000E+00,+9.910000E+37,+3.136479E+03,+3.584400E+04
13:22:38,0e0,+1.916126E+00,+1.742500E-03,+9.910000E+37,+3.136703E+03,+3.584400E+04,+1.913799E+00,+1.742500E-03,+9.910000E+37,+3.136770E+03,+3.584400E+04,+1.916308E+00,+1.742500E-03,+9.910000E+37,+3.136837E+03,+3.584400E+04,-4.428163E-03,+0.000000E+00,+9.910000E+37,+3.136902E+03,+3.584400E+04
13:22:38,0e0,+1.931878E+00,+1.757000E-03,+9.910000E+37,+3.137127E+03,+3.584400E+04,+1.931878E+00,+1.757000E-03,+9.910000E+37,+3.137194E+03,+3.584400E+04,+1.930509E+00,+1.757000E-03,+9.910000E+37,+3.137262E+03,+3.584400E+04,-4.109353E-03,+0.000000E+00,+9.910000E+37,+3.137327E+03,+3.584400E+04
13:22:38,0e0,+1.947904E+00,+1.771500E-03,+9.910000E+37,+3.137553E+03,+3.584400E+04,+1.948131E+00,+1.771500E-03,+9.910000E+37,+3.137620E+03,+3.584400E+04,+1.947857E+00,+1.771500E-03,+9.910000E+37,+3.137687E+03,+3.584400E+04,-5.521119E-03,+0.000000E+00,+9.910000E+37,+3.137752E+03,+3.584400E+04
13:22:38,0e0,+1.963885E+00,+1.785500E-03,+9.910000E+37,+3.137977E+03,+3.584400E+04,+1.963248E+00,+1.785500E-03,+9.910000E+37,+3.138044E+03,+3.584400E+04,+1.964159E+00,+1.785500E-03,+9.910000E+37,+3.138111E+03,+3.584400E+04,-5.293399E-03,+0.000000E+00,+9.910000E+37,+3.138177E+03,+3.584400E+04
13:22:38,0e0,+1.980273E+00,+1.800000E-03,+9.910000E+37,+3.138401E+03,+3.584400E+04,+1.980549E+00,+1.800000E-03,+9.910000E+37,+3.138469E+03,+3.584400E+04,+1.978769E+00,+1.800000E-03,+9.910000E+37,+3.138534E+03,+3.584400E+04,-3.745243E-03,+0.000000E+00,+9.910000E+37,+3.138601E+03,+3.584400E+04
13:22:38,0e0,+1.994158E+00,+1.814000E-03,+9.910000E+37,+3.138825E+03,+3.584400E+04,+1.996346E+00,+1.814000E-03,+9.910000E+37,+3.138892E+03,+3.584400E+04,+1.996619E+00,+1.814000E-03,+9.910000E+37,+3.138958E+03,+3.584400E+04,-3.335342E-03,+0.000000E+00,+9.910000E+37,+3.139025E+03,+3.584400E+04
13:22:38,0e0,+2.011182E+00,+1.828500E-03,+9.910000E+37,+3.139250E+03,+3.584400E+04,+2.009953E+00,+1.828500E-03,+9.910000E+37,+3.139316E+03,+3.584400E+04,+2.010958E+00,+1.828500E-03,+9.910000E+37,+3.139384E+03,+3.584400E+04,-4.428625E-03,+0.000000E+00,+9.910000E+37,+3.139449E+03,+3.584400E+04
13:22:38,0e0,+2.027255E+00,+1.842500E-03,+9.910000E+37,+3.139676E+03,+3.584400E+04,+2.027575E+00,+1.842500E-03,+9.910000E+37,+3.139743E+03,+3.584400E+04,+2.026892E+00,+1.842500E-03,+9.910000E+37,+3.139809E+03,+3.584400E+04,-4.929379E-03,+0.000000E+00,+9.910000E+37,+3.139875E+03,+3.584400E+04
13:22:38,0e0,+2.042874E+00,+1.857000E-03,+9.910000E+37,+3.140099E+03,+3.584400E+04,+2.042826E+00,+1.857000E-03,+9.910000E+37,+3.140166E+03,+3.584400E+04,+2.043238E+00,+1.857000E-03,+9.910000E+37,+3.140231E+03,+3.584400E+04,-2.789006E-03,+0.000000E+00,+9.910000E+37,+3.140298E+03,+3.584400E+04
13:22:38,0e0,+2.058533E+00,+1.871500E-03,+9.910000E+37,+3.140522E+03,+3.584400E+04,+2.058762E+00,+1.871500E-03,+9.910000E+37,+3.140589E+03,+3.584400E+04,+2.058399E+00,+1.871500E-03,+9.910000E+37,+3.140656E+03,+3.584400E+04,-4.018515E-03,+0.000000E+00,+9.910000E+37,+3.140722E+03,+3.584400E+04
13:22:38,0e0,+2.074786E+00,+1.885500E-03,+9.910000E+37,+3.140946E+03,+3.584400E+04,+2.074151E+00,+1.885500E-03,+9.910000E+37,+3.141014E+03,+3.584400E+04,+2.075880E+00,+1.885500E-03,+9.910000E+37,+3.141079E+03,+3.584400E+04,-2.697989E-03,+0.000000E+00,+9.910000E+37,+3.141146E+03,+3.584400E+04
13:22:38,0e0,+2.090038E+00,+1.900000E-03,+9.910000E+37,+3.141370E+03,+3.584400E+04,+2.090993E+00,+1.900000E-03,+9.910000E+37,+3.141438E+03,+3.584400E+04,+2.088758E+00,+1.900000E-03,+9.910000E+37,+3.141503E+03,+3.584400E+04,-3.836364E-03,+0.000000E+00,+9.910000E+37,+3.141569E+03,+3.584400E+04
13:22:38,0e0,+2.105471E+00,+1.914000E-03,+9.910000E+37,+3.141794E+03,+3.584400E+04,+2.106247E+00,+1.914000E-03,+9.910000E+37,+3.141861E+03,+3.584400E+04,+2.106291E+00,+1.914000E-03,+9.910000E+37,+3.141928E+03,+3.584400E+04,-3.790960E-03,+0.000000E+00,+9.910000E+37,+3.141994E+03,+3.584400E+04
13:22:38,0e0,+2.123182E+00,+1.928500E-03,+9.910000E+37,+3.142219E+03,+3.584400E+04,+2.122136E+00,+1.928500E-03,+9.910000E+37,+3.142285E+03,+3.584400E+04,+2.122820E+00,+1.928500E-03,+9.910000E+37,+3.142352E+03,+3.584400E+04,-3.608599E-03,+0.000000E+00,+9.910000E+37,+3.142419E+03,+3.584400E+04
13:22:38,0e0,+2.136882E+00,+1.942500E-03,+9.910000E+37,+3.142643E+03,+3.584400E+04,+2.138071E+00,+1.942500E-03,+9.910000E+37,+3.142710E+03,+3.584400E+04,+2.138299E+00,+1.942500E-03,+9.910000E+37,+3.142776E+03,+3.584400E+04,-3.517613E-03,+0.000000E+00,+9.910000E+37,+3.142843E+03,+3.584400E+04
13:22:38,0e0,+2.153914E+00,+1.957000E-03,+9.910000E+37,+3.143069E+03,+3.584400E+04,+2.154642E+00,+1.957000E-03,+9.910000E+37,+3.143135E+03,+3.584400E+04,+2.152906E+00,+1.957000E-03,+9.910000E+37,+3.143201E+03,+3.584400E+04,-2.789125E-03,+0.000000E+00,+9.910000E+37,+3.143269E+03,+3.584400E+04
13:22:38,0e0,+2.171396E+00,+1.971500E-03,+9.910000E+37,+3.143493E+03,+3.584400E+04,+2.170031E+00,+1.971500E-03,+9.910000E+37,+3.143560E+03,+3.584400E+04,+2.170396E+00,+1.971500E-03,+9.910000E+37,+3.143627E+03,+3.584400E+04,-2.789095E-03,+0.000000E+00,+9.910000E+37,+3.143694E+03,+3.584400E+04
13:22:38,0e0,+2.185920E+00,+1.985500E-03,+9.910000E+37,+3.143919E+03,+3.584400E+04,+2.185366E+00,+1.985500E-03,+9.910000E+37,+3.143985E+03,+3.584400E+04,+2.186373E+00,+1.985500E-03,+9.910000E+37,+3.144053E+03,+3.584400E+04,-2.288297E-03,+0.000000E+00,+9.910000E+37,+3.144118E+03,+3.584400E+04
13:22:38,0e0,+2.200802E+00,+2.000000E-03,+9.910000E+37,+3.144344E+03,+3.584400E+04,+2.201759E+00,+2.000000E-03,+9.910000E+37,+3.144410E+03,+3.584400E+04,+2.203264E+00,+2.000000E-03,+9.910000E+37,+3.144477E+03,+3.584400E+04,-3.517538E-03,+0.000000E+00,+9.910000E+37,+3.144544E+03,+3.584400E+04
13:22:38,0e0,+2.216007E+00,+2.014000E-03,+9.910000E+37,+3.144769E+03,+3.584400E+04,+2.217377E+00,+2.014000E-03,+9.910000E+37,+3.144836E+03,+3.584400E+04,+2.216967E+00,+2.014000E-03,+9.910000E+37,+3.144901E+03,+3.584400E+04,-2.789006E-03,+0.000000E+00,+9.910000E+37,+3.144969E+03,+3.584400E+04
13:22:38,0e0,+2.233175E+00,+2.028500E-03,+9.910000E+37,+3.145193E+03,+3.584400E+04,+2.232033E+00,+2.028500E-03,+9.910000E+37,+3.145260E+03,+3.584400E+04,+2.233494E+00,+2.028500E-03,+9.910000E+37,+3.145326E+03,+3.584400E+04,-4.200548E-03,+0.000000E+00,+9.910000E+37,+3.145393E+03,+3.584400E+04
13:22:38,0e0,+2.247329E+00,+2.042500E-03,+9.910000E+37,+3.145618E+03,+3.584400E+04,+2.247284E+00,+2.042500E-03,+9.910000E+37,+3.145685E+03,+3.584400E+04,+2.248927E+00,+2.042500E-03,+9.910000E+37,+3.145752E+03,+3.584400E+04,-2.470553E-03,+0.000000E+00,+9.910000E+37,+3.145818E+03,+3.584400E+04
13:22:38,0e0,+2.265226E+00,+2.057000E-03,+9.910000E+37,+3.146045E+03,+3.584400E+04,+2.266316E+00,+2.057000E-03,+9.910000E+37,+3.146110E+03,+3.584400E+04,+2.265681E+00,+2.057000E-03,+9.910000E+37,+3.146178E+03,+3.584400E+04,-3.472030E-03,+0.000000E+00,+9.910000E+37,+3.146243E+03,+3.584400E+04
13:22:38,0e0,+2.280107E+00,+2.071500E-03,+9.910000E+37,+3.146468E+03,+3.584400E+04,+2.282117E+00,+2.071500E-03,+9.910000E+37,+3.146534E+03,+3.584400E+04,+2.283348E+00,+2.071500E-03,+9.910000E+37,+3.146601E+03,+3.584400E+04,-3.062263E-03,+0.000000E+00,+9.910000E+37,+3.146667E+03,+3.584400E+04
13:22:38,0e0,+2.297687E+00,+2.085500E-03,+9.910000E+37,+3.146893E+03,+3.584400E+04,+2.298918E+00,+2.085500E-03,+9.910000E+37,+3.146959E+03,+3.584400E+04,+2.298373E+00,+2.085500E-03,+9.910000E+37,+3.147025E+03,+3.584400E+04,-2.333701E-03,+0.000000E+00,+9.910000E+37,+3.147093E+03,+3.584400E+04
13:22:38,0e0,+2.313302E+00,+2.100000E-03,+9.910000E+37,+3.147317E+03,+3.584400E+04,+2.313439E+00,+2.100000E-03,+9.910000E+37,+3.147385E+03,+3.584400E+04,+2.313260E+00,+2.100000E-03,+9.910000E+37,+3.147450E+03,+3.584400E+04,-3.153354E-03,+0.000000E+00,+9.910000E+37,+3.147517E+03,+3.584400E+04
13:22:38,0e0,+2.329465E+00,+2.114000E-03,+9.910000E+37,+3.147741E+03,+3.584400E+04,+2.328054E+00,+2.114000E-03,+9.910000E+37,+3.147809E+03,+3.584400E+04,+2.329191E+00,+2.114000E-03,+9.910000E+37,+3.147874E+03,+3.584400E+04,-4.246548E-03,+0.000000E+00,+9.910000E+37,+3.147941E+03,+3.584400E+04
13:22:38,0e0,+2.344761E+00,+2.128500E-03,+9.910000E+37,+3.148165E+03,+3.584400E+04,+2.346357E+00,+2.128500E-03,+9.910000E+37,+3.148231E+03,+3.584400E+04,+2.345265E+00,+2.128500E-03,+9.910000E+37,+3.148298E+03,+3.584400E+04,-3.380999E-03,+0.000000E+00,+9.910000E+37,+3.148364E+03,+3.584400E+04
13:22:38,0e0,+2.360194E+00,+2.142500E-03,+9.910000E+37,+3.148590E+03,+3.584400E+04,+2.360879E+00,+2.142500E-03,+9.910000E+37,+3.148656E+03,+3.584400E+04,+2.360834E+00,+2.142500E-03,+9.910000E+37,+3.148723E+03,+3.584400E+04,-3.654242E-03,+0.000000E+00,+9.910000E+37,+3.148789E+03,+3.584400E+04
13:22:38,0e0,+2.376127E+00,+2.157000E-03,+9.910000E+37,+3.149016E+03,+3.584400E+04,+2.377178E+00,+2.157000E-03,+9.910000E+37,+3.149082E+03,+3.584400E+04,+2.376127E+00,+2.157000E-03,+9.910000E+37,+3.149148E+03,+3.584400E+04,-1.514390E-03,+0.000000E+00,+9.910000E+37,+3.149215E+03,+3.584400E+04
13:22:38,0e0,+2.392200E+00,+2.171500E-03,+9.910000E+37,+3.149441E+03,+3.584400E+04,+2.392974E+00,+2.171500E-03,+9.910000E+37,+3.149509E+03,+3.584400E+04,+2.392658E+00,+2.171500E-03,+9.910000E+37,+3.149574E+03,+3.584400E+04,-1.468912E-03,+0.000000E+00,+9.910000E+37,+3.149641E+03,+3.584400E+04
13:22:38,0e0,+2.406996E+00,+2.185500E-03,+9.910000E+37,+3.149866E+03,+3.584400E+04,+2.406946E+00,+2.185500E-03,+9.910000E+37,+3.149934E+03,+3.584400E+04,+2.408180E+00,+2.185500E-03,+9.910000E+37,+3.150000E+03,+3.584400E+04,-3.699705E-03,+0.000000E+00,+9.910000E+37,+3.150066E+03,+3.584400E+04
13:22:38,0e0,+2.424480E+00,+2.200000E-03,+9.910000E+37,+3.150290E+03,+3.584400E+04,+2.424979E+00,+2.200000E-03,+9.910000E+37,+3.150357E+03,+3.584400E+04,+2.423975E+00,+2.200000E-03,+9.910000E+37,+3.150423E+03,+3.584400E+04,-4.292011E-03,+0.000000E+00,+9.910000E+37,+3.150489E+03,+3.584400E+04
13:22:38,0e0,+2.439869E+00,+2.214000E-03,+9.910000E+37,+3.150715E+03,+3.584400E+04,+2.440459E+00,+2.214000E-03,+9.910000E+37,+3.150780E+03,+3.584400E+04,+2.442189E+00,+2.214000E-03,+9.910000E+37,+3.150848E+03,+3.584400E+04,-2.880126E-03,+0.000000E+00,+9.910000E+37,+3.150915E+03,+3.584400E+04
13:22:38,0e0,+2.456393E+00,+2.228500E-03,+9.910000E+37,+3.151141E+03,+3.584400E+04,+2.456486E+00,+2.228500E-03,+9.910000E+37,+3.151208E+03,+3.584400E+04,+2.457165E+00,+2.228500E-03,+9.910000E+37,+3.151273E+03,+3.584400E+04,-2.379328E-03,+0.000000E+00,+9.910000E+37,+3.151340E+03,+3.584400E+04
13:22:38,0e0,+2.472968E+00,+2.242500E-03,+9.910000E+37,+3.151564E+03,+3.584400E+04,+2.471236E+00,+2.242500E-03,+9.910000E+37,+3.151631E+03,+3.584400E+04,+2.471643E+00,+2.242500E-03,+9.910000E+37,+3.151697E+03,+3.584400E+04,-4.064322E-03,+0.000000E+00,+9.910000E+37,+3.151764E+03,+3.584400E+04
13:22:38,0e0,+2.488761E+00,+2.257000E-03,+9.910000E+37,+3.151991E+03,+3.584400E+04,+2.488946E+00,+2.257000E-03,+9.910000E+37,+3.152059E+03,+3.584400E+04,+2.489035E+00,+2.257000E-03,+9.910000E+37,+3.152124E+03,+3.584400E+04,-2.652675E-03,+0.000000E+00,+9.910000E+37,+3.152191E+03,+3.584400E+04
13:22:38,0e0,+2.503969E+00,+2.271500E-03,+9.910000E+37,+3.152415E+03,+3.584400E+04,+2.504926E+00,+2.271500E-03,+9.910000E+37,+3.152481E+03,+3.584400E+04,+2.504970E+00,+2.271500E-03,+9.910000E+37,+3.152548E+03,+3.584400E+04,-2.880067E-03,+0.000000E+00,+9.910000E+37,+3.152614E+03,+3.584400E+04
13:22:38,0e0,+2.519220E+00,+2.285500E-03,+9.910000E+37,+3.152840E+03,+3.584400E+04,+2.519541E+00,+2.285500E-03,+9.910000E+37,+3.152905E+03,+3.584400E+04,+2.519812E+00,+2.285500E-03,+9.910000E+37,+3.152973E+03,+3.584400E+04,-2.197400E-03,+0.000000E+00,+9.910000E+37,+3.153038E+03,+3.584400E+04
13:22:38,0e0,+2.535699E+00,+2.300000E-03,+9.910000E+37,+3.153263E+03,+3.584400E+04,+2.535974E+00,+2.300000E-03,+9.910000E+37,+3.153329E+03,+3.584400E+04,+2.535378E+00,+2.300000E-03,+9.910000E+37,+3.153396E+03,+3.584400E+04,-2.060741E-03,+0.000000E+00,+9.910000E+37,+3.153463E+03,+3.584400E+04
13:22:38,0e0,+2.551636E+00,+2.314000E-03,+9.910000E+37,+3.153687E+03,+3.584400E+04,+2.551724E+00,+2.314000E-03,+9.910000E+37,+3.153752E+03,+3.584400E+04,+2.551911E+00,+2.314000E-03,+9.910000E+37,+3.153819E+03,+3.584400E+04,-2.151772E-03,+0.000000E+00,+9.910000E+37,+3.153886E+03,+3.584400E+04
13:22:38,0e0,+2.566565E+00,+2.328500E-03,+9.910000E+37,+3.154110E+03,+3.584400E+04,+2.567569E+00,+2.328500E-03,+9.910000E+37,+3.154176E+03,+3.584400E+04,+2.567156E+00,+2.328500E-03,+9.910000E+37,+3.154243E+03,+3.584400E+04,-2.106249E-03,+0.000000E+00,+9.910000E+37,+3.154310E+03,+3.584400E+04
13:22:38,0e0,+2.583187E+00,+2.342500E-03,+9.910000E+37,+3.154534E+03,+3.584400E+04,+2.584644E+00,+2.342500E-03,+9.910000E+37,+3.154600E+03,+3.584400E+04,+2.582133E+00,+2.342500E-03,+9.910000E+37,+3.154667E+03,+3.584400E+04,-3.381029E-03,+0.000000E+00,+9.910000E+37,+3.154733E+03,+3.584400E+04
13:22:38,0e0,+2.599120E+00,+2.357000E-03,+9.910000E+37,+3.154958E+03,+3.584400E+04,+2.599301E+00,+2.357000E-03,+9.910000E+37,+3.155025E+03,+3.584400E+04,+2.599667E+00,+2.357000E-03,+9.910000E+37,+3.155092E+03,+3.584400E+04,-5.020469E-03,+0.000000E+00,+9.910000E+37,+3.155158E+03,+3.584400E+04
13:22:38,0e0,+2.616785E+00,+2.371500E-03,+9.910000E+37,+3.155384E+03,+3.584400E+04,+2.616645E+00,+2.371500E-03,+9.910000E+37,+3.155449E+03,+3.584400E+04,+2.615013E+00,+2.371500E-03,+9.910000E+37,+3.155517E+03,+3.584400E+04,-2.652615E-03,+0.000000E+00,+9.910000E+37,+3.155582E+03,+3.584400E+04
13:22:38,0e0,+2.630626E+00,+2.385500E-03,+9.910000E+37,+3.155807E+03,+3.584400E+04,+2.630806E+00,+2.385500E-03,+9.910000E+37,+3.155873E+03,+3.584400E+04,+2.631763E+00,+2.385500E-03,+9.910000E+37,+3.155939E+03,+3.584400E+04,-3.881916E-03,+0.000000E+00,+9.910000E+37,+3.156006E+03,+3.584400E+04
13:22:38,0e0,+2.647383E+00,+2.400000E-03,+9.910000E+37,+3.156233E+03,+3.584400E+04,+2.646788E+00,+2.400000E-03,+9.910000E+37,+3.156299E+03,+3.584400E+04,+2.648156E+00,+2.400000E-03,+9.910000E+37,+3.156366E+03,+3.584400E+04,-3.335565E-03,+0.000000E+00,+9.910000E+37,+3.156434E+03,+3.584400E+04
13:22:38,0e0,+2.662721E+00,+2.414000E-03,+9.910000E+37,+3.156658E+03,+3.584400E+04,+2.663042E+00,+2.414000E-03,+9.910000E+37,+3.156725E+03,+3.584400E+04,+2.662495E+00,+2.414000E-03,+9.910000E+37,+3.156791E+03,+3.584400E+04,-3.335446E-03,+0.000000E+00,+9.910000E+37,+3.156857E+03,+3.584400E+04
13:22:38,0e0,+2.676966E+00,+2.428500E-03,+9.910000E+37,+3.157083E+03,+3.584400E+04,+2.679339E+00,+2.428500E-03,+9.910000E+37,+3.157148E+03,+3.584400E+04,+2.679246E+00,+2.428500E-03,+9.910000E+37,+3.157215E+03,+3.584400E+04,-3.016904E-03,+0.000000E+00,+9.910000E+37,+3.157282E+03,+3.584400E+04
13:22:38,0e0,+2.695093E+00,+2.442500E-03,+9.910000E+37,+3.157507E+03,+3.584400E+04,+2.694635E+00,+2.442500E-03,+9.910000E+37,+3.157574E+03,+3.584400E+04,+2.694449E+00,+2.442500E-03,+9.910000E+37,+3.157640E+03,+3.584400E+04,-2.425015E-03,+0.000000E+00,+9.910000E+37,+3.157706E+03,+3.584400E+04
13:22:38,0e0,+2.710888E+00,+2.457000E-03,+9.910000E+37,+3.157933E+03,+3.584400E+04,+2.710931E+00,+2.457000E-03,+9.910000E+37,+3.157999E+03,+3.584400E+04,+2.711344E+00,+2.457000E-03,+9.910000E+37,+3.158066E+03,+3.584400E+04,-4.337698E-03,+0.000000E+00,+9.910000E+37,+3.158132E+03,+3.584400E+04
13:22:38,0e0,+2.728100E+00,+2.471500E-03,+9.910000E+37,+3.158356E+03,+3.584400E+04,+2.726731E+00,+2.471500E-03,+9.910000E+37,+3.158424E+03,+3.584400E+04,+2.729100E+00,+2.471500E-03,+9.910000E+37,+3.158489E+03,+3.584400E+04,-4.109353E-03,+0.000000E+00,+9.910000E+37,+3.158556E+03,+3.584400E+04
13:22:38,0e0,+2.742115E+00,+2.485500E-03,+9.910000E+37,+3.158781E+03,+3.584400E+04,+2.740246E+00,+2.485500E-03,+9.910000E+37,+3.158848E+03,+3.584400E+04,+2.742620E+00,+2.485500E-03,+9.910000E+37,+3.158915E+03,+3.584400E+04,-3.198951E-03,+0.000000E+00,+9.910000E+37,+3.158981E+03,+3.584400E+04
13:22:38,0e0,+2.759146E+00,+2.500000E-03,+9.910000E+37,+3.159206E+03,+3.584400E+04,+2.759331E+00,+2.500000E-03,+9.910000E+37,+3.159272E+03,+3.584400E+04,+2.758601E+00,+2.500000E-03,+9.910000E+37,+3.159340E+03,+3.584400E+04,-3.973007E-03,+0.000000E+00,+9.910000E+37,+3.159407E+03,+3.584400E+04
13:22:38,0e0,+2.775172E+00,+2.514000E-03,+9.910000E+37,+3.159632E+03,+3.584400E+04,+2.774537E+00,+2.514000E-03,+9.910000E+37,+3.159699E+03,+3.584400E+04,+2.775766E+00,+2.514000E-03,+9.910000E+37,+3.159765E+03,+3.584400E+04,-3.517672E-03,+0.000000E+00,+9.910000E+37,+3.159831E+03,+3.584400E+04
13:22:38,0e0,+2.790744E+00,+2.528500E-03,+9.910000E+37,+3.160058E+03,+3.584400E+04,+2.790426E+00,+2.528500E-03,+9.910000E+37,+3.160124E+03,+3.584400E+04,+2.790055E+00,+2.528500E-03,+9.910000E+37,+3.160191E+03,+3.584400E+04,-3.881633E-03,+0.000000E+00,+9.910000E+37,+3.160258E+03,+3.584400E+04
13:22:38,0e0,+2.806544E+00,+2.542500E-03,+9.910000E+37,+3.160482E+03,+3.584400E+04,+2.806952E+00,+2.542500E-03,+9.910000E+37,+3.160550E+03,+3.584400E+04,+2.806314E+00,+2.542500E-03,+9.910000E+37,+3.160615E+03,+3.584400E+04,-2.333790E-03,+0.000000E+00,+9.910000E+37,+3.160682E+03,+3.584400E+04
13:22:38,0e0,+2.822291E+00,+2.557000E-03,+9.910000E+37,+3.160905E+03,+3.584400E+04,+2.823022E+00,+2.557000E-03,+9.910000E+37,+3.160972E+03,+3.584400E+04,+2.823843E+00,+2.557000E-03,+9.910000E+37,+3.161039E+03,+3.584400E+04,-4.109621E-03,+0.000000E+00,+9.910000E+37,+3.161105E+03,+3.584400E+04
13:22:38,0e0,+2.838775E+00,+2.571500E-03,+9.910000E+37,+3.161330E+03,+3.584400E+04,+2.839276E+00,+2.571500E-03,+9.910000E+37,+3.161396E+03,+3.584400E+04,+2.839410E+00,+2.571500E-03,+9.910000E+37,+3.161464E+03,+3.584400E+04,-1.514241E-03,+0.000000E+00,+9.910000E+37,+3.161531E+03,+3.584400E+04
13:22:38,0e0,+2.854393E+00,+2.585500E-03,+9.910000E+37,+3.161757E+03,+3.584400E+04,+2.855208E+00,+2.585500E-03,+9.910000E+37,+3.161822E+03,+3.584400E+04,+2.854291E+00,+2.585500E-03,+9.910000E+37,+3.161890E+03,+3.584400E+04,-3.608763E-03,+0.000000E+00,+9.910000E+37,+3.161957E+03,+3.584400E+04
13:22:38,0e0,+2.871191E+00,+2.600000E-03,+9.910000E+37,+3.162182E+03,+3.584400E+04,+2.871278E+00,+2.600000E-03,+9.910000E+37,+3.162248E+03,+3.584400E+04,+2.872142E+00,+2.600000E-03,+9.910000E+37,+3.162315E+03,+3.584400E+04,-3.016844E-03,+0.000000E+00,+9.910000E+37,+3.162382E+03,+3.584400E+04
13:22:38,0e0,+2.886164E+00,+2.614000E-03,+9.910000E+37,+3.162607E+03,+3.584400E+04,+2.887123E+00,+2.614000E-03,+9.910000E+37,+3.162674E+03,+3.584400E+04,+2.886299E+00,+2.614000E-03,+9.910000E+37,+3.162741E+03,+3.584400E+04,-2.561525E-03,+0.000000E+00,+9.910000E+37,+3.162808E+03,+3.584400E+04
13:22:38,0e0,+2.903062E+00,+2.628500E-03,+9.910000E+37,+3.163034E+03,+3.584400E+04,+2.902694E+00,+2.628500E-03,+9.910000E+37,+3.163102E+03,+3.584400E+04,+2.904195E+00,+2.628500E-03,+9.910000E+37,+3.163167E+03,+3.584400E+04,-2.515927E-03,+0.000000E+00,+9.910000E+37,+3.163233E+03,+3.584400E+04
13:22:38,0e0,+2.917712E+00,+2.642500E-03,+9.910000E+37,+3.163458E+03,+3.584400E+04,+2.918675E+00,+2.642500E-03,+9.910000E+37,+3.163525E+03,+3.584400E+04,+2.919721E+00,+2.642500E-03,+9.910000E+37,+3.163591E+03,+3.584400E+04,-3.881842E-03,+0.000000E+00,+9.910000E+37,+3.163657E+03,+3.584400E+04
13:22:38,0e0,+2.935200E+00,+2.657000E-03,+9.910000E+37,+3.163881E+03,+3.584400E+04,+2.934835E+00,+2.657000E-03,+9.910000E+37,+3.163948E+03,+3.584400E+04,+2.936519E+00,+2.657000E-03,+9.910000E+37,+3.164014E+03,+3.584400E+04,-2.425015E-03,+0.000000E+00,+9.910000E+37,+3.164080E+03,+3.584400E+04
13:22:38,0e0,+2.949127E+00,+2.671500E-03,+9.910000E+37,+3.164305E+03,+3.584400E+04,+2.951499E+00,+2.671500E-03,+9.910000E+37,+3.164371E+03,+3.584400E+04,+2.951682E+00,+2.671500E-03,+9.910000E+37,+3.164438E+03,+3.584400E+04,-2.561480E-03,+0.000000E+00,+9.910000E+37,+3.164506E+03,+3.584400E+04
13:22:38,0e0,+2.965059E+00,+2.685500E-03,+9.910000E+37,+3.164730E+03,+3.584400E+04,+2.965376E+00,+2.685500E-03,+9.910000E+37,+3.164798E+03,+3.584400E+04,+2.967745E+00,+2.685500E-03,+9.910000E+37,+3.164863E+03,+3.584400E+04,-3.881887E-03,+0.000000E+00,+9.910000E+37,+3.164930E+03,+3.584400E+04
13:22:38,0e0,+2.982819E+00,+2.700000E-03,+9.910000E+37,+3.165154E+03,+3.584400E+04,+2.982084E+00,+2.700000E-03,+9.910000E+37,+3.165221E+03,+3.584400E+04,+2.983962E+00,+2.700000E-03,+9.910000E+37,+3.165288E+03,+3.584400E+04,-3.335461E-03,+0.000000E+00,+9.910000E+37,+3.165354E+03,+3.584400E+04
13:22:38,0e0,+2.999442E+00,+2.714000E-03,+9.910000E+37,+3.165577E+03,+3.584400E+04,+2.998799E+00,+2.714000E-03,+9.910000E+37,+3.165644E+03,+3.584400E+04,+3.000395E+00,+2.714000E-03,+9.910000E+37,+3.165710E+03,+3.584400E+04,-3.335476E-03,+0.000000E+00,+9.910000E+37,+3.165776E+03,+3.584400E+04
13:22:38,0e0,+3.015146E+00,+2.728500E-03,+9.910000E+37,+3.166000E+03,+3.584400E+04,+3.015465E+00,+2.728500E-03,+9.910000E+37,+3.166066E+03,+3.584400E+04,+3.015191E+00,+2.728500E-03,+9.910000E+37,+3.166134E+03,+3.584400E+04,-3.016874E-03,+0.000000E+00,+9.910000E+37,+3.166199E+03,+3.584400E+04
13:22:38,0e0,+3.029300E+00,+2.742500E-03,+9.910000E+37,+3.166424E+03,+3.584400E+04,+3.029707E+00,+2.742500E-03,+9.910000E+37,+3.166490E+03,+3.584400E+04,+3.031718E+00,+2.742500E-03,+9.910000E+37,+3.166558E+03,+3.584400E+04,-4.109457E-03,+0.000000E+00,+9.910000E+37,+3.166623E+03,+3.584400E+04
13:22:38,0e0,+3.047103E+00,+2.757000E-03,+9.910000E+37,+3.166850E+03,+3.584400E+04,+3.047518E+00,+2.757000E-03,+9.910000E+37,+3.166916E+03,+3.584400E+04,+3.047377E+00,+2.757000E-03,+9.910000E+37,+3.166983E+03,+3.584400E+04,-3.790647E-03,+0.000000E+00,+9.910000E+37,+3.167049E+03,+3.584400E+04
13:22:38,0e0,+3.062904E+00,+2.771500E-03,+9.910000E+37,+3.167273E+03,+3.584400E+04,+3.064586E+00,+2.771500E-03,+9.910000E+37,+3.167340E+03,+3.584400E+04,+3.063078E+00,+2.771500E-03,+9.910000E+37,+3.167406E+03,+3.584400E+04,-3.608778E-03,+0.000000E+00,+9.910000E+37,+3.167473E+03,+3.584400E+04
13:22:38,0e0,+3.079657E+00,+2.785500E-03,+9.910000E+37,+3.167697E+03,+3.584400E+04,+3.078883E+00,+2.785500E-03,+9.910000E+37,+3.167765E+03,+3.584400E+04,+3.079656E+00,+2.785500E-03,+9.910000E+37,+3.167830E+03,+3.584400E+04,-3.107950E-03,+0.000000E+00,+9.910000E+37,+3.167896E+03,+3.584400E+04
13:22:38,0e0,+3.093219E+00,+2.800000E-03,+9.910000E+37,+3.168121E+03,+3.584400E+04,+3.095000E+00,+2.800000E-03,+9.910000E+37,+3.168188E+03,+3.584400E+04,+3.094036E+00,+2.800000E-03,+9.910000E+37,+3.168256E+03,+3.584400E+04,-4.063994E-03,+0.000000E+00,+9.910000E+37,+3.168321E+03,+3.584400E+04
13:22:38,0e0,+3.109886E+00,+2.814000E-03,+9.910000E+37,+3.168545E+03,+3.584400E+04,+3.110978E+00,+2.814000E-03,+9.910000E+37,+3.168611E+03,+3.584400E+04,+3.110928E+00,+2.814000E-03,+9.910000E+37,+3.168678E+03,+3.584400E+04,-4.154965E-03,+0.000000E+00,+9.910000E+37,+3.168745E+03,+3.584400E+04
13:22:38,0e0,+3.127324E+00,+2.828500E-03,+9.910000E+37,+3.168971E+03,+3.584400E+04,+3.127598E+00,+2.828500E-03,+9.910000E+37,+3.169038E+03,+3.584400E+04,+3.127775E+00,+2.828500E-03,+9.910000E+37,+3.169104E+03,+3.584400E+04,-3.608733E-03,+0.000000E+00,+9.910000E+37,+3.169170E+03,+3.584400E+04
13:22:38,0e0,+3.142214E+00,+2.842500E-03,+9.910000E+37,+3.169395E+03,+3.584400E+04,+3.143258E+00,+2.842500E-03,+9.910000E+37,+3.169462E+03,+3.584400E+04,+3.143894E+00,+2.842500E-03,+9.910000E+37,+3.169527E+03,+3.584400E+04,-4.109532E-03,+0.000000E+00,+9.910000E+37,+3.169595E+03,+3.584400E+04
13:22:38,0e0,+3.159239E+00,+2.857000E-03,+9.910000E+37,+3.169821E+03,+3.584400E+04,+3.157592E+00,+2.857000E-03,+9.910000E+37,+3.169888E+03,+3.584400E+04,+3.160606E+00,+2.857000E-03,+9.910000E+37,+3.169955E+03,+3.584400E+04,-3.608659E-03,+0.000000E+00,+9.910000E+37,+3.170021E+03,+3.584400E+04
13:22:38,0e0,+3.174715E+00,+2.871500E-03,+9.910000E+37,+3.170244E+03,+3.584400E+04,+3.176306E+00,+2.871500E-03,+9.910000E+37,+3.170311E+03,+3.584400E+04,+3.176405E+00,+2.871500E-03,+9.910000E+37,+3.170378E+03,+3.584400E+04,-4.291475E-03,+0.000000E+00,+9.910000E+37,+3.170443E+03,+3.584400E+04
13:22:38,0e0,+3.190109E+00,+2.885500E-03,+9.910000E+37,+3.170670E+03,+3.584400E+04,+3.191926E+00,+2.885500E-03,+9.910000E+37,+3.170737E+03,+3.584400E+04,+3.191333E+00,+2.885500E-03,+9.910000E+37,+3.170804E+03,+3.584400E+04,-4.609957E-03,+0.000000E+00,+9.910000E+37,+3.170870E+03,+3.584400E+04
13:22:38,0e0,+3.206171E+00,+2.900000E-03,+9.910000E+37,+3.171096E+03,+3.584400E+04,+3.206717E+00,+2.900000E-03,+9.910000E+37,+3.171162E+03,+3.584400E+04,+3.208313E+00,+2.900000E-03,+9.910000E+37,+3.171229E+03,+3.584400E+04,-3.972709E-03,+0.000000E+00,+9.910000E+37,+3.171294E+03,+3.584400E+04
13:22:38,0e0,+3.222570E+00,+2.914000E-03,+9.910000E+37,+3.171521E+03,+3.584400E+04,+3.223155E+00,+2.914000E-03,+9.910000E+37,+3.171588E+03,+3.584400E+04,+3.224163E+00,+2.914000E-03,+9.910000E+37,+3.171653E+03,+3.584400E+04,-2.743676E-03,+0.000000E+00,+9.910000E+37,+3.171720E+03,+3.584400E+04
13:22:38,0e0,+3.238540E+00,+2.928500E-03,+9.910000E+37,+3.171945E+03,+3.584400E+04,+3.240185E+00,+2.928500E-03,+9.910000E+37,+3.172012E+03,+3.584400E+04,+3.240736E+00,+2.928500E-03,+9.910000E+37,+3.172079E+03,+3.584400E+04,-3.608674E-03,+0.000000E+00,+9.910000E+37,+3.172146E+03,+3.584400E+04
13:22:38,0e0,+3.255351E+00,+2.942500E-03,+9.910000E+37,+3.172369E+03,+3.584400E+04,+3.255114E+00,+2.942500E-03,+9.910000E+37,+3.172436E+03,+3.584400E+04,+3.257352E+00,+2.942500E-03,+9.910000E+37,+3.172502E+03,+3.584400E+04,-5.703494E-03,+0.000000E+00,+9.910000E+37,+3.172568E+03,+3.584400E+04
13:22:38,0e0,+3.272552E+00,+2.957000E-03,+9.910000E+37,+3.172793E+03,+3.584400E+04,+3.273011E+00,+2.957000E-03,+9.910000E+37,+3.172859E+03,+3.584400E+04,+3.273469E+00,+2.957000E-03,+9.910000E+37,+3.172927E+03,+3.584400E+04,-2.789378E-03,+0.000000E+00,+9.910000E+37,+3.172992E+03,+3.584400E+04
13:22:38,0e0,+3.289171E+00,+2.971500E-03,+9.910000E+37,+3.173216E+03,+3.584400E+04,+3.289715E+00,+2.971500E-03,+9.910000E+37,+3.173282E+03,+3.584400E+04,+3.290717E+00,+2.971500E-03,+9.910000E+37,+3.173350E+03,+3.584400E+04,-3.699988E-03,+0.000000E+00,+9.910000E+37,+3.173415E+03,+3.584400E+04
13:22:38,0e0,+3.304880E+00,+2.985500E-03,+9.910000E+37,+3.173640E+03,+3.584400E+04,+3.305473E+00,+2.985500E-03,+9.910000E+37,+3.173706E+03,+3.584400E+04,+3.304279E+00,+2.985500E-03,+9.910000E+37,+3.173773E+03,+3.584400E+04,-1.969606E-03,+0.000000E+00,+9.910000E+37,+3.173839E+03,+3.584400E+04
