11:52:52,0e0,-6.809814E-02,-1.300000E-07,+9.910000E+37,+1.930117E+02,+3.584400E+04,-6.736946E-02,-1.300000E-07,+9.910000E+37,+1.930781E+02,+3.584400E+04,-6.723291E-02,-1.300000E-07,+9.910000E+37,+1.931455E+02,+3.584400E+04,-4.533087E-02,+0.000000E+00,+9.910000E+37,+1.932129E+02,+3.584400E+04
11:52:52,0e0,+1.336064E+00,+1.415500E-05,+9.910000E+37,+1.934395E+02,+3.584400E+04,+1.339434E+00,+1.415500E-05,+9.910000E+37,+1.935059E+02,+3.584400E+04,+1.337794E+00,+1.415500E-05,+9.910000E+37,+1.935732E+02,+3.584400E+04,-4.719824E-02,+0.000000E+00,+9.910000E+37,+1.936396E+02,+3.584400E+04
11:52:52,0e0,+2.298369E+00,+2.844000E-05,+9.910000E+37,+1.938623E+02,+3.584400E+04,+2.300323E+00,+2.844000E-05,+9.910000E+37,+1.939297E+02,+3.584400E+04,+2.302694E+00,+2.844000E-05,+9.910000E+37,+1.939951E+02,+3.584400E+04,-4.660618E-02,+0.000000E+00,+9.910000E+37,+1.940615E+02,+3.584400E+04
11:52:52,0e0,+2.971629E+00,+4.272500E-05,+9.910000E+37,+1.942861E+02,+3.584400E+04,+2.974998E+00,+4.272500E-05,+9.910000E+37,+1.943525E+02,+3.584400E+04,+2.975998E+00,+4.272500E-05,+9.910000E+37,+1.944189E+02,+3.584400E+04,-4.628724E-02,+0.000000E+00,+9.910000E+37,+1.944854E+02,+3.584400E+04
11:52:52,0e0,+3.491937E+00,+5.701500E-05,+9.910000E+37,+1.947129E+02,+3.584400E+04,+3.497083E+00,+5.701500E-05,+9.910000E+37,+1.947783E+02,+3.584400E+04,+3.498357E+00,+5.701500E-05,+9.910000E+37,+1.948447E+02,+3.584400E+04,-4.501262E-02,+0.000000E+00,+9.910000E+37,+1.949111E+02,+3.584400E+04
11:52:52,0e0,+3.924597E+00,+7.130000E-05,+9.910000E+37,+1.951367E+02,+3.584400E+04,+3.930069E+00,+7.130000E-05,+9.910000E+37,+1.952031E+02,+3.584400E+04,+3.931471E+00,+7.130000E-05,+9.910000E+37,+1.952705E+02,+3.584400E+04,-4.615098E-02,+0.000000E+00,+9.910000E+37,+1.953359E+02,+3.584400E+04
11:52:52,0e0,+4.297699E+00,+8.558500E-05,+9.910000E+37,+1.955625E+02,+3.584400E+04,+4.303981E+00,+8.558500E-05,+9.910000E+37,+1.956289E+02,+3.584400E+04,+4.305893E+00,+8.558500E-05,+9.910000E+37,+1.956953E+02,+3.584400E+04,-4.605947E-02,+0.000000E+00,+9.910000E+37,+1.957627E+02,+3.584400E+04
11:52:52,0e0,+4.630733E+00,+9.987000E-05,+9.910000E+37,+1.959863E+02,+3.584400E+04,+4.634825E+00,+9.987000E-05,+9.910000E+37,+1.960527E+02,+3.584400E+04,+4.638291E+00,+9.987000E-05,+9.910000E+37,+1.961191E+02,+3.584400E+04,-4.605988E-02,+0.000000E+00,+9.910000E+37,+1.961855E+02,+3.584400E+04
11:52:52,0e0,+4.915771E+00,+1.141500E-04,+9.910000E+37,+1.964170E+02,+3.584400E+04,+4.922052E+00,+1.141500E-04,+9.910000E+37,+1.964834E+02,+3.584400E+04,+4.923144E+00,+1.141500E-04,+9.910000E+37,+1.965508E+02,+3.584400E+04,-5.207039E-02,+0.000000E+00,+9.910000E+37,+1.966162E+02,+3.584400E+04
11:52:52,0e0,+5.187651E+00,+1.284500E-04,+9.910000E+37,+1.968408E+02,+3.584400E+04,+5.194983E+00,+1.284500E-04,+9.910000E+37,+1.969082E+02,+3.584400E+04,+5.195256E+00,+1.284500E-04,+9.910000E+37,+1.969736E+02,+3.584400E+04,-5.421060E-02,+0.000000E+00,+9.910000E+37,+1.970410E+02,+3.584400E+04
11:52:52,0e0,+5.438630E+00,+1.427500E-04,+9.910000E+37,+1.972686E+02,+3.584400E+04,+5.443953E+00,+1.427500E-04,+9.910000E+37,+1.973350E+02,+3.584400E+04,+5.446916E+00,+1.427500E-04,+9.910000E+37,+1.974014E+02,+3.584400E+04,-5.316339E-02,+0.000000E+00,+9.910000E+37,+1.974687E+02,+3.584400E+04
11:52:52,0e0,+5.672537E+00,+1.570000E-04,+9.910000E+37,+1.976924E+02,+3.584400E+04,+5.678865E+00,+1.570000E-04,+9.910000E+37,+1.977588E+02,+3.584400E+04,+5.681235E+00,+1.570000E-04,+9.910000E+37,+1.978252E+02,+3.584400E+04,-5.357310E-02,+0.000000E+00,+9.910000E+37,+1.978926E+02,+3.584400E+04
11:52:52,0e0,+5.890428E+00,+1.713000E-04,+9.910000E+37,+1.981162E+02,+3.584400E+04,+5.897383E+00,+1.713000E-04,+9.910000E+37,+1.981826E+02,+3.584400E+04,+5.899160E+00,+1.713000E-04,+9.910000E+37,+1.982490E+02,+3.584400E+04,-5.184267E-02,+0.000000E+00,+9.910000E+37,+1.983164E+02,+3.584400E+04
11:52:52,0e0,+6.096766E+00,+1.856000E-04,+9.910000E+37,+1.985420E+02,+3.584400E+04,+6.103280E+00,+1.856000E-04,+9.910000E+37,+1.986074E+02,+3.584400E+04,+6.102956E+00,+1.856000E-04,+9.910000E+37,+1.986748E+02,+3.584400E+04,-5.339113E-02,+0.000000E+00,+9.910000E+37,+1.987412E+02,+3.584400E+04
11:52:52,0e0,+6.287968E+00,+1.998500E-04,+9.910000E+37,+1.989648E+02,+3.584400E+04,+6.297528E+00,+1.998500E-04,+9.910000E+37,+1.990312E+02,+3.584400E+04,+6.298665E+00,+1.998500E-04,+9.910000E+37,+1.990986E+02,+3.584400E+04,-5.279876E-02,+0.000000E+00,+9.910000E+37,+1.991650E+02,+3.584400E+04
11:52:52,0e0,+6.472525E+00,+2.141500E-04,+9.910000E+37,+1.993887E+02,+3.584400E+04,+6.480257E+00,+2.141500E-04,+9.910000E+37,+1.994551E+02,+3.584400E+04,+6.481482E+00,+2.141500E-04,+9.910000E+37,+1.995215E+02,+3.584400E+04,-5.275337E-02,+0.000000E+00,+9.910000E+37,+1.995879E+02,+3.584400E+04
11:52:52,0e0,+6.647363E+00,+2.284500E-04,+9.910000E+37,+1.998164E+02,+3.584400E+04,+6.652315E+00,+2.284500E-04,+9.910000E+37,+1.998828E+02,+3.584400E+04,+6.654737E+00,+2.284500E-04,+9.910000E+37,+1.999502E+02,+3.584400E+04,-5.252567E-02,+0.000000E+00,+9.910000E+37,+2.000156E+02,+3.584400E+04
11:52:52,0e0,+6.810734E+00,+2.427500E-04,+9.910000E+37,+2.002373E+02,+3.584400E+04,+6.818383E+00,+2.427500E-04,+9.910000E+37,+2.003037E+02,+3.584400E+04,+6.820574E+00,+2.427500E-04,+9.910000E+37,+2.003711E+02,+3.584400E+04,-5.220702E-02,+0.000000E+00,+9.910000E+37,+2.004375E+02,+3.584400E+04
11:52:52,0e0,+6.967005E+00,+2.570000E-04,+9.910000E+37,+2.006582E+02,+3.584400E+04,+6.974281E+00,+2.570000E-04,+9.910000E+37,+2.007256E+02,+3.584400E+04,+6.976614E+00,+2.570000E-04,+9.910000E+37,+2.007910E+02,+3.584400E+04,-5.316323E-02,+0.000000E+00,+9.910000E+37,+2.008574E+02,+3.584400E+04
11:52:52,0e0,+7.116121E+00,+2.713000E-04,+9.910000E+37,+2.010791E+02,+3.584400E+04,+7.123776E+00,+2.713000E-04,+9.910000E+37,+2.011455E+02,+3.584400E+04,+7.125693E+00,+2.713000E-04,+9.910000E+37,+2.012119E+02,+3.584400E+04,-5.147833E-02,+0.000000E+00,+9.910000E+37,+2.012793E+02,+3.584400E+04
11:52:52,0e0,+7.258779E+00,+2.856000E-04,+9.910000E+37,+2.015020E+02,+3.584400E+04,+7.266936E+00,+2.856000E-04,+9.910000E+37,+2.015693E+02,+3.584400E+04,+7.267339E+00,+2.856000E-04,+9.910000E+37,+2.016357E+02,+3.584400E+04,-5.125068E-02,+0.000000E+00,+9.910000E+37,+2.017031E+02,+3.584400E+04
11:52:52,0e0,+7.393650E+00,+2.998500E-04,+9.910000E+37,+2.019287E+02,+3.584400E+04,+7.401762E+00,+2.998500E-04,+9.910000E+37,+2.019951E+02,+3.584400E+04,+7.402168E+00,+2.998500E-04,+9.910000E+37,+2.020625E+02,+3.584400E+04,-5.225265E-02,+0.000000E+00,+9.910000E+37,+2.021289E+02,+3.584400E+04
11:52:52,0e0,+7.522602E+00,+3.141500E-04,+9.910000E+37,+2.023564E+02,+3.584400E+04,+7.531761E+00,+3.141500E-04,+9.910000E+37,+2.024229E+02,+3.584400E+04,+7.532027E+00,+3.141500E-04,+9.910000E+37,+2.024893E+02,+3.584400E+04,-5.188799E-02,+0.000000E+00,+9.910000E+37,+2.025566E+02,+3.584400E+04
11:52:52,0e0,+7.644533E+00,+3.284500E-04,+9.910000E+37,+2.027783E+02,+3.584400E+04,+7.653648E+00,+3.284500E-04,+9.910000E+37,+2.028457E+02,+3.584400E+04,+7.653960E+00,+3.284500E-04,+9.910000E+37,+2.029111E+02,+3.584400E+04,-5.216156E-02,+0.000000E+00,+9.910000E+37,+2.029766E+02,+3.584400E+04
11:52:52,0e0,+7.761702E+00,+3.427500E-04,+9.910000E+37,+2.032021E+02,+3.584400E+04,+7.769671E+00,+3.427500E-04,+9.910000E+37,+2.032686E+02,+3.584400E+04,+7.771260E+00,+3.427500E-04,+9.910000E+37,+2.033350E+02,+3.584400E+04,-5.275349E-02,+0.000000E+00,+9.910000E+37,+2.034023E+02,+3.584400E+04
11:52:52,0e0,+7.872206E+00,+3.570000E-04,+9.910000E+37,+2.036299E+02,+3.584400E+04,+7.880133E+00,+3.570000E-04,+9.910000E+37,+2.036963E+02,+3.584400E+04,+7.880448E+00,+3.570000E-04,+9.910000E+37,+2.037637E+02,+3.584400E+04,-5.302691E-02,+0.000000E+00,+9.910000E+37,+2.038301E+02,+3.584400E+04
11:52:52,0e0,+7.974071E+00,+3.713000E-04,+9.910000E+37,+2.040508E+02,+3.584400E+04,+7.982402E+00,+3.713000E-04,+9.910000E+37,+2.041162E+02,+3.584400E+04,+7.983771E+00,+3.713000E-04,+9.910000E+37,+2.041836E+02,+3.584400E+04,-5.052209E-02,+0.000000E+00,+9.910000E+37,+2.042490E+02,+3.584400E+04
11:52:52,0e0,+8.070308E+00,+3.856000E-04,+9.910000E+37,+2.044736E+02,+3.584400E+04,+8.076819E+00,+3.856000E-04,+9.910000E+37,+2.045410E+02,+3.584400E+04,+8.080255E+00,+3.856000E-04,+9.910000E+37,+2.046064E+02,+3.584400E+04,-5.043107E-02,+0.000000E+00,+9.910000E+37,+2.046738E+02,+3.584400E+04
11:52:52,0e0,+8.158792E+00,+3.998500E-04,+9.910000E+37,+2.049150E+02,+3.584400E+04,+8.167043E+00,+3.998500E-04,+9.910000E+37,+2.049814E+02,+3.584400E+04,+8.168039E+00,+3.998500E-04,+9.910000E+37,+2.050488E+02,+3.584400E+04,-5.147853E-02,+0.000000E+00,+9.910000E+37,+2.051143E+02,+3.584400E+04
11:52:52,0e0,+8.244083E+00,+4.141500E-04,+9.910000E+37,+2.053369E+02,+3.584400E+04,+8.251922E+00,+4.141500E-04,+9.910000E+37,+2.054023E+02,+3.584400E+04,+8.250638E+00,+4.141500E-04,+9.910000E+37,+2.054697E+02,+3.584400E+04,-5.197939E-02,+0.000000E+00,+9.910000E+37,+2.055352E+02,+3.584400E+04
11:52:52,0e0,+8.320947E+00,+4.284500E-04,+9.910000E+37,+2.057627E+02,+3.584400E+04,+8.328226E+00,+4.284500E-04,+9.910000E+37,+2.058281E+02,+3.584400E+04,+8.328270E+00,+4.284500E-04,+9.910000E+37,+2.058955E+02,+3.584400E+04,-5.248033E-02,+0.000000E+00,+9.910000E+37,+2.059619E+02,+3.584400E+04
11:52:52,0e0,+8.393524E+00,+4.427500E-04,+9.910000E+37,+2.061875E+02,+3.584400E+04,+8.400577E+00,+4.427500E-04,+9.910000E+37,+2.062529E+02,+3.584400E+04,+8.400666E+00,+4.427500E-04,+9.910000E+37,+2.063203E+02,+3.584400E+04,-5.152419E-02,+0.000000E+00,+9.910000E+37,+2.063857E+02,+3.584400E+04
11:52:52,0e0,+8.461550E+00,+4.570000E-04,+9.910000E+37,+2.066113E+02,+3.584400E+04,+8.468694E+00,+4.570000E-04,+9.910000E+37,+2.066787E+02,+3.584400E+04,+8.467776E+00,+4.570000E-04,+9.910000E+37,+2.067441E+02,+3.584400E+04,-5.197957E-02,+0.000000E+00,+9.910000E+37,+2.068105E+02,+3.584400E+04
11:52:52,0e0,+8.526605E+00,+4.713000E-04,+9.910000E+37,+2.070371E+02,+3.584400E+04,+8.533760E+00,+4.713000E-04,+9.910000E+37,+2.071045E+02,+3.584400E+04,+8.534479E+00,+4.713000E-04,+9.910000E+37,+2.071709E+02,+3.584400E+04,-5.106866E-02,+0.000000E+00,+9.910000E+37,+2.072373E+02,+3.584400E+04
11:52:52,0e0,+8.588531E+00,+4.856000E-04,+9.910000E+37,+2.074648E+02,+3.584400E+04,+8.598696E+00,+4.856000E-04,+9.910000E+37,+2.075322E+02,+3.584400E+04,+8.596497E+00,+4.856000E-04,+9.910000E+37,+2.075996E+02,+3.584400E+04,-5.143313E-02,+0.000000E+00,+9.910000E+37,+2.076650E+02,+3.584400E+04
11:52:52,0e0,+8.650329E+00,+4.998500E-04,+9.910000E+37,+2.078926E+02,+3.584400E+04,+8.658930E+00,+4.998500E-04,+9.910000E+37,+2.079590E+02,+3.584400E+04,+8.658203E+00,+4.998500E-04,+9.910000E+37,+2.080264E+02,+3.584400E+04,-5.243507E-02,+0.000000E+00,+9.910000E+37,+2.080938E+02,+3.584400E+04
11:52:52,0e0,+8.708790E+00,+5.141500E-04,+9.910000E+37,+2.083164E+02,+3.584400E+04,+8.716387E+00,+5.141500E-04,+9.910000E+37,+2.083828E+02,+3.584400E+04,+8.716988E+00,+5.141500E-04,+9.910000E+37,+2.084492E+02,+3.584400E+04,-5.024889E-02,+0.000000E+00,+9.910000E+37,+2.085166E+02,+3.584400E+04
11:52:52,0e0,+8.766847E+00,+5.284500E-04,+9.910000E+37,+2.087393E+02,+3.584400E+04,+8.773635E+00,+5.284500E-04,+9.910000E+37,+2.088066E+02,+3.584400E+04,+8.773448E+00,+5.284500E-04,+9.910000E+37,+2.088730E+02,+3.584400E+04,-5.065909E-02,+0.000000E+00,+9.910000E+37,+2.089395E+02,+3.584400E+04
11:52:52,0e0,+8.820267E+00,+5.427500E-04,+9.910000E+37,+2.091621E+02,+3.584400E+04,+8.827502E+00,+5.427500E-04,+9.910000E+37,+2.092295E+02,+3.584400E+04,+8.827316E+00,+5.427500E-04,+9.910000E+37,+2.092969E+02,+3.584400E+04,-5.075018E-02,+0.000000E+00,+9.910000E+37,+2.093623E+02,+3.584400E+04
11:52:52,0e0,+8.871843E+00,+5.570000E-04,+9.910000E+37,+2.095967E+02,+3.584400E+04,+8.877436E+00,+5.570000E-04,+9.910000E+37,+2.096641E+02,+3.584400E+04,+8.877803E+00,+5.570000E-04,+9.910000E+37,+2.097305E+02,+3.584400E+04,-5.075017E-02,+0.000000E+00,+9.910000E+37,+2.097969E+02,+3.584400E+04
11:52:52,0e0,+8.920522E+00,+5.713000E-04,+9.910000E+37,+2.100234E+02,+3.584400E+04,+8.927532E+00,+5.713000E-04,+9.910000E+37,+2.100898E+02,+3.584400E+04,+8.929006E+00,+5.713000E-04,+9.910000E+37,+2.101572E+02,+3.584400E+04,-5.011258E-02,+0.000000E+00,+9.910000E+37,+2.102227E+02,+3.584400E+04
11:52:52,0e0,+8.967284E+00,+5.856000E-04,+9.910000E+37,+2.104492E+02,+3.584400E+04,+8.975976E+00,+5.856000E-04,+9.910000E+37,+2.105156E+02,+3.584400E+04,+8.975107E+00,+5.856000E-04,+9.910000E+37,+2.105830E+02,+3.584400E+04,-5.106893E-02,+0.000000E+00,+9.910000E+37,+2.106484E+02,+3.584400E+04
11:52:52,0e0,+9.013418E+00,+5.998500E-04,+9.910000E+37,+2.108711E+02,+3.584400E+04,+9.019222E+00,+5.998500E-04,+9.910000E+37,+2.109385E+02,+3.584400E+04,+9.019915E+00,+5.998500E-04,+9.910000E+37,+2.110049E+02,+3.584400E+04,-5.075005E-02,+0.000000E+00,+9.910000E+37,+2.110713E+02,+3.584400E+04
11:52:52,0e0,+9.057026E+00,+6.141500E-04,+9.910000E+37,+2.112939E+02,+3.584400E+04,+9.063672E+00,+6.141500E-04,+9.910000E+37,+2.113594E+02,+3.584400E+04,+9.063220E+00,+6.141500E-04,+9.910000E+37,+2.114258E+02,+3.584400E+04,-5.052233E-02,+0.000000E+00,+9.910000E+37,+2.114932E+02,+3.584400E+04
11:52:52,0e0,+9.099237E+00,+6.284500E-04,+9.910000E+37,+2.117207E+02,+3.584400E+04,+9.105926E+00,+6.284500E-04,+9.910000E+37,+2.117861E+02,+3.584400E+04,+9.105745E+00,+6.284500E-04,+9.910000E+37,+2.118535E+02,+3.584400E+04,-5.015814E-02,+0.000000E+00,+9.910000E+37,+2.119189E+02,+3.584400E+04
11:52:52,0e0,+9.139537E+00,+6.427500E-04,+9.910000E+37,+2.121504E+02,+3.584400E+04,+9.145385E+00,+6.427500E-04,+9.910000E+37,+2.122168E+02,+3.584400E+04,+9.145955E+00,+6.427500E-04,+9.910000E+37,+2.122832E+02,+3.584400E+04,-5.143324E-02,+0.000000E+00,+9.910000E+37,+2.123496E+02,+3.584400E+04
11:52:52,0e0,+9.177600E+00,+6.570000E-04,+9.910000E+37,+2.125791E+02,+3.584400E+04,+9.185202E+00,+6.570000E-04,+9.910000E+37,+2.126455E+02,+3.584400E+04,+9.185214E+00,+6.570000E-04,+9.910000E+37,+2.127119E+02,+3.584400E+04,-5.075020E-02,+0.000000E+00,+9.910000E+37,+2.127793E+02,+3.584400E+04
11:52:52,0e0,+9.215842E+00,+6.713000E-04,+9.910000E+37,+2.130059E+02,+3.584400E+04,+9.222861E+00,+6.713000E-04,+9.910000E+37,+2.130723E+02,+3.584400E+04,+9.222390E+00,+6.713000E-04,+9.910000E+37,+2.131396E+02,+3.584400E+04,-5.143334E-02,+0.000000E+00,+9.910000E+37,+2.132051E+02,+3.584400E+04
11:52:52,0e0,+9.252919E+00,+6.856000E-04,+9.910000E+37,+2.134287E+02,+3.584400E+04,+9.259974E+00,+6.856000E-04,+9.910000E+37,+2.134961E+02,+3.584400E+04,+9.260389E+00,+6.856000E-04,+9.910000E+37,+2.135635E+02,+3.584400E+04,-5.006716E-02,+0.000000E+00,+9.910000E+37,+2.136289E+02,+3.584400E+04
11:52:52,0e0,+9.288013E+00,+6.998500E-04,+9.910000E+37,+2.138574E+02,+3.584400E+04,+9.295841E+00,+6.998500E-04,+9.910000E+37,+2.139248E+02,+3.584400E+04,+9.295024E+00,+6.998500E-04,+9.910000E+37,+2.139922E+02,+3.584400E+04,-5.079564E-02,+0.000000E+00,+9.910000E+37,+2.140576E+02,+3.584400E+04
11:52:52,0e0,+9.322895E+00,+7.141500E-04,+9.910000E+37,+2.142803E+02,+3.584400E+04,+9.328899E+00,+7.141500E-04,+9.910000E+37,+2.143467E+02,+3.584400E+04,+9.328300E+00,+7.141500E-04,+9.910000E+37,+2.144131E+02,+3.584400E+04,-5.116028E-02,+0.000000E+00,+9.910000E+37,+2.144785E+02,+3.584400E+04
11:52:52,0e0,+9.355078E+00,+7.284500E-04,+9.910000E+37,+2.147070E+02,+3.584400E+04,+9.362915E+00,+7.284500E-04,+9.910000E+37,+2.147734E+02,+3.584400E+04,+9.363050E+00,+7.284500E-04,+9.910000E+37,+2.148408E+02,+3.584400E+04,-5.047685E-02,+0.000000E+00,+9.910000E+37,+2.149062E+02,+3.584400E+04
11:52:52,0e0,+9.388415E+00,+7.427500E-04,+9.910000E+37,+2.151318E+02,+3.584400E+04,+9.397127E+00,+7.427500E-04,+9.910000E+37,+2.151982E+02,+3.584400E+04,+9.394917E+00,+7.427500E-04,+9.910000E+37,+2.152646E+02,+3.584400E+04,-5.097820E-02,+0.000000E+00,+9.910000E+37,+2.153320E+02,+3.584400E+04
11:52:52,0e0,+9.420653E+00,+7.570000E-04,+9.910000E+37,+2.155605E+02,+3.584400E+04,+9.427349E+00,+7.570000E-04,+9.910000E+37,+2.156270E+02,+3.584400E+04,+9.424636E+00,+7.570000E-04,+9.910000E+37,+2.156943E+02,+3.584400E+04,-5.084127E-02,+0.000000E+00,+9.910000E+37,+2.157598E+02,+3.584400E+04
11:52:52,0e0,+9.449818E+00,+7.713000E-04,+9.910000E+37,+2.159863E+02,+3.584400E+04,+9.457393E+00,+7.713000E-04,+9.910000E+37,+2.160527E+02,+3.584400E+04,+9.458121E+00,+7.713000E-04,+9.910000E+37,+2.161201E+02,+3.584400E+04,-4.993060E-02,+0.000000E+00,+9.910000E+37,+2.161855E+02,+3.584400E+04
11:52:52,0e0,+9.480020E+00,+7.856000E-04,+9.910000E+37,+2.164180E+02,+3.584400E+04,+9.487493E+00,+7.856000E-04,+9.910000E+37,+2.164844E+02,+3.584400E+04,+9.486538E+00,+7.856000E-04,+9.910000E+37,+2.165508E+02,+3.584400E+04,-4.979369E-02,+0.000000E+00,+9.910000E+37,+2.166182E+02,+3.584400E+04
11:52:52,0e0,+9.509397E+00,+7.998500E-04,+9.910000E+37,+2.168486E+02,+3.584400E+04,+9.514393E+00,+7.998500E-04,+9.910000E+37,+2.169150E+02,+3.584400E+04,+9.513519E+00,+7.998500E-04,+9.910000E+37,+2.169814E+02,+3.584400E+04,-4.993042E-02,+0.000000E+00,+9.910000E+37,+2.170479E+02,+3.584400E+04
11:52:52,0e0,+9.537313E+00,+8.141500E-04,+9.910000E+37,+2.172695E+02,+3.584400E+04,+9.545428E+00,+8.141500E-04,+9.910000E+37,+2.173359E+02,+3.584400E+04,+9.544547E+00,+8.141500E-04,+9.910000E+37,+2.174023E+02,+3.584400E+04,-4.929319E-02,+0.000000E+00,+9.910000E+37,+2.174688E+02,+3.584400E+04
11:52:52,0e0,+9.564522E+00,+8.284500E-04,+9.910000E+37,+2.176963E+02,+3.584400E+04,+9.572278E+00,+8.284500E-04,+9.910000E+37,+2.177627E+02,+3.584400E+04,+9.571133E+00,+8.284500E-04,+9.910000E+37,+2.178291E+02,+3.584400E+04,-4.997593E-02,+0.000000E+00,+9.910000E+37,+2.178945E+02,+3.584400E+04
11:52:52,0e0,+9.592578E+00,+8.427500E-04,+9.910000E+37,+2.181240E+02,+3.584400E+04,+9.599006E+00,+8.427500E-04,+9.910000E+37,+2.181914E+02,+3.584400E+04,+9.598019E+00,+8.427500E-04,+9.910000E+37,+2.182578E+02,+3.584400E+04,-4.970293E-02,+0.000000E+00,+9.910000E+37,+2.183242E+02,+3.584400E+04
11:52:52,0e0,+9.619171E+00,+8.570000E-04,+9.910000E+37,+2.185479E+02,+3.584400E+04,+9.625281E+00,+8.570000E-04,+9.910000E+37,+2.186133E+02,+3.584400E+04,+9.622801E+00,+8.570000E-04,+9.910000E+37,+2.186807E+02,+3.584400E+04,-4.924783E-02,+0.000000E+00,+9.910000E+37,+2.187461E+02,+3.584400E+04
11:52:52,0e0,+9.644083E+00,+8.713000E-04,+9.910000E+37,+2.189775E+02,+3.584400E+04,+9.652337E+00,+8.713000E-04,+9.910000E+37,+2.190439E+02,+3.584400E+04,+9.649940E+00,+8.713000E-04,+9.910000E+37,+2.191113E+02,+3.584400E+04,-5.015850E-02,+0.000000E+00,+9.910000E+37,+2.191768E+02,+3.584400E+04
11:52:52,0e0,+9.671261E+00,+8.856000E-04,+9.910000E+37,+2.194062E+02,+3.584400E+04,+9.676710E+00,+8.856000E-04,+9.910000E+37,+2.194727E+02,+3.584400E+04,+9.676772E+00,+8.856000E-04,+9.910000E+37,+2.195400E+02,+3.584400E+04,-4.829144E-02,+0.000000E+00,+9.910000E+37,+2.196074E+02,+3.584400E+04
11:52:52,0e0,+9.695793E+00,+8.998500E-04,+9.910000E+37,+2.198389E+02,+3.584400E+04,+9.701486E+00,+8.998500E-04,+9.910000E+37,+2.199053E+02,+3.584400E+04,+9.702218E+00,+8.998500E-04,+9.910000E+37,+2.199717E+02,+3.584400E+04,-4.892910E-02,+0.000000E+00,+9.910000E+37,+2.200391E+02,+3.584400E+04
11:52:52,0e0,+9.721349E+00,+9.141500E-04,+9.910000E+37,+2.202656E+02,+3.584400E+04,+9.727951E+00,+9.141500E-04,+9.910000E+37,+2.203330E+02,+3.584400E+04,+9.728135E+00,+9.141500E-04,+9.910000E+37,+2.204004E+02,+3.584400E+04,-4.988532E-02,+0.000000E+00,+9.910000E+37,+2.204658E+02,+3.584400E+04
11:52:52,0e0,+9.746895E+00,+9.284500E-04,+9.910000E+37,+2.206953E+02,+3.584400E+04,+9.753455E+00,+9.284500E-04,+9.910000E+37,+2.207617E+02,+3.584400E+04,+9.753102E+00,+9.284500E-04,+9.910000E+37,+2.208291E+02,+3.584400E+04,-4.879236E-02,+0.000000E+00,+9.910000E+37,+2.208945E+02,+3.584400E+04
11:52:52,0e0,+9.771723E+00,+9.427500E-04,+9.910000E+37,+2.211328E+02,+3.584400E+04,+9.777717E+00,+9.427500E-04,+9.910000E+37,+2.211992E+02,+3.584400E+04,+9.775033E+00,+9.427500E-04,+9.910000E+37,+2.212656E+02,+3.584400E+04,-4.861030E-02,+0.000000E+00,+9.910000E+37,+2.213330E+02,+3.584400E+04
11:52:52,0e0,+9.794974E+00,+9.570000E-04,+9.910000E+37,+2.215596E+02,+3.584400E+04,+9.800402E+00,+9.570000E-04,+9.910000E+37,+2.216260E+02,+3.584400E+04,+9.799615E+00,+9.570000E-04,+9.910000E+37,+2.216924E+02,+3.584400E+04,-4.728979E-02,+0.000000E+00,+9.910000E+37,+2.217598E+02,+3.584400E+04
11:52:52,0e0,+9.818837E+00,+9.713000E-04,+9.910000E+37,+2.219980E+02,+3.584400E+04,+9.824381E+00,+9.713000E-04,+9.910000E+37,+2.220645E+02,+3.584400E+04,+9.823613E+00,+9.713000E-04,+9.910000E+37,+2.221318E+02,+3.584400E+04,-4.915647E-02,+0.000000E+00,+9.910000E+37,+2.221973E+02,+3.584400E+04
11:52:52,0e0,+9.842452E+00,+9.856001E-04,+9.910000E+37,+2.224219E+02,+3.584400E+04,+9.846783E+00,+9.856001E-04,+9.910000E+37,+2.224883E+02,+3.584400E+04,+9.847104E+00,+9.856001E-04,+9.910000E+37,+2.225547E+02,+3.584400E+04,-4.870142E-02,+0.000000E+00,+9.910000E+37,+2.226211E+02,+3.584400E+04
11:52:52,0e0,+9.864416E+00,+9.998500E-04,+9.910000E+37,+2.228438E+02,+3.584400E+04,+9.871246E+00,+9.998500E-04,+9.910000E+37,+2.229102E+02,+3.584400E+04,+9.869288E+00,+9.998500E-04,+9.910000E+37,+2.229766E+02,+3.584400E+04,-4.938430E-02,+0.000000E+00,+9.910000E+37,+2.230420E+02,+3.584400E+04
11:52:52,0e0,+9.888598E+00,+1.014150E-03,+9.910000E+37,+2.232686E+02,+3.584400E+04,+9.892188E+00,+1.014150E-03,+9.910000E+37,+2.233350E+02,+3.584400E+04,+9.891455E+00,+1.014150E-03,+9.910000E+37,+2.234023E+02,+3.584400E+04,-4.965775E-02,+0.000000E+00,+9.910000E+37,+2.234678E+02,+3.584400E+04
11:52:52,0e0,+9.908761E+00,+1.028450E-03,+9.910000E+37,+2.236992E+02,+3.584400E+04,+9.915776E+00,+1.028450E-03,+9.910000E+37,+2.237656E+02,+3.584400E+04,+9.913620E+00,+1.028450E-03,+9.910000E+37,+2.238320E+02,+3.584400E+04,-4.865551E-02,+0.000000E+00,+9.910000E+37,+2.238994E+02,+3.584400E+04
11:52:52,0e0,+9.932076E+00,+1.042750E-03,+9.910000E+37,+2.241201E+02,+3.584400E+04,+9.938051E+00,+1.042750E-03,+9.910000E+37,+2.241875E+02,+3.584400E+04,+9.936481E+00,+1.042750E-03,+9.910000E+37,+2.242529E+02,+3.584400E+04,-4.952101E-02,+0.000000E+00,+9.910000E+37,+2.243193E+02,+3.584400E+04
11:52:52,0e0,+9.940450E+00,+1.057000E-03,+9.910000E+37,+2.245488E+02,+3.584400E+04,+9.946873E+00,+1.057000E-03,+9.910000E+37,+2.246143E+02,+3.584400E+04,+9.944768E+00,+1.057000E-03,+9.910000E+37,+2.246807E+02,+3.584400E+04,-1.701843E-01,+0.000000E+00,+9.910000E+37,+2.247480E+02,+3.584400E+04
11:52:52,0e0,+9.961701E+00,+1.071500E-03,+9.910000E+37,+2.249727E+02,+3.584400E+04,+9.968584E+00,+1.071500E-03,+9.910000E+37,+2.250391E+02,+3.584400E+04,+9.967770E+00,+1.071500E-03,+9.910000E+37,+2.251055E+02,+3.584400E+04,-1.688638E-01,+0.000000E+00,+9.910000E+37,+2.251729E+02,+3.584400E+04
11:52:52,0e0,+9.982763E+00,+1.085500E-03,+9.910000E+37,+2.253965E+02,+3.584400E+04,+9.990288E+00,+1.085500E-03,+9.910000E+37,+2.254619E+02,+3.584400E+04,+9.987856E+00,+1.085500E-03,+9.910000E+37,+2.255283E+02,+3.584400E+04,-1.682720E-01,+0.000000E+00,+9.910000E+37,+2.255947E+02,+3.584400E+04
11:52:52,0e0,+1.000327E+01,+1.100000E-03,+9.910000E+37,+2.258223E+02,+3.584400E+04,+1.000887E+01,+1.100000E-03,+9.910000E+37,+2.258877E+02,+3.584400E+04,+1.000889E+01,+1.100000E-03,+9.910000E+37,+2.259551E+02,+3.584400E+04,-1.660864E-01,+0.000000E+00,+9.910000E+37,+2.260205E+02,+3.584400E+04
11:52:52,0e0,+1.002611E+01,+1.114000E-03,+9.910000E+37,+2.262471E+02,+3.584400E+04,+1.003042E+01,+1.114000E-03,+9.910000E+37,+2.263125E+02,+3.584400E+04,+1.002838E+01,+1.114000E-03,+9.910000E+37,+2.263789E+02,+3.584400E+04,-1.661775E-01,+0.000000E+00,+9.910000E+37,+2.264463E+02,+3.584400E+04
11:52:52,0e0,+1.004486E+01,+1.128500E-03,+9.910000E+37,+2.266689E+02,+3.584400E+04,+1.005123E+01,+1.128500E-03,+9.910000E+37,+2.267354E+02,+3.584400E+04,+1.004938E+01,+1.128500E-03,+9.910000E+37,+2.268027E+02,+3.584400E+04,-1.683630E-01,+0.000000E+00,+9.910000E+37,+2.268682E+02,+3.584400E+04
11:52:52,0e0,+1.006489E+01,+1.142500E-03,+9.910000E+37,+2.270967E+02,+3.584400E+04,+1.006985E+01,+1.142500E-03,+9.910000E+37,+2.271621E+02,+3.584400E+04,+1.006883E+01,+1.142500E-03,+9.910000E+37,+2.272285E+02,+3.584400E+04,-1.671792E-01,+0.000000E+00,+9.910000E+37,+2.272959E+02,+3.584400E+04
11:52:52,0e0,+1.008498E+01,+1.157000E-03,+9.910000E+37,+2.275205E+02,+3.584400E+04,+1.009089E+01,+1.157000E-03,+9.910000E+37,+2.275869E+02,+3.584400E+04,+1.008994E+01,+1.157000E-03,+9.910000E+37,+2.276533E+02,+3.584400E+04,-1.657221E-01,+0.000000E+00,+9.910000E+37,+2.277207E+02,+3.584400E+04
11:52:52,0e0,+1.010331E+01,+1.171500E-03,+9.910000E+37,+2.279521E+02,+3.584400E+04,+1.010855E+01,+1.171500E-03,+9.910000E+37,+2.280186E+02,+3.584400E+04,+1.010737E+01,+1.171500E-03,+9.910000E+37,+2.280859E+02,+3.584400E+04,-1.650391E-01,+0.000000E+00,+9.910000E+37,+2.281523E+02,+3.584400E+04
11:52:52,0e0,+1.012381E+01,+1.185500E-03,+9.910000E+37,+2.283750E+02,+3.584400E+04,+1.012865E+01,+1.185500E-03,+9.910000E+37,+2.284424E+02,+3.584400E+04,+1.012800E+01,+1.185500E-03,+9.910000E+37,+2.285078E+02,+3.584400E+04,-1.607590E-01,+0.000000E+00,+9.910000E+37,+2.285752E+02,+3.584400E+04
11:52:52,0e0,+1.014292E+01,+1.200000E-03,+9.910000E+37,+2.287979E+02,+3.584400E+04,+1.014749E+01,+1.200000E-03,+9.910000E+37,+2.288633E+02,+3.584400E+04,+1.014588E+01,+1.200000E-03,+9.910000E+37,+2.289297E+02,+3.584400E+04,-1.660864E-01,+0.000000E+00,+9.910000E+37,+2.289971E+02,+3.584400E+04
11:52:52,0e0,+1.015981E+01,+1.214000E-03,+9.910000E+37,+2.292197E+02,+3.584400E+04,+1.016644E+01,+1.214000E-03,+9.910000E+37,+2.292861E+02,+3.584400E+04,+1.016612E+01,+1.214000E-03,+9.910000E+37,+2.293535E+02,+3.584400E+04,-1.626258E-01,+0.000000E+00,+9.910000E+37,+2.294189E+02,+3.584400E+04
11:52:52,0e0,+1.017907E+01,+1.228500E-03,+9.910000E+37,+2.296572E+02,+3.584400E+04,+1.018510E+01,+1.228500E-03,+9.910000E+37,+2.297227E+02,+3.584400E+04,+1.018345E+01,+1.228500E-03,+9.910000E+37,+2.297900E+02,+3.584400E+04,-1.630812E-01,+0.000000E+00,+9.910000E+37,+2.298564E+02,+3.584400E+04
11:52:52,0e0,+1.019740E+01,+1.242500E-03,+9.910000E+37,+2.300850E+02,+3.584400E+04,+1.020309E+01,+1.242500E-03,+9.910000E+37,+2.301514E+02,+3.584400E+04,+1.020281E+01,+1.242500E-03,+9.910000E+37,+2.302188E+02,+3.584400E+04,-1.624893E-01,+0.000000E+00,+9.910000E+37,+2.302842E+02,+3.584400E+04
11:52:52,0e0,+1.021641E+01,+1.257000E-03,+9.910000E+37,+2.305127E+02,+3.584400E+04,+1.022243E+01,+1.257000E-03,+9.910000E+37,+2.305791E+02,+3.584400E+04,+1.022015E+01,+1.257000E-03,+9.910000E+37,+2.306455E+02,+3.584400E+04,-1.650392E-01,+0.000000E+00,+9.910000E+37,+2.307119E+02,+3.584400E+04
11:52:52,0e0,+1.023467E+01,+1.271500E-03,+9.910000E+37,+2.309385E+02,+3.584400E+04,+1.023963E+01,+1.271500E-03,+9.910000E+37,+2.310059E+02,+3.584400E+04,+1.023924E+01,+1.271500E-03,+9.910000E+37,+2.310713E+02,+3.584400E+04,-1.651301E-01,+0.000000E+00,+9.910000E+37,+2.311387E+02,+3.584400E+04
11:52:52,0e0,+1.025360E+01,+1.285500E-03,+9.910000E+37,+2.313643E+02,+3.584400E+04,+1.025852E+01,+1.285500E-03,+9.910000E+37,+2.314297E+02,+3.584400E+04,+1.025617E+01,+1.285500E-03,+9.910000E+37,+2.314971E+02,+3.584400E+04,-1.651757E-01,+0.000000E+00,+9.910000E+37,+2.315625E+02,+3.584400E+04
11:52:52,0e0,+1.026991E+01,+1.300000E-03,+9.910000E+37,+2.317910E+02,+3.584400E+04,+1.027516E+01,+1.300000E-03,+9.910000E+37,+2.318574E+02,+3.584400E+04,+1.027456E+01,+1.300000E-03,+9.910000E+37,+2.319248E+02,+3.584400E+04,-1.594841E-01,+0.000000E+00,+9.910000E+37,+2.319902E+02,+3.584400E+04
11:52:52,0e0,+1.028829E+01,+1.314000E-03,+9.910000E+37,+2.322139E+02,+3.584400E+04,+1.029214E+01,+1.314000E-03,+9.910000E+37,+2.322812E+02,+3.584400E+04,+1.029087E+01,+1.314000E-03,+9.910000E+37,+2.323467E+02,+3.584400E+04,-1.621705E-01,+0.000000E+00,+9.910000E+37,+2.324131E+02,+3.584400E+04
11:52:52,0e0,+1.030424E+01,+1.328500E-03,+9.910000E+37,+2.326396E+02,+3.584400E+04,+1.030921E+01,+1.328500E-03,+9.910000E+37,+2.327061E+02,+3.584400E+04,+1.030682E+01,+1.328500E-03,+9.910000E+37,+2.327734E+02,+3.584400E+04,-1.607591E-01,+0.000000E+00,+9.910000E+37,+2.328398E+02,+3.584400E+04
11:52:52,0e0,+1.032092E+01,+1.342500E-03,+9.910000E+37,+2.330703E+02,+3.584400E+04,+1.032702E+01,+1.342500E-03,+9.910000E+37,+2.331377E+02,+3.584400E+04,+1.032502E+01,+1.342500E-03,+9.910000E+37,+2.332031E+02,+3.584400E+04,-1.631723E-01,+0.000000E+00,+9.910000E+37,+2.332705E+02,+3.584400E+04
11:52:52,0e0,+1.034045E+01,+1.357000E-03,+9.910000E+37,+2.334971E+02,+3.584400E+04,+1.034383E+01,+1.357000E-03,+9.910000E+37,+2.335635E+02,+3.584400E+04,+1.034136E+01,+1.357000E-03,+9.910000E+37,+2.336309E+02,+3.584400E+04,-1.631269E-01,+0.000000E+00,+9.910000E+37,+2.336973E+02,+3.584400E+04
11:52:52,0e0,+1.035495E+01,+1.371500E-03,+9.910000E+37,+2.339209E+02,+3.584400E+04,+1.036038E+01,+1.371500E-03,+9.910000E+37,+2.339883E+02,+3.584400E+04,+1.035853E+01,+1.371500E-03,+9.910000E+37,+2.340537E+02,+3.584400E+04,-1.620795E-01,+0.000000E+00,+9.910000E+37,+2.341201E+02,+3.584400E+04
11:52:52,0e0,+1.037352E+01,+1.385500E-03,+9.910000E+37,+2.343496E+02,+3.584400E+04,+1.037637E+01,+1.385500E-03,+9.910000E+37,+2.344150E+02,+3.584400E+04,+1.037331E+01,+1.385500E-03,+9.910000E+37,+2.344814E+02,+3.584400E+04,-1.611688E-01,+0.000000E+00,+9.910000E+37,+2.345479E+02,+3.584400E+04
11:52:52,0e0,+1.038945E+01,+1.400000E-03,+9.910000E+37,+2.347734E+02,+3.584400E+04,+1.039316E+01,+1.400000E-03,+9.910000E+37,+2.348398E+02,+3.584400E+04,+1.039168E+01,+1.400000E-03,+9.910000E+37,+2.349053E+02,+3.584400E+04,-1.593020E-01,+0.000000E+00,+9.910000E+37,+2.349727E+02,+3.584400E+04
11:52:52,0e0,+1.040372E+01,+1.414000E-03,+9.910000E+37,+2.352031E+02,+3.584400E+04,+1.040992E+01,+1.414000E-03,+9.910000E+37,+2.352695E+02,+3.584400E+04,+1.040663E+01,+1.414000E-03,+9.910000E+37,+2.353369E+02,+3.584400E+04,-1.618974E-01,+0.000000E+00,+9.910000E+37,+2.354023E+02,+3.584400E+04
11:52:52,0e0,+1.042133E+01,+1.428500E-03,+9.910000E+37,+2.356396E+02,+3.584400E+04,+1.042533E+01,+1.428500E-03,+9.910000E+37,+2.357051E+02,+3.584400E+04,+1.042281E+01,+1.428500E-03,+9.910000E+37,+2.357725E+02,+3.584400E+04,-1.598940E-01,+0.000000E+00,+9.910000E+37,+2.358379E+02,+3.584400E+04
11:52:52,0e0,+1.043566E+01,+1.442500E-03,+9.910000E+37,+2.360625E+02,+3.584400E+04,+1.043996E+01,+1.442500E-03,+9.910000E+37,+2.361289E+02,+3.584400E+04,+1.043788E+01,+1.442500E-03,+9.910000E+37,+2.361963E+02,+3.584400E+04,-1.625804E-01,+0.000000E+00,+9.910000E+37,+2.362617E+02,+3.584400E+04
11:52:52,0e0,+1.044948E+01,+1.457000E-03,+9.910000E+37,+2.364932E+02,+3.584400E+04,+1.045523E+01,+1.457000E-03,+9.910000E+37,+2.365596E+02,+3.584400E+04,+1.045355E+01,+1.457000E-03,+9.910000E+37,+2.366270E+02,+3.584400E+04,-1.571164E-01,+0.000000E+00,+9.910000E+37,+2.366924E+02,+3.584400E+04
11:52:52,0e0,+1.046716E+01,+1.471500E-03,+9.910000E+37,+2.369199E+02,+3.584400E+04,+1.047122E+01,+1.471500E-03,+9.910000E+37,+2.369863E+02,+3.584400E+04,+1.046848E+01,+1.471500E-03,+9.910000E+37,+2.370537E+02,+3.584400E+04,-1.606224E-01,+0.000000E+00,+9.910000E+37,+2.371191E+02,+3.584400E+04
11:52:52,0e0,+1.048110E+01,+1.485500E-03,+9.910000E+37,+2.373457E+02,+3.584400E+04,+1.048753E+01,+1.485500E-03,+9.910000E+37,+2.374111E+02,+3.584400E+04,+1.048360E+01,+1.485500E-03,+9.910000E+37,+2.374775E+02,+3.584400E+04,-1.614421E-01,+0.000000E+00,+9.910000E+37,+2.375439E+02,+3.584400E+04
11:52:52,0e0,+1.049583E+01,+1.500000E-03,+9.910000E+37,+2.377734E+02,+3.584400E+04,+1.050150E+01,+1.500000E-03,+9.910000E+37,+2.378398E+02,+3.584400E+04,+1.049876E+01,+1.500000E-03,+9.910000E+37,+2.379072E+02,+3.584400E+04,-1.575718E-01,+0.000000E+00,+9.910000E+37,+2.379736E+02,+3.584400E+04
11:52:52,0e0,+1.051060E+01,+1.514000E-03,+9.910000E+37,+2.382031E+02,+3.584400E+04,+1.051602E+01,+1.514000E-03,+9.910000E+37,+2.382705E+02,+3.584400E+04,+1.051388E+01,+1.514000E-03,+9.910000E+37,+2.383359E+02,+3.584400E+04,-1.611690E-01,+0.000000E+00,+9.910000E+37,+2.384023E+02,+3.584400E+04
11:52:52,0e0,+1.052515E+01,+1.528500E-03,+9.910000E+37,+2.386348E+02,+3.584400E+04,+1.053031E+01,+1.528500E-03,+9.910000E+37,+2.387021E+02,+3.584400E+04,+1.052844E+01,+1.528500E-03,+9.910000E+37,+2.387676E+02,+3.584400E+04,-1.572985E-01,+0.000000E+00,+9.910000E+37,+2.388340E+02,+3.584400E+04
11:52:52,0e0,+1.054002E+01,+1.542500E-03,+9.910000E+37,+2.390586E+02,+3.584400E+04,+1.054430E+01,+1.542500E-03,+9.910000E+37,+2.391240E+02,+3.584400E+04,+1.054242E+01,+1.542500E-03,+9.910000E+37,+2.391904E+02,+3.584400E+04,-1.547032E-01,+0.000000E+00,+9.910000E+37,+2.392578E+02,+3.584400E+04
11:52:52,0e0,+1.055673E+01,+1.557000E-03,+9.910000E+37,+2.394883E+02,+3.584400E+04,+1.055946E+01,+1.557000E-03,+9.910000E+37,+2.395547E+02,+3.584400E+04,+1.055773E+01,+1.557000E-03,+9.910000E+37,+2.396211E+02,+3.584400E+04,-1.562058E-01,+0.000000E+00,+9.910000E+37,+2.396885E+02,+3.584400E+04
11:52:52,0e0,+1.056981E+01,+1.571500E-03,+9.910000E+37,+2.399160E+02,+3.584400E+04,+1.057353E+01,+1.571500E-03,+9.910000E+37,+2.399824E+02,+3.584400E+04,+1.057138E+01,+1.571500E-03,+9.910000E+37,+2.400488E+02,+3.584400E+04,-1.550219E-01,+0.000000E+00,+9.910000E+37,+2.401152E+02,+3.584400E+04
11:52:52,0e0,+1.058221E+01,+1.585500E-03,+9.910000E+37,+2.403418E+02,+3.584400E+04,+1.058762E+01,+1.585500E-03,+9.910000E+37,+2.404072E+02,+3.584400E+04,+1.058545E+01,+1.585500E-03,+9.910000E+37,+2.404746E+02,+3.584400E+04,-1.577085E-01,+0.000000E+00,+9.910000E+37,+2.405400E+02,+3.584400E+04
11:52:52,0e0,+1.059757E+01,+1.600000E-03,+9.910000E+37,+2.407656E+02,+3.584400E+04,+1.060047E+01,+1.600000E-03,+9.910000E+37,+2.408311E+02,+3.584400E+04,+1.059989E+01,+1.600000E-03,+9.910000E+37,+2.408984E+02,+3.584400E+04,-1.557050E-01,+0.000000E+00,+9.910000E+37,+2.409639E+02,+3.584400E+04
11:52:52,0e0,+1.061202E+01,+1.614000E-03,+9.910000E+37,+2.411855E+02,+3.584400E+04,+1.061569E+01,+1.614000E-03,+9.910000E+37,+2.412520E+02,+3.584400E+04,+1.061256E+01,+1.614000E-03,+9.910000E+37,+2.413174E+02,+3.584400E+04,-1.565246E-01,+0.000000E+00,+9.910000E+37,+2.413848E+02,+3.584400E+04
11:52:52,0e0,+1.062345E+01,+1.628500E-03,+9.910000E+37,+2.416123E+02,+3.584400E+04,+1.062849E+01,+1.628500E-03,+9.910000E+37,+2.416787E+02,+3.584400E+04,+1.062555E+01,+1.628500E-03,+9.910000E+37,+2.417451E+02,+3.584400E+04,-1.525632E-01,+0.000000E+00,+9.910000E+37,+2.418125E+02,+3.584400E+04
11:52:52,0e0,+1.063897E+01,+1.642500E-03,+9.910000E+37,+2.420410E+02,+3.584400E+04,+1.064242E+01,+1.642500E-03,+9.910000E+37,+2.421084E+02,+3.584400E+04,+1.064036E+01,+1.642500E-03,+9.910000E+37,+2.421738E+02,+3.584400E+04,-1.565701E-01,+0.000000E+00,+9.910000E+37,+2.422402E+02,+3.584400E+04
11:52:52,0e0,+1.065221E+01,+1.657000E-03,+9.910000E+37,+2.424717E+02,+3.584400E+04,+1.065553E+01,+1.657000E-03,+9.910000E+37,+2.425391E+02,+3.584400E+04,+1.065300E+01,+1.657000E-03,+9.910000E+37,+2.426045E+02,+3.584400E+04,-1.530186E-01,+0.000000E+00,+9.910000E+37,+2.426709E+02,+3.584400E+04
11:52:52,0e0,+1.066559E+01,+1.671500E-03,+9.910000E+37,+2.428984E+02,+3.584400E+04,+1.066942E+01,+1.671500E-03,+9.910000E+37,+2.429648E+02,+3.584400E+04,+1.066581E+01,+1.671500E-03,+9.910000E+37,+2.430322E+02,+3.584400E+04,-1.566612E-01,+0.000000E+00,+9.910000E+37,+2.430977E+02,+3.584400E+04
11:52:52,0e0,+1.067591E+01,+1.685500E-03,+9.910000E+37,+2.433232E+02,+3.584400E+04,+1.068331E+01,+1.685500E-03,+9.910000E+37,+2.433906E+02,+3.584400E+04,+1.068035E+01,+1.685500E-03,+9.910000E+37,+2.434561E+02,+3.584400E+04,-1.569800E-01,+0.000000E+00,+9.910000E+37,+2.435234E+02,+3.584400E+04
11:52:52,0e0,+1.068994E+01,+1.700000E-03,+9.910000E+37,+2.437510E+02,+3.584400E+04,+1.069573E+01,+1.700000E-03,+9.910000E+37,+2.438174E+02,+3.584400E+04,+1.069173E+01,+1.700000E-03,+9.910000E+37,+2.438848E+02,+3.584400E+04,-1.544755E-01,+0.000000E+00,+9.910000E+37,+2.439502E+02,+3.584400E+04
11:52:52,0e0,+1.070349E+01,+1.714000E-03,+9.910000E+37,+2.441768E+02,+3.584400E+04,+1.070537E+01,+1.714000E-03,+9.910000E+37,+2.442441E+02,+3.584400E+04,+1.070324E+01,+1.714000E-03,+9.910000E+37,+2.443105E+02,+3.584400E+04,-1.532461E-01,+0.000000E+00,+9.910000E+37,+2.443770E+02,+3.584400E+04
11:52:52,0e0,+1.071538E+01,+1.728500E-03,+9.910000E+37,+2.446006E+02,+3.584400E+04,+1.071963E+01,+1.728500E-03,+9.910000E+37,+2.446680E+02,+3.584400E+04,+1.071659E+01,+1.728500E-03,+9.910000E+37,+2.447344E+02,+3.584400E+04,-1.540202E-01,+0.000000E+00,+9.910000E+37,+2.448008E+02,+3.584400E+04
11:52:52,0e0,+1.072769E+01,+1.742500E-03,+9.910000E+37,+2.450303E+02,+3.584400E+04,+1.073032E+01,+1.742500E-03,+9.910000E+37,+2.450977E+02,+3.584400E+04,+1.072947E+01,+1.742500E-03,+9.910000E+37,+2.451631E+02,+3.584400E+04,-1.514248E-01,+0.000000E+00,+9.910000E+37,+2.452295E+02,+3.584400E+04
11:52:52,0e0,+1.073993E+01,+1.757000E-03,+9.910000E+37,+2.454551E+02,+3.584400E+04,+1.074302E+01,+1.757000E-03,+9.910000E+37,+2.455225E+02,+3.584400E+04,+1.074219E+01,+1.757000E-03,+9.910000E+37,+2.455879E+02,+3.584400E+04,-1.509695E-01,+0.000000E+00,+9.910000E+37,+2.456543E+02,+3.584400E+04
11:52:52,0e0,+1.075285E+01,+1.771500E-03,+9.910000E+37,+2.458818E+02,+3.584400E+04,+1.075827E+01,+1.771500E-03,+9.910000E+37,+2.459492E+02,+3.584400E+04,+1.075446E+01,+1.771500E-03,+9.910000E+37,+2.460146E+02,+3.584400E+04,-1.542479E-01,+0.000000E+00,+9.910000E+37,+2.460811E+02,+3.584400E+04
11:52:52,0e0,+1.076490E+01,+1.785500E-03,+9.910000E+37,+2.463047E+02,+3.584400E+04,+1.076840E+01,+1.785500E-03,+9.910000E+37,+2.463711E+02,+3.584400E+04,+1.076617E+01,+1.785500E-03,+9.910000E+37,+2.464385E+02,+3.584400E+04,-1.527908E-01,+0.000000E+00,+9.910000E+37,+2.465039E+02,+3.584400E+04
11:52:52,0e0,+1.077847E+01,+1.800000E-03,+9.910000E+37,+2.467314E+02,+3.584400E+04,+1.078068E+01,+1.800000E-03,+9.910000E+37,+2.467988E+02,+3.584400E+04,+1.077889E+01,+1.800000E-03,+9.910000E+37,+2.468643E+02,+3.584400E+04,-1.535650E-01,+0.000000E+00,+9.910000E+37,+2.469307E+02,+3.584400E+04
11:52:52,0e0,+1.078814E+01,+1.814000E-03,+9.910000E+37,+2.471563E+02,+3.584400E+04,+1.079257E+01,+1.814000E-03,+9.910000E+37,+2.472236E+02,+3.584400E+04,+1.078800E+01,+1.814000E-03,+9.910000E+37,+2.472891E+02,+3.584400E+04,-1.521533E-01,+0.000000E+00,+9.910000E+37,+2.473555E+02,+3.584400E+04
11:52:52,0e0,+1.080109E+01,+1.828500E-03,+9.910000E+37,+2.475820E+02,+3.584400E+04,+1.080428E+01,+1.828500E-03,+9.910000E+37,+2.476484E+02,+3.584400E+04,+1.080177E+01,+1.828500E-03,+9.910000E+37,+2.477158E+02,+3.584400E+04,-1.494669E-01,+0.000000E+00,+9.910000E+37,+2.477813E+02,+3.584400E+04
11:52:52,0e0,+1.081310E+01,+1.842500E-03,+9.910000E+37,+2.480049E+02,+3.584400E+04,+1.081592E+01,+1.842500E-03,+9.910000E+37,+2.480723E+02,+3.584400E+04,+1.081191E+01,+1.842500E-03,+9.910000E+37,+2.481377E+02,+3.584400E+04,-1.550675E-01,+0.000000E+00,+9.910000E+37,+2.482041E+02,+3.584400E+04
11:52:52,0e0,+1.082491E+01,+1.857000E-03,+9.910000E+37,+2.484307E+02,+3.584400E+04,+1.082801E+01,+1.857000E-03,+9.910000E+37,+2.484980E+02,+3.584400E+04,+1.082329E+01,+1.857000E-03,+9.910000E+37,+2.485635E+02,+3.584400E+04,-1.504687E-01,+0.000000E+00,+9.910000E+37,+2.486309E+02,+3.584400E+04
11:52:52,0e0,+1.083666E+01,+1.871500E-03,+9.910000E+37,+2.488564E+02,+3.584400E+04,+1.083939E+01,+1.871500E-03,+9.910000E+37,+2.489238E+02,+3.584400E+04,+1.083715E+01,+1.871500E-03,+9.910000E+37,+2.489893E+02,+3.584400E+04,-1.479186E-01,+0.000000E+00,+9.910000E+37,+2.490557E+02,+3.584400E+04
11:52:52,0e0,+1.084722E+01,+1.885500E-03,+9.910000E+37,+2.492842E+02,+3.584400E+04,+1.085171E+01,+1.885500E-03,+9.910000E+37,+2.493496E+02,+3.584400E+04,+1.084730E+01,+1.885500E-03,+9.910000E+37,+2.494170E+02,+3.584400E+04,-1.498766E-01,+0.000000E+00,+9.910000E+37,+2.494844E+02,+3.584400E+04
11:52:52,0e0,+1.085859E+01,+1.900000E-03,+9.910000E+37,+2.497070E+02,+3.584400E+04,+1.086094E+01,+1.900000E-03,+9.910000E+37,+2.497744E+02,+3.584400E+04,+1.086070E+01,+1.900000E-03,+9.910000E+37,+2.498398E+02,+3.584400E+04,-1.467805E-01,+0.000000E+00,+9.910000E+37,+2.499072E+02,+3.584400E+04
11:52:52,0e0,+1.086954E+01,+1.914000E-03,+9.910000E+37,+2.501348E+02,+3.584400E+04,+1.087395E+01,+1.914000E-03,+9.910000E+37,+2.502002E+02,+3.584400E+04,+1.087069E+01,+1.914000E-03,+9.910000E+37,+2.502676E+02,+3.584400E+04,-1.484652E-01,+0.000000E+00,+9.910000E+37,+2.503350E+02,+3.584400E+04
11:52:52,0e0,+1.088191E+01,+1.928500E-03,+9.910000E+37,+2.505566E+02,+3.584400E+04,+1.088278E+01,+1.928500E-03,+9.910000E+37,+2.506230E+02,+3.584400E+04,+1.088287E+01,+1.928500E-03,+9.910000E+37,+2.506904E+02,+3.584400E+04,-1.449590E-01,+0.000000E+00,+9.910000E+37,+2.507559E+02,+3.584400E+04
11:52:52,0e0,+1.089311E+01,+1.942500E-03,+9.910000E+37,+2.509805E+02,+3.584400E+04,+1.089483E+01,+1.942500E-03,+9.910000E+37,+2.510479E+02,+3.584400E+04,+1.089146E+01,+1.942500E-03,+9.910000E+37,+2.511133E+02,+3.584400E+04,-1.479644E-01,+0.000000E+00,+9.910000E+37,+2.511807E+02,+3.584400E+04
11:52:52,0e0,+1.090284E+01,+1.957000E-03,+9.910000E+37,+2.514063E+02,+3.584400E+04,+1.090556E+01,+1.957000E-03,+9.910000E+37,+2.514736E+02,+3.584400E+04,+1.090226E+01,+1.957000E-03,+9.910000E+37,+2.515391E+02,+3.584400E+04,-1.476457E-01,+0.000000E+00,+9.910000E+37,+2.516064E+02,+3.584400E+04
11:52:52,0e0,+1.091336E+01,+1.971500E-03,+9.910000E+37,+2.518340E+02,+3.584400E+04,+1.091757E+01,+1.971500E-03,+9.910000E+37,+2.518994E+02,+3.584400E+04,+1.091502E+01,+1.971500E-03,+9.910000E+37,+2.519658E+02,+3.584400E+04,-1.445494E-01,+0.000000E+00,+9.910000E+37,+2.520332E+02,+3.584400E+04
11:52:52,0e0,+1.092517E+01,+1.985500E-03,+9.910000E+37,+2.522549E+02,+3.584400E+04,+1.092784E+01,+1.985500E-03,+9.910000E+37,+2.523223E+02,+3.584400E+04,+1.092462E+01,+1.985500E-03,+9.910000E+37,+2.523877E+02,+3.584400E+04,-1.470537E-01,+0.000000E+00,+9.910000E+37,+2.524541E+02,+3.584400E+04
11:52:52,0e0,+1.093628E+01,+2.000000E-03,+9.910000E+37,+2.526807E+02,+3.584400E+04,+1.093712E+01,+2.000000E-03,+9.910000E+37,+2.527471E+02,+3.584400E+04,+1.093442E+01,+2.000000E-03,+9.910000E+37,+2.528145E+02,+3.584400E+04,-1.471446E-01,+0.000000E+00,+9.910000E+37,+2.528809E+02,+3.584400E+04
11:52:52,0e0,+1.094615E+01,+2.014000E-03,+9.910000E+37,+2.531006E+02,+3.584400E+04,+1.094816E+01,+2.014000E-03,+9.910000E+37,+2.531670E+02,+3.584400E+04,+1.094549E+01,+2.014000E-03,+9.910000E+37,+2.532334E+02,+3.584400E+04,-1.480555E-01,+0.000000E+00,+9.910000E+37,+2.533008E+02,+3.584400E+04
11:52:52,0e0,+1.095745E+01,+2.028500E-03,+9.910000E+37,+2.535293E+02,+3.584400E+04,+1.096019E+01,+2.028500E-03,+9.910000E+37,+2.535967E+02,+3.584400E+04,+1.095695E+01,+2.028500E-03,+9.910000E+37,+2.536621E+02,+3.584400E+04,-1.511518E-01,+0.000000E+00,+9.910000E+37,+2.537285E+02,+3.584400E+04
11:52:52,0e0,+1.096597E+01,+2.042500E-03,+9.910000E+37,+2.539541E+02,+3.584400E+04,+1.096886E+01,+2.042500E-03,+9.910000E+37,+2.540195E+02,+3.584400E+04,+1.096742E+01,+2.042500E-03,+9.910000E+37,+2.540869E+02,+3.584400E+04,-1.498312E-01,+0.000000E+00,+9.910000E+37,+2.541523E+02,+3.584400E+04
11:52:52,0e0,+1.097689E+01,+2.057000E-03,+9.910000E+37,+2.543770E+02,+3.584400E+04,+1.097964E+01,+2.057000E-03,+9.910000E+37,+2.544443E+02,+3.584400E+04,+1.097527E+01,+2.057000E-03,+9.910000E+37,+2.545098E+02,+3.584400E+04,-1.490117E-01,+0.000000E+00,+9.910000E+37,+2.545762E+02,+3.584400E+04
11:52:52,0e0,+1.098763E+01,+2.071500E-03,+9.910000E+37,+2.548076E+02,+3.584400E+04,+1.098921E+01,+2.071500E-03,+9.910000E+37,+2.548740E+02,+3.584400E+04,+1.098611E+01,+2.071500E-03,+9.910000E+37,+2.549395E+02,+3.584400E+04,-1.468262E-01,+0.000000E+00,+9.910000E+37,+2.550068E+02,+3.584400E+04
11:52:52,0e0,+1.099720E+01,+2.085500E-03,+9.910000E+37,+2.552324E+02,+3.584400E+04,+1.100051E+01,+2.085500E-03,+9.910000E+37,+2.552988E+02,+3.584400E+04,+1.099737E+01,+2.085500E-03,+9.910000E+37,+2.553662E+02,+3.584400E+04,-1.469170E-01,+0.000000E+00,+9.910000E+37,+2.554316E+02,+3.584400E+04
11:52:52,0e0,+1.100785E+01,+2.100000E-03,+9.910000E+37,+2.556563E+02,+3.584400E+04,+1.100985E+01,+2.100000E-03,+9.910000E+37,+2.557227E+02,+3.584400E+04,+1.100634E+01,+2.100000E-03,+9.910000E+37,+2.557891E+02,+3.584400E+04,-1.469170E-01,+0.000000E+00,+9.910000E+37,+2.558555E+02,+3.584400E+04
11:52:52,0e0,+1.101728E+01,+2.114000E-03,+9.910000E+37,+2.560830E+02,+3.584400E+04,+1.102051E+01,+2.114000E-03,+9.910000E+37,+2.561494E+02,+3.584400E+04,+1.101567E+01,+2.114000E-03,+9.910000E+37,+2.562158E+02,+3.584400E+04,-1.498312E-01,+0.000000E+00,+9.910000E+37,+2.562822E+02,+3.584400E+04
11:52:52,0e0,+1.102734E+01,+2.128500E-03,+9.910000E+37,+2.565068E+02,+3.584400E+04,+1.102988E+01,+2.128500E-03,+9.910000E+37,+2.565732E+02,+3.584400E+04,+1.102848E+01,+2.128500E-03,+9.910000E+37,+2.566396E+02,+3.584400E+04,-1.466894E-01,+0.000000E+00,+9.910000E+37,+2.567061E+02,+3.584400E+04
11:52:52,0e0,+1.103682E+01,+2.142500E-03,+9.910000E+37,+2.569326E+02,+3.584400E+04,+1.104026E+01,+2.142500E-03,+9.910000E+37,+2.569980E+02,+3.584400E+04,+1.103681E+01,+2.142500E-03,+9.910000E+37,+2.570654E+02,+3.584400E+04,-1.470991E-01,+0.000000E+00,+9.910000E+37,+2.571309E+02,+3.584400E+04
11:52:52,0e0,+1.104748E+01,+2.157000E-03,+9.910000E+37,+2.573545E+02,+3.584400E+04,+1.104944E+01,+2.157000E-03,+9.910000E+37,+2.574219E+02,+3.584400E+04,+1.104591E+01,+2.157000E-03,+9.910000E+37,+2.574873E+02,+3.584400E+04,-1.444584E-01,+0.000000E+00,+9.910000E+37,+2.575547E+02,+3.584400E+04
11:52:52,0e0,+1.105707E+01,+2.171500E-03,+9.910000E+37,+2.577744E+02,+3.584400E+04,+1.106022E+01,+2.171500E-03,+9.910000E+37,+2.578398E+02,+3.584400E+04,+1.105585E+01,+2.171500E-03,+9.910000E+37,+2.579072E+02,+3.584400E+04,-1.460519E-01,+0.000000E+00,+9.910000E+37,+2.579727E+02,+3.584400E+04
11:52:52,0e0,+1.106636E+01,+2.185500E-03,+9.910000E+37,+2.581963E+02,+3.584400E+04,+1.106873E+01,+2.185500E-03,+9.910000E+37,+2.582617E+02,+3.584400E+04,+1.106470E+01,+2.185500E-03,+9.910000E+37,+2.583291E+02,+3.584400E+04,-1.427735E-01,+0.000000E+00,+9.910000E+37,+2.583955E+02,+3.584400E+04
11:52:52,0e0,+1.107453E+01,+2.200000E-03,+9.910000E+37,+2.586172E+02,+3.584400E+04,+1.107881E+01,+2.200000E-03,+9.910000E+37,+2.586846E+02,+3.584400E+04,+1.107309E+01,+2.200000E-03,+9.910000E+37,+2.587500E+02,+3.584400E+04,-1.485564E-01,+0.000000E+00,+9.910000E+37,+2.588174E+02,+3.584400E+04
11:52:52,0e0,+1.108503E+01,+2.214000E-03,+9.910000E+37,+2.590381E+02,+3.584400E+04,+1.108766E+01,+2.214000E-03,+9.910000E+37,+2.591045E+02,+3.584400E+04,+1.108434E+01,+2.214000E-03,+9.910000E+37,+2.591719E+02,+3.584400E+04,-1.432744E-01,+0.000000E+00,+9.910000E+37,+2.592383E+02,+3.584400E+04
11:52:52,0e0,+1.109505E+01,+2.228500E-03,+9.910000E+37,+2.594580E+02,+3.584400E+04,+1.109765E+01,+2.228500E-03,+9.910000E+37,+2.595244E+02,+3.584400E+04,+1.109243E+01,+2.228500E-03,+9.910000E+37,+2.595918E+02,+3.584400E+04,-1.463706E-01,+0.000000E+00,+9.910000E+37,+2.596582E+02,+3.584400E+04
11:52:52,0e0,+1.110498E+01,+2.242500E-03,+9.910000E+37,+2.598818E+02,+3.584400E+04,+1.110670E+01,+2.242500E-03,+9.910000E+37,+2.599492E+02,+3.584400E+04,+1.110277E+01,+2.242500E-03,+9.910000E+37,+2.600146E+02,+3.584400E+04,-1.454145E-01,+0.000000E+00,+9.910000E+37,+2.600820E+02,+3.584400E+04
11:52:52,0e0,+1.111403E+01,+2.257000E-03,+9.910000E+37,+2.603076E+02,+3.584400E+04,+1.111693E+01,+2.257000E-03,+9.910000E+37,+2.603740E+02,+3.584400E+04,+1.111206E+01,+2.257000E-03,+9.910000E+37,+2.604404E+02,+3.584400E+04,-1.455511E-01,+0.000000E+00,+9.910000E+37,+2.605068E+02,+3.584400E+04
11:52:52,0e0,+1.112357E+01,+2.271500E-03,+9.910000E+37,+2.607334E+02,+3.584400E+04,+1.112557E+01,+2.271500E-03,+9.910000E+37,+2.607998E+02,+3.584400E+04,+1.112066E+01,+2.271500E-03,+9.910000E+37,+2.608662E+02,+3.584400E+04,-1.431834E-01,+0.000000E+00,+9.910000E+37,+2.609336E+02,+3.584400E+04
11:52:52,0e0,+1.113090E+01,+2.285500E-03,+9.910000E+37,+2.611621E+02,+3.584400E+04,+1.113523E+01,+2.285500E-03,+9.910000E+37,+2.612275E+02,+3.584400E+04,+1.113059E+01,+2.285500E-03,+9.910000E+37,+2.612949E+02,+3.584400E+04,-1.426371E-01,+0.000000E+00,+9.910000E+37,+2.613604E+02,+3.584400E+04
11:52:52,0e0,+1.114121E+01,+2.300000E-03,+9.910000E+37,+2.615869E+02,+3.584400E+04,+1.114440E+01,+2.300000E-03,+9.910000E+37,+2.616533E+02,+3.584400E+04,+1.114035E+01,+2.300000E-03,+9.910000E+37,+2.617207E+02,+3.584400E+04,-1.452781E-01,+0.000000E+00,+9.910000E+37,+2.617861E+02,+3.584400E+04
11:52:52,0e0,+1.115065E+01,+2.314000E-03,+9.910000E+37,+2.620127E+02,+3.584400E+04,+1.115267E+01,+2.314000E-03,+9.910000E+37,+2.620801E+02,+3.584400E+04,+1.115045E+01,+2.314000E-03,+9.910000E+37,+2.621455E+02,+3.584400E+04,-1.466440E-01,+0.000000E+00,+9.910000E+37,+2.622129E+02,+3.584400E+04
11:52:52,0e0,+1.115844E+01,+2.328500E-03,+9.910000E+37,+2.624375E+02,+3.584400E+04,+1.116185E+01,+2.328500E-03,+9.910000E+37,+2.625049E+02,+3.584400E+04,+1.115792E+01,+2.328500E-03,+9.910000E+37,+2.625703E+02,+3.584400E+04,-1.460520E-01,+0.000000E+00,+9.910000E+37,+2.626377E+02,+3.584400E+04
11:52:52,0e0,+1.116942E+01,+2.342500E-03,+9.910000E+37,+2.628643E+02,+3.584400E+04,+1.117053E+01,+2.342500E-03,+9.910000E+37,+2.629307E+02,+3.584400E+04,+1.116666E+01,+2.342500E-03,+9.910000E+37,+2.629971E+02,+3.584400E+04,-1.438210E-01,+0.000000E+00,+9.910000E+37,+2.630625E+02,+3.584400E+04
11:52:52,0e0,+1.117664E+01,+2.357000E-03,+9.910000E+37,+2.632852E+02,+3.584400E+04,+1.118004E+01,+2.357000E-03,+9.910000E+37,+2.633516E+02,+3.584400E+04,+1.117581E+01,+2.357000E-03,+9.910000E+37,+2.634189E+02,+3.584400E+04,-1.475092E-01,+0.000000E+00,+9.910000E+37,+2.634844E+02,+3.584400E+04
11:52:52,0e0,+1.118596E+01,+2.371500E-03,+9.910000E+37,+2.637100E+02,+3.584400E+04,+1.119015E+01,+2.371500E-03,+9.910000E+37,+2.637764E+02,+3.584400E+04,+1.118529E+01,+2.371500E-03,+9.910000E+37,+2.638428E+02,+3.584400E+04,-1.466896E-01,+0.000000E+00,+9.910000E+37,+2.639092E+02,+3.584400E+04
11:52:52,0e0,+1.119520E+01,+2.385500E-03,+9.910000E+37,+2.641357E+02,+3.584400E+04,+1.119909E+01,+2.385500E-03,+9.910000E+37,+2.642012E+02,+3.584400E+04,+1.119318E+01,+2.385500E-03,+9.910000E+37,+2.642686E+02,+3.584400E+04,-1.450958E-01,+0.000000E+00,+9.910000E+37,+2.643340E+02,+3.584400E+04
11:52:52,0e0,+1.120258E+01,+2.400000E-03,+9.910000E+37,+2.645576E+02,+3.584400E+04,+1.120521E+01,+2.400000E-03,+9.910000E+37,+2.646250E+02,+3.584400E+04,+1.120130E+01,+2.400000E-03,+9.910000E+37,+2.646904E+02,+3.584400E+04,-1.423183E-01,+0.000000E+00,+9.910000E+37,+2.647578E+02,+3.584400E+04
11:52:52,0e0,+1.121257E+01,+2.414000E-03,+9.910000E+37,+2.649775E+02,+3.584400E+04,+1.121350E+01,+2.414000E-03,+9.910000E+37,+2.650449E+02,+3.584400E+04,+1.120987E+01,+2.414000E-03,+9.910000E+37,+2.651104E+02,+3.584400E+04,-1.439575E-01,+0.000000E+00,+9.910000E+37,+2.651777E+02,+3.584400E+04
11:52:52,0e0,+1.122010E+01,+2.428500E-03,+9.910000E+37,+2.654004E+02,+3.584400E+04,+1.122335E+01,+2.428500E-03,+9.910000E+37,+2.654678E+02,+3.584400E+04,+1.121911E+01,+2.428500E-03,+9.910000E+37,+2.655332E+02,+3.584400E+04,-1.465985E-01,+0.000000E+00,+9.910000E+37,+2.655996E+02,+3.584400E+04
11:52:52,0e0,+1.122969E+01,+2.442500E-03,+9.910000E+37,+2.658242E+02,+3.584400E+04,+1.123098E+01,+2.442500E-03,+9.910000E+37,+2.658896E+02,+3.584400E+04,+1.122708E+01,+2.442500E-03,+9.910000E+37,+2.659561E+02,+3.584400E+04,-1.450503E-01,+0.000000E+00,+9.910000E+37,+2.660234E+02,+3.584400E+04
11:52:52,0e0,+1.123953E+01,+2.457000E-03,+9.910000E+37,+2.662432E+02,+3.584400E+04,+1.123904E+01,+2.457000E-03,+9.910000E+37,+2.663096E+02,+3.584400E+04,+1.123615E+01,+2.457000E-03,+9.910000E+37,+2.663770E+02,+3.584400E+04,-1.399051E-01,+0.000000E+00,+9.910000E+37,+2.664443E+02,+3.584400E+04
11:52:52,0e0,+1.124725E+01,+2.471500E-03,+9.910000E+37,+2.666699E+02,+3.584400E+04,+1.124904E+01,+2.471500E-03,+9.910000E+37,+2.667363E+02,+3.584400E+04,+1.124372E+01,+2.471500E-03,+9.910000E+37,+2.668027E+02,+3.584400E+04,-1.417720E-01,+0.000000E+00,+9.910000E+37,+2.668701E+02,+3.584400E+04
11:52:52,0e0,+1.125420E+01,+2.485500E-03,+9.910000E+37,+2.670957E+02,+3.584400E+04,+1.125741E+01,+2.485500E-03,+9.910000E+37,+2.671621E+02,+3.584400E+04,+1.125315E+01,+2.485500E-03,+9.910000E+37,+2.672295E+02,+3.584400E+04,-1.438665E-01,+0.000000E+00,+9.910000E+37,+2.672949E+02,+3.584400E+04
11:52:52,0e0,+1.126261E+01,+2.500000E-03,+9.910000E+37,+2.675195E+02,+3.584400E+04,+1.126610E+01,+2.500000E-03,+9.910000E+37,+2.675850E+02,+3.584400E+04,+1.126191E+01,+2.500000E-03,+9.910000E+37,+2.676523E+02,+3.584400E+04,-1.426371E-01,+0.000000E+00,+9.910000E+37,+2.677197E+02,+3.584400E+04
11:52:52,0e0,+1.127306E+01,+2.514000E-03,+9.910000E+37,+2.679395E+02,+3.584400E+04,+1.127384E+01,+2.514000E-03,+9.910000E+37,+2.680059E+02,+3.584400E+04,+1.126902E+01,+2.514000E-03,+9.910000E+37,+2.680732E+02,+3.584400E+04,-1.433202E-01,+0.000000E+00,+9.910000E+37,+2.681387E+02,+3.584400E+04
11:52:52,0e0,+1.128218E+01,+2.528500E-03,+9.910000E+37,+2.683643E+02,+3.584400E+04,+1.128162E+01,+2.528500E-03,+9.910000E+37,+2.684307E+02,+3.584400E+04,+1.127651E+01,+2.528500E-03,+9.910000E+37,+2.684980E+02,+3.584400E+04,-1.402695E-01,+0.000000E+00,+9.910000E+37,+2.685654E+02,+3.584400E+04
11:52:52,0e0,+1.128841E+01,+2.542500E-03,+9.910000E+37,+2.687871E+02,+3.584400E+04,+1.129064E+01,+2.542500E-03,+9.910000E+37,+2.688535E+02,+3.584400E+04,+1.128535E+01,+2.542500E-03,+9.910000E+37,+2.689209E+02,+3.584400E+04,-1.431835E-01,+0.000000E+00,+9.910000E+37,+2.689883E+02,+3.584400E+04
11:52:52,0e0,+1.129753E+01,+2.557000E-03,+9.910000E+37,+2.692148E+02,+3.584400E+04,+1.129925E+01,+2.557000E-03,+9.910000E+37,+2.692813E+02,+3.584400E+04,+1.129424E+01,+2.557000E-03,+9.910000E+37,+2.693477E+02,+3.584400E+04,-1.369000E-01,+0.000000E+00,+9.910000E+37,+2.694150E+02,+3.584400E+04
11:52:52,0e0,+1.130621E+01,+2.571500E-03,+9.910000E+37,+2.696592E+02,+3.584400E+04,+1.130729E+01,+2.571500E-03,+9.910000E+37,+2.697266E+02,+3.584400E+04,+1.130340E+01,+2.571500E-03,+9.910000E+37,+2.697920E+02,+3.584400E+04,-1.423639E-01,+0.000000E+00,+9.910000E+37,+2.698594E+02,+3.584400E+04
11:52:52,0e0,+1.131438E+01,+2.585500E-03,+9.910000E+37,+2.700811E+02,+3.584400E+04,+1.131371E+01,+2.585500E-03,+9.910000E+37,+2.701484E+02,+3.584400E+04,+1.131096E+01,+2.585500E-03,+9.910000E+37,+2.702139E+02,+3.584400E+04,-1.383113E-01,+0.000000E+00,+9.910000E+37,+2.702803E+02,+3.584400E+04
11:52:52,0e0,+1.132126E+01,+2.600000E-03,+9.910000E+37,+2.705088E+02,+3.584400E+04,+1.132484E+01,+2.600000E-03,+9.910000E+37,+2.705742E+02,+3.584400E+04,+1.131863E+01,+2.600000E-03,+9.910000E+37,+2.706416E+02,+3.584400E+04,-1.416809E-01,+0.000000E+00,+9.910000E+37,+2.707080E+02,+3.584400E+04
11:52:52,0e0,+1.132943E+01,+2.614000E-03,+9.910000E+37,+2.709326E+02,+3.584400E+04,+1.133199E+01,+2.614000E-03,+9.910000E+37,+2.709990E+02,+3.584400E+04,+1.132711E+01,+2.614000E-03,+9.910000E+37,+2.710664E+02,+3.584400E+04,-1.418176E-01,+0.000000E+00,+9.910000E+37,+2.711318E+02,+3.584400E+04
11:52:52,0e0,+1.133891E+01,+2.628500E-03,+9.910000E+37,+2.713633E+02,+3.584400E+04,+1.134006E+01,+2.628500E-03,+9.910000E+37,+2.714287E+02,+3.584400E+04,+1.133677E+01,+2.628500E-03,+9.910000E+37,+2.714961E+02,+3.584400E+04,-1.406794E-01,+0.000000E+00,+9.910000E+37,+2.715615E+02,+3.584400E+04
11:52:52,0e0,+1.134567E+01,+2.642500E-03,+9.910000E+37,+2.717891E+02,+3.584400E+04,+1.134856E+01,+2.642500E-03,+9.910000E+37,+2.718545E+02,+3.584400E+04,+1.134162E+01,+2.642500E-03,+9.910000E+37,+2.719219E+02,+3.584400E+04,-1.405881E-01,+0.000000E+00,+9.910000E+37,+2.719873E+02,+3.584400E+04
11:52:52,0e0,+1.135411E+01,+2.657000E-03,+9.910000E+37,+2.722119E+02,+3.584400E+04,+1.135386E+01,+2.657000E-03,+9.910000E+37,+2.722773E+02,+3.584400E+04,+1.135038E+01,+2.657000E-03,+9.910000E+37,+2.723438E+02,+3.584400E+04,-1.416810E-01,+0.000000E+00,+9.910000E+37,+2.724102E+02,+3.584400E+04
11:52:52,0e0,+1.136106E+01,+2.671500E-03,+9.910000E+37,+2.726367E+02,+3.584400E+04,+1.136362E+01,+2.671500E-03,+9.910000E+37,+2.727031E+02,+3.584400E+04,+1.135789E+01,+2.671500E-03,+9.910000E+37,+2.727705E+02,+3.584400E+04,-1.367634E-01,+0.000000E+00,+9.910000E+37,+2.728359E+02,+3.584400E+04
11:52:52,0e0,+1.137059E+01,+2.685500E-03,+9.910000E+37,+2.730605E+02,+3.584400E+04,+1.137188E+01,+2.685500E-03,+9.910000E+37,+2.731270E+02,+3.584400E+04,+1.136653E+01,+2.685500E-03,+9.910000E+37,+2.731943E+02,+3.584400E+04,-1.363080E-01,+0.000000E+00,+9.910000E+37,+2.732617E+02,+3.584400E+04
11:52:52,0e0,+1.137800E+01,+2.700000E-03,+9.910000E+37,+2.734854E+02,+3.584400E+04,+1.137920E+01,+2.700000E-03,+9.910000E+37,+2.735518E+02,+3.584400E+04,+1.137405E+01,+2.700000E-03,+9.910000E+37,+2.736191E+02,+3.584400E+04,-1.358983E-01,+0.000000E+00,+9.910000E+37,+2.736865E+02,+3.584400E+04
11:52:52,0e0,+1.139898E+01,+2.714000E-03,+9.910000E+37,+2.745752E+02,+3.584400E+04,+1.140400E+01,+2.714000E-03,+9.910000E+37,+2.746416E+02,+3.584400E+04,+1.139759E+01,+2.714000E-03,+9.910000E+37,+2.747090E+02,+3.584400E+04,-1.420453E-01,+0.000000E+00,+9.910000E+37,+2.747764E+02,+3.584400E+04
11:52:52,0e0,+1.140353E+01,+2.728500E-03,+9.910000E+37,+2.750020E+02,+3.584400E+04,+1.140360E+01,+2.728500E-03,+9.910000E+37,+2.750684E+02,+3.584400E+04,+1.139611E+01,+2.728500E-03,+9.910000E+37,+2.751357E+02,+3.584400E+04,-1.392223E-01,+0.000000E+00,+9.910000E+37,+2.752031E+02,+3.584400E+04
11:52:52,0e0,+1.140668E+01,+2.742500E-03,+9.910000E+37,+2.754365E+02,+3.584400E+04,+1.140673E+01,+2.742500E-03,+9.910000E+37,+2.755020E+02,+3.584400E+04,+1.140251E+01,+2.742500E-03,+9.910000E+37,+2.755684E+02,+3.584400E+04,-1.348510E-01,+0.000000E+00,+9.910000E+37,+2.756357E+02,+3.584400E+04
11:52:52,0e0,+1.141286E+01,+2.757000E-03,+9.910000E+37,+2.758643E+02,+3.584400E+04,+1.141417E+01,+2.757000E-03,+9.910000E+37,+2.759307E+02,+3.584400E+04,+1.140942E+01,+2.757000E-03,+9.910000E+37,+2.759980E+02,+3.584400E+04,-1.407704E-01,+0.000000E+00,+9.910000E+37,+2.760654E+02,+3.584400E+04
11:52:52,0e0,+1.141842E+01,+2.771500E-03,+9.910000E+37,+2.762881E+02,+3.584400E+04,+1.141980E+01,+2.771500E-03,+9.910000E+37,+2.763535E+02,+3.584400E+04,+1.141562E+01,+2.771500E-03,+9.910000E+37,+2.764199E+02,+3.584400E+04,-1.380838E-01,+0.000000E+00,+9.910000E+37,+2.764863E+02,+3.584400E+04
11:52:52,0e0,+1.142520E+01,+2.785500E-03,+9.910000E+37,+2.767129E+02,+3.584400E+04,+1.142929E+01,+2.785500E-03,+9.910000E+37,+2.767793E+02,+3.584400E+04,+1.142209E+01,+2.785500E-03,+9.910000E+37,+2.768467E+02,+3.584400E+04,-1.389946E-01,+0.000000E+00,+9.910000E+37,+2.769141E+02,+3.584400E+04
11:52:52,0e0,+1.143349E+01,+2.800000E-03,+9.910000E+37,+2.771426E+02,+3.584400E+04,+1.143511E+01,+2.800000E-03,+9.910000E+37,+2.772100E+02,+3.584400E+04,+1.142955E+01,+2.800000E-03,+9.910000E+37,+2.772754E+02,+3.584400E+04,-1.372187E-01,+0.000000E+00,+9.910000E+37,+2.773418E+02,+3.584400E+04
11:52:52,0e0,+1.143955E+01,+2.814000E-03,+9.910000E+37,+2.775674E+02,+3.584400E+04,+1.144139E+01,+2.814000E-03,+9.910000E+37,+2.776348E+02,+3.584400E+04,+1.143641E+01,+2.814000E-03,+9.910000E+37,+2.777002E+02,+3.584400E+04,-1.363080E-01,+0.000000E+00,+9.910000E+37,+2.777666E+02,+3.584400E+04
11:52:52,0e0,+1.144698E+01,+2.828500E-03,+9.910000E+37,+2.779912E+02,+3.584400E+04,+1.144887E+01,+2.828500E-03,+9.910000E+37,+2.780576E+02,+3.584400E+04,+1.144426E+01,+2.828500E-03,+9.910000E+37,+2.781250E+02,+3.584400E+04,-1.366269E-01,+0.000000E+00,+9.910000E+37,+2.781904E+02,+3.584400E+04
11:52:52,0e0,+1.145407E+01,+2.842500E-03,+9.910000E+37,+2.784189E+02,+3.584400E+04,+1.145624E+01,+2.842500E-03,+9.910000E+37,+2.784863E+02,+3.584400E+04,+1.145057E+01,+2.842500E-03,+9.910000E+37,+2.785518E+02,+3.584400E+04,-1.334395E-01,+0.000000E+00,+9.910000E+37,+2.786182E+02,+3.584400E+04
11:52:52,0e0,+1.146429E+01,+2.857000E-03,+9.910000E+37,+2.788457E+02,+3.584400E+04,+1.146311E+01,+2.857000E-03,+9.910000E+37,+2.789121E+02,+3.584400E+04,+1.145763E+01,+2.857000E-03,+9.910000E+37,+2.789785E+02,+3.584400E+04,-1.333029E-01,+0.000000E+00,+9.910000E+37,+2.790459E+02,+3.584400E+04
11:52:52,0e0,+1.146909E+01,+2.871500E-03,+9.910000E+37,+2.792676E+02,+3.584400E+04,+1.147025E+01,+2.871500E-03,+9.910000E+37,+2.793350E+02,+3.584400E+04,+1.146405E+01,+2.871500E-03,+9.910000E+37,+2.794004E+02,+3.584400E+04,-1.347601E-01,+0.000000E+00,+9.910000E+37,+2.794668E+02,+3.584400E+04
11:52:52,0e0,+1.147773E+01,+2.885500E-03,+9.910000E+37,+2.796982E+02,+3.584400E+04,+1.147896E+01,+2.885500E-03,+9.910000E+37,+2.797646E+02,+3.584400E+04,+1.147176E+01,+2.885500E-03,+9.910000E+37,+2.798311E+02,+3.584400E+04,-1.340768E-01,+0.000000E+00,+9.910000E+37,+2.798984E+02,+3.584400E+04
11:52:52,0e0,+1.148391E+01,+2.900000E-03,+9.910000E+37,+2.801211E+02,+3.584400E+04,+1.148505E+01,+2.900000E-03,+9.910000E+37,+2.801875E+02,+3.584400E+04,+1.147925E+01,+2.900000E-03,+9.910000E+37,+2.802539E+02,+3.584400E+04,-1.365357E-01,+0.000000E+00,+9.910000E+37,+2.803213E+02,+3.584400E+04
11:52:52,0e0,+1.149097E+01,+2.914000E-03,+9.910000E+37,+2.805430E+02,+3.584400E+04,+1.149152E+01,+2.914000E-03,+9.910000E+37,+2.806094E+02,+3.584400E+04,+1.148568E+01,+2.914000E-03,+9.910000E+37,+2.806758E+02,+3.584400E+04,-1.355795E-01,+0.000000E+00,+9.910000E+37,+2.807432E+02,+3.584400E+04
11:52:52,0e0,+1.149784E+01,+2.928500E-03,+9.910000E+37,+2.809678E+02,+3.584400E+04,+1.149912E+01,+2.928500E-03,+9.910000E+37,+2.810352E+02,+3.584400E+04,+1.149434E+01,+2.928500E-03,+9.910000E+37,+2.811006E+02,+3.584400E+04,-1.374466E-01,+0.000000E+00,+9.910000E+37,+2.811670E+02,+3.584400E+04
11:52:52,0e0,+1.150499E+01,+2.942500E-03,+9.910000E+37,+2.813926E+02,+3.584400E+04,+1.150646E+01,+2.942500E-03,+9.910000E+37,+2.814600E+02,+3.584400E+04,+1.150058E+01,+2.942500E-03,+9.910000E+37,+2.815273E+02,+3.584400E+04,-1.376287E-01,+0.000000E+00,+9.910000E+37,+2.815928E+02,+3.584400E+04
11:52:52,0e0,+1.151279E+01,+2.957000E-03,+9.910000E+37,+2.818135E+02,+3.584400E+04,+1.151283E+01,+2.957000E-03,+9.910000E+37,+2.818799E+02,+3.584400E+04,+1.150607E+01,+2.957000E-03,+9.910000E+37,+2.819473E+02,+3.584400E+04,-1.317092E-01,+0.000000E+00,+9.910000E+37,+2.820146E+02,+3.584400E+04
11:52:52,0e0,+1.151894E+01,+2.971500E-03,+9.910000E+37,+2.822324E+02,+3.584400E+04,+1.151809E+01,+2.971500E-03,+9.910000E+37,+2.822998E+02,+3.584400E+04,+1.151281E+01,+2.971500E-03,+9.910000E+37,+2.823672E+02,+3.584400E+04,-1.354430E-01,+0.000000E+00,+9.910000E+37,+2.824326E+02,+3.584400E+04
11:52:52,0e0,+1.152721E+01,+2.985500E-03,+9.910000E+37,+2.826631E+02,+3.584400E+04,+1.152760E+01,+2.985500E-03,+9.910000E+37,+2.827285E+02,+3.584400E+04,+1.152098E+01,+2.985500E-03,+9.910000E+37,+2.827949E+02,+3.584400E+04,-1.303887E-01,+0.000000E+00,+9.910000E+37,+2.828623E+02,+3.584400E+04
