11:03:36,0e0,-4.287662E-02,-1.300000E-07,+9.910000E+37,+5.142109E+02,+3.584400E+04,-4.274009E-02,-1.300000E-07,+9.910000E+37,+5.142783E+02,+3.584400E+04,-4.292205E-02,-1.300000E-07,+9.910000E+37,+5.143438E+02,+3.584400E+04,-2.029251E-02,+0.000000E+00,+9.910000E+37,+5.144102E+02,+3.584400E+04
11:03:36,0e0,+3.023796E+01,+1.415500E-05,+9.910000E+37,+5.146406E+02,+3.584400E+04,+3.025824E+01,+1.415500E-05,+9.910000E+37,+5.147080E+02,+3.584400E+04,+3.024352E+01,+1.415500E-05,+9.910000E+37,+5.147754E+02,+3.584400E+04,-2.029252E-02,+0.000000E+00,+9.910000E+37,+5.148408E+02,+3.584400E+04
11:03:36,0e0,+4.733012E+01,+2.844000E-05,+9.910000E+37,+5.150635E+02,+3.584400E+04,+4.740393E+01,+2.844000E-05,+9.910000E+37,+5.151299E+02,+3.584400E+04,+4.739785E+01,+2.844000E-05,+9.910000E+37,+5.151973E+02,+3.584400E+04,-2.184087E-02,+0.000000E+00,+9.910000E+37,+5.152627E+02,+3.584400E+04
11:03:36,0e0,+5.832580E+01,+4.272500E-05,+9.910000E+37,+5.154854E+02,+3.584400E+04,+5.842399E+01,+4.272500E-05,+9.910000E+37,+5.155508E+02,+3.584400E+04,+5.842311E+01,+4.272500E-05,+9.910000E+37,+5.156172E+02,+3.584400E+04,-2.133982E-02,+0.000000E+00,+9.910000E+37,+5.156836E+02,+3.584400E+04
11:03:36,0e0,+6.671076E+01,+5.701500E-05,+9.910000E+37,+5.159141E+02,+3.584400E+04,+6.682693E+01,+5.701500E-05,+9.910000E+37,+5.159805E+02,+3.584400E+04,+6.682778E+01,+5.701500E-05,+9.910000E+37,+5.160479E+02,+3.584400E+04,-2.266061E-02,+0.000000E+00,+9.910000E+37,+5.161143E+02,+3.584400E+04
11:03:36,0e0,+7.358568E+01,+7.130000E-05,+9.910000E+37,+5.163398E+02,+3.584400E+04,+7.371432E+01,+7.130000E-05,+9.910000E+37,+5.164063E+02,+3.584400E+04,+7.371590E+01,+7.130000E-05,+9.910000E+37,+5.164727E+02,+3.584400E+04,-2.079342E-02,+0.000000E+00,+9.910000E+37,+5.165400E+02,+3.584400E+04
11:03:36,0e0,+7.946492E+01,+8.558500E-05,+9.910000E+37,+5.167607E+02,+3.584400E+04,+7.960303E+01,+8.558500E-05,+9.910000E+37,+5.168281E+02,+3.584400E+04,+7.960014E+01,+8.558500E-05,+9.910000E+37,+5.168945E+02,+3.584400E+04,-2.115767E-02,+0.000000E+00,+9.910000E+37,+5.169609E+02,+3.584400E+04
11:03:36,0e0,+8.462643E+01,+9.987000E-05,+9.910000E+37,+5.171855E+02,+3.584400E+04,+8.476839E+01,+9.987000E-05,+9.910000E+37,+5.172520E+02,+3.584400E+04,+8.476235E+01,+9.987000E-05,+9.910000E+37,+5.173184E+02,+3.584400E+04,-2.165870E-02,+0.000000E+00,+9.910000E+37,+5.173857E+02,+3.584400E+04
11:03:36,0e0,+8.921410E+01,+1.141500E-04,+9.910000E+37,+5.176162E+02,+3.584400E+04,+8.935572E+01,+1.141500E-04,+9.910000E+37,+5.176826E+02,+3.584400E+04,+8.934344E+01,+1.141500E-04,+9.910000E+37,+5.177490E+02,+3.584400E+04,-2.694029E-02,+0.000000E+00,+9.910000E+37,+5.178154E+02,+3.584400E+04
11:03:36,0e0,+9.339931E+01,+1.284500E-04,+9.910000E+37,+5.180430E+02,+3.584400E+04,+9.353936E+01,+1.284500E-04,+9.910000E+37,+5.181104E+02,+3.584400E+04,+9.351913E+01,+1.284500E-04,+9.910000E+37,+5.181758E+02,+3.584400E+04,-2.689473E-02,+0.000000E+00,+9.910000E+37,+5.182422E+02,+3.584400E+04
11:03:36,0e0,+9.722760E+01,+1.427500E-04,+9.910000E+37,+5.184678E+02,+3.584400E+04,+9.736372E+01,+1.427500E-04,+9.910000E+37,+5.185352E+02,+3.584400E+04,+9.733430E+01,+1.427500E-04,+9.910000E+37,+5.186016E+02,+3.584400E+04,-2.757788E-02,+0.000000E+00,+9.910000E+37,+5.186670E+02,+3.584400E+04
11:03:36,0e0,+1.007426E+02,+1.570000E-04,+9.910000E+37,+5.188896E+02,+3.584400E+04,+1.008743E+02,+1.570000E-04,+9.910000E+37,+5.189570E+02,+3.584400E+04,+1.008365E+02,+1.570000E-04,+9.910000E+37,+5.190244E+02,+3.584400E+04,-2.775992E-02,+0.000000E+00,+9.910000E+37,+5.190898E+02,+3.584400E+04
11:03:36,0e0,+1.040114E+02,+1.713000E-04,+9.910000E+37,+5.193135E+02,+3.584400E+04,+1.041367E+02,+1.713000E-04,+9.910000E+37,+5.193799E+02,+3.584400E+04,+1.040860E+02,+1.713000E-04,+9.910000E+37,+5.194463E+02,+3.584400E+04,-2.744123E-02,+0.000000E+00,+9.910000E+37,+5.195127E+02,+3.584400E+04
11:03:36,0e0,+1.070630E+02,+1.856000E-04,+9.910000E+37,+5.197422E+02,+3.584400E+04,+1.071813E+02,+1.856000E-04,+9.910000E+37,+5.198076E+02,+3.584400E+04,+1.071200E+02,+1.856000E-04,+9.910000E+37,+5.198740E+02,+3.584400E+04,-2.648497E-02,+0.000000E+00,+9.910000E+37,+5.199404E+02,+3.58440