11:09:27,0e0,-3.582375E-02,-1.300000E-07,+9.910000E+37,+8.590176E+02,+3.584400E+04,-3.614213E-02,-1.300000E-07,+9.910000E+37,+8.590850E+02,+3.584400E+04,-3.555034E-02,-1.300000E-07,+9.910000E+37,+8.591514E+02,+3.584400E+04,-1.278502E-02,+0.000000E+00,+9.910000E+37,+8.592178E+02,+3.584400E+04
11:09:27,0e0,+1.384614E+00,+1.415500E-05,+9.910000E+37,+8.594355E+02,+3.584400E+04,+1.386848E+00,+1.415500E-05,+9.910000E+37,+8.595029E+02,+3.584400E+04,+1.386074E+00,+1.415500E-05,+9.910000E+37,+8.595684E+02,+3.584400E+04,-1.410514E-02,+0.000000E+00,+9.910000E+37,+8.596357E+02,+3.584400E+04
11:09:27,0e0,+2.313231E+00,+2.844000E-05,+9.910000E+37,+8.598545E+02,+3.584400E+04,+2.317143E+00,+2.844000E-05,+9.910000E+37,+8.599219E+02,+3.584400E+04,+2.315819E+00,+2.844000E-05,+9.910000E+37,+8.599873E+02,+3.584400E+04,-1.378636E-02,+0.000000E+00,+9.910000E+37,+8.600537E+02,+3.584400E+04
11:09:27,0e0,+2.959179E+00,+4.272500E-05,+9.910000E+37,+8.602715E+02,+3.584400E+04,+2.964189E+00,+4.272500E-05,+9.910000E+37,+8.603379E+02,+3.584400E+04,+2.965145E+00,+4.272500E-05,+9.910000E+37,+8.604053E+02,+3.584400E+04,-1.428752E-02,+0.000000E+00,+9.910000E+37,+8.604727E+02,+3.584400E+04
11:09:27,0e0,+3.463032E+00,+5.701500E-05,+9.910000E+37,+8.606963E+02,+3.584400E+04,+3.467032E+00,+5.701500E-05,+9.910000E+37,+8.607637E+02,+3.584400E+04,+3.468448E+00,+5.701500E-05,+9.910000E+37,+8.608291E+02,+3.584400E+04,-1.405989E-02,+0.000000E+00,+9.910000E+37,+8.608975E+02,+3.584400E+04
11:09:27,0e0,+3.881916E+00,+7.130000E-05,+9.910000E+37,+8.611211E+02,+3.584400E+04,+3.886065E+00,+7.130000E-05,+9.910000E+37,+8.611865E+02,+3.584400E+04,+3.887608E+00,+7.130000E-05,+9.910000E+37,+8.612539E+02,+3.584400E+04,-1.369567E-02,+0.000000E+00,+9.910000E+37,+8.613213E+02,+3.584400E+04
11:09:27,0e0,+4.244442E+00,+8.558500E-05,+9.910000E+37,+8.615459E+02,+3.584400E+04,+4.249809E+00,+8.558500E-05,+9.910000E+37,+8.616113E+02,+3.584400E+04,+4.250582E+00,+8.558500E-05,+9.910000E+37,+8.616787E+02,+3.584400E+04,-1.424159E-02,+0.000000E+00,+9.910000E+37,+8.617480E+02,+3.584400E+04
11:09:27,0e0,+4.566567E+00,+9.987000E-05,+9.910000E+37,+8.619697E+02,+3.584400E+04,+4.572309E+00,+9.987000E-05,+9.910000E+37,+8.620352E+02,+3.584400E+04,+4.571802E+00,+9.987000E-05,+9.910000E+37,+8.621016E+02,+3.584400E+04,-1.383226E-02,+0.000000E+00,+9.910000E+37,+8.621709E+02,+3.584400E+04
11:09:27,0e0,+4.844814E+00,+1.141500E-04,+9.910000E+37,+8.623975E+02,+3.584400E+04,+4.849463E+00,+1.141500E-04,+9.910000E+37,+8.624648E+02,+3.584400E+04,+4.851550E+00,+1.141500E-04,+9.910000E+37,+8.625312E+02,+3.584400E+04,-2.107169E-02,+0.000000E+00,+9.910000E+37,+8.625977E+02,+3.584400E+04
11:09:27,0e0,+5.109613E+00,+1.284500E-04,+9.910000E+37,+8.628223E+02,+3.584400E+04,+5.115362E+00,+1.284500E-04,+9.910000E+37,+8.628877E+02,+3.584400E+04,+5.116496E+00,+1.284500E-04,+9.910000E+37,+8.629551E+02,+3.584400E+04,-2.125397E-02,+0.000000E+00,+9.910000E+37,+8.630205E+02,+3.584400E+04
11:09:27,0e0,+5.354438E+00,+1.427500E-04,+9.910000E+37,+8.632607E+02,+3.584400E+04,+5.359536E+00,+1.427500E-04,+9.910000E+37,+8.633271E+02,+3.584400E+04,+5.361511E+00,+1.427500E-04,+9.910000E+37,+8.633936E+02,+3.584400E+04,-2.084376E-02,+0.000000E+00,+9.910000E+37,+8.634609E+02,+3.584400E+04
11:09:27,0e0,+5.581457E+00,+1.570000E-04,+9.910000E+37,+8.636885E+02,+3.584400E+04,+5.588568E+00,+1.570000E-04,+9.910000E+37,+8.637559E+02,+3.584400E+04,+5.590069E+00,+1.570000E-04,+9.910000E+37,+8.638213E+02,+3.584400E+04,-2.034286E-02,+0.000000E+00,+9.910000E+37,+8.638877E+02,+3.584400E+04
11:09:27,0e0,+5.794967E+00,+1.713000E-04,+9.910000E+37,+8.641133E+02,+3.584400E+04,+5.800650E+00,+1.713000E-04,+9.910000E+37,+8.641797E+02,+3.584400E+04,+5.802927E+00,+1.713000E-04,+9.910000E+37,+8.642461E+02,+3.584400E+04,-2.148184E-02,+0.000000E+00,+9.910000E+37,+8.643125E+02,+3.584400E+04
11:09:27,0e0,+5.995430E+00,+1.856000E-04,+9.910000E+37,+8.645469E+02,+3.584400E+04,+6.000816E+00,+1.856000E-04,+9.910000E+37,+8.646133E+02,+3.584400E+04,+6.002355E+00,+1.856000E-04,+9.910000E+37,+8.646807E+02,+3.584400E+04,-2.052501E-02,+0.000000E+00,+9.910000E+37,+8.647471E+02,+3.584400E+04
11:09:27,0e0,+6.183925E+00,+1.998500E-04,+9.910000E+37,+8.649697E+02,+3.584400E+04,+6.189543E+00,+1.998500E-04,+9.910000E+37,+8.650352E+02,+3.584400E+04,+6.190625E+00,+1.998500E-04,+9.910000E+37,+8.651016E+02,+3.584400E+04,-2.029763E-02,+0.000000E+00,+9.910000E+37,+8.651680E+02,+3.584400E+04
11:09:27,0e0,+6.362413E+00,+2.141500E-04,+9.910000E+37,+8.653975E+02,+3.584400E+04,+6.368324E+00,+2.141500E-04,+9.910000E+37,+8.654639E+02,+3.584400E+04,+6.369802E+00,+2.141500E-04,+9.910000E+37,+8.655312E+02,+3.584400E+04,-1.988798E-02,+0.000000E+00,+9.910000E+37,+8.655967E+02,+3.584400E+04
11:09:27,0e0,+6.530693E+00,+2.284500E-04,+9.910000E+37,+8.658203E+02,+3.584400E+04,+6.539577E+00,+2.284500E-04,+9.910000E+37,+8.658867E+02,+3.584400E+04,+6.537420E+00,+2.284500E-04,+9.910000E+37,+8.659531E+02,+3.584400E+04,-2.029777E-02,+0.000000E+00,+9.910000E+37,+8.660186E+02,+3.584400E+04
11:09:27,0e0,+6.693571E+00,+2.427500E-04,+9.910000E+37,+8.662764E+02,+3.584400E+04,+6.697614E+00,+2.427500E-04,+9.910000E+37,+8.663438E+02,+3.584400E+04,+6.699619E+00,+2.427500E-04,+9.910000E+37,+8.664092E+02,+3.584400E+04,-2.002424E-02,+0.000000E+00,+9.910000E+37,+8.664766E+02,+3.584400E+04
11:09:27,0e0,+6.844920E+00,+2.570000E-04,+9.910000E+37,+8.667314E+02,+3.584400E+04,+6.851103E+00,+2.570000E-04,+9.910000E+37,+8.667988E+02,+3.584400E+04,+6.852153E+00,+2.570000E-04,+9.910000E+37,+8.668643E+02,+3.584400E+04,-2.075276E-02,+0.000000E+00,+9.910000E+37,+8.669316E+02,+3.584400E+04
11:09:27,0e0,+6.990379E+00,+2.713000E-04,+9.910000E+37,+8.671621E+02,+3.584400E+04,+6.996705E+00,+2.713000E-04,+9.910000E+37,+8.672285E+02,+3.584400E+04,+6.997499E+00,+2.713000E-04,+9.910000E+37,+8.672949E+02,+3.584400E+04,-2.084395E-02,+0.000000E+00,+9.910000E+37,+8.673604E+02,+3.584400E+04
11:09:27,0e0,+7.128484E+00,+2.856000E-04,+9.910000E+37,+8.675830E+02,+3.584400E+04,+7.136173E+00,+2.856000E-04,+9.910000E+37,+8.676494E+02,+3.584400E+04,+7.136811E+00,+2.856000E-04,+9.910000E+37,+8.677158E+02,+3.584400E+04,-2.006975E-02,+0.000000E+00,+9.910000E+37,+8.677832E+02,+3.584400E+04
11:09:27,0e0,+7.259746E+00,+2.998500E-04,+9.910000E+37,+8.680098E+02,+3.584400E+04,+7.267713E+00,+2.998500E-04,+9.910000E+37,+8.680762E+02,+3.584400E+04,+7.269169E+00,+2.998500E-04,+9.910000E+37,+8.681436E+02,+3.584400E+04,-2.107176E-02,+0.000000E+00,+9.910000E+37,+8.682090E+02,+3.584400E+04
11:09:27,0e0,+7.385968E+00,+3.141500E-04,+9.910000E+37,+8.684297E+02,+3.584400E+04,+7.391549E+00,+3.141500E-04,+9.910000E+37,+8.684961E+02,+3.584400E+04,+7.394930E+00,+3.141500E-04,+9.910000E+37,+8.685635E+02,+3.584400E+04,-1.938726E-02,+0.000000E+00,+9.910000E+37,+8.686289E+02,+3.584400E+04
11:09:27,0e0,+7.506773E+00,+3.284500E-04,+9.910000E+37,+8.688594E+02,+3.584400E+04,+7.512949E+00,+3.284500E-04,+9.910000E+37,+8.689258E+02,+3.584400E+04,+7.514850E+00,+3.284500E-04,+9.910000E+37,+8.689932E+02,+3.584400E+04,-1.856755E-02,+0.000000E+00,+9.910000E+37,+8.690586E+02,+3.584400E+04
11:09:27,0e0,+7.619266E+00,+3.427500E-04,+9.910000E+37,+8.692852E+02,+3.584400E+04,+7.627772E+00,+3.427500E-04,+9.910000E+37,+8.693525E+02,+3.584400E+04,+7.630455E+00,+3.427500E-04,+9.910000E+37,+8.694180E+02,+3.584400E+04,-2.057087E-02,+0.000000E+00,+9.910000E+37,+8.694844E+02,+3.584400E+04
11:09:27,0e0,+7.729263E+00,+3.570000E-04,+9.910000E+37,+8.697080E+02,+3.584400E+04,+7.735425E+00,+3.570000E-04,+9.910000E+37,+8.697744E+02,+3.584400E+04,+7.738189E+00,+3.570000E-04,+9.910000E+37,+8.698408E+02,+3.584400E+04,-1.961473E-02,+0.000000E+00,+9.910000E+37,+8.699082E+02,+3.584400E+04
11:09:27,0e0,+7.831573E+00,+3.713000E-04,+9.910000E+37,+8.701318E+02,+3.584400E+04,+7.838478E+00,+3.713000E-04,+9.910000E+37,+8.701982E+02,+3.584400E+04,+7.841410E+00,+3.713000E-04,+9.910000E+37,+8.702646E+02,+3.584400E+04,-2.088970E-02,+0.000000E+00,+9.910000E+37,+8.703311E+02,+3.584400E+04
11:09:27,0e0,+7.928507E+00,+3.856000E-04,+9.910000E+37,+8.705752E+02,+3.584400E+04,+7.937250E+00,+3.856000E-04,+9.910000E+37,+8.706416E+02,+3.584400E+04,+7.939431E+00,+3.856000E-04,+9.910000E+37,+8.707090E+02,+3.584400E+04,-2.038884E-02,+0.000000E+00,+9.910000E+37,+8.707754E+02,+3.584400E+04
11:09:27,0e0,+8.019656E+00,+3.998500E-04,+9.910000E+37,+8.709980E+02,+3.584400E+04,+8.027158E+00,+3.998500E-04,+9.910000E+37,+8.710645E+02,+3.584400E+04,+8.030032E+00,+3.998500E-04,+9.910000E+37,+8.711309E+02,+3.584400E+04,-2.011533E-02,+0.000000E+00,+9.910000E+37,+8.711963E+02,+3.584400E+04
11:09:27,0e0,+8.104803E+00,+4.141500E-04,+9.910000E+37,+8.714189E+02,+3.584400E+04,+8.113791E+00,+4.141500E-04,+9.910000E+37,+8.714854E+02,+3.584400E+04,+8.115229E+00,+4.141500E-04,+9.910000E+37,+8.715527E+02,+3.584400E+04,-2.020670E-02,+0.000000E+00,+9.910000E+37,+8.716182E+02,+3.584400E+04
11:09:27,0e0,+8.184752E+00,+4.284500E-04,+9.910000E+37,+8.718438E+02,+3.584400E+04,+8.193588E+00,+4.284500E-04,+9.910000E+37,+8.719102E+02,+3.584400E+04,+8.197646E+00,+4.284500E-04,+9.910000E+37,+8.719766E+02,+3.584400E+04,-1.979704E-02,+0.000000E+00,+9.910000E+37,+8.720420E+02,+3.584400E+04
11:09:27,0e0,+8.261201E+00,+4.427500E-04,+9.910000E+37,+8.722666E+02,+3.584400E+04,+8.269660E+00,+4.427500E-04,+9.910000E+37,+8.723330E+02,+3.584400E+04,+8.271356E+00,+4.427500E-04,+9.910000E+37,+8.723994E+02,+3.584400E+04,-1.929620E-02,+0.000000E+00,+9.910000E+37,+8.724658E+02,+3.584400E+04
11:09:27,0e0,+8.334144E+00,+4.570000E-04,+9.910000E+37,+8.726914E+02,+3.584400E+04,+8.342310E+00,+4.570000E-04,+9.910000E+37,+8.727588E+02,+3.584400E+04,+8.343246E+00,+4.570000E-04,+9.910000E+37,+8.728252E+02,+3.584400E+04,-1.997897E-02,+0.000000E+00,+9.910000E+37,+8.728906E+02,+3.584400E+04
11:09:27,0e0,+8.401449E+00,+4.713000E-04,+9.910000E+37,+8.731162E+02,+3.584400E+04,+8.410361E+00,+4.713000E-04,+9.910000E+37,+8.731826E+02,+3.584400E+04,+8.411626E+00,+4.713000E-04,+9.910000E+37,+8.732490E+02,+3.584400E+04,-2.116284E-02,+0.000000E+00,+9.910000E+37,+8.733154E+02,+3.584400E+04
11:09:27,0e0,+8.466145E+00,+4.856000E-04,+9.910000E+37,+8.735400E+02,+3.584400E+04,+8.475195E+00,+4.856000E-04,+9.910000E+37,+8.736064E+02,+3.584400E+04,+8.474134E+00,+4.856000E-04,+9.910000E+37,+8.736729E+02,+3.584400E+04,-1.938707E-02,+0.000000E+00,+9.910000E+37,+8.737393E+02,+3.584400E+04
11:09:27,0e0,+8.528428E+00,+4.998500E-04,+9.910000E+37,+8.739648E+02,+3.584400E+04,+8.535887E+00,+4.998500E-04,+9.910000E+37,+8.740312E+02,+3.584400E+04,+8.536695E+00,+4.998500E-04,+9.910000E+37,+8.740977E+02,+3.584400E+04,-1.934165E-02,+0.000000E+00,+9.910000E+37,+8.741641E+02,+3.584400E+04
11:09:27,0e0,+8.586704E+00,+5.141500E-04,+9.910000E+37,+8.743906E+02,+3.584400E+04,+8.596307E+00,+5.141500E-04,+9.910000E+37,+8.744570E+02,+3.584400E+04,+8.596447E+00,+5.141500E-04,+9.910000E+37,+8.745234E+02,+3.584400E+04,-2.084412E-02,+0.000000E+00,+9.910000E+37,+8.745898E+02,+3.584400E+04
11:09:27,0e0,+8.643978E+00,+5.284500E-04,+9.910000E+37,+8.748184E+02,+3.584400E+04,+8.651620E+00,+5.284500E-04,+9.910000E+37,+8.748848E+02,+3.584400E+04,+8.654227E+00,+5.284500E-04,+9.910000E+37,+8.749512E+02,+3.584400E+04,-2.011564E-02,+0.000000E+00,+9.910000E+37,+8.750166E+02,+3.584400E+04
11:09:27,0e0,+8.700259E+00,+5.427500E-04,+9.910000E+37,+8.752422E+02,+3.584400E+04,+8.707163E+00,+5.427500E-04,+9.910000E+37,+8.753086E+02,+3.584400E+04,+8.707808E+00,+5.427500E-04,+9.910000E+37,+8.753750E+02,+3.584400E+04,-2.070765E-02,+0.000000E+00,+9.910000E+37,+8.754414E+02,+3.584400E+04
11:09:27,0e0,+8.753119E+00,+5.570000E-04,+9.910000E+37,+8.756748E+02,+3.584400E+04,+8.760399E+00,+5.570000E-04,+9.910000E+37,+8.757412E+02,+3.584400E+04,+8.761361E+00,+5.570000E-04,+9.910000E+37,+8.758076E+02,+3.584400E+04,-2.011557E-02,+0.000000E+00,+9.910000E+37,+8.758740E+02,+3.584400E+04
11:09:27,0e0,+8.803385E+00,+5.713000E-04,+9.910000E+37,+8.760967E+02,+3.584400E+04,+8.811495E+00,+5.713000E-04,+9.910000E+37,+8.761641E+02,+3.584400E+04,+8.812692E+00,+5.713000E-04,+9.910000E+37,+8.762305E+02,+3.584400E+04,-2.020678E-02,+0.000000E+00,+9.910000E+37,+8.762969E+02,+3.584400E+04
11:09:27,0e0,+8.852013E+00,+5.856000E-04,+9.910000E+37,+8.765205E+02,+3.584400E+04,+8.859144E+00,+5.856000E-04,+9.910000E+37,+8.765869E+02,+3.584400E+04,+8.861867E+00,+5.856000E-04,+9.910000E+37,+8.766543E+02,+3.584400E+04,-1.952395E-02,+0.000000E+00,+9.910000E+37,+8.767207E+02,+3.584400E+04
11:09:27,0e0,+8.899320E+00,+5.998500E-04,+9.910000E+37,+8.769482E+02,+3.584400E+04,+8.908024E+00,+5.998500E-04,+9.910000E+37,+8.770146E+02,+3.584400E+04,+8.908335E+00,+5.998500E-04,+9.910000E+37,+8.770820E+02,+3.584400E+04,-2.157307E-02,+0.000000E+00,+9.910000E+37,+8.771484E+02,+3.584400E+04
11:09:27,0e0,+8.944633E+00,+6.141500E-04,+9.910000E+37,+8.773770E+02,+3.584400E+04,+8.952754E+00,+6.141500E-04,+9.910000E+37,+8.774434E+02,+3.584400E+04,+8.951843E+00,+6.141500E-04,+9.910000E+37,+8.775107E+02,+3.584400E+04,-1.961488E-02,+0.000000E+00,+9.910000E+37,+8.775762E+02,+3.584400E+04
11:09:27,0e0,+8.987559E+00,+6.284500E-04,+9.910000E+37,+8.778018E+02,+3.584400E+04,+8.996712E+00,+6.284500E-04,+9.910000E+37,+8.778682E+02,+3.584400E+04,+8.997265E+00,+6.284500E-04,+9.910000E+37,+8.779346E+02,+3.584400E+04,-1.943274E-02,+0.000000E+00,+9.910000E+37,+8.780010E+02,+3.584400E+04
11:09:27,0e0,+9.030315E+00,+6.427500E-04,+9.910000E+37,+8.782275E+02,+3.584400E+04,+9.038608E+00,+6.427500E-04,+9.910000E+37,+8.782949E+02,+3.584400E+04,+9.037361E+00,+6.427500E-04,+9.910000E+37,+8.783623E+02,+3.584400E+04,-2.016129E-02,+0.000000E+00,+9.910000E+37,+8.784277E+02,+3.584400E+04
11:09:27,0e0,+9.070519E+00,+6.570000E-04,+9.910000E+37,+8.786562E+02,+3.584400E+04,+9.079443E+00,+6.570000E-04,+9.910000E+37,+8.787236E+02,+3.584400E+04,+9.079532E+00,+6.570000E-04,+9.910000E+37,+8.787900E+02,+3.584400E+04,-2.052557E-02,+0.000000E+00,+9.910000E+37,+8.788555E+02,+3.584400E+04
11:09:27,0e0,+9.108582E+00,+6.713000E-04,+9.910000E+37,+8.790830E+02,+3.584400E+04,+9.117124E+00,+6.713000E-04,+9.910000E+37,+8.791504E+02,+3.584400E+04,+9.115846E+00,+6.713000E-04,+9.910000E+37,+8.792168E+02,+3.584400E+04,-2.075315E-02,+0.000000E+00,+9.910000E+37,+8.792832E+02,+3.584400E+04
11:09:27,0e0,+9.145829E+00,+6.856000E-04,+9.910000E+37,+8.795059E+02,+3.584400E+04,+9.154748E+00,+6.856000E-04,+9.910000E+37,+8.795723E+02,+3.584400E+04,+9.155252E+00,+6.856000E-04,+9.910000E+37,+8.796387E+02,+3.584400E+04,-2.052546E-02,+0.000000E+00,+9.910000E+37,+8.797061E+02,+3.584400E+04
11:09:27,0e0,+9.182340E+00,+6.998500E-04,+9.910000E+37,+8.799385E+02,+3.584400E+04,+9.191309E+00,+6.998500E-04,+9.910000E+37,+8.800059E+02,+3.584400E+04,+9.190956E+00,+6.998500E-04,+9.910000E+37,+8.800732E+02,+3.584400E+04,-2.061652E-02,+0.000000E+00,+9.910000E+37,+8.801396E+02,+3.584400E+04
11:09:27,0e0,+9.217581E+00,+7.141500E-04,+9.910000E+37,+8.803691E+02,+3.584400E+04,+9.226687E+00,+7.141500E-04,+9.910000E+37,+8.804355E+02,+3.584400E+04,+9.226105E+00,+7.141500E-04,+9.910000E+37,+8.805010E+02,+3.584400E+04,-2.093537E-02,+0.000000E+00,+9.910000E+37,+8.805674E+02,+3.584400E+04
11:09:27,0e0,+9.252558E+00,+7.284500E-04,+9.910000E+37,+8.807998E+02,+3.584400E+04,+9.260699E+00,+7.284500E-04,+9.910000E+37,+8.808672E+02,+3.584400E+04,+9.259873E+00,+7.284500E-04,+9.910000E+37,+8.809336E+02,+3.584400E+04,-1.975152E-02,+0.000000E+00,+9.910000E+37,+8.810000E+02,+3.584400E+04
11:09:27,0e0,+9.285569E+00,+7.427500E-04,+9.910000E+37,+8.812227E+02,+3.584400E+04,+9.293805E+00,+7.427500E-04,+9.910000E+37,+8.812881E+02,+3.584400E+04,+9.292945E+00,+7.427500E-04,+9.910000E+37,+8.813545E+02,+3.584400E+04,-2.020679E-02,+0.000000E+00,+9.910000E+37,+8.814209E+02,+3.584400E+04
11:09:27,0e0,+9.317069E+00,+7.570000E-04,+9.910000E+37,+8.816475E+02,+3.584400E+04,+9.325678E+00,+7.570000E-04,+9.910000E+37,+8.817139E+02,+3.584400E+04,+9.325397E+00,+7.570000E-04,+9.910000E+37,+8.817803E+02,+3.584400E+04,-2.038908E-02,+0.000000E+00,+9.910000E+37,+8.818467E+02,+3.584400E+04
11:09:27,0e0,+9.348492E+00,+7.713000E-04,+9.910000E+37,+8.820713E+02,+3.584400E+04,+9.357498E+00,+7.713000E-04,+9.910000E+37,+8.821377E+02,+3.584400E+04,+9.357789E+00,+7.713000E-04,+9.910000E+37,+8.822041E+02,+3.584400E+04,-2.116312E-02,+0.000000E+00,+9.910000E+37,+8.822715E+02,+3.584400E+04
11:09:27,0e0,+9.378531E+00,+7.856000E-04,+9.910000E+37,+8.825000E+02,+3.584400E+04,+9.387412E+00,+7.856000E-04,+9.910000E+37,+8.825674E+02,+3.584400E+04,+9.386611E+00,+7.856000E-04,+9.910000E+37,+8.826338E+02,+3.584400E+04,-2.057099E-02,+0.000000E+00,+9.910000E+37,+8.827002E+02,+3.584400E+04
11:09:27,0e0,+9.409954E+00,+7.998500E-04,+9.910000E+37,+8.829248E+02,+3.584400E+04,+9.416555E+00,+7.998500E-04,+9.910000E+37,+8.829912E+02,+3.584400E+04,+9.416109E+00,+7.998500E-04,+9.910000E+37,+8.830586E+02,+3.584400E+04,-1.993367E-02,+0.000000E+00,+9.910000E+37,+8.831240E+02,+3.584400E+04
11:09:27,0e0,+9.436208E+00,+8.141500E-04,+9.910000E+37,+8.833496E+02,+3.584400E+04,+9.444417E+00,+8.141500E-04,+9.910000E+37,+8.834160E+02,+3.584400E+04,+9.444139E+00,+8.141500E-04,+9.910000E+37,+8.834824E+02,+3.584400E+04,-2.098097E-02,+0.000000E+00,+9.910000E+37,+8.835498E+02,+3.584400E+04
11:09:27,0e0,+9.464436E+00,+8.284500E-04,+9.910000E+37,+8.837842E+02,+3.584400E+04,+9.474144E+00,+8.284500E-04,+9.910000E+37,+8.838506E+02,+3.584400E+04,+9.470438E+00,+8.284500E-04,+9.910000E+37,+8.839170E+02,+3.584400E+04,-2.007039E-02,+0.000000E+00,+9.910000E+37,+8.839844E+02,+3.584400E+04
11:09:27,0e0,+9.493134E+00,+8.427500E-04,+9.910000E+37,+8.842090E+02,+3.584400E+04,+9.500057E+00,+8.427500E-04,+9.910000E+37,+8.842764E+02,+3.584400E+04,+9.500561E+00,+8.427500E-04,+9.910000E+37,+8.843438E+02,+3.584400E+04,-1.834011E-02,+0.000000E+00,+9.910000E+37,+8.844102E+02,+3.584400E+04
11:09:27,0e0,+9.519729E+00,+8.570000E-04,+9.910000E+37,+8.846348E+02,+3.584400E+04,+9.525311E+00,+8.570000E-04,+9.910000E+37,+8.847012E+02,+3.584400E+04,+9.527872E+00,+8.570000E-04,+9.910000E+37,+8.847676E+02,+3.584400E+04,-1.947828E-02,+0.000000E+00,+9.910000E+37,+8.848350E+02,+3.584400E+04
11:09:27,0e0,+9.545135E+00,+8.713000E-04,+9.910000E+37,+8.850605E+02,+3.584400E+04,+9.553329E+00,+8.713000E-04,+9.910000E+37,+8.851270E+02,+3.584400E+04,+9.551875E+00,+8.713000E-04,+9.910000E+37,+8.851934E+02,+3.584400E+04,-2.038907E-02,+0.000000E+00,+9.910000E+37,+8.852598E+02,+3.584400E+04
11:09:27,0e0,+9.569514E+00,+8.856000E-04,+9.910000E+37,+8.854824E+02,+3.584400E+04,+9.578458E+00,+8.856000E-04,+9.910000E+37,+8.855488E+02,+3.584400E+04,+9.577868E+00,+8.856000E-04,+9.910000E+37,+8.856162E+02,+3.584400E+04,-1.888664E-02,+0.000000E+00,+9.910000E+37,+8.856816E+02,+3.584400E+04
11:09:27,0e0,+9.596375E+00,+8.998500E-04,+9.910000E+37,+8.859063E+02,+3.584400E+04,+9.604187E+00,+8.998500E-04,+9.910000E+37,+8.859727E+02,+3.584400E+04,+9.603228E+00,+8.998500E-04,+9.910000E+37,+8.860391E+02,+3.584400E+04,-1.952395E-02,+0.000000E+00,+9.910000E+37,+8.861055E+02,+3.584400E+04
11:09:27,0e0,+9.620851E+00,+9.141500E-04,+9.910000E+37,+8.863320E+02,+3.584400E+04,+9.628543E+00,+9.141500E-04,+9.910000E+37,+8.863984E+02,+3.584400E+04,+9.627725E+00,+9.141500E-04,+9.910000E+37,+8.864648E+02,+3.584400E+04,-2.029803E-02,+0.000000E+00,+9.910000E+37,+8.865322E+02,+3.584400E+04
11:09:27,0e0,+9.645813E+00,+9.284500E-04,+9.910000E+37,+8.867578E+02,+3.584400E+04,+9.652941E+00,+9.284500E-04,+9.910000E+37,+8.868252E+02,+3.584400E+04,+9.651859E+00,+9.284500E-04,+9.910000E+37,+8.868916E+02,+3.584400E+04,-1.988819E-02,+0.000000E+00,+9.910000E+37,+8.869570E+02,+3.584400E+04
11:09:27,0e0,+9.669981E+00,+9.427500E-04,+9.910000E+37,+8.871816E+02,+3.584400E+04,+9.676702E+00,+9.427500E-04,+9.910000E+37,+8.872480E+02,+3.584400E+04,+9.676846E+00,+9.427500E-04,+9.910000E+37,+8.873154E+02,+3.584400E+04,-2.043463E-02,+0.000000E+00,+9.910000E+37,+8.873809E+02,+3.584400E+04
11:09:27,0e0,+9.694241E+00,+9.570000E-04,+9.910000E+37,+8.876064E+02,+3.584400E+04,+9.698637E+00,+9.570000E-04,+9.910000E+37,+8.876729E+02,+3.584400E+04,+9.699384E+00,+9.570000E-04,+9.910000E+37,+8.877393E+02,+3.584400E+04,-1.952402E-02,+0.000000E+00,+9.910000E+37,+8.878057E+02,+3.584400E+04
11:09:27,0e0,+9.716296E+00,+9.713000E-04,+9.910000E+37,+8.880303E+02,+3.584400E+04,+9.722788E+00,+9.713000E-04,+9.910000E+37,+8.880967E+02,+3.584400E+04,+9.723062E+00,+9.713000E-04,+9.910000E+37,+8.881621E+02,+3.584400E+04,-1.984262E-02,+0.000000E+00,+9.910000E+37,+8.882285E+02,+3.584400E+04
11:09:27,0e0,+9.739547E+00,+9.856001E-04,+9.910000E+37,+8.884502E+02,+3.584400E+04,+9.745643E+00,+9.856001E-04,+9.910000E+37,+8.885176E+02,+3.584400E+04,+9.745557E+00,+9.856001E-04,+9.910000E+37,+8.885840E+02,+3.584400E+04,-1.961507E-02,+0.000000E+00,+9.910000E+37,+8.886504E+02,+3.584400E+04
11:09:27,0e0,+9.762170E+00,+9.998500E-04,+9.910000E+37,+8.888770E+02,+3.584400E+04,+9.769057E+00,+9.998500E-04,+9.910000E+37,+8.889434E+02,+3.584400E+04,+9.767908E+00,+9.998500E-04,+9.910000E+37,+8.890098E+02,+3.584400E+04,-1.947843E-02,+0.000000E+00,+9.910000E+37,+8.890762E+02,+3.584400E+04
11:09:27,0e0,+9.782780E+00,+1.014150E-03,+9.910000E+37,+8.892969E+02,+3.584400E+04,+9.791862E+00,+1.014150E-03,+9.910000E+37,+8.893633E+02,+3.584400E+04,+9.790457E+00,+1.014150E-03,+9.910000E+37,+8.894297E+02,+3.584400E+04,-2.034354E-02,+0.000000E+00,+9.910000E+37,+8.894961E+02,+3.584400E+04
11:09:27,0e0,+9.805558E+00,+1.028450E-03,+9.910000E+37,+8.897256E+02,+3.584400E+04,+9.812803E+00,+1.028450E-03,+9.910000E+37,+8.897920E+02,+3.584400E+04,+9.812776E+00,+1.028450E-03,+9.910000E+37,+8.898584E+02,+3.584400E+04,-2.043475E-02,+0.000000E+00,+9.910000E+37,+8.899248E+02,+3.584400E+04
11:09:27,0e0,+9.829050E+00,+1.042750E-03,+9.910000E+37,+8.901523E+02,+3.584400E+04,+9.834846E+00,+1.042750E-03,+9.910000E+37,+8.902188E+02,+3.584400E+04,+9.833795E+00,+1.042750E-03,+9.910000E+37,+8.902852E+02,+3.584400E+04,-1.956961E-02,+0.000000E+00,+9.910000E+37,+8.903516E+02,+3.584400E+04
11:09:27,0e0,+9.836208E+00,+1.057000E-03,+9.910000E+37,+8.905762E+02,+3.584400E+04,+9.842497E+00,+1.057000E-03,+9.910000E+37,+8.906426E+02,+3.584400E+04,+9.841673E+00,+1.057000E-03,+9.910000E+37,+8.907090E+02,+3.584400E+04,-1.390434E-01,+0.000000E+00,+9.910000E+37,+8.907754E+02,+3.584400E+04
11:09:27,0e0,+9.857157E+00,+1.071500E-03,+9.910000E+37,+8.909980E+02,+3.584400E+04,+9.862232E+00,+1.071500E-03,+9.910000E+37,+8.910645E+02,+3.584400E+04,+9.863159E+00,+1.071500E-03,+9.910000E+37,+8.911309E+02,+3.584400E+04,-1.385881E-01,+0.000000E+00,+9.910000E+37,+8.911973E+02,+3.584400E+04
11:09:27,0e0,+9.876908E+00,+1.085500E-03,+9.910000E+37,+8.914248E+02,+3.584400E+04,+9.884014E+00,+1.085500E-03,+9.910000E+37,+8.914912E+02,+3.584400E+04,+9.882696E+00,+1.085500E-03,+9.910000E+37,+8.915586E+02,+3.584400E+04,-1.361750E-01,+0.000000E+00,+9.910000E+37,+8.916250E+02,+3.584400E+04
11:09:27,0e0,+9.898242E+00,+1.100000E-03,+9.910000E+37,+8.918467E+02,+3.584400E+04,+9.903612E+00,+1.100000E-03,+9.910000E+37,+8.919131E+02,+3.584400E+04,+9.902637E+00,+1.100000E-03,+9.910000E+37,+8.919795E+02,+3.584400E+04,-1.358108E-01,+0.000000E+00,+9.910000E+37,+8.920459E+02,+3.584400E+04
11:09:27,0e0,+9.917295E+00,+1.114000E-03,+9.910000E+37,+8.922695E+02,+3.584400E+04,+9.923446E+00,+1.114000E-03,+9.910000E+37,+8.923369E+02,+3.584400E+04,+9.922943E+00,+1.114000E-03,+9.910000E+37,+8.924033E+02,+3.584400E+04,-1.389979E-01,+0.000000E+00,+9.910000E+37,+8.924697E+02,+3.584400E+04
11:09:27,0e0,+9.936655E+00,+1.128500E-03,+9.910000E+37,+8.926934E+02,+3.584400E+04,+9.943892E+00,+1.128500E-03,+9.910000E+37,+8.927598E+02,+3.584400E+04,+9.943115E+00,+1.128500E-03,+9.910000E+37,+8.928271E+02,+3.584400E+04,-1.414110E-01,+0.000000E+00,+9.910000E+37,+8.928936E+02,+3.584400E+04
11:09:27,0e0,+9.956097E+00,+1.142500E-03,+9.910000E+37,+8.931133E+02,+3.584400E+04,+9.962605E+00,+1.142500E-03,+9.910000E+37,+8.931797E+02,+3.584400E+04,+9.961366E+00,+1.142500E-03,+9.910000E+37,+8.932461E+02,+3.584400E+04,-1.365393E-01,+0.000000E+00,+9.910000E+37,+8.933125E+02,+3.584400E+04
11:09:27,0e0,+9.977541E+00,+1.157000E-03,+9.910000E+37,+8.935420E+02,+3.584400E+04,+9.982590E+00,+1.157000E-03,+9.910000E+37,+8.936084E+02,+3.584400E+04,+9.979334E+00,+1.157000E-03,+9.910000E+37,+8.936748E+02,+3.584400E+04,-1.378142E-01,+0.000000E+00,+9.910000E+37,+8.937412E+02,+3.584400E+04
11:09:27,0e0,+9.995964E+00,+1.171500E-03,+9.910000E+37,+8.939639E+02,+3.584400E+04,+1.000077E+01,+1.171500E-03,+9.910000E+37,+8.940303E+02,+3.584400E+04,+9.999396E+00,+1.171500E-03,+9.910000E+37,+8.940967E+02,+3.584400E+04,-1.355376E-01,+0.000000E+00,+9.910000E+37,+8.941631E+02,+3.584400E+04
11:09:27,0e0,+1.001337E+01,+1.185500E-03,+9.910000E+37,+8.943867E+02,+3.584400E+04,+1.001933E+01,+1.185500E-03,+9.910000E+37,+8.944531E+02,+3.584400E+04,+1.001654E+01,+1.185500E-03,+9.910000E+37,+8.945205E+02,+3.584400E+04,-1.348091E-01,+0.000000E+00,+9.910000E+37,+8.945859E+02,+3.584400E+04
11:09:27,0e0,+1.003290E+01,+1.200000E-03,+9.910000E+37,+8.948135E+02,+3.584400E+04,+1.003945E+01,+1.200000E-03,+9.910000E+37,+8.948789E+02,+3.584400E+04,+1.003777E+01,+1.200000E-03,+9.910000E+37,+8.949453E+02,+3.584400E+04,-1.395899E-01,+0.000000E+00,+9.910000E+37,+8.950127E+02,+3.584400E+04
11:09:27,0e0,+1.005148E+01,+1.214000E-03,+9.910000E+37,+8.952383E+02,+3.584400E+04,+1.005762E+01,+1.214000E-03,+9.910000E+37,+8.953037E+02,+3.584400E+04,+1.005522E+01,+1.214000E-03,+9.910000E+37,+8.953701E+02,+3.584400E+04,-1.349457E-01,+0.000000E+00,+9.910000E+37,+8.954375E+02,+3.584400E+04
11:09:27,0e0,+1.006901E+01,+1.228500E-03,+9.910000E+37,+8.956631E+02,+3.584400E+04,+1.007456E+01,+1.228500E-03,+9.910000E+37,+8.957295E+02,+3.584400E+04,+1.007393E+01,+1.228500E-03,+9.910000E+37,+8.957959E+02,+3.584400E+04,-1.356286E-01,+0.000000E+00,+9.910000E+37,+8.958633E+02,+3.584400E+04
11:09:27,0e0,+1.008631E+01,+1.242500E-03,+9.910000E+37,+8.960869E+02,+3.584400E+04,+1.009223E+01,+1.242500E-03,+9.910000E+37,+8.961533E+02,+3.584400E+04,+1.009182E+01,+1.242500E-03,+9.910000E+37,+8.962207E+02,+3.584400E+04,-1.356287E-01,+0.000000E+00,+9.910000E+37,+8.962881E+02,+3.584400E+04
11:09:27,0e0,+1.010353E+01,+1.257000E-03,+9.910000E+37,+8.965127E+02,+3.584400E+04,+1.011094E+01,+1.257000E-03,+9.910000E+37,+8.965791E+02,+3.584400E+04,+1.010916E+01,+1.257000E-03,+9.910000E+37,+8.966445E+02,+3.584400E+04,-1.375409E-01,+0.000000E+00,+9.910000E+37,+8.967109E+02,+3.584400E+04
11:09:27,0e0,+1.012200E+01,+1.271500E-03,+9.910000E+37,+8.969316E+02,+3.584400E+04,+1.012711E+01,+1.271500E-03,+9.910000E+37,+8.969980E+02,+3.584400E+04,+1.012551E+01,+1.271500E-03,+9.910000E+37,+8.970635E+02,+3.584400E+04,-1.342172E-01,+0.000000E+00,+9.910000E+37,+8.971299E+02,+3.584400E+04
11:09:27,0e0,+1.013995E+01,+1.285500E-03,+9.910000E+37,+8.973506E+02,+3.584400E+04,+1.014491E+01,+1.285500E-03,+9.910000E+37,+8.974170E+02,+3.584400E+04,+1.014423E+01,+1.285500E-03,+9.910000E+37,+8.974834E+02,+3.584400E+04,-1.339440E-01,+0.000000E+00,+9.910000E+37,+8.975498E+02,+3.584400E+04
11:09:27,0e0,+1.015551E+01,+1.300000E-03,+9.910000E+37,+8.977764E+02,+3.584400E+04,+1.016234E+01,+1.300000E-03,+9.910000E+37,+8.978428E+02,+3.584400E+04,+1.016107E+01,+1.300000E-03,+9.910000E+37,+8.979102E+02,+3.584400E+04,-1.365393E-01,+0.000000E+00,+9.910000E+37,+8.979775E+02,+3.584400E+04
11:09:27,0e0,+1.017295E+01,+1.314000E-03,+9.910000E+37,+8.982051E+02,+3.584400E+04,+1.017860E+01,+1.314000E-03,+9.910000E+37,+8.982725E+02,+3.584400E+04,+1.017659E+01,+1.314000E-03,+9.910000E+37,+8.983398E+02,+3.584400E+04,-1.313033E-01,+0.000000E+00,+9.910000E+37,+8.984072E+02,+3.584400E+04
11:09:27,0e0,+1.018985E+01,+1.328500E-03,+9.910000E+37,+8.986299E+02,+3.584400E+04,+1.019490E+01,+1.328500E-03,+9.910000E+37,+8.986963E+02,+3.584400E+04,+1.019454E+01,+1.328500E-03,+9.910000E+37,+8.987627E+02,+3.584400E+04,-1.325781E-01,+0.000000E+00,+9.910000E+37,+8.988291E+02,+3.584400E+04
11:09:27,0e0,+1.020428E+01,+1.342500E-03,+9.910000E+37,+8.990566E+02,+3.584400E+04,+1.021114E+01,+1.342500E-03,+9.910000E+37,+8.991240E+02,+3.584400E+04,+1.020956E+01,+1.342500E-03,+9.910000E+37,+8.991895E+02,+3.584400E+04,-1.385427E-01,+0.000000E+00,+9.910000E+37,+8.992559E+02,+3.584400E+04
11:09:27,0e0,+1.022212E+01,+1.357000E-03,+9.910000E+37,+8.994814E+02,+3.584400E+04,+1.022768E+01,+1.357000E-03,+9.910000E+37,+8.995479E+02,+3.584400E+04,+1.022523E+01,+1.357000E-03,+9.910000E+37,+8.996133E+02,+3.584400E+04,-1.333066E-01,+0.000000E+00,+9.910000E+37,+8.996797E+02,+3.584400E+04
11:09:27,0e0,+1.023865E+01,+1.371500E-03,+9.910000E+37,+8.999033E+02,+3.584400E+04,+1.024348E+01,+1.371500E-03,+9.910000E+37,+8.999697E+02,+3.584400E+04,+1.024221E+01,+1.371500E-03,+9.910000E+37,+9.000371E+02,+3.584400E+04,-1.311211E-01,+0.000000E+00,+9.910000E+37,+9.001035E+02,+3.584400E+04
11:09:27,0e0,+1.025455E+01,+1.385500E-03,+9.910000E+37,+9.003340E+02,+3.584400E+04,+1.025968E+01,+1.385500E-03,+9.910000E+37,+9.004004E+02,+3.584400E+04,+1.025768E+01,+1.385500E-03,+9.910000E+37,+9.004668E+02,+3.584400E+04,-1.336253E-01,+0.000000E+00,+9.910000E+37,+9.005332E+02,+3.584400E+04
11:09:27,0e0,+1.026971E+01,+1.400000E-03,+9.910000E+37,+9.007686E+02,+3.584400E+04,+1.027593E+01,+1.400000E-03,+9.910000E+37,+9.008350E+02,+3.584400E+04,+1.027453E+01,+1.400000E-03,+9.910000E+37,+9.009014E+02,+3.584400E+04,-1.363573E-01,+0.000000E+00,+9.910000E+37,+9.009688E+02,+3.584400E+04
11:09:27,0e0,+1.028582E+01,+1.414000E-03,+9.910000E+37,+9.011953E+02,+3.584400E+04,+1.029120E+01,+1.414000E-03,+9.910000E+37,+9.012607E+02,+3.584400E+04,+1.028906E+01,+1.414000E-03,+9.910000E+37,+9.013271E+02,+3.584400E+04,-1.317585E-01,+0.000000E+00,+9.910000E+37,+9.013936E+02,+3.584400E+04
11:09:27,0e0,+1.030212E+01,+1.428500E-03,+9.910000E+37,+9.016182E+02,+3.584400E+04,+1.030654E+01,+1.428500E-03,+9.910000E+37,+9.016836E+02,+3.584400E+04,+1.030380E+01,+1.428500E-03,+9.910000E+37,+9.017500E+02,+3.584400E+04,-1.310300E-01,+0.000000E+00,+9.910000E+37,+9.018174E+02,+3.584400E+04
11:09:27,0e0,+1.031551E+01,+1.442500E-03,+9.910000E+37,+9.020381E+02,+3.584400E+04,+1.032197E+01,+1.442500E-03,+9.910000E+37,+9.021055E+02,+3.584400E+04,+1.031926E+01,+1.442500E-03,+9.910000E+37,+9.021709E+02,+3.584400E+04,-1.334887E-01,+0.000000E+00,+9.910000E+37,+9.022373E+02,+3.584400E+04
11:09:27,0e0,+1.033131E+01,+1.457000E-03,+9.910000E+37,+9.024619E+02,+3.584400E+04,+1.033631E+01,+1.457000E-03,+9.910000E+37,+9.025273E+02,+3.584400E+04,+1.033587E+01,+1.457000E-03,+9.910000E+37,+9.025938E+02,+3.584400E+04,-1.345814E-01,+0.000000E+00,+9.910000E+37,+9.026611E+02,+3.584400E+04
11:09:27,0e0,+1.034610E+01,+1.471500E-03,+9.910000E+37,+9.028799E+02,+3.584400E+04,+1.035179E+01,+1.471500E-03,+9.910000E+37,+9.029463E+02,+3.584400E+04,+1.035034E+01,+1.471500E-03,+9.910000E+37,+9.030127E+02,+3.584400E+04,-1.345360E-01,+0.000000E+00,+9.910000E+37,+9.030791E+02,+3.584400E+04
11:09:27,0e0,+1.036132E+01,+1.485500E-03,+9.910000E+37,+9.032998E+02,+3.584400E+04,+1.036591E+01,+1.485500E-03,+9.910000E+37,+9.033662E+02,+3.584400E+04,+1.036346E+01,+1.485500E-03,+9.910000E+37,+9.034336E+02,+3.584400E+04,-1.329879E-01,+0.000000E+00,+9.910000E+37,+9.034990E+02,+3.584400E+04
11:09:27,0e0,+1.037497E+01,+1.500000E-03,+9.910000E+37,+9.037256E+02,+3.584400E+04,+1.038061E+01,+1.500000E-03,+9.910000E+37,+9.037910E+02,+3.584400E+04,+1.037949E+01,+1.500000E-03,+9.910000E+37,+9.038574E+02,+3.584400E+04,-1.306203E-01,+0.000000E+00,+9.910000E+37,+9.039248E+02,+3.584400E+04
11:09:27,0e0,+1.038927E+01,+1.514000E-03,+9.910000E+37,+9.041484E+02,+3.584400E+04,+1.039396E+01,+1.514000E-03,+9.910000E+37,+9.042139E+02,+3.584400E+04,+1.039295E+01,+1.514000E-03,+9.910000E+37,+9.042803E+02,+3.584400E+04,-1.317586E-01,+0.000000E+00,+9.910000E+37,+9.043477E+02,+3.584400E+04
11:09:27,0e0,+1.040424E+01,+1.528500E-03,+9.910000E+37,+9.045703E+02,+3.584400E+04,+1.040879E+01,+1.528500E-03,+9.910000E+37,+9.046367E+02,+3.584400E+04,+1.040761E+01,+1.528500E-03,+9.910000E+37,+9.047031E+02,+3.584400E+04,-1.317131E-01,+0.000000E+00,+9.910000E+37,+9.047705E+02,+3.584400E+04
11:09:27,0e0,+1.041670E+01,+1.542500E-03,+9.910000E+37,+9.049922E+02,+3.584400E+04,+1.042201E+01,+1.542500E-03,+9.910000E+37,+9.050596E+02,+3.584400E+04,+1.042229E+01,+1.542500E-03,+9.910000E+37,+9.051250E+02,+3.584400E+04,-1.293453E-01,+0.000000E+00,+9.910000E+37,+9.051924E+02,+3.584400E+04
11:09:27,0e0,+1.043147E+01,+1.557000E-03,+9.910000E+37,+9.054326E+02,+3.584400E+04,+1.043758E+01,+1.557000E-03,+9.910000E+37,+9.054980E+02,+3.584400E+04,+1.043527E+01,+1.557000E-03,+9.910000E+37,+9.055654E+02,+3.584400E+04,-1.297552E-01,+0.000000E+00,+9.910000E+37,+9.056309E+02,+3.584400E+04
11:09:27,0e0,+1.044502E+01,+1.571500E-03,+9.910000E+37,+9.058555E+02,+3.584400E+04,+1.045078E+01,+1.571500E-03,+9.910000E+37,+9.059219E+02,+3.584400E+04,+1.044983E+01,+1.571500E-03,+9.910000E+37,+9.059893E+02,+3.584400E+04,-1.328513E-01,+0.000000E+00,+9.910000E+37,+9.060547E+02,+3.584400E+04
11:09:27,0e0,+1.045893E+01,+1.585500E-03,+9.910000E+37,+9.062842E+02,+3.584400E+04,+1.046390E+01,+1.585500E-03,+9.910000E+37,+9.063516E+02,+3.584400E+04,+1.046198E+01,+1.585500E-03,+9.910000E+37,+9.064170E+02,+3.584400E+04,-1.287534E-01,+0.000000E+00,+9.910000E+37,+9.064834E+02,+3.584400E+04
11:09:27,0e0,+1.047318E+01,+1.600000E-03,+9.910000E+37,+9.067109E+02,+3.584400E+04,+1.047842E+01,+1.600000E-03,+9.910000E+37,+9.067783E+02,+3.584400E+04,+1.047632E+01,+1.600000E-03,+9.910000E+37,+9.068437E+02,+3.584400E+04,-1.328513E-01,+0.000000E+00,+9.910000E+37,+9.069102E+02,+3.584400E+04
11:09:27,0e0,+1.048762E+01,+1.614000E-03,+9.910000E+37,+9.071455E+02,+3.584400E+04,+1.049112E+01,+1.614000E-03,+9.910000E+37,+9.072129E+02,+3.584400E+04,+1.049026E+01,+1.614000E-03,+9.910000E+37,+9.072783E+02,+3.584400E+04,-1.307115E-01,+0.000000E+00,+9.910000E+37,+9.073447E+02,+3.584400E+04
11:09:27,0e0,+1.050014E+01,+1.628500E-03,+9.910000E+37,+9.075938E+02,+3.584400E+04,+1.050614E+01,+1.628500E-03,+9.910000E+37,+9.076602E+02,+3.584400E+04,+1.050282E+01,+1.628500E-03,+9.910000E+37,+9.077275E+02,+3.584400E+04,-1.318496E-01,+0.000000E+00,+9.910000E+37,+9.077949E+02,+3.584400E+04
11:09:27,0e0,+1.051329E+01,+1.642500E-03,+9.910000E+37,+9.080186E+02,+3.584400E+04,+1.051849E+01,+1.642500E-03,+9.910000E+37,+9.080840E+02,+3.584400E+04,+1.051457E+01,+1.642500E-03,+9.910000E+37,+9.081504E+02,+3.584400E+04,-1.314854E-01,+0.000000E+00,+9.910000E+37,+9.082178E+02,+3.584400E+04
11:09:27,0e0,+1.052563E+01,+1.657000E-03,+9.910000E+37,+9.084395E+02,+3.584400E+04,+1.053083E+01,+1.657000E-03,+9.910000E+37,+9.085068E+02,+3.584400E+04,+1.052786E+01,+1.657000E-03,+9.910000E+37,+9.085732E+02,+3.584400E+04,-1.328058E-01,+0.000000E+00,+9.910000E+37,+9.086387E+02,+3.584400E+04
11:09:27,0e0,+1.053878E+01,+1.671500E-03,+9.910000E+37,+9.088818E+02,+3.584400E+04,+1.054375E+01,+1.671500E-03,+9.910000E+37,+9.089482E+02,+3.584400E+04,+1.054275E+01,+1.671500E-03,+9.910000E+37,+9.090156E+02,+3.584400E+04,-1.272054E-01,+0.000000E+00,+9.910000E+37,+9.090820E+02,+3.584400E+04
11:09:27,0e0,+1.055126E+01,+1.685500E-03,+9.910000E+37,+9.093193E+02,+3.584400E+04,+1.055628E+01,+1.685500E-03,+9.910000E+37,+9.093857E+02,+3.584400E+04,+1.055495E+01,+1.685500E-03,+9.910000E+37,+9.094512E+02,+3.584400E+04,-1.258850E-01,+0.000000E+00,+9.910000E+37,+9.095176E+02,+3.584400E+04
11:09:27,0e0,+1.056355E+01,+1.700000E-03,+9.910000E+37,+9.097461E+02,+3.584400E+04,+1.057008E+01,+1.700000E-03,+9.910000E+37,+9.098135E+02,+3.584400E+04,+1.056602E+01,+1.700000E-03,+9.910000E+37,+9.098789E+02,+3.584400E+04,-1.292999E-01,+0.000000E+00,+9.910000E+37,+9.099453E+02,+3.584400E+04
11:09:27,0e0,+1.057599E+01,+1.714000E-03,+9.910000E+37,+9.101699E+02,+3.584400E+04,+1.058127E+01,+1.714000E-03,+9.910000E+37,+9.102363E+02,+3.584400E+04,+1.057762E+01,+1.714000E-03,+9.910000E+37,+9.103027E+02,+3.584400E+04,-1.273876E-01,+0.000000E+00,+9.910000E+37,+9.103691E+02,+3.584400E+04
11:09:27,0e0,+1.058901E+01,+1.728500E-03,+9.910000E+37,+9.105898E+02,+3.584400E+04,+1.059460E+01,+1.728500E-03,+9.910000E+37,+9.106562E+02,+3.584400E+04,+1.058992E+01,+1.728500E-03,+9.910000E+37,+9.107227E+02,+3.584400E+04,-1.303016E-01,+0.000000E+00,+9.910000E+37,+9.107891E+02,+3.584400E+04
11:09:27,0e0,+1.060030E+01,+1.742500E-03,+9.910000E+37,+9.110137E+02,+3.584400E+04,+1.060513E+01,+1.742500E-03,+9.910000E+37,+9.110811E+02,+3.584400E+04,+1.060268E+01,+1.742500E-03,+9.910000E+37,+9.111465E+02,+3.584400E+04,-1.282983E-01,+0.000000E+00,+9.910000E+37,+9.112129E+02,+3.584400E+04
11:09:27,0e0,+1.061314E+01,+1.757000E-03,+9.910000E+37,+9.114365E+02,+3.584400E+04,+1.061640E+01,+1.757000E-03,+9.910000E+37,+9.115029E+02,+3.584400E+04,+1.061491E+01,+1.757000E-03,+9.910000E+37,+9.115703E+02,+3.584400E+04,-1.272054E-01,+0.000000E+00,+9.910000E+37,+9.116377E+02,+3.584400E+04
11:09:27,0e0,+1.062428E+01,+1.771500E-03,+9.910000E+37,+9.118682E+02,+3.584400E+04,+1.062880E+01,+1.771500E-03,+9.910000E+37,+9.119346E+02,+3.584400E+04,+1.062603E+01,+1.771500E-03,+9.910000E+37,+9.120010E+02,+3.584400E+04,-1.272053E-01,+0.000000E+00,+9.910000E+37,+9.120674E+02,+3.584400E+04
11:09:27,0e0,+1.063599E+01,+1.785500E-03,+9.910000E+37,+9.122969E+02,+3.584400E+04,+1.064146E+01,+1.785500E-03,+9.910000E+37,+9.123633E+02,+3.584400E+04,+1.063726E+01,+1.785500E-03,+9.910000E+37,+9.124287E+02,+3.584400E+04,-1.326693E-01,+0.000000E+00,+9.910000E+37,+9.124951E+02,+3.584400E+04
11:09:27,0e0,+1.064788E+01,+1.800000E-03,+9.910000E+37,+9.127178E+02,+3.584400E+04,+1.065394E+01,+1.800000E-03,+9.910000E+37,+9.127852E+02,+3.584400E+04,+1.065007E+01,+1.800000E-03,+9.910000E+37,+9.128506E+02,+3.584400E+04,-1.322140E-01,+0.000000E+00,+9.910000E+37,+9.129170E+02,+3.584400E+04
11:09:27,0e0,+1.066113E+01,+1.814000E-03,+9.910000E+37,+9.131436E+02,+3.584400E+04,+1.066339E+01,+1.814000E-03,+9.910000E+37,+9.132100E+02,+3.584400E+04,+1.066123E+01,+1.814000E-03,+9.910000E+37,+9.132764E+02,+3.584400E+04,-1.293456E-01,+0.000000E+00,+9.910000E+37,+9.133437E+02,+3.584400E+04
11:09:27,0e0,+1.067082E+01,+1.828500E-03,+9.910000E+37,+9.135723E+02,+3.584400E+04,+1.067588E+01,+1.828500E-03,+9.910000E+37,+9.136377E+02,+3.584400E+04,+1.067287E+01,+1.828500E-03,+9.910000E+37,+9.137041E+02,+3.584400E+04,-1.309391E-01,+0.000000E+00,+9.910000E+37,+9.137705E+02,+3.584400E+04
11:09:27,0e0,+1.068234E+01,+1.842500E-03,+9.910000E+37,+9.139961E+02,+3.584400E+04,+1.068704E+01,+1.842500E-03,+9.910000E+37,+9.140635E+02,+3.584400E+04,+1.068400E+01,+1.842500E-03,+9.910000E+37,+9.141309E+02,+3.584400E+04,-1.285715E-01,+0.000000E+00,+9.910000E+37,+9.141982E+02,+3.584400E+04
11:09:27,0e0,+1.069395E+01,+1.857000E-03,+9.910000E+37,+9.144248E+02,+3.584400E+04,+1.069851E+01,+1.857000E-03,+9.910000E+37,+9.144912E+02,+3.584400E+04,+1.069609E+01,+1.857000E-03,+9.910000E+37,+9.145566E+02,+3.584400E+04,-1.309846E-01,+0.000000E+00,+9.910000E+37,+9.146230E+02,+3.584400E+04
11:09:27,0e0,+1.070487E+01,+1.871500E-03,+9.910000E+37,+9.148457E+02,+3.584400E+04,+1.070948E+01,+1.871500E-03,+9.910000E+37,+9.149121E+02,+3.584400E+04,+1.070693E+01,+1.871500E-03,+9.910000E+37,+9.149775E+02,+3.584400E+04,-1.303472E-01,+0.000000E+00,+9.910000E+37,+9.150439E+02,+3.584400E+04
11:09:27,0e0,+1.071667E+01,+1.885500E-03,+9.910000E+37,+9.152646E+02,+3.584400E+04,+1.072031E+01,+1.885500E-03,+9.910000E+37,+9.153320E+02,+3.584400E+04,+1.071745E+01,+1.885500E-03,+9.910000E+37,+9.153984E+02,+3.584400E+04,-1.266136E-01,+0.000000E+00,+9.910000E+37,+9.154648E+02,+3.584400E+04
11:09:27,0e0,+1.072768E+01,+1.900000E-03,+9.910000E+37,+9.156963E+02,+3.584400E+04,+1.073166E+01,+1.900000E-03,+9.910000E+37,+9.157627E+02,+3.584400E+04,+1.072814E+01,+1.900000E-03,+9.910000E+37,+9.158301E+02,+3.584400E+04,-1.260672E-01,+0.000000E+00,+9.910000E+37,+9.158975E+02,+3.584400E+04
11:09:27,0e0,+1.073862E+01,+1.914000E-03,+9.910000E+37,+9.161445E+02,+3.584400E+04,+1.074310E+01,+1.914000E-03,+9.910000E+37,+9.162109E+02,+3.584400E+04,+1.074085E+01,+1.914000E-03,+9.910000E+37,+9.162764E+02,+3.584400E+04,-1.251111E-01,+0.000000E+00,+9.910000E+37,+9.163428E+02,+3.584400E+04
11:09:27,0e0,+1.075081E+01,+1.928500E-03,+9.910000E+37,+9.165742E+02,+3.584400E+04,+1.075338E+01,+1.928500E-03,+9.910000E+37,+9.166406E+02,+3.584400E+04,+1.075110E+01,+1.928500E-03,+9.910000E+37,+9.167070E+02,+3.584400E+04,-1.252930E-01,+0.000000E+00,+9.910000E+37,+9.167734E+02,+3.584400E+04
11:09:27,0e0,+1.076016E+01,+1.942500E-03,+9.910000E+37,+9.169980E+02,+3.584400E+04,+1.076417E+01,+1.942500E-03,+9.910000E+37,+9.170645E+02,+3.584400E+04,+1.076161E+01,+1.942500E-03,+9.910000E+37,+9.171309E+02,+3.584400E+04,-1.287990E-01,+0.000000E+00,+9.910000E+37,+9.171973E+02,+3.584400E+04
11:09:27,0e0,+1.077035E+01,+1.957000E-03,+9.910000E+37,+9.174219E+02,+3.584400E+04,+1.077495E+01,+1.957000E-03,+9.910000E+37,+9.174893E+02,+3.584400E+04,+1.077232E+01,+1.957000E-03,+9.910000E+37,+9.175557E+02,+3.584400E+04,-1.298919E-01,+0.000000E+00,+9.910000E+37,+9.176211E+02,+3.584400E+04
11:09:27,0e0,+1.078215E+01,+1.971500E-03,+9.910000E+37,+9.178848E+02,+3.584400E+04,+1.078725E+01,+1.971500E-03,+9.910000E+37,+9.179502E+02,+3.584400E+04,+1.078510E+01,+1.971500E-03,+9.910000E+37,+9.180166E+02,+3.584400E+04,-1.289812E-01,+0.000000E+00,+9.910000E+37,+9.180830E+02,+3.584400E+04
11:09:27,0e0,+1.079285E+01,+1.985500E-03,+9.910000E+37,+9.183096E+02,+3.584400E+04,+1.079695E+01,+1.985500E-03,+9.910000E+37,+9.183760E+02,+3.584400E+04,+1.079313E+01,+1.985500E-03,+9.910000E+37,+9.184434E+02,+3.584400E+04,-1.231988E-01,+0.000000E+00,+9.910000E+37,+9.185107E+02,+3.584400E+04
11:09:27,0e0,+1.080331E+01,+2.000000E-03,+9.910000E+37,+9.187354E+02,+3.584400E+04,+1.080603E+01,+2.000000E-03,+9.910000E+37,+9.188027E+02,+3.584400E+04,+1.080450E+01,+2.000000E-03,+9.910000E+37,+9.188682E+02,+3.584400E+04,-1.241093E-01,+0.000000E+00,+9.910000E+37,+9.189355E+02,+3.584400E+04
11:09:27,0e0,+1.081315E+01,+2.014000E-03,+9.910000E+37,+9.191631E+02,+3.584400E+04,+1.081623E+01,+2.014000E-03,+9.910000E+37,+9.192285E+02,+3.584400E+04,+1.081453E+01,+2.014000E-03,+9.910000E+37,+9.192949E+02,+3.584400E+04,-1.280251E-01,+0.000000E+00,+9.910000E+37,+9.193613E+02,+3.584400E+04
11:09:27,0e0,+1.082523E+01,+2.028500E-03,+9.910000E+37,+9.195869E+02,+3.584400E+04,+1.082777E+01,+2.028500E-03,+9.910000E+37,+9.196523E+02,+3.584400E+04,+1.082487E+01,+2.028500E-03,+9.910000E+37,+9.197188E+02,+3.584400E+04,-1.244737E-01,+0.000000E+00,+9.910000E+37,+9.197861E+02,+3.584400E+04
11:09:27,0e0,+1.083372E+01,+2.042500E-03,+9.910000E+37,+9.200215E+02,+3.584400E+04,+1.083788E+01,+2.042500E-03,+9.910000E+37,+9.200889E+02,+3.584400E+04,+1.083469E+01,+2.042500E-03,+9.910000E+37,+9.201562E+02,+3.584400E+04,-1.287990E-01,+0.000000E+00,+9.910000E+37,+9.202217E+02,+3.584400E+04
11:09:27,0e0,+1.084407E+01,+2.057000E-03,+9.910000E+37,+9.204473E+02,+3.584400E+04,+1.084821E+01,+2.057000E-03,+9.910000E+37,+9.205146E+02,+3.584400E+04,+1.084404E+01,+2.057000E-03,+9.910000E+37,+9.205801E+02,+3.584400E+04,-1.261128E-01,+0.000000E+00,+9.910000E+37,+9.206465E+02,+3.584400E+04
11:09:27,0e0,+1.085413E+01,+2.071500E-03,+9.910000E+37,+9.208730E+02,+3.584400E+04,+1.085713E+01,+2.071500E-03,+9.910000E+37,+9.209395E+02,+3.584400E+04,+1.085556E+01,+2.071500E-03,+9.910000E+37,+9.210068E+02,+3.584400E+04,-1.257485E-01,+0.000000E+00,+9.910000E+37,+9.210742E+02,+3.584400E+04
11:09:27,0e0,+1.086359E+01,+2.085500E-03,+9.910000E+37,+9.212979E+02,+3.584400E+04,+1.086784E+01,+2.085500E-03,+9.910000E+37,+9.213643E+02,+3.584400E+04,+1.086442E+01,+2.085500E-03,+9.910000E+37,+9.214297E+02,+3.584400E+04,-1.250199E-01,+0.000000E+00,+9.910000E+37,+9.214961E+02,+3.584400E+04
11:09:27,0e0,+1.087575E+01,+2.100000E-03,+9.910000E+37,+9.217998E+02,+3.584400E+04,+1.087982E+01,+2.100000E-03,+9.910000E+37,+9.218662E+02,+3.584400E+04,+1.087789E+01,+2.100000E-03,+9.910000E+37,+9.219316E+02,+3.584400E+04,-1.266592E-01,+0.000000E+00,+9.910000E+37,+9.219990E+02,+3.584400E+04
11:09:27,0e0,+1.088544E+01,+2.114000E-03,+9.910000E+37,+9.222285E+02,+3.584400E+04,+1.088897E+01,+2.114000E-03,+9.910000E+37,+9.222959E+02,+3.584400E+04,+1.088664E+01,+2.114000E-03,+9.910000E+37,+9.223613E+02,+3.584400E+04,-1.270691E-01,+0.000000E+00,+9.910000E+37,+9.224277E+02,+3.584400E+04
11:09:27,0e0,+1.089496E+01,+2.128500E-03,+9.910000E+37,+9.226641E+02,+3.584400E+04,+1.089840E+01,+2.128500E-03,+9.910000E+37,+9.227305E+02,+3.584400E+04,+1.089607E+01,+2.128500E-03,+9.910000E+37,+9.227969E+02,+3.584400E+04,-1.213774E-01,+0.000000E+00,+9.910000E+37,+9.228643E+02,+3.584400E+04
11:09:27,0e0,+1.090384E+01,+2.142500E-03,+9.910000E+37,+9.230898E+02,+3.584400E+04,+1.090722E+01,+2.142500E-03,+9.910000E+37,+9.231572E+02,+3.584400E+04,+1.090436E+01,+2.142500E-03,+9.910000E+37,+9.232236E+02,+3.584400E+04,-1.242458E-01,+0.000000E+00,+9.910000E+37,+9.232891E+02,+3.584400E+04
11:09:27,0e0,+1.091352E+01,+2.157000E-03,+9.910000E+37,+9.235381E+02,+3.584400E+04,+1.091802E+01,+2.157000E-03,+9.910000E+37,+9.236045E+02,+3.584400E+04,+1.091514E+01,+2.157000E-03,+9.910000E+37,+9.236699E+02,+3.584400E+04,-1.278885E-01,+0.000000E+00,+9.910000E+37,+9.237363E+02,+3.584400E+04
11:09:27,0e0,+1.092369E+01,+2.171500E-03,+9.910000E+37,+9.239521E+02,+3.584400E+04,+1.092720E+01,+2.171500E-03,+9.910000E+37,+9.240186E+02,+3.584400E+04,+1.092378E+01,+2.171500E-03,+9.910000E+37,+9.240850E+02,+3.584400E+04,-1.257486E-01,+0.000000E+00,+9.910000E+37,+9.241514E+02,+3.584400E+04
11:09:27,0e0,+1.093189E+01,+2.185500E-03,+9.910000E+37,+9.243730E+02,+3.584400E+04,+1.093619E+01,+2.185500E-03,+9.910000E+37,+9.244404E+02,+3.584400E+04,+1.093257E+01,+2.185500E-03,+9.910000E+37,+9.245068E+02,+3.584400E+04,-1.271145E-01,+0.000000E+00,+9.910000E+37,+9.245742E+02,+3.584400E+04
11:09:27,0e0,+1.094173E+01,+2.200000E-03,+9.910000E+37,+9.247949E+02,+3.584400E+04,+1.094573E+01,+2.200000E-03,+9.910000E+37,+9.248613E+02,+3.584400E+04,+1.094250E+01,+2.200000E-03,+9.910000E+37,+9.249277E+02,+3.584400E+04,-1.244282E-01,+0.000000E+00,+9.910000E+37,+9.249941E+02,+3.584400E+04
11:09:27,0e0,+1.095261E+01,+2.214000E-03,+9.910000E+37,+9.252168E+02,+3.584400E+04,+1.095517E+01,+2.214000E-03,+9.910000E+37,+9.252822E+02,+3.584400E+04,+1.095180E+01,+2.214000E-03,+9.910000E+37,+9.253486E+02,+3.584400E+04,-1.227890E-01,+0.000000E+00,+9.910000E+37,+9.254150E+02,+3.584400E+04
11:09:27,0e0,+1.096182E+01,+2.228500E-03,+9.910000E+37,+9.256357E+02,+3.584400E+04,+1.096310E+01,+2.228500E-03,+9.910000E+37,+9.257021E+02,+3.584400E+04,+1.096072E+01,+2.228500E-03,+9.910000E+37,+9.257686E+02,+3.584400E+04,-1.211044E-01,+0.000000E+00,+9.910000E+37,+9.258350E+02,+3.584400E+04
11:09:27,0e0,+1.097012E+01,+2.242500E-03,+9.910000E+37,+9.261094E+02,+3.584400E+04,+1.097508E+01,+2.242500E-03,+9.910000E+37,+9.261758E+02,+3.584400E+04,+1.097219E+01,+2.242500E-03,+9.910000E+37,+9.262422E+02,+3.584400E+04,-1.241550E-01,+0.000000E+00,+9.910000E+37,+9.263096E+02,+3.584400E+04
11:09:27,0e0,+1.098034E+01,+2.257000E-03,+9.910000E+37,+9.265322E+02,+3.584400E+04,+1.098348E+01,+2.257000E-03,+9.910000E+37,+9.265986E+02,+3.584400E+04,+1.098088E+01,+2.257000E-03,+9.910000E+37,+9.266641E+02,+3.584400E+04,-1.236540E-01,+0.000000E+00,+9.910000E+37,+9.267305E+02,+3.584400E+04
11:09:27,0e0,+1.098981E+01,+2.271500E-03,+9.910000E+37,+9.269570E+02,+3.584400E+04,+1.099347E+01,+2.271500E-03,+9.910000E+37,+9.270234E+02,+3.584400E+04,+1.098944E+01,+2.271500E-03,+9.910000E+37,+9.270898E+02,+3.584400E+04,-1.251112E-01,+0.000000E+00,+9.910000E+37,+9.271572E+02,+3.584400E+04
11:09:27,0e0,+1.099837E+01,+2.285500E-03,+9.910000E+37,+9.273799E+02,+3.584400E+04,+1.100210E+01,+2.285500E-03,+9.910000E+37,+9.274473E+02,+3.584400E+04,+1.099755E+01,+2.285500E-03,+9.910000E+37,+9.275137E+02,+3.584400E+04,-1.242462E-01,+0.000000E+00,+9.910000E+37,+9.275791E+02,+3.584400E+04
11:09:27,0e0,+1.100637E+01,+2.300000E-03,+9.910000E+37,+9.278096E+02,+3.584400E+04,+1.101084E+01,+2.300000E-03,+9.910000E+37,+9.278760E+02,+3.584400E+04,+1.100713E+01,+2.300000E-03,+9.910000E+37,+9.279424E+02,+3.584400E+04,-1.242460E-01,+0.000000E+00,+9.910000E+37,+9.280098E+02,+3.584400E+04
11:09:27,0e0,+1.101708E+01,+2.314000E-03,+9.910000E+37,+9.282412E+02,+3.584400E+04,+1.101945E+01,+2.314000E-03,+9.910000E+37,+9.283076E+02,+3.584400E+04,+1.101571E+01,+2.314000E-03,+9.910000E+37,+9.283740E+02,+3.584400E+04,-1.193742E-01,+0.000000E+00,+9.910000E+37,+9.284404E+02,+3.584400E+04
11:09:27,0e0,+1.102645E+01,+2.328500E-03,+9.910000E+37,+9.286650E+02,+3.584400E+04,+1.102816E+01,+2.328500E-03,+9.910000E+37,+9.287314E+02,+3.584400E+04,+1.102505E+01,+2.328500E-03,+9.910000E+37,+9.287969E+02,+3.584400E+04,-1.198750E-01,+0.000000E+00,+9.910000E+37,+9.288633E+02,+3.584400E+04
11:09:27,0e0,+1.103365E+01,+2.342500E-03,+9.910000E+37,+9.290918E+02,+3.584400E+04,+1.103762E+01,+2.342500E-03,+9.910000E+37,+9.291572E+02,+3.584400E+04,+1.103411E+01,+2.342500E-03,+9.910000E+37,+9.292236E+02,+3.584400E+04,-1.235175E-01,+0.000000E+00,+9.910000E+37,+9.292900E+02,+3.584400E+04
11:09:27,0e0,+1.104426E+01,+2.357000E-03,+9.910000E+37,+9.295146E+02,+3.584400E+04,+1.104649E+01,+2.357000E-03,+9.910000E+37,+9.295811E+02,+3.584400E+04,+1.104268E+01,+2.357000E-03,+9.910000E+37,+9.296475E+02,+3.584400E+04,-1.230620E-01,+0.000000E+00,+9.910000E+37,+9.297148E+02,+3.584400E+04
11:09:27,0e0,+1.105332E+01,+2.371500E-03,+9.910000E+37,+9.299434E+02,+3.584400E+04,+1.105541E+01,+2.371500E-03,+9.910000E+37,+9.300088E+02,+3.584400E+04,+1.105214E+01,+2.371500E-03,+9.910000E+37,+9.300752E+02,+3.584400E+04,-1.208767E-01,+0.000000E+00,+9.910000E+37,+9.301416E+02,+3.584400E+04
11:09:27,0e0,+1.106101E+01,+2.385500E-03,+9.910000E+37,+9.303672E+02,+3.584400E+04,+1.106573E+01,+2.385500E-03,+9.910000E+37,+9.304336E+02,+3.584400E+04,+1.106057E+01,+2.385500E-03,+9.910000E+37,+9.305000E+02,+3.584400E+04,-1.221516E-01,+0.000000E+00,+9.910000E+37,+9.305664E+02,+3.584400E+04
11:09:27,0e0,+1.107084E+01,+2.400000E-03,+9.910000E+37,+9.307910E+02,+3.584400E+04,+1.107353E+01,+2.400000E-03,+9.910000E+37,+9.308574E+02,+3.584400E+04,+1.106926E+01,+2.400000E-03,+9.910000E+37,+9.309238E+02,+3.584400E+04,-1.165968E-01,+0.000000E+00,+9.910000E+37,+9.309912E+02,+3.584400E+04
11:09:27,0e0,+1.107886E+01,+2.414000E-03,+9.910000E+37,+9.312148E+02,+3.584400E+04,+1.108091E+01,+2.414000E-03,+9.910000E+37,+9.312822E+02,+3.584400E+04,+1.107746E+01,+2.414000E-03,+9.910000E+37,+9.313477E+02,+3.584400E+04,-1.163236E-01,+0.000000E+00,+9.910000E+37,+9.314141E+02,+3.584400E+04
11:09:27,0e0,+1.108867E+01,+2.428500E-03,+9.910000E+37,+9.316367E+02,+3.584400E+04,+1.108891E+01,+2.428500E-03,+9.910000E+37,+9.317031E+02,+3.584400E+04,+1.108583E+01,+2.428500E-03,+9.910000E+37,+9.317705E+02,+3.584400E+04,-1.170522E-01,+0.000000E+00,+9.910000E+37,+9.318379E+02,+3.584400E+04
11:09:27,0e0,+1.109616E+01,+2.442500E-03,+9.910000E+37,+9.320596E+02,+3.584400E+04,+1.109747E+01,+2.442500E-03,+9.910000E+37,+9.321260E+02,+3.584400E+04,+1.109288E+01,+2.442500E-03,+9.910000E+37,+9.321914E+02,+3.584400E+04,-1.194653E-01,+0.000000E+00,+9.910000E+37,+9.322578E+02,+3.584400E+04
11:09:27,0e0,+1.110399E+01,+2.457000E-03,+9.910000E+37,+9.324795E+02,+3.584400E+04,+1.110659E+01,+2.457000E-03,+9.910000E+37,+9.325469E+02,+3.584400E+04,+1.110232E+01,+2.457000E-03,+9.910000E+37,+9.326133E+02,+3.584400E+04,-1.218785E-01,+0.000000E+00,+9.910000E+37,+9.326787E+02,+3.584400E+04
11:09:27,0e0,+1.111286E+01,+2.471500E-03,+9.910000E+37,+9.329033E+02,+3.584400E+04,+1.111561E+01,+2.471500E-03,+9.910000E+37,+9.329697E+02,+3.584400E+04,+1.111110E+01,+2.471500E-03,+9.910000E+37,+9.330361E+02,+3.584400E+04,-1.178262E-01,+0.000000E+00,+9.910000E+37,+9.331035E+02,+3.584400E+04
11:09:27,0e0,+1.112143E+01,+2.485500E-03,+9.910000E+37,+9.333311E+02,+3.584400E+04,+1.112435E+01,+2.485500E-03,+9.910000E+37,+9.333984E+02,+3.584400E+04,+1.112134E+01,+2.485500E-03,+9.910000E+37,+9.334639E+02,+3.584400E+04,-1.226981E-01,+0.000000E+00,+9.910000E+37,+9.335303E+02,+3.584400E+04
11:09:27,0e0,+1.113141E+01,+2.500000E-03,+9.910000E+37,+9.337559E+02,+3.584400E+04,+1.113274E+01,+2.500000E-03,+9.910000E+37,+9.338232E+02,+3.584400E+04,+1.112718E+01,+2.500000E-03,+9.910000E+37,+9.338896E+02,+3.584400E+04,-1.201484E-01,+0.000000E+00,+9.910000E+37,+9.339551E+02,+3.584400E+04
11:09:27,0e0,+1.113797E+01,+2.514000E-03,+9.910000E+37,+9.341846E+02,+3.584400E+04,+1.114078E+01,+2.514000E-03,+9.910000E+37,+9.342510E+02,+3.584400E+04,+1.113559E+01,+2.514000E-03,+9.910000E+37,+9.343174E+02,+3.584400E+04,-1.228346E-01,+0.000000E+00,+9.910000E+37,+9.343828E+02,+3.584400E+04
11:09:27,0e0,+1.114591E+01,+2.528500E-03,+9.910000E+37,+9.346104E+02,+3.584400E+04,+1.114770E+01,+2.528500E-03,+9.910000E+37,+9.346777E+02,+3.584400E+04,+1.114369E+01,+2.528500E-03,+9.910000E+37,+9.347432E+02,+3.584400E+04,-1.196017E-01,+0.000000E+00,+9.910000E+37,+9.348096E+02,+3.584400E+04
11:09:27,0e0,+1.115435E+01,+2.542500E-03,+9.910000E+37,+9.350371E+02,+3.584400E+04,+1.115687E+01,+2.542500E-03,+9.910000E+37,+9.351035E+02,+3.584400E+04,+1.115241E+01,+2.542500E-03,+9.910000E+37,+9.351699E+02,+3.584400E+04,-1.206491E-01,+0.000000E+00,+9.910000E+37,+9.352373E+02,+3.584400E+04
11:09:27,0e0,+1.116337E+01,+2.557000E-03,+9.910000E+37,+9.354609E+02,+3.584400E+04,+1.116656E+01,+2.557000E-03,+9.910000E+37,+9.355273E+02,+3.584400E+04,+1.116050E+01,+2.557000E-03,+9.910000E+37,+9.355928E+02,+3.584400E+04,-1.185091E-01,+0.000000E+00,+9.910000E+37,+9.356592E+02,+3.584400E+04
11:09:27,0e0,+1.117165E+01,+2.571500E-03,+9.910000E+37,+9.358838E+02,+3.584400E+04,+1.117215E+01,+2.571500E-03,+9.910000E+37,+9.359502E+02,+3.584400E+04,+1.116912E+01,+2.571500E-03,+9.910000E+37,+9.360166E+02,+3.584400E+04,-1.183270E-01,+0.000000E+00,+9.910000E+37,+9.360840E+02,+3.584400E+04
11:09:27,0e0,+1.117764E+01,+2.585500E-03,+9.910000E+37,+9.363066E+02,+3.584400E+04,+1.118099E+01,+2.585500E-03,+9.910000E+37,+9.363730E+02,+3.584400E+04,+1.117611E+01,+2.585500E-03,+9.910000E+37,+9.364395E+02,+3.584400E+04,-1.190556E-01,+0.000000E+00,+9.910000E+37,+9.365068E+02,+3.584400E+04
11:09:27,0e0,+1.118740E+01,+2.600000E-03,+9.910000E+37,+9.367275E+02,+3.584400E+04,+1.118952E+01,+2.600000E-03,+9.910000E+37,+9.367939E+02,+3.584400E+04,+1.118522E+01,+2.600000E-03,+9.910000E+37,+9.368604E+02,+3.584400E+04,-1.179628E-01,+0.000000E+00,+9.910000E+37,+9.369268E+02,+3.584400E+04
11:09:27,0e0,+1.119656E+01,+2.614000E-03,+9.910000E+37,+9.371562E+02,+3.584400E+04,+1.119826E+01,+2.614000E-03,+9.910000E+37,+9.372227E+02,+3.584400E+04,+1.119323E+01,+2.614000E-03,+9.910000E+37,+9.372891E+02,+3.584400E+04,-1.183725E-01,+0.000000E+00,+9.910000E+37,+9.373555E+02,+3.584400E+04
11:09:27,0e0,+1.120394E+01,+2.628500E-03,+9.910000E+37,+9.375859E+02,+3.584400E+04,+1.120716E+01,+2.628500E-03,+9.910000E+37,+9.376523E+02,+3.584400E+04,+1.120060E+01,+2.628500E-03,+9.910000E+37,+9.377197E+02,+3.584400E+04,-1.193286E-01,+0.000000E+00,+9.910000E+37,+9.377871E+02,+3.584400E+04
11:09:27,0e0,+1.121204E+01,+2.642500E-03,+9.910000E+37,+9.380107E+02,+3.584400E+04,+1.121340E+01,+2.642500E-03,+9.910000E+37,+9.380771E+02,+3.584400E+04,+1.120926E+01,+2.642500E-03,+9.910000E+37,+9.381445E+02,+3.584400E+04,-1.150944E-01,+0.000000E+00,+9.910000E+37,+9.382109E+02,+3.584400E+04
11:09:27,0e0,+1.121886E+01,+2.657000E-03,+9.910000E+37,+9.384365E+02,+3.584400E+04,+1.122032E+01,+2.657000E-03,+9.910000E+37,+9.385029E+02,+3.584400E+04,+1.121750E+01,+2.657000E-03,+9.910000E+37,+9.385703E+02,+3.584400E+04,-1.202393E-01,+0.000000E+00,+9.910000E+37,+9.386367E+02,+3.584400E+04
11:09:27,0e0,+1.122784E+01,+2.671500E-03,+9.910000E+37,+9.388643E+02,+3.584400E+04,+1.122772E+01,+2.671500E-03,+9.910000E+37,+9.389307E+02,+3.584400E+04,+1.122394E+01,+2.671500E-03,+9.910000E+37,+9.389971E+02,+3.584400E+04,-1.183728E-01,+0.000000E+00,+9.910000E+37,+9.390635E+02,+3.584400E+04
11:09:27,0e0,+1.123508E+01,+2.685500E-03,+9.910000E+37,+9.392939E+02,+3.584400E+04,+1.123740E+01,+2.685500E-03,+9.910000E+37,+9.393604E+02,+3.584400E+04,+1.123257E+01,+2.685500E-03,+9.910000E+37,+9.394258E+02,+3.584400E+04,-1.182359E-01,+0.000000E+00,+9.910000E+37,+9.394922E+02,+3.584400E+04
11:09:27,0e0,+1.124368E+01,+2.700000E-03,+9.910000E+37,+9.397148E+02,+3.584400E+04,+1.124497E+01,+2.700000E-03,+9.910000E+37,+9.397813E+02,+3.584400E+04,+1.124045E+01,+2.700000E-03,+9.910000E+37,+9.398477E+02,+3.584400E+04,-1.176895E-01,+0.000000E+00,+9.910000E+37,+9.399141E+02,+3.584400E+04
11:09:27,0e0,+1.125092E+01,+2.714000E-03,+9.910000E+37,+9.401396E+02,+3.584400E+04,+1.125188E+01,+2.714000E-03,+9.910000E+37,+9.402070E+02,+3.584400E+04,+1.124745E+01,+2.714000E-03,+9.910000E+37,+9.402734E+02,+3.584400E+04,-1.173709E-01,+0.000000E+00,+9.910000E+37,+9.403408E+02,+3.584400E+04
11:09:27,0e0,+1.125886E+01,+2.728500E-03,+9.910000E+37,+9.405674E+02,+3.584400E+04,+1.125965E+01,+2.728500E-03,+9.910000E+37,+9.406338E+02,+3.584400E+04,+1.125488E+01,+2.728500E-03,+9.910000E+37,+9.407012E+02,+3.584400E+04,-1.177350E-01,+0.000000E+00,+9.910000E+37,+9.407686E+02,+3.584400E+04
11:09:27,0e0,+1.126498E+01,+2.742500E-03,+9.910000E+37,+9.409971E+02,+3.584400E+04,+1.126781E+01,+2.742500E-03,+9.910000E+37,+9.410635E+02,+3.584400E+04,+1.126286E+01,+2.742500E-03,+9.910000E+37,+9.411309E+02,+3.584400E+04,-1.186003E-01,+0.000000E+00,+9.910000E+37,+9.411982E+02,+3.584400E+04
11:09:27,0e0,+1.127442E+01,+2.757000E-03,+9.910000E+37,+9.414238E+02,+3.584400E+04,+1.127571E+01,+2.757000E-03,+9.910000E+37,+9.414912E+02,+3.584400E+04,+1.127013E+01,+2.757000E-03,+9.910000E+37,+9.415576E+02,+3.584400E+04,-1.179173E-01,+0.000000E+00,+9.910000E+37,+9.416240E+02,+3.584400E+04
11:09:27,0e0,+1.128075E+01,+2.771500E-03,+9.910000E+37,+9.418516E+02,+3.584400E+04,+1.128325E+01,+2.771500E-03,+9.910000E+37,+9.419180E+02,+3.584400E+04,+1.127924E+01,+2.771500E-03,+9.910000E+37,+9.419844E+02,+3.584400E+04,-1.192377E-01,+0.000000E+00,+9.910000E+37,+9.420508E+02,+3.584400E+04
11:09:27,0e0,+1.128793E+01,+2.785500E-03,+9.910000E+37,+9.422725E+02,+3.584400E+04,+1.128935E+01,+2.785500E-03,+9.910000E+37,+9.423389E+02,+3.584400E+04,+1.128703E+01,+2.785500E-03,+9.910000E+37,+9.424053E+02,+3.584400E+04,-1.206492E-01,+0.000000E+00,+9.910000E+37,+9.424717E+02,+3.584400E+04
11:09:27,0e0,+1.129640E+01,+2.800000E-03,+9.910000E+37,+9.427012E+02,+3.584400E+04,+1.129705E+01,+2.800000E-03,+9.910000E+37,+9.427676E+02,+3.584400E+04,+1.129453E+01,+2.800000E-03,+9.910000E+37,+9.428340E+02,+3.584400E+04,-1.163237E-01,+0.000000E+00,+9.910000E+37,+9.429004E+02,+3.584400E+04
11:09:27,0e0,+1.130341E+01,+2.814000E-03,+9.910000E+37,+9.431299E+02,+3.584400E+04,+1.130489E+01,+2.814000E-03,+9.910000E+37,+9.431963E+02,+3.584400E+04,+1.129982E+01,+2.814000E-03,+9.910000E+37,+9.432627E+02,+3.584400E+04,-1.152310E-01,+0.000000E+00,+9.910000E+37,+9.433291E+02,+3.584400E+04
11:09:27,0e0,+1.131069E+01,+2.828500E-03,+9.910000E+37,+9.435625E+02,+3.584400E+04,+1.131357E+01,+2.828500E-03,+9.910000E+37,+9.436289E+02,+3.584400E+04,+1.130925E+01,+2.828500E-03,+9.910000E+37,+9.436963E+02,+3.584400E+04,-1.163693E-01,+0.000000E+00,+9.910000E+37,+9.437637E+02,+3.584400E+04
11:09:27,0e0,+1.131840E+01,+2.842500E-03,+9.910000E+37,+9.439902E+02,+3.584400E+04,+1.131958E+01,+2.842500E-03,+9.910000E+37,+9.440566E+02,+3.584400E+04,+1.131434E+01,+2.842500E-03,+9.910000E+37,+9.441240E+02,+3.584400E+04,-1.104047E-01,+0.000000E+00,+9.910000E+37,+9.441914E+02,+3.584400E+04
11:09:27,0e0,+1.132514E+01,+2.857000E-03,+9.910000E+37,+9.444189E+02,+3.584400E+04,+1.132731E+01,+2.857000E-03,+9.910000E+37,+9.444854E+02,+3.584400E+04,+1.132199E+01,+2.857000E-03,+9.910000E+37,+9.445518E+02,+3.584400E+04,-1.141383E-01,+0.000000E+00,+9.910000E+37,+9.446182E+02,+3.584400E+04
11:09:27,0e0,+1.133378E+01,+2.871500E-03,+9.910000E+37,+9.448438E+02,+3.584400E+04,+1.133437E+01,+2.871500E-03,+9.910000E+37,+9.449102E+02,+3.584400E+04,+1.132872E+01,+2.871500E-03,+9.910000E+37,+9.449766E+02,+3.584400E+04,-1.135010E-01,+0.000000E+00,+9.910000E+37,+9.450430E+02,+3.584400E+04
11:09:27,0e0,+1.133972E+01,+2.885500E-03,+9.910000E+37,+9.452744E+02,+3.584400E+04,+1.134126E+01,+2.885500E-03,+9.910000E+37,+9.453408E+02,+3.584400E+04,+1.133653E+01,+2.885500E-03,+9.910000E+37,+9.454072E+02,+3.584400E+04,-1.121804E-01,+0.000000E+00,+9.910000E+37,+9.454736E+02,+3.584400E+04
11:09:27,0e0,+1.134749E+01,+2.900000E-03,+9.910000E+37,+9.456973E+02,+3.584400E+04,+1.134968E+01,+2.900000E-03,+9.910000E+37,+9.457637E+02,+3.584400E+04,+1.134430E+01,+2.900000E-03,+9.910000E+37,+9.458301E+02,+3.584400E+04,-1.150944E-01,+0.000000E+00,+9.910000E+37,+9.458965E+02,+3.584400E+04
11:09:27,0e0,+1.135441E+01,+2.914000E-03,+9.910000E+37,+9.461289E+02,+3.584400E+04,+1.135601E+01,+2.914000E-03,+9.910000E+37,+9.461953E+02,+3.584400E+04,+1.135118E+01,+2.914000E-03,+9.910000E+37,+9.462617E+02,+3.584400E+04,-1.139105E-01,+0.000000E+00,+9.910000E+37,+9.463281E+02,+3.584400E+04
11:09:27,0e0,+1.136109E+01,+2.928500E-03,+9.910000E+37,+9.465527E+02,+3.584400E+04,+1.136342E+01,+2.928500E-03,+9.910000E+37,+9.466191E+02,+3.584400E+04,+1.135723E+01,+2.928500E-03,+9.910000E+37,+9.466865E+02,+3.584400E+04,-1.123626E-01,+0.000000E+00,+9.910000E+37,+9.467529E+02,+3.584400E+04
11:09:27,0e0,+1.136940E+01,+2.942500E-03,+9.910000E+37,+9.469854E+02,+3.584400E+04,+1.136834E+01,+2.942500E-03,+9.910000E+37,+9.470518E+02,+3.584400E+04,+1.136424E+01,+2.942500E-03,+9.910000E+37,+9.471182E+02,+3.584400E+04,-1.093120E-01,+0.000000E+00,+9.910000E+37,+9.471846E+02,+3.584400E+04
11:09:27,0e0,+1.137669E+01,+2.957000E-03,+9.910000E+37,+9.474150E+02,+3.584400E+04,+1.137700E+01,+2.957000E-03,+9.910000E+37,+9.474814E+02,+3.584400E+04,+1.137125E+01,+2.957000E-03,+9.910000E+37,+9.475479E+02,+3.584400E+04,-1.098584E-01,+0.000000E+00,+9.910000E+37,+9.476143E+02,+3.584400E+04
11:09:27,0e0,+1.138301E+01,+2.971500E-03,+9.910000E+37,+9.478428E+02,+3.584400E+04,+1.138514E+01,+2.971500E-03,+9.910000E+37,+9.479092E+02,+3.584400E+04,+1.138036E+01,+2.971500E-03,+9.910000E+37,+9.479746E+02,+3.584400E+04,-1.121348E-01,+0.000000E+00,+9.910000E+37,+9.480410E+02,+3.584400E+04
11:09:27,0e0,+1.138933E+01,+2.985500E-03,+9.910000E+37,+9.482666E+02,+3.584400E+04,+1.139074E+01,+2.985500E-03,+9.910000E+37,+9.483330E+02,+3.584400E+04,+1.138523E+01,+2.985500E-03,+9.910000E+37,+9.484004E+02,+3.584400E+04,-1.081737E-01,+0.000000E+00,+9.910000E+37,+9.484678E+02,+3.584400E+04
