11:07:13,0e0,-5.462226E-02,-1.300000E-07,+9.910000E+37,+4.335938E+02,+3.584400E+04,-5.398439E-02,-1.300000E-07,+9.910000E+37,+4.336602E+02,+3.584400E+04,-5.352946E-02,-1.300000E-07,+9.910000E+37,+4.337266E+02,+3.584400E+04,-2.721140E-02,+0.000000E+00,+9.910000E+37,+4.337930E+02,+3.584400E+04
11:07:13,0e0,+1.358813E+00,+1.415500E-05,+9.910000E+37,+4.340156E+02,+3.584400E+04,+1.356855E+00,+1.415500E-05,+9.910000E+37,+4.340830E+02,+3.584400E+04,+1.356444E+00,+1.415500E-05,+9.910000E+37,+4.341484E+02,+3.584400E+04,-3.026223E-02,+0.000000E+00,+9.910000E+37,+4.342158E+02,+3.584400E+04
11:07:13,0e0,+2.206453E+00,+2.844000E-05,+9.910000E+37,+4.344365E+02,+3.584400E+04,+2.200807E+00,+2.844000E-05,+9.910000E+37,+4.345029E+02,+3.584400E+04,+2.198490E+00,+2.844000E-05,+9.910000E+37,+4.345693E+02,+3.584400E+04,-2.762121E-02,+0.000000E+00,+9.910000E+37,+4.346357E+02,+3.584400E+04
11:07:13,0e0,+2.792739E+00,+4.272500E-05,+9.910000E+37,+4.348535E+02,+3.584400E+04,+2.782307E+00,+4.272500E-05,+9.910000E+37,+4.349199E+02,+3.584400E+04,+2.779848E+00,+4.272500E-05,+9.910000E+37,+4.349873E+02,+3.584400E+04,-2.848627E-02,+0.000000E+00,+9.910000E+37,+4.350527E+02,+3.584400E+04
11:07:13,0e0,+3.248743E+00,+5.701500E-05,+9.910000E+37,+4.352734E+02,+3.584400E+04,+3.236591E+00,+5.701500E-05,+9.910000E+37,+4.353408E+02,+3.584400E+04,+3.232898E+00,+5.701500E-05,+9.910000E+37,+4.354063E+02,+3.584400E+04,-2.839486E-02,+0.000000E+00,+9.910000E+37,+4.354736E+02,+3.584400E+04
11:07:13,0e0,+3.627990E+00,+7.130000E-05,+9.910000E+37,+4.356963E+02,+3.584400E+04,+3.611879E+00,+7.130000E-05,+9.910000E+37,+4.357627E+02,+3.584400E+04,+3.608093E+00,+7.130000E-05,+9.910000E+37,+4.358281E+02,+3.584400E+04,-2.898711E-02,+0.000000E+00,+9.910000E+37,+4.358955E+02,+3.584400E+04
11:07:13,0e0,+3.955879E+00,+8.558500E-05,+9.910000E+37,+4.365479E+02,+3.584400E+04,+3.935650E+00,+8.558500E-05,+9.910000E+37,+4.366152E+02,+3.584400E+04,+3.932148E+00,+8.558500E-05,+9.910000E+37,+4.366807E+02,+3.584400E+04,-2.862288E-02,+0.000000E+00,+9.910000E+37,+4.367480E+02,+3.584400E+04
11:07:13,0e0,+4.241542E+00,+9.987000E-05,+9.910000E+37,+4.374111E+02,+3.584400E+04,+4.221020E+00,+9.987000E-05,+9.910000E+37,+4.374766E+02,+3.584400E+04,+4.218098E+00,+9.987000E-05,+9.910000E+37,+4.375439E+02,+3.584400E+04,-2.857707E-02,+0.000000E+00,+9.910000E+37,+4.376172E+02,+3.584400E+04
11:07:13,0e0,+4.486607E+00,+1.141500E-04,+9.910000E+37,+4.382656E+02,+3.584400E+04,+4.464841E+00,+1.141500E-04,+9.910000E+37,+4.383330E+02,+3.584400E+04,+4.460604E+00,+1.141500E-04,+9.910000E+37,+4.383994E+02,+3.584400E+04,-3.763869E-02,+0.000000E+00,+9.910000E+37,+4.384668E+02,+3.584400E+04
11:07:13,0e0,+4.716084E+00,+1.284500E-04,+9.910000E+37,+4.392041E+02,+3.584400E+04,+4.695375E+00,+1.284500E-04,+9.910000E+37,+4.392715E+02,+3.584400E+04,+4.690957E+00,+1.284500E-04,+9.910000E+37,+4.393369E+02,+3.584400E+04,-3.704649E-02,+0.000000E+00,+9.910000E+37,+4.394043E+02,+3.584400E+04
11:07:13,0e0,+4.926682E+00,+1.427500E-04,+9.910000E+37,+4.400645E+02,+3.584400E+04,+4.902634E+00,+1.427500E-04,+9.910000E+37,+4.401299E+02,+3.584400E+04,+4.901227E+00,+1.427500E-04,+9.910000E+37,+4.401963E+02,+3.584400E+04,-3.663680E-02,+0.000000E+00,+9.910000E+37,+4.402646E+02,+3.584400E+04
11:07:13,0e0,+5.119242E+00,+1.570000E-04,+9.910000E+37,+4.409902E+02,+3.584400E+04,+5.096015E+00,+1.570000E-04,+9.910000E+37,+4.410557E+02,+3.584400E+04,+5.093332E+00,+1.570000E-04,+9.910000E+37,+4.411230E+02,+3.584400E+04,-3.650025E-02,+0.000000E+00,+9.910000E+37,+4.411895E+02,+3.584400E+04
11:07:13,0e0,+5.296727E+00,+1.713000E-04,+9.910000E+37,+4.419531E+02,+3.584400E+04,+5.273331E+00,+1.713000E-04,+9.910000E+37,+4.420186E+02,+3.584400E+04,+5.271635E+00,+1.713000E-04,+9.910000E+37,+4.420850E+02,+3.584400E+04,-3.859507E-02,+0.000000E+00,+9.910000E+37,+4.421533E+02,+3.584400E+04
11:07:13,0e0,+5.462061E+00,+1.856000E-04,+9.910000E+37,+4.428926E+02,+3.584400E+04,+5.438107E+00,+1.856000E-04,+9.910000E+37,+4.429600E+02,+3.584400E+04,+5.434450E+00,+1.856000E-04,+9.910000E+37,+4.430254E+02,+3.584400E+04,-3.736539E-02,+0.000000E+00,+9.910000E+37,+4.430928E+02,+3.584400E+04
11:07:13,0e0,+5.613223E+00,+1.998500E-04,+9.910000E+37,+4.438467E+02,+3.584400E+04,+5.590775E+00,+1.998500E-04,+9.910000E+37,+4.439131E+02,+3.584400E+04,+5.589181E+00,+1.998500E-04,+9.910000E+37,+4.439805E+02,+3.584400E+04,-3.631812E-02,+0.000000E+00,+9.910000E+37,+4.440469E+02,+3.584400E+04
11:07:13,0e0,+5.755459E+00,+2.141500E-04,+9.910000E+37,+4.447969E+02,+3.584400E+04,+5.732655E+00,+2.141500E-04,+9.910000E+37,+4.448643E+02,+3.584400E+04,+5.730685E+00,+2.141500E-04,+9.910000E+37,+4.449297E+02,+3.584400E+04,-3.709237E-02,+0.000000E+00,+9.910000E+37,+4.449961E+02,+3.584400E+04
11:07:13,0e0,+5.887918E+00,+2.284500E-04,+9.910000E+37,+4.456719E+02,+3.584400E+04,+5.867978E+00,+2.284500E-04,+9.910000E+37,+4.457383E+02,+3.584400E+04,+5.865709E+00,+2.284500E-04,+9.910000E+37,+4.458057E+02,+3.584400E+04,-3.599936E-02,+0.000000E+00,+9.910000E+37,+4.458740E+02,+3.584400E+04
11:07:13,0e0,+6.010725E+00,+2.427500E-04,+9.910000E+37,+4.464395E+02,+3.584400E+04,+5.990324E+00,+2.427500E-04,+9.910000E+37,+4.465068E+02,+3.584400E+04,+5.990144E+00,+2.427500E-04,+9.910000E+37,+4.465732E+02,+3.584400E+04,-3.504330E-02,+0.000000E+00,+9.910000E+37,+4.466406E+02,+3.584400E+04
11:07:13,0e0,+6.124919E+00,+2.570000E-04,+9.910000E+37,+4.471924E+02,+3.584400E+04,+6.107343E+00,+2.570000E-04,+9.910000E+37,+4.472598E+02,+3.584400E+04,+6.106430E+00,+2.570000E-04,+9.910000E+37,+4.473262E+02,+3.584400E+04,-3.627269E-02,+0.000000E+00,+9.910000E+37,+4.473936E+02,+3.584400E+04
11:07:13,0e0,+6.233835E+00,+2.713000E-04,+9.910000E+37,+4.479668E+02,+3.584400E+04,+6.213604E+00,+2.713000E-04,+9.910000E+37,+4.480322E+02,+3.584400E+04,+6.215209E+00,+2.713000E-04,+9.910000E+37,+4.480986E+02,+3.584400E+04,-3.599949E-02,+0.000000E+00,+9.910000E+37,+4.481670E+02,+3.584400E+04
11:07:13,0e0,+6.333450E+00,+2.856000E-04,+9.910000E+37,+4.487197E+02,+3.584400E+04,+6.317841E+00,+2.856000E-04,+9.910000E+37,+4.487861E+02,+3.584400E+04,+6.318116E+00,+2.856000E-04,+9.910000E+37,+4.488535E+02,+3.584400E+04,-3.686459E-02,+0.000000E+00,+9.910000E+37,+4.489219E+02,+3.584400E+04
11:07:13,0e0,+6.427986E+00,+2.998500E-04,+9.910000E+37,+4.495156E+02,+3.584400E+04,+6.412555E+00,+2.998500E-04,+9.910000E+37,+4.495830E+02,+3.584400E+04,+6.412772E+00,+2.998500E-04,+9.910000E+37,+4.496494E+02,+3.584400E+04,-3.663696E-02,+0.000000E+00,+9.910000E+37,+4.497168E+02,+3.584400E+04
11:07:13,0e0,+6.516822E+00,+3.141500E-04,+9.910000E+37,+4.502422E+02,+3.584400E+04,+6.502395E+00,+3.141500E-04,+9.910000E+37,+4.503096E+02,+3.584400E+04,+6.504296E+00,+3.141500E-04,+9.910000E+37,+4.503760E+02,+3.584400E+04,-3.672805E-02,+0.000000E+00,+9.910000E+37,+4.504434E+02,+3.584400E+04
11:07:13,0e0,+6.599887E+00,+3.284500E-04,+9.910000E+37,+4.510684E+02,+3.584400E+04,+6.586257E+00,+3.284500E-04,+9.910000E+37,+4.511338E+02,+3.584400E+04,+6.586167E+00,+3.284500E-04,+9.910000E+37,+4.512012E+02,+3.584400E+04,-3.631835E-02,+0.000000E+00,+9.910000E+37,+4.512686E+02,+3.584400E+04
11:07:13,0e0,+6.677778E+00,+3.427500E-04,+9.910000E+37,+4.518828E+02,+3.584400E+04,+6.665529E+00,+3.427500E-04,+9.910000E+37,+4.519551E+02,+3.584400E+04,+6.665664E+00,+3.427500E-04,+9.910000E+37,+4.520215E+02,+3.584400E+04,-3.649999E-02,+0.000000E+00,+9.910000E+37,+4.520889E+02,+3.584400E+04
11:07:13,0e0,+6.750491E+00,+3.570000E-04,+9.910000E+37,+4.528652E+02,+3.584400E+04,+6.738144E+00,+3.570000E-04,+9.910000E+37,+4.529326E+02,+3.584400E+04,+6.740251E+00,+3.570000E-04,+9.910000E+37,+4.529990E+02,+3.584400E+04,-3.495228E-02,+0.000000E+00,+9.910000E+37,+4.530664E+02,+3.584400E+04
11:07:13,0e0,+6.818692E+00,+3.713000E-04,+9.910000E+37,+4.538398E+02,+3.584400E+04,+6.809592E+00,+3.713000E-04,+9.910000E+37,+4.539063E+02,+3.584400E+04,+6.811460E+00,+3.713000E-04,+9.910000E+37,+4.539727E+02,+3.584400E+04,-3.636388E-02,+0.000000E+00,+9.910000E+37,+4.540391E+02,+3.584400E+04
11:07:13,0e0,+6.884005E+00,+3.856000E-04,+9.910000E+37,+4.549502E+02,+3.584400E+04,+6.875252E+00,+3.856000E-04,+9.910000E+37,+4.550176E+02,+3.584400E+04,+6.878084E+00,+3.856000E-04,+9.910000E+37,+4.550830E+02,+3.584400E+04,-3.659154E-02,+0.000000E+00,+9.910000E+37,+4.551514E+02,+3.584400E+04
11:07:13,0e0,+6.945409E+00,+3.998500E-04,+9.910000E+37,+4.558330E+02,+3.584400E+04,+6.938359E+00,+3.998500E-04,+9.910000E+37,+4.558984E+02,+3.584400E+04,+6.938772E+00,+3.998500E-04,+9.910000E+37,+4.559658E+02,+3.584400E+04,-3.549866E-02,+0.000000E+00,+9.910000E+37,+4.560313E+02,+3.584400E+04
11:07:13,0e0,+7.006336E+00,+4.141500E-04,+9.910000E+37,+4.566279E+02,+3.584400E+04,+6.997958E+00,+4.141500E-04,+9.910000E+37,+4.566953E+02,+3.584400E+04,+6.998734E+00,+4.141500E-04,+9.910000E+37,+4.567617E+02,+3.584400E+04,-3.408721E-02,+0.000000E+00,+9.910000E+37,+4.568301E+02,+3.584400E+04
11:07:13,0e0,+7.062803E+00,+4.284500E-04,+9.910000E+37,+4.574355E+02,+3.584400E+04,+7.055015E+00,+4.284500E-04,+9.910000E+37,+4.575029E+02,+3.584400E+04,+7.056064E+00,+4.284500E-04,+9.910000E+37,+4.575693E+02,+3.584400E+04,-3.549881E-02,+0.000000E+00,+9.910000E+37,+4.576367E+02,+3.584400E+04
11:07:13,0e0,+7.116709E+00,+4.427500E-04,+9.910000E+37,+4.582461E+02,+3.584400E+04,+7.109849E+00,+4.427500E-04,+9.910000E+37,+4.583115E+02,+3.584400E+04,+7.110244E+00,+4.427500E-04,+9.910000E+37,+4.583789E+02,+3.584400E+04,-3.618169E-02,+0.000000E+00,+9.910000E+37,+4.584453E+02,+3.584400E+04
11:07:13,0e0,+7.165827E+00,+4.570000E-04,+9.910000E+37,+4.591309E+02,+3.584400E+04,+7.161742E+00,+4.570000E-04,+9.910000E+37,+4.591963E+02,+3.584400E+04,+7.161647E+00,+4.570000E-04,+9.910000E+37,+4.592637E+02,+3.584400E+04,-3.645504E-02,+0.000000E+00,+9.910000E+37,+4.593301E+02,+3.584400E+04
11:07:13,0e0,+7.216936E+00,+4.713000E-04,+9.910000E+37,+4.599570E+02,+3.584400E+04,+7.212101E+00,+4.713000E-04,+9.910000E+37,+4.600234E+02,+3.584400E+04,+7.213556E+00,+4.713000E-04,+9.910000E+37,+4.600898E+02,+3.584400E+04,-3.604518E-02,+0.000000E+00,+9.910000E+37,+4.601572E+02,+3.584400E+04
11:07:13,0e0,+7.264186E+00,+4.856000E-04,+9.910000E+37,+4.607646E+02,+3.584400E+04,+7.259588E+00,+4.856000E-04,+9.910000E+37,+4.608311E+02,+3.584400E+04,+7.259088E+00,+4.856000E-04,+9.910000E+37,+4.608975E+02,+3.584400E+04,-3.581746E-02,+0.000000E+00,+9.910000E+37,+4.609658E+02,+3.584400E+04
11:07:13,0e0,+7.309631E+00,+4.998500E-04,+9.910000E+37,+4.615898E+02,+3.584400E+04,+7.305349E+00,+4.998500E-04,+9.910000E+37,+4.616572E+02,+3.584400E+04,+7.306672E+00,+4.998500E-04,+9.910000E+37,+4.617227E+02,+3.584400E+04,-3.527147E-02,+0.000000E+00,+9.910000E+37,+4.617891E+02,+3.584400E+04
11:07:13,0e0,+7.354212E+00,+5.141500E-04,+9.910000E+37,+4.624248E+02,+3.584400E+04,+7.350158E+00,+5.141500E-04,+9.910000E+37,+4.624912E+02,+3.584400E+04,+7.350885E+00,+5.141500E-04,+9.910000E+37,+4.625586E+02,+3.584400E+04,-3.490673E-02,+0.000000E+00,+9.910000E+37,+4.626270E+02,+3.584400E+04
11:07:13,0e0,+7.396734E+00,+5.284500E-04,+9.910000E+37,+4.632656E+02,+3.584400E+04,+7.393726E+00,+5.284500E-04,+9.910000E+37,+4.633320E+02,+3.584400E+04,+7.394550E+00,+5.284500E-04,+9.910000E+37,+4.633984E+02,+3.584400E+04,-3.563547E-02,+0.000000E+00,+9.910000E+37,+4.634668E+02,+3.584400E+04
11:07:13,0e0,+7.437713E+00,+5.427500E-04,+9.910000E+37,+4.641104E+02,+3.584400E+04,+7.435068E+00,+5.427500E-04,+9.910000E+37,+4.641768E+02,+3.584400E+04,+7.436453E+00,+5.427500E-04,+9.910000E+37,+4.642441E+02,+3.584400E+04,-3.604530E-02,+0.000000E+00,+9.910000E+37,+4.643125E+02,+3.584400E+04
11:07:13,0e0,+7.477870E+00,+5.570000E-04,+9.910000E+37,+4.649687E+02,+3.584400E+04,+7.475412E+00,+5.570000E-04,+9.910000E+37,+4.650361E+02,+3.584400E+04,+7.475462E+00,+5.570000E-04,+9.910000E+37,+4.651025E+02,+3.584400E+04,-3.490704E-02,+0.000000E+00,+9.910000E+37,+4.651699E+02,+3.584400E+04
11:07:13,0e0,+7.517029E+00,+5.713000E-04,+9.910000E+37,+4.657256E+02,+3.584400E+04,+7.514113E+00,+5.713000E-04,+9.910000E+37,+4.657920E+02,+3.584400E+04,+7.514018E+00,+5.713000E-04,+9.910000E+37,+4.658594E+02,+3.584400E+04,-3.508879E-02,+0.000000E+00,+9.910000E+37,+4.659258E+02,+3.584400E+04
11:07:13,0e0,+7.554456E+00,+5.856000E-04,+9.910000E+37,+4.666250E+02,+3.584400E+04,+7.552451E+00,+5.856000E-04,+9.910000E+37,+4.666924E+02,+3.584400E+04,+7.552421E+00,+5.856000E-04,+9.910000E+37,+4.667578E+02,+3.584400E+04,-3.331326E-02,+0.000000E+00,+9.910000E+37,+4.668262E+02,+3.584400E+04
11:07:13,0e0,+7.590703E+00,+5.998500E-04,+9.910000E+37,+4.674736E+02,+3.584400E+04,+7.589752E+00,+5.998500E-04,+9.910000E+37,+4.675410E+02,+3.584400E+04,+7.589653E+00,+5.998500E-04,+9.910000E+37,+4.676064E+02,+3.584400E+04,-3.586355E-02,+0.000000E+00,+9.910000E+37,+4.676748E+02,+3.584400E+04
11:07:13,0e0,+7.625315E+00,+6.141500E-04,+9.910000E+37,+4.683311E+02,+3.584400E+04,+7.624932E+00,+6.141500E-04,+9.910000E+37,+4.683975E+02,+3.584400E+04,+7.624985E+00,+6.141500E-04,+9.910000E+37,+4.684648E+02,+3.584400E+04,-3.413258E-02,+0.000000E+00,+9.910000E+37,+4.685332E+02,+3.584400E+04
11:07:13,0e0,+7.658752E+00,+6.284500E-04,+9.910000E+37,+4.692793E+02,+3.584400E+04,+7.659996E+00,+6.284500E-04,+9.910000E+37,+4.693467E+02,+3.584400E+04,+7.660785E+00,+6.284500E-04,+9.910000E+37,+4.694131E+02,+3.584400E+04,-3.540802E-02,+0.000000E+00,+9.910000E+37,+4.694805E+02,+3.584400E+04
11:07:13,0e0,+7.695052E+00,+6.427500E-04,+9.910000E+37,+4.701611E+02,+3.584400E+04,+7.694513E+00,+6.427500E-04,+9.910000E+37,+4.702266E+02,+3.584400E+04,+7.694148E+00,+6.427500E-04,+9.910000E+37,+4.702930E+02,+3.584400E+04,-3.445171E-02,+0.000000E+00,+9.910000E+37,+4.703613E+02,+3.584400E+04
11:07:13,0e0,+7.727659E+00,+6.570000E-04,+9.910000E+37,+4.711289E+02,+3.584400E+04,+7.727927E+00,+6.570000E-04,+9.910000E+37,+4.711953E+02,+3.584400E+04,+7.728436E+00,+6.570000E-04,+9.910000E+37,+4.712627E+02,+3.584400E+04,-3.413270E-02,+0.000000E+00,+9.910000E+37,+4.713301E+02,+3.584400E+04
11:07:13,0e0,+7.760089E+00,+6.713000E-04,+9.910000E+37,+4.720225E+02,+3.584400E+04,+7.760396E+00,+6.713000E-04,+9.910000E+37,+4.720879E+02,+3.584400E+04,+7.760216E+00,+6.713000E-04,+9.910000E+37,+4.721553E+02,+3.584400E+04,-3.540793E-02,+0.000000E+00,+9.910000E+37,+4.722236E+02,+3.584400E+04
11:07:13,0e0,+7.791220E+00,+6.856000E-04,+9.910000E+37,+4.730205E+02,+3.584400E+04,+7.791676E+00,+6.856000E-04,+9.910000E+37,+4.730869E+02,+3.584400E+04,+7.791681E+00,+6.856000E-04,+9.910000E+37,+4.731543E+02,+3.584400E+04,-3.440624E-02,+0.000000E+00,+9.910000E+37,+4.732207E+02,+3.584400E+04
11:07:13,0e0,+7.822741E+00,+6.998500E-04,+9.910000E+37,+4.739326E+02,+3.584400E+04,+7.822878E+00,+6.998500E-04,+9.910000E+37,+4.740000E+02,+3.584400E+04,+7.822501E+00,+6.998500E-04,+9.910000E+37,+4.740654E+02,+3.584400E+04,-3.499840E-02,+0.000000E+00,+9.910000E+37,+4.741348E+02,+3.584400E+04
11:07:13,0e0,+7.852054E+00,+7.141500E-04,+9.910000E+37,+4.748369E+02,+3.584400E+04,+7.854151E+00,+7.141500E-04,+9.910000E+37,+4.749023E+02,+3.584400E+04,+7.853653E+00,+7.141500E-04,+9.910000E+37,+4.749688E+02,+3.584400E+04,-3.431499E-02,+0.000000E+00,+9.910000E+37,+4.750371E+02,+3.584400E+04
11:07:13,0e0,+7.881802E+00,+7.284500E-04,+9.910000E+37,+4.757490E+02,+3.584400E+04,+7.882833E+00,+7.284500E-04,+9.910000E+37,+4.758164E+02,+3.584400E+04,+7.883287E+00,+7.284500E-04,+9.910000E+37,+4.758828E+02,+3.584400E+04,-3.363213E-02,+0.000000E+00,+9.910000E+37,+4.759521E+02,+3.584400E+04
11:07:13,0e0,+7.912114E+00,+7.427500E-04,+9.910000E+37,+4.761846E+02,+3.584400E+04,+7.909863E+00,+7.427500E-04,+9.910000E+37,+4.762500E+02,+3.584400E+04,+7.910561E+00,+7.427500E-04,+9.910000E+37,+4.763174E+02,+3.584400E+04,-3.335895E-02,+0.000000E+00,+9.910000E+37,+4.763828E+02,+3.584400E+04
11:07:13,0e0,+7.939620E+00,+7.570000E-04,+9.910000E+37,+4.766162E+02,+3.584400E+04,+7.938745E+00,+7.570000E-04,+9.910000E+37,+4.766836E+02,+3.584400E+04,+7.938945E+00,+7.570000E-04,+9.910000E+37,+4.767490E+02,+3.584400E+04,-3.381447E-02,+0.000000E+00,+9.910000E+37,+4.768164E+02,+3.584400E+04
11:07:13,0e0,+7.966572E+00,+7.713000E-04,+9.910000E+37,+4.770596E+02,+3.584400E+04,+7.966063E+00,+7.713000E-04,+9.910000E+37,+4.771270E+02,+3.584400E+04,+7.965333E+00,+7.713000E-04,+9.910000E+37,+4.771924E+02,+3.584400E+04,-3.381439E-02,+0.000000E+00,+9.910000E+37,+4.772588E+02,+3.584400E+04
11:07:13,0e0,+7.993426E+00,+7.856000E-04,+9.910000E+37,+4.774844E+02,+3.584400E+04,+7.993204E+00,+7.856000E-04,+9.910000E+37,+4.775518E+02,+3.584400E+04,+7.992708E+00,+7.856000E-04,+9.910000E+37,+4.776172E+02,+3.584400E+04,-3.422388E-02,+0.000000E+00,+9.910000E+37,+4.776846E+02,+3.584400E+04
11:07:13,0e0,+8.019747E+00,+7.998500E-04,+9.910000E+37,+4.779082E+02,+3.584400E+04,+8.019123E+00,+7.998500E-04,+9.910000E+37,+4.779746E+02,+3.584400E+04,+8.019168E+00,+7.998500E-04,+9.910000E+37,+4.780410E+02,+3.584400E+04,-3.472519E-02,+0.000000E+00,+9.910000E+37,+4.781084E+02,+3.584400E+04
11:07:13,0e0,+8.046111E+00,+8.141500E-04,+9.910000E+37,+4.783320E+02,+3.584400E+04,+8.045652E+00,+8.141500E-04,+9.910000E+37,+4.783984E+02,+3.584400E+04,+8.044342E+00,+8.141500E-04,+9.910000E+37,+4.784658E+02,+3.584400E+04,-3.222059E-02,+0.000000E+00,+9.910000E+37,+4.785312E+02,+3.584400E+04
11:07:13,0e0,+8.071288E+00,+8.284500E-04,+9.910000E+37,+4.787607E+02,+3.584400E+04,+8.071064E+00,+8.284500E-04,+9.910000E+37,+4.788281E+02,+3.584400E+04,+8.069360E+00,+8.284500E-04,+9.910000E+37,+4.788936E+02,+3.584400E+04,-3.363244E-02,+0.000000E+00,+9.910000E+37,+4.789609E+02,+3.584400E+04
11:07:13,0e0,+8.097156E+00,+8.427500E-04,+9.910000E+37,+4.791777E+02,+3.584400E+04,+8.096741E+00,+8.427500E-04,+9.910000E+37,+4.792441E+02,+3.584400E+04,+8.095333E+00,+8.427500E-04,+9.910000E+37,+4.793115E+02,+3.584400E+04,-3.440635E-02,+0.000000E+00,+9.910000E+37,+4.793789E+02,+3.584400E+04
11:07:13,0e0,+8.121917E+00,+8.570000E-04,+9.910000E+37,+4.796055E+02,+3.584400E+04,+8.122080E+00,+8.570000E-04,+9.910000E+37,+4.796719E+02,+3.584400E+04,+8.119822E+00,+8.570000E-04,+9.910000E+37,+4.797373E+02,+3.584400E+04,-3.545390E-02,+0.000000E+00,+9.910000E+37,+4.798037E+02,+3.584400E+04
11:07:13,0e0,+8.146707E+00,+8.713000E-04,+9.910000E+37,+4.800303E+02,+3.584400E+04,+8.146100E+00,+8.713000E-04,+9.910000E+37,+4.800977E+02,+3.584400E+04,+8.144860E+00,+8.713000E-04,+9.910000E+37,+4.801631E+02,+3.584400E+04,-3.408758E-02,+0.000000E+00,+9.910000E+37,+4.802295E+02,+3.584400E+04
11:07:13,0e0,+8.170700E+00,+8.856000E-04,+9.910000E+37,+4.804629E+02,+3.584400E+04,+8.171295E+00,+8.856000E-04,+9.910000E+37,+4.805293E+02,+3.584400E+04,+8.169607E+00,+8.856000E-04,+9.910000E+37,+4.805947E+02,+3.584400E+04,-3.408767E-02,+0.000000E+00,+9.910000E+37,+4.806611E+02,+3.584400E+04
11:07:13,0e0,+8.194047E+00,+8.998500E-04,+9.910000E+37,+4.808818E+02,+3.584400E+04,+8.194048E+00,+8.998500E-04,+9.910000E+37,+4.809482E+02,+3.584400E+04,+8.193783E+00,+8.998500E-04,+9.910000E+37,+4.810146E+02,+3.584400E+04,-3.385971E-02,+0.000000E+00,+9.910000E+37,+4.810820E+02,+3.584400E+04
11:07:13,0e0,+8.217129E+00,+9.141500E-04,+9.910000E+37,+4.813018E+02,+3.584400E+04,+8.218163E+00,+9.141500E-04,+9.910000E+37,+4.813682E+02,+3.584400E+04,+8.218241E+00,+9.141500E-04,+9.910000E+37,+4.814355E+02,+3.584400E+04,-3.404179E-02,+0.000000E+00,+9.910000E+37,+4.815010E+02,+3.584400E+04
11:07:13,0e0,+8.240990E+00,+9.284500E-04,+9.910000E+37,+4.817266E+02,+3.584400E+04,+8.242174E+00,+9.284500E-04,+9.910000E+37,+4.817920E+02,+3.584400E+04,+8.240670E+00,+9.284500E-04,+9.910000E+37,+4.818584E+02,+3.584400E+04,-3.395107E-02,+0.000000E+00,+9.910000E+37,+4.819248E+02,+3.584400E+04
11:07:13,0e0,+8.263797E+00,+9.427500E-04,+9.910000E+37,+4.821484E+02,+3.584400E+04,+8.263807E+00,+9.427500E-04,+9.910000E+37,+4.822139E+02,+3.584400E+04,+8.262662E+00,+9.427500E-04,+9.910000E+37,+4.822813E+02,+3.584400E+04,-3.358676E-02,+0.000000E+00,+9.910000E+37,+4.823467E+02,+3.584400E+04
11:07:13,0e0,+8.285654E+00,+9.570000E-04,+9.910000E+37,+4.825732E+02,+3.584400E+04,+8.285825E+00,+9.570000E-04,+9.910000E+37,+4.826387E+02,+3.584400E+04,+8.285066E+00,+9.570000E-04,+9.910000E+37,+4.827061E+02,+3.584400E+04,-3.335911E-02,+0.000000E+00,+9.910000E+37,+4.827715E+02,+3.584400E+04
11:07:13,0e0,+8.307607E+00,+9.713000E-04,+9.910000E+37,+4.829941E+02,+3.584400E+04,+8.308898E+00,+9.713000E-04,+9.910000E+37,+4.830605E+02,+3.584400E+04,+8.308744E+00,+9.713000E-04,+9.910000E+37,+4.831260E+02,+3.584400E+04,-3.385991E-02,+0.000000E+00,+9.910000E+37,+4.831924E+02,+3.584400E+04
11:07:13,0e0,+8.330142E+00,+9.856001E-04,+9.910000E+37,+4.834170E+02,+3.584400E+04,+8.330411E+00,+9.856001E-04,+9.910000E+37,+4.834834E+02,+3.584400E+04,+8.329220E+00,+9.856001E-04,+9.910000E+37,+4.835498E+02,+3.584400E+04,-3.349565E-02,+0.000000E+00,+9.910000E+37,+4.836172E+02,+3.584400E+04
11:07:13,0e0,+8.351589E+00,+9.998500E-04,+9.910000E+37,+4.838438E+02,+3.584400E+04,+8.352417E+00,+9.998500E-04,+9.910000E+37,+4.839111E+02,+3.584400E+04,+8.352226E+00,+9.998500E-04,+9.910000E+37,+4.839785E+02,+3.584400E+04,-3.467970E-02,+0.000000E+00,+9.910000E+37,+4.840459E+02,+3.584400E+04
11:07:13,0e0,+8.371885E+00,+1.014150E-03,+9.910000E+37,+4.842744E+02,+3.584400E+04,+8.374351E+00,+1.014150E-03,+9.910000E+37,+4.843418E+02,+3.584400E+04,+8.372535E+00,+1.014150E-03,+9.910000E+37,+4.844082E+02,+3.584400E+04,-3.340465E-02,+0.000000E+00,+9.910000E+37,+4.844746E+02,+3.584400E+04
11:07:13,0e0,+8.393373E+00,+1.028450E-03,+9.910000E+37,+4.846973E+02,+3.584400E+04,+8.395072E+00,+1.028450E-03,+9.910000E+37,+4.847637E+02,+3.584400E+04,+8.393617E+00,+1.028450E-03,+9.910000E+37,+4.848301E+02,+3.584400E+04,-3.331368E-02,+0.000000E+00,+9.910000E+37,+4.848975E+02,+3.584400E+04
11:07:13,0e0,+8.413782E+00,+1.042750E-03,+9.910000E+37,+4.851201E+02,+3.584400E+04,+8.416076E+00,+1.042750E-03,+9.910000E+37,+4.851875E+02,+3.584400E+04,+8.414286E+00,+1.042750E-03,+9.910000E+37,+4.852549E+02,+3.584400E+04,-3.399633E-02,+0.000000E+00,+9.910000E+37,+4.853203E+02,+3.584400E+04
11:07:13,0e0,+8.421702E+00,+1.057000E-03,+9.910000E+37,+4.855449E+02,+3.584400E+04,+8.422846E+00,+1.057000E-03,+9.910000E+37,+4.856123E+02,+3.584400E+04,+8.422839E+00,+1.057000E-03,+9.910000E+37,+4.856777E+02,+3.584400E+04,-2.129403E-01,+0.000000E+00,+9.910000E+37,+4.857441E+02,+3.584400E+04
11:07:13,0e0,+8.444620E+00,+1.071500E-03,+9.910000E+37,+4.859687E+02,+3.584400E+04,+8.444834E+00,+1.071500E-03,+9.910000E+37,+4.860342E+02,+3.584400E+04,+8.442523E+00,+1.071500E-03,+9.910000E+37,+4.861006E+02,+3.584400E+04,-2.153080E-01,+0.000000E+00,+9.910000E+37,+4.861670E+02,+3.584400E+04
11:07:13,0e0,+8.462641E+00,+1.085500E-03,+9.910000E+37,+4.863906E+02,+3.584400E+04,+8.464699E+00,+1.085500E-03,+9.910000E+37,+4.864570E+02,+3.584400E+04,+8.462228E+00,+1.085500E-03,+9.910000E+37,+4.865244E+02,+3.584400E+04,-2.138054E-01,+0.000000E+00,+9.910000E+37,+4.865898E+02,+3.584400E+04
11:07:13,0e0,+8.483588E+00,+1.100000E-03,+9.910000E+37,+4.868154E+02,+3.584400E+04,+8.483548E+00,+1.100000E-03,+9.910000E+37,+4.868828E+02,+3.584400E+04,+8.482042E+00,+1.100000E-03,+9.910000E+37,+4.869482E+02,+3.584400E+04,-2.167196E-01,+0.000000E+00,+9.910000E+37,+4.870146E+02,+3.584400E+04
11:07:13,0e0,+8.500661E+00,+1.114000E-03,+9.910000E+37,+4.872373E+02,+3.584400E+04,+8.501902E+00,+1.114000E-03,+9.910000E+37,+4.873027E+02,+3.584400E+04,+8.502389E+00,+1.114000E-03,+9.910000E+37,+4.873691E+02,+3.584400E+04,-2.107548E-01,+0.000000E+00,+9.910000E+37,+4.874365E+02,+3.584400E+04
11:07:13,0e0,+8.519962E+00,+1.128500E-03,+9.910000E+37,+4.876611E+02,+3.584400E+04,+8.522988E+00,+1.128500E-03,+9.910000E+37,+4.877275E+02,+3.584400E+04,+8.522376E+00,+1.128500E-03,+9.910000E+37,+4.877949E+02,+3.584400E+04,-2.125305E-01,+0.000000E+00,+9.910000E+37,+4.878604E+02,+3.584400E+04
11:07:13,0e0,+8.539450E+00,+1.142500E-03,+9.910000E+37,+4.880840E+02,+3.584400E+04,+8.541735E+00,+1.142500E-03,+9.910000E+37,+4.881514E+02,+3.584400E+04,+8.540727E+00,+1.142500E-03,+9.910000E+37,+4.882168E+02,+3.584400E+04,-2.087968E-01,+0.000000E+00,+9.910000E+37,+4.882832E+02,+3.584400E+04
11:07:13,0e0,+8.557572E+00,+1.157000E-03,+9.910000E+37,+4.885039E+02,+3.584400E+04,+8.561577E+00,+1.157000E-03,+9.910000E+37,+4.885703E+02,+3.584400E+04,+8.559134E+00,+1.157000E-03,+9.910000E+37,+4.886367E+02,+3.584400E+04,-2.127582E-01,+0.000000E+00,+9.910000E+37,+4.887041E+02,+3.584400E+04
11:07:13,0e0,+8.577521E+00,+1.171500E-03,+9.910000E+37,+4.889268E+02,+3.584400E+04,+8.577840E+00,+1.171500E-03,+9.910000E+37,+4.889932E+02,+3.584400E+04,+8.577711E+00,+1.171500E-03,+9.910000E+37,+4.890596E+02,+3.584400E+04,-2.102539E-01,+0.000000E+00,+9.910000E+37,+4.891250E+02,+3.584400E+04
11:07:13,0e0,+8.595495E+00,+1.185500E-03,+9.910000E+37,+4.893477E+02,+3.584400E+04,+8.596362E+00,+1.185500E-03,+9.910000E+37,+4.894150E+02,+3.584400E+04,+8.594912E+00,+1.185500E-03,+9.910000E+37,+4.894824E+02,+3.584400E+04,-2.109824E-01,+0.000000E+00,+9.910000E+37,+4.895479E+02,+3.584400E+04
11:07:13,0e0,+8.613028E+00,+1.200000E-03,+9.910000E+37,+4.897725E+02,+3.584400E+04,+8.615673E+00,+1.200000E-03,+9.910000E+37,+4.898379E+02,+3.584400E+04,+8.615489E+00,+1.200000E-03,+9.910000E+37,+4.899043E+02,+3.584400E+04,-2.101628E-01,+0.000000E+00,+9.910000E+37,+4.899717E+02,+3.584400E+04
11:07:13,0e0,+8.631486E+00,+1.214000E-03,+9.910000E+37,+4.901982E+02,+3.584400E+04,+8.633795E+00,+1.214000E-03,+9.910000E+37,+4.902656E+02,+3.584400E+04,+8.631717E+00,+1.214000E-03,+9.910000E+37,+4.903311E+02,+3.584400E+04,-2.082505E-01,+0.000000E+00,+9.910000E+37,+4.903975E+02,+3.584400E+04
11:07:13,0e0,+8.649467E+00,+1.228500E-03,+9.910000E+37,+4.906240E+02,+3.584400E+04,+8.650787E+00,+1.228500E-03,+9.910000E+37,+4.906914E+02,+3.584400E+04,+8.649883E+00,+1.228500E-03,+9.910000E+37,+4.907568E+02,+3.584400E+04,-2.064292E-01,+0.000000E+00,+9.910000E+37,+4.908232E+02,+3.584400E+04
11:07:13,0e0,+8.665428E+00,+1.242500E-03,+9.910000E+37,+4.910479E+02,+3.584400E+04,+8.669809E+00,+1.242500E-03,+9.910000E+37,+4.911143E+02,+3.584400E+04,+8.667261E+00,+1.242500E-03,+9.910000E+37,+4.911797E+02,+3.584400E+04,-2.110735E-01,+0.000000E+00,+9.910000E+37,+4.912461E+02,+3.584400E+04
11:07:13,0e0,+8.683469E+00,+1.257000E-03,+9.910000E+37,+4.914707E+02,+3.584400E+04,+8.686888E+00,+1.257000E-03,+9.910000E+37,+4.915371E+02,+3.584400E+04,+8.685655E+00,+1.257000E-03,+9.910000E+37,+4.916035E+02,+3.584400E+04,-2.106637E-01,+0.000000E+00,+9.910000E+37,+4.916699E+02,+3.584400E+04
11:07:13,0e0,+8.700132E+00,+1.271500E-03,+9.910000E+37,+4.918936E+02,+3.584400E+04,+8.704550E+00,+1.271500E-03,+9.910000E+37,+4.919609E+02,+3.584400E+04,+8.702785E+00,+1.271500E-03,+9.910000E+37,+4.920264E+02,+3.584400E+04,-2.100718E-01,+0.000000E+00,+9.910000E+37,+4.920928E+02,+3.584400E+04
11:07:13,0e0,+8.717979E+00,+1.285500E-03,+9.910000E+37,+4.923164E+02,+3.584400E+04,+8.720442E+00,+1.285500E-03,+9.910000E+37,+4.923828E+02,+3.584400E+04,+8.719726E+00,+1.285500E-03,+9.910000E+37,+4.924502E+02,+3.584400E+04,-2.015116E-01,+0.000000E+00,+9.910000E+37,+4.925176E+02,+3.584400E+04
11:07:13,0e0,+8.734872E+00,+1.300000E-03,+9.910000E+37,+4.927412E+02,+3.584400E+04,+8.737627E+00,+1.300000E-03,+9.910000E+37,+4.928076E+02,+3.584400E+04,+8.736877E+00,+1.300000E-03,+9.910000E+37,+4.928750E+02,+3.584400E+04,-2.035151E-01,+0.000000E+00,+9.910000E+37,+4.929424E+02,+3.584400E+04
11:07:13,0e0,+8.751915E+00,+1.314000E-03,+9.910000E+37,+4.931670E+02,+3.584400E+04,+8.754818E+00,+1.314000E-03,+9.910000E+37,+4.932344E+02,+3.584400E+04,+8.753010E+00,+1.314000E-03,+9.910000E+37,+4.933018E+02,+3.584400E+04,-2.011474E-01,+0.000000E+00,+9.910000E+37,+4.933672E+02,+3.584400E+04
11:07:13,0e0,+8.768843E+00,+1.328500E-03,+9.910000E+37,+4.935918E+02,+3.584400E+04,+8.770483E+00,+1.328500E-03,+9.910000E+37,+4.936582E+02,+3.584400E+04,+8.769157E+00,+1.328500E-03,+9.910000E+37,+4.937246E+02,+3.584400E+04,-2.009652E-01,+0.000000E+00,+9.910000E+37,+4.937910E+02,+3.584400E+04
11:07:13,0e0,+8.784364E+00,+1.342500E-03,+9.910000E+37,+4.940156E+02,+3.584400E+04,+8.787967E+00,+1.342500E-03,+9.910000E+37,+4.940820E+02,+3.584400E+04,+8.786509E+00,+1.342500E-03,+9.910000E+37,+4.941484E+02,+3.584400E+04,-1.999180E-01,+0.000000E+00,+9.910000E+37,+4.942148E+02,+3.584400E+04
11:07:13,0e0,+8.801536E+00,+1.357000E-03,+9.910000E+37,+4.944385E+02,+3.584400E+04,+8.802113E+00,+1.357000E-03,+9.910000E+37,+4.945059E+02,+3.584400E+04,+8.801625E+00,+1.357000E-03,+9.910000E+37,+4.945732E+02,+3.584400E+04,-2.057461E-01,+0.000000E+00,+9.910000E+37,+4.946387E+02,+3.584400E+04
11:07:13,0e0,+8.817284E+00,+1.371500E-03,+9.910000E+37,+4.948613E+02,+3.584400E+04,+8.820746E+00,+1.371500E-03,+9.910000E+37,+4.949277E+02,+3.584400E+04,+8.818132E+00,+1.371500E-03,+9.910000E+37,+4.949941E+02,+3.584400E+04,-2.052453E-01,+0.000000E+00,+9.910000E+37,+4.950605E+02,+3.584400E+04
11:07:13,0e0,+8.833773E+00,+1.385500E-03,+9.910000E+37,+4.952861E+02,+3.584400E+04,+8.836465E+00,+1.385500E-03,+9.910000E+37,+4.953525E+02,+3.584400E+04,+8.834449E+00,+1.385500E-03,+9.910000E+37,+4.954199E+02,+3.584400E+04,-2.049266E-01,+0.000000E+00,+9.910000E+37,+4.954873E+02,+3.584400E+04
11:07:13,0e0,+8.849655E+00,+1.400000E-03,+9.910000E+37,+4.957109E+02,+3.584400E+04,+8.853580E+00,+1.400000E-03,+9.910000E+37,+4.957783E+02,+3.584400E+04,+8.850887E+00,+1.400000E-03,+9.910000E+37,+4.958447E+02,+3.584400E+04,-2.030142E-01,+0.000000E+00,+9.910000E+37,+4.959102E+02,+3.584400E+04
11:07:13,0e0,+8.864687E+00,+1.414000E-03,+9.910000E+37,+4.961367E+02,+3.584400E+04,+8.868373E+00,+1.414000E-03,+9.910000E+37,+4.962031E+02,+3.584400E+04,+8.865644E+00,+1.414000E-03,+9.910000E+37,+4.962695E+02,+3.584400E+04,-2.048811E-01,+0.000000E+00,+9.910000E+37,+4.963359E+02,+3.584400E+04
11:07:13,0e0,+8.881352E+00,+1.428500E-03,+9.910000E+37,+4.965625E+02,+3.584400E+04,+8.883496E+00,+1.428500E-03,+9.910000E+37,+4.966299E+02,+3.584400E+04,+8.881023E+00,+1.428500E-03,+9.910000E+37,+4.966973E+02,+3.584400E+04,-2.016938E-01,+0.000000E+00,+9.910000E+37,+4.967627E+02,+3.584400E+04
11:07:13,0e0,+8.895467E+00,+1.442500E-03,+9.910000E+37,+4.969854E+02,+3.584400E+04,+8.898159E+00,+1.442500E-03,+9.910000E+37,+4.970518E+02,+3.584400E+04,+8.896742E+00,+1.442500E-03,+9.910000E+37,+4.971182E+02,+3.584400E+04,-2.035606E-01,+0.000000E+00,+9.910000E+37,+4.971846E+02,+3.584400E+04
11:07:13,0e0,+8.911082E+00,+1.457000E-03,+9.910000E+37,+4.974092E+02,+3.584400E+04,+8.912247E+00,+1.457000E-03,+9.910000E+37,+4.974756E+02,+3.584400E+04,+8.912724E+00,+1.457000E-03,+9.910000E+37,+4.975430E+02,+3.584400E+04,-2.002367E-01,+0.000000E+00,+9.910000E+37,+4.976104E+02,+3.584400E+04
11:07:13,0e0,+8.925705E+00,+1.471500E-03,+9.910000E+37,+4.978330E+02,+3.584400E+04,+8.929204E+00,+1.471500E-03,+9.910000E+37,+4.978994E+02,+3.584400E+04,+8.927927E+00,+1.471500E-03,+9.910000E+37,+4.979658E+02,+3.584400E+04,-1.965941E-01,+0.000000E+00,+9.910000E+37,+4.980332E+02,+3.584400E+04
11:07:13,0e0,+8.941409E+00,+1.485500E-03,+9.910000E+37,+4.982568E+02,+3.584400E+04,+8.944407E+00,+1.485500E-03,+9.910000E+37,+4.983232E+02,+3.584400E+04,+8.942494E+00,+1.485500E-03,+9.910000E+37,+4.983896E+02,+3.584400E+04,-1.928604E-01,+0.000000E+00,+9.910000E+37,+4.984561E+02,+3.584400E+04
11:07:13,0e0,+8.955001E+00,+1.500000E-03,+9.910000E+37,+4.986807E+02,+3.584400E+04,+8.958801E+00,+1.500000E-03,+9.910000E+37,+4.987461E+02,+3.584400E+04,+8.957478E+00,+1.500000E-03,+9.910000E+37,+4.988125E+02,+3.584400E+04,-1.963209E-01,+0.000000E+00,+9.910000E+37,+4.988789E+02,+3.584400E+04
11:07:13,0e0,+8.970727E+00,+1.514000E-03,+9.910000E+37,+4.991035E+02,+3.584400E+04,+8.972409E+00,+1.514000E-03,+9.910000E+37,+4.991699E+02,+3.584400E+04,+8.973369E+00,+1.514000E-03,+9.910000E+37,+4.992363E+02,+3.584400E+04,-1.967307E-01,+0.000000E+00,+9.910000E+37,+4.993027E+02,+3.584400E+04
11:07:13,0e0,+8.985544E+00,+1.528500E-03,+9.910000E+37,+4.995303E+02,+3.584400E+04,+8.989305E+00,+1.528500E-03,+9.910000E+37,+4.995967E+02,+3.584400E+04,+8.985690E+00,+1.528500E-03,+9.910000E+37,+4.996641E+02,+3.584400E+04,-1.984610E-01,+0.000000E+00,+9.910000E+37,+4.997314E+02,+3.584400E+04
11:07:13,0e0,+9.000885E+00,+1.542500E-03,+9.910000E+37,+4.999541E+02,+3.584400E+04,+9.003650E+00,+1.542500E-03,+9.910000E+37,+5.000205E+02,+3.584400E+04,+9.001144E+00,+1.542500E-03,+9.910000E+37,+5.000869E+02,+3.584400E+04,-1.951371E-01,+0.000000E+00,+9.910000E+37,+5.001543E+02,+3.584400E+04
11:07:13,0e0,+9.016170E+00,+1.557000E-03,+9.910000E+37,+5.003779E+02,+3.584400E+04,+9.017593E+00,+1.557000E-03,+9.910000E+37,+5.004453E+02,+3.584400E+04,+9.015256E+00,+1.557000E-03,+9.910000E+37,+5.005117E+02,+3.584400E+04,-2.001001E-01,+0.000000E+00,+9.910000E+37,+5.005781E+02,+3.584400E+04
11:07:13,0e0,+9.027921E+00,+1.571500E-03,+9.910000E+37,+5.008008E+02,+3.584400E+04,+9.031648E+00,+1.571500E-03,+9.910000E+37,+5.008682E+02,+3.584400E+04,+9.028948E+00,+1.571500E-03,+9.910000E+37,+5.009346E+02,+3.584400E+04,-1.985520E-01,+0.000000E+00,+9.910000E+37,+5.010010E+02,+3.584400E+04
11:07:13,0e0,+9.042714E+00,+1.585500E-03,+9.910000E+37,+5.012246E+02,+3.584400E+04,+9.045266E+00,+1.585500E-03,+9.910000E+37,+5.012910E+02,+3.584400E+04,+9.044226E+00,+1.585500E-03,+9.910000E+37,+5.013584E+02,+3.584400E+04,-1.947728E-01,+0.000000E+00,+9.910000E+37,+5.014238E+02,+3.584400E+04
11:07:13,0e0,+9.058280E+00,+1.600000E-03,+9.910000E+37,+5.016484E+02,+3.584400E+04,+9.059516E+00,+1.600000E-03,+9.910000E+37,+5.017148E+02,+3.584400E+04,+9.058149E+00,+1.600000E-03,+9.910000E+37,+5.017822E+02,+3.584400E+04,-1.965030E-01,+0.000000E+00,+9.910000E+37,+5.018477E+02,+3.584400E+04
11:07:13,0e0,+9.071133E+00,+1.614000E-03,+9.910000E+37,+5.020723E+02,+3.584400E+04,+9.072474E+00,+1.614000E-03,+9.910000E+37,+5.021396E+02,+3.584400E+04,+9.071534E+00,+1.614000E-03,+9.910000E+37,+5.022051E+02,+3.584400E+04,-2.006921E-01,+0.000000E+00,+9.910000E+37,+5.022715E+02,+3.584400E+04
11:07:13,0e0,+9.085110E+00,+1.628500E-03,+9.910000E+37,+5.024961E+02,+3.584400E+04,+9.088247E+00,+1.628500E-03,+9.910000E+37,+5.025625E+02,+3.584400E+04,+9.086243E+00,+1.628500E-03,+9.910000E+37,+5.026289E+02,+3.584400E+04,-1.996448E-01,+0.000000E+00,+9.910000E+37,+5.026953E+02,+3.584400E+04
11:07:13,0e0,+9.097987E+00,+1.642500E-03,+9.910000E+37,+5.029199E+02,+3.584400E+04,+9.102453E+00,+1.642500E-03,+9.910000E+37,+5.029873E+02,+3.584400E+04,+9.101225E+00,+1.642500E-03,+9.910000E+37,+5.030537E+02,+3.584400E+04,-1.950004E-01,+0.000000E+00,+9.910000E+37,+5.031201E+02,+3.584400E+04
11:07:13,0e0,+9.112883E+00,+1.657000E-03,+9.910000E+37,+5.033477E+02,+3.584400E+04,+9.114665E+00,+1.657000E-03,+9.910000E+37,+5.034141E+02,+3.584400E+04,+9.114607E+00,+1.657000E-03,+9.910000E+37,+5.034805E+02,+3.584400E+04,-1.974137E-01,+0.000000E+00,+9.910000E+37,+5.035469E+02,+3.584400E+04
11:07:13,0e0,+9.126176E+00,+1.671500E-03,+9.910000E+37,+5.037725E+02,+3.584400E+04,+9.129139E+00,+1.671500E-03,+9.910000E+37,+5.038389E+02,+3.584400E+04,+9.126953E+00,+1.671500E-03,+9.910000E+37,+5.039053E+02,+3.584400E+04,-1.966852E-01,+0.000000E+00,+9.910000E+37,+5.039727E+02,+3.584400E+04
11:07:13,0e0,+9.139251E+00,+1.685500E-03,+9.910000E+37,+5.041963E+02,+3.584400E+04,+9.142251E+00,+1.685500E-03,+9.910000E+37,+5.042637E+02,+3.584400E+04,+9.140467E+00,+1.685500E-03,+9.910000E+37,+5.043301E+02,+3.584400E+04,-1.973226E-01,+0.000000E+00,+9.910000E+37,+5.043965E+02,+3.584400E+04
11:07:13,0e0,+9.152535E+00,+1.700000E-03,+9.910000E+37,+5.046230E+02,+3.584400E+04,+9.156279E+00,+1.700000E-03,+9.910000E+37,+5.046885E+02,+3.584400E+04,+9.153992E+00,+1.700000E-03,+9.910000E+37,+5.047549E+02,+3.584400E+04,-1.949549E-01,+0.000000E+00,+9.910000E+37,+5.048213E+02,+3.584400E+04
11:07:13,0e0,+9.166110E+00,+1.714000E-03,+9.910000E+37,+5.050459E+02,+3.584400E+04,+9.169657E+00,+1.714000E-03,+9.910000E+37,+5.051123E+02,+3.584400E+04,+9.167386E+00,+1.714000E-03,+9.910000E+37,+5.051787E+02,+3.584400E+04,-1.923141E-01,+0.000000E+00,+9.910000E+37,+5.052451E+02,+3.584400E+04
11:07:13,0e0,+9.179356E+00,+1.728500E-03,+9.910000E+37,+5.054707E+02,+3.584400E+04,+9.182265E+00,+1.728500E-03,+9.910000E+37,+5.055371E+02,+3.584400E+04,+9.179575E+00,+1.728500E-03,+9.910000E+37,+5.056035E+02,+3.584400E+04,-1.919497E-01,+0.000000E+00,+9.910000E+37,+5.056709E+02,+3.584400E+04
11:07:13,0e0,+9.192419E+00,+1.742500E-03,+9.910000E+37,+5.058945E+02,+3.584400E+04,+9.194250E+00,+1.742500E-03,+9.910000E+37,+5.059609E+02,+3.584400E+04,+9.193747E+00,+1.742500E-03,+9.910000E+37,+5.060273E+02,+3.584400E+04,-1.905383E-01,+0.000000E+00,+9.910000E+37,+5.060947E+02,+3.584400E+04
11:07:13,0e0,+9.206444E+00,+1.757000E-03,+9.910000E+37,+5.063174E+02,+3.584400E+04,+9.208764E+00,+1.757000E-03,+9.910000E+37,+5.063838E+02,+3.584400E+04,+9.205805E+00,+1.757000E-03,+9.910000E+37,+5.064502E+02,+3.584400E+04,-1.892179E-01,+0.000000E+00,+9.910000E+37,+5.065176E+02,+3.584400E+04
11:07:13,0e0,+9.218326E+00,+1.771500E-03,+9.910000E+37,+5.067451E+02,+3.584400E+04,+9.221971E+00,+1.771500E-03,+9.910000E+37,+5.068115E+02,+3.584400E+04,+9.220429E+00,+1.771500E-03,+9.910000E+37,+5.068789E+02,+3.584400E+04,-1.920408E-01,+0.000000E+00,+9.910000E+37,+5.069463E+02,+3.584400E+04
11:07:13,0e0,+9.231631E+00,+1.785500E-03,+9.910000E+37,+5.071689E+02,+3.584400E+04,+9.234079E+00,+1.785500E-03,+9.910000E+37,+5.072363E+02,+3.584400E+04,+9.232533E+00,+1.785500E-03,+9.910000E+37,+5.073037E+02,+3.584400E+04,-1.891268E-01,+0.000000E+00,+9.910000E+37,+5.073691E+02,+3.584400E+04
11:07:13,0e0,+9.244414E+00,+1.800000E-03,+9.910000E+37,+5.075957E+02,+3.584400E+04,+9.247386E+00,+1.800000E-03,+9.910000E+37,+5.076621E+02,+3.584400E+04,+9.246103E+00,+1.800000E-03,+9.910000E+37,+5.077285E+02,+3.584400E+04,-1.903106E-01,+0.000000E+00,+9.910000E+37,+5.077949E+02,+3.584400E+04
11:07:13,0e0,+9.256678E+00,+1.814000E-03,+9.910000E+37,+5.080195E+02,+3.584400E+04,+9.259353E+00,+1.814000E-03,+9.910000E+37,+5.080869E+02,+3.584400E+04,+9.257624E+00,+1.814000E-03,+9.910000E+37,+5.081523E+02,+3.584400E+04,-1.914945E-01,+0.000000E+00,+9.910000E+37,+5.082187E+02,+3.584400E+04
11:07:13,0e0,+9.269237E+00,+1.828500E-03,+9.910000E+37,+5.084453E+02,+3.584400E+04,+9.272114E+00,+1.828500E-03,+9.910000E+37,+5.085117E+02,+3.584400E+04,+9.271152E+00,+1.828500E-03,+9.910000E+37,+5.085781E+02,+3.584400E+04,-1.904927E-01,+0.000000E+00,+9.910000E+37,+5.086455E+02,+3.584400E+04
11:07:13,0e0,+9.281214E+00,+1.842500E-03,+9.910000E+37,+5.088721E+02,+3.584400E+04,+9.285079E+00,+1.842500E-03,+9.910000E+37,+5.089395E+02,+3.584400E+04,+9.282434E+00,+1.842500E-03,+9.910000E+37,+5.090049E+02,+3.584400E+04,-1.902196E-01,+0.000000E+00,+9.910000E+37,+5.090713E+02,+3.584400E+04
11:07:13,0e0,+9.294472E+00,+1.857000E-03,+9.910000E+37,+5.092969E+02,+3.584400E+04,+9.297505E+00,+1.857000E-03,+9.910000E+37,+5.093633E+02,+3.584400E+04,+9.295697E+00,+1.857000E-03,+9.910000E+37,+5.094307E+02,+3.584400E+04,-1.902651E-01,+0.000000E+00,+9.910000E+37,+5.094961E+02,+3.584400E+04
11:07:13,0e0,+9.306345E+00,+1.871500E-03,+9.910000E+37,+5.097197E+02,+3.584400E+04,+9.309035E+00,+1.871500E-03,+9.910000E+37,+5.097861E+02,+3.584400E+04,+9.307568E+00,+1.871500E-03,+9.910000E+37,+5.098525E+02,+3.584400E+04,-1.880794E-01,+0.000000E+00,+9.910000E+37,+5.099189E+02,+3.584400E+04
11:07:13,0e0,+9.318406E+00,+1.885500E-03,+9.910000E+37,+5.101436E+02,+3.584400E+04,+9.321136E+00,+1.885500E-03,+9.910000E+37,+5.102100E+02,+3.584400E+04,+9.319638E+00,+1.885500E-03,+9.910000E+37,+5.102764E+02,+3.584400E+04,-1.897642E-01,+0.000000E+00,+9.910000E+37,+5.103438E+02,+3.584400E+04
11:07:13,0e0,+9.330565E+00,+1.900000E-03,+9.910000E+37,+5.105693E+02,+3.584400E+04,+9.334435E+00,+1.900000E-03,+9.910000E+37,+5.106357E+02,+3.584400E+04,+9.333403E+00,+1.900000E-03,+9.910000E+37,+5.107021E+02,+3.584400E+04,-1.891267E-01,+0.000000E+00,+9.910000E+37,+5.107695E+02,+3.584400E+04
11:07:13,0e0,+9.342858E+00,+1.914000E-03,+9.910000E+37,+5.109951E+02,+3.584400E+04,+9.347412E+00,+1.914000E-03,+9.910000E+37,+5.110625E+02,+3.584400E+04,+9.343737E+00,+1.914000E-03,+9.910000E+37,+5.111279E+02,+3.584400E+04,-1.919498E-01,+0.000000E+00,+9.910000E+37,+5.111943E+02,+3.584400E+04
11:07:13,0e0,+9.355028E+00,+1.928500E-03,+9.910000E+37,+5.114189E+02,+3.584400E+04,+9.358477E+00,+1.928500E-03,+9.910000E+37,+5.114854E+02,+3.584400E+04,+9.356061E+00,+1.928500E-03,+9.910000E+37,+5.115527E+02,+3.584400E+04,-1.871689E-01,+0.000000E+00,+9.910000E+37,+5.116182E+02,+3.584400E+04
11:07:13,0e0,+9.368172E+00,+1.942500E-03,+9.910000E+37,+5.118437E+02,+3.584400E+04,+9.369957E+00,+1.942500E-03,+9.910000E+37,+5.119111E+02,+3.584400E+04,+9.368131E+00,+1.942500E-03,+9.910000E+37,+5.119785E+02,+3.584400E+04,-1.871688E-01,+0.000000E+00,+9.910000E+37,+5.120439E+02,+3.584400E+04
11:07:13,0e0,+9.379513E+00,+1.957000E-03,+9.910000E+37,+5.122764E+02,+3.584400E+04,+9.381785E+00,+1.957000E-03,+9.910000E+37,+5.123428E+02,+3.584400E+04,+9.379426E+00,+1.957000E-03,+9.910000E+37,+5.124092E+02,+3.584400E+04,-1.874876E-01,+0.000000E+00,+9.910000E+37,+5.124756E+02,+3.584400E+04
11:07:13,0e0,+9.391986E+00,+1.971500E-03,+9.910000E+37,+5.126982E+02,+3.584400E+04,+9.393857E+00,+1.971500E-03,+9.910000E+37,+5.127646E+02,+3.584400E+04,+9.391576E+00,+1.971500E-03,+9.910000E+37,+5.128311E+02,+3.584400E+04,-1.819781E-01,+0.000000E+00,+9.910000E+37,+5.128975E+02,+3.584400E+04
11:07:13,0e0,+9.402773E+00,+1.985500E-03,+9.910000E+37,+5.131230E+02,+3.584400E+04,+9.404506E+00,+1.985500E-03,+9.910000E+37,+5.131895E+02,+3.584400E+04,+9.402551E+00,+1.985500E-03,+9.910000E+37,+5.132559E+02,+3.584400E+04,-1.838450E-01,+0.000000E+00,+9.910000E+37,+5.133223E+02,+3.584400E+04
11:07:13,0e0,+9.415483E+00,+2.000000E-03,+9.910000E+37,+5.135527E+02,+3.584400E+04,+9.416441E+00,+2.000000E-03,+9.910000E+37,+5.136201E+02,+3.584400E+04,+9.414428E+00,+2.000000E-03,+9.910000E+37,+5.136865E+02,+3.584400E+04,-1.892633E-01,+0.000000E+00,+9.910000E+37,+5.137529E+02,+3.584400E+04
11:07:13,0e0,+9.425970E+00,+2.014000E-03,+9.910000E+37,+5.139775E+02,+3.584400E+04,+9.428514E+00,+2.014000E-03,+9.910000E+37,+5.140439E+02,+3.584400E+04,+9.425279E+00,+2.014000E-03,+9.910000E+37,+5.141113E+02,+3.584400E+04,-1.880340E-01,+0.000000E+00,+9.910000E+37,+5.141787E+02,+3.584400E+04
11:07:13,0e0,+9.437788E+00,+2.028500E-03,+9.910000E+37,+5.144033E+02,+3.584400E+04,+9.439933E+00,+2.028500E-03,+9.910000E+37,+5.144707E+02,+3.584400E+04,+9.436621E+00,+2.028500E-03,+9.910000E+37,+5.145371E+02,+3.584400E+04,-1.887625E-01,+0.000000E+00,+9.910000E+37,+5.146025E+02,+3.584400E+04
11:07:13,0e0,+9.449072E+00,+2.042500E-03,+9.910000E+37,+5.148281E+02,+3.584400E+04,+9.451149E+00,+2.042500E-03,+9.910000E+37,+5.148955E+02,+3.584400E+04,+9.448580E+00,+2.042500E-03,+9.910000E+37,+5.149619E+02,+3.584400E+04,-1.851199E-01,+0.000000E+00,+9.910000E+37,+5.150273E+02,+3.584400E+04
11:07:13,0e0,+9.459689E+00,+2.057000E-03,+9.910000E+37,+5.152510E+02,+3.584400E+04,+9.462508E+00,+2.057000E-03,+9.910000E+37,+5.153174E+02,+3.584400E+04,+9.459096E+00,+2.057000E-03,+9.910000E+37,+5.153838E+02,+3.584400E+04,-1.886259E-01,+0.000000E+00,+9.910000E+37,+5.154512E+02,+3.584400E+04
11:07:13,0e0,+9.471312E+00,+2.071500E-03,+9.910000E+37,+5.156758E+02,+3.584400E+04,+9.474900E+00,+2.071500E-03,+9.910000E+37,+5.157422E+02,+3.584400E+04,+9.470847E+00,+2.071500E-03,+9.910000E+37,+5.158086E+02,+3.584400E+04,-1.844825E-01,+0.000000E+00,+9.910000E+37,+5.158750E+02,+3.584400E+04
11:07:13,0e0,+9.483273E+00,+2.085500E-03,+9.910000E+37,+5.161006E+02,+3.584400E+04,+9.485002E+00,+2.085500E-03,+9.910000E+37,+5.161680E+02,+3.584400E+04,+9.481914E+00,+2.085500E-03,+9.910000E+37,+5.162354E+02,+3.584400E+04,-1.853021E-01,+0.000000E+00,+9.910000E+37,+5.163018E+02,+3.584400E+04
11:07:13,0e0,+9.493526E+00,+2.100000E-03,+9.910000E+37,+5.165273E+02,+3.584400E+04,+9.495257E+00,+2.100000E-03,+9.910000E+37,+5.165928E+02,+3.584400E+04,+9.492391E+00,+2.100000E-03,+9.910000E+37,+5.166592E+02,+3.584400E+04,-1.802024E-01,+0.000000E+00,+9.910000E+37,+5.167266E+02,+3.584400E+04
11:07:13,0e0,+9.504037E+00,+2.114000E-03,+9.910000E+37,+5.169531E+02,+3.584400E+04,+9.506680E+00,+2.114000E-03,+9.910000E+37,+5.170195E+02,+3.584400E+04,+9.504539E+00,+2.114000E-03,+9.910000E+37,+5.170859E+02,+3.584400E+04,-1.795194E-01,+0.000000E+00,+9.910000E+37,+5.171523E+02,+3.584400E+04
11:07:13,0e0,+9.516238E+00,+2.128500E-03,+9.910000E+37,+5.173779E+02,+3.584400E+04,+9.518062E+00,+2.128500E-03,+9.910000E+37,+5.174443E+02,+3.584400E+04,+9.514222E+00,+2.128500E-03,+9.910000E+37,+5.175117E+02,+3.584400E+04,-1.786088E-01,+0.000000E+00,+9.910000E+37,+5.175781E+02,+3.584400E+04
11:07:13,0e0,+9.526710E+00,+2.142500E-03,+9.910000E+37,+5.178008E+02,+3.584400E+04,+9.528354E+00,+2.142500E-03,+9.910000E+37,+5.178672E+02,+3.584400E+04,+9.525421E+00,+2.142500E-03,+9.910000E+37,+5.179326E+02,+3.584400E+04,-1.793373E-01,+0.000000E+00,+9.910000E+37,+5.180000E+02,+3.584400E+04
11:07:13,0e0,+9.537823E+00,+2.157000E-03,+9.910000E+37,+5.182256E+02,+3.584400E+04,+9.540878E+00,+2.157000E-03,+9.910000E+37,+5.182920E+02,+3.584400E+04,+9.537641E+00,+2.157000E-03,+9.910000E+37,+5.183584E+02,+3.584400E+04,-1.790640E-01,+0.000000E+00,+9.910000E+37,+5.184248E+02,+3.584400E+04
11:07:13,0e0,+9.547797E+00,+2.171500E-03,+9.910000E+37,+5.186514E+02,+3.584400E+04,+9.549877E+00,+2.171500E-03,+9.910000E+37,+5.187168E+02,+3.584400E+04,+9.547925E+00,+2.171500E-03,+9.910000E+37,+5.187832E+02,+3.584400E+04,-1.821603E-01,+0.000000E+00,+9.910000E+37,+5.188496E+02,+3.584400E+04
11:07:13,0e0,+9.559042E+00,+2.185500E-03,+9.910000E+37,+5.190771E+02,+3.584400E+04,+9.561495E+00,+2.185500E-03,+9.910000E+37,+5.191436E+02,+3.584400E+04,+9.557398E+00,+2.185500E-03,+9.910000E+37,+5.192100E+02,+3.584400E+04,-1.805211E-01,+0.000000E+00,+9.910000E+37,+5.192764E+02,+3.584400E+04
11:07:13,0e0,+9.569014E+00,+2.200000E-03,+9.910000E+37,+5.195000E+02,+3.584400E+04,+9.572380E+00,+2.200000E-03,+9.910000E+37,+5.195664E+02,+3.584400E+04,+9.569010E+00,+2.200000E-03,+9.910000E+37,+5.196328E+02,+3.584400E+04,-1.822059E-01,+0.000000E+00,+9.910000E+37,+5.197002E+02,+3.584400E+04
11:07:13,0e0,+9.579491E+00,+2.214000E-03,+9.910000E+37,+5.199238E+02,+3.584400E+04,+9.582433E+00,+2.214000E-03,+9.910000E+37,+5.199912E+02,+3.584400E+04,+9.580136E+00,+2.214000E-03,+9.910000E+37,+5.200586E+02,+3.584400E+04,-1.829343E-01,+0.000000E+00,+9.910000E+37,+5.201250E+02,+3.584400E+04
11:07:13,0e0,+9.592241E+00,+2.228500E-03,+9.910000E+37,+5.203506E+02,+3.584400E+04,+9.594782E+00,+2.228500E-03,+9.910000E+37,+5.204180E+02,+3.584400E+04,+9.590414E+00,+2.228500E-03,+9.910000E+37,+5.204854E+02,+3.584400E+04,-1.805212E-01,+0.000000E+00,+9.910000E+37,+5.205527E+02,+3.584400E+04
11:07:13,0e0,+9.601302E+00,+2.242500E-03,+9.910000E+37,+5.207764E+02,+3.584400E+04,+9.604302E+00,+2.242500E-03,+9.910000E+37,+5.208428E+02,+3.584400E+04,+9.600202E+00,+2.242500E-03,+9.910000E+37,+5.209102E+02,+3.584400E+04,-1.788364E-01,+0.000000E+00,+9.910000E+37,+5.209766E+02,+3.584400E+04
11:07:13,0e0,+9.613095E+00,+2.257000E-03,+9.910000E+37,+5.212002E+02,+3.584400E+04,+9.615685E+00,+2.257000E-03,+9.910000E+37,+5.212666E+02,+3.584400E+04,+9.611945E+00,+2.257000E-03,+9.910000E+37,+5.213330E+02,+3.584400E+04,-1.797471E-01,+0.000000E+00,+9.910000E+37,+5.213994E+02,+3.584400E+04
11:07:13,0e0,+9.622529E+00,+2.271500E-03,+9.910000E+37,+5.216230E+02,+3.584400E+04,+9.625075E+00,+2.271500E-03,+9.910000E+37,+5.216895E+02,+3.584400E+04,+9.621522E+00,+2.271500E-03,+9.910000E+37,+5.217559E+02,+3.584400E+04,-1.812041E-01,+0.000000E+00,+9.910000E+37,+5.218223E+02,+3.584400E+04
11:07:13,0e0,+9.632298E+00,+2.285500E-03,+9.910000E+37,+5.220449E+02,+3.584400E+04,+9.636125E+00,+2.285500E-03,+9.910000E+37,+5.221113E+02,+3.584400E+04,+9.631948E+00,+2.285500E-03,+9.910000E+37,+5.221777E+02,+3.584400E+04,-1.793828E-01,+0.000000E+00,+9.910000E+37,+5.222441E+02,+3.584400E+04
11:07:13,0e0,+9.643312E+00,+2.300000E-03,+9.910000E+37,+5.224688E+02,+3.584400E+04,+9.644644E+00,+2.300000E-03,+9.910000E+37,+5.225361E+02,+3.584400E+04,+9.642864E+00,+2.300000E-03,+9.910000E+37,+5.226025E+02,+3.584400E+04,-1.792918E-01,+0.000000E+00,+9.910000E+37,+5.226689E+02,+3.584400E+04
11:07:13,0e0,+9.652935E+00,+2.314000E-03,+9.910000E+37,+5.228916E+02,+3.584400E+04,+9.655884E+00,+2.314000E-03,+9.910000E+37,+5.229580E+02,+3.584400E+04,+9.652836E+00,+2.314000E-03,+9.910000E+37,+5.230244E+02,+3.584400E+04,-1.742376E-01,+0.000000E+00,+9.910000E+37,+5.230908E+02,+3.584400E+04
11:07:13,0e0,+9.664762E+00,+2.328500E-03,+9.910000E+37,+5.233174E+02,+3.584400E+04,+9.666413E+00,+2.328500E-03,+9.910000E+37,+5.233838E+02,+3.584400E+04,+9.661850E+00,+2.328500E-03,+9.910000E+37,+5.234502E+02,+3.584400E+04,-1.791096E-01,+0.000000E+00,+9.910000E+37,+5.235166E+02,+3.584400E+04
11:07:13,0e0,+9.673028E+00,+2.342500E-03,+9.910000E+37,+5.237422E+02,+3.584400E+04,+9.675493E+00,+2.342500E-03,+9.910000E+37,+5.238096E+02,+3.584400E+04,+9.673501E+00,+2.342500E-03,+9.910000E+37,+5.238760E+02,+3.584400E+04,-1.777892E-01,+0.000000E+00,+9.910000E+37,+5.239414E+02,+3.584400E+04
11:07:13,0e0,+9.684759E+00,+2.357000E-03,+9.910000E+37,+5.241699E+02,+3.584400E+04,+9.685798E+00,+2.357000E-03,+9.910000E+37,+5.242363E+02,+3.584400E+04,+9.683158E+00,+2.357000E-03,+9.910000E+37,+5.243018E+02,+3.584400E+04,-1.732815E-01,+0.000000E+00,+9.910000E+37,+5.243691E+02,+3.584400E+04
11:07:13,0e0,+9.694952E+00,+2.371500E-03,+9.910000E+37,+5.245918E+02,+3.584400E+04,+9.696672E+00,+2.371500E-03,+9.910000E+37,+5.246582E+02,+3.584400E+04,+9.692719E+00,+2.371500E-03,+9.910000E+37,+5.247246E+02,+3.584400E+04,-1.725985E-01,+0.000000E+00,+9.910000E+37,+5.247920E+02,+3.584400E+04
11:07:13,0e0,+9.703782E+00,+2.385500E-03,+9.910000E+37,+5.250195E+02,+3.584400E+04,+9.705832E+00,+2.385500E-03,+9.910000E+37,+5.250859E+02,+3.584400E+04,+9.702976E+00,+2.385500E-03,+9.910000E+37,+5.251523E+02,+3.584400E+04,-1.766509E-01,+0.000000E+00,+9.910000E+37,+5.252188E+02,+3.584400E+04
11:07:13,0e0,+9.714222E+00,+2.400000E-03,+9.910000E+37,+5.254463E+02,+3.584400E+04,+9.716455E+00,+2.400000E-03,+9.910000E+37,+5.255127E+02,+3.584400E+04,+9.712416E+00,+2.400000E-03,+9.910000E+37,+5.255791E+02,+3.584400E+04,-1.762866E-01,+0.000000E+00,+9.910000E+37,+5.256455E+02,+3.584400E+04
11:07:13,0e0,+9.724132E+00,+2.414000E-03,+9.910000E+37,+5.258730E+02,+3.584400E+04,+9.725451E+00,+2.414000E-03,+9.910000E+37,+5.259395E+02,+3.584400E+04,+9.721813E+00,+2.414000E-03,+9.910000E+37,+5.260059E+02,+3.584400E+04,-1.684550E-01,+0.000000E+00,+9.910000E+37,+5.260723E+02,+3.584400E+04
11:07:13,0e0,+9.734110E+00,+2.428500E-03,+9.910000E+37,+5.262969E+02,+3.584400E+04,+9.734878E+00,+2.428500E-03,+9.910000E+37,+5.263633E+02,+3.584400E+04,+9.731107E+00,+2.428500E-03,+9.910000E+37,+5.264297E+02,+3.584400E+04,-1.691380E-01,+0.000000E+00,+9.910000E+37,+5.264961E+02,+3.584400E+04
11:07:13,0e0,+9.743807E+00,+2.442500E-03,+9.910000E+37,+5.267217E+02,+3.584400E+04,+9.745942E+00,+2.442500E-03,+9.910000E+37,+5.267881E+02,+3.584400E+04,+9.741206E+00,+2.442500E-03,+9.910000E+37,+5.268545E+02,+3.584400E+04,-1.690014E-01,+0.000000E+00,+9.910000E+37,+5.269209E+02,+3.584400E+04
11:07:13,0e0,+9.753462E+00,+2.457000E-03,+9.910000E+37,+5.271475E+02,+3.584400E+04,+9.754954E+00,+2.457000E-03,+9.910000E+37,+5.272139E+02,+3.584400E+04,+9.751041E+00,+2.457000E-03,+9.910000E+37,+5.272803E+02,+3.584400E+04,-1.710049E-01,+0.000000E+00,+9.910000E+37,+5.273467E+02,+3.584400E+04
11:07:13,0e0,+9.762482E+00,+2.471500E-03,+9.910000E+37,+5.275713E+02,+3.584400E+04,+9.765573E+00,+2.471500E-03,+9.910000E+37,+5.276387E+02,+3.584400E+04,+9.761260E+00,+2.471500E-03,+9.910000E+37,+5.277061E+02,+3.584400E+04,-1.678175E-01,+0.000000E+00,+9.910000E+37,+5.277725E+02,+3.584400E+04
11:07:13,0e0,+9.770331E+00,+2.485500E-03,+9.910000E+37,+5.279980E+02,+3.584400E+04,+9.774016E+00,+2.485500E-03,+9.910000E+37,+5.280645E+02,+3.584400E+04,+9.771027E+00,+2.485500E-03,+9.910000E+37,+5.281309E+02,+3.584400E+04,-1.720977E-01,+0.000000E+00,+9.910000E+37,+5.281973E+02,+3.584400E+04
11:07:13,0e0,+9.781183E+00,+2.500000E-03,+9.910000E+37,+5.284219E+02,+3.584400E+04,+9.783374E+00,+2.500000E-03,+9.910000E+37,+5.284883E+02,+3.584400E+04,+9.780228E+00,+2.500000E-03,+9.910000E+37,+5.285557E+02,+3.584400E+04,-1.710049E-01,+0.000000E+00,+9.910000E+37,+5.286221E+02,+3.584400E+04
11:07:13,0e0,+9.791432E+00,+2.514000E-03,+9.910000E+37,+5.288467E+02,+3.584400E+04,+9.792290E+00,+2.514000E-03,+9.910000E+37,+5.289131E+02,+3.584400E+04,+9.789260E+00,+2.514000E-03,+9.910000E+37,+5.289795E+02,+3.584400E+04,-1.702764E-01,+0.000000E+00,+9.910000E+37,+5.290459E+02,+3.584400E+04
11:07:13,0e0,+9.800860E+00,+2.528500E-03,+9.910000E+37,+5.292715E+02,+3.584400E+04,+9.803319E+00,+2.528500E-03,+9.910000E+37,+5.293379E+02,+3.584400E+04,+9.799576E+00,+2.528500E-03,+9.910000E+37,+5.294043E+02,+3.584400E+04,-1.729628E-01,+0.000000E+00,+9.910000E+37,+5.294717E+02,+3.584400E+04
11:07:13,0e0,+9.810809E+00,+2.542500E-03,+9.910000E+37,+5.296953E+02,+3.584400E+04,+9.812967E+00,+2.542500E-03,+9.910000E+37,+5.297617E+02,+3.584400E+04,+9.808367E+00,+2.542500E-03,+9.910000E+37,+5.298281E+02,+3.584400E+04,-1.705495E-01,+0.000000E+00,+9.910000E+37,+5.298945E+02,+3.584400E+04
11:07:13,0e0,+9.819798E+00,+2.557000E-03,+9.910000E+37,+5.301191E+02,+3.584400E+04,+9.822205E+00,+2.557000E-03,+9.910000E+37,+5.301855E+02,+3.584400E+04,+9.817607E+00,+2.557000E-03,+9.910000E+37,+5.302520E+02,+3.584400E+04,-1.700942E-01,+0.000000E+00,+9.910000E+37,+5.303184E+02,+3.584400E+04
11:07:13,0e0,+9.829671E+00,+2.571500E-03,+9.910000E+37,+5.305439E+02,+3.584400E+04,+9.831178E+00,+2.571500E-03,+9.910000E+37,+5.306104E+02,+3.584400E+04,+9.826209E+00,+2.571500E-03,+9.910000E+37,+5.306768E+02,+3.584400E+04,-1.688193E-01,+0.000000E+00,+9.910000E+37,+5.307432E+02,+3.584400E+04
11:07:13,0e0,+9.839148E+00,+2.585500E-03,+9.910000E+37,+5.309687E+02,+3.584400E+04,+9.839599E+00,+2.585500E-03,+9.910000E+37,+5.310352E+02,+3.584400E+04,+9.836955E+00,+2.585500E-03,+9.910000E+37,+5.311016E+02,+3.584400E+04,-1.670435E-01,+0.000000E+00,+9.910000E+37,+5.311680E+02,+3.584400E+04
11:07:13,0e0,+9.847836E+00,+2.600000E-03,+9.910000E+37,+5.313926E+02,+3.584400E+04,+9.849254E+00,+2.600000E-03,+9.910000E+37,+5.314590E+02,+3.584400E+04,+9.845567E+00,+2.600000E-03,+9.910000E+37,+5.315254E+02,+3.584400E+04,-1.639929E-01,+0.000000E+00,+9.910000E+37,+5.315918E+02,+3.584400E+04
11:07:13,0e0,+9.856859E+00,+2.614000E-03,+9.910000E+37,+5.318174E+02,+3.584400E+04,+9.858086E+00,+2.614000E-03,+9.910000E+37,+5.318838E+02,+3.584400E+04,+9.853891E+00,+2.614000E-03,+9.910000E+37,+5.319502E+02,+3.584400E+04,-1.668159E-01,+0.000000E+00,+9.910000E+37,+5.320166E+02,+3.584400E+04
11:07:13,0e0,+9.867011E+00,+2.628500E-03,+9.910000E+37,+5.322412E+02,+3.584400E+04,+9.868688E+00,+2.628500E-03,+9.910000E+37,+5.323076E+02,+3.584400E+04,+9.864873E+00,+2.628500E-03,+9.910000E+37,+5.323740E+02,+3.584400E+04,-1.654499E-01,+0.000000E+00,+9.910000E+37,+5.324414E+02,+3.584400E+04
11:07:13,0e0,+9.875756E+00,+2.642500E-03,+9.910000E+37,+5.326631E+02,+3.584400E+04,+9.876293E+00,+2.642500E-03,+9.910000E+37,+5.327295E+02,+3.584400E+04,+9.872533E+00,+2.642500E-03,+9.910000E+37,+5.327959E+02,+3.584400E+04,-1.677266E-01,+0.000000E+00,+9.910000E+37,+5.328633E+02,+3.584400E+04
11:07:13,0e0,+9.884403E+00,+2.657000E-03,+9.910000E+37,+5.330869E+02,+3.584400E+04,+9.885852E+00,+2.657000E-03,+9.910000E+37,+5.331543E+02,+3.584400E+04,+9.881486E+00,+2.657000E-03,+9.910000E+37,+5.332207E+02,+3.584400E+04,-1.626269E-01,+0.000000E+00,+9.910000E+37,+5.332871E+02,+3.584400E+04
11:07:13,0e0,+9.893417E+00,+2.671500E-03,+9.910000E+37,+5.335107E+02,+3.584400E+04,+9.895233E+00,+2.671500E-03,+9.910000E+37,+5.335771E+02,+3.584400E+04,+9.890819E+00,+2.671500E-03,+9.910000E+37,+5.336436E+02,+3.584400E+04,-1.664516E-01,+0.000000E+00,+9.910000E+37,+5.337100E+02,+3.584400E+04
11:07:13,0e0,+9.901519E+00,+2.685500E-03,+9.910000E+37,+5.339375E+02,+3.584400E+04,+9.903762E+00,+2.685500E-03,+9.910000E+37,+5.340039E+02,+3.584400E+04,+9.899790E+00,+2.685500E-03,+9.910000E+37,+5.340703E+02,+3.584400E+04,-1.669069E-01,+0.000000E+00,+9.910000E+37,+5.341367E+02,+3.584400E+04
11:07:13,0e0,+9.910630E+00,+2.700000E-03,+9.910000E+37,+5.343613E+02,+3.584400E+04,+9.912868E+00,+2.700000E-03,+9.910000E+37,+5.344287E+02,+3.584400E+04,+9.908576E+00,+2.700000E-03,+9.910000E+37,+5.344951E+02,+3.584400E+04,-1.693202E-01,+0.000000E+00,+9.910000E+37,+5.345625E+02,+3.584400E+04
11:07:13,0e0,+9.920096E+00,+2.714000E-03,+9.910000E+37,+5.347891E+02,+3.584400E+04,+9.921557E+00,+2.714000E-03,+9.910000E+37,+5.348555E+02,+3.584400E+04,+9.917907E+00,+2.714000E-03,+9.910000E+37,+5.349219E+02,+3.584400E+04,-1.654044E-01,+0.000000E+00,+9.910000E+37,+5.349883E+02,+3.584400E+04
11:07:13,0e0,+9.928535E+00,+2.728500E-03,+9.910000E+37,+5.352119E+02,+3.584400E+04,+9.929994E+00,+2.728500E-03,+9.910000E+37,+5.352793E+02,+3.584400E+04,+9.925422E+00,+2.728500E-03,+9.910000E+37,+5.353457E+02,+3.584400E+04,-1.669980E-01,+0.000000E+00,+9.910000E+37,+5.354121E+02,+3.584400E+04
11:07:13,0e0,+9.937355E+00,+2.742500E-03,+9.910000E+37,+5.356357E+02,+3.584400E+04,+9.938450E+00,+2.742500E-03,+9.910000E+37,+5.357021E+02,+3.584400E+04,+9.934626E+00,+2.742500E-03,+9.910000E+37,+5.357686E+02,+3.584400E+04,-1.656321E-01,+0.000000E+00,+9.910000E+37,+5.358359E+02,+3.584400E+04
11:07:13,0e0,+9.947099E+00,+2.757000E-03,+9.910000E+37,+5.360605E+02,+3.584400E+04,+9.947144E+00,+2.757000E-03,+9.910000E+37,+5.361270E+02,+3.584400E+04,+9.943092E+00,+2.757000E-03,+9.910000E+37,+5.361934E+02,+3.584400E+04,-1.624448E-01,+0.000000E+00,+9.910000E+37,+5.362598E+02,+3.584400E+04
11:07:13,0e0,+9.955383E+00,+2.771500E-03,+9.910000E+37,+5.364834E+02,+3.584400E+04,+9.957385E+00,+2.771500E-03,+9.910000E+37,+5.365508E+02,+3.584400E+04,+9.951832E+00,+2.771500E-03,+9.910000E+37,+5.366172E+02,+3.584400E+04,-1.624903E-01,+0.000000E+00,+9.910000E+37,+5.366836E+02,+3.584400E+04
11:07:13,0e0,+9.964131E+00,+2.785500E-03,+9.910000E+37,+5.369072E+02,+3.584400E+04,+9.964993E+00,+2.785500E-03,+9.910000E+37,+5.369736E+02,+3.584400E+04,+9.959986E+00,+2.785500E-03,+9.910000E+37,+5.370400E+02,+3.584400E+04,-1.603503E-01,+0.000000E+00,+9.910000E+37,+5.371074E+02,+3.584400E+04
11:07:13,0e0,+9.973192E+00,+2.800000E-03,+9.910000E+37,+5.373311E+02,+3.584400E+04,+9.973641E+00,+2.800000E-03,+9.910000E+37,+5.373975E+02,+3.584400E+04,+9.970045E+00,+2.800000E-03,+9.910000E+37,+5.374639E+02,+3.584400E+04,-1.603958E-01,+0.000000E+00,+9.910000E+37,+5.375303E+02,+3.584400E+04
11:07:13,0e0,+9.981241E+00,+2.814000E-03,+9.910000E+37,+5.377529E+02,+3.584400E+04,+9.981974E+00,+2.814000E-03,+9.910000E+37,+5.378203E+02,+3.584400E+04,+9.977283E+00,+2.814000E-03,+9.910000E+37,+5.378867E+02,+3.584400E+04,-1.615797E-01,+0.000000E+00,+9.910000E+37,+5.379531E+02,+3.584400E+04
11:07:13,0e0,+9.990664E+00,+2.828500E-03,+9.910000E+37,+5.381787E+02,+3.584400E+04,+9.991089E+00,+2.828500E-03,+9.910000E+37,+5.382451E+02,+3.584400E+04,+9.986713E+00,+2.828500E-03,+9.910000E+37,+5.383115E+02,+3.584400E+04,-1.612154E-01,+0.000000E+00,+9.910000E+37,+5.383779E+02,+3.584400E+04
11:07:13,0e0,+9.999021E+00,+2.842500E-03,+9.910000E+37,+5.386025E+02,+3.584400E+04,+9.998277E+00,+2.842500E-03,+9.910000E+37,+5.386689E+02,+3.584400E+04,+9.994633E+00,+2.842500E-03,+9.910000E+37,+5.387354E+02,+3.584400E+04,-1.618072E-01,+0.000000E+00,+9.910000E+37,+5.388018E+02,+3.584400E+04
11:07:13,0e0,+1.000675E+01,+2.857000E-03,+9.910000E+37,+5.390283E+02,+3.584400E+04,+1.000711E+01,+2.857000E-03,+9.910000E+37,+5.390937E+02,+3.584400E+04,+1.000479E+01,+2.857000E-03,+9.910000E+37,+5.391602E+02,+3.584400E+04,-1.624448E-01,+0.000000E+00,+9.910000E+37,+5.392275E+02,+3.584400E+04
11:07:13,0e0,+1.001585E+01,+2.871500E-03,+9.910000E+37,+5.394521E+02,+3.584400E+04,+1.001562E+01,+2.871500E-03,+9.910000E+37,+5.395195E+02,+3.584400E+04,+1.001243E+01,+2.871500E-03,+9.910000E+37,+5.395850E+02,+3.584400E+04,-1.598950E-01,+0.000000E+00,+9.910000E+37,+5.396514E+02,+3.584400E+04
11:07:13,0e0,+1.002300E+01,+2.885500E-03,+9.910000E+37,+5.398779E+02,+3.584400E+04,+1.002546E+01,+2.885500E-03,+9.910000E+37,+5.399443E+02,+3.584400E+04,+1.002117E+01,+2.885500E-03,+9.910000E+37,+5.400117E+02,+3.584400E+04,-1.643572E-01,+0.000000E+00,+9.910000E+37,+5.400791E+02,+3.584400E+04
11:07:13,0e0,+1.003192E+01,+2.900000E-03,+9.910000E+37,+5.403027E+02,+3.584400E+04,+1.003275E+01,+2.900000E-03,+9.910000E+37,+5.403682E+02,+3.584400E+04,+1.002888E+01,+2.900000E-03,+9.910000E+37,+5.404346E+02,+3.584400E+04,-1.603503E-01,+0.000000E+00,+9.910000E+37,+5.405010E+02,+3.584400E+04
11:07:13,0e0,+1.003999E+01,+2.914000E-03,+9.910000E+37,+5.407256E+02,+3.584400E+04,+1.004253E+01,+2.914000E-03,+9.910000E+37,+5.407920E+02,+3.584400E+04,+1.003711E+01,+2.914000E-03,+9.910000E+37,+5.408584E+02,+3.584400E+04,-1.615797E-01,+0.000000E+00,+9.910000E+37,+5.409258E+02,+3.584400E+04
11:07:13,0e0,+1.004850E+01,+2.928500E-03,+9.910000E+37,+5.411504E+02,+3.584400E+04,+1.005000E+01,+2.928500E-03,+9.910000E+37,+5.412168E+02,+3.584400E+04,+1.004608E+01,+2.928500E-03,+9.910000E+37,+5.412842E+02,+3.584400E+04,-1.603503E-01,+0.000000E+00,+9.910000E+37,+5.413496E+02,+3.584400E+04
11:07:13,0e0,+1.005619E+01,+2.942500E-03,+9.910000E+37,+5.415742E+02,+3.584400E+04,+1.005738E+01,+2.942500E-03,+9.910000E+37,+5.416416E+02,+3.584400E+04,+1.005277E+01,+2.942500E-03,+9.910000E+37,+5.417070E+02,+3.584400E+04,-1.605324E-01,+0.000000E+00,+9.910000E+37,+5.417734E+02,+3.584400E+04
11:07:13,0e0,+1.006511E+01,+2.957000E-03,+9.910000E+37,+5.419980E+02,+3.584400E+04,+1.006634E+01,+2.957000E-03,+9.910000E+37,+5.420654E+02,+3.584400E+04,+1.006251E+01,+2.957000E-03,+9.910000E+37,+5.421309E+02,+3.584400E+04,-1.600771E-01,+0.000000E+00,+9.910000E+37,+5.421973E+02,+3.584400E+04
11:07:13,0e0,+1.007390E+01,+2.971500E-03,+9.910000E+37,+5.424209E+02,+3.584400E+04,+1.007309E+01,+2.971500E-03,+9.910000E+37,+5.424873E+02,+3.584400E+04,+1.006935E+01,+2.971500E-03,+9.910000E+37,+5.425527E+02,+3.584400E+04,-1.588933E-01,+0.000000E+00,+9.910000E+37,+5.426191E+02,+3.584400E+04
11:07:13,0e0,+1.008138E+01,+2.985500E-03,+9.910000E+37,+5.428437E+02,+3.584400E+04,+1.008242E+01,+2.985500E-03,+9.910000E+37,+5.429102E+02,+3.584400E+04,+1.007722E+01,+2.985500E-03,+9.910000E+37,+5.429775E+02,+3.584400E+04,-1.573452E-01,+0.000000E+00,+9.910000E+37,+5.430449E+02,+3.584400E+04
