11:01:49,0e0,+5.100369E-03,+1.000000E-07,+9.910000E+37,+1.241327E+03,+3.584400E+04,+4.144326E-03,+1.000000E-07,+9.910000E+37,+1.241394E+03,+3.584400E+04,+4.553840E-03,+1.000000E-07,+9.910000E+37,+1.241460E+03,+3.584400E+04,-7.556796E-03,+0.000000E+00,+9.910000E+37,+1.241526E+03,+3.584400E+04
11:01:49,0e0,+6.011188E-03,+1.116000E-07,+9.910000E+37,+1.241749E+03,+3.584400E+04,+5.464301E-03,+1.116000E-07,+9.910000E+37,+1.241815E+03,+3.584400E+04,+6.147385E-03,+1.116000E-07,+9.910000E+37,+1.241882E+03,+3.584400E+04,-7.829726E-03,+0.000000E+00,+9.910000E+37,+1.241948E+03,+3.584400E+04
11:01:49,0e0,+6.374687E-03,+1.245000E-07,+9.910000E+37,+1.242172E+03,+3.584400E+04,+8.332863E-03,+1.245000E-07,+9.910000E+37,+1.242238E+03,+3.584400E+04,+6.283656E-03,+1.245000E-07,+9.910000E+37,+1.242305E+03,+3.584400E+04,-7.147089E-03,+0.000000E+00,+9.910000E+37,+1.242371E+03,+3.584400E+04
11:01:49,0e0,+8.742929E-03,+1.389500E-07,+9.910000E+37,+1.242597E+03,+3.584400E+04,+1.092850E-02,+1.389500E-07,+9.910000E+37,+1.242664E+03,+3.584400E+04,+1.029071E-02,+1.389500E-07,+9.910000E+37,+1.242729E+03,+3.584400E+04,-8.831754E-03,+0.000000E+00,+9.910000E+37,+1.242796E+03,+3.584400E+04
11:01:49,0e0,+1.197514E-02,+1.550500E-07,+9.910000E+37,+1.243021E+03,+3.584400E+04,+1.261260E-02,+1.550500E-07,+9.910000E+37,+1.243088E+03,+3.584400E+04,+1.288572E-02,+1.550500E-07,+9.910000E+37,+1.243154E+03,+3.584400E+04,-7.921472E-03,+0.000000E+00,+9.910000E+37,+1.243221E+03,+3.584400E+04
11:01:49,0e0,+1.379667E-02,+1.730000E-07,+9.910000E+37,+1.243445E+03,+3.584400E+04,+1.466194E-02,+1.730000E-07,+9.910000E+37,+1.243513E+03,+3.584400E+04,+1.388735E-02,+1.730000E-07,+9.910000E+37,+1.243580E+03,+3.584400E+04,-7.147536E-03,+0.000000E+00,+9.910000E+37,+1.243646E+03,+3.584400E+04
11:01:49,0e0,+1.730222E-02,+1.930500E-07,+9.910000E+37,+1.243867E+03,+3.584400E+04,+1.707426E-02,+1.930500E-07,+9.910000E+37,+1.243935E+03,+3.584400E+04,+1.529865E-02,+1.930500E-07,+9.910000E+37,+1.244001E+03,+3.584400E+04,-7.602662E-03,+0.000000E+00,+9.910000E+37,+1.244067E+03,+3.584400E+04
11:01:49,0e0,+2.003367E-02,+2.154500E-07,+9.910000E+37,+1.244292E+03,+3.584400E+04,+1.884966E-02,+2.154500E-07,+9.910000E+37,+1.244358E+03,+3.584400E+04,+1.989731E-02,+2.154500E-07,+9.910000E+37,+1.244425E+03,+3.584400E+04,-7.739276E-03,+0.000000E+00,+9.910000E+37,+1.244492E+03,+3.584400E+04
11:01:49,0e0,+2.353968E-02,+2.404000E-07,+9.910000E+37,+1.244717E+03,+3.584400E+04,+2.185486E-02,+2.404000E-07,+9.910000E+37,+1.244783E+03,+3.584400E+04,+2.299365E-02,+2.404000E-07,+9.910000E+37,+1.244850E+03,+3.584400E+04,-6.236702E-03,+0.000000E+00,+9.910000E+37,+1.244916E+03,+3.584400E+04
11:01:49,0e0,+2.622557E-02,+2.682500E-07,+9.910000E+37,+1.245142E+03,+3.584400E+04,+2.677229E-02,+2.682500E-07,+9.910000E+37,+1.245208E+03,+3.584400E+04,+2.572472E-02,+2.682500E-07,+9.910000E+37,+1.245274E+03,+3.584400E+04,-7.283941E-03,+0.000000E+00,+9.910000E+37,+1.245342E+03,+3.584400E+04
11:01:49,0e0,+3.041422E-02,+2.993500E-07,+9.910000E+37,+1.245566E+03,+3.584400E+04,+2.982244E-02,+2.993500E-07,+9.910000E+37,+1.245634E+03,+3.584400E+04,+3.191715E-02,+2.993500E-07,+9.910000E+37,+1.245700E+03,+3.584400E+04,-7.465631E-03,+0.000000E+00,+9.910000E+37,+1.245766E+03,+3.584400E+04
11:01:49,0e0,+3.405643E-02,+3.340500E-07,+9.910000E+37,+1.245990E+03,+3.584400E+04,+3.405669E-02,+3.340500E-07,+9.910000E+37,+1.246057E+03,+3.584400E+04,+3.537732E-02,+3.340500E-07,+9.910000E+37,+1.246123E+03,+3.584400E+04,-6.646454E-03,+0.000000E+00,+9.910000E+37,+1.246189E+03,+3.584400E+04
11:01:49,0e0,+4.011256E-02,+3.727500E-07,+9.910000E+37,+1.246414E+03,+3.584400E+04,+3.942910E-02,+3.727500E-07,+9.910000E+37,+1.246480E+03,+3.584400E+04,+4.029486E-02,+3.727500E-07,+9.910000E+37,+1.246547E+03,+3.584400E+04,-7.329449E-03,+0.000000E+00,+9.910000E+37,+1.246613E+03,+3.584400E+04
11:01:49,0e0,+4.420966E-02,+4.159500E-07,+9.910000E+37,+1.246839E+03,+3.584400E+04,+4.530236E-02,+4.159500E-07,+9.910000E+37,+1.246905E+03,+3.584400E+04,+4.634973E-02,+4.159500E-07,+9.910000E+37,+1.246972E+03,+3.584400E+04,-7.875726E-03,+0.000000E+00,+9.910000E+37,+1.247039E+03,+3.584400E+04
11:01:49,0e0,+5.254239E-02,+4.641500E-07,+9.910000E+37,+1.247264E+03,+3.584400E+04,+5.072007E-02,+4.641500E-07,+9.910000E+37,+1.247331E+03,+3.584400E+04,+5.263299E-02,+4.641500E-07,+9.910000E+37,+1.247398E+03,+3.584400E+04,-6.236926E-03,+0.000000E+00,+9.910000E+37,+1.247464E+03,+3.584400E+04
11:01:49,0e0,+5.832374E-02,+5.179500E-07,+9.910000E+37,+1.247688E+03,+3.584400E+04,+6.055543E-02,+5.179500E-07,+9.910000E+37,+1.247754E+03,+3.584400E+04,+5.923435E-02,+5.179500E-07,+9.910000E+37,+1.247820E+03,+3.584400E+04,-6.327793E-03,+0.000000E+00,+9.910000E+37,+1.247887E+03,+3.584400E+04
11:01:49,0e0,+6.702030E-02,+5.779500E-07,+9.910000E+37,+1.248114E+03,+3.584400E+04,+6.743035E-02,+5.779500E-07,+9.910000E+37,+1.248181E+03,+3.584400E+04,+6.642801E-02,+5.779500E-07,+9.910000E+37,+1.248247E+03,+3.584400E+04,-6.783381E-03,+0.000000E+00,+9.910000E+37,+1.248313E+03,+3.584400E+04
11:01:49,0e0,+7.503304E-02,+6.449500E-07,+9.910000E+37,+1.248537E+03,+3.584400E+04,+7.658169E-02,+6.449500E-07,+9.910000E+37,+1.248604E+03,+3.584400E+04,+7.576212E-02,+6.449500E-07,+9.910000E+37,+1.248670E+03,+3.584400E+04,-5.872443E-03,+0.000000E+00,+9.910000E+37,+1.248736E+03,+3.584400E+04
11:01:49,0e0,+8.418459E-02,+7.197000E-07,+9.910000E+37,+1.248959E+03,+3.584400E+04,+8.523214E-02,+7.197000E-07,+9.910000E+37,+1.249026E+03,+3.584400E+04,+8.691666E-02,+7.197000E-07,+9.910000E+37,+1.249093E+03,+3.584400E+04,-8.012757E-03,+0.000000E+00,+9.910000E+37,+1.249158E+03,+3.584400E+04
11:01:49,0e0,+9.497520E-02,+8.031000E-07,+9.910000E+37,+1.249379E+03,+3.584400E+04,+9.533963E-02,+8.031000E-07,+9.910000E+37,+1.249445E+03,+3.584400E+04,+9.643233E-02,+8.031000E-07,+9.910000E+37,+1.249512E+03,+3.584400E+04,-8.012816E-03,+0.000000E+00,+9.910000E+37,+1.249579E+03,+3.584400E+04
11:01:49,0e0,+1.074052E-01,+8.961500E-07,+9.910000E+37,+1.249800E+03,+3.584400E+04,+1.079058E-01,+8.961500E-07,+9.910000E+37,+1.249866E+03,+3.584400E+04,+1.084522E-01,+8.961500E-07,+9.910000E+37,+1.249933E+03,+3.584400E+04,-8.012801E-03,+0.000000E+00,+9.910000E+37,+1.249999E+03,+3.584400E+04
11:01:49,0e0,+1.199712E-01,+1.000000E-06,+9.910000E+37,+1.250221E+03,+3.584400E+04,+1.196520E-01,+1.000000E-06,+9.910000E+37,+1.250286E+03,+3.584400E+04,+1.212915E-01,+1.000000E-06,+9.910000E+37,+1.250353E+03,+3.584400E+04,-8.012757E-03,+0.000000E+00,+9.910000E+37,+1.250419E+03,+3.584400E+04
11:01:49,0e0,+1.226570E-01,+1.116000E-06,+9.910000E+37,+1.250644E+03,+3.584400E+04,+1.216558E-01,+1.116000E-06,+9.910000E+37,+1.250710E+03,+3.584400E+04,+1.227031E-01,+1.116000E-06,+9.910000E+37,+1.250777E+03,+3.584400E+04,-6.646469E-03,+0.000000E+00,+9.910000E+37,+1.250845E+03,+3.584400E+04
11:01:49,0e0,+1.359976E-01,+1.245000E-06,+9.910000E+37,+1.251067E+03,+3.584400E+04,+1.355418E-01,+1.245000E-06,+9.910000E+37,+1.251134E+03,+3.584400E+04,+1.346768E-01,+1.245000E-06,+9.910000E+37,+1.251201E+03,+3.584400E+04,-6.009012E-03,+0.000000E+00,+9.910000E+37,+1.251269E+03,+3.584400E+04
11:01:49,0e0,+1.508848E-01,+1.389500E-06,+9.910000E+37,+1.251489E+03,+3.584400E+04,+1.531623E-01,+1.389500E-06,+9.910000E+37,+1.251555E+03,+3.584400E+04,+1.522974E-01,+1.389500E-06,+9.910000E+37,+1.251621E+03,+3.584400E+04,-6.919682E-03,+0.000000E+00,+9.910000E+37,+1.251688E+03,+3.584400E+04
11:01:49,0e0,+1.712829E-01,+1.550500E-06,+9.910000E+37,+1.251914E+03,+3.584400E+04,+1.713741E-01,+1.550500E-06,+9.910000E+37,+1.251980E+03,+3.584400E+04,+1.707824E-01,+1.550500E-06,+9.910000E+37,+1.252048E+03,+3.584400E+04,-7.192641E-03,+0.000000E+00,+9.910000E+37,+1.252115E+03,+3.584400E+04
11:01:49,0e0,+1.917259E-01,+1.730000E-06,+9.910000E+37,+1.252340E+03,+3.584400E+04,+1.897682E-01,+1.730000E-06,+9.910000E+37,+1.252407E+03,+3.584400E+04,+1.911339E-01,+1.730000E-06,+9.910000E+37,+1.252473E+03,+3.584400E+04,-6.054640E-03,+0.000000E+00,+9.910000E+37,+1.252539E+03,+3.584400E+04
11:01:49,0e0,+2.122597E-01,+1.930500E-06,+9.910000E+37,+1.252765E+03,+3.584400E+04,+2.124872E-01,+1.930500E-06,+9.910000E+37,+1.252832E+03,+3.584400E+04,+2.120319E-01,+1.930500E-06,+9.910000E+37,+1.252897E+03,+3.584400E+04,-6.874219E-03,+0.000000E+00,+9.910000E+37,+1.252964E+03,+3.584400E+04
11:01:49,0e0,+2.353878E-01,+2.154500E-06,+9.910000E+37,+1.253189E+03,+3.584400E+04,+2.362539E-01,+2.154500E-06,+9.910000E+37,+1.253255E+03,+3.584400E+04,+2.368915E-01,+2.154500E-06,+9.910000E+37,+1.253321E+03,+3.584400E+04,-7.192731E-03,+0.000000E+00,+9.910000E+37,+1.253389E+03,+3.584400E+04
11:01:49,0e0,+2.618401E-01,+2.404000E-06,+9.910000E+37,+1.253613E+03,+3.584400E+04,+2.644821E-01,+2.404000E-06,+9.910000E+37,+1.253680E+03,+3.584400E+04,+2.632986E-01,+2.404000E-06,+9.910000E+37,+1.253747E+03,+3.584400E+04,-7.466316E-03,+0.000000E+00,+9.910000E+37,+1.253813E+03,+3.584400E+04
11:01:49,0e0,+2.925741E-01,+2.682500E-06,+9.910000E+37,+1.254032E+03,+3.584400E+04,+2.924362E-01,+2.682500E-06,+9.910000E+37,+1.254099E+03,+3.584400E+04,+2.928470E-01,+2.682500E-06,+9.910000E+37,+1.254165E+03,+3.584400E+04,-6.646231E-03,+0.000000E+00,+9.910000E+37,+1.254231E+03,+3.584400E+04
11:01:49,0e0,+3.250350E-01,+2.993500E-06,+9.910000E+37,+1.254453E+03,+3.584400E+04,+3.262200E-01,+2.993500E-06,+9.910000E+37,+1.254519E+03,+3.584400E+04,+3.260832E-01,+2.993500E-06,+9.910000E+37,+1.254585E+03,+3.584400E+04,-6.145656E-03,+0.000000E+00,+9.910000E+37,+1.254651E+03,+3.584400E+04
11:01:49,0e0,+3.619145E-01,+3.340500E-06,+9.910000E+37,+1.254876E+03,+3.584400E+04,+3.631443E-01,+3.340500E-06,+9.910000E+37,+1.254942E+03,+3.584400E+04,+3.631453E-01,+3.340500E-06,+9.910000E+37,+1.255009E+03,+3.584400E+04,-6.555527E-03,+0.000000E+00,+9.910000E+37,+1.255076E+03,+3.584400E+04
11:01:49,0e0,+4.033468E-01,+3.727500E-06,+9.910000E+37,+1.255302E+03,+3.584400E+04,+4.016159E-01,+3.727500E-06,+9.910000E+37,+1.255368E+03,+3.584400E+04,+4.043947E-01,+3.727500E-06,+9.910000E+37,+1.255436E+03,+3.584400E+04,-6.145656E-03,+0.000000E+00,+9.910000E+37,+1.255501E+03,+3.584400E+04
11:01:49,0e0,+4.481925E-01,+4.159500E-06,+9.910000E+37,+1.255727E+03,+3.584400E+04,+4.467814E-01,+4.159500E-06,+9.910000E+37,+1.255793E+03,+3.584400E+04,+4.485128E-01,+4.159500E-06,+9.910000E+37,+1.255860E+03,+3.584400E+04,-6.510124E-03,+0.000000E+00,+9.910000E+37,+1.255926E+03,+3.584400E+04
11:01:49,0e0,+4.963627E-01,+4.641500E-06,+9.910000E+37,+1.256150E+03,+3.584400E+04,+4.985493E-01,+4.641500E-06,+9.910000E+37,+1.256217E+03,+3.584400E+04,+4.988694E-01,+4.641500E-06,+9.910000E+37,+1.256284E+03,+3.584400E+04,-7.101864E-03,+0.000000E+00,+9.910000E+37,+1.256352E+03,+3.584400E+04
11:01:49,0e0,+5.530471E-01,+5.179500E-06,+9.910000E+37,+1.256578E+03,+3.584400E+04,+5.522274E-01,+5.179500E-06,+9.910000E+37,+1.256646E+03,+3.584400E+04,+5.540502E-01,+5.179500E-06,+9.910000E+37,+1.256711E+03,+3.584400E+04,-5.963191E-03,+0.000000E+00,+9.910000E+37,+1.256778E+03,+3.584400E+04
11:01:49,0e0,+6.153308E-01,+5.779500E-06,+9.910000E+37,+1.257005E+03,+3.584400E+04,+6.138743E-01,+5.779500E-06,+9.910000E+37,+1.257071E+03,+3.584400E+04,+6.135103E-01,+5.779500E-06,+9.910000E+37,+1.257139E+03,+3.584400E+04,-5.235121E-03,+0.000000E+00,+9.910000E+37,+1.257206E+03,+3.584400E+04
11:01:49,0e0,+6.839893E-01,+6.449500E-06,+9.910000E+37,+1.257431E+03,+3.584400E+04,+6.862221E-01,+6.449500E-06,+9.910000E+37,+1.257498E+03,+3.584400E+04,+6.859942E-01,+6.449500E-06,+9.910000E+37,+1.257563E+03,+3.584400E+04,-6.874219E-03,+0.000000E+00,+9.910000E+37,+1.257630E+03,+3.584400E+04
11:01:49,0e0,+7.613003E-01,+7.197000E-06,+9.910000E+37,+1.257854E+03,+3.584400E+04,+7.614829E-01,+7.197000E-06,+9.910000E+37,+1.257921E+03,+3.584400E+04,+7.602514E-01,+7.197000E-06,+9.910000E+37,+1.257986E+03,+3.584400E+04,-5.189598E-03,+0.000000E+00,+9.910000E+37,+1.258053E+03,+3.584400E+04
11:01:49,0e0,+8.454384E-01,+8.031000E-06,+9.910000E+37,+1.258275E+03,+3.584400E+04,+8.446633E-01,+8.031000E-06,+9.910000E+37,+1.258341E+03,+3.584400E+04,+8.471701E-01,+8.031000E-06,+9.910000E+37,+1.258408E+03,+3.584400E+04,-6.828293E-03,+0.000000E+00,+9.910000E+37,+1.258474E+03,+3.584400E+04
11:01:49,0e0,+9.407320E-01,+8.961500E-06,+9.910000E+37,+1.258700E+03,+3.584400E+04,+9.410964E-01,+8.961500E-06,+9.910000E+37,+1.258766E+03,+3.584400E+04,+9.405496E-01,+8.961500E-06,+9.910000E+37,+1.258832E+03,+3.584400E+04,-6.601214E-03,+0.000000E+00,+9.910000E+37,+1.258899E+03,+3.584400E+04
11:01:49,0e0,+1.047180E+00,+1.000000E-05,+9.910000E+37,+1.259122E+03,+3.584400E+04,+1.046361E+00,+1.000000E-05,+9.910000E+37,+1.259188E+03,+3.584400E+04,+1.045720E+00,+1.000000E-05,+9.910000E+37,+1.259256E+03,+3.584400E+04,-8.012831E-03,+0.000000E+00,+9.910000E+37,+1.259323E+03,+3.584400E+04
11:01:49,0e0,+1.153675E+00,+1.116000E-05,+9.910000E+37,+1.259542E+03,+3.584400E+04,+1.152718E+00,+1.116000E-05,+9.910000E+37,+1.259609E+03,+3.584400E+04,+1.152354E+00,+1.116000E-05,+9.910000E+37,+1.259675E+03,+3.584400E+04,-7.648155E-03,+0.000000E+00,+9.910000E+37,+1.259742E+03,+3.584400E+04
11:01:49,0e0,+1.283843E+00,+1.245000E-05,+9.910000E+37,+1.259960E+03,+3.584400E+04,+1.285031E+00,+1.245000E-05,+9.910000E+37,+1.260027E+03,+3.584400E+04,+1.285300E+00,+1.245000E-05,+9.910000E+37,+1.260093E+03,+3.584400E+04,-7.466078E-03,+0.000000E+00,+9.910000E+37,+1.260162E+03,+3.584400E+04
11:01:49,0e0,+1.432086E+00,+1.389500E-05,+9.910000E+37,+1.260381E+03,+3.584400E+04,+1.433408E+00,+1.389500E-05,+9.910000E+37,+1.260448E+03,+3.584400E+04,+1.433271E+00,+1.389500E-05,+9.910000E+37,+1.260514E+03,+3.584400E+04,-8.012459E-03,+0.000000E+00,+9.910000E+37,+1.260586E+03,+3.584400E+04
11:01:49,0e0,+1.598724E+00,+1.550500E-05,+9.910000E+37,+1.260808E+03,+3.584400E+04,+1.599317E+00,+1.550500E-05,+9.910000E+37,+1.260874E+03,+3.584400E+04,+1.600228E+00,+1.550500E-05,+9.910000E+37,+1.260939E+03,+3.584400E+04,-8.877903E-03,+0.000000E+00,+9.910000E+37,+1.261009E+03,+3.584400E+04
11:01:49,0e0,+1.784756E+00,+1.730000E-05,+9.910000E+37,+1.261226E+03,+3.584400E+04,+1.786034E+00,+1.730000E-05,+9.910000E+37,+1.261292E+03,+3.584400E+04,+1.786534E+00,+1.730000E-05,+9.910000E+37,+1.261359E+03,+3.584400E+04,-9.560928E-03,+0.000000E+00,+9.910000E+37,+1.261432E+03,+3.584400E+04
11:01:49,0e0,+1.992324E+00,+1.930500E-05,+9.910000E+37,+1.261651E+03,+3.584400E+04,+1.994787E+00,+1.930500E-05,+9.910000E+37,+1.261718E+03,+3.584400E+04,+1.994922E+00,+1.930500E-05,+9.910000E+37,+1.261785E+03,+3.584400E+04,-8.740842E-03,+0.000000E+00,+9.910000E+37,+1.261855E+03,+3.584400E+04
11:01:49,0e0,+2.224665E+00,+2.154500E-05,+9.910000E+37,+1.262077E+03,+3.584400E+04,+2.226351E+00,+2.154500E-05,+9.910000E+37,+1.262143E+03,+3.584400E+04,+2.224888E+00,+2.154500E-05,+9.910000E+37,+1.262210E+03,+3.584400E+04,-8.467823E-03,+0.000000E+00,+9.910000E+37,+1.262277E+03,+3.584400E+04
11:01:49,0e0,+2.478904E+00,+2.404000E-05,+9.910000E+37,+1.262496E+03,+3.584400E+04,+2.480267E+00,+2.404000E-05,+9.910000E+37,+1.262563E+03,+3.584400E+04,+2.481953E+00,+2.404000E-05,+9.910000E+37,+1.262629E+03,+3.584400E+04,-7.466152E-03,+0.000000E+00,+9.910000E+37,+1.262701E+03,+3.584400E+04
11:01:49,0e0,+2.757954E+00,+2.682500E-05,+9.910000E+37,+1.262921E+03,+3.584400E+04,+2.758863E+00,+2.682500E-05,+9.910000E+37,+1.262987E+03,+3.584400E+04,+2.758773E+00,+2.682500E-05,+9.910000E+37,+1.263054E+03,+3.584400E+04,-8.376718E-03,+0.000000E+00,+9.910000E+37,+1.263124E+03,+3.584400E+04
11:01:49,0e0,+3.060360E+00,+2.993500E-05,+9.910000E+37,+1.263342E+03,+3.584400E+04,+3.061542E+00,+2.993500E-05,+9.910000E+37,+1.263408E+03,+3.584400E+04,+3.062273E+00,+2.993500E-05,+9.910000E+37,+1.263476E+03,+3.584400E+04,-7.466137E-03,+0.000000E+00,+9.910000E+37,+1.263547E+03,+3.584400E+04
11:01:49,0e0,+3.385122E+00,+3.340500E-05,+9.910000E+37,+1.263769E+03,+3.584400E+04,+3.386988E+00,+3.340500E-05,+9.910000E+37,+1.263834E+03,+3.584400E+04,+3.387716E+00,+3.340500E-05,+9.910000E+37,+1.263901E+03,+3.584400E+04,-7.511854E-03,+0.000000E+00,+9.910000E+37,+1.263972E+03,+3.584400E+04
11:01:49,0e0,+3.733654E+00,+3.727500E-05,+9.910000E+37,+1.264192E+03,+3.584400E+04,+3.733422E+00,+3.727500E-05,+9.910000E+37,+1.264259E+03,+3.584400E+04,+3.735107E+00,+3.727500E-05,+9.910000E+37,+1.264324E+03,+3.584400E+04,-7.875919E-03,+0.000000E+00,+9.910000E+37,+1.264393E+03,+3.584400E+04
11:01:49,0e0,+4.098706E+00,+4.159500E-05,+9.910000E+37,+1.264606E+03,+3.584400E+04,+4.101401E+00,+4.159500E-05,+9.910000E+37,+1.264674E+03,+3.584400E+04,+4.100199E+00,+4.159500E-05,+9.910000E+37,+1.264739E+03,+3.584400E+04,-8.103609E-03,+0.000000E+00,+9.910000E+37,+1.264807E+03,+3.584400E+04
11:01:49,0e0,+4.483613E+00,+4.641500E-05,+9.910000E+37,+1.265019E+03,+3.584400E+04,+4.485881E+00,+4.641500E-05,+9.910000E+37,+1.265084E+03,+3.584400E+04,+4.488077E+00,+4.641500E-05,+9.910000E+37,+1.265151E+03,+3.584400E+04,-7.147416E-03,+0.000000E+00,+9.910000E+37,+1.265217E+03,+3.584400E+04
11:01:49,0e0,+4.885866E+00,+5.179500E-05,+9.910000E+37,+1.265434E+03,+3.584400E+04,+4.888875E+00,+5.179500E-05,+9.910000E+37,+1.265501E+03,+3.584400E+04,+4.888871E+00,+5.179500E-05,+9.910000E+37,+1.265568E+03,+3.584400E+04,-7.602900E-03,+0.000000E+00,+9.910000E+37,+1.265634E+03,+3.584400E+04
11:01:49,0e0,+5.301365E+00,+5.779500E-05,+9.910000E+37,+1.265850E+03,+3.584400E+04,+5.304696E+00,+5.779500E-05,+9.910000E+37,+1.265916E+03,+3.584400E+04,+5.305149E+00,+5.779500E-05,+9.910000E+37,+1.265982E+03,+3.584400E+04,-6.509870E-03,+0.000000E+00,+9.910000E+37,+1.266050E+03,+3.584400E+04
11:01:49,0e0,+5.726286E+00,+6.449500E-05,+9.910000E+37,+1.266265E+03,+3.584400E+04,+5.730297E+00,+6.449500E-05,+9.910000E+37,+1.266331E+03,+3.584400E+04,+5.733359E+00,+6.449500E-05,+9.910000E+37,+1.266397E+03,+3.584400E+04,-7.921427E-03,+0.000000E+00,+9.910000E+37,+1.266464E+03,+3.584400E+04
11:01:49,0e0,+6.164876E+00,+7.197000E-05,+9.910000E+37,+1.266681E+03,+3.584400E+04,+6.169345E+00,+7.197000E-05,+9.910000E+37,+1.266746E+03,+3.584400E+04,+6.170484E+00,+7.197000E-05,+9.910000E+37,+1.266813E+03,+3.584400E+04,-6.509930E-03,+0.000000E+00,+9.910000E+37,+1.266881E+03,+3.584400E+04
11:01:49,0e0,+6.608370E+00,+8.031000E-05,+9.910000E+37,+1.267100E+03,+3.584400E+04,+6.614756E+00,+8.031000E-05,+9.910000E+37,+1.267166E+03,+3.584400E+04,+6.614697E+00,+8.031000E-05,+9.910000E+37,+1.267232E+03,+3.584400E+04,-6.282225E-03,+0.000000E+00,+9.910000E+37,+1.267303E+03,+3.584400E+04
11:01:49,0e0,+7.062951E+00,+8.961500E-05,+9.910000E+37,+1.267525E+03,+3.584400E+04,+7.065717E+00,+8.961500E-05,+9.910000E+37,+1.267592E+03,+3.584400E+04,+7.068374E+00,+8.961500E-05,+9.910000E+37,+1.267659E+03,+3.584400E+04,-8.513600E-03,+0.000000E+00,+9.910000E+37,+1.267727E+03,+3.584400E+04
11:01:49,0e0,+7.517469E+00,+1.000000E-04,+9.910000E+37,+1.267947E+03,+3.584400E+04,+7.523691E+00,+1.000000E-04,+9.910000E+37,+1.268015E+03,+3.584400E+04,+7.526079E+00,+1.000000E-04,+9.910000E+37,+1.268082E+03,+3.584400E+04,-6.783202E-03,+0.000000E+00,+9.910000E+37,+1.268153E+03,+3.584400E+04
11:01:49,0e0,+7.966301E+00,+1.116000E-04,+9.910000E+37,+1.268370E+03,+3.584400E+04,+7.972359E+00,+1.116000E-04,+9.910000E+37,+1.268442E+03,+3.584400E+04,+7.975001E+00,+1.116000E-04,+9.910000E+37,+1.268510E+03,+3.584400E+04,-1.242889E-02,+0.000000E+00,+9.910000E+37,+1.268575E+03,+3.584400E+04
11:01:49,0e0,+8.429547E+00,+1.245000E-04,+9.910000E+37,+1.268794E+03,+3.584400E+04,+8.434280E+00,+1.245000E-04,+9.910000E+37,+1.268861E+03,+3.584400E+04,+8.437901E+00,+1.245000E-04,+9.910000E+37,+1.268927E+03,+3.584400E+04,-1.192804E-02,+0.000000E+00,+9.910000E+37,+1.268994E+03,+3.584400E+04
11:01:49,0e0,+8.899105E+00,+1.389500E-04,+9.910000E+37,+1.269210E+03,+3.584400E+04,+8.907169E+00,+1.389500E-04,+9.910000E+37,+1.269276E+03,+3.584400E+04,+8.908904E+00,+1.389500E-04,+9.910000E+37,+1.269343E+03,+3.584400E+04,-1.279306E-02,+0.000000E+00,+9.910000E+37,+1.269410E+03,+3.584400E+04
11:01:49,0e0,+9.372088E+00,+1.550500E-04,+9.910000E+37,+1.269636E+03,+3.584400E+04,+9.378944E+00,+1.550500E-04,+9.910000E+37,+1.269702E+03,+3.584400E+04,+9.381909E+00,+1.550500E-04,+9.910000E+37,+1.269770E+03,+3.584400E+04,-1.242889E-02,+0.000000E+00,+9.910000E+37,+1.269835E+03,+3.584400E+04
11:01:49,0e0,+9.847727E+00,+1.730000E-04,+9.910000E+37,+1.270059E+03,+3.584400E+04,+9.856969E+00,+1.730000E-04,+9.910000E+37,+1.270125E+03,+3.584400E+04,+9.859140E+00,+1.730000E-04,+9.910000E+37,+1.270191E+03,+3.584400E+04,-1.279329E-02,+0.000000E+00,+9.910000E+37,+1.270258E+03,+3.584400E+04
11:01:49,0e0,+1.032923E+01,+1.930500E-04,+9.910000E+37,+1.270478E+03,+3.584400E+04,+1.033913E+01,+1.930500E-04,+9.910000E+37,+1.270545E+03,+3.584400E+04,+1.034048E+01,+1.930500E-04,+9.910000E+37,+1.270610E+03,+3.584400E+04,-1.183680E-02,+0.000000E+00,+9.910000E+37,+1.270677E+03,+3.584400E+04
11:01:49,0e0,+1.081775E+01,+2.154500E-04,+9.910000E+37,+1.270897E+03,+3.584400E+04,+1.082620E+01,+2.154500E-04,+9.910000E+37,+1.270964E+03,+3.584400E+04,+1.082935E+01,+2.154500E-04,+9.910000E+37,+1.271031E+03,+3.584400E+04,-1.306634E-02,+0.000000E+00,+9.910000E+37,+1.271097E+03,+3.584400E+04
11:01:49,0e0,+1.130994E+01,+2.404000E-04,+9.910000E+37,+1.271318E+03,+3.584400E+04,+1.132138E+01,+2.404000E-04,+9.910000E+37,+1.271386E+03,+3.584400E+04,+1.132071E+01,+2.404000E-04,+9.910000E+37,+1.271453E+03,+3.584400E+04,-1.201902E-02,+0.000000E+00,+9.910000E+37,+1.271519E+03,+3.584400E+04
11:01:49,0e0,+1.181201E+01,+2.682500E-04,+9.910000E+37,+1.271743E+03,+3.584400E+04,+1.181887E+01,+2.682500E-04,+9.910000E+37,+1.271810E+03,+3.584400E+04,+1.182138E+01,+2.682500E-04,+9.910000E+37,+1.271877E+03,+3.584400E+04,-1.288430E-02,+0.000000E+00,+9.910000E+37,+1.271944E+03,+3.584400E+04
11:01:49,0e0,+1.231724E+01,+2.993500E-04,+9.910000E+37,+1.272166E+03,+3.584400E+04,+1.232571E+01,+2.993500E-04,+9.910000E+37,+1.272232E+03,+3.584400E+04,+1.232903E+01,+2.993500E-04,+9.910000E+37,+1.272300E+03,+3.584400E+04,-1.233803E-02,+0.000000E+00,+9.910000E+37,+1.272366E+03,+3.584400E+04
11:01:49,0e0,+1.283126E+01,+3.340500E-04,+9.910000E+37,+1.272590E+03,+3.584400E+04,+1.284114E+01,+3.340500E-04,+9.910000E+37,+1.272656E+03,+3.584400E+04,+1.284398E+01,+3.340500E-04,+9.910000E+37,+1.272723E+03,+3.584400E+04,-1.479699E-02,+0.000000E+00,+9.910000E+37,+1.272790E+03,+3.584400E+04
11:01:49,0e0,+1.335399E+01,+3.727500E-04,+9.910000E+37,+1.273012E+03,+3.584400E+04,+1.336355E+01,+3.727500E-04,+9.910000E+37,+1.273078E+03,+3.584400E+04,+1.336438E+01,+3.727500E-04,+9.910000E+37,+1.273146E+03,+3.584400E+04,-1.333974E-02,+0.000000E+00,+9.910000E+37,+1.273211E+03,+3.584400E+04
11:01:49,0e0,+1.388179E+01,+4.159500E-04,+9.910000E+37,+1.273436E+03,+3.584400E+04,+1.389168E+01,+4.159500E-04,+9.910000E+37,+1.273502E+03,+3.584400E+04,+1.389324E+01,+4.159500E-04,+9.910000E+37,+1.273569E+03,+3.584400E+04,-1.306650E-02,+0.000000E+00,+9.910000E+37,+1.273635E+03,+3.584400E+04
11:01:49,0e0,+1.441879E+01,+4.641500E-04,+9.910000E+37,+1.273856E+03,+3.584400E+04,+1.442651E+01,+4.641500E-04,+9.910000E+37,+1.273923E+03,+3.584400E+04,+1.442786E+01,+4.641500E-04,+9.910000E+37,+1.273990E+03,+3.584400E+04,-1.311186E-02,+0.000000E+00,+9.910000E+37,+1.274056E+03,+3.584400E+04
11:01:49,0e0,+1.495892E+01,+5.179500E-04,+9.910000E+37,+1.274280E+03,+3.584400E+04,+1.496756E+01,+5.179500E-04,+9.910000E+37,+1.274346E+03,+3.584400E+04,+1.496652E+01,+5.179500E-04,+9.910000E+37,+1.274413E+03,+3.584400E+04,-1.224694E-02,+0.000000E+00,+9.910000E+37,+1.274480E+03,+3.584400E+04
11:01:49,0e0,+1.550389E+01,+5.779500E-04,+9.910000E+37,+1.274702E+03,+3.584400E+04,+1.551104E+01,+5.779500E-04,+9.910000E+37,+1.274769E+03,+3.584400E+04,+1.550898E+01,+5.779500E-04,+9.910000E+37,+1.274836E+03,+3.584400E+04,-1.229243E-02,+0.000000E+00,+9.910000E+37,+1.274902E+03,+3.584400E+04
11:01:49,0e0,+1.604497E+01,+6.449500E-04,+9.910000E+37,+1.275128E+03,+3.584400E+04,+1.605334E+01,+6.449500E-04,+9.910000E+37,+1.275195E+03,+3.584400E+04,+1.605029E+01,+6.449500E-04,+9.910000E+37,+1.275261E+03,+3.584400E+04,-1.315749E-02,+0.000000E+00,+9.910000E+37,+1.275327E+03,+3.584400E+04
11:01:49,0e0,+1.646824E+01,+7.197000E-04,+9.910000E+37,+1.275552E+03,+3.584400E+04,+1.647042E+01,+7.197000E-04,+9.910000E+37,+1.275619E+03,+3.584400E+04,+1.646420E+01,+7.197000E-04,+9.910000E+37,+1.275685E+03,+3.584400E+04,-1.238355E-02,+0.000000E+00,+9.910000E+37,+1.275752E+03,+3.584400E+04
11:01:49,0e0,+1.686558E+01,+8.031000E-04,+9.910000E+37,+1.275974E+03,+3.584400E+04,+1.686750E+01,+8.031000E-04,+9.910000E+37,+1.276040E+03,+3.584400E+04,+1.686300E+01,+8.031000E-04,+9.910000E+37,+1.276107E+03,+3.584400E+04,-1.170050E-02,+0.000000E+00,+9.910000E+37,+1.276173E+03,+3.584400E+04
11:01:49,0e0,+1.725527E+01,+8.961500E-04,+9.910000E+37,+1.276394E+03,+3.584400E+04,+1.725846E+01,+8.961500E-04,+9.910000E+37,+1.276460E+03,+3.584400E+04,+1.725409E+01,+8.961500E-04,+9.910000E+37,+1.276526E+03,+3.584400E+04,-1.265632E-02,+0.000000E+00,+9.910000E+37,+1.276594E+03,+3.584400E+04
11:01:49,0e0,+1.769824E+01,+1.000000E-03,+9.910000E+37,+1.276809E+03,+3.584400E+04,+1.769939E+01,+1.000000E-03,+9.910000E+37,+1.276880E+03,+3.584400E+04,+1.769476E+01,+1.000000E-03,+9.910000E+37,+1.276945E+03,+3.584400E+04,-1.324868E-02,+0.000000E+00,+9.910000E+37,+1.277013E+03,+3.584400E+04
11:01:49,0e0,+1.809871E+01,+1.116000E-03,+9.910000E+37,+1.277230E+03,+3.584400E+04,+1.809976E+01,+1.116000E-03,+9.910000E+37,+1.277297E+03,+3.584400E+04,+1.809393E+01,+1.116000E-03,+9.910000E+37,+1.277363E+03,+3.584400E+04,-8.422899E-02,+0.000000E+00,+9.910000E+37,+1.277430E+03,+3.584400E+04
11:01:49,0e0,+1.849868E+01,+1.245000E-03,+9.910000E+37,+1.277650E+03,+3.584400E+04,+1.849564E+01,+1.245000E-03,+9.910000E+37,+1.277717E+03,+3.584400E+04,+1.848658E+01,+1.245000E-03,+9.910000E+37,+1.277783E+03,+3.584400E+04,-8.564042E-02,+0.000000E+00,+9.910000E+37,+1.277850E+03,+3.584400E+04
11:01:49,0e0,+1.885404E+01,+1.389500E-03,+9.910000E+37,+1.278075E+03,+3.584400E+04,+1.885133E+01,+1.389500E-03,+9.910000E+37,+1.278142E+03,+3.584400E+04,+1.884154E+01,+1.389500E-03,+9.910000E+37,+1.278208E+03,+3.584400E+04,-8.759841E-02,+0.000000E+00,+9.910000E+37,+1.278274E+03,+3.584400E+04
11:01:49,0e0,+1.920566E+01,+1.550500E-03,+9.910000E+37,+1.278494E+03,+3.584400E+04,+1.920345E+01,+1.550500E-03,+9.910000E+37,+1.278561E+03,+3.584400E+04,+1.919300E+01,+1.550500E-03,+9.910000E+37,+1.278627E+03,+3.584400E+04,-8.586814E-02,+0.000000E+00,+9.910000E+37,+1.278694E+03,+3.584400E+04
11:01:49,0e0,+1.953024E+01,+1.730000E-03,+9.910000E+37,+1.278918E+03,+3.584400E+04,+1.952648E+01,+1.730000E-03,+9.910000E+37,+1.278984E+03,+3.584400E+04,+1.951510E+01,+1.730000E-03,+9.910000E+37,+1.279051E+03,+3.584400E+04,-8.486643E-02,+0.000000E+00,+9.910000E+37,+1.279117E+03,+3.584400E+04
11:01:49,0e0,+1.984981E+01,+1.930500E-03,+9.910000E+37,+1.279336E+03,+3.584400E+04,+1.984330E+01,+1.930500E-03,+9.910000E+37,+1.279402E+03,+3.584400E+04,+1.983179E+01,+1.930500E-03,+9.910000E+37,+1.279469E+03,+3.584400E+04,-8.368254E-02,+0.000000E+00,+9.910000E+37,+1.279536E+03,+3.584400E+04
11:01:49,0e0,+2.014345E+01,+2.154500E-03,+9.910000E+37,+1.279757E+03,+3.584400E+04,+2.013809E+01,+2.154500E-03,+9.910000E+37,+1.279823E+03,+3.584400E+04,+2.012345E+01,+2.154500E-03,+9.910000E+37,+1.279891E+03,+3.584400E+04,-8.218013E-02,+0.000000E+00,+9.910000E+37,+1.279956E+03,+3.584400E+04
11:01:49,0e0,+2.042475E+01,+2.404000E-03,+9.910000E+37,+1.280177E+03,+3.584400E+04,+2.041656E+01,+2.404000E-03,+9.910000E+37,+1.280243E+03,+3.584400E+04,+2.040227E+01,+2.404000E-03,+9.910000E+37,+1.280311E+03,+3.584400E+04,-8.045013E-02,+0.000000E+00,+9.910000E+37,+1.280376E+03,+3.584400E+04
11:01:49,0e0,+2.069368E+01,+2.682500E-03,+9.910000E+37,+1.280597E+03,+3.584400E+04,+2.068246E+01,+2.682500E-03,+9.910000E+37,+1.280663E+03,+3.584400E+04,+2.066822E+01,+2.682500E-03,+9.910000E+37,+1.280730E+03,+3.584400E+04,-8.045018E-02,+0.000000E+00,+9.910000E+37,+1.280796E+03,+3.584400E+04
11:01:49,0e0,+2.093723E+01,+2.993500E-03,+9.910000E+37,+1.281018E+03,+3.584400E+04,+2.092612E+01,+2.993500E-03,+9.910000E+37,+1.281084E+03,+3.584400E+04,+2.091037E+01,+2.993500E-03,+9.910000E+37,+1.281149E+03,+3.584400E+04,-7.944861E-02,+0.000000E+00,+9.910000E+37,+1.281216E+03,+3.584400E+04
11:01:49,0e0,+2.117048E+01,+3.340500E-03,+9.910000E+37,+1.281442E+03,+3.584400E+04,+2.115854E+01,+3.340500E-03,+9.910000E+37,+1.281508E+03,+3.584400E+04,+2.114023E+01,+3.340500E-03,+9.910000E+37,+1.281574E+03,+3.584400E+04,-7.576078E-02,+0.000000E+00,+9.910000E+37,+1.281641E+03,+3.584400E+04
11:01:49,0e0,+2.139009E+01,+3.727500E-03,+9.910000E+37,+1.281865E+03,+3.584400E+04,+2.137914E+01,+3.727500E-03,+9.910000E+37,+1.281932E+03,+3.584400E+04,+2.136080E+01,+3.727500E-03,+9.910000E+37,+1.281998E+03,+3.584400E+04,-7.585165E-02,+0.000000E+00,+9.910000E+37,+1.282065E+03,+3.584400E+04
11:01:49,0e0,+2.159427E+01,+4.159500E-03,+9.910000E+37,+1.282291E+03,+3.584400E+04,+2.158235E+01,+4.159500E-03,+9.910000E+37,+1.282358E+03,+3.584400E+04,+2.156394E+01,+4.159500E-03,+9.910000E+37,+1.282424E+03,+3.584400E+04,-7.184514E-02,+0.000000E+00,+9.910000E+37,+1.282490E+03,+3.584400E+04
11:01:49,0e0,+2.178014E+01,+4.641500E-03,+9.910000E+37,+1.282712E+03,+3.584400E+04,+2.176824E+01,+4.641500E-03,+9.910000E+37,+1.282779E+03,+3.584400E+04,+2.174944E+01,+4.641500E-03,+9.910000E+37,+1.282845E+03,+3.584400E+04,-7.138999E-02,+0.000000E+00,+9.910000E+37,+1.282911E+03,+3.584400E+04
11:01:49,0e0,+2.195363E+01,+5.179500E-03,+9.910000E+37,+1.283132E+03,+3.584400E+04,+2.194151E+01,+5.179500E-03,+9.910000E+37,+1.283198E+03,+3.584400E+04,+2.191979E+01,+5.179500E-03,+9.910000E+37,+1.283266E+03,+3.584400E+04,-6.820270E-02,+0.000000E+00,+9.910000E+37,+1.283331E+03,+3.584400E+04
11:01:49,0e0,+2.212031E+01,+5.779500E-03,+9.910000E+37,+1.283554E+03,+3.584400E+04,+2.210712E+01,+5.779500E-03,+9.910000E+37,+1.283621E+03,+3.584400E+04,+2.208554E+01,+5.779500E-03,+9.910000E+37,+1.283688E+03,+3.584400E+04,-6.638148E-02,+0.000000E+00,+9.910000E+37,+1.283753E+03,+3.584400E+04
11:01:49,0e0,+2.228785E+01,+6.449500E-03,+9.910000E+37,+1.283977E+03,+3.584400E+04,+2.227339E+01,+6.449500E-03,+9.910000E+37,+1.284044E+03,+3.584400E+04,+2.225031E+01,+6.449500E-03,+9.910000E+37,+1.284111E+03,+3.584400E+04,-6.091806E-02,+0.000000E+00,+9.910000E+37,+1.284177E+03,+3.584400E+04
11:01:49,0e0,+2.245514E+01,+7.197000E-03,+9.910000E+37,+1.284401E+03,+3.584400E+04,+2.244038E+01,+7.197000E-03,+9.910000E+37,+1.284469E+03,+3.584400E+04,+2.241660E+01,+7.197000E-03,+9.910000E+37,+1.284534E+03,+3.584400E+04,-6.114562E-02,+0.000000E+00,+9.910000E+37,+1.284601E+03,+3.584400E+04
11:01:49,0e0,+2.262528E+01,+8.031000E-03,+9.910000E+37,+1.284822E+03,+3.584400E+04,+2.261035E+01,+8.031000E-03,+9.910000E+37,+1.284890E+03,+3.584400E+04,+2.258279E+01,+8.031000E-03,+9.910000E+37,+1.284955E+03,+3.584400E+04,-5.682047E-02,+0.000000E+00,+9.910000E+37,+1.285022E+03,+3.584400E+04
11:01:49,0e0,+2.280286E+01,+8.961500E-03,+9.910000E+37,+1.285248E+03,+3.584400E+04,+2.278255E+01,+8.961500E-03,+9.910000E+37,+1.285314E+03,+3.584400E+04,+2.275659E+01,+8.961500E-03,+9.910000E+37,+1.285381E+03,+3.584400E+04,-5.445270E-02,+0.000000E+00,+9.910000E+37,+1.285446E+03,+3.584400E+04
