11:02:52,0e0,+9.106159E-03,+1.000000E-07,+9.910000E+37,+1.302267E+03,+3.584400E+04,+7.558212E-03,+1.000000E-07,+9.910000E+37,+1.302334E+03,+3.584400E+04,+7.376134E-03,+1.000000E-07,+9.910000E+37,+1.302399E+03,+3.584400E+04,-7.329732E-03,+0.000000E+00,+9.910000E+37,+1.302467E+03,+3.584400E+04
11:02:52,0e0,+8.286223E-03,+1.116000E-07,+9.910000E+37,+1.302688E+03,+3.584400E+04,+9.197146E-03,+1.116000E-07,+9.910000E+37,+1.302755E+03,+3.584400E+04,+9.834737E-03,+1.116000E-07,+9.910000E+37,+1.302821E+03,+3.584400E+04,-7.102013E-03,+0.000000E+00,+9.910000E+37,+1.302889E+03,+3.584400E+04
11:02:52,0e0,+1.151916E-02,+1.245000E-07,+9.910000E+37,+1.303111E+03,+3.584400E+04,+1.242986E-02,+1.245000E-07,+9.910000E+37,+1.303178E+03,+3.584400E+04,+1.156482E-02,+1.245000E-07,+9.910000E+37,+1.303245E+03,+3.584400E+04,-6.237194E-03,+0.000000E+00,+9.910000E+37,+1.303311E+03,+3.584400E+04
11:02:52,0e0,+1.270252E-02,+1.389500E-07,+9.910000E+37,+1.303531E+03,+3.584400E+04,+1.425108E-02,+1.389500E-07,+9.910000E+37,+1.303597E+03,+3.584400E+04,+1.379575E-02,+1.389500E-07,+9.910000E+37,+1.303663E+03,+3.584400E+04,-7.557467E-03,+0.000000E+00,+9.910000E+37,+1.303730E+03,+3.584400E+04
11:02:52,0e0,+1.661845E-02,+1.550500E-07,+9.910000E+37,+1.303951E+03,+3.584400E+04,+1.680070E-02,+1.550500E-07,+9.910000E+37,+1.304019E+03,+3.584400E+04,+1.507014E-02,+1.550500E-07,+9.910000E+37,+1.304084E+03,+3.584400E+04,-7.512033E-03,+0.000000E+00,+9.910000E+37,+1.304150E+03,+3.584400E+04
11:02:52,0e0,+1.853117E-02,+1.730000E-07,+9.910000E+37,+1.304378E+03,+3.584400E+04,+1.930484E-02,+1.730000E-07,+9.910000E+37,+1.304444E+03,+3.584400E+04,+1.762010E-02,+1.730000E-07,+9.910000E+37,+1.304510E+03,+3.584400E+04,-8.058399E-03,+0.000000E+00,+9.910000E+37,+1.304576E+03,+3.584400E+04
11:02:52,0e0,+2.221848E-02,+1.930500E-07,+9.910000E+37,+1.304802E+03,+3.584400E+04,+2.290146E-02,+1.930500E-07,+9.910000E+37,+1.304868E+03,+3.584400E+04,+2.285610E-02,+1.930500E-07,+9.910000E+37,+1.304935E+03,+3.584400E+04,-8.331597E-03,+0.000000E+00,+9.910000E+37,+1.305001E+03,+3.584400E+04
11:02:52,0e0,+2.604297E-02,+2.154500E-07,+9.910000E+37,+1.305228E+03,+3.584400E+04,+2.563332E-02,+2.154500E-07,+9.910000E+37,+1.305295E+03,+3.584400E+04,+2.526908E-02,+2.154500E-07,+9.910000E+37,+1.305362E+03,+3.584400E+04,-7.603243E-03,+0.000000E+00,+9.910000E+37,+1.305428E+03,+3.584400E+04
11:02:52,0e0,+2.886575E-02,+2.404000E-07,+9.910000E+37,+1.305652E+03,+3.584400E+04,+2.945811E-02,+2.404000E-07,+9.910000E+37,+1.305719E+03,+3.584400E+04,+2.923024E-02,+2.404000E-07,+9.910000E+37,+1.305785E+03,+3.584400E+04,-7.557482E-03,+0.000000E+00,+9.910000E+37,+1.305852E+03,+3.584400E+04
11:02:52,0e0,+3.387403E-02,+2.682500E-07,+9.910000E+37,+1.306076E+03,+3.584400E+04,+3.323680E-02,+2.682500E-07,+9.910000E+37,+1.306145E+03,+3.584400E+04,+3.378323E-02,+2.682500E-07,+9.910000E+37,+1.306212E+03,+3.584400E+04,-7.648543E-03,+0.000000E+00,+9.910000E+37,+1.306277E+03,+3.584400E+04
11:02:52,0e0,+3.833604E-02,+2.993500E-07,+9.910000E+37,+1.306503E+03,+3.584400E+04,+3.911039E-02,+2.993500E-07,+9.910000E+37,+1.306569E+03,+3.584400E+04,+3.901893E-02,+2.993500E-07,+9.910000E+37,+1.306636E+03,+3.584400E+04,-8.696124E-03,+0.000000E+00,+9.910000E+37,+1.306702E+03,+3.584400E+04
11:02:52,0e0,+4.338980E-02,+3.340500E-07,+9.910000E+37,+1.306928E+03,+3.584400E+04,+4.370859E-02,+3.340500E-07,+9.910000E+37,+1.306994E+03,+3.584400E+04,+4.393625E-02,+3.340500E-07,+9.910000E+37,+1.307061E+03,+3.584400E+04,-9.288028E-03,+0.000000E+00,+9.910000E+37,+1.307128E+03,+3.584400E+04
11:02:52,0e0,+4.980901E-02,+3.727500E-07,+9.910000E+37,+1.307351E+03,+3.584400E+04,+4.917246E-02,+3.727500E-07,+9.910000E+37,+1.307418E+03,+3.584400E+04,+4.926345E-02,+3.727500E-07,+9.910000E+37,+1.307485E+03,+3.584400E+04,-8.058444E-03,+0.000000E+00,+9.910000E+37,+1.307552E+03,+3.584400E+04
11:02:52,0e0,+5.559149E-02,+4.159500E-07,+9.910000E+37,+1.307776E+03,+3.584400E+04,+5.504534E-02,+4.159500E-07,+9.910000E+37,+1.307843E+03,+3.584400E+04,+5.572861E-02,+4.159500E-07,+9.910000E+37,+1.307909E+03,+3.584400E+04,-7.694691E-03,+0.000000E+00,+9.910000E+37,+1.307976E+03,+3.584400E+04
11:02:52,0e0,+6.228465E-02,+4.641500E-07,+9.910000E+37,+1.308200E+03,+3.584400E+04,+6.246665E-02,+4.641500E-07,+9.910000E+37,+1.308267E+03,+3.584400E+04,+6.214803E-02,+4.641500E-07,+9.910000E+37,+1.308333E+03,+3.584400E+04,-7.512167E-03,+0.000000E+00,+9.910000E+37,+1.308399E+03,+3.584400E+04
11:02:52,0e0,+6.970561E-02,+5.179500E-07,+9.910000E+37,+1.308625E+03,+3.584400E+04,+7.189125E-02,+5.179500E-07,+9.910000E+37,+1.308691E+03,+3.584400E+04,+6.984234E-02,+5.179500E-07,+9.910000E+37,+1.308758E+03,+3.584400E+04,-7.330045E-03,+0.000000E+00,+9.910000E+37,+1.308825E+03,+3.584400E+04
11:02:52,0e0,+7.876614E-02,+5.779500E-07,+9.910000E+37,+1.309048E+03,+3.584400E+04,+7.862967E-02,+5.779500E-07,+9.910000E+37,+1.309114E+03,+3.584400E+04,+7.908490E-02,+5.779500E-07,+9.910000E+37,+1.309181E+03,+3.584400E+04,-7.466421E-03,+0.000000E+00,+9.910000E+37,+1.309247E+03,+3.584400E+04
11:02:52,0e0,+8.882830E-02,+6.449500E-07,+9.910000E+37,+1.309472E+03,+3.584400E+04,+8.901015E-02,+6.449500E-07,+9.910000E+37,+1.309538E+03,+3.584400E+04,+8.860102E-02,+6.449500E-07,+9.910000E+37,+1.309604E+03,+3.584400E+04,-7.011443E-03,+0.000000E+00,+9.910000E+37,+1.309671E+03,+3.584400E+04
11:02:52,0e0,+9.820741E-02,+7.197000E-07,+9.910000E+37,+1.309896E+03,+3.584400E+04,+1.004379E-01,+7.197000E-07,+9.910000E+37,+1.309963E+03,+3.584400E+04,+9.916377E-02,+7.197000E-07,+9.910000E+37,+1.310029E+03,+3.584400E+04,-7.375032E-03,+0.000000E+00,+9.910000E+37,+1.310096E+03,+3.584400E+04
11:02:52,0e0,+1.111832E-01,+8.031000E-07,+9.910000E+37,+1.310319E+03,+3.584400E+04,+1.104994E-01,+8.031000E-07,+9.910000E+37,+1.310387E+03,+3.584400E+04,+1.108191E-01,+8.031000E-07,+9.910000E+37,+1.310453E+03,+3.584400E+04,-7.785559E-03,+0.000000E+00,+9.910000E+37,+1.310520E+03,+3.584400E+04
11:02:52,0e0,+1.234306E-01,+8.961500E-07,+9.910000E+37,+1.310744E+03,+3.584400E+04,+1.235214E-01,+8.961500E-07,+9.910000E+37,+1.310812E+03,+3.584400E+04,+1.232031E-01,+8.961500E-07,+9.910000E+37,+1.310877E+03,+3.584400E+04,-6.965414E-03,+0.000000E+00,+9.910000E+37,+1.310943E+03,+3.584400E+04
11:02:52,0e0,+1.372715E-01,+1.000000E-06,+9.910000E+37,+1.311164E+03,+3.584400E+04,+1.359961E-01,+1.000000E-06,+9.910000E+37,+1.311230E+03,+3.584400E+04,+1.371807E-01,+1.000000E-06,+9.910000E+37,+1.311297E+03,+3.584400E+04,-6.965756E-03,+0.000000E+00,+9.910000E+37,+1.311363E+03,+3.584400E+04
11:02:52,0e0,+1.398214E-01,+1.116000E-06,+9.910000E+37,+1.311588E+03,+3.584400E+04,+1.391381E-01,+1.116000E-06,+9.910000E+37,+1.311654E+03,+3.584400E+04,+1.394109E-01,+1.116000E-06,+9.910000E+37,+1.311721E+03,+3.584400E+04,-7.648826E-03,+0.000000E+00,+9.910000E+37,+1.311788E+03,+3.584400E+04
11:02:52,0e0,+1.555291E-01,+1.245000E-06,+9.910000E+37,+1.312014E+03,+3.584400E+04,+1.548464E-01,+1.245000E-06,+9.910000E+37,+1.312080E+03,+3.584400E+04,+1.560753E-01,+1.245000E-06,+9.910000E+37,+1.312147E+03,+3.584400E+04,-6.647274E-03,+0.000000E+00,+9.910000E+37,+1.312213E+03,+3.584400E+04
11:02:52,0e0,+1.719197E-01,+1.389500E-06,+9.910000E+37,+1.312438E+03,+3.584400E+04,+1.712823E-01,+1.389500E-06,+9.910000E+37,+1.312504E+03,+3.584400E+04,+1.721923E-01,+1.389500E-06,+9.910000E+37,+1.312571E+03,+3.584400E+04,-6.738171E-03,+0.000000E+00,+9.910000E+37,+1.312639E+03,+3.584400E+04
11:02:52,0e0,+1.906776E-01,+1.550500E-06,+9.910000E+37,+1.312858E+03,+3.584400E+04,+1.909051E-01,+1.550500E-06,+9.910000E+37,+1.312925E+03,+3.584400E+04,+1.899037E-01,+1.550500E-06,+9.910000E+37,+1.312991E+03,+3.584400E+04,-8.194670E-03,+0.000000E+00,+9.910000E+37,+1.313059E+03,+3.584400E+04
11:02:52,0e0,+2.103005E-01,+1.730000E-06,+9.910000E+37,+1.313283E+03,+3.584400E+04,+2.101192E-01,+1.730000E-06,+9.910000E+37,+1.313350E+03,+3.584400E+04,+2.107106E-01,+1.730000E-06,+9.910000E+37,+1.313416E+03,+3.584400E+04,-7.238880E-03,+0.000000E+00,+9.910000E+37,+1.313483E+03,+3.584400E+04
11:02:52,0e0,+2.318362E-01,+1.930500E-06,+9.910000E+37,+1.313705E+03,+3.584400E+04,+2.311530E-01,+1.930500E-06,+9.910000E+37,+1.313772E+03,+3.584400E+04,+2.327017E-01,+1.930500E-06,+9.910000E+37,+1.313840E+03,+3.584400E+04,-8.513674E-03,+0.000000E+00,+9.910000E+37,+1.313907E+03,+3.584400E+04
11:02:52,0e0,+2.563312E-01,+2.154500E-06,+9.910000E+37,+1.314134E+03,+3.584400E+04,+2.556028E-01,+2.154500E-06,+9.910000E+37,+1.314201E+03,+3.584400E+04,+2.561033E-01,+2.154500E-06,+9.910000E+37,+1.314267E+03,+3.584400E+04,-6.692261E-03,+0.000000E+00,+9.910000E+37,+1.314333E+03,+3.584400E+04
11:02:52,0e0,+2.813721E-01,+2.404000E-06,+9.910000E+37,+1.314557E+03,+3.584400E+04,+2.822379E-01,+2.404000E-06,+9.910000E+37,+1.314622E+03,+3.584400E+04,+2.826923E-01,+2.404000E-06,+9.910000E+37,+1.314688E+03,+3.584400E+04,-7.238954E-03,+0.000000E+00,+9.910000E+37,+1.314756E+03,+3.584400E+04
11:02:52,0e0,+3.112400E-01,+2.682500E-06,+9.910000E+37,+1.314981E+03,+3.584400E+04,+3.104188E-01,+2.682500E-06,+9.910000E+37,+1.315049E+03,+3.584400E+04,+3.112849E-01,+2.682500E-06,+9.910000E+37,+1.315114E+03,+3.584400E+04,-7.193521E-03,+0.000000E+00,+9.910000E+37,+1.315181E+03,+3.584400E+04
11:02:52,0e0,+3.418363E-01,+2.993500E-06,+9.910000E+37,+1.315402E+03,+3.584400E+04,+3.424274E-01,+2.993500E-06,+9.910000E+37,+1.315469E+03,+3.584400E+04,+3.420169E-01,+2.993500E-06,+9.910000E+37,+1.315536E+03,+3.584400E+04,-7.239044E-03,+0.000000E+00,+9.910000E+37,+1.315604E+03,+3.584400E+04
11:02:52,0e0,+3.783954E-01,+3.340500E-06,+9.910000E+37,+1.315829E+03,+3.584400E+04,+3.769382E-01,+3.340500E-06,+9.910000E+37,+1.315896E+03,+3.584400E+04,+3.770295E-01,+3.340500E-06,+9.910000E+37,+1.315962E+03,+3.584400E+04,-6.738126E-03,+0.000000E+00,+9.910000E+37,+1.316028E+03,+3.584400E+04
11:02:52,0e0,+4.144542E-01,+3.727500E-06,+9.910000E+37,+1.316252E+03,+3.584400E+04,+4.151375E-01,+3.727500E-06,+9.910000E+37,+1.316318E+03,+3.584400E+04,+4.149551E-01,+3.727500E-06,+9.910000E+37,+1.316385E+03,+3.584400E+04,-7.193699E-03,+0.000000E+00,+9.910000E+37,+1.316452E+03,+3.584400E+04
11:02:52,0e0,+4.553390E-01,+4.159500E-06,+9.910000E+37,+1.316675E+03,+3.584400E+04,+4.557039E-01,+4.159500E-06,+9.910000E+37,+1.316741E+03,+3.584400E+04,+4.561130E-01,+4.159500E-06,+9.910000E+37,+1.316809E+03,+3.584400E+04,-5.645260E-03,+0.000000E+00,+9.910000E+37,+1.316874E+03,+3.584400E+04
11:02:52,0e0,+5.026917E-01,+4.641500E-06,+9.910000E+37,+1.317099E+03,+3.584400E+04,+5.017806E-01,+4.641500E-06,+9.910000E+37,+1.317164E+03,+3.584400E+04,+5.032368E-01,+4.641500E-06,+9.910000E+37,+1.317231E+03,+3.584400E+04,-6.965980E-03,+0.000000E+00,+9.910000E+37,+1.317297E+03,+3.584400E+04
11:02:52,0e0,+5.518625E-01,+5.179500E-06,+9.910000E+37,+1.317520E+03,+3.584400E+04,+5.538662E-01,+5.179500E-06,+9.910000E+37,+1.317586E+03,+3.584400E+04,+5.524997E-01,+5.179500E-06,+9.910000E+37,+1.317653E+03,+3.584400E+04,-7.557556E-03,+0.000000E+00,+9.910000E+37,+1.317719E+03,+3.584400E+04
11:02:52,0e0,+6.076356E-01,+5.779500E-06,+9.910000E+37,+1.317942E+03,+3.584400E+04,+6.085469E-01,+5.779500E-06,+9.910000E+37,+1.318010E+03,+3.584400E+04,+6.071813E-01,+5.779500E-06,+9.910000E+37,+1.318075E+03,+3.584400E+04,-5.873144E-03,+0.000000E+00,+9.910000E+37,+1.318142E+03,+3.584400E+04
11:02:52,0e0,+6.699663E-01,+6.449500E-06,+9.910000E+37,+1.318368E+03,+3.584400E+04,+6.709669E-01,+6.449500E-06,+9.910000E+37,+1.318434E+03,+3.584400E+04,+6.693300E-01,+6.449500E-06,+9.910000E+37,+1.318500E+03,+3.584400E+04,-6.920576E-03,+0.000000E+00,+9.910000E+37,+1.318567E+03,+3.584400E+04
11:02:52,0e0,+7.361195E-01,+7.197000E-06,+9.910000E+37,+1.318792E+03,+3.584400E+04,+7.370297E-01,+7.197000E-06,+9.910000E+37,+1.318858E+03,+3.584400E+04,+7.372121E-01,+7.197000E-06,+9.910000E+37,+1.318925E+03,+3.584400E+04,-6.738141E-03,+0.000000E+00,+9.910000E+37,+1.318992E+03,+3.584400E+04
11:02:52,0e0,+8.112441E-01,+8.031000E-06,+9.910000E+37,+1.319219E+03,+3.584400E+04,+8.087837E-01,+8.031000E-06,+9.910000E+37,+1.319286E+03,+3.584400E+04,+8.098772E-01,+8.031000E-06,+9.910000E+37,+1.319354E+03,+3.584400E+04,-6.191641E-03,+0.000000E+00,+9.910000E+37,+1.319419E+03,+3.584400E+04
11:02:52,0e0,+8.902376E-01,+8.961500E-06,+9.910000E+37,+1.319643E+03,+3.584400E+04,+8.897784E-01,+8.961500E-06,+9.910000E+37,+1.319709E+03,+3.584400E+04,+8.897377E-01,+8.961500E-06,+9.910000E+37,+1.319775E+03,+3.584400E+04,-6.237492E-03,+0.000000E+00,+9.910000E+37,+1.319842E+03,+3.584400E+04
11:02:52,0e0,+9.776090E-01,+1.000000E-05,+9.910000E+37,+1.320064E+03,+3.584400E+04,+9.774255E-01,+1.000000E-05,+9.910000E+37,+1.320131E+03,+3.584400E+04,+9.778357E-01,+1.000000E-05,+9.910000E+37,+1.320197E+03,+3.584400E+04,-7.193878E-03,+0.000000E+00,+9.910000E+37,+1.320264E+03,+3.584400E+04
11:02:52,0e0,+1.062065E+00,+1.116000E-05,+9.910000E+37,+1.320482E+03,+3.584400E+04,+1.062339E+00,+1.116000E-05,+9.910000E+37,+1.320548E+03,+3.584400E+04,+1.062475E+00,+1.116000E-05,+9.910000E+37,+1.320614E+03,+3.584400E+04,-8.058578E-03,+0.000000E+00,+9.910000E+37,+1.320682E+03,+3.584400E+04
11:02:52,0e0,+1.163957E+00,+1.245000E-05,+9.910000E+37,+1.320896E+03,+3.584400E+04,+1.166189E+00,+1.245000E-05,+9.910000E+37,+1.320962E+03,+3.584400E+04,+1.166235E+00,+1.245000E-05,+9.910000E+37,+1.321029E+03,+3.584400E+04,-8.059025E-03,+0.000000E+00,+9.910000E+37,+1.321100E+03,+3.584400E+04
11:02:52,0e0,+1.279605E+00,+1.389500E-05,+9.910000E+37,+1.321321E+03,+3.584400E+04,+1.279878E+00,+1.389500E-05,+9.910000E+37,+1.321389E+03,+3.584400E+04,+1.279790E+00,+1.389500E-05,+9.910000E+37,+1.321454E+03,+3.584400E+04,-8.195147E-03,+0.000000E+00,+9.910000E+37,+1.321523E+03,+3.584400E+04
11:02:52,0e0,+1.398889E+00,+1.550500E-05,+9.910000E+37,+1.321741E+03,+3.584400E+04,+1.400851E+00,+1.550500E-05,+9.910000E+37,+1.321808E+03,+3.584400E+04,+1.400896E+00,+1.550500E-05,+9.910000E+37,+1.321874E+03,+3.584400E+04,-8.331761E-03,+0.000000E+00,+9.910000E+37,+1.321944E+03,+3.584400E+04
11:02:52,0e0,+1.530201E+00,+1.730000E-05,+9.910000E+37,+1.322165E+03,+3.584400E+04,+1.530789E+00,+1.730000E-05,+9.910000E+37,+1.322231E+03,+3.584400E+04,+1.530516E+00,+1.730000E-05,+9.910000E+37,+1.322298E+03,+3.584400E+04,-8.787528E-03,+0.000000E+00,+9.910000E+37,+1.322368E+03,+3.584400E+04
11:02:52,0e0,+1.668336E+00,+1.930500E-05,+9.910000E+37,+1.322585E+03,+3.584400E+04,+1.668793E+00,+1.930500E-05,+9.910000E+37,+1.322652E+03,+3.584400E+04,+1.668837E+00,+1.930500E-05,+9.910000E+37,+1.322724E+03,+3.584400E+04,-7.694468E-03,+0.000000E+00,+9.910000E+37,+1.322795E+03,+3.584400E+04
11:02:52,0e0,+1.814030E+00,+2.154500E-05,+9.910000E+37,+1.323016E+03,+3.584400E+04,+1.816487E+00,+2.154500E-05,+9.910000E+37,+1.323082E+03,+3.584400E+04,+1.815991E+00,+2.154500E-05,+9.910000E+37,+1.323148E+03,+3.584400E+04,-7.375568E-03,+0.000000E+00,+9.910000E+37,+1.323218E+03,+3.584400E+04
11:02:52,0e0,+1.966461E+00,+2.404000E-05,+9.910000E+37,+1.323430E+03,+3.584400E+04,+1.969467E+00,+2.404000E-05,+9.910000E+37,+1.323497E+03,+3.584400E+04,+1.968697E+00,+2.404000E-05,+9.910000E+37,+1.323563E+03,+3.584400E+04,-8.878276E-03,+0.000000E+00,+9.910000E+37,+1.323629E+03,+3.584400E+04
11:02:52,0e0,+2.125450E+00,+2.682500E-05,+9.910000E+37,+1.323841E+03,+3.584400E+04,+2.128000E+00,+2.682500E-05,+9.910000E+37,+1.323908E+03,+3.584400E+04,+2.129317E+00,+2.682500E-05,+9.910000E+37,+1.323974E+03,+3.584400E+04,-8.422941E-03,+0.000000E+00,+9.910000E+37,+1.324040E+03,+3.584400E+04
11:02:52,0e0,+2.291676E+00,+2.993500E-05,+9.910000E+37,+1.324257E+03,+3.584400E+04,+2.294410E+00,+2.993500E-05,+9.910000E+37,+1.324324E+03,+3.584400E+04,+2.294366E+00,+2.993500E-05,+9.910000E+37,+1.324391E+03,+3.584400E+04,-8.468837E-03,+0.000000E+00,+9.910000E+37,+1.324457E+03,+3.584400E+04
11:02:52,0e0,+2.462227E+00,+3.340500E-05,+9.910000E+37,+1.324674E+03,+3.584400E+04,+2.464414E+00,+3.340500E-05,+9.910000E+37,+1.324739E+03,+3.584400E+04,+2.466328E+00,+3.340500E-05,+9.910000E+37,+1.324807E+03,+3.584400E+04,-7.466555E-03,+0.000000E+00,+9.910000E+37,+1.324872E+03,+3.584400E+04
11:02:52,0e0,+2.640068E+00,+3.727500E-05,+9.910000E+37,+1.325089E+03,+3.584400E+04,+2.642481E+00,+3.727500E-05,+9.910000E+37,+1.325156E+03,+3.584400E+04,+2.642760E+00,+3.727500E-05,+9.910000E+37,+1.325222E+03,+3.584400E+04,-6.510705E-03,+0.000000E+00,+9.910000E+37,+1.325288E+03,+3.584400E+04
11:02:52,0e0,+2.820183E+00,+4.159500E-05,+9.910000E+37,+1.325499E+03,+3.584400E+04,+2.823420E+00,+4.159500E-05,+9.910000E+37,+1.325564E+03,+3.584400E+04,+2.823409E+00,+4.159500E-05,+9.910000E+37,+1.325631E+03,+3.584400E+04,-7.830620E-03,+0.000000E+00,+9.910000E+37,+1.325698E+03,+3.584400E+04
11:02:52,0e0,+3.006584E+00,+4.641500E-05,+9.910000E+37,+1.325914E+03,+3.584400E+04,+3.008587E+00,+4.641500E-05,+9.910000E+37,+1.325981E+03,+3.584400E+04,+3.009630E+00,+4.641500E-05,+9.910000E+37,+1.326047E+03,+3.584400E+04,-6.738424E-03,+0.000000E+00,+9.910000E+37,+1.326113E+03,+3.584400E+04
11:02:52,0e0,+3.196260E+00,+5.179500E-05,+9.910000E+37,+1.326329E+03,+3.584400E+04,+3.199310E+00,+5.179500E-05,+9.910000E+37,+1.326395E+03,+3.584400E+04,+3.199713E+00,+5.179500E-05,+9.910000E+37,+1.326462E+03,+3.584400E+04,-8.514151E-03,+0.000000E+00,+9.910000E+37,+1.326528E+03,+3.584400E+04
11:02:52,0e0,+3.392033E+00,+5.779500E-05,+9.910000E+37,+1.326745E+03,+3.584400E+04,+3.394854E+00,+5.779500E-05,+9.910000E+37,+1.326812E+03,+3.584400E+04,+3.396674E+00,+5.779500E-05,+9.910000E+37,+1.326878E+03,+3.584400E+04,-7.739663E-03,+0.000000E+00,+9.910000E+37,+1.326944E+03,+3.584400E+04
11:02:52,0e0,+3.591455E+00,+6.449500E-05,+9.910000E+37,+1.327159E+03,+3.584400E+04,+3.594955E+00,+6.449500E-05,+9.910000E+37,+1.327226E+03,+3.584400E+04,+3.594722E+00,+6.449500E-05,+9.910000E+37,+1.327292E+03,+3.584400E+04,-8.013442E-03,+0.000000E+00,+9.910000E+37,+1.327363E+03,+3.584400E+04
11:02:52,0e0,+3.795656E+00,+7.197000E-05,+9.910000E+37,+1.327584E+03,+3.584400E+04,+3.800664E+00,+7.197000E-05,+9.910000E+37,+1.327650E+03,+3.584400E+04,+3.800654E+00,+7.197000E-05,+9.910000E+37,+1.327717E+03,+3.584400E+04,-7.284641E-03,+0.000000E+00,+9.910000E+37,+1.327786E+03,+3.584400E+04
11:02:52,0e0,+4.005490E+00,+8.031000E-05,+9.910000E+37,+1.328005E+03,+3.584400E+04,+4.010539E+00,+8.031000E-05,+9.910000E+37,+1.328072E+03,+3.584400E+04,+4.011778E+00,+8.031000E-05,+9.910000E+37,+1.328138E+03,+3.584400E+04,-7.694438E-03,+0.000000E+00,+9.910000E+37,+1.328208E+03,+3.584400E+04
11:02:52,0e0,+4.221030E+00,+8.961500E-05,+9.910000E+37,+1.328431E+03,+3.584400E+04,+4.225543E+00,+8.961500E-05,+9.910000E+37,+1.328496E+03,+3.584400E+04,+4.227680E+00,+8.961500E-05,+9.910000E+37,+1.328563E+03,+3.584400E+04,-7.694408E-03,+0.000000E+00,+9.910000E+37,+1.328633E+03,+3.584400E+04
11:02:52,0e0,+4.439974E+00,+1.000000E-04,+9.910000E+37,+1.328843E+03,+3.584400E+04,+4.445533E+00,+1.000000E-04,+9.910000E+37,+1.328915E+03,+3.584400E+04,+4.447863E+00,+1.000000E-04,+9.910000E+37,+1.328981E+03,+3.584400E+04,-7.421359E-03,+0.000000E+00,+9.910000E+37,+1.329049E+03,+3.584400E+04
11:02:52,0e0,+4.656110E+00,+1.116000E-04,+9.910000E+37,+1.329265E+03,+3.584400E+04,+4.659941E+00,+1.116000E-04,+9.910000E+37,+1.329331E+03,+3.584400E+04,+4.660709E+00,+1.116000E-04,+9.910000E+37,+1.329398E+03,+3.584400E+04,-1.324917E-02,+0.000000E+00,+9.910000E+37,+1.329464E+03,+3.584400E+04
11:02:52,0e0,+4.882577E+00,+1.245000E-04,+9.910000E+37,+1.329689E+03,+3.584400E+04,+4.886535E+00,+1.245000E-04,+9.910000E+37,+1.329756E+03,+3.584400E+04,+4.887942E+00,+1.245000E-04,+9.910000E+37,+1.329822E+03,+3.584400E+04,-1.288474E-02,+0.000000E+00,+9.910000E+37,+1.329890E+03,+3.584400E+04
11:02:52,0e0,+5.114957E+00,+1.389500E-04,+9.910000E+37,+1.330114E+03,+3.584400E+04,+5.120100E+00,+1.389500E-04,+9.910000E+37,+1.330182E+03,+3.584400E+04,+5.120284E+00,+1.389500E-04,+9.910000E+37,+1.330247E+03,+3.584400E+04,-1.370414E-02,+0.000000E+00,+9.910000E+37,+1.330313E+03,+3.584400E+04
11:02:52,0e0,+5.348603E+00,+1.550500E-04,+9.910000E+37,+1.330536E+03,+3.584400E+04,+5.355130E+00,+1.550500E-04,+9.910000E+37,+1.330602E+03,+3.584400E+04,+5.355715E+00,+1.550500E-04,+9.910000E+37,+1.330669E+03,+3.584400E+04,-1.315796E-02,+0.000000E+00,+9.910000E+37,+1.330735E+03,+3.584400E+04
11:02:52,0e0,+5.586865E+00,+1.730000E-04,+9.910000E+37,+1.330955E+03,+3.584400E+04,+5.592021E+00,+1.730000E-04,+9.910000E+37,+1.331022E+03,+3.584400E+04,+5.592790E+00,+1.730000E-04,+9.910000E+37,+1.331089E+03,+3.584400E+04,-1.516160E-02,+0.000000E+00,+9.910000E+37,+1.331155E+03,+3.584400E+04
11:02:52,0e0,+5.825176E+00,+1.930500E-04,+9.910000E+37,+1.331375E+03,+3.584400E+04,+5.831860E+00,+1.930500E-04,+9.910000E+37,+1.331441E+03,+3.584400E+04,+5.832328E+00,+1.930500E-04,+9.910000E+37,+1.331508E+03,+3.584400E+04,-1.388657E-02,+0.000000E+00,+9.910000E+37,+1.331575E+03,+3.584400E+04
11:02:52,0e0,+6.066532E+00,+2.154500E-04,+9.910000E+37,+1.331798E+03,+3.584400E+04,+6.069747E+00,+2.154500E-04,+9.910000E+37,+1.331863E+03,+3.584400E+04,+6.070705E+00,+2.154500E-04,+9.910000E+37,+1.331931E+03,+3.584400E+04,-1.397762E-02,+0.000000E+00,+9.910000E+37,+1.331997E+03,+3.584400E+04
11:02:52,0e0,+6.301365E+00,+2.404000E-04,+9.910000E+37,+1.332218E+03,+3.584400E+04,+6.305718E+00,+2.404000E-04,+9.910000E+37,+1.332285E+03,+3.584400E+04,+6.307414E+00,+2.404000E-04,+9.910000E+37,+1.332351E+03,+3.584400E+04,-1.402289E-02,+0.000000E+00,+9.910000E+37,+1.332417E+03,+3.584400E+04
11:02:52,0e0,+6.532649E+00,+2.682500E-04,+9.910000E+37,+1.332637E+03,+3.584400E+04,+6.537560E+00,+2.682500E-04,+9.910000E+37,+1.332702E+03,+3.584400E+04,+6.538791E+00,+2.682500E-04,+9.910000E+37,+1.332770E+03,+3.584400E+04,-1.443268E-02,+0.000000E+00,+9.910000E+37,+1.332837E+03,+3.584400E+04
11:02:52,0e0,+6.753592E+00,+2.993500E-04,+9.910000E+37,+1.333063E+03,+3.584400E+04,+6.758837E+00,+2.993500E-04,+9.910000E+37,+1.333129E+03,+3.584400E+04,+6.760352E+00,+2.993500E-04,+9.910000E+37,+1.333194E+03,+3.584400E+04,-1.379536E-02,+0.000000E+00,+9.910000E+37,+1.333261E+03,+3.584400E+04
11:02:52,0e0,+6.961900E+00,+3.340500E-04,+9.910000E+37,+1.333488E+03,+3.584400E+04,+6.965641E+00,+3.340500E-04,+9.910000E+37,+1.333555E+03,+3.584400E+04,+6.965406E+00,+3.340500E-04,+9.910000E+37,+1.333621E+03,+3.584400E+04,-1.297580E-02,+0.000000E+00,+9.910000E+37,+1.333688E+03,+3.584400E+04
11:02:52,0e0,+7.149538E+00,+3.727500E-04,+9.910000E+37,+1.333915E+03,+3.584400E+04,+7.153092E+00,+3.727500E-04,+9.910000E+37,+1.333982E+03,+3.584400E+04,+7.151711E+00,+3.727500E-04,+9.910000E+37,+1.334050E+03,+3.584400E+04,-1.288487E-02,+0.000000E+00,+9.910000E+37,+1.334115E+03,+3.584400E+04
11:02:52,0e0,+7.317299E+00,+4.159500E-04,+9.910000E+37,+1.334341E+03,+3.584400E+04,+7.320727E+00,+4.159500E-04,+9.910000E+37,+1.334406E+03,+3.584400E+04,+7.319818E+00,+4.159500E-04,+9.910000E+37,+1.334474E+03,+3.584400E+04,-1.388650E-02,+0.000000E+00,+9.910000E+37,+1.334539E+03,+3.584400E+04
11:02:52,0e0,+7.471324E+00,+4.641500E-04,+9.910000E+37,+1.334761E+03,+3.584400E+04,+7.473876E+00,+4.641500E-04,+9.910000E+37,+1.334828E+03,+3.584400E+04,+7.473238E+00,+4.641500E-04,+9.910000E+37,+1.334894E+03,+3.584400E+04,-1.393224E-02,+0.000000E+00,+9.910000E+37,+1.334960E+03,+3.584400E+04
11:02:52,0e0,+7.615888E+00,+5.179500E-04,+9.910000E+37,+1.335183E+03,+3.584400E+04,+7.618385E+00,+5.179500E-04,+9.910000E+37,+1.335248E+03,+3.584400E+04,+7.618199E+00,+5.179500E-04,+9.910000E+37,+1.335314E+03,+3.584400E+04,-1.420519E-02,+0.000000E+00,+9.910000E+37,+1.335381E+03,+3.584400E+04
11:02:52,0e0,+7.754879E+00,+5.779500E-04,+9.910000E+37,+1.335603E+03,+3.584400E+04,+7.757524E+00,+5.779500E-04,+9.910000E+37,+1.335669E+03,+3.584400E+04,+7.755987E+00,+5.779500E-04,+9.910000E+37,+1.335736E+03,+3.584400E+04,-1.402298E-02,+0.000000E+00,+9.910000E+37,+1.335802E+03,+3.584400E+04
11:02:52,0e0,+7.888938E+00,+6.449500E-04,+9.910000E+37,+1.336028E+03,+3.584400E+04,+7.890395E+00,+6.449500E-04,+9.910000E+37,+1.336094E+03,+3.584400E+04,+7.889692E+00,+6.449500E-04,+9.910000E+37,+1.336161E+03,+3.584400E+04,-1.302148E-02,+0.000000E+00,+9.910000E+37,+1.336227E+03,+3.584400E+04
11:02:52,0e0,+8.015210E+00,+7.197000E-04,+9.910000E+37,+1.336454E+03,+3.584400E+04,+8.020426E+00,+7.197000E-04,+9.910000E+37,+1.336520E+03,+3.584400E+04,+8.018592E+00,+7.197000E-04,+9.910000E+37,+1.336587E+03,+3.584400E+04,-1.384132E-02,+0.000000E+00,+9.910000E+37,+1.336653E+03,+3.584400E+04
11:02:52,0e0,+8.141381E+00,+8.031000E-04,+9.910000E+37,+1.336879E+03,+3.584400E+04,+8.145802E+00,+8.031000E-04,+9.910000E+37,+1.336946E+03,+3.584400E+04,+8.145158E+00,+8.031000E-04,+9.910000E+37,+1.337012E+03,+3.584400E+04,-1.311249E-02,+0.000000E+00,+9.910000E+37,+1.337078E+03,+3.584400E+04
11:02:52,0e0,+8.265413E+00,+8.961500E-04,+9.910000E+37,+1.337305E+03,+3.584400E+04,+8.268282E+00,+8.961500E-04,+9.910000E+37,+1.337371E+03,+3.584400E+04,+8.267864E+00,+8.961500E-04,+9.910000E+37,+1.337438E+03,+3.584400E+04,-1.306689E-02,+0.000000E+00,+9.910000E+37,+1.337504E+03,+3.584400E+04
11:02:52,0e0,+8.386596E+00,+1.000000E-03,+9.910000E+37,+1.337726E+03,+3.584400E+04,+8.390882E+00,+1.000000E-03,+9.910000E+37,+1.337793E+03,+3.584400E+04,+8.389229E+00,+1.000000E-03,+9.910000E+37,+1.337858E+03,+3.584400E+04,-1.252051E-02,+0.000000E+00,+9.910000E+37,+1.337926E+03,+3.584400E+04
11:02:52,0e0,+8.493698E+00,+1.116000E-03,+9.910000E+37,+1.338147E+03,+3.584400E+04,+8.499062E+00,+1.116000E-03,+9.910000E+37,+1.338214E+03,+3.584400E+04,+8.497803E+00,+1.116000E-03,+9.910000E+37,+1.338279E+03,+3.584400E+04,-1.160089E-01,+0.000000E+00,+9.910000E+37,+1.338346E+03,+3.584400E+04
11:02:52,0e0,+8.616572E+00,+1.245000E-03,+9.910000E+37,+1.338568E+03,+3.584400E+04,+8.621587E+00,+1.245000E-03,+9.910000E+37,+1.338636E+03,+3.584400E+04,+8.620173E+00,+1.245000E-03,+9.910000E+37,+1.338703E+03,+3.584400E+04,-1.131862E-01,+0.000000E+00,+9.910000E+37,+1.338770E+03,+3.584400E+04
11:02:52,0e0,+8.740786E+00,+1.389500E-03,+9.910000E+37,+1.338994E+03,+3.584400E+04,+8.745921E+00,+1.389500E-03,+9.910000E+37,+1.339061E+03,+3.584400E+04,+8.744179E+00,+1.389500E-03,+9.910000E+37,+1.339127E+03,+3.584400E+04,-1.181035E-01,+0.000000E+00,+9.910000E+37,+1.339193E+03,+3.584400E+04
11:02:52,0e0,+8.865951E+00,+1.550500E-03,+9.910000E+37,+1.339420E+03,+3.584400E+04,+8.868759E+00,+1.550500E-03,+9.910000E+37,+1.339486E+03,+3.584400E+04,+8.868628E+00,+1.550500E-03,+9.910000E+37,+1.339553E+03,+3.584400E+04,-1.124576E-01,+0.000000E+00,+9.910000E+37,+1.339620E+03,+3.584400E+04
11:02:52,0e0,+8.987996E+00,+1.730000E-03,+9.910000E+37,+1.339844E+03,+3.584400E+04,+8.991039E+00,+1.730000E-03,+9.910000E+37,+1.339910E+03,+3.584400E+04,+8.989816E+00,+1.730000E-03,+9.910000E+37,+1.339977E+03,+3.584400E+04,-1.104544E-01,+0.000000E+00,+9.910000E+37,+1.340043E+03,+3.584400E+04
11:02:52,0e0,+9.116089E+00,+1.930500E-03,+9.910000E+37,+1.340269E+03,+3.584400E+04,+9.118304E+00,+1.930500E-03,+9.910000E+37,+1.340336E+03,+3.584400E+04,+9.118128E+00,+1.930500E-03,+9.910000E+37,+1.340402E+03,+3.584400E+04,-1.150984E-01,+0.000000E+00,+9.910000E+37,+1.340470E+03,+3.584400E+04
11:02:52,0e0,+9.248487E+00,+2.154500E-03,+9.910000E+37,+1.340694E+03,+3.584400E+04,+9.252069E+00,+2.154500E-03,+9.910000E+37,+1.340761E+03,+3.584400E+04,+9.249718E+00,+2.154500E-03,+9.910000E+37,+1.340827E+03,+3.584400E+04,-1.092706E-01,+0.000000E+00,+9.910000E+37,+1.340894E+03,+3.584400E+04
11:02:52,0e0,+9.385749E+00,+2.404000E-03,+9.910000E+37,+1.341116E+03,+3.584400E+04,+9.390438E+00,+2.404000E-03,+9.910000E+37,+1.341183E+03,+3.584400E+04,+9.386490E+00,+2.404000E-03,+9.910000E+37,+1.341249E+03,+3.584400E+04,-1.108641E-01,+0.000000E+00,+9.910000E+37,+1.341315E+03,+3.584400E+04
11:02:52,0e0,+9.531481E+00,+2.682500E-03,+9.910000E+37,+1.341538E+03,+3.584400E+04,+9.532756E+00,+2.682500E-03,+9.910000E+37,+1.341604E+03,+3.584400E+04,+9.530668E+00,+2.682500E-03,+9.910000E+37,+1.341670E+03,+3.584400E+04,-1.099082E-01,+0.000000E+00,+9.910000E+37,+1.341736E+03,+3.584400E+04
11:02:52,0e0,+9.680959E+00,+2.993500E-03,+9.910000E+37,+1.341958E+03,+3.584400E+04,+9.683915E+00,+2.993500E-03,+9.910000E+37,+1.342024E+03,+3.584400E+04,+9.680381E+00,+2.993500E-03,+9.910000E+37,+1.342091E+03,+3.584400E+04,-1.050364E-01,+0.000000E+00,+9.910000E+37,+1.342156E+03,+3.584400E+04
11:02:52,0e0,+9.836991E+00,+3.340500E-03,+9.910000E+37,+1.342382E+03,+3.584400E+04,+9.836987E+00,+3.340500E-03,+9.910000E+37,+1.342447E+03,+3.584400E+04,+9.834929E+00,+3.340500E-03,+9.910000E+37,+1.342515E+03,+3.584400E+04,-1.043534E-01,+0.000000E+00,+9.910000E+37,+1.342580E+03,+3.584400E+04
11:02:52,0e0,+1.000054E+01,+3.727500E-03,+9.910000E+37,+1.342806E+03,+3.584400E+04,+1.000011E+01,+3.727500E-03,+9.910000E+37,+1.342873E+03,+3.584400E+04,+9.996290E+00,+3.727500E-03,+9.910000E+37,+1.342938E+03,+3.584400E+04,-1.040803E-01,+0.000000E+00,+9.910000E+37,+1.343005E+03,+3.584400E+04
11:02:52,0e0,+1.017011E+01,+4.159500E-03,+9.910000E+37,+1.343226E+03,+3.584400E+04,+1.016844E+01,+4.159500E-03,+9.910000E+37,+1.343292E+03,+3.584400E+04,+1.016357E+01,+4.159500E-03,+9.910000E+37,+1.343358E+03,+3.584400E+04,-9.825253E-02,+0.000000E+00,+9.910000E+37,+1.343426E+03,+3.584400E+04
11:02:52,0e0,+1.034859E+01,+4.641500E-03,+9.910000E+37,+1.343651E+03,+3.584400E+04,+1.034609E+01,+4.641500E-03,+9.910000E+37,+1.343717E+03,+3.584400E+04,+1.033976E+01,+4.641500E-03,+9.910000E+37,+1.343783E+03,+3.584400E+04,-9.989160E-02,+0.000000E+00,+9.910000E+37,+1.343851E+03,+3.584400E+04
11:02:52,0e0,+1.053105E+01,+5.179500E-03,+9.910000E+37,+1.344076E+03,+3.584400E+04,+1.052621E+01,+5.179500E-03,+9.910000E+37,+1.344144E+03,+3.584400E+04,+1.052072E+01,+5.179500E-03,+9.910000E+37,+1.344209E+03,+3.584400E+04,-9.775168E-02,+0.000000E+00,+9.910000E+37,+1.344276E+03,+3.584400E+04
11:02:52,0e0,+1.072084E+01,+5.779500E-03,+9.910000E+37,+1.344502E+03,+3.584400E+04,+1.071222E+01,+5.779500E-03,+9.910000E+37,+1.344568E+03,+3.584400E+04,+1.070323E+01,+5.779500E-03,+9.910000E+37,+1.344636E+03,+3.584400E+04,-9.292555E-02,+0.000000E+00,+9.910000E+37,+1.344703E+03,+3.584400E+04
11:02:52,0e0,+1.091444E+01,+6.449500E-03,+9.910000E+37,+1.344931E+03,+3.584400E+04,+1.090487E+01,+6.449500E-03,+9.910000E+37,+1.344998E+03,+3.584400E+04,+1.089088E+01,+6.449500E-03,+9.910000E+37,+1.345063E+03,+3.584400E+04,-9.124105E-02,+0.000000E+00,+9.910000E+37,+1.345130E+03,+3.584400E+04
11:02:52,0e0,+1.110995E+01,+7.197000E-03,+9.910000E+37,+1.345353E+03,+3.584400E+04,+1.109802E+01,+7.197000E-03,+9.910000E+37,+1.345419E+03,+3.584400E+04,+1.108399E+01,+7.197000E-03,+9.910000E+37,+1.345484E+03,+3.584400E+04,-8.878246E-02,+0.000000E+00,+9.910000E+37,+1.345551E+03,+3.584400E+04
11:02:52,0e0,+1.130049E+01,+8.031000E-03,+9.910000E+37,+1.345772E+03,+3.584400E+04,+1.128355E+01,+8.031000E-03,+9.910000E+37,+1.345839E+03,+3.584400E+04,+1.126838E+01,+8.031000E-03,+9.910000E+37,+1.345906E+03,+3.584400E+04,-8.577737E-02,+0.000000E+00,+9.910000E+37,+1.345972E+03,+3.584400E+04
11:02:52,0e0,+1.149399E+01,+8.961500E-03,+9.910000E+37,+1.346192E+03,+3.584400E+04,+1.147335E+01,+8.961500E-03,+9.910000E+37,+1.346259E+03,+3.584400E+04,+1.145546E+01,+8.961500E-03,+9.910000E+37,+1.346326E+03,+3.584400E+04,-8.145232E-02,+0.000000E+00,+9.910000E+37,+1.346392E+03,+3.584400E+04
