10:46:53,0e0,-1.652166E+00,+1.000000E-07,+9.910000E+37,+3.712568E+02,+3.584400E+04,+3.293353E-02,+1.000000E-07,+9.910000E+37,+3.713232E+02,+3.584400E+04,+3.102136E-02,+1.000000E-07,+9.910000E+37,+3.713896E+02,+3.584400E+04,+3.656343E-03,+0.000000E+00,+9.910000E+37,+3.714570E+02,+3.584400E+04
10:46:53,0e0,-1.043726E+00,+1.116000E-07,+9.910000E+37,+3.716836E+02,+3.584400E+04,+3.229561E-02,+1.116000E-07,+9.910000E+37,+3.717510E+02,+3.584400E+04,+3.398061E-02,+1.116000E-07,+9.910000E+37,+3.718164E+02,+3.584400E+04,+3.474206E-03,+0.000000E+00,+9.910000E+37,+3.718838E+02,+3.584400E+04
10:46:53,0e0,-1.248954E+00,+1.245000E-07,+9.910000E+37,+3.721084E+02,+3.584400E+04,+3.607506E-02,+1.245000E-07,+9.910000E+37,+3.721748E+02,+3.584400E+04,+3.721359E-02,+1.245000E-07,+9.910000E+37,+3.722412E+02,+3.584400E+04,+2.107859E-03,+0.000000E+00,+9.910000E+37,+3.723086E+02,+3.584400E+04
10:46:53,0e0,-3.034635E-01,+1.389500E-07,+9.910000E+37,+3.725322E+02,+3.584400E+04,+3.871608E-02,+1.389500E-07,+9.910000E+37,+3.725977E+02,+3.584400E+04,+3.898925E-02,+1.389500E-07,+9.910000E+37,+3.726641E+02,+3.584400E+04,+9.699017E-04,+0.000000E+00,+9.910000E+37,+3.727314E+02,+3.584400E+04
10:46:53,0e0,-1.878067E-01,+1.550500E-07,+9.910000E+37,+3.729561E+02,+3.584400E+04,+4.099262E-02,+1.550500E-07,+9.910000E+37,+3.730225E+02,+3.584400E+04,+3.753170E-02,+1.550500E-07,+9.910000E+37,+3.730898E+02,+3.584400E+04,-4.767254E-03,+0.000000E+00,+9.910000E+37,+3.731553E+02,+3.584400E+04
10:46:53,0e0,-9.214355E-02,+1.730000E-07,+9.910000E+37,+3.733789E+02,+3.584400E+04,+4.244974E-02,+1.730000E-07,+9.910000E+37,+3.734453E+02,+3.584400E+04,+4.167560E-02,+1.730000E-07,+9.910000E+37,+3.735117E+02,+3.584400E+04,-5.131528E-03,+0.000000E+00,+9.910000E+37,+3.735791E+02,+3.584400E+04
10:46:53,0e0,+4.540944E-02,+1.930500E-07,+9.910000E+37,+3.738037E+02,+3.584400E+04,+4.458961E-02,+1.930500E-07,+9.910000E+37,+3.738711E+02,+3.584400E+04,+4.577348E-02,+1.930500E-07,+9.910000E+37,+3.739365E+02,+3.584400E+04,-5.782843E-04,+0.000000E+00,+9.910000E+37,+3.740029E+02,+3.584400E+04
10:46:53,0e0,+4.950708E-02,+2.154500E-07,+9.910000E+37,+3.742285E+02,+3.584400E+04,+4.932547E-02,+2.154500E-07,+9.910000E+37,+3.742949E+02,+3.584400E+04,+4.982597E-02,+2.154500E-07,+9.910000E+37,+3.743613E+02,+3.584400E+04,+1.516163E-03,+0.000000E+00,+9.910000E+37,+3.744287E+02,+3.584400E+04
10:46:53,0e0,+5.141935E-02,+2.404000E-07,+9.910000E+37,+3.746523E+02,+3.584400E+04,+5.178374E-02,+2.404000E-07,+9.910000E+37,+3.747178E+02,+3.584400E+04,+5.287644E-02,+2.404000E-07,+9.910000E+37,+3.747842E+02,+3.584400E+04,-1.534522E-03,+0.000000E+00,+9.910000E+37,+3.748516E+02,+3.584400E+04
10:46:53,0e0,+5.487981E-02,+2.682500E-07,+9.910000E+37,+3.750732E+02,+3.584400E+04,+5.519861E-02,+2.682500E-07,+9.910000E+37,+3.751396E+02,+3.584400E+04,+5.569950E-02,+2.682500E-07,+9.910000E+37,+3.752061E+02,+3.584400E+04,-7.744133E-05,+0.000000E+00,+9.910000E+37,+3.752734E+02,+3.584400E+04
10:46:53,0e0,+5.934218E-02,+2.993500E-07,+9.910000E+37,+3.754971E+02,+3.584400E+04,+5.902341E-02,+2.993500E-07,+9.910000E+37,+3.755645E+02,+3.584400E+04,+5.943307E-02,+2.993500E-07,+9.910000E+37,+3.756299E+02,+3.584400E+04,-2.035350E-03,+0.000000E+00,+9.910000E+37,+3.756963E+02,+3.584400E+04
10:46:53,0e0,+5.952460E-02,+3.340500E-07,+9.910000E+37,+3.759238E+02,+3.584400E+04,+6.007057E-02,+3.340500E-07,+9.910000E+37,+3.759912E+02,+3.584400E+04,+5.884123E-02,+3.340500E-07,+9.910000E+37,+3.760566E+02,+3.584400E+04,-1.970178E-02,+0.000000E+00,+9.910000E+37,+3.761240E+02,+3.584400E+04
10:46:53,0e0,+6.152713E-02,+3.727500E-07,+9.910000E+37,+3.763496E+02,+3.584400E+04,+6.394097E-02,+3.727500E-07,+9.910000E+37,+3.764160E+02,+3.584400E+04,+6.293890E-02,+3.727500E-07,+9.910000E+37,+3.764824E+02,+3.584400E+04,-2.279803E-02,+0.000000E+00,+9.910000E+37,+3.765498E+02,+3.584400E+04
10:46:53,0e0,+6.799334E-02,+4.159500E-07,+9.910000E+37,+3.767744E+02,+3.584400E+04,+6.794754E-02,+4.159500E-07,+9.910000E+37,+3.768398E+02,+3.584400E+04,+6.890383E-02,+4.159500E-07,+9.910000E+37,+3.769063E+02,+3.584400E+04,-8.000016E-03,+0.000000E+00,+9.910000E+37,+3.769736E+02,+3.584400E+04
10:46:53,0e0,+7.213601E-02,+4.641500E-07,+9.910000E+37,+3.771992E+02,+3.584400E+04,+7.190883E-02,+4.641500E-07,+9.910000E+37,+3.772666E+02,+3.584400E+04,+7.295638E-02,+4.641500E-07,+9.910000E+37,+3.773340E+02,+3.584400E+04,-9.684861E-03,+0.000000E+00,+9.910000E+37,+3.773994E+02,+3.584400E+04
10:46:53,0e0,+7.628015E-02,+5.179500E-07,+9.910000E+37,+3.776260E+02,+3.584400E+04,+7.605249E-02,+5.179500E-07,+9.910000E+37,+3.776934E+02,+3.584400E+04,+7.673538E-02,+5.179500E-07,+9.910000E+37,+3.777588E+02,+3.584400E+04,-1.275676E-01,+0.000000E+00,+9.910000E+37,+3.778252E+02,+3.584400E+04
10:46:53,0e0,+7.928509E-02,+5.779500E-07,+9.910000E+37,+3.780488E+02,+3.584400E+04,+8.055994E-02,+5.779500E-07,+9.910000E+37,+3.781152E+02,+3.584400E+04,+7.974055E-02,+5.779500E-07,+9.910000E+37,+3.781816E+02,+3.584400E+04,-8.935973E-01,+0.000000E+00,+9.910000E+37,+3.782480E+02,+3.584400E+04
10:46:53,0e0,+8.474904E-02,+6.449500E-07,+9.910000E+37,+3.784727E+02,+3.584400E+04,+8.493108E-02,+6.449500E-07,+9.910000E+37,+3.785391E+02,+3.584400E+04,+8.247161E-02,+6.449500E-07,+9.910000E+37,+3.786064E+02,+3.584400E+04,-1.705624E+00,+0.000000E+00,+9.910000E+37,+3.786738E+02,+3.584400E+04
10:46:53,0e0,+8.871034E-02,+7.197000E-07,+9.910000E+37,+3.788955E+02,+3.584400E+04,+8.952969E-02,+7.197000E-07,+9.910000E+37,+3.789619E+02,+3.584400E+04,+8.952978E-02,+7.197000E-07,+9.910000E+37,+3.790293E+02,+3.584400E+04,-1.859668E+00,+0.000000E+00,+9.910000E+37,+3.790967E+02,+3.584400E+04
10:46:53,0e0,+9.567666E-02,+8.031000E-07,+9.910000E+37,+3.793213E+02,+3.584400E+04,+9.645072E-02,+8.031000E-07,+9.910000E+37,+3.793877E+02,+3.584400E+04,+9.462932E-02,+8.031000E-07,+9.910000E+37,+3.794551E+02,+3.584400E+04,-2.207464E+00,+0.000000E+00,+9.910000E+37,+3.795215E+02,+3.584400E+04
10:46:53,0e0,+1.002299E-01,+8.961500E-07,+9.910000E+37,+3.797471E+02,+3.584400E+04,+9.954667E-02,+8.961500E-07,+9.910000E+37,+3.798135E+02,+3.584400E+04,+1.000021E-01,+8.961500E-07,+9.910000E+37,+3.798799E+02,+3.584400E+04,-5.243008E+00,+0.000000E+00,+9.910000E+37,+3.799473E+02,+3.584400E+04
10:46:53,0e0,+1.038266E-01,+1.000000E-06,+9.910000E+37,+3.801631E+02,+3.584400E+04,+1.038723E-01,+1.000000E-06,+9.910000E+37,+3.802295E+02,+3.584400E+04,+1.046010E-01,+1.000000E-06,+9.910000E+37,+3.802969E+02,+3.584400E+04,-8.603719E+00,+0.000000E+00,+9.910000E+37,+3.803623E+02,+3.584400E+04
10:46:53,0e0,+9.808978E-02,+1.116000E-06,+9.910000E+37,+3.805938E+02,+3.584400E+04,+9.790784E-02,+1.116000E-06,+9.910000E+37,+3.806592E+02,+3.584400E+04,+9.927359E-02,+1.116000E-06,+9.910000E+37,+3.807256E+02,+3.584400E+04,-2.575791E-02,+0.000000E+00,+9.910000E+37,+3.807920E+02,+3.584400E+04
10:46:53,0e0,+1.030074E-01,+1.245000E-06,+9.910000E+37,+3.810176E+02,+3.584400E+04,+1.029163E-01,+1.245000E-06,+9.910000E+37,+3.810840E+02,+3.584400E+04,+1.034627E-01,+1.245000E-06,+9.910000E+37,+3.811494E+02,+3.584400E+04,-2.603099E-02,+0.000000E+00,+9.910000E+37,+3.812168E+02,+3.584400E+04
10:46:53,0e0,+1.085164E-01,+1.389500E-06,+9.910000E+37,+3.814404E+02,+3.584400E+04,+1.075604E-01,+1.389500E-06,+9.910000E+37,+3.815068E+02,+3.584400E+04,+1.065589E-01,+1.389500E-06,+9.910000E+37,+3.815732E+02,+3.584400E+04,-2.621309E-02,+0.000000E+00,+9.910000E+37,+3.816396E+02,+3.584400E+04
10:46:53,0e0,+1.119775E-01,+1.550500E-06,+9.910000E+37,+3.818613E+02,+3.584400E+04,+1.098819E-01,+1.550500E-06,+9.910000E+37,+3.819277E+02,+3.584400E+04,+1.112032E-01,+1.550500E-06,+9.910000E+37,+3.819941E+02,+3.584400E+04,-2.598521E-02,+0.000000E+00,+9.910000E+37,+3.820605E+02,+3.584400E+04
10:46:53,0e0,+1.167124E-01,+1.730000E-06,+9.910000E+37,+3.822822E+02,+3.584400E+04,+1.173954E-01,+1.730000E-06,+9.910000E+37,+3.823496E+02,+3.584400E+04,+1.177141E-01,+1.730000E-06,+9.910000E+37,+3.824150E+02,+3.584400E+04,-2.644067E-02,+0.000000E+00,+9.910000E+37,+3.824814E+02,+3.584400E+04
10:46:53,0e0,+1.211751E-01,+1.930500E-06,+9.910000E+37,+3.827031E+02,+3.584400E+04,+1.214478E-01,+1.930500E-06,+9.910000E+37,+3.827705E+02,+3.584400E+04,+1.218120E-01,+1.930500E-06,+9.910000E+37,+3.828369E+02,+3.584400E+04,-2.716924E-02,+0.000000E+00,+9.910000E+37,+3.829033E+02,+3.584400E+04
10:46:53,0e0,+1.270027E-01,+2.154500E-06,+9.910000E+37,+3.831279E+02,+3.584400E+04,+1.273214E-01,+2.154500E-06,+9.910000E+37,+3.831953E+02,+3.584400E+04,+1.273214E-01,+2.154500E-06,+9.910000E+37,+3.832617E+02,+3.584400E+04,-2.653162E-02,+0.000000E+00,+9.910000E+37,+3.833281E+02,+3.584400E+04
10:46:53,0e0,+1.323307E-01,+2.404000E-06,+9.910000E+37,+3.835498E+02,+3.584400E+04,+1.303712E-01,+2.404000E-06,+9.910000E+37,+3.836172E+02,+3.584400E+04,+1.323297E-01,+2.404000E-06,+9.910000E+37,+3.836826E+02,+3.584400E+04,-2.666837E-02,+0.000000E+00,+9.910000E+37,+3.837500E+02,+3.584400E+04
10:46:53,0e0,+1.390685E-01,+2.682500E-06,+9.910000E+37,+3.839727E+02,+3.584400E+04,+1.375667E-01,+2.682500E-06,+9.910000E+37,+3.840381E+02,+3.584400E+04,+1.393875E-01,+2.682500E-06,+9.910000E+37,+3.841045E+02,+3.584400E+04,-2.666844E-02,+0.000000E+00,+9.910000E+37,+3.841699E+02,+3.584400E+04
10:46:53,0e0,+1.412990E-01,+2.993500E-06,+9.910000E+37,+3.843955E+02,+3.584400E+04,+1.440317E-01,+2.993500E-06,+9.910000E+37,+3.844619E+02,+3.584400E+04,+1.433940E-01,+2.993500E-06,+9.910000E+37,+3.845293E+02,+3.584400E+04,-2.671397E-02,+0.000000E+00,+9.910000E+37,+3.845947E+02,+3.584400E+04
10:46:53,0e0,+1.506792E-01,+3.340500E-06,+9.910000E+37,+3.848203E+02,+3.584400E+04,+1.497688E-01,+3.340500E-06,+9.910000E+37,+3.848867E+02,+3.584400E+04,+1.492225E-01,+3.340500E-06,+9.910000E+37,+3.849541E+02,+3.584400E+04,-2.630402E-02,+0.000000E+00,+9.910000E+37,+3.850195E+02,+3.584400E+04
10:46:53,0e0,+1.554602E-01,+3.727500E-06,+9.910000E+37,+3.852451E+02,+3.584400E+04,+1.554603E-01,+3.727500E-06,+9.910000E+37,+3.853125E+02,+3.584400E+04,+1.557334E-01,+3.727500E-06,+9.910000E+37,+3.853779E+02,+3.584400E+04,-2.689594E-02,+0.000000E+00,+9.910000E+37,+3.854443E+02,+3.584400E+04
10:46:53,0e0,+1.622445E-01,+4.159500E-06,+9.910000E+37,+3.856650E+02,+3.584400E+04,+1.625175E-01,+4.159500E-06,+9.910000E+37,+3.857314E+02,+3.584400E+04,+1.614248E-01,+4.159500E-06,+9.910000E+37,+3.857988E+02,+3.584400E+04,-5.284929E-02,+0.000000E+00,+9.910000E+37,+3.858643E+02,+3.584400E+04
10:46:53,0e0,+1.669337E-01,+4.641500E-06,+9.910000E+37,+3.860869E+02,+3.584400E+04,+1.689376E-01,+4.641500E-06,+9.910000E+37,+3.861543E+02,+3.584400E+04,+1.672979E-01,+4.641500E-06,+9.910000E+37,+3.862197E+02,+3.584400E+04,-7.648058E-02,+0.000000E+00,+9.910000E+37,+3.862861E+02,+3.584400E+04
10:46:53,0e0,+1.760863E-01,+5.179500E-06,+9.910000E+37,+3.865127E+02,+3.584400E+04,+1.750845E-01,+5.179500E-06,+9.910000E+37,+3.865791E+02,+3.584400E+04,+1.750841E-01,+5.179500E-06,+9.910000E+37,+3.866455E+02,+3.584400E+04,-4.097421E-01,+0.000000E+00,+9.910000E+37,+3.867119E+02,+3.584400E+04
10:46:53,0e0,+1.824610E-01,+5.779500E-06,+9.910000E+37,+3.869385E+02,+3.584400E+04,+1.825974E-01,+5.779500E-06,+9.910000E+37,+3.870059E+02,+3.584400E+04,+1.833713E-01,+5.779500E-06,+9.910000E+37,+3.870713E+02,+3.584400E+04,-8.049858E-01,+0.000000E+00,+9.910000E+37,+3.871377E+02,+3.584400E+04
10:46:53,0e0,+1.898831E-01,+6.449500E-06,+9.910000E+37,+3.873633E+02,+3.584400E+04,+1.907475E-01,+6.449500E-06,+9.910000E+37,+3.874297E+02,+3.584400E+04,+1.901105E-01,+6.449500E-06,+9.910000E+37,+3.874961E+02,+3.584400E+04,-1.739454E+00,+0.000000E+00,+9.910000E+37,+3.875635E+02,+3.584400E+04
10:46:53,0e0,+1.979416E-01,+7.197000E-06,+9.910000E+37,+3.877842E+02,+3.584400E+04,+1.983057E-01,+7.197000E-06,+9.910000E+37,+3.878506E+02,+3.584400E+04,+1.988068E-01,+7.197000E-06,+9.910000E+37,+3.879180E+02,+3.584400E+04,-2.930059E+00,+0.000000E+00,+9.910000E+37,+3.879854E+02,+3.584400E+04
10:46:53,0e0,+2.064560E-01,+8.031000E-06,+9.910000E+37,+3.882109E+02,+3.584400E+04,+2.070028E-01,+8.031000E-06,+9.910000E+37,+3.882764E+02,+3.584400E+04,+2.065472E-01,+8.031000E-06,+9.910000E+37,+3.883437E+02,+3.584400E+04,-4.472192E+00,+0.000000E+00,+9.910000E+37,+3.884092E+02,+3.584400E+04
10:46:53,0e0,+2.156995E-01,+8.961500E-06,+9.910000E+37,+3.886328E+02,+3.584400E+04,+2.167920E-01,+8.961500E-06,+9.910000E+37,+3.887002E+02,+3.584400E+04,+2.153804E-01,+8.961500E-06,+9.910000E+37,+3.887656E+02,+3.584400E+04,-6.311668E+00,+0.000000E+00,+9.910000E+37,+3.888330E+02,+3.584400E+04
10:46:53,0e0,+2.244866E-01,+1.000000E-05,+9.910000E+37,+3.890537E+02,+3.584400E+04,+2.249875E-01,+1.000000E-05,+9.910000E+37,+3.891201E+02,+3.584400E+04,+2.246690E-01,+1.000000E-05,+9.910000E+37,+3.891875E+02,+3.584400E+04,-8.109621E+00,+0.000000E+00,+9.910000E+37,+3.892549E+02,+3.584400E+04
10:46:53,0e0,+2.234851E-01,+1.116000E-05,+9.910000E+37,+3.894746E+02,+3.584400E+04,+2.224381E-01,+1.116000E-05,+9.910000E+37,+3.895400E+02,+3.584400E+04,+2.220280E-01,+1.116000E-05,+9.910000E+37,+3.896074E+02,+3.584400E+04,-3.472778E-02,+0.000000E+00,+9.910000E+37,+3.896748E+02,+3.584400E+04
10:46:53,0e0,+2.318177E-01,+1.245000E-05,+9.910000E+37,+3.898955E+02,+3.584400E+04,+2.302234E-01,+1.245000E-05,+9.910000E+37,+3.899629E+02,+3.584400E+04,+2.303149E-01,+1.245000E-05,+9.910000E+37,+3.900283E+02,+3.584400E+04,-3.582047E-02,+0.000000E+00,+9.910000E+37,+3.900996E+02,+3.584400E+04
10:46:53,0e0,+2.400133E-01,+1.389500E-05,+9.910000E+37,+3.903115E+02,+3.584400E+04,+2.400135E-01,+1.389500E-05,+9.910000E+37,+3.903779E+02,+3.584400E+04,+2.389658E-01,+1.389500E-05,+9.910000E+37,+3.904443E+02,+3.584400E+04,-3.500082E-02,+0.000000E+00,+9.910000E+37,+3.905117E+02,+3.584400E+04
10:46:53,0e0,+2.505319E-01,+1.550500E-05,+9.910000E+37,+3.907256E+02,+3.584400E+04,+2.496659E-01,+1.550500E-05,+9.910000E+37,+3.907930E+02,+3.584400E+04,+2.483905E-01,+1.550500E-05,+9.910000E+37,+3.908594E+02,+3.584400E+04,-3.527406E-02,+0.000000E+00,+9.910000E+37,+3.909258E+02,+3.584400E+04
10:46:53,0e0,+2.595012E-01,+1.730000E-05,+9.910000E+37,+3.911426E+02,+3.584400E+04,+2.581805E-01,+1.730000E-05,+9.910000E+37,+3.912100E+02,+3.584400E+04,+2.581345E-01,+1.730000E-05,+9.910000E+37,+3.912754E+02,+3.584400E+04,-3.404468E-02,+0.000000E+00,+9.910000E+37,+3.913418E+02,+3.584400E+04
10:46:53,0e0,+2.698369E-01,+1.930500E-05,+9.910000E+37,+3.915586E+02,+3.584400E+04,+2.695178E-01,+1.930500E-05,+9.910000E+37,+3.916260E+02,+3.584400E+04,+2.683341E-01,+1.930500E-05,+9.910000E+37,+3.916914E+02,+3.584400E+04,-3.377149E-02,+0.000000E+00,+9.910000E+37,+3.917578E+02,+3.584400E+04
10:46:53,0e0,+2.783510E-01,+2.154500E-05,+9.910000E+37,+3.919746E+02,+3.584400E+04,+2.785331E-01,+2.154500E-05,+9.910000E+37,+3.920400E+02,+3.584400E+04,+2.783510E-01,+2.154500E-05,+9.910000E+37,+3.921074E+02,+3.584400E+04,-3.536539E-02,+0.000000E+00,+9.910000E+37,+3.921729E+02,+3.584400E+04
10:46:53,0e0,+2.906452E-01,+2.404000E-05,+9.910000E+37,+3.923896E+02,+3.584400E+04,+2.888235E-01,+2.404000E-05,+9.910000E+37,+3.924561E+02,+3.584400E+04,+2.904177E-01,+2.404000E-05,+9.910000E+37,+3.925225E+02,+3.584400E+04,-3.604820E-02,+0.000000E+00,+9.910000E+37,+3.925937E+02,+3.584400E+04
10:46:53,0e0,+3.001607E-01,+2.682500E-05,+9.910000E+37,+3.928154E+02,+3.584400E+04,+3.011171E-01,+2.682500E-05,+9.910000E+37,+3.928818E+02,+3.584400E+04,+3.002976E-01,+2.682500E-05,+9.910000E+37,+3.929492E+02,+3.584400E+04,-3.372589E-02,+0.000000E+00,+9.910000E+37,+3.930166E+02,+3.584400E+04
10:46:53,0e0,+3.123639E-01,+2.993500E-05,+9.910000E+37,+3.932363E+02,+3.584400E+04,+3.118174E-01,+2.993500E-05,+9.910000E+37,+3.933037E+02,+3.584400E+04,+3.119995E-01,+2.993500E-05,+9.910000E+37,+3.933691E+02,+3.584400E+04,-3.545618E-02,+0.000000E+00,+9.910000E+37,+3.934385E+02,+3.584400E+04
10:46:53,0e0,+3.241115E-01,+3.340500E-05,+9.910000E+37,+3.936572E+02,+3.584400E+04,+3.229733E-01,+3.340500E-05,+9.910000E+37,+3.937236E+02,+3.584400E+04,+3.219700E-01,+3.340500E-05,+9.910000E+37,+3.937910E+02,+3.584400E+04,-3.477326E-02,+0.000000E+00,+9.910000E+37,+3.938623E+02,+3.584400E+04
10:46:53,0e0,+3.349479E-01,+3.727500E-05,+9.910000E+37,+3.940830E+02,+3.584400E+04,+3.353571E-01,+3.727500E-05,+9.910000E+37,+3.941484E+02,+3.584400E+04,+3.364052E-01,+3.727500E-05,+9.910000E+37,+3.942158E+02,+3.584400E+04,-3.390804E-02,+0.000000E+00,+9.910000E+37,+3.942832E+02,+3.584400E+04
10:46:53,0e0,+3.473322E-01,+4.159500E-05,+9.910000E+37,+3.945029E+02,+3.584400E+04,+3.464667E-01,+4.159500E-05,+9.910000E+37,+3.945684E+02,+3.584400E+04,+3.489720E-01,+4.159500E-05,+9.910000E+37,+3.946357E+02,+3.584400E+04,-3.368032E-02,+0.000000E+00,+9.910000E+37,+3.947051E+02,+3.584400E+04
10:46:53,0e0,+3.589882E-01,+4.641500E-05,+9.910000E+37,+3.949268E+02,+3.584400E+04,+3.601266E-01,+4.641500E-05,+9.910000E+37,+3.949932E+02,+3.584400E+04,+3.608556E-01,+4.641500E-05,+9.910000E+37,+3.950596E+02,+3.584400E+04,-5.872303E-02,+0.000000E+00,+9.910000E+37,+3.951289E+02,+3.584400E+04
10:46:53,0e0,+3.717834E-01,+5.179500E-05,+9.910000E+37,+3.953496E+02,+3.584400E+04,+3.711908E-01,+5.179500E-05,+9.910000E+37,+3.954170E+02,+3.584400E+04,+3.734224E-01,+5.179500E-05,+9.910000E+37,+3.954824E+02,+3.584400E+04,-1.336235E-01,+0.000000E+00,+9.910000E+37,+3.955508E+02,+3.584400E+04
10:46:53,0e0,+3.853059E-01,+5.779500E-05,+9.910000E+37,+3.957705E+02,+3.584400E+04,+3.851697E-01,+5.779500E-05,+9.910000E+37,+3.958359E+02,+3.584400E+04,+3.848509E-01,+5.779500E-05,+9.910000E+37,+3.959033E+02,+3.584400E+04,-3.692614E-01,+0.000000E+00,+9.910000E+37,+3.959707E+02,+3.584400E+04
10:46:53,0e0,+3.976903E-01,+6.449500E-05,+9.910000E+37,+3.961943E+02,+3.584400E+04,+3.975993E-01,+6.449500E-05,+9.910000E+37,+3.962607E+02,+3.584400E+04,+3.972808E-01,+6.449500E-05,+9.910000E+37,+3.963281E+02,+3.584400E+04,-1.053697E+00,+0.000000E+00,+9.910000E+37,+3.963955E+02,+3.584400E+04
10:46:53,0e0,+4.108496E-01,+7.197000E-05,+9.910000E+37,+3.966201E+02,+3.584400E+04,+4.111681E-01,+7.197000E-05,+9.910000E+37,+3.966855E+02,+3.584400E+04,+4.103035E-01,+7.197000E-05,+9.910000E+37,+3.967520E+02,+3.584400E+04,-1.683764E+00,+0.000000E+00,+9.910000E+37,+3.968203E+02,+3.584400E+04
10:46:53,0e0,+4.237809E-01,+8.031000E-05,+9.910000E+37,+3.970391E+02,+3.584400E+04,+4.242812E-01,+8.031000E-05,+9.910000E+37,+3.971064E+02,+3.584400E+04,+4.264680E-01,+8.031000E-05,+9.910000E+37,+3.971719E+02,+3.584400E+04,-2.693140E+00,+0.000000E+00,+9.910000E+37,+3.972412E+02,+3.584400E+04
10:46:53,0e0,+4.371680E-01,+8.961500E-05,+9.910000E+37,+3.974541E+02,+3.584400E+04,+4.375772E-01,+8.961500E-05,+9.910000E+37,+3.975205E+02,+3.584400E+04,+4.376671E-01,+8.961500E-05,+9.910000E+37,+3.975879E+02,+3.584400E+04,-4.915380E+00,+0.000000E+00,+9.910000E+37,+3.976533E+02,+3.584400E+04
10:46:53,0e0,+4.512363E-01,+1.000000E-04,+9.910000E+37,+3.978652E+02,+3.584400E+04,+4.505988E-01,+1.000000E-04,+9.910000E+37,+3.979316E+02,+3.584400E+04,+4.512827E-01,+1.000000E-04,+9.910000E+37,+3.979980E+02,+3.584400E+04,-6.380973E+00,+0.000000E+00,+9.910000E+37,+3.980645E+02,+3.584400E+04
10:46:53,0e0,+4.526932E-01,+1.116000E-04,+9.910000E+37,+3.982852E+02,+3.584400E+04,+4.544696E-01,+1.116000E-04,+9.910000E+37,+3.983516E+02,+3.584400E+04,+4.543326E-01,+1.116000E-04,+9.910000E+37,+3.984189E+02,+3.584400E+04,-3.868378E-01,+0.000000E+00,+9.910000E+37,+3.984844E+02,+3.584400E+04
10:46:53,0e0,+4.640297E-01,+1.245000E-04,+9.910000E+37,+3.987080E+02,+3.584400E+04,+4.655789E-01,+1.245000E-04,+9.910000E+37,+3.987744E+02,+3.584400E+04,+4.651690E-01,+1.245000E-04,+9.910000E+37,+3.988408E+02,+3.584400E+04,-4.268629E-01,+0.000000E+00,+9.910000E+37,+3.989072E+02,+3.584400E+04
10:46:53,0e0,+4.793752E-01,+1.389500E-04,+9.910000E+37,+3.991279E+02,+3.584400E+04,+4.777362E-01,+1.389500E-04,+9.910000E+37,+3.991953E+02,+3.584400E+04,+4.781007E-01,+1.389500E-04,+9.910000E+37,+3.992607E+02,+3.584400E+04,-4.176651E-01,+0.000000E+00,+9.910000E+37,+3.993271E+02,+3.584400E+04
10:46:53,0e0,+4.921237E-01,+1.550500E-04,+9.910000E+37,+3.995498E+02,+3.584400E+04,+4.903940E-01,+1.550500E-04,+9.910000E+37,+3.996172E+02,+3.584400E+04,+4.900748E-01,+1.550500E-04,+9.910000E+37,+3.996826E+02,+3.584400E+04,-3.772299E-01,+0.000000E+00,+9.910000E+37,+3.997500E+02,+3.584400E+04
10:46:53,0e0,+5.037798E-01,+1.730000E-04,+9.910000E+37,+3.999727E+02,+3.584400E+04,+5.033703E-01,+1.730000E-04,+9.910000E+37,+4.000381E+02,+3.584400E+04,+5.033251E-01,+1.730000E-04,+9.910000E+37,+4.001055E+02,+3.584400E+04,-3.966736E-01,+0.000000E+00,+9.910000E+37,+4.001719E+02,+3.584400E+04
10:46:53,0e0,+5.168478E-01,+1.930500E-04,+9.910000E+37,+4.003926E+02,+3.584400E+04,+5.160288E-01,+1.930500E-04,+9.910000E+37,+4.004580E+02,+3.584400E+04,+5.162106E-01,+1.930500E-04,+9.910000E+37,+4.005254E+02,+3.584400E+04,-4.194407E-01,+0.000000E+00,+9.910000E+37,+4.005918E+02,+3.584400E+04
10:46:53,0e0,+5.286416E-01,+2.154500E-04,+9.910000E+37,+4.008154E+02,+3.584400E+04,+5.281848E-01,+2.154500E-04,+9.910000E+37,+4.008828E+02,+3.584400E+04,+5.302796E-01,+2.154500E-04,+9.910000E+37,+4.009482E+02,+3.584400E+04,-4.086489E-01,+0.000000E+00,+9.910000E+37,+4.010146E+02,+3.584400E+04
10:46:53,0e0,+5.414810E-01,+2.404000E-04,+9.910000E+37,+4.012402E+02,+3.584400E+04,+5.412529E-01,+2.404000E-04,+9.910000E+37,+4.013066E+02,+3.584400E+04,+5.429385E-01,+2.404000E-04,+9.910000E+37,+4.013740E+02,+3.584400E+04,-3.794611E-01,+0.000000E+00,+9.910000E+37,+4.014404E+02,+3.584400E+04
10:46:53,0e0,+5.547317E-01,+2.682500E-04,+9.910000E+37,+4.016631E+02,+3.584400E+04,+5.545943E-01,+2.682500E-04,+9.910000E+37,+4.017305E+02,+3.584400E+04,+5.545039E-01,+2.682500E-04,+9.910000E+37,+4.017959E+02,+3.584400E+04,-4.152059E-01,+0.000000E+00,+9.910000E+37,+4.018633E+02,+3.584400E+04
10:46:53,0e0,+5.689826E-01,+2.993500E-04,+9.910000E+37,+4.020850E+02,+3.584400E+04,+5.683905E-01,+2.993500E-04,+9.910000E+37,+4.021523E+02,+3.584400E+04,+5.675707E-01,+2.993500E-04,+9.910000E+37,+4.022197E+02,+3.584400E+04,-4.224004E-01,+0.000000E+00,+9.910000E+37,+4.022861E+02,+3.584400E+04
10:46:53,0e0,+5.826417E-01,+3.340500E-04,+9.910000E+37,+4.025098E+02,+3.584400E+04,+5.817310E-01,+3.340500E-04,+9.910000E+37,+4.025762E+02,+3.584400E+04,+5.805927E-01,+3.340500E-04,+9.910000E+37,+4.026436E+02,+3.584400E+04,-3.760915E-01,+0.000000E+00,+9.910000E+37,+4.027090E+02,+3.584400E+04
10:46:53,0e0,+5.955271E-01,+3.727500E-04,+9.910000E+37,+4.029355E+02,+3.584400E+04,+5.950717E-01,+3.727500E-04,+9.910000E+37,+4.030020E+02,+3.584400E+04,+5.959366E-01,+3.727500E-04,+9.910000E+37,+4.030693E+02,+3.584400E+04,-4.254512E-01,+0.000000E+00,+9.910000E+37,+4.031348E+02,+3.584400E+04
10:46:53,0e0,+6.096423E-01,+4.159500E-04,+9.910000E+37,+4.033604E+02,+3.584400E+04,+6.097335E-01,+4.159500E-04,+9.910000E+37,+4.034258E+02,+3.584400E+04,+6.101432E-01,+4.159500E-04,+9.910000E+37,+4.034922E+02,+3.584400E+04,-3.872022E-01,+0.000000E+00,+9.910000E+37,+4.035596E+02,+3.584400E+04
10:46:53,0e0,+6.257151E-01,+4.641500E-04,+9.910000E+37,+4.037822E+02,+3.584400E+04,+6.244860E-01,+4.641500E-04,+9.910000E+37,+4.038486E+02,+3.584400E+04,+6.238022E-01,+4.641500E-04,+9.910000E+37,+4.039160E+02,+3.584400E+04,-3.769567E-01,+0.000000E+00,+9.910000E+37,+4.039824E+02,+3.584400E+04
10:46:53,0e0,+6.414706E-01,+5.179500E-04,+9.910000E+37,+4.042041E+02,+3.584400E+04,+6.411515E-01,+5.179500E-04,+9.910000E+37,+4.042715E+02,+3.584400E+04,+6.406507E-01,+5.179500E-04,+9.910000E+37,+4.043379E+02,+3.584400E+04,-4.616516E-01,+0.000000E+00,+9.910000E+37,+4.044043E+02,+3.584400E+04
10:46:53,0e0,+6.564485E-01,+5.779500E-04,+9.910000E+37,+4.046279E+02,+3.584400E+04,+6.562219E-01,+5.779500E-04,+9.910000E+37,+4.046953E+02,+3.584400E+04,+6.560400E-01,+5.779500E-04,+9.910000E+37,+4.047607E+02,+3.584400E+04,-7.320834E-01,+0.000000E+00,+9.910000E+37,+4.048281E+02,+3.584400E+04
10:46:53,0e0,+6.714743E-01,+6.449500E-04,+9.910000E+37,+4.050537E+02,+3.584400E+04,+6.714740E-01,+6.449500E-04,+9.910000E+37,+4.051211E+02,+3.584400E+04,+6.711560E-01,+6.449500E-04,+9.910000E+37,+4.051865E+02,+3.584400E+04,-9.402688E-01,+0.000000E+00,+9.910000E+37,+4.052539E+02,+3.584400E+04
10:46:53,0e0,+6.885489E-01,+7.197000E-04,+9.910000E+37,+4.054746E+02,+3.584400E+04,+6.880484E-01,+7.197000E-04,+9.910000E+37,+4.055420E+02,+3.584400E+04,+6.885935E-01,+7.197000E-04,+9.910000E+37,+4.056084E+02,+3.584400E+04,-1.292709E+00,+0.000000E+00,+9.910000E+37,+4.056758E+02,+3.584400E+04
10:46:53,0e0,+7.049882E-01,+8.031000E-04,+9.910000E+37,+4.058975E+02,+3.584400E+04,+7.040759E-01,+8.031000E-04,+9.910000E+37,+4.059639E+02,+3.584400E+04,+7.042130E-01,+8.031000E-04,+9.910000E+37,+4.060313E+02,+3.584400E+04,-1.675794E+00,+0.000000E+00,+9.910000E+37,+4.060977E+02,+3.584400E+04
10:46:53,0e0,+7.221071E-01,+8.961500E-04,+9.910000E+37,+4.063232E+02,+3.584400E+04,+7.217872E-01,+8.961500E-04,+9.910000E+37,+4.063896E+02,+3.584400E+04,+7.220618E-01,+8.961500E-04,+9.910000E+37,+4.064570E+02,+3.584400E+04,-1.865856E+00,+0.000000E+00,+9.910000E+37,+4.065234E+02,+3.584400E+04
10:46:53,0e0,+7.399080E-01,+1.000000E-03,+9.910000E+37,+4.067441E+02,+3.584400E+04,+7.403638E-01,+1.000000E-03,+9.910000E+37,+4.068105E+02,+3.584400E+04,+7.410470E-01,+1.000000E-03,+9.910000E+37,+4.068770E+02,+3.584400E+04,-2.248033E+00,+0.000000E+00,+9.910000E+37,+4.069443E+02,+3.584400E+04
10:46:53,0e0,+7.456005E-01,+1.116000E-03,+9.910000E+37,+4.071709E+02,+3.584400E+04,+7.469664E-01,+1.116000E-03,+9.910000E+37,+4.072383E+02,+3.584400E+04,+7.471960E-01,+1.116000E-03,+9.910000E+37,+4.073037E+02,+3.584400E+04,-1.930880E+00,+0.000000E+00,+9.910000E+37,+4.073711E+02,+3.584400E+04
10:46:53,0e0,+7.645878E-01,+1.245000E-03,+9.910000E+37,+4.075928E+02,+3.584400E+04,+7.640404E-01,+1.245000E-03,+9.910000E+37,+4.076582E+02,+3.584400E+04,+7.644957E-01,+1.245000E-03,+9.910000E+37,+4.077246E+02,+3.584400E+04,-1.897230E+00,+0.000000E+00,+9.910000E+37,+4.077910E+02,+3.584400E+04
10:46:53,0e0,+7.852129E-01,+1.389500E-03,+9.910000E+37,+4.080137E+02,+3.584400E+04,+7.827525E-01,+1.389500E-03,+9.910000E+37,+4.080801E+02,+3.584400E+04,+7.830266E-01,+1.389500E-03,+9.910000E+37,+4.081465E+02,+3.584400E+04,-1.898552E+00,+0.000000E+00,+9.910000E+37,+4.082129E+02,+3.584400E+04
10:46:53,0e0,+8.042473E-01,+1.550500E-03,+9.910000E+37,+4.084346E+02,+3.584400E+04,+8.021499E-01,+1.550500E-03,+9.910000E+37,+4.085020E+02,+3.584400E+04,+8.027430E-01,+1.550500E-03,+9.910000E+37,+4.085684E+02,+3.584400E+04,-1.905107E+00,+0.000000E+00,+9.910000E+37,+4.086357E+02,+3.584400E+04
10:46:53,0e0,+8.236880E-01,+1.730000E-03,+9.910000E+37,+4.088564E+02,+3.584400E+04,+8.250083E-01,+1.730000E-03,+9.910000E+37,+4.089229E+02,+3.584400E+04,+8.236421E-01,+1.730000E-03,+9.910000E+37,+4.089902E+02,+3.584400E+04,-1.931061E+00,+0.000000E+00,+9.910000E+37,+4.090557E+02,+3.584400E+04
10:46:53,0e0,+8.450429E-01,+1.930500E-03,+9.910000E+37,+4.092754E+02,+3.584400E+04,+8.435409E-01,+1.930500E-03,+9.910000E+37,+4.093428E+02,+3.584400E+04,+8.439502E-01,+1.930500E-03,+9.910000E+37,+4.094082E+02,+3.584400E+04,-1.889626E+00,+0.000000E+00,+9.910000E+37,+4.094756E+02,+3.584400E+04
10:46:53,0e0,+8.658497E-01,+2.154500E-03,+9.910000E+37,+4.096973E+02,+3.584400E+04,+8.653030E-01,+2.154500E-03,+9.910000E+37,+4.097646E+02,+3.584400E+04,+8.670340E-01,+2.154500E-03,+9.910000E+37,+4.098311E+02,+3.584400E+04,-1.928786E+00,+0.000000E+00,+9.910000E+37,+4.098975E+02,+3.584400E+04
10:46:53,0e0,+8.887981E-01,+2.404000E-03,+9.910000E+37,+4.101182E+02,+3.584400E+04,+8.889819E-01,+2.404000E-03,+9.910000E+37,+4.101846E+02,+3.584400E+04,+8.885716E-01,+2.404000E-03,+9.910000E+37,+4.102520E+02,+3.584400E+04,-1.921409E+00,+0.000000E+00,+9.910000E+37,+4.103174E+02,+3.584400E+04
10:46:53,0e0,+9.118828E-01,+2.682500E-03,+9.910000E+37,+4.105381E+02,+3.584400E+04,+9.116102E-01,+2.682500E-03,+9.910000E+37,+4.106055E+02,+3.584400E+04,+9.136132E-01,+2.682500E-03,+9.910000E+37,+4.106719E+02,+3.584400E+04,-1.916355E+00,+0.000000E+00,+9.910000E+37,+4.107383E+02,+3.584400E+04
10:46:53,0e0,+9.388374E-01,+2.993500E-03,+9.910000E+37,+4.109609E+02,+3.584400E+04,+9.378364E-01,+2.993500E-03,+9.910000E+37,+4.110283E+02,+3.584400E+04,+9.386554E-01,+2.993500E-03,+9.910000E+37,+4.110938E+02,+3.584400E+04,-1.893086E+00,+0.000000E+00,+9.910000E+37,+4.111611E+02,+3.584400E+04
10:46:53,0e0,+9.637895E-01,+3.340500E-03,+9.910000E+37,+4.113867E+02,+3.584400E+04,+9.644719E-01,+3.340500E-03,+9.910000E+37,+4.114541E+02,+3.584400E+04,+9.633796E-01,+3.340500E-03,+9.910000E+37,+4.115195E+02,+3.584400E+04,-1.918630E+00,+0.000000E+00,+9.910000E+37,+4.115869E+02,+3.584400E+04
10:46:53,0e0,+9.910645E-01,+3.727500E-03,+9.910000E+37,+4.118066E+02,+3.584400E+04,+9.902892E-01,+3.727500E-03,+9.910000E+37,+4.118740E+02,+3.584400E+04,+9.910629E-01,+3.727500E-03,+9.910000E+37,+4.119395E+02,+3.584400E+04,-1.870090E+00,+0.000000E+00,+9.910000E+37,+4.120059E+02,+3.584400E+04
10:46:53,0e0,+1.019020E+00,+4.159500E-03,+9.910000E+37,+4.122305E+02,+3.584400E+04,+1.020932E+00,+4.159500E-03,+9.910000E+37,+4.122979E+02,+3.584400E+04,+1.020204E+00,+4.159500E-03,+9.910000E+37,+4.123633E+02,+3.584400E+04,-1.885298E+00,+0.000000E+00,+9.910000E+37,+4.124307E+02,+3.584400E+04
10:46:53,0e0,+1.049436E+00,+4.641500E-03,+9.910000E+37,+4.126553E+02,+3.584400E+04,+1.050392E+00,+4.641500E-03,+9.910000E+37,+4.127217E+02,+3.584400E+04,+1.049389E+00,+4.641500E-03,+9.910000E+37,+4.127891E+02,+3.584400E+04,-1.880153E+00,+0.000000E+00,+9.910000E+37,+4.128555E+02,+3.584400E+04
10:46:53,0e0,+1.081217E+00,+5.179500E-03,+9.910000E+37,+4.130781E+02,+3.584400E+04,+1.079304E+00,+5.179500E-03,+9.910000E+37,+4.131445E+02,+3.584400E+04,+1.080169E+00,+5.179500E-03,+9.910000E+37,+4.132119E+02,+3.584400E+04,-1.871136E+00,+0.000000E+00,+9.910000E+37,+4.132773E+02,+3.584400E+04
10:46:53,0e0,+1.113088E+00,+5.779500E-03,+9.910000E+37,+4.135000E+02,+3.584400E+04,+1.112408E+00,+5.779500E-03,+9.910000E+37,+4.135654E+02,+3.584400E+04,+1.113726E+00,+5.779500E-03,+9.910000E+37,+4.136328E+02,+3.584400E+04,-1.903468E+00,+0.000000E+00,+9.910000E+37,+4.136992E+02,+3.584400E+04
10:46:53,0e0,+1.146462E+00,+6.449500E-03,+9.910000E+37,+4.139189E+02,+3.584400E+04,+1.147784E+00,+6.449500E-03,+9.910000E+37,+4.139863E+02,+3.584400E+04,+1.146738E+00,+6.449500E-03,+9.910000E+37,+4.140518E+02,+3.584400E+04,-1.896136E+00,+0.000000E+00,+9.910000E+37,+4.141191E+02,+3.584400E+04
10:46:53,0e0,+1.182614E+00,+7.197000E-03,+9.910000E+37,+4.143398E+02,+3.584400E+04,+1.182435E+00,+7.197000E-03,+9.910000E+37,+4.144072E+02,+3.584400E+04,+1.182661E+00,+7.197000E-03,+9.910000E+37,+4.144736E+02,+3.584400E+04,-1.876511E+00,+0.000000E+00,+9.910000E+37,+4.145410E+02,+3.584400E+04
10:46:53,0e0,+1.221956E+00,+8.031000E-03,+9.910000E+37,+4.147607E+02,+3.584400E+04,+1.218903E+00,+8.031000E-03,+9.910000E+37,+4.148281E+02,+3.584400E+04,+1.219862E+00,+8.031000E-03,+9.910000E+37,+4.148945E+02,+3.584400E+04,-1.890808E+00,+0.000000E+00,+9.910000E+37,+4.149609E+02,+3.584400E+04
10:46:53,0e0,+1.258563E+00,+8.961500E-03,+9.910000E+37,+4.151895E+02,+3.584400E+04,+1.259793E+00,+8.961500E-03,+9.910000E+37,+4.152568E+02,+3.584400E+04,+1.259294E+00,+8.961500E-03,+9.910000E+37,+4.153223E+02,+3.584400E+04,-1.893950E+00,+0.000000E+00,+9.910000E+37,+4.153896E+02,+3.584400E+04
