11:00:32,0e0,+8.697733E-03,+1.000000E-07,+9.910000E+37,+1.167497E+03,+3.584400E+04,+8.515343E-03,+1.000000E-07,+9.910000E+37,+1.167563E+03,+3.584400E+04,+9.790525E-03,+1.000000E-07,+9.910000E+37,+1.167630E+03,+3.584400E+04,-8.421764E-03,+0.000000E+00,+9.910000E+37,+1.167696E+03,+3.584400E+04
11:00:32,0e0,+1.006348E-02,+1.116000E-07,+9.910000E+37,+1.167925E+03,+3.584400E+04,+1.133867E-02,+1.116000E-07,+9.910000E+37,+1.167991E+03,+3.584400E+04,+1.042750E-02,+1.116000E-07,+9.910000E+37,+1.168059E+03,+3.584400E+04,-7.009983E-03,+0.000000E+00,+9.910000E+37,+1.168124E+03,+3.584400E+04
11:00:32,0e0,+1.256751E-02,+1.245000E-07,+9.910000E+37,+1.168350E+03,+3.584400E+04,+1.343308E-02,+1.245000E-07,+9.910000E+37,+1.168417E+03,+3.584400E+04,+1.206668E-02,+1.245000E-07,+9.910000E+37,+1.168482E+03,+3.584400E+04,-5.416185E-03,+0.000000E+00,+9.910000E+37,+1.168549E+03,+3.584400E+04
11:00:32,0e0,+1.552719E-02,+1.389500E-07,+9.910000E+37,+1.168774E+03,+3.584400E+04,+1.466180E-02,+1.389500E-07,+9.910000E+37,+1.168841E+03,+3.584400E+04,+1.657459E-02,+1.389500E-07,+9.910000E+37,+1.168908E+03,+3.584400E+04,-6.827563E-03,+0.000000E+00,+9.910000E+37,+1.168976E+03,+3.584400E+04
11:00:32,0e0,+1.771252E-02,+1.550500E-07,+9.910000E+37,+1.169201E+03,+3.584400E+04,+1.798624E-02,+1.550500E-07,+9.910000E+37,+1.169268E+03,+3.584400E+04,+1.889664E-02,+1.550500E-07,+9.910000E+37,+1.169334E+03,+3.584400E+04,-6.645367E-03,+0.000000E+00,+9.910000E+37,+1.169401E+03,+3.584400E+04
11:00:32,0e0,+2.121879E-02,+1.730000E-07,+9.910000E+37,+1.169627E+03,+3.584400E+04,+1.967016E-02,+1.730000E-07,+9.910000E+37,+1.169693E+03,+3.584400E+04,+2.126423E-02,+1.730000E-07,+9.910000E+37,+1.169760E+03,+3.584400E+04,-5.871400E-03,+0.000000E+00,+9.910000E+37,+1.169826E+03,+3.584400E+04
11:00:32,0e0,+2.322134E-02,+1.930500E-07,+9.910000E+37,+1.170049E+03,+3.584400E+04,+2.458774E-02,+1.930500E-07,+9.910000E+37,+1.170115E+03,+3.584400E+04,+2.426904E-02,+1.930500E-07,+9.910000E+37,+1.170182E+03,+3.584400E+04,-5.461648E-03,+0.000000E+00,+9.910000E+37,+1.170249E+03,+3.584400E+04
11:00:32,0e0,+2.918658E-02,+2.154500E-07,+9.910000E+37,+1.170473E+03,+3.584400E+04,+2.777481E-02,+2.154500E-07,+9.910000E+37,+1.170539E+03,+3.584400E+04,+2.654539E-02,+2.154500E-07,+9.910000E+37,+1.170605E+03,+3.584400E+04,-6.828010E-03,+0.000000E+00,+9.910000E+37,+1.170673E+03,+3.584400E+04
11:00:32,0e0,+3.087053E-02,+2.404000E-07,+9.910000E+37,+1.170896E+03,+3.584400E+04,+3.187257E-02,+2.404000E-07,+9.910000E+37,+1.170963E+03,+3.584400E+04,+3.169060E-02,+2.404000E-07,+9.910000E+37,+1.171029E+03,+3.584400E+04,-5.143106E-03,+0.000000E+00,+9.910000E+37,+1.171097E+03,+3.584400E+04
11:00:32,0e0,+3.464931E-02,+2.682500E-07,+9.910000E+37,+1.171321E+03,+3.584400E+04,+3.483164E-02,+2.682500E-07,+9.910000E+37,+1.171389E+03,+3.584400E+04,+3.569698E-02,+2.682500E-07,+9.910000E+37,+1.171454E+03,+3.584400E+04,-7.465735E-03,+0.000000E+00,+9.910000E+37,+1.171521E+03,+3.584400E+04
11:00:32,0e0,+4.029536E-02,+2.993500E-07,+9.910000E+37,+1.171744E+03,+3.584400E+04,+3.879276E-02,+2.993500E-07,+9.910000E+37,+1.171812E+03,+3.584400E+04,+4.052323E-02,+2.993500E-07,+9.910000E+37,+1.171878E+03,+3.584400E+04,-6.964520E-03,+0.000000E+00,+9.910000E+37,+1.171943E+03,+3.584400E+04
11:00:32,0e0,+4.475719E-02,+3.340500E-07,+9.910000E+37,+1.172168E+03,+3.584400E+04,+4.553139E-02,+3.340500E-07,+9.910000E+37,+1.172235E+03,+3.584400E+04,+4.484850E-02,+3.340500E-07,+9.910000E+37,+1.172301E+03,+3.584400E+04,-7.966384E-03,+0.000000E+00,+9.910000E+37,+1.172367E+03,+3.584400E+04
11:00:32,0e0,+4.985616E-02,+3.727500E-07,+9.910000E+37,+1.172599E+03,+3.584400E+04,+4.944670E-02,+3.727500E-07,+9.910000E+37,+1.172665E+03,+3.584400E+04,+4.926419E-02,+3.727500E-07,+9.910000E+37,+1.172732E+03,+3.584400E+04,-5.598277E-03,+0.000000E+00,+9.910000E+37,+1.172799E+03,+3.584400E+04
11:00:32,0e0,+5.709580E-02,+4.159500E-07,+9.910000E+37,+1.173025E+03,+3.584400E+04,+5.691409E-02,+4.159500E-07,+9.910000E+37,+1.173091E+03,+3.584400E+04,+5.572972E-02,+4.159500E-07,+9.910000E+37,+1.173157E+03,+3.584400E+04,-7.602200E-03,+0.000000E+00,+9.910000E+37,+1.173225E+03,+3.584400E+04
11:00:32,0e0,+6.287783E-02,+4.641500E-07,+9.910000E+37,+1.173454E+03,+3.584400E+04,+6.479049E-02,+4.641500E-07,+9.910000E+37,+1.173521E+03,+3.584400E+04,+6.410775E-02,+4.641500E-07,+9.910000E+37,+1.173588E+03,+3.584400E+04,-6.509036E-03,+0.000000E+00,+9.910000E+37,+1.173653E+03,+3.584400E+04
11:00:32,0e0,+7.116503E-02,+5.179500E-07,+9.910000E+37,+1.173877E+03,+3.584400E+04,+7.139242E-02,+5.179500E-07,+9.910000E+37,+1.173943E+03,+3.584400E+04,+7.102779E-02,+5.179500E-07,+9.910000E+37,+1.174009E+03,+3.584400E+04,-7.875249E-03,+0.000000E+00,+9.910000E+37,+1.174075E+03,+3.584400E+04
11:00:32,0e0,+8.054385E-02,+5.779500E-07,+9.910000E+37,+1.174301E+03,+3.584400E+04,+7.895017E-02,+5.779500E-07,+9.910000E+37,+1.174368E+03,+3.584400E+04,+7.785708E-02,+5.779500E-07,+9.910000E+37,+1.174435E+03,+3.584400E+04,-5.370960E-03,+0.000000E+00,+9.910000E+37,+1.174500E+03,+3.584400E+04
11:00:32,0e0,+8.883014E-02,+6.449500E-07,+9.910000E+37,+1.174725E+03,+3.584400E+04,+9.005931E-02,+6.449500E-07,+9.910000E+37,+1.174791E+03,+3.584400E+04,+8.892086E-02,+6.449500E-07,+9.910000E+37,+1.174857E+03,+3.584400E+04,-6.781816E-03,+0.000000E+00,+9.910000E+37,+1.174925E+03,+3.584400E+04
11:00:32,0e0,+9.880063E-02,+7.197000E-07,+9.910000E+37,+1.175149E+03,+3.584400E+04,+9.761736E-02,+7.197000E-07,+9.910000E+37,+1.175217E+03,+3.584400E+04,+9.930250E-02,+7.197000E-07,+9.910000E+37,+1.175283E+03,+3.584400E+04,-6.509140E-03,+0.000000E+00,+9.910000E+37,+1.175349E+03,+3.584400E+04
11:00:32,0e0,+1.090912E-01,+8.031000E-07,+9.910000E+37,+1.175570E+03,+3.584400E+04,+1.093642E-01,+8.031000E-07,+9.910000E+37,+1.175638E+03,+3.584400E+04,+1.083162E-01,+8.031000E-07,+9.910000E+37,+1.175703E+03,+3.584400E+04,-5.643696E-03,+0.000000E+00,+9.910000E+37,+1.175771E+03,+3.584400E+04
11:00:32,0e0,+1.211559E-01,+8.961500E-07,+9.910000E+37,+1.175994E+03,+3.584400E+04,+1.211561E-01,+8.961500E-07,+9.910000E+37,+1.176062E+03,+3.584400E+04,+1.221130E-01,+8.961500E-07,+9.910000E+37,+1.176129E+03,+3.584400E+04,-6.508902E-03,+0.000000E+00,+9.910000E+37,+1.176194E+03,+3.584400E+04
11:00:32,0e0,+1.341776E-01,+1.000000E-06,+9.910000E+37,+1.176418E+03,+3.584400E+04,+1.336770E-01,+1.000000E-06,+9.910000E+37,+1.176484E+03,+3.584400E+04,+1.344965E-01,+1.000000E-06,+9.910000E+37,+1.176551E+03,+3.584400E+04,-5.507246E-03,+0.000000E+00,+9.910000E+37,+1.176616E+03,+3.584400E+04
11:00:32,0e0,+1.357258E-01,+1.116000E-06,+9.910000E+37,+1.176842E+03,+3.584400E+04,+1.367274E-01,+1.116000E-06,+9.910000E+37,+1.176909E+03,+3.584400E+04,+1.354071E-01,+1.116000E-06,+9.910000E+37,+1.176975E+03,+3.584400E+04,-7.738695E-03,+0.000000E+00,+9.910000E+37,+1.177042E+03,+3.584400E+04
11:00:32,0e0,+1.505680E-01,+1.245000E-06,+9.910000E+37,+1.177266E+03,+3.584400E+04,+1.498396E-01,+1.245000E-06,+9.910000E+37,+1.177332E+03,+3.584400E+04,+1.504324E-01,+1.245000E-06,+9.910000E+37,+1.177399E+03,+3.584400E+04,-6.645635E-03,+0.000000E+00,+9.910000E+37,+1.177465E+03,+3.584400E+04
11:00:32,0e0,+1.642268E-01,+1.389500E-06,+9.910000E+37,+1.177688E+03,+3.584400E+04,+1.650476E-01,+1.389500E-06,+9.910000E+37,+1.177755E+03,+3.584400E+04,+1.646366E-01,+1.389500E-06,+9.910000E+37,+1.177822E+03,+3.584400E+04,-6.827563E-03,+0.000000E+00,+9.910000E+37,+1.177888E+03,+3.584400E+04
11:00:32,0e0,+1.827123E-01,+1.550500E-06,+9.910000E+37,+1.178109E+03,+3.584400E+04,+1.832596E-01,+1.550500E-06,+9.910000E+37,+1.178177E+03,+3.584400E+04,+1.830773E-01,+1.550500E-06,+9.910000E+37,+1.178242E+03,+3.584400E+04,-8.285120E-03,+0.000000E+00,+9.910000E+37,+1.178309E+03,+3.584400E+04
11:00:32,0e0,+2.002870E-01,+1.730000E-06,+9.910000E+37,+1.178535E+03,+3.584400E+04,+1.999226E-01,+1.730000E-06,+9.910000E+37,+1.178601E+03,+3.584400E+04,+2.003330E-01,+1.730000E-06,+9.910000E+37,+1.178667E+03,+3.584400E+04,-7.328987E-03,+0.000000E+00,+9.910000E+37,+1.178734E+03,+3.584400E+04
11:00:32,0e0,+2.190441E-01,+1.930500E-06,+9.910000E+37,+1.178954E+03,+3.584400E+04,+2.193637E-01,+1.930500E-06,+9.910000E+37,+1.179021E+03,+3.584400E+04,+2.194090E-01,+1.930500E-06,+9.910000E+37,+1.179087E+03,+3.584400E+04,-6.099448E-03,+0.000000E+00,+9.910000E+37,+1.179153E+03,+3.584400E+04
11:00:32,0e0,+2.421739E-01,+2.154500E-06,+9.910000E+37,+1.179374E+03,+3.584400E+04,+2.412644E-01,+2.154500E-06,+9.910000E+37,+1.179441E+03,+3.584400E+04,+2.420384E-01,+2.154500E-06,+9.910000E+37,+1.179507E+03,+3.584400E+04,-6.326884E-03,+0.000000E+00,+9.910000E+37,+1.179573E+03,+3.584400E+04
11:00:32,0e0,+2.650757E-01,+2.404000E-06,+9.910000E+37,+1.179794E+03,+3.584400E+04,+2.652123E-01,+2.404000E-06,+9.910000E+37,+1.179860E+03,+3.584400E+04,+2.631171E-01,+2.404000E-06,+9.910000E+37,+1.179928E+03,+3.584400E+04,-6.372735E-03,+0.000000E+00,+9.910000E+37,+1.179995E+03,+3.584400E+04
11:00:32,0e0,+2.892060E-01,+2.682500E-06,+9.910000E+37,+1.180219E+03,+3.584400E+04,+2.897074E-01,+2.682500E-06,+9.910000E+37,+1.180285E+03,+3.584400E+04,+2.891609E-01,+2.682500E-06,+9.910000E+37,+1.180352E+03,+3.584400E+04,-6.736398E-03,+0.000000E+00,+9.910000E+37,+1.180418E+03,+3.584400E+04
11:00:32,0e0,+3.158868E-01,+2.993500E-06,+9.910000E+37,+1.180644E+03,+3.584400E+04,+3.167073E-01,+2.993500E-06,+9.910000E+37,+1.180710E+03,+3.584400E+04,+3.157959E-01,+2.993500E-06,+9.910000E+37,+1.180776E+03,+3.584400E+04,-6.326705E-03,+0.000000E+00,+9.910000E+37,+1.180843E+03,+3.584400E+04
11:00:32,0e0,+3.455269E-01,+3.340500E-06,+9.910000E+37,+1.181069E+03,+3.584400E+04,+3.451168E-01,+3.340500E-06,+9.910000E+37,+1.181135E+03,+3.584400E+04,+3.462563E-01,+3.340500E-06,+9.910000E+37,+1.181201E+03,+3.584400E+04,-7.420227E-03,+0.000000E+00,+9.910000E+37,+1.181269E+03,+3.584400E+04
11:00:32,0e0,+3.770331E-01,+3.727500E-06,+9.910000E+37,+1.181492E+03,+3.584400E+04,+3.783534E-01,+3.727500E-06,+9.910000E+37,+1.181560E+03,+3.584400E+04,+3.769413E-01,+3.727500E-06,+9.910000E+37,+1.181625E+03,+3.584400E+04,-7.283226E-03,+0.000000E+00,+9.910000E+37,+1.181691E+03,+3.584400E+04
11:00:32,0e0,+4.128649E-01,+4.159500E-06,+9.910000E+37,+1.181918E+03,+3.584400E+04,+4.125920E-01,+4.159500E-06,+9.910000E+37,+1.181984E+03,+3.584400E+04,+4.122742E-01,+4.159500E-06,+9.910000E+37,+1.182052E+03,+3.584400E+04,-6.782442E-03,+0.000000E+00,+9.910000E+37,+1.182117E+03,+3.584400E+04
11:00:32,0e0,+4.490150E-01,+4.641500E-06,+9.910000E+37,+1.182342E+03,+3.584400E+04,+4.487421E-01,+4.641500E-06,+9.910000E+37,+1.182408E+03,+3.584400E+04,+4.481498E-01,+4.641500E-06,+9.910000E+37,+1.182476E+03,+3.584400E+04,-6.418243E-03,+0.000000E+00,+9.910000E+37,+1.182542E+03,+3.584400E+04
11:00:32,0e0,+4.892644E-01,+5.179500E-06,+9.910000E+37,+1.182768E+03,+3.584400E+04,+4.875329E-01,+5.179500E-06,+9.910000E+37,+1.182835E+03,+3.584400E+04,+4.889910E-01,+5.179500E-06,+9.910000E+37,+1.182900E+03,+3.584400E+04,-6.827801E-03,+0.000000E+00,+9.910000E+37,+1.182967E+03,+3.584400E+04
11:00:32,0e0,+5.312876E-01,+5.779500E-06,+9.910000E+37,+1.183192E+03,+3.584400E+04,+5.306504E-01,+5.779500E-06,+9.910000E+37,+1.183259E+03,+3.584400E+04,+5.312866E-01,+5.779500E-06,+9.910000E+37,+1.183326E+03,+3.584400E+04,-5.552754E-03,+0.000000E+00,+9.910000E+37,+1.183394E+03,+3.584400E+04
11:00:32,0e0,+5.762716E-01,+6.449500E-06,+9.910000E+37,+1.183617E+03,+3.584400E+04,+5.767720E-01,+6.449500E-06,+9.910000E+37,+1.183684E+03,+3.584400E+04,+5.769555E-01,+6.449500E-06,+9.910000E+37,+1.183751E+03,+3.584400E+04,-6.964400E-03,+0.000000E+00,+9.910000E+37,+1.183818E+03,+3.584400E+04
11:00:32,0e0,+6.249433E-01,+7.197000E-06,+9.910000E+37,+1.184043E+03,+3.584400E+04,+6.244872E-01,+7.197000E-06,+9.910000E+37,+1.184109E+03,+3.584400E+04,+6.263106E-01,+7.197000E-06,+9.910000E+37,+1.184177E+03,+3.584400E+04,-7.009774E-03,+0.000000E+00,+9.910000E+37,+1.184242E+03,+3.584400E+04
11:00:32,0e0,+6.779833E-01,+8.031000E-06,+9.910000E+37,+1.184469E+03,+3.584400E+04,+6.769360E-01,+8.031000E-06,+9.910000E+37,+1.184535E+03,+3.584400E+04,+6.790313E-01,+8.031000E-06,+9.910000E+37,+1.184602E+03,+3.584400E+04,-5.871296E-03,+0.000000E+00,+9.910000E+37,+1.184669E+03,+3.584400E+04
11:00:32,0e0,+7.335311E-01,+8.961500E-06,+9.910000E+37,+1.184892E+03,+3.584400E+04,+7.332584E-01,+8.961500E-06,+9.910000E+37,+1.184958E+03,+3.584400E+04,+7.335756E-01,+8.961500E-06,+9.910000E+37,+1.185025E+03,+3.584400E+04,-8.375913E-03,+0.000000E+00,+9.910000E+37,+1.185093E+03,+3.584400E+04
11:00:32,0e0,+7.913073E-01,+1.000000E-05,+9.910000E+37,+1.185318E+03,+3.584400E+04,+7.920357E-01,+1.000000E-05,+9.910000E+37,+1.185385E+03,+3.584400E+04,+7.914883E-01,+1.000000E-05,+9.910000E+37,+1.185451E+03,+3.584400E+04,-7.602006E-03,+0.000000E+00,+9.910000E+37,+1.185518E+03,+3.584400E+04
11:00:32,0e0,+8.398889E-01,+1.116000E-05,+9.910000E+37,+1.185741E+03,+3.584400E+04,+8.412999E-01,+1.116000E-05,+9.910000E+37,+1.185808E+03,+3.584400E+04,+8.405710E-01,+1.116000E-05,+9.910000E+37,+1.185875E+03,+3.584400E+04,-8.148178E-03,+0.000000E+00,+9.910000E+37,+1.185940E+03,+3.584400E+04
11:00:32,0e0,+9.038124E-01,+1.245000E-05,+9.910000E+37,+1.186156E+03,+3.584400E+04,+9.039932E-01,+1.245000E-05,+9.910000E+37,+1.186222E+03,+3.584400E+04,+9.035839E-01,+1.245000E-05,+9.910000E+37,+1.186289E+03,+3.584400E+04,-8.102879E-03,+0.000000E+00,+9.910000E+37,+1.186356E+03,+3.584400E+04
11:00:32,0e0,+9.699185E-01,+1.389500E-05,+9.910000E+37,+1.186577E+03,+3.584400E+04,+9.710591E-01,+1.389500E-05,+9.910000E+37,+1.186645E+03,+3.584400E+04,+9.709233E-01,+1.389500E-05,+9.910000E+37,+1.186712E+03,+3.584400E+04,-7.055327E-03,+0.000000E+00,+9.910000E+37,+1.186779E+03,+3.584400E+04
11:00:32,0e0,+1.041996E+00,+1.550500E-05,+9.910000E+37,+1.186992E+03,+3.584400E+04,+1.041358E+00,+1.550500E-05,+9.910000E+37,+1.187060E+03,+3.584400E+04,+1.042087E+00,+1.550500E-05,+9.910000E+37,+1.187126E+03,+3.584400E+04,-8.239210E-03,+0.000000E+00,+9.910000E+37,+1.187193E+03,+3.584400E+04
11:00:32,0e0,+1.114157E+00,+1.730000E-05,+9.910000E+37,+1.187407E+03,+3.584400E+04,+1.116343E+00,+1.730000E-05,+9.910000E+37,+1.187475E+03,+3.584400E+04,+1.115294E+00,+1.730000E-05,+9.910000E+37,+1.187540E+03,+3.584400E+04,-6.964162E-03,+0.000000E+00,+9.910000E+37,+1.187607E+03,+3.584400E+04
11:00:32,0e0,+1.193970E+00,+1.930500E-05,+9.910000E+37,+1.187824E+03,+3.584400E+04,+1.193380E+00,+1.930500E-05,+9.910000E+37,+1.187891E+03,+3.584400E+04,+1.194201E+00,+1.930500E-05,+9.910000E+37,+1.187958E+03,+3.584400E+04,-7.966116E-03,+0.000000E+00,+9.910000E+37,+1.188025E+03,+3.584400E+04
11:00:32,0e0,+1.275927E+00,+2.154500E-05,+9.910000E+37,+1.188240E+03,+3.584400E+04,+1.276157E+00,+2.154500E-05,+9.910000E+37,+1.188308E+03,+3.584400E+04,+1.277884E+00,+2.154500E-05,+9.910000E+37,+1.188373E+03,+3.584400E+04,-8.057296E-03,+0.000000E+00,+9.910000E+37,+1.188440E+03,+3.584400E+04
11:00:32,0e0,+1.363118E+00,+2.404000E-05,+9.910000E+37,+1.188656E+03,+3.584400E+04,+1.362979E+00,+2.404000E-05,+9.910000E+37,+1.188724E+03,+3.584400E+04,+1.363389E+00,+2.404000E-05,+9.910000E+37,+1.188789E+03,+3.584400E+04,-8.421525E-03,+0.000000E+00,+9.910000E+37,+1.188855E+03,+3.584400E+04
11:00:32,0e0,+1.452990E+00,+2.682500E-05,+9.910000E+37,+1.189071E+03,+3.584400E+04,+1.452901E+00,+2.682500E-05,+9.910000E+37,+1.189138E+03,+3.584400E+04,+1.452491E+00,+2.682500E-05,+9.910000E+37,+1.189205E+03,+3.584400E+04,-8.831277E-03,+0.000000E+00,+9.910000E+37,+1.189277E+03,+3.584400E+04
11:00:32,0e0,+1.546193E+00,+2.993500E-05,+9.910000E+37,+1.189499E+03,+3.584400E+04,+1.547738E+00,+2.993500E-05,+9.910000E+37,+1.189566E+03,+3.584400E+04,+1.547602E+00,+2.993500E-05,+9.910000E+37,+1.189632E+03,+3.584400E+04,-8.148417E-03,+0.000000E+00,+9.910000E+37,+1.189700E+03,+3.584400E+04
11:00:32,0e0,+1.645859E+00,+3.340500E-05,+9.910000E+37,+1.189914E+03,+3.584400E+04,+1.646541E+00,+3.340500E-05,+9.910000E+37,+1.189979E+03,+3.584400E+04,+1.645308E+00,+3.340500E-05,+9.910000E+37,+1.190046E+03,+3.584400E+04,-8.649513E-03,+0.000000E+00,+9.910000E+37,+1.190112E+03,+3.584400E+04
11:00:32,0e0,+1.749344E+00,+3.727500E-05,+9.910000E+37,+1.190326E+03,+3.584400E+04,+1.751439E+00,+3.727500E-05,+9.910000E+37,+1.190392E+03,+3.584400E+04,+1.749160E+00,+3.727500E-05,+9.910000E+37,+1.190459E+03,+3.584400E+04,-6.964579E-03,+0.000000E+00,+9.910000E+37,+1.190526E+03,+3.584400E+04
11:00:32,0e0,+1.858525E+00,+4.159500E-05,+9.910000E+37,+1.190745E+03,+3.584400E+04,+1.859757E+00,+4.159500E-05,+9.910000E+37,+1.190813E+03,+3.584400E+04,+1.859343E+00,+4.159500E-05,+9.910000E+37,+1.190878E+03,+3.584400E+04,-7.965848E-03,+0.000000E+00,+9.910000E+37,+1.190944E+03,+3.584400E+04
11:00:32,0e0,+1.972759E+00,+4.641500E-05,+9.910000E+37,+1.191160E+03,+3.584400E+04,+1.973670E+00,+4.641500E-05,+9.910000E+37,+1.191226E+03,+3.584400E+04,+1.973990E+00,+4.641500E-05,+9.910000E+37,+1.191292E+03,+3.584400E+04,-7.601649E-03,+0.000000E+00,+9.910000E+37,+1.191359E+03,+3.584400E+04
11:00:32,0e0,+2.092046E+00,+5.179500E-05,+9.910000E+37,+1.191575E+03,+3.584400E+04,+2.094007E+00,+5.179500E-05,+9.910000E+37,+1.191641E+03,+3.584400E+04,+2.093957E+00,+5.179500E-05,+9.910000E+37,+1.191708E+03,+3.584400E+04,-8.148387E-03,+0.000000E+00,+9.910000E+37,+1.191773E+03,+3.584400E+04
11:00:32,0e0,+2.218846E+00,+5.779500E-05,+9.910000E+37,+1.191988E+03,+3.584400E+04,+2.219256E+00,+5.779500E-05,+9.910000E+37,+1.192055E+03,+3.584400E+04,+2.217793E+00,+5.779500E-05,+9.910000E+37,+1.192122E+03,+3.584400E+04,-7.374510E-03,+0.000000E+00,+9.910000E+37,+1.192190E+03,+3.584400E+04
11:00:32,0e0,+2.351976E+00,+6.449500E-05,+9.910000E+37,+1.192411E+03,+3.584400E+04,+2.351969E+00,+6.449500E-05,+9.910000E+37,+1.192478E+03,+3.584400E+04,+2.352247E+00,+6.449500E-05,+9.910000E+37,+1.192545E+03,+3.584400E+04,-7.693022E-03,+0.000000E+00,+9.910000E+37,+1.192613E+03,+3.584400E+04
11:00:32,0e0,+2.490664E+00,+7.197000E-05,+9.910000E+37,+1.192835E+03,+3.584400E+04,+2.492569E+00,+7.197000E-05,+9.910000E+37,+1.192900E+03,+3.584400E+04,+2.490742E+00,+7.197000E-05,+9.910000E+37,+1.192968E+03,+3.584400E+04,-6.327063E-03,+0.000000E+00,+9.910000E+37,+1.193040E+03,+3.584400E+04
11:00:32,0e0,+2.636853E+00,+8.031000E-05,+9.910000E+37,+1.193263E+03,+3.584400E+04,+2.638265E+00,+8.031000E-05,+9.910000E+37,+1.193330E+03,+3.584400E+04,+2.636759E+00,+8.031000E-05,+9.910000E+37,+1.193396E+03,+3.584400E+04,-8.786246E-03,+0.000000E+00,+9.910000E+37,+1.193465E+03,+3.584400E+04
11:00:32,0e0,+2.790426E+00,+8.961500E-05,+9.910000E+37,+1.193688E+03,+3.584400E+04,+2.792747E+00,+8.961500E-05,+9.910000E+37,+1.193755E+03,+3.584400E+04,+2.791971E+00,+8.961500E-05,+9.910000E+37,+1.193820E+03,+3.584400E+04,-7.693082E-03,+0.000000E+00,+9.910000E+37,+1.193889E+03,+3.584400E+04
11:00:32,0e0,+2.951508E+00,+1.000000E-04,+9.910000E+37,+1.194099E+03,+3.584400E+04,+2.952506E+00,+1.000000E-04,+9.910000E+37,+1.194165E+03,+3.584400E+04,+2.954240E+00,+1.000000E-04,+9.910000E+37,+1.194232E+03,+3.584400E+04,-7.602185E-03,+0.000000E+00,+9.910000E+37,+1.194298E+03,+3.584400E+04
11:00:32,0e0,+3.109771E+00,+1.116000E-04,+9.910000E+37,+1.194511E+03,+3.584400E+04,+3.110953E+00,+1.116000E-04,+9.910000E+37,+1.194578E+03,+3.584400E+04,+3.111411E+00,+1.116000E-04,+9.910000E+37,+1.194644E+03,+3.584400E+04,-1.347563E-02,+0.000000E+00,+9.910000E+37,+1.194711E+03,+3.584400E+04
11:00:32,0e0,+3.286381E+00,+1.245000E-04,+9.910000E+37,+1.194934E+03,+3.584400E+04,+3.287752E+00,+1.245000E-04,+9.910000E+37,+1.195000E+03,+3.584400E+04,+3.287744E+00,+1.245000E-04,+9.910000E+37,+1.195065E+03,+3.584400E+04,-1.465881E-02,+0.000000E+00,+9.910000E+37,+1.195133E+03,+3.584400E+04
11:00:32,0e0,+3.471542E+00,+1.389500E-04,+9.910000E+37,+1.195354E+03,+3.584400E+04,+3.473876E+00,+1.389500E-04,+9.910000E+37,+1.195421E+03,+3.584400E+04,+3.474829E+00,+1.389500E-04,+9.910000E+37,+1.195486E+03,+3.584400E+04,-1.461321E-02,+0.000000E+00,+9.910000E+37,+1.195554E+03,+3.584400E+04
11:00:32,0e0,+3.665909E+00,+1.550500E-04,+9.910000E+37,+1.195775E+03,+3.584400E+04,+3.667545E+00,+1.550500E-04,+9.910000E+37,+1.195843E+03,+3.584400E+04,+3.670376E+00,+1.550500E-04,+9.910000E+37,+1.195910E+03,+3.584400E+04,-1.461352E-02,+0.000000E+00,+9.910000E+37,+1.195976E+03,+3.584400E+04
11:00:32,0e0,+3.870703E+00,+1.730000E-04,+9.910000E+37,+1.196196E+03,+3.584400E+04,+3.872758E+00,+1.730000E-04,+9.910000E+37,+1.196263E+03,+3.584400E+04,+3.872111E+00,+1.730000E-04,+9.910000E+37,+1.196329E+03,+3.584400E+04,-1.397598E-02,+0.000000E+00,+9.910000E+37,+1.196396E+03,+3.584400E+04
11:00:32,0e0,+4.083879E+00,+1.930500E-04,+9.910000E+37,+1.196617E+03,+3.584400E+04,+4.086071E+00,+1.930500E-04,+9.910000E+37,+1.196684E+03,+3.584400E+04,+4.085785E+00,+1.930500E-04,+9.910000E+37,+1.196751E+03,+3.584400E+04,-1.424938E-02,+0.000000E+00,+9.910000E+37,+1.196816E+03,+3.584400E+04
11:00:32,0e0,+4.306377E+00,+2.154500E-04,+9.910000E+37,+1.197038E+03,+3.584400E+04,+4.308117E+00,+2.154500E-04,+9.910000E+37,+1.197104E+03,+3.584400E+04,+4.307882E+00,+2.154500E-04,+9.910000E+37,+1.197171E+03,+3.584400E+04,-1.434049E-02,+0.000000E+00,+9.910000E+37,+1.197237E+03,+3.584400E+04
11:00:32,0e0,+4.536860E+00,+2.404000E-04,+9.910000E+37,+1.197459E+03,+3.584400E+04,+4.538680E+00,+2.404000E-04,+9.910000E+37,+1.197524E+03,+3.584400E+04,+4.539993E+00,+2.404000E-04,+9.910000E+37,+1.197592E+03,+3.584400E+04,-1.488641E-02,+0.000000E+00,+9.910000E+37,+1.197657E+03,+3.584400E+04
11:00:32,0e0,+4.774971E+00,+2.682500E-04,+9.910000E+37,+1.197880E+03,+3.584400E+04,+4.776564E+00,+2.682500E-04,+9.910000E+37,+1.197947E+03,+3.584400E+04,+4.778978E+00,+2.682500E-04,+9.910000E+37,+1.198013E+03,+3.584400E+04,-1.620750E-02,+0.000000E+00,+9.910000E+37,+1.198079E+03,+3.584400E+04
11:00:32,0e0,+5.020642E+00,+2.993500E-04,+9.910000E+37,+1.198307E+03,+3.584400E+04,+5.022556E+00,+2.993500E-04,+9.910000E+37,+1.198373E+03,+3.584400E+04,+5.024484E+00,+2.993500E-04,+9.910000E+37,+1.198440E+03,+3.584400E+04,-1.393045E-02,+0.000000E+00,+9.910000E+37,+1.198506E+03,+3.584400E+04
11:00:32,0e0,+5.273880E+00,+3.340500E-04,+9.910000E+37,+1.198733E+03,+3.584400E+04,+5.276162E+00,+3.340500E-04,+9.910000E+37,+1.198799E+03,+3.584400E+04,+5.276160E+00,+3.340500E-04,+9.910000E+37,+1.198866E+03,+3.584400E+04,-1.552466E-02,+0.000000E+00,+9.910000E+37,+1.198932E+03,+3.584400E+04
11:00:32,0e0,+5.532175E+00,+3.727500E-04,+9.910000E+37,+1.199154E+03,+3.584400E+04,+5.533092E+00,+3.727500E-04,+9.910000E+37,+1.199220E+03,+3.584400E+04,+5.533311E+00,+3.727500E-04,+9.910000E+37,+1.199286E+03,+3.584400E+04,-1.402150E-02,+0.000000E+00,+9.910000E+37,+1.199353E+03,+3.584400E+04
11:00:32,0e0,+5.791421E+00,+4.159500E-04,+9.910000E+37,+1.199578E+03,+3.584400E+04,+5.794013E+00,+4.159500E-04,+9.910000E+37,+1.199644E+03,+3.584400E+04,+5.792868E+00,+4.159500E-04,+9.910000E+37,+1.199711E+03,+3.584400E+04,-1.479556E-02,+0.000000E+00,+9.910000E+37,+1.199777E+03,+3.584400E+04
11:00:32,0e0,+6.051450E+00,+4.641500E-04,+9.910000E+37,+1.199999E+03,+3.584400E+04,+6.053174E+00,+4.641500E-04,+9.910000E+37,+1.200064E+03,+3.584400E+04,+6.053859E+00,+4.641500E-04,+9.910000E+37,+1.200132E+03,+3.584400E+04,-1.543337E-02,+0.000000E+00,+9.910000E+37,+1.200197E+03,+3.584400E+04
11:00:32,0e0,+6.307949E+00,+5.179500E-04,+9.910000E+37,+1.200419E+03,+3.584400E+04,+6.308948E+00,+5.179500E-04,+9.910000E+37,+1.200486E+03,+3.584400E+04,+6.309834E+00,+5.179500E-04,+9.910000E+37,+1.200553E+03,+3.584400E+04,-1.402181E-02,+0.000000E+00,+9.910000E+37,+1.200620E+03,+3.584400E+04
11:00:32,0e0,+6.557601E+00,+5.779500E-04,+9.910000E+37,+1.200842E+03,+3.584400E+04,+6.561558E+00,+5.779500E-04,+9.910000E+37,+1.200909E+03,+3.584400E+04,+6.559513E+00,+5.779500E-04,+9.910000E+37,+1.200977E+03,+3.584400E+04,-1.534238E-02,+0.000000E+00,+9.910000E+37,+1.201042E+03,+3.584400E+04
11:00:32,0e0,+6.797936E+00,+6.449500E-04,+9.910000E+37,+1.201263E+03,+3.584400E+04,+6.799950E+00,+6.449500E-04,+9.910000E+37,+1.201330E+03,+3.584400E+04,+6.798456E+00,+6.449500E-04,+9.910000E+37,+1.201397E+03,+3.584400E+04,-1.638953E-02,+0.000000E+00,+9.910000E+37,+1.201463E+03,+3.584400E+04
11:00:32,0e0,+7.024257E+00,+7.197000E-04,+9.910000E+37,+1.201686E+03,+3.584400E+04,+7.026922E+00,+7.197000E-04,+9.910000E+37,+1.201753E+03,+3.584400E+04,+7.025177E+00,+7.197000E-04,+9.910000E+37,+1.201819E+03,+3.584400E+04,-1.470444E-02,+0.000000E+00,+9.910000E+37,+1.201886E+03,+3.584400E+04
11:00:32,0e0,+7.240866E+00,+8.031000E-04,+9.910000E+37,+1.202112E+03,+3.584400E+04,+7.241907E+00,+8.031000E-04,+9.910000E+37,+1.202178E+03,+3.584400E+04,+7.238620E+00,+8.031000E-04,+9.910000E+37,+1.202244E+03,+3.584400E+04,-1.347545E-02,+0.000000E+00,+9.910000E+37,+1.202312E+03,+3.584400E+04
11:00:32,0e0,+7.445237E+00,+8.961500E-04,+9.910000E+37,+1.202538E+03,+3.584400E+04,+7.445197E+00,+8.961500E-04,+9.910000E+37,+1.202604E+03,+3.584400E+04,+7.442094E+00,+8.961500E-04,+9.910000E+37,+1.202670E+03,+3.584400E+04,-1.420361E-02,+0.000000E+00,+9.910000E+37,+1.202737E+03,+3.584400E+04
11:00:32,0e0,+7.639381E+00,+1.000000E-03,+9.910000E+37,+1.202955E+03,+3.584400E+04,+7.638651E+00,+1.000000E-03,+9.910000E+37,+1.203021E+03,+3.584400E+04,+7.636280E+00,+1.000000E-03,+9.910000E+37,+1.203088E+03,+3.584400E+04,-1.347543E-02,+0.000000E+00,+9.910000E+37,+1.203153E+03,+3.584400E+04
11:00:32,0e0,+7.811301E+00,+1.116000E-03,+9.910000E+37,+1.203379E+03,+3.584400E+04,+7.811753E+00,+1.116000E-03,+9.910000E+37,+1.203444E+03,+3.584400E+04,+7.809214E+00,+1.116000E-03,+9.910000E+37,+1.203511E+03,+3.584400E+04,-1.426887E-01,+0.000000E+00,+9.910000E+37,+1.203578E+03,+3.584400E+04
11:00:32,0e0,+7.990610E+00,+1.245000E-03,+9.910000E+37,+1.203797E+03,+3.584400E+04,+7.989439E+00,+1.245000E-03,+9.910000E+37,+1.203862E+03,+3.584400E+04,+7.986714E+00,+1.245000E-03,+9.910000E+37,+1.203929E+03,+3.584400E+04,-1.440089E-01,+0.000000E+00,+9.910000E+37,+1.203994E+03,+3.584400E+04
11:00:32,0e0,+8.166938E+00,+1.389500E-03,+9.910000E+37,+1.204222E+03,+3.584400E+04,+8.165162E+00,+1.389500E-03,+9.910000E+37,+1.204289E+03,+3.584400E+04,+8.160316E+00,+1.389500E-03,+9.910000E+37,+1.204356E+03,+3.584400E+04,-1.413682E-01,+0.000000E+00,+9.910000E+37,+1.204423E+03,+3.584400E+04
11:00:32,0e0,+8.336071E+00,+1.550500E-03,+9.910000E+37,+1.204648E+03,+3.584400E+04,+8.334443E+00,+1.550500E-03,+9.910000E+37,+1.204715E+03,+3.584400E+04,+8.331297E+00,+1.550500E-03,+9.910000E+37,+1.204781E+03,+3.584400E+04,-1.400935E-01,+0.000000E+00,+9.910000E+37,+1.204848E+03,+3.584400E+04
11:00:32,0e0,+8.503114E+00,+1.730000E-03,+9.910000E+37,+1.205069E+03,+3.584400E+04,+8.501676E+00,+1.730000E-03,+9.910000E+37,+1.205136E+03,+3.584400E+04,+8.498605E+00,+1.730000E-03,+9.910000E+37,+1.205202E+03,+3.584400E+04,-1.401391E-01,+0.000000E+00,+9.910000E+37,+1.205269E+03,+3.584400E+04
11:00:32,0e0,+8.670323E+00,+1.930500E-03,+9.910000E+37,+1.205490E+03,+3.584400E+04,+8.668847E+00,+1.930500E-03,+9.910000E+37,+1.205557E+03,+3.584400E+04,+8.666626E+00,+1.930500E-03,+9.910000E+37,+1.205623E+03,+3.584400E+04,-1.395471E-01,+0.000000E+00,+9.910000E+37,+1.205689E+03,+3.584400E+04
11:00:32,0e0,+8.839537E+00,+2.154500E-03,+9.910000E+37,+1.205915E+03,+3.584400E+04,+8.838162E+00,+2.154500E-03,+9.910000E+37,+1.205982E+03,+3.584400E+04,+8.834166E+00,+2.154500E-03,+9.910000E+37,+1.206050E+03,+3.584400E+04,-1.348119E-01,+0.000000E+00,+9.910000E+37,+1.206115E+03,+3.584400E+04
11:00:32,0e0,+9.005887E+00,+2.404000E-03,+9.910000E+37,+1.206340E+03,+3.584400E+04,+9.006951E+00,+2.404000E-03,+9.910000E+37,+1.206407E+03,+3.584400E+04,+9.006103E+00,+2.404000E-03,+9.910000E+37,+1.206473E+03,+3.584400E+04,-1.400025E-01,+0.000000E+00,+9.910000E+37,+1.206539E+03,+3.584400E+04
11:00:32,0e0,+9.178018E+00,+2.682500E-03,+9.910000E+37,+1.206761E+03,+3.584400E+04,+9.177617E+00,+2.682500E-03,+9.910000E+37,+1.206826E+03,+3.584400E+04,+9.175413E+00,+2.682500E-03,+9.910000E+37,+1.206893E+03,+3.584400E+04,-1.369518E-01,+0.000000E+00,+9.910000E+37,+1.206959E+03,+3.584400E+04
11:00:32,0e0,+9.349652E+00,+2.993500E-03,+9.910000E+37,+1.207181E+03,+3.584400E+04,+9.349784E+00,+2.993500E-03,+9.910000E+37,+1.207247E+03,+3.584400E+04,+9.347604E+00,+2.993500E-03,+9.910000E+37,+1.207314E+03,+3.584400E+04,-1.347212E-01,+0.000000E+00,+9.910000E+37,+1.207381E+03,+3.584400E+04
11:00:32,0e0,+9.524049E+00,+3.340500E-03,+9.910000E+37,+1.207604E+03,+3.584400E+04,+9.522053E+00,+3.340500E-03,+9.910000E+37,+1.207671E+03,+3.584400E+04,+9.519615E+00,+3.340500E-03,+9.910000E+37,+1.207737E+03,+3.584400E+04,-1.267077E-01,+0.000000E+00,+9.910000E+37,+1.207805E+03,+3.584400E+04
11:00:32,0e0,+9.696367E+00,+3.727500E-03,+9.910000E+37,+1.208024E+03,+3.584400E+04,+9.696501E+00,+3.727500E-03,+9.910000E+37,+1.208091E+03,+3.584400E+04,+9.694328E+00,+3.727500E-03,+9.910000E+37,+1.208158E+03,+3.584400E+04,-1.250234E-01,+0.000000E+00,+9.910000E+37,+1.208224E+03,+3.584400E+04
11:00:32,0e0,+9.870944E+00,+4.159500E-03,+9.910000E+37,+1.208449E+03,+3.584400E+04,+9.873777E+00,+4.159500E-03,+9.910000E+37,+1.208516E+03,+3.584400E+04,+9.871428E+00,+4.159500E-03,+9.910000E+37,+1.208583E+03,+3.584400E+04,-1.245221E-01,+0.000000E+00,+9.910000E+37,+1.208649E+03,+3.584400E+04
11:00:32,0e0,+1.005528E+01,+4.641500E-03,+9.910000E+37,+1.208873E+03,+3.584400E+04,+1.005717E+01,+4.641500E-03,+9.910000E+37,+1.208939E+03,+3.584400E+04,+1.005520E+01,+4.641500E-03,+9.910000E+37,+1.209006E+03,+3.584400E+04,-1.268898E-01,+0.000000E+00,+9.910000E+37,+1.209072E+03,+3.584400E+04
11:00:32,0e0,+1.024306E+01,+5.179500E-03,+9.910000E+37,+1.209297E+03,+3.584400E+04,+1.024466E+01,+5.179500E-03,+9.910000E+37,+1.209363E+03,+3.584400E+04,+1.024306E+01,+5.179500E-03,+9.910000E+37,+1.209430E+03,+3.584400E+04,-1.171921E-01,+0.000000E+00,+9.910000E+37,+1.209496E+03,+3.584400E+04
11:00:32,0e0,+1.043758E+01,+5.779500E-03,+9.910000E+37,+1.209718E+03,+3.584400E+04,+1.043922E+01,+5.779500E-03,+9.910000E+37,+1.209785E+03,+3.584400E+04,+1.043822E+01,+5.779500E-03,+9.910000E+37,+1.209852E+03,+3.584400E+04,-1.153252E-01,+0.000000E+00,+9.910000E+37,+1.209917E+03,+3.584400E+04
11:00:32,0e0,+1.063834E+01,+6.449500E-03,+9.910000E+37,+1.210142E+03,+3.584400E+04,+1.063973E+01,+6.449500E-03,+9.910000E+37,+1.210208E+03,+3.584400E+04,+1.063615E+01,+6.449500E-03,+9.910000E+37,+1.210274E+03,+3.584400E+04,-1.139141E-01,+0.000000E+00,+9.910000E+37,+1.210342E+03,+3.584400E+04
11:00:32,0e0,+1.084351E+01,+7.197000E-03,+9.910000E+37,+1.210563E+03,+3.584400E+04,+1.084553E+01,+7.197000E-03,+9.910000E+37,+1.210630E+03,+3.584400E+04,+1.084121E+01,+7.197000E-03,+9.910000E+37,+1.210695E+03,+3.584400E+04,-1.097250E-01,+0.000000E+00,+9.910000E+37,+1.210762E+03,+3.584400E+04
11:00:32,0e0,+1.105613E+01,+8.031000E-03,+9.910000E+37,+1.210981E+03,+3.584400E+04,+1.105734E+01,+8.031000E-03,+9.910000E+37,+1.211047E+03,+3.584400E+04,+1.105288E+01,+8.031000E-03,+9.910000E+37,+1.211114E+03,+3.584400E+04,-1.092246E-01,+0.000000E+00,+9.910000E+37,+1.211181E+03,+3.584400E+04
11:00:32,0e0,+1.127772E+01,+8.961500E-03,+9.910000E+37,+1.211408E+03,+3.584400E+04,+1.127580E+01,+8.961500E-03,+9.910000E+37,+1.211475E+03,+3.584400E+04,+1.127098E+01,+8.961500E-03,+9.910000E+37,+1.211541E+03,+3.584400E+04,-1.048537E-01,+0.000000E+00,+9.910000E+37,+1.211606E+03,+3.584400E+04
