10:48:56,0e0,-4.885515E+00,+1.000000E-07,+9.910000E+37,+4.925996E+02,+3.584400E+04,+5.360225E-02,+1.000000E-07,+9.910000E+37,+4.926670E+02,+3.584400E+04,+5.378434E-02,+1.000000E-07,+9.910000E+37,+4.927334E+02,+3.584400E+04,+2.060249E-03,+0.000000E+00,+9.910000E+37,+4.927998E+02,+3.584400E+04
10:48:56,0e0,-4.540639E+00,+1.116000E-07,+9.910000E+37,+4.930254E+02,+3.584400E+04,+5.637977E-02,+1.116000E-07,+9.910000E+37,+4.930928E+02,+3.584400E+04,+5.615202E-02,+1.116000E-07,+9.910000E+37,+4.931582E+02,+3.584400E+04,+7.396936E-04,+0.000000E+00,+9.910000E+37,+4.932256E+02,+3.584400E+04
10:48:56,0e0,-2.816420E+00,+1.245000E-07,+9.910000E+37,+4.934453E+02,+3.584400E+04,+5.883795E-02,+1.245000E-07,+9.910000E+37,+4.935127E+02,+3.584400E+04,+6.002212E-02,+1.245000E-07,+9.910000E+37,+4.935781E+02,+3.584400E+04,+2.834350E-03,+0.000000E+00,+9.910000E+37,+4.936455E+02,+3.584400E+04
10:48:56,0e0,-2.503005E+00,+1.389500E-07,+9.910000E+37,+4.938672E+02,+3.584400E+04,+6.207070E-02,+1.389500E-07,+9.910000E+37,+4.939336E+02,+3.584400E+04,+6.234422E-02,+1.389500E-07,+9.910000E+37,+4.940000E+02,+3.584400E+04,+2.014756E-03,+0.000000E+00,+9.910000E+37,+4.940664E+02,+3.584400E+04
10:48:56,0e0,-1.575015E+00,+1.550500E-07,+9.910000E+37,+4.942891E+02,+3.584400E+04,+6.735277E-02,+1.550500E-07,+9.910000E+37,+4.943555E+02,+3.584400E+04,+6.553149E-02,+1.550500E-07,+9.910000E+37,+4.944219E+02,+3.584400E+04,+1.286462E-03,+0.000000E+00,+9.910000E+37,+4.944883E+02,+3.584400E+04
10:48:56,0e0,-7.673689E-01,+1.730000E-07,+9.910000E+37,+4.947148E+02,+3.584400E+04,+6.826335E-02,+1.730000E-07,+9.910000E+37,+4.947813E+02,+3.584400E+04,+6.912839E-02,+1.730000E-07,+9.910000E+37,+4.948477E+02,+3.584400E+04,+2.389550E-04,+0.000000E+00,+9.910000E+37,+4.949150E+02,+3.584400E+04
10:48:56,0e0,-3.134801E-01,+1.930500E-07,+9.910000E+37,+4.951377E+02,+3.584400E+04,+7.204220E-02,+1.930500E-07,+9.910000E+37,+4.952041E+02,+3.584400E+04,+7.245216E-02,+1.930500E-07,+9.910000E+37,+4.952705E+02,+3.584400E+04,+2.105817E-03,+0.000000E+00,+9.910000E+37,+4.953379E+02,+3.584400E+04
10:48:56,0e0,+2.628313E-02,+2.154500E-07,+9.910000E+37,+4.955586E+02,+3.584400E+04,+7.509327E-02,+2.154500E-07,+9.910000E+37,+4.956250E+02,+3.584400E+04,+7.559401E-02,+2.154500E-07,+9.910000E+37,+4.956914E+02,+3.584400E+04,-1.855507E-03,+0.000000E+00,+9.910000E+37,+4.957588E+02,+3.584400E+04
10:48:56,0e0,+7.987350E-02,+2.404000E-07,+9.910000E+37,+4.959805E+02,+3.584400E+04,+7.891786E-02,+2.404000E-07,+9.910000E+37,+4.960479E+02,+3.584400E+04,+8.110365E-02,+2.404000E-07,+9.910000E+37,+4.961133E+02,+3.584400E+04,-7.173568E-04,+0.000000E+00,+9.910000E+37,+4.961797E+02,+3.584400E+04
10:48:56,0e0,+8.269700E-02,+2.682500E-07,+9.910000E+37,+4.964053E+02,+3.584400E+04,+8.269683E-02,+2.682500E-07,+9.910000E+37,+4.964717E+02,+3.584400E+04,+8.292460E-02,+2.682500E-07,+9.910000E+37,+4.965381E+02,+3.584400E+04,+1.787007E-03,+0.000000E+00,+9.910000E+37,+4.966045E+02,+3.584400E+04
10:48:56,0e0,+8.670357E-02,+2.993500E-07,+9.910000E+37,+4.968281E+02,+3.584400E+04,+8.633938E-02,+2.993500E-07,+9.910000E+37,+4.968945E+02,+3.584400E+04,+8.551991E-02,+2.993500E-07,+9.910000E+37,+4.969609E+02,+3.584400E+04,+1.650184E-03,+0.000000E+00,+9.910000E+37,+4.970283E+02,+3.584400E+04
10:48:56,0e0,+9.034622E-02,+3.340500E-07,+9.910000E+37,+4.972539E+02,+3.584400E+04,+9.052831E-02,+3.340500E-07,+9.910000E+37,+4.973203E+02,+3.584400E+04,+9.066504E-02,+3.340500E-07,+9.910000E+37,+4.973867E+02,+3.584400E+04,-8.542240E-04,+0.000000E+00,+9.910000E+37,+4.974521E+02,+3.584400E+04
10:48:56,0e0,+9.558252E-02,+3.727500E-07,+9.910000E+37,+4.976777E+02,+3.584400E+04,+9.198466E-02,+3.727500E-07,+9.910000E+37,+4.977441E+02,+3.584400E+04,+9.326011E-02,+3.727500E-07,+9.910000E+37,+4.978105E+02,+3.584400E+04,+1.286194E-03,+0.000000E+00,+9.910000E+37,+4.978770E+02,+3.584400E+04
10:48:56,0e0,+9.854198E-02,+4.159500E-07,+9.910000E+37,+4.981025E+02,+3.584400E+04,+9.731227E-02,+4.159500E-07,+9.910000E+37,+4.981689E+02,+3.584400E+04,+9.722164E-02,+4.159500E-07,+9.910000E+37,+4.982354E+02,+3.584400E+04,-1.457812E-01,+0.000000E+00,+9.910000E+37,+4.983018E+02,+3.584400E+04
10:48:56,0e0,+1.014557E-01,+4.641500E-07,+9.910000E+37,+4.985283E+02,+3.584400E+04,+1.020936E-01,+4.641500E-07,+9.910000E+37,+4.985957E+02,+3.584400E+04,+1.015015E-01,+4.641500E-07,+9.910000E+37,+4.986621E+02,+3.584400E+04,-2.663975E-01,+0.000000E+00,+9.910000E+37,+4.987285E+02,+3.584400E+04
10:48:56,0e0,+1.062367E-01,+5.179500E-07,+9.910000E+37,+4.989531E+02,+3.584400E+04,+1.053259E-01,+5.179500E-07,+9.910000E+37,+4.990205E+02,+3.584400E+04,+1.053715E-01,+5.179500E-07,+9.910000E+37,+4.990869E+02,+3.584400E+04,-7.852178E-01,+0.000000E+00,+9.910000E+37,+4.991533E+02,+3.584400E+04
10:48:56,0e0,+1.093784E-01,+5.779500E-07,+9.910000E+37,+4.993799E+02,+3.584400E+04,+1.093781E-01,+5.779500E-07,+9.910000E+37,+4.994473E+02,+3.584400E+04,+1.097426E-01,+5.779500E-07,+9.910000E+37,+4.995127E+02,+3.584400E+04,-1.835836E+00,+0.000000E+00,+9.910000E+37,+4.995791E+02,+3.584400E+04
10:48:56,0e0,+1.145688E-01,+6.449500E-07,+9.910000E+37,+4.998047E+02,+3.584400E+04,+1.137495E-01,+6.449500E-07,+9.910000E+37,+4.998711E+02,+3.584400E+04,+1.152066E-01,+6.449500E-07,+9.910000E+37,+4.999385E+02,+3.584400E+04,-2.916374E+00,+0.000000E+00,+9.910000E+37,+5.000059E+02,+3.584400E+04
10:48:56,0e0,+1.183937E-01,+7.197000E-07,+9.910000E+37,+5.002305E+02,+3.584400E+04,+1.190313E-01,+7.197000E-07,+9.910000E+37,+5.002969E+02,+3.584400E+04,+1.190313E-01,+7.197000E-07,+9.910000E+37,+5.003643E+02,+3.584400E+04,-4.989732E+00,+0.000000E+00,+9.910000E+37,+5.004307E+02,+3.584400E+04
10:48:56,0e0,+1.244949E-01,+8.031000E-07,+9.910000E+37,+5.006533E+02,+3.584400E+04,+1.227192E-01,+8.031000E-07,+9.910000E+37,+5.007197E+02,+3.584400E+04,+1.236298E-01,+8.031000E-07,+9.910000E+37,+5.007861E+02,+3.584400E+04,-7.107999E+00,+0.000000E+00,+9.910000E+37,+5.008516E+02,+3.584400E+04
10:48:56,0e0,+1.286837E-01,+8.961500E-07,+9.910000E+37,+5.010752E+02,+3.584400E+04,+1.290479E-01,+8.961500E-07,+9.910000E+37,+5.011406E+02,+3.584400E+04,+1.281377E-01,+8.961500E-07,+9.910000E+37,+5.012080E+02,+3.584400E+04,-8.991030E+00,+0.000000E+00,+9.910000E+37,+5.012734E+02,+3.584400E+04
10:48:56,0e0,+1.338289E-01,+1.000000E-06,+9.910000E+37,+5.014971E+02,+3.584400E+04,+1.331914E-01,+1.000000E-06,+9.910000E+37,+5.015625E+02,+3.584400E+04,+1.325085E-01,+1.000000E-06,+9.910000E+37,+5.016289E+02,+3.584400E+04,-1.163920E+01,+0.000000E+00,+9.910000E+37,+5.016953E+02,+3.584400E+04
10:48:56,0e0,+1.264983E-01,+1.116000E-06,+9.910000E+37,+5.019189E+02,+3.584400E+04,+1.255875E-01,+1.116000E-06,+9.910000E+37,+5.019854E+02,+3.584400E+04,+1.262704E-01,+1.116000E-06,+9.910000E+37,+5.020508E+02,+3.584400E+04,+6.485283E-04,+0.000000E+00,+9.910000E+37,+5.021182E+02,+3.584400E+04
10:48:56,0e0,+1.316889E-01,+1.245000E-06,+9.910000E+37,+5.023379E+02,+3.584400E+04,+1.295485E-01,+1.245000E-06,+9.910000E+37,+5.024053E+02,+3.584400E+04,+1.300496E-01,+1.245000E-06,+9.910000E+37,+5.024707E+02,+3.584400E+04,+1.105666E-05,+0.000000E+00,+9.910000E+37,+5.025371E+02,+3.584400E+04
10:48:56,0e0,+1.346028E-01,+1.389500E-06,+9.910000E+37,+5.027588E+02,+3.584400E+04,+1.337376E-01,+1.389500E-06,+9.910000E+37,+5.028262E+02,+3.584400E+04,+1.349675E-01,+1.389500E-06,+9.910000E+37,+5.028916E+02,+3.584400E+04,+1.468405E-03,+0.000000E+00,+9.910000E+37,+5.029580E+02,+3.584400E+04
10:48:56,0e0,+1.383820E-01,+1.550500E-06,+9.910000E+37,+5.031807E+02,+3.584400E+04,+1.386094E-01,+1.550500E-06,+9.910000E+37,+5.032471E+02,+3.584400E+04,+1.395209E-01,+1.550500E-06,+9.910000E+37,+5.033145E+02,+3.584400E+04,+2.014667E-03,+0.000000E+00,+9.910000E+37,+5.033809E+02,+3.584400E+04
10:48:56,0e0,+1.420241E-01,+1.730000E-06,+9.910000E+37,+5.036064E+02,+3.584400E+04,+1.424796E-01,+1.730000E-06,+9.910000E+37,+5.036738E+02,+3.584400E+04,+1.424344E-01,+1.730000E-06,+9.910000E+37,+5.037393E+02,+3.584400E+04,+8.762926E-04,+0.000000E+00,+9.910000E+37,+5.038047E+02,+3.584400E+04
10:48:56,0e0,+1.465318E-01,+1.930500E-06,+9.910000E+37,+5.040283E+02,+3.584400E+04,+1.473516E-01,+1.930500E-06,+9.910000E+37,+5.040957E+02,+3.584400E+04,+1.471698E-01,+1.930500E-06,+9.910000E+37,+5.041621E+02,+3.584400E+04,-3.431737E-05,+0.000000E+00,+9.910000E+37,+5.042285E+02,+3.584400E+04
10:48:56,0e0,+1.524512E-01,+2.154500E-06,+9.910000E+37,+5.044541E+02,+3.584400E+04,+1.517226E-01,+2.154500E-06,+9.910000E+37,+5.045215E+02,+3.584400E+04,+1.500836E-01,+2.154500E-06,+9.910000E+37,+5.045869E+02,+3.584400E+04,+2.151623E-03,+0.000000E+00,+9.910000E+37,+5.046543E+02,+3.584400E+04
10:48:56,0e0,+1.576873E-01,+2.404000E-06,+9.910000E+37,+5.048760E+02,+3.584400E+04,+1.566865E-01,+2.404000E-06,+9.910000E+37,+5.049424E+02,+3.584400E+04,+1.556387E-01,+2.404000E-06,+9.910000E+37,+5.050098E+02,+3.584400E+04,-6.721616E-04,+0.000000E+00,+9.910000E+37,+5.050762E+02,+3.584400E+04
10:48:56,0e0,+1.599183E-01,+2.682500E-06,+9.910000E+37,+5.053135E+02,+3.584400E+04,+1.605559E-01,+2.682500E-06,+9.910000E+37,+5.053809E+02,+3.584400E+04,+1.619222E-01,+2.682500E-06,+9.910000E+37,+5.054463E+02,+3.584400E+04,+8.765012E-04,+0.000000E+00,+9.910000E+37,+5.055137E+02,+3.584400E+04
10:48:56,0e0,+1.654278E-01,+2.993500E-06,+9.910000E+37,+5.057363E+02,+3.584400E+04,+1.651998E-01,+2.993500E-06,+9.910000E+37,+5.058037E+02,+3.584400E+04,+1.654728E-01,+2.993500E-06,+9.910000E+37,+5.058701E+02,+3.584400E+04,+3.753155E-04,+0.000000E+00,+9.910000E+37,+5.059365E+02,+3.584400E+04
10:48:56,0e0,+1.705725E-01,+3.340500E-06,+9.910000E+37,+5.061621E+02,+3.584400E+04,+1.705271E-01,+3.340500E-06,+9.910000E+37,+5.062295E+02,+3.584400E+04,+1.705275E-01,+3.340500E-06,+9.910000E+37,+5.062949E+02,+3.584400E+04,+1.930743E-04,+0.000000E+00,+9.910000E+37,+5.063623E+02,+3.584400E+04
10:48:56,0e0,+1.753992E-01,+3.727500E-06,+9.910000E+37,+5.065830E+02,+3.584400E+04,+1.753076E-01,+3.727500E-06,+9.910000E+37,+5.066494E+02,+3.584400E+04,+1.770386E-01,+3.727500E-06,+9.910000E+37,+5.067158E+02,+3.584400E+04,-2.917464E-02,+0.000000E+00,+9.910000E+37,+5.067832E+02,+3.584400E+04
10:48:56,0e0,+1.814557E-01,+4.159500E-06,+9.910000E+37,+5.070088E+02,+3.584400E+04,+1.813181E-01,+4.159500E-06,+9.910000E+37,+5.070742E+02,+3.584400E+04,+1.798606E-01,+4.159500E-06,+9.910000E+37,+5.071416E+02,+3.584400E+04,-3.618661E-02,+0.000000E+00,+9.910000E+37,+5.072070E+02,+3.584400E+04
10:48:56,0e0,+1.855069E-01,+4.641500E-06,+9.910000E+37,+5.074287E+02,+3.584400E+04,+1.870100E-01,+4.641500E-06,+9.910000E+37,+5.074961E+02,+3.584400E+04,+1.868740E-01,+4.641500E-06,+9.910000E+37,+5.075615E+02,+3.584400E+04,-2.499141E-01,+0.000000E+00,+9.910000E+37,+5.076289E+02,+3.584400E+04
10:48:56,0e0,+1.918815E-01,+5.179500E-06,+9.910000E+37,+5.078564E+02,+3.584400E+04,+1.900596E-01,+5.179500E-06,+9.910000E+37,+5.079238E+02,+3.584400E+04,+1.912891E-01,+5.179500E-06,+9.910000E+37,+5.079893E+02,+3.584400E+04,-7.980582E-01,+0.000000E+00,+9.910000E+37,+5.080566E+02,+3.584400E+04
10:48:56,0e0,+1.970721E-01,+5.779500E-06,+9.910000E+37,+5.082822E+02,+3.584400E+04,+1.981196E-01,+5.779500E-06,+9.910000E+37,+5.083496E+02,+3.584400E+04,+1.975274E-01,+5.779500E-06,+9.910000E+37,+5.084150E+02,+3.584400E+04,-1.522920E+00,+0.000000E+00,+9.910000E+37,+5.084814E+02,+3.584400E+04
10:48:56,0e0,+2.021254E-01,+6.449500E-06,+9.910000E+37,+5.087061E+02,+3.584400E+04,+2.032645E-01,+6.449500E-06,+9.910000E+37,+5.087734E+02,+3.584400E+04,+2.023087E-01,+6.449500E-06,+9.910000E+37,+5.088398E+02,+3.584400E+04,-3.139803E+00,+0.000000E+00,+9.910000E+37,+5.089062E+02,+3.584400E+04
10:48:56,0e0,+2.077263E-01,+7.197000E-06,+9.910000E+37,+5.091338E+02,+3.584400E+04,+2.081816E-01,+7.197000E-06,+9.910000E+37,+5.092012E+02,+3.584400E+04,+2.102307E-01,+7.197000E-06,+9.910000E+37,+5.092666E+02,+3.584400E+04,-4.655922E+00,+0.000000E+00,+9.910000E+37,+5.093340E+02,+3.584400E+04
10:48:56,0e0,+2.155580E-01,+8.031000E-06,+9.910000E+37,+5.095576E+02,+3.584400E+04,+2.159682E-01,+8.031000E-06,+9.910000E+37,+5.096240E+02,+3.584400E+04,+2.150115E-01,+8.031000E-06,+9.910000E+37,+5.096904E+02,+3.584400E+04,-6.834663E+00,+0.000000E+00,+9.910000E+37,+5.097568E+02,+3.584400E+04
10:48:56,0e0,+2.206570E-01,+8.961500E-06,+9.910000E+37,+5.099814E+02,+3.584400E+04,+2.207479E-01,+8.961500E-06,+9.910000E+37,+5.100479E+02,+3.584400E+04,+2.215227E-01,+8.961500E-06,+9.910000E+37,+5.101143E+02,+3.584400E+04,-8.888400E+00,+0.000000E+00,+9.910000E+37,+5.101807E+02,+3.584400E+04
10:48:56,0e0,+2.284887E-01,+1.000000E-05,+9.910000E+37,+5.104023E+02,+3.584400E+04,+2.289442E-01,+1.000000E-05,+9.910000E+37,+5.104697E+02,+3.584400E+04,+2.273043E-01,+1.000000E-05,+9.910000E+37,+5.105352E+02,+3.584400E+04,-1.113466E+01,+0.000000E+00,+9.910000E+37,+5.106025E+02,+3.584400E+04
10:48:56,0e0,+2.225694E-01,+1.116000E-05,+9.910000E+37,+5.108252E+02,+3.584400E+04,+2.238447E-01,+1.116000E-05,+9.910000E+37,+5.108916E+02,+3.584400E+04,+2.237541E-01,+1.116000E-05,+9.910000E+37,+5.109590E+02,+3.584400E+04,-9.004071E-03,+0.000000E+00,+9.910000E+37,+5.110254E+02,+3.584400E+04
10:48:56,0e0,+2.292179E-01,+1.245000E-05,+9.910000E+37,+5.112412E+02,+3.584400E+04,+2.286706E-01,+1.245000E-05,+9.910000E+37,+5.113086E+02,+3.584400E+04,+2.283066E-01,+1.245000E-05,+9.910000E+37,+5.113740E+02,+3.584400E+04,-1.023409E-02,+0.000000E+00,+9.910000E+37,+5.114414E+02,+3.584400E+04
10:48:56,0e0,+2.364570E-01,+1.389500E-05,+9.910000E+37,+5.116631E+02,+3.584400E+04,+2.344077E-01,+1.389500E-05,+9.910000E+37,+5.117295E+02,+3.584400E+04,+2.349549E-01,+1.389500E-05,+9.910000E+37,+5.117959E+02,+3.584400E+04,-6.636217E-03,+0.000000E+00,+9.910000E+37,+5.118643E+02,+3.584400E+04
10:48:56,0e0,+2.403719E-01,+1.550500E-05,+9.910000E+37,+5.120791E+02,+3.584400E+04,+2.411924E-01,+1.550500E-05,+9.910000E+37,+5.121445E+02,+3.584400E+04,+2.414202E-01,+1.550500E-05,+9.910000E+37,+5.122109E+02,+3.584400E+04,-7.683843E-03,+0.000000E+00,+9.910000E+37,+5.122783E+02,+3.584400E+04
10:48:56,0e0,+2.467923E-01,+1.730000E-05,+9.910000E+37,+5.124912E+02,+3.584400E+04,+2.462912E-01,+1.730000E-05,+9.910000E+37,+5.125566E+02,+3.584400E+04,+2.478862E-01,+1.730000E-05,+9.910000E+37,+5.126230E+02,+3.584400E+04,-8.457735E-03,+0.000000E+00,+9.910000E+37,+5.126904E+02,+3.584400E+04
10:48:56,0e0,+2.520288E-01,+1.930500E-05,+9.910000E+37,+5.129082E+02,+3.584400E+04,+2.533489E-01,+1.930500E-05,+9.910000E+37,+5.129756E+02,+3.584400E+04,+2.533492E-01,+1.930500E-05,+9.910000E+37,+5.130410E+02,+3.584400E+04,-1.046149E-02,+0.000000E+00,+9.910000E+37,+5.131074E+02,+3.584400E+04
10:48:56,0e0,+2.601794E-01,+2.154500E-05,+9.910000E+37,+5.133242E+02,+3.584400E+04,+2.587215E-01,+2.154500E-05,+9.910000E+37,+5.133916E+02,+3.584400E+04,+2.587671E-01,+2.154500E-05,+9.910000E+37,+5.134570E+02,+3.584400E+04,-1.041573E-02,+0.000000E+00,+9.910000E+37,+5.135234E+02,+3.584400E+04
10:48:56,0e0,+2.662345E-01,+2.404000E-05,+9.910000E+37,+5.137432E+02,+3.584400E+04,+2.656427E-01,+2.404000E-05,+9.910000E+37,+5.138105E+02,+3.584400E+04,+2.656887E-01,+2.404000E-05,+9.910000E+37,+5.138760E+02,+3.584400E+04,-9.004474E-03,+0.000000E+00,+9.910000E+37,+5.139424E+02,+3.584400E+04
10:48:56,0e0,+2.731098E-01,+2.682500E-05,+9.910000E+37,+5.141592E+02,+3.584400E+04,+2.709697E-01,+2.682500E-05,+9.910000E+37,+5.142256E+02,+3.584400E+04,+2.735651E-01,+2.682500E-05,+9.910000E+37,+5.142920E+02,+3.584400E+04,-1.000603E-02,+0.000000E+00,+9.910000E+37,+5.143604E+02,+3.584400E+04
10:48:56,0e0,+2.795300E-01,+2.993500E-05,+9.910000E+37,+5.145723E+02,+3.584400E+04,+2.786198E-01,+2.993500E-05,+9.910000E+37,+5.146387E+02,+3.584400E+04,+2.787553E-01,+2.993500E-05,+9.910000E+37,+5.147051E+02,+3.584400E+04,-9.505242E-03,+0.000000E+00,+9.910000E+37,+5.147715E+02,+3.584400E+04
10:48:56,0e0,+2.861779E-01,+3.340500E-05,+9.910000E+37,+5.149893E+02,+3.584400E+04,+2.868608E-01,+3.340500E-05,+9.910000E+37,+5.150547E+02,+3.584400E+04,+2.861320E-01,+3.340500E-05,+9.910000E+37,+5.151211E+02,+3.584400E+04,-9.368598E-03,+0.000000E+00,+9.910000E+37,+5.151875E+02,+3.584400E+04
10:48:56,0e0,+2.931892E-01,+3.727500E-05,+9.910000E+37,+5.154062E+02,+3.584400E+04,+2.940551E-01,+3.727500E-05,+9.910000E+37,+5.154717E+02,+3.584400E+04,+2.949649E-01,+3.727500E-05,+9.910000E+37,+5.155381E+02,+3.584400E+04,-7.911518E-03,+0.000000E+00,+9.910000E+37,+5.156045E+02,+3.584400E+04
10:48:56,0e0,+3.009297E-01,+4.159500E-05,+9.910000E+37,+5.158184E+02,+3.584400E+04,+2.994726E-01,+4.159500E-05,+9.910000E+37,+5.158857E+02,+3.584400E+04,+3.000637E-01,+4.159500E-05,+9.910000E+37,+5.159531E+02,+3.584400E+04,-3.805330E-02,+0.000000E+00,+9.910000E+37,+5.160186E+02,+3.584400E+04
10:48:56,0e0,+3.076685E-01,+4.641500E-05,+9.910000E+37,+5.162412E+02,+3.584400E+04,+3.078501E-01,+4.641500E-05,+9.910000E+37,+5.163086E+02,+3.584400E+04,+3.094442E-01,+4.641500E-05,+9.910000E+37,+5.163740E+02,+3.584400E+04,-7.133698E-02,+0.000000E+00,+9.910000E+37,+5.164404E+02,+3.584400E+04
10:48:56,0e0,+3.157274E-01,+5.179500E-05,+9.910000E+37,+5.166572E+02,+3.584400E+04,+3.147252E-01,+5.179500E-05,+9.910000E+37,+5.167246E+02,+3.584400E+04,+3.160915E-01,+5.179500E-05,+9.910000E+37,+5.167900E+02,+3.584400E+04,-3.998588E-01,+0.000000E+00,+9.910000E+37,+5.168564E+02,+3.584400E+04
10:48:56,0e0,+3.225107E-01,+5.779500E-05,+9.910000E+37,+5.170752E+02,+3.584400E+04,+3.231952E-01,+5.779500E-05,+9.910000E+37,+5.171416E+02,+3.584400E+04,+3.234678E-01,+5.779500E-05,+9.910000E+37,+5.172080E+02,+3.584400E+04,-8.496024E-01,+0.000000E+00,+9.910000E+37,+5.172754E+02,+3.584400E+04
10:48:56,0e0,+3.315278E-01,+6.449500E-05,+9.910000E+37,+5.174902E+02,+3.584400E+04,+3.311630E-01,+6.449500E-05,+9.910000E+37,+5.175557E+02,+3.584400E+04,+3.307523E-01,+6.449500E-05,+9.910000E+37,+5.176221E+02,+3.584400E+04,-2.062054E+00,+0.000000E+00,+9.910000E+37,+5.176895E+02,+3.584400E+04
10:48:56,0e0,+3.387197E-01,+7.197000E-05,+9.910000E+37,+5.179014E+02,+3.584400E+04,+3.383109E-01,+7.197000E-05,+9.910000E+37,+5.179678E+02,+3.584400E+04,+3.379456E-01,+7.197000E-05,+9.910000E+37,+5.180352E+02,+3.584400E+04,-3.322721E+00,+0.000000E+00,+9.910000E+37,+5.181025E+02,+3.584400E+04
10:48:56,0e0,+3.486013E-01,+8.031000E-05,+9.910000E+37,+5.183398E+02,+3.584400E+04,+3.481459E-01,+8.031000E-05,+9.910000E+37,+5.184053E+02,+3.584400E+04,+3.489205E-01,+8.031000E-05,+9.910000E+37,+5.184727E+02,+3.584400E+04,-4.983000E+00,+0.000000E+00,+9.910000E+37,+5.185381E+02,+3.584400E+04
10:48:56,0e0,+3.559768E-01,+8.961500E-05,+9.910000E+37,+5.187500E+02,+3.584400E+04,+3.574800E-01,+8.961500E-05,+9.910000E+37,+5.188174E+02,+3.584400E+04,+3.579808E-01,+8.961500E-05,+9.910000E+37,+5.188838E+02,+3.584400E+04,-6.882686E+00,+0.000000E+00,+9.910000E+37,+5.189492E+02,+3.584400E+04
10:48:56,0e0,+3.670413E-01,+1.000000E-04,+9.910000E+37,+5.191611E+02,+3.584400E+04,+3.644920E-01,+1.000000E-04,+9.910000E+37,+5.192275E+02,+3.584400E+04,+3.647188E-01,+1.000000E-04,+9.910000E+37,+5.192930E+02,+3.584400E+04,-8.489737E+00,+0.000000E+00,+9.910000E+37,+5.193594E+02,+3.584400E+04
10:48:56,0e0,+3.628523E-01,+1.116000E-04,+9.910000E+37,+5.195820E+02,+3.584400E+04,+3.628071E-01,+1.116000E-04,+9.910000E+37,+5.196484E+02,+3.584400E+04,+3.634445E-01,+1.116000E-04,+9.910000E+37,+5.197158E+02,+3.584400E+04,-5.184308E-01,+0.000000E+00,+9.910000E+37,+5.197812E+02,+3.584400E+04
10:48:56,0e0,+3.711852E-01,+1.245000E-04,+9.910000E+37,+5.200049E+02,+3.584400E+04,+3.716404E-01,+1.245000E-04,+9.910000E+37,+5.200713E+02,+3.584400E+04,+3.701367E-01,+1.245000E-04,+9.910000E+37,+5.201387E+02,+3.584400E+04,-4.737612E-01,+0.000000E+00,+9.910000E+37,+5.202041E+02,+3.584400E+04
10:48:56,0e0,+3.798364E-01,+1.389500E-04,+9.910000E+37,+5.204248E+02,+3.584400E+04,+3.781053E-01,+1.389500E-04,+9.910000E+37,+5.204912E+02,+3.584400E+04,+3.790625E-01,+1.389500E-04,+9.910000E+37,+5.205586E+02,+3.584400E+04,-4.494917E-01,+0.000000E+00,+9.910000E+37,+5.206240E+02,+3.584400E+04
10:48:56,0e0,+3.864825E-01,+1.550500E-04,+9.910000E+37,+5.208447E+02,+3.584400E+04,+3.873495E-01,+1.550500E-04,+9.910000E+37,+5.209102E+02,+3.584400E+04,+3.868485E-01,+1.550500E-04,+9.910000E+37,+5.209766E+02,+3.584400E+04,-5.152438E-01,+0.000000E+00,+9.910000E+37,+5.210439E+02,+3.584400E+04
10:48:56,0e0,+3.959086E-01,+1.730000E-04,+9.910000E+37,+5.212646E+02,+3.584400E+04,+3.968193E-01,+1.730000E-04,+9.910000E+37,+5.213320E+02,+3.584400E+04,+3.944514E-01,+1.730000E-04,+9.910000E+37,+5.213984E+02,+3.584400E+04,-5.254886E-01,+0.000000E+00,+9.910000E+37,+5.214658E+02,+3.584400E+04
10:48:56,0e0,+4.041951E-01,+1.930500E-04,+9.910000E+37,+5.216904E+02,+3.584400E+04,+4.038776E-01,+1.930500E-04,+9.910000E+37,+5.217568E+02,+3.584400E+04,+4.039677E-01,+1.930500E-04,+9.910000E+37,+5.218232E+02,+3.584400E+04,-4.393374E-01,+0.000000E+00,+9.910000E+37,+5.218896E+02,+3.584400E+04
10:48:56,0e0,+4.131649E-01,+2.154500E-04,+9.910000E+37,+5.221162E+02,+3.584400E+04,+4.131657E-01,+2.154500E-04,+9.910000E+37,+5.221836E+02,+3.584400E+04,+4.113433E-01,+2.154500E-04,+9.910000E+37,+5.222490E+02,+3.584400E+04,-5.281752E-01,+0.000000E+00,+9.910000E+37,+5.223164E+02,+3.584400E+04
10:48:56,0e0,+4.210415E-01,+2.404000E-04,+9.910000E+37,+5.225420E+02,+3.584400E+04,+4.211319E-01,+2.404000E-04,+9.910000E+37,+5.226094E+02,+3.584400E+04,+4.219080E-01,+2.404000E-04,+9.910000E+37,+5.226748E+02,+3.584400E+04,-4.659753E-01,+0.000000E+00,+9.910000E+37,+5.227422E+02,+3.584400E+04
10:48:56,0e0,+4.310131E-01,+2.682500E-04,+9.910000E+37,+5.229668E+02,+3.584400E+04,+4.317417E-01,+2.682500E-04,+9.910000E+37,+5.230332E+02,+3.584400E+04,+4.313323E-01,+2.682500E-04,+9.910000E+37,+5.230996E+02,+3.584400E+04,-5.442949E-01,+0.000000E+00,+9.910000E+37,+5.231670E+02,+3.584400E+04
10:48:56,0e0,+4.405291E-01,+2.993500E-04,+9.910000E+37,+5.233926E+02,+3.584400E+04,+4.400744E-01,+2.993500E-04,+9.910000E+37,+5.234590E+02,+3.584400E+04,+4.407116E-01,+2.993500E-04,+9.910000E+37,+5.235264E+02,+3.584400E+04,-5.079121E-01,+0.000000E+00,+9.910000E+37,+5.235918E+02,+3.584400E+04
10:48:56,0e0,+4.496813E-01,+3.340500E-04,+9.910000E+37,+5.238184E+02,+3.584400E+04,+4.491792E-01,+3.340500E-04,+9.910000E+37,+5.238857E+02,+3.584400E+04,+4.495435E-01,+3.340500E-04,+9.910000E+37,+5.239512E+02,+3.584400E+04,-5.361437E-01,+0.000000E+00,+9.910000E+37,+5.240176E+02,+3.584400E+04
10:48:56,0e0,+4.589225E-01,+3.727500E-04,+9.910000E+37,+5.242432E+02,+3.584400E+04,+4.591066E-01,+3.727500E-04,+9.910000E+37,+5.243105E+02,+3.584400E+04,+4.596068E-01,+3.727500E-04,+9.910000E+37,+5.243779E+02,+3.584400E+04,-5.172466E-01,+0.000000E+00,+9.910000E+37,+5.244434E+02,+3.584400E+04
10:48:56,0e0,+4.700803E-01,+4.159500E-04,+9.910000E+37,+5.246680E+02,+3.584400E+04,+4.684398E-01,+4.159500E-04,+9.910000E+37,+5.247344E+02,+3.584400E+04,+4.708999E-01,+4.159500E-04,+9.910000E+37,+5.248008E+02,+3.584400E+04,-5.091416E-01,+0.000000E+00,+9.910000E+37,+5.248672E+02,+3.584400E+04
10:48:56,0e0,+4.815982E-01,+4.641500E-04,+9.910000E+37,+5.250938E+02,+3.584400E+04,+4.802772E-01,+4.641500E-04,+9.910000E+37,+5.251611E+02,+3.584400E+04,+4.804612E-01,+4.641500E-04,+9.910000E+37,+5.252266E+02,+3.584400E+04,-5.242596E-01,+0.000000E+00,+9.910000E+37,+5.252930E+02,+3.584400E+04
10:48:56,0e0,+4.908401E-01,+5.179500E-04,+9.910000E+37,+5.255176E+02,+3.584400E+04,+4.924808E-01,+5.179500E-04,+9.910000E+37,+5.255830E+02,+3.584400E+04,+4.920257E-01,+5.179500E-04,+9.910000E+37,+5.256494E+02,+3.584400E+04,-5.004898E-01,+0.000000E+00,+9.910000E+37,+5.257158E+02,+3.584400E+04
10:48:56,0e0,+5.019497E-01,+5.779500E-04,+9.910000E+37,+5.259385E+02,+3.584400E+04,+5.032262E-01,+5.779500E-04,+9.910000E+37,+5.260039E+02,+3.584400E+04,+5.036816E-01,+5.779500E-04,+9.910000E+37,+5.260703E+02,+3.584400E+04,-8.635361E-01,+0.000000E+00,+9.910000E+37,+5.261357E+02,+3.584400E+04
10:48:56,0e0,+5.144268E-01,+6.449500E-04,+9.910000E+37,+5.263613E+02,+3.584400E+04,+5.147921E-01,+6.449500E-04,+9.910000E+37,+5.264287E+02,+3.584400E+04,+5.136973E-01,+6.449500E-04,+9.910000E+37,+5.264941E+02,+3.584400E+04,-1.184325E+00,+0.000000E+00,+9.910000E+37,+5.265615E+02,+3.584400E+04
10:48:56,0e0,+5.267652E-01,+7.197000E-04,+9.910000E+37,+5.267871E+02,+3.584400E+04,+5.259461E-01,+7.197000E-04,+9.910000E+37,+5.268525E+02,+3.584400E+04,+5.262203E-01,+7.197000E-04,+9.910000E+37,+5.269189E+02,+3.584400E+04,-1.494369E+00,+0.000000E+00,+9.910000E+37,+5.269863E+02,+3.584400E+04
10:48:56,0e0,+5.389675E-01,+8.031000E-04,+9.910000E+37,+5.272070E+02,+3.584400E+04,+5.385586E-01,+8.031000E-04,+9.910000E+37,+5.272744E+02,+3.584400E+04,+5.396515E-01,+8.031000E-04,+9.910000E+37,+5.273398E+02,+3.584400E+04,-1.953769E+00,+0.000000E+00,+9.910000E+37,+5.274072E+02,+3.584400E+04
10:48:56,0e0,+5.509413E-01,+8.961500E-04,+9.910000E+37,+5.276270E+02,+3.584400E+04,+5.525821E-01,+8.961500E-04,+9.910000E+37,+5.276934E+02,+3.584400E+04,+5.540397E-01,+8.961500E-04,+9.910000E+37,+5.277607E+02,+3.584400E+04,-2.170420E+00,+0.000000E+00,+9.910000E+37,+5.278262E+02,+3.584400E+04
10:48:56,0e0,+5.657403E-01,+1.000000E-03,+9.910000E+37,+5.280449E+02,+3.584400E+04,+5.649662E-01,+1.000000E-03,+9.910000E+37,+5.281104E+02,+3.584400E+04,+5.645104E-01,+1.000000E-03,+9.910000E+37,+5.281777E+02,+3.584400E+04,-2.622211E+00,+0.000000E+00,+9.910000E+37,+5.282432E+02,+3.584400E+04
10:48:56,0e0,+5.685657E-01,+1.116000E-03,+9.910000E+37,+5.284678E+02,+3.584400E+04,+5.689278E-01,+1.116000E-03,+9.910000E+37,+5.285342E+02,+3.584400E+04,+5.671068E-01,+1.116000E-03,+9.910000E+37,+5.286006E+02,+3.584400E+04,-1.923398E+00,+0.000000E+00,+9.910000E+37,+5.286670E+02,+3.584400E+04
10:48:56,0e0,+5.812208E-01,+1.245000E-03,+9.910000E+37,+5.288906E+02,+3.584400E+04,+5.808575E-01,+1.245000E-03,+9.910000E+37,+5.289570E+02,+3.584400E+04,+5.813590E-01,+1.245000E-03,+9.910000E+37,+5.290244E+02,+3.584400E+04,-1.903405E+00,+0.000000E+00,+9.910000E+37,+5.290918E+02,+3.584400E+04
10:48:56,0e0,+5.969752E-01,+1.389500E-03,+9.910000E+37,+5.293115E+02,+3.584400E+04,+5.959727E-01,+1.389500E-03,+9.910000E+37,+5.293779E+02,+3.584400E+04,+5.950177E-01,+1.389500E-03,+9.910000E+37,+5.294443E+02,+3.584400E+04,-1.932871E+00,+0.000000E+00,+9.910000E+37,+5.295107E+02,+3.584400E+04
10:48:56,0e0,+6.103635E-01,+1.550500E-03,+9.910000E+37,+5.297314E+02,+3.584400E+04,+6.101337E-01,+1.550500E-03,+9.910000E+37,+5.297979E+02,+3.584400E+04,+6.107258E-01,+1.550500E-03,+9.910000E+37,+5.298652E+02,+3.584400E+04,-1.942016E+00,+0.000000E+00,+9.910000E+37,+5.299326E+02,+3.584400E+04
10:48:56,0e0,+6.267975E-01,+1.730000E-03,+9.910000E+37,+5.301563E+02,+3.584400E+04,+6.257516E-01,+1.730000E-03,+9.910000E+37,+5.302227E+02,+3.584400E+04,+6.259336E-01,+1.730000E-03,+9.910000E+37,+5.302891E+02,+3.584400E+04,-1.909006E+00,+0.000000E+00,+9.910000E+37,+5.303555E+02,+3.584400E+04
10:48:56,0e0,+6.428705E-01,+1.930500E-03,+9.910000E+37,+5.305752E+02,+3.584400E+04,+6.428709E-01,+1.930500E-03,+9.910000E+37,+5.306416E+02,+3.584400E+04,+6.425527E-01,+1.930500E-03,+9.910000E+37,+5.307090E+02,+3.584400E+04,-1.913015E+00,+0.000000E+00,+9.910000E+37,+5.307744E+02,+3.584400E+04
10:48:56,0e0,+6.604453E-01,+2.154500E-03,+9.910000E+37,+5.309951E+02,+3.584400E+04,+6.603085E-01,+2.154500E-03,+9.910000E+37,+5.310625E+02,+3.584400E+04,+6.609920E-01,+2.154500E-03,+9.910000E+37,+5.311279E+02,+3.584400E+04,-1.948940E+00,+0.000000E+00,+9.910000E+37,+5.311943E+02,+3.584400E+04
10:48:56,0e0,+6.786578E-01,+2.404000E-03,+9.910000E+37,+5.314199E+02,+3.584400E+04,+6.771088E-01,+2.404000E-03,+9.910000E+37,+5.314863E+02,+3.584400E+04,+6.795244E-01,+2.404000E-03,+9.910000E+37,+5.315527E+02,+3.584400E+04,-1.906231E+00,+0.000000E+00,+9.910000E+37,+5.316191E+02,+3.584400E+04
10:48:56,0e0,+6.979180E-01,+2.682500E-03,+9.910000E+37,+5.318398E+02,+3.584400E+04,+6.976915E-01,+2.682500E-03,+9.910000E+37,+5.319063E+02,+3.584400E+04,+6.977360E-01,+2.682500E-03,+9.910000E+37,+5.319717E+02,+3.584400E+04,-1.886100E+00,+0.000000E+00,+9.910000E+37,+5.320381E+02,+3.584400E+04
10:48:56,0e0,+7.193182E-01,+2.993500E-03,+9.910000E+37,+5.322588E+02,+3.584400E+04,+7.176790E-01,+2.993500E-03,+9.910000E+37,+5.323252E+02,+3.584400E+04,+7.177246E-01,+2.993500E-03,+9.910000E+37,+5.323926E+02,+3.584400E+04,-1.871438E+00,+0.000000E+00,+9.910000E+37,+5.324590E+02,+3.584400E+04
10:48:56,0e0,+7.393062E-01,+3.340500E-03,+9.910000E+37,+5.326836E+02,+3.584400E+04,+7.397158E-01,+3.340500E-03,+9.910000E+37,+5.327500E+02,+3.584400E+04,+7.400339E-01,+3.340500E-03,+9.910000E+37,+5.328174E+02,+3.584400E+04,-1.865383E+00,+0.000000E+00,+9.910000E+37,+5.328828E+02,+3.584400E+04
10:48:56,0e0,+7.634390E-01,+3.727500E-03,+9.910000E+37,+5.331035E+02,+3.584400E+04,+7.617993E-01,+3.727500E-03,+9.910000E+37,+5.331699E+02,+3.584400E+04,+7.627085E-01,+3.727500E-03,+9.910000E+37,+5.332373E+02,+3.584400E+04,-1.887601E+00,+0.000000E+00,+9.910000E+37,+5.333027E+02,+3.584400E+04
10:48:56,0e0,+7.866136E-01,+4.159500E-03,+9.910000E+37,+5.335195E+02,+3.584400E+04,+7.850653E-01,+4.159500E-03,+9.910000E+37,+5.335918E+02,+3.584400E+04,+7.861125E-01,+4.159500E-03,+9.910000E+37,+5.336582E+02,+3.584400E+04,-1.875948E+00,+0.000000E+00,+9.910000E+37,+5.337246E+02,+3.584400E+04
10:48:56,0e0,+8.114269E-01,+4.641500E-03,+9.910000E+37,+5.339443E+02,+3.584400E+04,+8.112010E-01,+4.641500E-03,+9.910000E+37,+5.340098E+02,+3.584400E+04,+8.113828E-01,+4.641500E-03,+9.910000E+37,+5.340762E+02,+3.584400E+04,-1.928175E+00,+0.000000E+00,+9.910000E+37,+5.341426E+02,+3.584400E+04
10:48:56,0e0,+8.391119E-01,+5.179500E-03,+9.910000E+37,+5.343594E+02,+3.584400E+04,+8.380187E-01,+5.179500E-03,+9.910000E+37,+5.344268E+02,+3.584400E+04,+8.395669E-01,+5.179500E-03,+9.910000E+37,+5.344941E+02,+3.584400E+04,-1.861330E+00,+0.000000E+00,+9.910000E+37,+5.345596E+02,+3.584400E+04
10:48:56,0e0,+8.670679E-01,+5.779500E-03,+9.910000E+37,+5.347852E+02,+3.584400E+04,+8.677521E-01,+5.779500E-03,+9.910000E+37,+5.348506E+02,+3.584400E+04,+8.680693E-01,+5.779500E-03,+9.910000E+37,+5.349170E+02,+3.584400E+04,-1.903496E+00,+0.000000E+00,+9.910000E+37,+5.349834E+02,+3.584400E+04
10:48:56,0e0,+8.988949E-01,+6.449500E-03,+9.910000E+37,+5.352031E+02,+3.584400E+04,+8.969353E-01,+6.449500E-03,+9.910000E+37,+5.352705E+02,+3.584400E+04,+8.987124E-01,+6.449500E-03,+9.910000E+37,+5.353369E+02,+3.584400E+04,-1.870208E+00,+0.000000E+00,+9.910000E+37,+5.354023E+02,+3.584400E+04
10:48:56,0e0,+9.316766E-01,+7.197000E-03,+9.910000E+37,+5.356240E+02,+3.584400E+04,+9.299904E-01,+7.197000E-03,+9.910000E+37,+5.356904E+02,+3.584400E+04,+9.299908E-01,+7.197000E-03,+9.910000E+37,+5.357578E+02,+3.584400E+04,-1.879452E+00,+0.000000E+00,+9.910000E+37,+5.358252E+02,+3.584400E+04
10:48:56,0e0,+9.659609E-01,+8.031000E-03,+9.910000E+37,+5.360449E+02,+3.584400E+04,+9.654613E-01,+8.031000E-03,+9.910000E+37,+5.361113E+02,+3.584400E+04,+9.643662E-01,+8.031000E-03,+9.910000E+37,+5.361787E+02,+3.584400E+04,-1.871300E+00,+0.000000E+00,+9.910000E+37,+5.362441E+02,+3.584400E+04
10:48:56,0e0,+1.003890E+00,+8.961500E-03,+9.910000E+37,+5.364658E+02,+3.584400E+04,+1.003162E+00,+8.961500E-03,+9.910000E+37,+5.365332E+02,+3.584400E+04,+1.003526E+00,+8.961500E-03,+9.910000E+37,+5.365986E+02,+3.584400E+04,-1.916611E+00,+0.000000E+00,+9.910000E+37,+5.366660E+02,+3.584400E+04
