11:59:20,0e0,-1.152952E+01,+1.000000E-07,+9.910000E+37,+5.252988E+02,+3.584400E+04,+8.857462E-02,+1.000000E-07,+9.910000E+37,+5.253662E+02,+3.584400E+04,+8.948562E-02,+1.000000E-07,+9.910000E+37,+5.254316E+02,+3.584400E+04,-5.489770E-02,+0.000000E+00,+9.910000E+37,+5.254990E+02,+3.584400E+04
11:59:20,0e0,-9.827093E+00,+1.116000E-07,+9.910000E+37,+5.257207E+02,+3.584400E+04,+9.349185E-02,+1.116000E-07,+9.910000E+37,+5.257871E+02,+3.584400E+04,+9.198955E-02,+1.116000E-07,+9.910000E+37,+5.258545E+02,+3.584400E+04,-4.797666E-02,+0.000000E+00,+9.910000E+37,+5.259199E+02,+3.584400E+04
11:59:20,0e0,-9.800053E+00,+1.245000E-07,+9.910000E+37,+5.261445E+02,+3.584400E+04,+9.740803E-02,+1.245000E-07,+9.910000E+37,+5.262109E+02,+3.584400E+04,+9.672564E-02,+1.245000E-07,+9.910000E+37,+5.262773E+02,+3.584400E+04,-7.625248E-02,+0.000000E+00,+9.910000E+37,+5.263438E+02,+3.584400E+04
11:59:20,0e0,-6.197670E+00,+1.389500E-07,+9.910000E+37,+5.265693E+02,+3.584400E+04,+9.954810E-02,+1.389500E-07,+9.910000E+37,+5.266357E+02,+3.584400E+04,+9.959334E-02,+1.389500E-07,+9.910000E+37,+5.267021E+02,+3.584400E+04,-4.843183E-02,+0.000000E+00,+9.910000E+37,+5.267686E+02,+3.584400E+04
11:59:20,0e0,-5.128229E+00,+1.550500E-07,+9.910000E+37,+5.269951E+02,+3.584400E+04,+1.022341E-01,+1.550500E-07,+9.910000E+37,+5.270625E+02,+3.584400E+04,+1.026441E-01,+1.550500E-07,+9.910000E+37,+5.271299E+02,+3.584400E+04,-1.039816E-01,+0.000000E+00,+9.910000E+37,+5.271953E+02,+3.584400E+04
11:59:20,0e0,-2.035073E+00,+1.730000E-07,+9.910000E+37,+5.274189E+02,+3.584400E+04,+1.063778E-01,+1.730000E-07,+9.910000E+37,+5.274854E+02,+3.584400E+04,+1.071977E-01,+1.730000E-07,+9.910000E+37,+5.275527E+02,+3.584400E+04,-6.996898E-02,+0.000000E+00,+9.910000E+37,+5.276191E+02,+3.584400E+04
11:59:20,0e0,-1.459555E+00,+1.930500E-07,+9.910000E+37,+5.278437E+02,+3.584400E+04,+1.112040E-01,+1.930500E-07,+9.910000E+37,+5.279111E+02,+3.584400E+04,+1.105668E-01,+1.930500E-07,+9.910000E+37,+5.279785E+02,+3.584400E+04,-1.608059E-01,+0.000000E+00,+9.910000E+37,+5.280459E+02,+3.584400E+04
11:59:20,0e0,-3.960825E-01,+2.154500E-07,+9.910000E+37,+5.282725E+02,+3.584400E+04,+1.138911E-01,+2.154500E-07,+9.910000E+37,+5.283389E+02,+3.584400E+04,+1.138452E-01,+2.154500E-07,+9.910000E+37,+5.284063E+02,+3.584400E+04,-6.418647E-02,+0.000000E+00,+9.910000E+37,+5.284736E+02,+3.584400E+04
11:59:20,0e0,+8.520502E-02,+2.404000E-07,+9.910000E+37,+5.286982E+02,+3.584400E+04,+1.188534E-01,+2.404000E-07,+9.910000E+37,+5.287646E+02,+3.584400E+04,+1.192182E-01,+2.404000E-07,+9.910000E+37,+5.288311E+02,+3.584400E+04,-2.499599E-01,+0.000000E+00,+9.910000E+37,+5.288975E+02,+3.584400E+04
11:59:20,0e0,+1.212668E-01,+2.682500E-07,+9.910000E+37,+5.291221E+02,+3.584400E+04,+1.216769E-01,+2.682500E-07,+9.910000E+37,+5.291895E+02,+3.584400E+04,+1.214943E-01,+2.682500E-07,+9.910000E+37,+5.292559E+02,+3.584400E+04,-1.159566E-01,+0.000000E+00,+9.910000E+37,+5.293223E+02,+3.584400E+04
11:59:20,0e0,+1.256376E-01,+2.993500E-07,+9.910000E+37,+5.295469E+02,+3.584400E+04,+1.257745E-01,+2.993500E-07,+9.910000E+37,+5.296143E+02,+3.584400E+04,+1.245452E-01,+2.993500E-07,+9.910000E+37,+5.296816E+02,+3.584400E+04,-4.256800E-01,+0.000000E+00,+9.910000E+37,+5.297490E+02,+3.584400E+04
11:59:20,0e0,+1.283242E-01,+3.340500E-07,+9.910000E+37,+5.299746E+02,+3.584400E+04,+1.283242E-01,+3.340500E-07,+9.910000E+37,+5.300420E+02,+3.584400E+04,+1.284609E-01,+3.340500E-07,+9.910000E+37,+5.301074E+02,+3.584400E+04,-4.054624E-01,+0.000000E+00,+9.910000E+37,+5.301738E+02,+3.584400E+04
11:59:20,0e0,+1.333328E-01,+3.727500E-07,+9.910000E+37,+5.303994E+02,+3.584400E+04,+1.326042E-01,+3.727500E-07,+9.910000E+37,+5.304658E+02,+3.584400E+04,+1.324218E-01,+3.727500E-07,+9.910000E+37,+5.305322E+02,+3.584400E+04,-9.818004E-01,+0.000000E+00,+9.910000E+37,+5.305986E+02,+3.584400E+04
11:59:20,0e0,+1.372029E-01,+4.159500E-07,+9.910000E+37,+5.308242E+02,+3.584400E+04,+1.380681E-01,+4.159500E-07,+9.910000E+37,+5.308906E+02,+3.584400E+04,+1.366565E-01,+4.159500E-07,+9.910000E+37,+5.309580E+02,+3.584400E+04,-1.408783E+00,+0.000000E+00,+9.910000E+37,+5.310254E+02,+3.584400E+04
11:59:20,0e0,+1.404816E-01,+4.641500E-07,+9.910000E+37,+5.312539E+02,+3.584400E+04,+1.427580E-01,+4.641500E-07,+9.910000E+37,+5.313203E+02,+3.584400E+04,+1.405268E-01,+4.641500E-07,+9.910000E+37,+5.313857E+02,+3.584400E+04,-2.371215E+00,+0.000000E+00,+9.910000E+37,+5.314521E+02,+3.584400E+04
11:59:20,0e0,+1.441237E-01,+5.179500E-07,+9.910000E+37,+5.316748E+02,+3.584400E+04,+1.462183E-01,+5.179500E-07,+9.910000E+37,+5.317422E+02,+3.584400E+04,+1.451257E-01,+5.179500E-07,+9.910000E+37,+5.318086E+02,+3.584400E+04,-3.467700E+00,+0.000000E+00,+9.910000E+37,+5.318750E+02,+3.584400E+04
11:59:20,0e0,+1.489960E-01,+5.779500E-07,+9.910000E+37,+5.320986E+02,+3.584400E+04,+1.493601E-01,+5.779500E-07,+9.910000E+37,+5.321660E+02,+3.584400E+04,+1.484950E-01,+5.779500E-07,+9.910000E+37,+5.322314E+02,+3.584400E+04,-5.397340E+00,+0.000000E+00,+9.910000E+37,+5.322979E+02,+3.584400E+04
11:59:20,0e0,+1.534128E-01,+6.449500E-07,+9.910000E+37,+5.325254E+02,+3.584400E+04,+1.541409E-01,+6.449500E-07,+9.910000E+37,+5.325918E+02,+3.584400E+04,+1.536408E-01,+6.449500E-07,+9.910000E+37,+5.326592E+02,+3.584400E+04,-7.135195E+00,+0.000000E+00,+9.910000E+37,+5.327266E+02,+3.584400E+04
11:59:20,0e0,+1.574653E-01,+7.197000E-07,+9.910000E+37,+5.329492E+02,+3.584400E+04,+1.581938E-01,+7.197000E-07,+9.910000E+37,+5.330156E+02,+3.584400E+04,+1.578296E-01,+7.197000E-07,+9.910000E+37,+5.330830E+02,+3.584400E+04,-9.600338E+00,+0.000000E+00,+9.910000E+37,+5.331504E+02,+3.584400E+04
11:59:20,0e0,+1.631115E-01,+8.031000E-07,+9.910000E+37,+5.333779E+02,+3.584400E+04,+1.627011E-01,+8.031000E-07,+9.910000E+37,+5.334434E+02,+3.584400E+04,+1.617896E-01,+8.031000E-07,+9.910000E+37,+5.335098E+02,+3.584400E+04,-1.222437E+01,+0.000000E+00,+9.910000E+37,+5.335771E+02,+3.584400E+04
11:59:20,0e0,+1.672997E-01,+8.961500E-07,+9.910000E+37,+5.338008E+02,+3.584400E+04,+1.667988E-01,+8.961500E-07,+9.910000E+37,+5.338672E+02,+3.584400E+04,+1.672547E-01,+8.961500E-07,+9.910000E+37,+5.339336E+02,+3.584400E+04,-1.508449E+01,+0.000000E+00,+9.910000E+37,+5.340000E+02,+3.584400E+04
11:59:20,0e0,+1.725364E-01,+1.000000E-06,+9.910000E+37,+5.342227E+02,+3.584400E+04,+1.727633E-01,+1.000000E-06,+9.910000E+37,+5.342891E+02,+3.584400E+04,+1.727181E-01,+1.000000E-06,+9.910000E+37,+5.343555E+02,+3.584400E+04,-1.778868E+01,+0.000000E+00,+9.910000E+37,+5.344219E+02,+3.584400E+04
11:59:20,0e0,+1.659330E-01,+1.116000E-06,+9.910000E+37,+5.346445E+02,+3.584400E+04,+1.650693E-01,+1.116000E-06,+9.910000E+37,+5.347109E+02,+3.584400E+04,+1.647043E-01,+1.116000E-06,+9.910000E+37,+5.347764E+02,+3.584400E+04,-6.646310E-02,+0.000000E+00,+9.910000E+37,+5.348428E+02,+3.584400E+04
11:59:20,0e0,+1.693491E-01,+1.245000E-06,+9.910000E+37,+5.350703E+02,+3.584400E+04,+1.688474E-01,+1.245000E-06,+9.910000E+37,+5.351377E+02,+3.584400E+04,+1.693483E-01,+1.245000E-06,+9.910000E+37,+5.352031E+02,+3.584400E+04,-6.227413E-02,+0.000000E+00,+9.910000E+37,+5.352695E+02,+3.584400E+04
11:59:20,0e0,+1.718978E-01,+1.389500E-06,+9.910000E+37,+5.354922E+02,+3.584400E+04,+1.730366E-01,+1.389500E-06,+9.910000E+37,+5.355596E+02,+3.584400E+04,+1.726723E-01,+1.389500E-06,+9.910000E+37,+5.356260E+02,+3.584400E+04,-7.210907E-02,+0.000000E+00,+9.910000E+37,+5.356914E+02,+3.584400E+04
11:59:20,0e0,+1.773172E-01,+1.550500E-06,+9.910000E+37,+5.359131E+02,+3.584400E+04,+1.766795E-01,+1.550500E-06,+9.910000E+37,+5.359795E+02,+3.584400E+04,+1.770893E-01,+1.550500E-06,+9.910000E+37,+5.360459E+02,+3.584400E+04,-9.464760E-02,+0.000000E+00,+9.910000E+37,+5.361133E+02,+3.584400E+04
11:59:20,0e0,+1.809596E-01,+1.730000E-06,+9.910000E+37,+5.363447E+02,+3.584400E+04,+1.818700E-01,+1.730000E-06,+9.910000E+37,+5.364111E+02,+3.584400E+04,+1.813237E-01,+1.730000E-06,+9.910000E+37,+5.364785E+02,+3.584400E+04,-1.036174E-01,+0.000000E+00,+9.910000E+37,+5.365459E+02,+3.584400E+04
11:59:20,0e0,+1.861508E-01,+1.930500E-06,+9.910000E+37,+5.367734E+02,+3.584400E+04,+1.847839E-01,+1.930500E-06,+9.910000E+37,+5.368398E+02,+3.584400E+04,+1.851029E-01,+1.930500E-06,+9.910000E+37,+5.369072E+02,+3.584400E+04,-6.081715E-02,+0.000000E+00,+9.910000E+37,+5.369746E+02,+3.584400E+04
11:59:20,0e0,+1.885632E-01,+2.154500E-06,+9.910000E+37,+5.371992E+02,+3.584400E+04,+1.883815E-01,+2.154500E-06,+9.910000E+37,+5.372666E+02,+3.584400E+04,+1.885180E-01,+2.154500E-06,+9.910000E+37,+5.373320E+02,+3.584400E+04,-1.735550E-01,+0.000000E+00,+9.910000E+37,+5.373984E+02,+3.584400E+04
11:59:20,0e0,+1.930709E-01,+2.404000E-06,+9.910000E+37,+5.376201E+02,+3.584400E+04,+1.930708E-01,+2.404000E-06,+9.910000E+37,+5.376865E+02,+3.584400E+04,+1.933898E-01,+2.404000E-06,+9.910000E+37,+5.377529E+02,+3.584400E+04,-1.164119E-01,+0.000000E+00,+9.910000E+37,+5.378203E+02,+3.584400E+04
11:59:20,0e0,+1.970324E-01,+2.682500E-06,+9.910000E+37,+5.380479E+02,+3.584400E+04,+1.977151E-01,+2.682500E-06,+9.910000E+37,+5.381152E+02,+3.584400E+04,+1.970778E-01,+2.682500E-06,+9.910000E+37,+5.381826E+02,+3.584400E+04,-2.428109E-01,+0.000000E+00,+9.910000E+37,+5.382500E+02,+3.584400E+04
11:59:20,0e0,+2.012665E-01,+2.993500E-06,+9.910000E+37,+5.384736E+02,+3.584400E+04,+2.008113E-01,+2.993500E-06,+9.910000E+37,+5.385400E+02,+3.584400E+04,+2.018130E-01,+2.993500E-06,+9.910000E+37,+5.386074E+02,+3.584400E+04,-2.025135E-01,+0.000000E+00,+9.910000E+37,+5.386748E+02,+3.584400E+04
11:59:20,0e0,+2.055465E-01,+3.340500E-06,+9.910000E+37,+5.388984E+02,+3.584400E+04,+2.052286E-01,+3.340500E-06,+9.910000E+37,+5.389648E+02,+3.584400E+04,+2.060930E-01,+3.340500E-06,+9.910000E+37,+5.390322E+02,+3.584400E+04,-5.236715E-01,+0.000000E+00,+9.910000E+37,+5.390977E+02,+3.584400E+04
11:59:20,0e0,+2.096446E-01,+3.727500E-06,+9.910000E+37,+5.393223E+02,+3.584400E+04,+2.100087E-01,+3.727500E-06,+9.910000E+37,+5.393887E+02,+3.584400E+04,+2.101006E-01,+3.727500E-06,+9.910000E+37,+5.394551E+02,+3.584400E+04,-7.584958E-01,+0.000000E+00,+9.910000E+37,+5.395215E+02,+3.584400E+04
11:59:20,0e0,+2.141521E-01,+4.159500E-06,+9.910000E+37,+5.397500E+02,+3.584400E+04,+2.147441E-01,+4.159500E-06,+9.910000E+37,+5.398154E+02,+3.584400E+04,+2.149720E-01,+4.159500E-06,+9.910000E+37,+5.398818E+02,+3.584400E+04,-1.465929E+00,+0.000000E+00,+9.910000E+37,+5.399492E+02,+3.584400E+04
11:59:20,0e0,+2.185240E-01,+4.641500E-06,+9.910000E+37,+5.401738E+02,+3.584400E+04,+2.191149E-01,+4.641500E-06,+9.910000E+37,+5.402412E+02,+3.584400E+04,+2.190243E-01,+4.641500E-06,+9.910000E+37,+5.403066E+02,+3.584400E+04,-2.151004E+00,+0.000000E+00,+9.910000E+37,+5.403730E+02,+3.584400E+04
11:59:20,0e0,+2.234409E-01,+5.179500E-06,+9.910000E+37,+5.405986E+02,+3.584400E+04,+2.230763E-01,+5.179500E-06,+9.910000E+37,+5.406660E+02,+3.584400E+04,+2.233042E-01,+5.179500E-06,+9.910000E+37,+5.407314E+02,+3.584400E+04,-3.474801E+00,+0.000000E+00,+9.910000E+37,+5.407979E+02,+3.584400E+04
11:59:20,0e0,+2.278118E-01,+5.779500E-06,+9.910000E+37,+5.410254E+02,+3.584400E+04,+2.280850E-01,+5.779500E-06,+9.910000E+37,+5.410928E+02,+3.584400E+04,+2.283582E-01,+5.779500E-06,+9.910000E+37,+5.411582E+02,+3.584400E+04,-4.840215E+00,+0.000000E+00,+9.910000E+37,+5.412246E+02,+3.584400E+04
11:59:20,0e0,+2.319551E-01,+6.449500E-06,+9.910000E+37,+5.414492E+02,+3.584400E+04,+2.331391E-01,+6.449500E-06,+9.910000E+37,+5.415146E+02,+3.584400E+04,+2.323646E-01,+6.449500E-06,+9.910000E+37,+5.415811E+02,+3.584400E+04,-6.899943E+00,+0.000000E+00,+9.910000E+37,+5.416484E+02,+3.584400E+04
11:59:20,0e0,+2.386943E-01,+7.197000E-06,+9.910000E+37,+5.418721E+02,+3.584400E+04,+2.380565E-01,+7.197000E-06,+9.910000E+37,+5.419385E+02,+3.584400E+04,+2.375557E-01,+7.197000E-06,+9.910000E+37,+5.420059E+02,+3.584400E+04,-9.027217E+00,+0.000000E+00,+9.910000E+37,+5.420713E+02,+3.584400E+04
11:59:20,0e0,+2.426558E-01,+8.031000E-06,+9.910000E+37,+5.422930E+02,+3.584400E+04,+2.440667E-01,+8.031000E-06,+9.910000E+37,+5.423584E+02,+3.584400E+04,+2.426096E-01,+8.031000E-06,+9.910000E+37,+5.424248E+02,+3.584400E+04,-1.155719E+01,+0.000000E+00,+9.910000E+37,+5.424902E+02,+3.584400E+04
11:59:20,0e0,+2.474814E-01,+8.961500E-06,+9.910000E+37,+5.427168E+02,+3.584400E+04,+2.475271E-01,+8.961500E-06,+9.910000E+37,+5.427832E+02,+3.584400E+04,+2.484376E-01,+8.961500E-06,+9.910000E+37,+5.428496E+02,+3.584400E+04,-1.456285E+01,+0.000000E+00,+9.910000E+37,+5.429150E+02,+3.584400E+04
11:59:20,0e0,+2.535374E-01,+1.000000E-05,+9.910000E+37,+5.431367E+02,+3.584400E+04,+2.530820E-01,+1.000000E-05,+9.910000E+37,+5.432031E+02,+3.584400E+04,+2.525812E-01,+1.000000E-05,+9.910000E+37,+5.432695E+02,+3.584400E+04,-1.713605E+01,+0.000000E+00,+9.910000E+37,+5.433359E+02,+3.584400E+04
11:59:20,0e0,+2.481189E-01,+1.116000E-05,+9.910000E+37,+5.435537E+02,+3.584400E+04,+2.477095E-01,+1.116000E-05,+9.910000E+37,+5.436201E+02,+3.584400E+04,+2.481191E-01,+1.116000E-05,+9.910000E+37,+5.436875E+02,+3.584400E+04,-2.227754E-01,+0.000000E+00,+9.910000E+37,+5.437529E+02,+3.584400E+04
11:59:20,0e0,+2.519442E-01,+1.245000E-05,+9.910000E+37,+5.439717E+02,+3.584400E+04,+2.508968E-01,+1.245000E-05,+9.910000E+37,+5.440381E+02,+3.584400E+04,+2.502139E-01,+1.245000E-05,+9.910000E+37,+5.441055E+02,+3.584400E+04,-2.563348E-01,+0.000000E+00,+9.910000E+37,+5.441729E+02,+3.584400E+04
11:59:20,0e0,+2.544928E-01,+1.389500E-05,+9.910000E+37,+5.443916E+02,+3.584400E+04,+2.562696E-01,+1.389500E-05,+9.910000E+37,+5.444580E+02,+3.584400E+04,+2.581366E-01,+1.389500E-05,+9.910000E+37,+5.445254E+02,+3.584400E+04,-2.968611E-01,+0.000000E+00,+9.910000E+37,+5.445977E+02,+3.584400E+04
11:59:20,0e0,+2.606405E-01,+1.550500E-05,+9.910000E+37,+5.448164E+02,+3.584400E+04,+2.611414E-01,+1.550500E-05,+9.910000E+37,+5.448828E+02,+3.584400E+04,+2.600942E-01,+1.550500E-05,+9.910000E+37,+5.449502E+02,+3.584400E+04,-2.251888E-01,+0.000000E+00,+9.910000E+37,+5.450195E+02,+3.584400E+04
11:59:20,0e0,+2.656491E-01,+1.730000E-05,+9.910000E+37,+5.452422E+02,+3.584400E+04,+2.652849E-01,+1.730000E-05,+9.910000E+37,+5.453086E+02,+3.584400E+04,+2.650568E-01,+1.730000E-05,+9.910000E+37,+5.453760E+02,+3.584400E+04,-2.676730E-01,+0.000000E+00,+9.910000E+37,+5.454434E+02,+3.584400E+04
11:59:20,0e0,+2.697924E-01,+1.930500E-05,+9.910000E+37,+5.456582E+02,+3.584400E+04,+2.697013E-01,+1.930500E-05,+9.910000E+37,+5.457246E+02,+3.584400E+04,+2.700199E-01,+1.930500E-05,+9.910000E+37,+5.457910E+02,+3.584400E+04,-2.366181E-01,+0.000000E+00,+9.910000E+37,+5.458584E+02,+3.584400E+04
11:59:20,0e0,+2.749374E-01,+2.154500E-05,+9.910000E+37,+5.460693E+02,+3.584400E+04,+2.747557E-01,+2.154500E-05,+9.910000E+37,+5.461367E+02,+3.584400E+04,+2.736619E-01,+2.154500E-05,+9.910000E+37,+5.462021E+02,+3.584400E+04,-2.276932E-01,+0.000000E+00,+9.910000E+37,+5.462686E+02,+3.584400E+04
11:59:20,0e0,+2.795816E-01,+2.404000E-05,+9.910000E+37,+5.464844E+02,+3.584400E+04,+2.793995E-01,+2.404000E-05,+9.910000E+37,+5.465508E+02,+3.584400E+04,+2.795817E-01,+2.404000E-05,+9.910000E+37,+5.466182E+02,+3.584400E+04,-2.273289E-01,+0.000000E+00,+9.910000E+37,+5.466855E+02,+3.584400E+04
11:59:20,0e0,+2.848190E-01,+2.682500E-05,+9.910000E+37,+5.469014E+02,+3.584400E+04,+2.844073E-01,+2.682500E-05,+9.910000E+37,+5.469678E+02,+3.584400E+04,+2.844994E-01,+2.682500E-05,+9.910000E+37,+5.470342E+02,+3.584400E+04,-2.370279E-01,+0.000000E+00,+9.910000E+37,+5.470996E+02,+3.584400E+04
11:59:20,0e0,+2.903730E-01,+2.993500E-05,+9.910000E+37,+5.473154E+02,+3.584400E+04,+2.896902E-01,+2.993500E-05,+9.910000E+37,+5.473809E+02,+3.584400E+04,+2.896449E-01,+2.993500E-05,+9.910000E+37,+5.474473E+02,+3.584400E+04,-2.362538E-01,+0.000000E+00,+9.910000E+37,+5.475137E+02,+3.584400E+04
11:59:20,0e0,+2.947896E-01,+3.340500E-05,+9.910000E+37,+5.477285E+02,+3.584400E+04,+2.945160E-01,+3.340500E-05,+9.910000E+37,+5.477959E+02,+3.584400E+04,+2.956093E-01,+3.340500E-05,+9.910000E+37,+5.478623E+02,+3.584400E+04,-2.627552E-01,+0.000000E+00,+9.910000E+37,+5.479336E+02,+3.584400E+04
11:59:20,0e0,+3.002533E-01,+3.727500E-05,+9.910000E+37,+5.481543E+02,+3.584400E+04,+3.011181E-01,+3.727500E-05,+9.910000E+37,+5.482207E+02,+3.584400E+04,+3.006180E-01,+3.727500E-05,+9.910000E+37,+5.482871E+02,+3.584400E+04,-2.323378E-01,+0.000000E+00,+9.910000E+37,+5.483564E+02,+3.584400E+04
11:59:20,0e0,+3.056713E-01,+4.159500E-05,+9.910000E+37,+5.485752E+02,+3.584400E+04,+3.061725E-01,+4.159500E-05,+9.910000E+37,+5.486426E+02,+3.584400E+04,+3.058991E-01,+4.159500E-05,+9.910000E+37,+5.487080E+02,+3.584400E+04,-4.662060E-01,+0.000000E+00,+9.910000E+37,+5.487773E+02,+3.584400E+04
11:59:20,0e0,+3.120463E-01,+4.641500E-05,+9.910000E+37,+5.490010E+02,+3.584400E+04,+3.115907E-01,+4.641500E-05,+9.910000E+37,+5.490684E+02,+3.584400E+04,+3.113633E-01,+4.641500E-05,+9.910000E+37,+5.491338E+02,+3.584400E+04,-1.259290E+00,+0.000000E+00,+9.910000E+37,+5.492021E+02,+3.584400E+04
11:59:20,0e0,+3.176922E-01,+5.179500E-05,+9.910000E+37,+5.494258E+02,+3.584400E+04,+3.169181E-01,+5.179500E-05,+9.910000E+37,+5.494932E+02,+3.584400E+04,+3.169636E-01,+5.179500E-05,+9.910000E+37,+5.495586E+02,+3.584400E+04,-1.872602E+00,+0.000000E+00,+9.910000E+37,+5.496270E+02,+3.584400E+04
11:59:20,0e0,+3.231561E-01,+5.779500E-05,+9.910000E+37,+5.498525E+02,+3.584400E+04,+3.230652E-01,+5.779500E-05,+9.910000E+37,+5.499189E+02,+3.584400E+04,+3.230649E-01,+5.779500E-05,+9.910000E+37,+5.499863E+02,+3.584400E+04,-3.227861E+00,+0.000000E+00,+9.910000E+37,+5.500557E+02,+3.584400E+04
11:59:20,0e0,+3.294395E-01,+6.449500E-05,+9.910000E+37,+5.502803E+02,+3.584400E+04,+3.284836E-01,+6.449500E-05,+9.910000E+37,+5.503467E+02,+3.584400E+04,+3.287109E-01,+6.449500E-05,+9.910000E+37,+5.504141E+02,+3.584400E+04,-4.496649E+00,+0.000000E+00,+9.910000E+37,+5.504814E+02,+3.584400E+04
11:59:20,0e0,+3.352222E-01,+7.197000E-05,+9.910000E+37,+5.507021E+02,+3.584400E+04,+3.348585E-01,+7.197000E-05,+9.910000E+37,+5.507686E+02,+3.584400E+04,+3.349949E-01,+7.197000E-05,+9.910000E+37,+5.508340E+02,+3.584400E+04,-6.401063E+00,+0.000000E+00,+9.910000E+37,+5.509023E+02,+3.584400E+04
11:59:20,0e0,+3.423706E-01,+8.031000E-05,+9.910000E+37,+5.511152E+02,+3.584400E+04,+3.414140E-01,+8.031000E-05,+9.910000E+37,+5.511816E+02,+3.584400E+04,+3.410506E-01,+8.031000E-05,+9.910000E+37,+5.512480E+02,+3.584400E+04,-8.614518E+00,+0.000000E+00,+9.910000E+37,+5.513135E+02,+3.584400E+04
11:59:20,0e0,+3.480158E-01,+8.961500E-05,+9.910000E+37,+5.515264E+02,+3.584400E+04,+3.473796E-01,+8.961500E-05,+9.910000E+37,+5.515928E+02,+3.584400E+04,+3.470148E-01,+8.961500E-05,+9.910000E+37,+5.516592E+02,+3.584400E+04,-1.106818E+01,+0.000000E+00,+9.910000E+37,+5.517266E+02,+3.584400E+04
11:59:20,0e0,+3.548461E-01,+1.000000E-04,+9.910000E+37,+5.519414E+02,+3.584400E+04,+3.561668E-01,+1.000000E-04,+9.910000E+37,+5.520078E+02,+3.584400E+04,+3.540264E-01,+1.000000E-04,+9.910000E+37,+5.520742E+02,+3.584400E+04,-1.370238E+01,+0.000000E+00,+9.910000E+37,+5.521396E+02,+3.584400E+04
11:59:20,0e0,+3.498375E-01,+1.116000E-04,+9.910000E+37,+5.523613E+02,+3.584400E+04,+3.505205E-01,+1.116000E-04,+9.910000E+37,+5.524277E+02,+3.584400E+04,+3.507030E-01,+1.116000E-04,+9.910000E+37,+5.524941E+02,+3.584400E+04,-1.438014E+00,+0.000000E+00,+9.910000E+37,+5.525605E+02,+3.584400E+04
11:59:20,0e0,+3.549375E-01,+1.245000E-04,+9.910000E+37,+5.527842E+02,+3.584400E+04,+3.577143E-01,+1.245000E-04,+9.910000E+37,+5.528496E+02,+3.584400E+04,+3.573509E-01,+1.245000E-04,+9.910000E+37,+5.529160E+02,+3.584400E+04,-1.313431E+00,+0.000000E+00,+9.910000E+37,+5.529834E+02,+3.584400E+04
11:59:20,0e0,+3.615852E-01,+1.389500E-04,+9.910000E+37,+5.532051E+02,+3.584400E+04,+3.624045E-01,+1.389500E-04,+9.910000E+37,+5.532715E+02,+3.584400E+04,+3.628143E-01,+1.389500E-04,+9.910000E+37,+5.533379E+02,+3.584400E+04,-1.399355E+00,+0.000000E+00,+9.910000E+37,+5.534043E+02,+3.584400E+04
11:59:20,0e0,+3.678237E-01,+1.550500E-04,+9.910000E+37,+5.536270E+02,+3.584400E+04,+3.680044E-01,+1.550500E-04,+9.910000E+37,+5.536943E+02,+3.584400E+04,+3.687339E-01,+1.550500E-04,+9.910000E+37,+5.537598E+02,+3.584400E+04,-1.445619E+00,+0.000000E+00,+9.910000E+37,+5.538262E+02,+3.584400E+04
11:59:20,0e0,+3.748342E-01,+1.730000E-04,+9.910000E+37,+5.540498E+02,+3.584400E+04,+3.749713E-01,+1.730000E-04,+9.910000E+37,+5.541172E+02,+3.584400E+04,+3.746981E-01,+1.730000E-04,+9.910000E+37,+5.541846E+02,+3.584400E+04,-1.300362E+00,+0.000000E+00,+9.910000E+37,+5.542500E+02,+3.584400E+04
11:59:20,0e0,+3.809364E-01,+1.930500E-04,+9.910000E+37,+5.544717E+02,+3.584400E+04,+3.814825E-01,+1.930500E-04,+9.910000E+37,+5.545391E+02,+3.584400E+04,+3.816191E-01,+1.930500E-04,+9.910000E+37,+5.546045E+02,+3.584400E+04,-1.411921E+00,+0.000000E+00,+9.910000E+37,+5.546709E+02,+3.584400E+04
11:59:20,0e0,+3.875378E-01,+2.154500E-04,+9.910000E+37,+5.548965E+02,+3.584400E+04,+3.874925E-01,+2.154500E-04,+9.910000E+37,+5.549639E+02,+3.584400E+04,+3.873107E-01,+2.154500E-04,+9.910000E+37,+5.550312E+02,+3.584400E+04,-1.348675E+00,+0.000000E+00,+9.910000E+37,+5.550967E+02,+3.584400E+04
11:59:20,0e0,+3.943675E-01,+2.404000E-04,+9.910000E+37,+5.553223E+02,+3.584400E+04,+3.936849E-01,+2.404000E-04,+9.910000E+37,+5.553896E+02,+3.584400E+04,+3.939121E-01,+2.404000E-04,+9.910000E+37,+5.554570E+02,+3.584400E+04,-1.386970E+00,+0.000000E+00,+9.910000E+37,+5.555225E+02,+3.584400E+04
11:59:20,0e0,+4.004701E-01,+2.682500E-04,+9.910000E+37,+5.557480E+02,+3.584400E+04,+4.010156E-01,+2.682500E-04,+9.910000E+37,+5.558154E+02,+3.584400E+04,+4.012888E-01,+2.682500E-04,+9.910000E+37,+5.558809E+02,+3.584400E+04,-1.355003E+00,+0.000000E+00,+9.910000E+37,+5.559473E+02,+3.584400E+04
11:59:20,0e0,+4.086652E-01,+2.993500E-04,+9.910000E+37,+5.561699E+02,+3.584400E+04,+4.070265E-01,+2.993500E-04,+9.910000E+37,+5.562354E+02,+3.584400E+04,+4.088473E-01,+2.993500E-04,+9.910000E+37,+5.563018E+02,+3.584400E+04,-1.258789E+00,+0.000000E+00,+9.910000E+37,+5.563691E+02,+3.584400E+04
11:59:20,0e0,+4.164509E-01,+3.340500E-04,+9.910000E+37,+5.565947E+02,+3.584400E+04,+4.163608E-01,+3.340500E-04,+9.910000E+37,+5.566621E+02,+3.584400E+04,+4.167699E-01,+3.340500E-04,+9.910000E+37,+5.567285E+02,+3.584400E+04,-1.452129E+00,+0.000000E+00,+9.910000E+37,+5.567949E+02,+3.584400E+04
11:59:20,0e0,+4.234627E-01,+3.727500E-04,+9.910000E+37,+5.570215E+02,+3.584400E+04,+4.235543E-01,+3.727500E-04,+9.910000E+37,+5.570889E+02,+3.584400E+04,+4.228712E-01,+3.727500E-04,+9.910000E+37,+5.571543E+02,+3.584400E+04,-1.310015E+00,+0.000000E+00,+9.910000E+37,+5.572207E+02,+3.584400E+04
11:59:20,0e0,+4.317507E-01,+4.159500E-04,+9.910000E+37,+5.574453E+02,+3.584400E+04,+4.304747E-01,+4.159500E-04,+9.910000E+37,+5.575127E+02,+3.584400E+04,+4.311581E-01,+4.159500E-04,+9.910000E+37,+5.575781E+02,+3.584400E+04,-1.445709E+00,+0.000000E+00,+9.910000E+37,+5.576445E+02,+3.584400E+04
11:59:20,0e0,+4.386251E-01,+4.641500E-04,+9.910000E+37,+5.578701E+02,+3.584400E+04,+4.395816E-01,+4.641500E-04,+9.910000E+37,+5.579375E+02,+3.584400E+04,+4.388530E-01,+4.641500E-04,+9.910000E+37,+5.580029E+02,+3.584400E+04,-1.298539E+00,+0.000000E+00,+9.910000E+37,+5.580693E+02,+3.584400E+04
11:59:20,0e0,+4.474580E-01,+5.179500E-04,+9.910000E+37,+5.582959E+02,+3.584400E+04,+4.468673E-01,+5.179500E-04,+9.910000E+37,+5.583623E+02,+3.584400E+04,+4.484603E-01,+5.179500E-04,+9.910000E+37,+5.584297E+02,+3.584400E+04,-1.447212E+00,+0.000000E+00,+9.910000E+37,+5.584951E+02,+3.584400E+04
11:59:20,0e0,+4.553815E-01,+5.779500E-04,+9.910000E+37,+5.587207E+02,+3.584400E+04,+4.552898E-01,+5.779500E-04,+9.910000E+37,+5.587881E+02,+3.584400E+04,+4.564280E-01,+5.779500E-04,+9.910000E+37,+5.588535E+02,+3.584400E+04,-1.303822E+00,+0.000000E+00,+9.910000E+37,+5.589199E+02,+3.584400E+04
11:59:20,0e0,+4.638039E-01,+6.449500E-04,+9.910000E+37,+5.591455E+02,+3.584400E+04,+4.643503E-01,+6.449500E-04,+9.910000E+37,+5.592109E+02,+3.584400E+04,+4.647602E-01,+6.449500E-04,+9.910000E+37,+5.592773E+02,+3.584400E+04,-1.684676E+00,+0.000000E+00,+9.910000E+37,+5.593447E+02,+3.584400E+04
11:59:20,0e0,+4.741855E-01,+7.197000E-04,+9.910000E+37,+5.595654E+02,+3.584400E+04,+4.747315E-01,+7.197000E-04,+9.910000E+37,+5.596309E+02,+3.584400E+04,+4.742312E-01,+7.197000E-04,+9.910000E+37,+5.596973E+02,+3.584400E+04,-1.968179E+00,+0.000000E+00,+9.910000E+37,+5.597646E+02,+3.584400E+04
11:59:20,0e0,+4.829732E-01,+8.031000E-04,+9.910000E+37,+5.599854E+02,+3.584400E+04,+4.835653E-01,+8.031000E-04,+9.910000E+37,+5.600508E+02,+3.584400E+04,+4.824264E-01,+8.031000E-04,+9.910000E+37,+5.601172E+02,+3.584400E+04,-2.210834E+00,+0.000000E+00,+9.910000E+37,+5.601846E+02,+3.584400E+04
11:59:20,0e0,+4.939919E-01,+8.961500E-04,+9.910000E+37,+5.604053E+02,+3.584400E+04,+4.937646E-01,+8.961500E-04,+9.910000E+37,+5.604717E+02,+3.584400E+04,+4.933552E-01,+8.961500E-04,+9.910000E+37,+5.605381E+02,+3.584400E+04,-2.600614E+00,+0.000000E+00,+9.910000E+37,+5.606055E+02,+3.584400E+04
11:59:20,0e0,+5.056483E-01,+1.000000E-03,+9.910000E+37,+5.608271E+02,+3.584400E+04,+5.033723E-01,+1.000000E-03,+9.910000E+37,+5.608945E+02,+3.584400E+04,+5.038738E-01,+1.000000E-03,+9.910000E+37,+5.609600E+02,+3.584400E+04,-3.273939E+00,+0.000000E+00,+9.910000E+37,+5.610264E+02,+3.584400E+04
11:59:20,0e0,+5.024151E-01,+1.116000E-03,+9.910000E+37,+5.612500E+02,+3.584400E+04,+5.029165E-01,+1.116000E-03,+9.910000E+37,+5.613164E+02,+3.584400E+04,+5.027798E-01,+1.116000E-03,+9.910000E+37,+5.613828E+02,+3.584400E+04,-1.967813E+00,+0.000000E+00,+9.910000E+37,+5.614502E+02,+3.584400E+04
11:59:20,0e0,+5.113401E-01,+1.245000E-03,+9.910000E+37,+5.616689E+02,+3.584400E+04,+5.124784E-01,+1.245000E-03,+9.910000E+37,+5.617354E+02,+3.584400E+04,+5.123865E-01,+1.245000E-03,+9.910000E+37,+5.618027E+02,+3.584400E+04,-1.907024E+00,+0.000000E+00,+9.910000E+37,+5.618682E+02,+3.584400E+04
11:59:20,0e0,+5.231329E-01,+1.389500E-03,+9.910000E+37,+5.620947E+02,+3.584400E+04,+5.222214E-01,+1.389500E-03,+9.910000E+37,+5.621621E+02,+3.584400E+04,+5.220848E-01,+1.389500E-03,+9.910000E+37,+5.622275E+02,+3.584400E+04,-1.988714E+00,+0.000000E+00,+9.910000E+37,+5.622939E+02,+3.584400E+04
11:59:20,0e0,+5.331956E-01,+1.550500E-03,+9.910000E+37,+5.625205E+02,+3.584400E+04,+5.338334E-01,+1.550500E-03,+9.910000E+37,+5.625869E+02,+3.584400E+04,+5.330583E-01,+1.550500E-03,+9.910000E+37,+5.626543E+02,+3.584400E+04,-1.938534E+00,+0.000000E+00,+9.910000E+37,+5.627217E+02,+3.584400E+04
11:59:20,0e0,+5.443509E-01,+1.730000E-03,+9.910000E+37,+5.629453E+02,+3.584400E+04,+5.450789E-01,+1.730000E-03,+9.910000E+37,+5.630117E+02,+3.584400E+04,+5.453069E-01,+1.730000E-03,+9.910000E+37,+5.630781E+02,+3.584400E+04,-1.970227E+00,+0.000000E+00,+9.910000E+37,+5.631445E+02,+3.584400E+04
11:59:20,0e0,+5.568720E-01,+1.930500E-03,+9.910000E+37,+5.633662E+02,+3.584400E+04,+5.553700E-01,+1.930500E-03,+9.910000E+37,+5.634326E+02,+3.584400E+04,+5.558698E-01,+1.930500E-03,+9.910000E+37,+5.635000E+02,+3.584400E+04,-1.895592E+00,+0.000000E+00,+9.910000E+37,+5.635654E+02,+3.584400E+04
11:59:20,0e0,+5.677096E-01,+2.154500E-03,+9.910000E+37,+5.637900E+02,+3.584400E+04,+5.677991E-01,+2.154500E-03,+9.910000E+37,+5.638564E+02,+3.584400E+04,+5.681642E-01,+2.154500E-03,+9.910000E+37,+5.639229E+02,+3.584400E+04,-1.989624E+00,+0.000000E+00,+9.910000E+37,+5.639893E+02,+3.584400E+04
11:59:20,0e0,+5.803666E-01,+2.404000E-03,+9.910000E+37,+5.642139E+02,+3.584400E+04,+5.795009E-01,+2.404000E-03,+9.910000E+37,+5.642813E+02,+3.584400E+04,+5.797283E-01,+2.404000E-03,+9.910000E+37,+5.643477E+02,+3.584400E+04,-1.959253E+00,+0.000000E+00,+9.910000E+37,+5.644141E+02,+3.584400E+04
11:59:20,0e0,+5.940717E-01,+2.682500E-03,+9.910000E+37,+5.646377E+02,+3.584400E+04,+5.922500E-01,+2.682500E-03,+9.910000E+37,+5.647041E+02,+3.584400E+04,+5.927052E-01,+2.682500E-03,+9.910000E+37,+5.647705E+02,+3.584400E+04,-1.946229E+00,+0.000000E+00,+9.910000E+37,+5.648369E+02,+3.584400E+04
11:59:20,0e0,+6.060918E-01,+2.993500E-03,+9.910000E+37,+5.650625E+02,+3.584400E+04,+6.054537E-01,+2.993500E-03,+9.910000E+37,+5.651289E+02,+3.584400E+04,+6.059100E-01,+2.993500E-03,+9.910000E+37,+5.651963E+02,+3.584400E+04,-1.967904E+00,+0.000000E+00,+9.910000E+37,+5.652617E+02,+3.584400E+04
11:59:20,0e0,+6.197516E-01,+3.340500E-03,+9.910000E+37,+5.654873E+02,+3.584400E+04,+6.196155E-01,+3.340500E-03,+9.910000E+37,+5.655527E+02,+3.584400E+04,+6.194786E-01,+3.340500E-03,+9.910000E+37,+5.656191E+02,+3.584400E+04,-1.954247E+00,+0.000000E+00,+9.910000E+37,+5.656865E+02,+3.584400E+04
11:59:20,0e0,+6.335481E-01,+3.727500E-03,+9.910000E+37,+5.659063E+02,+3.584400E+04,+6.330467E-01,+3.727500E-03,+9.910000E+37,+5.659736E+02,+3.584400E+04,+6.340941E-01,+3.727500E-03,+9.910000E+37,+5.660400E+02,+3.584400E+04,-1.960524E+00,+0.000000E+00,+9.910000E+37,+5.661055E+02,+3.584400E+04
11:59:20,0e0,+6.482087E-01,+4.159500E-03,+9.910000E+37,+5.663252E+02,+3.584400E+04,+6.481634E-01,+4.159500E-03,+9.910000E+37,+5.663916E+02,+3.584400E+04,+6.479357E-01,+4.159500E-03,+9.910000E+37,+5.664590E+02,+3.584400E+04,-1.895503E+00,+0.000000E+00,+9.910000E+37,+5.665244E+02,+3.584400E+04
11:59:20,0e0,+6.627794E-01,+4.641500E-03,+9.910000E+37,+5.667461E+02,+3.584400E+04,+6.610476E-01,+4.641500E-03,+9.910000E+37,+5.668125E+02,+3.584400E+04,+6.626423E-01,+4.641500E-03,+9.910000E+37,+5.668789E+02,+3.584400E+04,-1.904156E+00,+0.000000E+00,+9.910000E+37,+5.669463E+02,+3.584400E+04
11:59:20,0e0,+6.777596E-01,+5.179500E-03,+9.910000E+37,+5.671709E+02,+3.584400E+04,+6.768488E-01,+5.179500E-03,+9.910000E+37,+5.672373E+02,+3.584400E+04,+6.768023E-01,+5.179500E-03,+9.910000E+37,+5.673037E+02,+3.584400E+04,-1.949826E+00,+0.000000E+00,+9.910000E+37,+5.673701E+02,+3.584400E+04
11:59:20,0e0,+6.917836E-01,+5.779500E-03,+9.910000E+37,+5.675957E+02,+3.584400E+04,+6.925582E-01,+5.779500E-03,+9.910000E+37,+5.676621E+02,+3.584400E+04,+6.903254E-01,+5.779500E-03,+9.910000E+37,+5.677285E+02,+3.584400E+04,-1.938442E+00,+0.000000E+00,+9.910000E+37,+5.677949E+02,+3.584400E+04
11:59:20,0e0,+7.062617E-01,+6.449500E-03,+9.910000E+37,+5.680195E+02,+3.584400E+04,+7.056702E-01,+6.449500E-03,+9.910000E+37,+5.680859E+02,+3.584400E+04,+7.063078E-01,+6.449500E-03,+9.910000E+37,+5.681533E+02,+3.584400E+04,-1.939351E+00,+0.000000E+00,+9.910000E+37,+5.682207E+02,+3.584400E+04
11:59:20,0e0,+7.213332E-01,+7.197000E-03,+9.910000E+37,+5.684453E+02,+3.584400E+04,+7.223350E-01,+7.197000E-03,+9.910000E+37,+5.685127E+02,+3.584400E+04,+7.210603E-01,+7.197000E-03,+9.910000E+37,+5.685781E+02,+3.584400E+04,-1.933886E+00,+0.000000E+00,+9.910000E+37,+5.686445E+02,+3.584400E+04
11:59:20,0e0,+7.360863E-01,+8.031000E-03,+9.910000E+37,+5.688701E+02,+3.584400E+04,+7.355834E-01,+8.031000E-03,+9.910000E+37,+5.689375E+02,+3.584400E+04,+7.353575E-01,+8.031000E-03,+9.910000E+37,+5.690029E+02,+3.584400E+04,-1.964899E+00,+0.000000E+00,+9.910000E+37,+5.690693E+02,+3.584400E+04
11:59:20,0e0,+7.509746E-01,+8.961500E-03,+9.910000E+37,+5.692949E+02,+3.584400E+04,+7.504740E-01,+8.961500E-03,+9.910000E+37,+5.693613E+02,+3.584400E+04,+7.512943E-01,+8.961500E-03,+9.910000E+37,+5.694287E+02,+3.584400E+04,-1.919407E+00,+0.000000E+00,+9.910000E+37,+5.694951E+02,+3.584400E+04
