11:54:06,0e0,-9.799973E+00,+1.000000E-07,+9.910000E+37,+2.209365E+02,+3.584400E+04,+2.788728E-02,+1.000000E-07,+9.910000E+37,+2.210039E+02,+3.584400E+04,+2.765979E-02,+1.000000E-07,+9.910000E+37,+2.210703E+02,+3.584400E+04,-4.920092E-02,+0.000000E+00,+9.910000E+37,+2.211377E+02,+3.584400E+04
11:54:06,0e0,-7.026828E+00,+1.116000E-07,+9.910000E+37,+2.213613E+02,+3.584400E+04,+3.189489E-02,+1.116000E-07,+9.910000E+37,+2.214287E+02,+3.584400E+04,+3.121150E-02,+1.116000E-07,+9.910000E+37,+2.214941E+02,+3.584400E+04,-4.742508E-02,+0.000000E+00,+9.910000E+37,+2.215605E+02,+3.584400E+04
11:54:06,0e0,-7.470595E+00,+1.245000E-07,+9.910000E+37,+2.217861E+02,+3.584400E+04,+3.421670E-02,+1.245000E-07,+9.910000E+37,+2.218525E+02,+3.584400E+04,+3.476375E-02,+1.245000E-07,+9.910000E+37,+2.219199E+02,+3.584400E+04,-4.788058E-02,+0.000000E+00,+9.910000E+37,+2.219854E+02,+3.584400E+04
11:54:06,0e0,-4.078259E+00,+1.389500E-07,+9.910000E+37,+2.222139E+02,+3.584400E+04,+3.881565E-02,+1.389500E-07,+9.910000E+37,+2.222803E+02,+3.584400E+04,+3.886133E-02,+1.389500E-07,+9.910000E+37,+2.223467E+02,+3.584400E+04,-4.824485E-02,+0.000000E+00,+9.910000E+37,+2.224131E+02,+3.584400E+04
11:54:06,0e0,-3.223313E+00,+1.550500E-07,+9.910000E+37,+2.226387E+02,+3.584400E+04,+4.122892E-02,+1.550500E-07,+9.910000E+37,+2.227051E+02,+3.584400E+04,+4.163870E-02,+1.550500E-07,+9.910000E+37,+2.227725E+02,+3.584400E+04,-5.220661E-02,+0.000000E+00,+9.910000E+37,+2.228398E+02,+3.584400E+04
11:54:06,0e0,-1.860085E+00,+1.730000E-07,+9.910000E+37,+2.230674E+02,+3.584400E+04,+4.482573E-02,+1.730000E-07,+9.910000E+37,+2.231338E+02,+3.584400E+04,+4.600975E-02,+1.730000E-07,+9.910000E+37,+2.232012E+02,+3.584400E+04,-4.915564E-02,+0.000000E+00,+9.910000E+37,+2.232686E+02,+3.584400E+04
11:54:06,0e0,-1.193113E+00,+1.930500E-07,+9.910000E+37,+2.234912E+02,+3.584400E+04,+4.860535E-02,+1.930500E-07,+9.910000E+37,+2.235576E+02,+3.584400E+04,+4.896939E-02,+1.930500E-07,+9.910000E+37,+2.236240E+02,+3.584400E+04,-5.334459E-02,+0.000000E+00,+9.910000E+37,+2.236904E+02,+3.584400E+04
11:54:06,0e0,-3.128011E-01,+2.154500E-07,+9.910000E+37,+2.239160E+02,+3.584400E+04,+5.261251E-02,+2.154500E-07,+9.910000E+37,+2.239834E+02,+3.584400E+04,+5.256668E-02,+2.154500E-07,+9.910000E+37,+2.240498E+02,+3.584400E+04,-5.065843E-02,+0.000000E+00,+9.910000E+37,+2.241162E+02,+3.584400E+04
11:54:06,0e0,+9.582981E-03,+2.404000E-07,+9.910000E+37,+2.243398E+02,+3.584400E+04,+5.575404E-02,+2.404000E-07,+9.910000E+37,+2.244063E+02,+3.584400E+04,+5.671060E-02,+2.404000E-07,+9.910000E+37,+2.244727E+02,+3.584400E+04,-6.491047E-02,+0.000000E+00,+9.910000E+37,+2.245400E+02,+3.584400E+04
11:54:06,0e0,+5.884990E-02,+2.682500E-07,+9.910000E+37,+2.247617E+02,+3.584400E+04,+5.971575E-02,+2.682500E-07,+9.910000E+37,+2.248271E+02,+3.584400E+04,+5.916864E-02,+2.682500E-07,+9.910000E+37,+2.248936E+02,+3.584400E+04,-4.942866E-02,+0.000000E+00,+9.910000E+37,+2.249609E+02,+3.584400E+04
11:54:06,0e0,+6.344953E-02,+2.993500E-07,+9.910000E+37,+2.251855E+02,+3.584400E+04,+6.313050E-02,+2.993500E-07,+9.910000E+37,+2.252529E+02,+3.584400E+04,+6.349489E-02,+2.993500E-07,+9.910000E+37,+2.253203E+02,+3.584400E+04,-7.551952E-02,+0.000000E+00,+9.910000E+37,+2.253857E+02,+3.584400E+04
11:54:06,0e0,+6.804824E-02,+3.340500E-07,+9.910000E+37,+2.256104E+02,+3.584400E+04,+6.613532E-02,+3.340500E-07,+9.910000E+37,+2.256777E+02,+3.584400E+04,+6.686407E-02,+3.340500E-07,+9.910000E+37,+2.257451E+02,+3.584400E+04,-8.212185E-02,+0.000000E+00,+9.910000E+37,+2.258105E+02,+3.584400E+04
11:54:06,0e0,+7.141754E-02,+3.727500E-07,+9.910000E+37,+2.260361E+02,+3.584400E+04,+7.050684E-02,+3.727500E-07,+9.910000E+37,+2.261016E+02,+3.584400E+04,+7.191843E-02,+3.727500E-07,+9.910000E+37,+2.261680E+02,+3.584400E+04,-1.878966E-01,+0.000000E+00,+9.910000E+37,+2.262354E+02,+3.584400E+04
11:54:06,0e0,+7.465035E-02,+4.159500E-07,+9.910000E+37,+2.264570E+02,+3.584400E+04,+7.556161E-02,+4.159500E-07,+9.910000E+37,+2.265225E+02,+3.584400E+04,+7.519704E-02,+4.159500E-07,+9.910000E+37,+2.265889E+02,+3.584400E+04,-5.762299E-01,+0.000000E+00,+9.910000E+37,+2.266563E+02,+3.584400E+04
11:54:06,0e0,+7.811058E-02,+4.641500E-07,+9.910000E+37,+2.268818E+02,+3.584400E+04,+7.915834E-02,+4.641500E-07,+9.910000E+37,+2.269492E+02,+3.584400E+04,+7.915851E-02,+4.641500E-07,+9.910000E+37,+2.270166E+02,+3.584400E+04,-9.230354E-01,+0.000000E+00,+9.910000E+37,+2.270820E+02,+3.584400E+04
11:54:06,0e0,+8.407599E-02,+5.179500E-07,+9.910000E+37,+2.273076E+02,+3.584400E+04,+8.357477E-02,+5.179500E-07,+9.910000E+37,+2.273750E+02,+3.584400E+04,+8.307412E-02,+5.179500E-07,+9.910000E+37,+2.274404E+02,+3.584400E+04,-2.013223E+00,+0.000000E+00,+9.910000E+37,+2.275078E+02,+3.584400E+04
11:54:06,0e0,+8.821961E-02,+5.779500E-07,+9.910000E+37,+2.277314E+02,+3.584400E+04,+8.730838E-02,+5.779500E-07,+9.910000E+37,+2.277969E+02,+3.584400E+04,+8.890298E-02,+5.779500E-07,+9.910000E+37,+2.278633E+02,+3.584400E+04,-3.029554E+00,+0.000000E+00,+9.910000E+37,+2.279307E+02,+3.584400E+04
11:54:06,0e0,+9.236321E-02,+6.449500E-07,+9.910000E+37,+2.281533E+02,+3.584400E+04,+9.259066E-02,+6.449500E-07,+9.910000E+37,+2.282197E+02,+3.584400E+04,+9.268191E-02,+6.449500E-07,+9.910000E+37,+2.282871E+02,+3.584400E+04,-4.716635E+00,+0.000000E+00,+9.910000E+37,+2.283525E+02,+3.584400E+04
11:54:06,0e0,+9.732622E-02,+7.197000E-07,+9.910000E+37,+2.286123E+02,+3.584400E+04,+9.718993E-02,+7.197000E-07,+9.910000E+37,+2.286797E+02,+3.584400E+04,+9.668875E-02,+7.197000E-07,+9.910000E+37,+2.287451E+02,+3.584400E+04,-6.653442E+00,+0.000000E+00,+9.910000E+37,+2.288115E+02,+3.584400E+04
11:54:06,0e0,+1.018343E-01,+8.031000E-07,+9.910000E+37,+2.290352E+02,+3.584400E+04,+1.021074E-01,+8.031000E-07,+9.910000E+37,+2.291016E+02,+3.584400E+04,+1.024719E-01,+8.031000E-07,+9.910000E+37,+2.291680E+02,+3.584400E+04,-8.893240E+00,+0.000000E+00,+9.910000E+37,+2.292344E+02,+3.584400E+04
11:54:06,0e0,+1.064784E-01,+8.961500E-07,+9.910000E+37,+2.294561E+02,+3.584400E+04,+1.061598E-01,+8.961500E-07,+9.910000E+37,+2.295234E+02,+3.584400E+04,+1.063873E-01,+8.961500E-07,+9.910000E+37,+2.295889E+02,+3.584400E+04,-1.126620E+01,+0.000000E+00,+9.910000E+37,+2.296553E+02,+3.584400E+04
11:54:06,0e0,+1.111690E-01,+1.000000E-06,+9.910000E+37,+2.298740E+02,+3.584400E+04,+1.115782E-01,+1.000000E-06,+9.910000E+37,+2.299395E+02,+3.584400E+04,+1.102571E-01,+1.000000E-06,+9.910000E+37,+2.300059E+02,+3.584400E+04,-1.403417E+01,+0.000000E+00,+9.910000E+37,+2.300732E+02,+3.584400E+04
11:54:06,0e0,+1.054310E-01,+1.116000E-06,+9.910000E+37,+2.302979E+02,+3.584400E+04,+1.064790E-01,+1.116000E-06,+9.910000E+37,+2.303643E+02,+3.584400E+04,+1.072069E-01,+1.116000E-06,+9.910000E+37,+2.304307E+02,+3.584400E+04,-4.951996E-02,+0.000000E+00,+9.910000E+37,+2.304980E+02,+3.584400E+04
11:54:06,0e0,+1.083902E-01,+1.245000E-06,+9.910000E+37,+2.307217E+02,+3.584400E+04,+1.094838E-01,+1.245000E-06,+9.910000E+37,+2.307891E+02,+3.584400E+04,+1.100305E-01,+1.245000E-06,+9.910000E+37,+2.308545E+02,+3.584400E+04,-4.974763E-02,+0.000000E+00,+9.910000E+37,+2.309209E+02,+3.584400E+04
11:54:06,0e0,+1.141279E-01,+1.389500E-06,+9.910000E+37,+2.311436E+02,+3.584400E+04,+1.139916E-01,+1.389500E-06,+9.910000E+37,+2.312109E+02,+3.584400E+04,+1.143107E-01,+1.389500E-06,+9.910000E+37,+2.312764E+02,+3.584400E+04,-5.097708E-02,+0.000000E+00,+9.910000E+37,+2.313438E+02,+3.584400E+04
11:54:06,0e0,+1.174973E-01,+1.550500E-06,+9.910000E+37,+2.315713E+02,+3.584400E+04,+1.184082E-01,+1.550500E-06,+9.910000E+37,+2.316377E+02,+3.584400E+04,+1.195926E-01,+1.550500E-06,+9.910000E+37,+2.317051E+02,+3.584400E+04,-5.061264E-02,+0.000000E+00,+9.910000E+37,+2.317715E+02,+3.584400E+04
11:54:06,0e0,+1.221878E-01,+1.730000E-06,+9.910000E+37,+2.319951E+02,+3.584400E+04,+1.221423E-01,+1.730000E-06,+9.910000E+37,+2.320615E+02,+3.584400E+04,+1.223240E-01,+1.730000E-06,+9.910000E+37,+2.321289E+02,+3.584400E+04,-5.284357E-02,+0.000000E+00,+9.910000E+37,+2.321943E+02,+3.584400E+04
11:54:06,0e0,+1.280613E-01,+1.930500E-06,+9.910000E+37,+2.324160E+02,+3.584400E+04,+1.273783E-01,+1.930500E-06,+9.910000E+37,+2.324824E+02,+3.584400E+04,+1.265132E-01,+1.930500E-06,+9.910000E+37,+2.325498E+02,+3.584400E+04,-5.038512E-02,+0.000000E+00,+9.910000E+37,+2.326162E+02,+3.584400E+04
11:54:06,0e0,+1.321594E-01,+2.154500E-06,+9.910000E+37,+2.328389E+02,+3.584400E+04,+1.321597E-01,+2.154500E-06,+9.910000E+37,+2.329053E+02,+3.584400E+04,+1.315220E-01,+2.154500E-06,+9.910000E+37,+2.329727E+02,+3.584400E+04,-5.006623E-02,+0.000000E+00,+9.910000E+37,+2.330391E+02,+3.584400E+04
11:54:06,0e0,+1.356654E-01,+2.404000E-06,+9.910000E+37,+2.332646E+02,+3.584400E+04,+1.357569E-01,+2.404000E-06,+9.910000E+37,+2.333301E+02,+3.584400E+04,+1.358021E-01,+2.404000E-06,+9.910000E+37,+2.333965E+02,+3.584400E+04,-5.899085E-02,+0.000000E+00,+9.910000E+37,+2.334629E+02,+3.584400E+04
11:54:06,0e0,+1.405374E-01,+2.682500E-06,+9.910000E+37,+2.336846E+02,+3.584400E+04,+1.403102E-01,+2.682500E-06,+9.910000E+37,+2.337510E+02,+3.584400E+04,+1.404459E-01,+2.682500E-06,+9.910000E+37,+2.338174E+02,+3.584400E+04,-4.983868E-02,+0.000000E+00,+9.910000E+37,+2.338838E+02,+3.584400E+04
11:54:06,0e0,+1.465023E-01,+2.993500E-06,+9.910000E+37,+2.341064E+02,+3.584400E+04,+1.448630E-01,+2.993500E-06,+9.910000E+37,+2.341729E+02,+3.584400E+04,+1.452273E-01,+2.993500E-06,+9.910000E+37,+2.342402E+02,+3.584400E+04,-6.563863E-02,+0.000000E+00,+9.910000E+37,+2.343057E+02,+3.584400E+04
11:54:06,0e0,+1.513743E-01,+3.340500E-06,+9.910000E+37,+2.345293E+02,+3.584400E+04,+1.504638E-01,+3.340500E-06,+9.910000E+37,+2.345957E+02,+3.584400E+04,+1.497355E-01,+3.340500E-06,+9.910000E+37,+2.346621E+02,+3.584400E+04,-8.034596E-02,+0.000000E+00,+9.910000E+37,+2.347295E+02,+3.584400E+04
11:54:06,0e0,+1.559277E-01,+3.727500E-06,+9.910000E+37,+2.349512E+02,+3.584400E+04,+1.543795E-01,+3.727500E-06,+9.910000E+37,+2.350186E+02,+3.584400E+04,+1.552900E-01,+3.727500E-06,+9.910000E+37,+2.350840E+02,+3.584400E+04,-1.416799E-01,+0.000000E+00,+9.910000E+37,+2.351504E+02,+3.584400E+04
11:54:06,0e0,+1.602533E-01,+4.159500E-06,+9.910000E+37,+2.353799E+02,+3.584400E+04,+1.605724E-01,+4.159500E-06,+9.910000E+37,+2.354463E+02,+3.584400E+04,+1.598436E-01,+4.159500E-06,+9.910000E+37,+2.355117E+02,+3.584400E+04,-5.119779E-01,+0.000000E+00,+9.910000E+37,+2.355791E+02,+3.584400E+04
11:54:06,0e0,+1.648524E-01,+4.641500E-06,+9.910000E+37,+2.358027E+02,+3.584400E+04,+1.651253E-01,+4.641500E-06,+9.910000E+37,+2.358691E+02,+3.584400E+04,+1.655814E-01,+4.641500E-06,+9.910000E+37,+2.359365E+02,+3.584400E+04,-9.060048E-01,+0.000000E+00,+9.910000E+37,+2.360029E+02,+3.584400E+04
11:54:06,0e0,+1.722289E-01,+5.179500E-06,+9.910000E+37,+2.362256E+02,+3.584400E+04,+1.704074E-01,+5.179500E-06,+9.910000E+37,+2.362930E+02,+3.584400E+04,+1.705447E-01,+5.179500E-06,+9.910000E+37,+2.363584E+02,+3.584400E+04,-1.870056E+00,+0.000000E+00,+9.910000E+37,+2.364258E+02,+3.584400E+04
11:54:06,0e0,+1.751878E-01,+5.779500E-06,+9.910000E+37,+2.366504E+02,+3.584400E+04,+1.766454E-01,+5.779500E-06,+9.910000E+37,+2.367178E+02,+3.584400E+04,+1.766914E-01,+5.779500E-06,+9.910000E+37,+2.367842E+02,+3.584400E+04,-2.939162E+00,+0.000000E+00,+9.910000E+37,+2.368506E+02,+3.584400E+04
11:54:06,0e0,+1.816088E-01,+6.449500E-06,+9.910000E+37,+2.370762E+02,+3.584400E+04,+1.813813E-01,+6.449500E-06,+9.910000E+37,+2.371426E+02,+3.584400E+04,+1.823824E-01,+6.449500E-06,+9.910000E+37,+2.372100E+02,+3.584400E+04,-4.573920E+00,+0.000000E+00,+9.910000E+37,+2.372754E+02,+3.584400E+04
11:54:06,0e0,+1.878923E-01,+7.197000E-06,+9.910000E+37,+2.374971E+02,+3.584400E+04,+1.883930E-01,+7.197000E-06,+9.910000E+37,+2.375635E+02,+3.584400E+04,+1.875736E-01,+7.197000E-06,+9.910000E+37,+2.376309E+02,+3.584400E+04,-6.376353E+00,+0.000000E+00,+9.910000E+37,+2.376963E+02,+3.584400E+04
11:54:06,0e0,+1.941302E-01,+8.031000E-06,+9.910000E+37,+2.379180E+02,+3.584400E+04,+1.939939E-01,+8.031000E-06,+9.910000E+37,+2.379844E+02,+3.584400E+04,+1.946770E-01,+8.031000E-06,+9.910000E+37,+2.380518E+02,+3.584400E+04,-8.510859E+00,+0.000000E+00,+9.910000E+37,+2.381172E+02,+3.584400E+04
11:54:06,0e0,+2.003228E-01,+8.961500E-06,+9.910000E+37,+2.383447E+02,+3.584400E+04,+2.009605E-01,+8.961500E-06,+9.910000E+37,+2.384111E+02,+3.584400E+04,+2.003683E-01,+8.961500E-06,+9.910000E+37,+2.384785E+02,+3.584400E+04,-1.114479E+01,+0.000000E+00,+9.910000E+37,+2.385449E+02,+3.584400E+04
11:54:06,0e0,+2.068804E-01,+1.000000E-05,+9.910000E+37,+2.387686E+02,+3.584400E+04,+2.067887E-01,+1.000000E-05,+9.910000E+37,+2.388350E+02,+3.584400E+04,+2.071532E-01,+1.000000E-05,+9.910000E+37,+2.389014E+02,+3.584400E+04,-1.348694E+01,+0.000000E+00,+9.910000E+37,+2.389678E+02,+3.584400E+04
11:54:06,0e0,+2.024181E-01,+1.116000E-05,+9.910000E+37,+2.391885E+02,+3.584400E+04,+2.022810E-01,+1.116000E-05,+9.910000E+37,+2.392549E+02,+3.584400E+04,+2.024626E-01,+1.116000E-05,+9.910000E+37,+2.393223E+02,+3.584400E+04,-8.836019E-02,+0.000000E+00,+9.910000E+37,+2.393906E+02,+3.584400E+04
11:54:06,0e0,+2.072435E-01,+1.245000E-05,+9.910000E+37,+2.396104E+02,+3.584400E+04,+2.084278E-01,+1.245000E-05,+9.910000E+37,+2.396758E+02,+3.584400E+04,+2.083372E-01,+1.245000E-05,+9.910000E+37,+2.397432E+02,+3.584400E+04,-8.772261E-02,+0.000000E+00,+9.910000E+37,+2.398135E+02,+3.584400E+04
11:54:06,0e0,+2.140283E-01,+1.389500E-05,+9.910000E+37,+2.400322E+02,+3.584400E+04,+2.138469E-01,+1.389500E-05,+9.910000E+37,+2.400996E+02,+3.584400E+04,+2.135276E-01,+1.389500E-05,+9.910000E+37,+2.401650E+02,+3.584400E+04,-8.708529E-02,+0.000000E+00,+9.910000E+37,+2.402373E+02,+3.584400E+04
11:54:06,0e0,+2.200852E-01,+1.550500E-05,+9.910000E+37,+2.404580E+02,+3.584400E+04,+2.199479E-01,+1.550500E-05,+9.910000E+37,+2.405254E+02,+3.584400E+04,+2.200842E-01,+1.550500E-05,+9.910000E+37,+2.405908E+02,+3.584400E+04,-8.271402E-02,+0.000000E+00,+9.910000E+37,+2.406582E+02,+3.584400E+04
11:54:06,0e0,+2.258216E-01,+1.730000E-05,+9.910000E+37,+2.408779E+02,+3.584400E+04,+2.260494E-01,+1.730000E-05,+9.910000E+37,+2.409443E+02,+3.584400E+04,+2.261406E-01,+1.730000E-05,+9.910000E+37,+2.410117E+02,+3.584400E+04,-9.514484E-02,+0.000000E+00,+9.910000E+37,+2.410820E+02,+3.584400E+04
11:54:06,0e0,+2.320594E-01,+1.930500E-05,+9.910000E+37,+2.413008E+02,+3.584400E+04,+2.332435E-01,+1.930500E-05,+9.910000E+37,+2.413682E+02,+3.584400E+04,+2.316501E-01,+1.930500E-05,+9.910000E+37,+2.414336E+02,+3.584400E+04,-9.323232E-02,+0.000000E+00,+9.910000E+37,+2.415039E+02,+3.584400E+04
11:54:06,0e0,+2.388896E-01,+2.154500E-05,+9.910000E+37,+2.417256E+02,+3.584400E+04,+2.382069E-01,+2.154500E-05,+9.910000E+37,+2.417920E+02,+3.584400E+04,+2.391180E-01,+2.154500E-05,+9.910000E+37,+2.418584E+02,+3.584400E+04,-9.418832E-02,+0.000000E+00,+9.910000E+37,+2.419307E+02,+3.584400E+04
11:54:06,0e0,+2.449455E-01,+2.404000E-05,+9.910000E+37,+2.421523E+02,+3.584400E+04,+2.447638E-01,+2.404000E-05,+9.910000E+37,+2.422197E+02,+3.584400E+04,+2.454462E-01,+2.404000E-05,+9.910000E+37,+2.422861E+02,+3.584400E+04,-9.537245E-02,+0.000000E+00,+9.910000E+37,+2.423545E+02,+3.584400E+04
11:54:06,0e0,+2.516848E-01,+2.682500E-05,+9.910000E+37,+2.425693E+02,+3.584400E+04,+2.514121E-01,+2.682500E-05,+9.910000E+37,+2.426357E+02,+3.584400E+04,+2.517305E-01,+2.682500E-05,+9.910000E+37,+2.427021E+02,+3.584400E+04,-9.391533E-02,+0.000000E+00,+9.910000E+37,+2.427695E+02,+3.584400E+04
11:54:06,0e0,+2.581953E-01,+2.993500E-05,+9.910000E+37,+2.429824E+02,+3.584400E+04,+2.587422E-01,+2.993500E-05,+9.910000E+37,+2.430498E+02,+3.584400E+04,+2.582414E-01,+2.993500E-05,+9.910000E+37,+2.431152E+02,+3.584400E+04,-9.550887E-02,+0.000000E+00,+9.910000E+37,+2.431826E+02,+3.584400E+04
11:54:06,0e0,+2.652087E-01,+3.340500E-05,+9.910000E+37,+2.433975E+02,+3.584400E+04,+2.653903E-01,+3.340500E-05,+9.910000E+37,+2.434648E+02,+3.584400E+04,+2.658464E-01,+3.340500E-05,+9.910000E+37,+2.435303E+02,+3.584400E+04,-9.437059E-02,+0.000000E+00,+9.910000E+37,+2.435967E+02,+3.584400E+04
11:54:06,0e0,+2.713085E-01,+3.727500E-05,+9.910000E+37,+2.438145E+02,+3.584400E+04,+2.725843E-01,+3.727500E-05,+9.910000E+37,+2.438818E+02,+3.584400E+04,+2.729488E-01,+3.727500E-05,+9.910000E+37,+2.439473E+02,+3.584400E+04,-9.569134E-02,+0.000000E+00,+9.910000E+37,+2.440137E+02,+3.584400E+04
11:54:06,0e0,+2.790042E-01,+4.159500E-05,+9.910000E+37,+2.442373E+02,+3.584400E+04,+2.791410E-01,+4.159500E-05,+9.910000E+37,+2.443047E+02,+3.584400E+04,+2.792780E-01,+4.159500E-05,+9.910000E+37,+2.443711E+02,+3.584400E+04,-2.006006E-01,+0.000000E+00,+9.910000E+37,+2.444385E+02,+3.584400E+04
11:54:06,0e0,+2.870185E-01,+4.641500E-05,+9.910000E+37,+2.446592E+02,+3.584400E+04,+2.870187E-01,+4.641500E-05,+9.910000E+37,+2.447256E+02,+3.584400E+04,+2.862439E-01,+4.641500E-05,+9.910000E+37,+2.447920E+02,+3.584400E+04,-5.923496E-01,+0.000000E+00,+9.910000E+37,+2.448594E+02,+3.584400E+04
11:54:06,0e0,+2.946234E-01,+5.179500E-05,+9.910000E+37,+2.450850E+02,+3.584400E+04,+2.936203E-01,+5.179500E-05,+9.910000E+37,+2.451523E+02,+3.584400E+04,+2.933928E-01,+5.179500E-05,+9.910000E+37,+2.452178E+02,+3.584400E+04,-1.045710E+00,+0.000000E+00,+9.910000E+37,+2.452842E+02,+3.584400E+04
11:54:06,0e0,+3.028654E-01,+5.779500E-05,+9.910000E+37,+2.455039E+02,+3.584400E+04,+3.019078E-01,+5.779500E-05,+9.910000E+37,+2.455703E+02,+3.584400E+04,+3.014983E-01,+5.779500E-05,+9.910000E+37,+2.456377E+02,+3.584400E+04,-1.894691E+00,+0.000000E+00,+9.910000E+37,+2.457041E+02,+3.584400E+04
11:54:06,0e0,+3.108328E-01,+6.449500E-05,+9.910000E+37,+2.459219E+02,+3.584400E+04,+3.106956E-01,+6.449500E-05,+9.910000E+37,+2.459893E+02,+3.584400E+04,+3.082822E-01,+6.449500E-05,+9.910000E+37,+2.460547E+02,+3.584400E+04,-2.965616E+00,+0.000000E+00,+9.910000E+37,+2.461230E+02,+3.584400E+04
11:54:06,0e0,+3.167517E-01,+7.197000E-05,+9.910000E+37,+2.463428E+02,+3.584400E+04,+3.159309E-01,+7.197000E-05,+9.910000E+37,+2.464102E+02,+3.584400E+04,+3.182089E-01,+7.197000E-05,+9.910000E+37,+2.464756E+02,+3.584400E+04,-4.184034E+00,+0.000000E+00,+9.910000E+37,+2.465479E+02,+3.584400E+04
11:54:06,0e0,+3.259494E-01,+8.031000E-05,+9.910000E+37,+2.467695E+02,+3.584400E+04,+3.260406E-01,+8.031000E-05,+9.910000E+37,+2.468359E+02,+3.584400E+04,+3.264516E-01,+8.031000E-05,+9.910000E+37,+2.469023E+02,+3.584400E+04,-6.053663E+00,+0.000000E+00,+9.910000E+37,+2.469717E+02,+3.584400E+04
11:54:06,0e0,+3.334180E-01,+8.961500E-05,+9.910000E+37,+2.471924E+02,+3.584400E+04,+3.338721E-01,+8.961500E-05,+9.910000E+37,+2.472598E+02,+3.584400E+04,+3.339636E-01,+8.961500E-05,+9.910000E+37,+2.473252E+02,+3.584400E+04,-8.197943E+00,+0.000000E+00,+9.910000E+37,+2.473936E+02,+3.584400E+04
11:54:06,0e0,+3.423412E-01,+1.000000E-04,+9.910000E+37,+2.476045E+02,+3.584400E+04,+3.430709E-01,+1.000000E-04,+9.910000E+37,+2.476709E+02,+3.584400E+04,+3.430705E-01,+1.000000E-04,+9.910000E+37,+2.477383E+02,+3.584400E+04,-1.054757E+01,+0.000000E+00,+9.910000E+37,+2.478037E+02,+3.584400E+04
11:54:06,0e0,+3.409303E-01,+1.116000E-04,+9.910000E+37,+2.480215E+02,+3.584400E+04,+3.420685E-01,+1.116000E-04,+9.910000E+37,+2.480879E+02,+3.584400E+04,+3.399738E-01,+1.116000E-04,+9.910000E+37,+2.481553E+02,+3.584400E+04,-1.060554E+00,+0.000000E+00,+9.910000E+37,+2.482207E+02,+3.584400E+04
11:54:06,0e0,+3.485345E-01,+1.245000E-04,+9.910000E+37,+2.484434E+02,+3.584400E+04,+3.485340E-01,+1.245000E-04,+9.910000E+37,+2.485098E+02,+3.584400E+04,+3.490804E-01,+1.245000E-04,+9.910000E+37,+2.485762E+02,+3.584400E+04,-1.050400E+00,+0.000000E+00,+9.910000E+37,+2.486436E+02,+3.584400E+04
11:54:06,0e0,+3.581417E-01,+1.389500E-04,+9.910000E+37,+2.488672E+02,+3.584400E+04,+3.575042E-01,+1.389500E-04,+9.910000E+37,+2.489326E+02,+3.584400E+04,+3.552723E-01,+1.389500E-04,+9.910000E+37,+2.490000E+02,+3.584400E+04,-9.779499E-01,+0.000000E+00,+9.910000E+37,+2.490654E+02,+3.584400E+04
11:54:06,0e0,+3.642879E-01,+1.550500E-04,+9.910000E+37,+2.492852E+02,+3.584400E+04,+3.639693E-01,+1.550500E-04,+9.910000E+37,+2.493525E+02,+3.584400E+04,+3.650186E-01,+1.550500E-04,+9.910000E+37,+2.494189E+02,+3.584400E+04,-1.033049E+00,+0.000000E+00,+9.910000E+37,+2.494863E+02,+3.584400E+04
11:54:06,0e0,+3.737593E-01,+1.730000E-04,+9.910000E+37,+2.497080E+02,+3.584400E+04,+3.731226E-01,+1.730000E-04,+9.910000E+37,+2.497744E+02,+3.584400E+04,+3.727132E-01,+1.730000E-04,+9.910000E+37,+2.498418E+02,+3.584400E+04,-1.089608E+00,+0.000000E+00,+9.910000E+37,+2.499082E+02,+3.584400E+04
11:54:06,0e0,+3.814550E-01,+1.930500E-04,+9.910000E+37,+2.501309E+02,+3.584400E+04,+3.820478E-01,+1.930500E-04,+9.910000E+37,+2.501982E+02,+3.584400E+04,+3.816362E-01,+1.930500E-04,+9.910000E+37,+2.502637E+02,+3.584400E+04,-1.014380E+00,+0.000000E+00,+9.910000E+37,+2.503311E+02,+3.584400E+04
11:54:06,0e0,+3.905610E-01,+2.154500E-04,+9.910000E+37,+2.505518E+02,+3.584400E+04,+3.907436E-01,+2.154500E-04,+9.910000E+37,+2.506191E+02,+3.584400E+04,+3.901526E-01,+2.154500E-04,+9.910000E+37,+2.506855E+02,+3.584400E+04,-9.961647E-01,+0.000000E+00,+9.910000E+37,+2.507529E+02,+3.584400E+04
11:54:06,0e0,+3.990757E-01,+2.404000E-04,+9.910000E+37,+2.509746E+02,+3.584400E+04,+3.994858E-01,+2.404000E-04,+9.910000E+37,+2.510420E+02,+3.584400E+04,+3.989393E-01,+2.404000E-04,+9.910000E+37,+2.511084E+02,+3.584400E+04,-1.075490E+00,+0.000000E+00,+9.910000E+37,+2.511758E+02,+3.584400E+04
11:54:06,0e0,+4.090490E-01,+2.682500E-04,+9.910000E+37,+2.513955E+02,+3.584400E+04,+4.079556E-01,+2.682500E-04,+9.910000E+37,+2.514609E+02,+3.584400E+04,+4.081834E-01,+2.682500E-04,+9.910000E+37,+2.515283E+02,+3.584400E+04,-1.064515E+00,+0.000000E+00,+9.910000E+37,+2.515938E+02,+3.584400E+04
11:54:06,0e0,+4.179272E-01,+2.993500E-04,+9.910000E+37,+2.518174E+02,+3.584400E+04,+4.175171E-01,+2.993500E-04,+9.910000E+37,+2.518838E+02,+3.584400E+04,+4.177444E-01,+2.993500E-04,+9.910000E+37,+2.519502E+02,+3.584400E+04,-9.751720E-01,+0.000000E+00,+9.910000E+37,+2.520176E+02,+3.584400E+04
11:54:06,0e0,+4.283547E-01,+3.340500E-04,+9.910000E+37,+2.522393E+02,+3.584400E+04,+4.270341E-01,+3.340500E-04,+9.910000E+37,+2.523066E+02,+3.584400E+04,+4.274890E-01,+3.340500E-04,+9.910000E+37,+2.523721E+02,+3.584400E+04,-1.048896E+00,+0.000000E+00,+9.910000E+37,+2.524385E+02,+3.584400E+04
11:54:06,0e0,+4.377797E-01,+3.727500E-04,+9.910000E+37,+2.526602E+02,+3.584400E+04,+4.380531E-01,+3.727500E-04,+9.910000E+37,+2.527275E+02,+3.584400E+04,+4.363672E-01,+3.727500E-04,+9.910000E+37,+2.527949E+02,+3.584400E+04,-1.075535E+00,+0.000000E+00,+9.910000E+37,+2.528604E+02,+3.584400E+04
11:54:06,0e0,+4.467949E-01,+4.159500E-04,+9.910000E+37,+2.530820E+02,+3.584400E+04,+4.466599E-01,+4.159500E-04,+9.910000E+37,+2.531494E+02,+3.584400E+04,+4.474329E-01,+4.159500E-04,+9.910000E+37,+2.532148E+02,+3.584400E+04,-9.916570E-01,+0.000000E+00,+9.910000E+37,+2.532812E+02,+3.584400E+04
11:54:06,0e0,+4.591347E-01,+4.641500E-04,+9.910000E+37,+2.535029E+02,+3.584400E+04,+4.574950E-01,+4.641500E-04,+9.910000E+37,+2.535703E+02,+3.584400E+04,+4.575863E-01,+4.641500E-04,+9.910000E+37,+2.536357E+02,+3.584400E+04,-1.019251E+00,+0.000000E+00,+9.910000E+37,+2.537021E+02,+3.584400E+04
11:54:06,0e0,+4.674211E-01,+5.179500E-04,+9.910000E+37,+2.539238E+02,+3.584400E+04,+4.677864E-01,+5.179500E-04,+9.910000E+37,+2.539902E+02,+3.584400E+04,+4.683796E-01,+5.179500E-04,+9.910000E+37,+2.540566E+02,+3.584400E+04,-1.076673E+00,+0.000000E+00,+9.910000E+37,+2.541230E+02,+3.584400E+04
11:54:06,0e0,+4.795793E-01,+5.779500E-04,+9.910000E+37,+2.543477E+02,+3.584400E+04,+4.791697E-01,+5.779500E-04,+9.910000E+37,+2.544150E+02,+3.584400E+04,+4.783034E-01,+5.779500E-04,+9.910000E+37,+2.544805E+02,+3.584400E+04,-1.301213E+00,+0.000000E+00,+9.910000E+37,+2.545479E+02,+3.584400E+04
11:54:06,0e0,+4.912810E-01,+6.449500E-04,+9.910000E+37,+2.547715E+02,+3.584400E+04,+4.906448E-01,+6.449500E-04,+9.910000E+37,+2.548389E+02,+3.584400E+04,+4.905983E-01,+6.449500E-04,+9.910000E+37,+2.549053E+02,+3.584400E+04,-1.681214E+00,+0.000000E+00,+9.910000E+37,+2.549727E+02,+3.584400E+04
11:54:06,0e0,+5.030744E-01,+7.197000E-04,+9.910000E+37,+2.552012E+02,+3.584400E+04,+5.021635E-01,+7.197000E-04,+9.910000E+37,+2.552676E+02,+3.584400E+04,+5.018898E-01,+7.197000E-04,+9.910000E+37,+2.553350E+02,+3.584400E+04,-2.074647E+00,+0.000000E+00,+9.910000E+37,+2.554004E+02,+3.584400E+04
11:54:06,0e0,+5.155050E-01,+8.031000E-04,+9.910000E+37,+2.556270E+02,+3.584400E+04,+5.143676E-01,+8.031000E-04,+9.910000E+37,+2.556934E+02,+3.584400E+04,+5.153688E-01,+8.031000E-04,+9.910000E+37,+2.557598E+02,+3.584400E+04,-2.486478E+00,+0.000000E+00,+9.910000E+37,+2.558271E+02,+3.584400E+04
11:54:06,0e0,+5.286194E-01,+8.961500E-04,+9.910000E+37,+2.560498E+02,+3.584400E+04,+5.283911E-01,+8.961500E-04,+9.910000E+37,+2.561162E+02,+3.584400E+04,+5.275713E-01,+8.961500E-04,+9.910000E+37,+2.561836E+02,+3.584400E+04,-2.810560E+00,+0.000000E+00,+9.910000E+37,+2.562490E+02,+3.584400E+04
11:54:06,0e0,+5.422793E-01,+1.000000E-03,+9.910000E+37,+2.564687E+02,+3.584400E+04,+5.412320E-01,+1.000000E-03,+9.910000E+37,+2.565352E+02,+3.584400E+04,+5.422789E-01,+1.000000E-03,+9.910000E+37,+2.566025E+02,+3.584400E+04,-3.260687E+00,+0.000000E+00,+9.910000E+37,+2.566689E+02,+3.584400E+04
11:54:06,0e0,+5.425056E-01,+1.116000E-03,+9.910000E+37,+2.568916E+02,+3.584400E+04,+5.439638E-01,+1.116000E-03,+9.910000E+37,+2.569580E+02,+3.584400E+04,+5.425963E-01,+1.116000E-03,+9.910000E+37,+2.570254E+02,+3.584400E+04,-2.025377E+00,+0.000000E+00,+9.910000E+37,+2.570918E+02,+3.584400E+04
11:54:06,0e0,+5.573967E-01,+1.245000E-03,+9.910000E+37,+2.573135E+02,+3.584400E+04,+5.566218E-01,+1.245000E-03,+9.910000E+37,+2.573809E+02,+3.584400E+04,+5.571225E-01,+1.245000E-03,+9.910000E+37,+2.574463E+02,+3.584400E+04,-2.025241E+00,+0.000000E+00,+9.910000E+37,+2.575137E+02,+3.584400E+04
11:54:06,0e0,+5.720575E-01,+1.389500E-03,+9.910000E+37,+2.577305E+02,+3.584400E+04,+5.707827E-01,+1.389500E-03,+9.910000E+37,+2.577979E+02,+3.584400E+04,+5.717388E-01,+1.389500E-03,+9.910000E+37,+2.578633E+02,+3.584400E+04,-2.033893E+00,+0.000000E+00,+9.910000E+37,+2.579307E+02,+3.584400E+04
11:54:06,0e0,+5.848510E-01,+1.550500E-03,+9.910000E+37,+2.581475E+02,+3.584400E+04,+5.861278E-01,+1.550500E-03,+9.910000E+37,+2.582139E+02,+3.584400E+04,+5.844410E-01,+1.550500E-03,+9.910000E+37,+2.582803E+02,+3.584400E+04,-2.028469E+00,+0.000000E+00,+9.910000E+37,+2.583467E+02,+3.584400E+04
11:54:06,0e0,+6.011988E-01,+1.730000E-03,+9.910000E+37,+2.585684E+02,+3.584400E+04,+6.005626E-01,+1.730000E-03,+9.910000E+37,+2.586348E+02,+3.584400E+04,+6.027478E-01,+1.730000E-03,+9.910000E+37,+2.587012E+02,+3.584400E+04,-1.963220E+00,+0.000000E+00,+9.910000E+37,+2.587686E+02,+3.584400E+04
11:54:06,0e0,+6.178641E-01,+1.930500E-03,+9.910000E+37,+2.589902E+02,+3.584400E+04,+6.181826E-01,+1.930500E-03,+9.910000E+37,+2.590576E+02,+3.584400E+04,+6.167710E-01,+1.930500E-03,+9.910000E+37,+2.591230E+02,+3.584400E+04,-2.016451E+00,+0.000000E+00,+9.910000E+37,+2.591904E+02,+3.584400E+04
11:54:06,0e0,+6.355767E-01,+2.154500E-03,+9.910000E+37,+2.594121E+02,+3.584400E+04,+6.341643E-01,+2.154500E-03,+9.910000E+37,+2.594795E+02,+3.584400E+04,+6.350755E-01,+2.154500E-03,+9.910000E+37,+2.595449E+02,+3.584400E+04,-2.017133E+00,+0.000000E+00,+9.910000E+37,+2.596123E+02,+3.584400E+04
11:54:06,0e0,+6.541997E-01,+2.404000E-03,+9.910000E+37,+2.598330E+02,+3.584400E+04,+6.516939E-01,+2.404000E-03,+9.910000E+37,+2.599004E+02,+3.584400E+04,+6.531071E-01,+2.404000E-03,+9.910000E+37,+2.599668E+02,+3.584400E+04,-2.017317E+00,+0.000000E+00,+9.910000E+37,+2.600342E+02,+3.584400E+04
11:54:06,0e0,+6.717294E-01,+2.682500E-03,+9.910000E+37,+2.602539E+02,+3.584400E+04,+6.714564E-01,+2.682500E-03,+9.910000E+37,+2.603203E+02,+3.584400E+04,+6.726876E-01,+2.682500E-03,+9.910000E+37,+2.603877E+02,+3.584400E+04,-2.012672E+00,+0.000000E+00,+9.910000E+37,+2.604551E+02,+3.584400E+04
11:54:06,0e0,+6.924022E-01,+2.993500E-03,+9.910000E+37,+2.606748E+02,+3.584400E+04,+6.918105E-01,+2.993500E-03,+9.910000E+37,+2.607422E+02,+3.584400E+04,+6.907164E-01,+2.993500E-03,+9.910000E+37,+2.608076E+02,+3.584400E+04,-2.024104E+00,+0.000000E+00,+9.910000E+37,+2.608750E+02,+3.584400E+04
11:54:06,0e0,+7.124819E-01,+3.340500E-03,+9.910000E+37,+2.610957E+02,+3.584400E+04,+7.114791E-01,+3.340500E-03,+9.910000E+37,+2.611631E+02,+3.584400E+04,+7.131193E-01,+3.340500E-03,+9.910000E+37,+2.612285E+02,+3.584400E+04,-1.988082E+00,+0.000000E+00,+9.910000E+37,+2.612959E+02,+3.584400E+04
11:54:06,0e0,+7.357056E-01,+3.727500E-03,+9.910000E+37,+2.615176E+02,+3.584400E+04,+7.357508E-01,+3.727500E-03,+9.910000E+37,+2.615850E+02,+3.584400E+04,+7.350671E-01,+3.727500E-03,+9.910000E+37,+2.616504E+02,+3.584400E+04,-1.994457E+00,+0.000000E+00,+9.910000E+37,+2.617178E+02,+3.584400E+04
11:54:06,0e0,+7.589716E-01,+4.159500E-03,+9.910000E+37,+2.619385E+02,+3.584400E+04,+7.579244E-01,+4.159500E-03,+9.910000E+37,+2.620059E+02,+3.584400E+04,+7.596087E-01,+4.159500E-03,+9.910000E+37,+2.620723E+02,+3.584400E+04,-1.956161E+00,+0.000000E+00,+9.910000E+37,+2.621396E+02,+3.584400E+04
11:54:06,0e0,+7.856998E-01,+4.641500E-03,+9.910000E+37,+2.623604E+02,+3.584400E+04,+7.832415E-01,+4.641500E-03,+9.910000E+37,+2.624277E+02,+3.584400E+04,+7.821014E-01,+4.641500E-03,+9.910000E+37,+2.624932E+02,+3.584400E+04,-2.004519E+00,+0.000000E+00,+9.910000E+37,+2.625596E+02,+3.584400E+04
11:54:06,0e0,+8.101051E-01,+5.179500E-03,+9.910000E+37,+2.627803E+02,+3.584400E+04,+8.103812E-01,+5.179500E-03,+9.910000E+37,+2.628467E+02,+3.584400E+04,+8.089200E-01,+5.179500E-03,+9.910000E+37,+2.629141E+02,+3.584400E+04,-1.969821E+00,+0.000000E+00,+9.910000E+37,+2.629795E+02,+3.584400E+04
11:54:06,0e0,+8.385639E-01,+5.779500E-03,+9.910000E+37,+2.632021E+02,+3.584400E+04,+8.384733E-01,+5.779500E-03,+9.910000E+37,+2.632676E+02,+3.584400E+04,+8.388389E-01,+5.779500E-03,+9.910000E+37,+2.633350E+02,+3.584400E+04,-1.974648E+00,+0.000000E+00,+9.910000E+37,+2.634004E+02,+3.584400E+04
11:54:06,0e0,+8.681628E-01,+6.449500E-03,+9.910000E+37,+2.636221E+02,+3.584400E+04,+8.684795E-01,+6.449500E-03,+9.910000E+37,+2.636895E+02,+3.584400E+04,+8.666108E-01,+6.449500E-03,+9.910000E+37,+2.637549E+02,+3.584400E+04,-2.002516E+00,+0.000000E+00,+9.910000E+37,+2.638223E+02,+3.584400E+04
11:54:06,0e0,+9.007627E-01,+7.197000E-03,+9.910000E+37,+2.640439E+02,+3.584400E+04,+8.996702E-01,+7.197000E-03,+9.910000E+37,+2.641094E+02,+3.584400E+04,+8.998979E-01,+7.197000E-03,+9.910000E+37,+2.641768E+02,+3.584400E+04,-1.994499E+00,+0.000000E+00,+9.910000E+37,+2.642432E+02,+3.584400E+04
11:54:06,0e0,+9.330444E-01,+8.031000E-03,+9.910000E+37,+2.644658E+02,+3.584400E+04,+9.341387E-01,+8.031000E-03,+9.910000E+37,+2.645322E+02,+3.584400E+04,+9.323157E-01,+8.031000E-03,+9.910000E+37,+2.645996E+02,+3.584400E+04,-1.994046E+00,+0.000000E+00,+9.910000E+37,+2.646660E+02,+3.584400E+04
11:54:06,0e0,+9.691983E-01,+8.961500E-03,+9.910000E+37,+2.648877E+02,+3.584400E+04,+9.705659E-01,+8.961500E-03,+9.910000E+37,+2.649551E+02,+3.584400E+04,+9.698826E-01,+8.961500E-03,+9.910000E+37,+2.650205E+02,+3.584400E+04,-1.964037E+00,+0.000000E+00,+9.910000E+37,+2.650869E+02,+3.584400E+04
