11:56:55,0e0,-1.209829E+01,+1.000000E-07,+9.910000E+37,+3.848076E+02,+3.584400E+04,+7.123065E-02,+1.000000E-07,+9.910000E+37,+3.848730E+02,+3.584400E+04,+7.095724E-02,+1.000000E-07,+9.910000E+37,+3.849404E+02,+3.584400E+04,-4.547022E-02,+0.000000E+00,+9.910000E+37,+3.850059E+02,+3.584400E+04
11:56:55,0e0,-8.829722E+00,+1.116000E-07,+9.910000E+37,+3.852354E+02,+3.584400E+04,+7.460052E-02,+1.116000E-07,+9.910000E+37,+3.853018E+02,+3.584400E+04,+7.491872E-02,+1.116000E-07,+9.910000E+37,+3.853691E+02,+3.584400E+04,-4.897624E-02,+0.000000E+00,+9.910000E+37,+3.854346E+02,+3.584400E+04
11:56:55,0e0,-8.985720E+00,+1.245000E-07,+9.910000E+37,+3.856592E+02,+3.584400E+04,+7.778782E-02,+1.245000E-07,+9.910000E+37,+3.857256E+02,+3.584400E+04,+7.792389E-02,+1.245000E-07,+9.910000E+37,+3.857920E+02,+3.584400E+04,-5.111638E-02,+0.000000E+00,+9.910000E+37,+3.858584E+02,+3.584400E+04
11:56:55,0e0,-5.820939E+00,+1.389500E-07,+9.910000E+37,+3.860840E+02,+3.584400E+04,+8.179444E-02,+1.389500E-07,+9.910000E+37,+3.861504E+02,+3.584400E+04,+8.234105E-02,+1.389500E-07,+9.910000E+37,+3.862168E+02,+3.584400E+04,-5.730902E-02,+0.000000E+00,+9.910000E+37,+3.862822E+02,+3.584400E+04
11:56:55,0e0,-4.667067E+00,+1.550500E-07,+9.910000E+37,+3.865078E+02,+3.584400E+04,+8.584654E-02,+1.550500E-07,+9.910000E+37,+3.865742E+02,+3.584400E+04,+8.475330E-02,+1.550500E-07,+9.910000E+37,+3.866416E+02,+3.584400E+04,-5.389369E-02,+0.000000E+00,+9.910000E+37,+3.867070E+02,+3.584400E+04
11:56:55,0e0,-2.340457E+00,+1.730000E-07,+9.910000E+37,+3.869316E+02,+3.584400E+04,+8.921596E-02,+1.730000E-07,+9.910000E+37,+3.869980E+02,+3.584400E+04,+8.839580E-02,+1.730000E-07,+9.910000E+37,+3.870654E+02,+3.584400E+04,-7.843588E-02,+0.000000E+00,+9.910000E+37,+3.871309E+02,+3.584400E+04
11:56:55,0e0,-1.793301E+00,+1.930500E-07,+9.910000E+37,+3.873545E+02,+3.584400E+04,+9.285840E-02,+1.930500E-07,+9.910000E+37,+3.874209E+02,+3.584400E+04,+9.422454E-02,+1.930500E-07,+9.910000E+37,+3.874873E+02,+3.584400E+04,-5.152601E-02,+0.000000E+00,+9.910000E+37,+3.875547E+02,+3.584400E+04
11:56:55,0e0,-3.081550E-01,+2.154500E-07,+9.910000E+37,+3.877773E+02,+3.584400E+04,+9.540781E-02,+2.154500E-07,+9.910000E+37,+3.878438E+02,+3.584400E+04,+9.645572E-02,+2.154500E-07,+9.910000E+37,+3.879102E+02,+3.584400E+04,-1.260637E-01,+0.000000E+00,+9.910000E+37,+3.879775E+02,+3.584400E+04
11:56:55,0e0,+6.849849E-02,+2.404000E-07,+9.910000E+37,+3.882031E+02,+3.584400E+04,+9.918746E-02,+2.404000E-07,+9.910000E+37,+3.882695E+02,+3.584400E+04,+9.936932E-02,+2.404000E-07,+9.910000E+37,+3.883350E+02,+3.584400E+04,-5.653518E-02,+0.000000E+00,+9.910000E+37,+3.884014E+02,+3.584400E+04
11:56:55,0e0,+1.047427E-01,+2.682500E-07,+9.910000E+37,+3.886270E+02,+3.584400E+04,+1.044239E-01,+2.682500E-07,+9.910000E+37,+3.886934E+02,+3.584400E+04,+1.043782E-01,+2.682500E-07,+9.910000E+37,+3.887598E+02,+3.584400E+04,-1.789728E-01,+0.000000E+00,+9.910000E+37,+3.888271E+02,+3.584400E+04
11:56:55,0e0,+1.080666E-01,+2.993500E-07,+9.910000E+37,+3.890527E+02,+3.584400E+04,+1.097973E-01,+2.993500E-07,+9.910000E+37,+3.891201E+02,+3.584400E+04,+1.097969E-01,+2.993500E-07,+9.910000E+37,+3.891875E+02,+3.584400E+04,-1.268374E-01,+0.000000E+00,+9.910000E+37,+3.892529E+02,+3.584400E+04
11:56:55,0e0,+1.125288E-01,+3.340500E-07,+9.910000E+37,+3.894756E+02,+3.584400E+04,+1.122102E-01,+3.340500E-07,+9.910000E+37,+3.895420E+02,+3.584400E+04,+1.124830E-01,+3.340500E-07,+9.910000E+37,+3.896084E+02,+3.584400E+04,-4.316932E-01,+0.000000E+00,+9.910000E+37,+3.896748E+02,+3.584400E+04
11:56:55,0e0,+1.162626E-01,+3.727500E-07,+9.910000E+37,+3.899219E+02,+3.584400E+04,+1.158524E-01,+3.727500E-07,+9.910000E+37,+3.899873E+02,+3.584400E+04,+1.164439E-01,+3.727500E-07,+9.910000E+37,+3.900537E+02,+3.584400E+04,-5.917053E-01,+0.000000E+00,+9.910000E+37,+3.901191E+02,+3.584400E+04
11:56:55,0e0,+1.207703E-01,+4.159500E-07,+9.910000E+37,+3.903477E+02,+3.584400E+04,+1.193129E-01,+4.159500E-07,+9.910000E+37,+3.904150E+02,+3.584400E+04,+1.202692E-01,+4.159500E-07,+9.910000E+37,+3.904805E+02,+3.584400E+04,-1.371095E+00,+0.000000E+00,+9.910000E+37,+3.905479E+02,+3.584400E+04
11:56:55,0e0,+1.240032E-01,+4.641500E-07,+9.910000E+37,+3.907725E+02,+3.584400E+04,+1.245503E-01,+4.641500E-07,+9.910000E+37,+3.908389E+02,+3.584400E+04,+1.247316E-01,+4.641500E-07,+9.910000E+37,+3.909053E+02,+3.584400E+04,-1.929453E+00,+0.000000E+00,+9.910000E+37,+3.909727E+02,+3.584400E+04
11:56:55,0e0,+1.286020E-01,+5.179500E-07,+9.910000E+37,+3.911953E+02,+3.584400E+04,+1.281466E-01,+5.179500E-07,+9.910000E+37,+3.912607E+02,+3.584400E+04,+1.293758E-01,+5.179500E-07,+9.910000E+37,+3.913271E+02,+3.584400E+04,-3.337462E+00,+0.000000E+00,+9.910000E+37,+3.913945E+02,+3.584400E+04
11:56:55,0e0,+1.331550E-01,+5.779500E-07,+9.910000E+37,+3.916172E+02,+3.584400E+04,+1.338379E-01,+5.779500E-07,+9.910000E+37,+3.916836E+02,+3.584400E+04,+1.328363E-01,+5.779500E-07,+9.910000E+37,+3.917500E+02,+3.584400E+04,-4.718973E+00,+0.000000E+00,+9.910000E+37,+3.918154E+02,+3.584400E+04
11:56:55,0e0,+1.375267E-01,+6.449500E-07,+9.910000E+37,+3.920547E+02,+3.584400E+04,+1.367975E-01,+6.449500E-07,+9.910000E+37,+3.921211E+02,+3.584400E+04,+1.365237E-01,+6.449500E-07,+9.910000E+37,+3.921875E+02,+3.584400E+04,-6.523905E+00,+0.000000E+00,+9.910000E+37,+3.922539E+02,+3.584400E+04
11:56:55,0e0,+1.424890E-01,+7.197000E-07,+9.910000E+37,+3.924766E+02,+3.584400E+04,+1.401210E-01,+7.197000E-07,+9.910000E+37,+3.925439E+02,+3.584400E+04,+1.417150E-01,+7.197000E-07,+9.910000E+37,+3.926113E+02,+3.584400E+04,-9.000740E+00,+0.000000E+00,+9.910000E+37,+3.926768E+02,+3.584400E+04
11:56:55,0e0,+1.464045E-01,+8.031000E-07,+9.910000E+37,+3.928994E+02,+3.584400E+04,+1.453572E-01,+8.031000E-07,+9.910000E+37,+3.929648E+02,+3.584400E+04,+1.454940E-01,+8.031000E-07,+9.910000E+37,+3.930312E+02,+3.584400E+04,-1.163385E+01,+0.000000E+00,+9.910000E+37,+3.930977E+02,+3.584400E+04
11:56:55,0e0,+1.511402E-01,+8.961500E-07,+9.910000E+37,+3.933242E+02,+3.584400E+04,+1.510495E-01,+8.961500E-07,+9.910000E+37,+3.933906E+02,+3.584400E+04,+1.520510E-01,+8.961500E-07,+9.910000E+37,+3.934570E+02,+3.584400E+04,-1.429203E+01,+0.000000E+00,+9.910000E+37,+3.935244E+02,+3.584400E+04
11:56:55,0e0,+1.565138E-01,+1.000000E-06,+9.910000E+37,+3.937451E+02,+3.584400E+04,+1.552382E-01,+1.000000E-06,+9.910000E+37,+3.938115E+02,+3.584400E+04,+1.554659E-01,+1.000000E-06,+9.910000E+37,+3.938789E+02,+3.584400E+04,-1.726134E+01,+0.000000E+00,+9.910000E+37,+3.939443E+02,+3.584400E+04
11:56:55,0e0,+1.488182E-01,+1.116000E-06,+9.910000E+37,+3.941885E+02,+3.584400E+04,+1.500933E-01,+1.116000E-06,+9.910000E+37,+3.942539E+02,+3.584400E+04,+1.510495E-01,+1.116000E-06,+9.910000E+37,+3.943213E+02,+3.584400E+04,-5.762751E-02,+0.000000E+00,+9.910000E+37,+3.943877E+02,+3.584400E+04
11:56:55,0e0,+1.536446E-01,+1.245000E-06,+9.910000E+37,+3.946094E+02,+3.584400E+04,+1.529163E-01,+1.245000E-06,+9.910000E+37,+3.946768E+02,+3.584400E+04,+1.536904E-01,+1.245000E-06,+9.910000E+37,+3.947422E+02,+3.584400E+04,-5.667154E-02,+0.000000E+00,+9.910000E+37,+3.948096E+02,+3.584400E+04
11:56:55,0e0,+1.589265E-01,+1.389500E-06,+9.910000E+37,+3.950410E+02,+3.584400E+04,+1.570601E-01,+1.389500E-06,+9.910000E+37,+3.951084E+02,+3.584400E+04,+1.570142E-01,+1.389500E-06,+9.910000E+37,+3.951738E+02,+3.584400E+04,-5.662599E-02,+0.000000E+00,+9.910000E+37,+3.952412E+02,+3.584400E+04
11:56:55,0e0,+1.610212E-01,+1.550500E-06,+9.910000E+37,+3.954609E+02,+3.584400E+04,+1.617498E-01,+1.550500E-06,+9.910000E+37,+3.955273E+02,+3.584400E+04,+1.618867E-01,+1.550500E-06,+9.910000E+37,+3.955947E+02,+3.584400E+04,-5.762760E-02,+0.000000E+00,+9.910000E+37,+3.956602E+02,+3.584400E+04
11:56:55,0e0,+1.651190E-01,+1.730000E-06,+9.910000E+37,+3.958809E+02,+3.584400E+04,+1.658932E-01,+1.730000E-06,+9.910000E+37,+3.959473E+02,+3.584400E+04,+1.653466E-01,+1.730000E-06,+9.910000E+37,+3.960137E+02,+3.584400E+04,-8.940969E-02,+0.000000E+00,+9.910000E+37,+3.960801E+02,+3.584400E+04
11:56:55,0e0,+1.689897E-01,+1.930500E-06,+9.910000E+37,+3.963037E+02,+3.584400E+04,+1.687621E-01,+1.930500E-06,+9.910000E+37,+3.963701E+02,+3.584400E+04,+1.693989E-01,+1.930500E-06,+9.910000E+37,+3.964365E+02,+3.584400E+04,-5.662604E-02,+0.000000E+00,+9.910000E+37,+3.965039E+02,+3.584400E+04
11:56:55,0e0,+1.730871E-01,+2.154500E-06,+9.910000E+37,+3.967295E+02,+3.584400E+04,+1.735879E-01,+2.154500E-06,+9.910000E+37,+3.967969E+02,+3.584400E+04,+1.744533E-01,+2.154500E-06,+9.910000E+37,+3.968643E+02,+3.584400E+04,-1.077139E-01,+0.000000E+00,+9.910000E+37,+3.969297E+02,+3.584400E+04
11:56:55,0e0,+1.771402E-01,+2.404000E-06,+9.910000E+37,+3.971523E+02,+3.584400E+04,+1.774583E-01,+2.404000E-06,+9.910000E+37,+3.972188E+02,+3.584400E+04,+1.780048E-01,+2.404000E-06,+9.910000E+37,+3.972861E+02,+3.584400E+04,-8.544846E-02,+0.000000E+00,+9.910000E+37,+3.973516E+02,+3.584400E+04
11:56:55,0e0,+1.809644E-01,+2.682500E-06,+9.910000E+37,+3.975762E+02,+3.584400E+04,+1.817839E-01,+2.682500E-06,+9.910000E+37,+3.976426E+02,+3.584400E+04,+1.821938E-01,+2.682500E-06,+9.910000E+37,+3.977090E+02,+3.584400E+04,-1.017490E-01,+0.000000E+00,+9.910000E+37,+3.977764E+02,+3.584400E+04
11:56:55,0e0,+1.843787E-01,+2.993500E-06,+9.910000E+37,+3.980000E+02,+3.584400E+04,+1.863374E-01,+2.993500E-06,+9.910000E+37,+3.980664E+02,+3.584400E+04,+1.866107E-01,+2.993500E-06,+9.910000E+37,+3.981328E+02,+3.584400E+04,-2.363906E-01,+0.000000E+00,+9.910000E+37,+3.982002E+02,+3.584400E+04
11:56:55,0e0,+1.903895E-01,+3.340500E-06,+9.910000E+37,+3.984238E+02,+3.584400E+04,+1.904806E-01,+3.340500E-06,+9.910000E+37,+3.984912E+02,+3.584400E+04,+1.899803E-01,+3.340500E-06,+9.910000E+37,+3.985586E+02,+3.584400E+04,-2.414451E-01,+0.000000E+00,+9.910000E+37,+3.986260E+02,+3.584400E+04
11:56:55,0e0,+1.949430E-01,+3.727500E-06,+9.910000E+37,+3.988496E+02,+3.584400E+04,+1.934401E-01,+3.727500E-06,+9.910000E+37,+3.989170E+02,+3.584400E+04,+1.944422E-01,+3.727500E-06,+9.910000E+37,+3.989844E+02,+3.584400E+04,-7.453440E-01,+0.000000E+00,+9.910000E+37,+3.990498E+02,+3.584400E+04
11:56:55,0e0,+1.996785E-01,+4.159500E-06,+9.910000E+37,+3.992754E+02,+3.584400E+04,+1.988132E-01,+4.159500E-06,+9.910000E+37,+3.993418E+02,+3.584400E+04,+2.002703E-01,+4.159500E-06,+9.910000E+37,+3.994092E+02,+3.584400E+04,-1.017372E+00,+0.000000E+00,+9.910000E+37,+3.994756E+02,+3.584400E+04
11:56:55,0e0,+2.030020E-01,+4.641500E-06,+9.910000E+37,+3.996982E+02,+3.584400E+04,+2.046412E-01,+4.641500E-06,+9.910000E+37,+3.997646E+02,+3.584400E+04,+2.031841E-01,+4.641500E-06,+9.910000E+37,+3.998311E+02,+3.584400E+04,-1.957684E+00,+0.000000E+00,+9.910000E+37,+3.998975E+02,+3.584400E+04
11:56:55,0e0,+2.083750E-01,+5.179500E-06,+9.910000E+37,+4.001191E+02,+3.584400E+04,+2.101050E-01,+5.179500E-06,+9.910000E+37,+4.001855E+02,+3.584400E+04,+2.084660E-01,+5.179500E-06,+9.910000E+37,+4.002529E+02,+3.584400E+04,-3.154727E+00,+0.000000E+00,+9.910000E+37,+4.003193E+02,+3.584400E+04
11:56:55,0e0,+2.137029E-01,+5.779500E-06,+9.910000E+37,+4.005449E+02,+3.584400E+04,+2.142487E-01,+5.779500E-06,+9.910000E+37,+4.006123E+02,+3.584400E+04,+2.126103E-01,+5.779500E-06,+9.910000E+37,+4.006787E+02,+3.584400E+04,-4.394662E+00,+0.000000E+00,+9.910000E+37,+4.007461E+02,+3.584400E+04
11:56:55,0e0,+2.193491E-01,+6.449500E-06,+9.910000E+37,+4.009678E+02,+3.584400E+04,+2.184834E-01,+6.449500E-06,+9.910000E+37,+4.010352E+02,+3.584400E+04,+2.182097E-01,+6.449500E-06,+9.910000E+37,+4.011016E+02,+3.584400E+04,-6.404745E+00,+0.000000E+00,+9.910000E+37,+4.011680E+02,+3.584400E+04
11:56:55,0e0,+2.231732E-01,+7.197000E-06,+9.910000E+37,+4.013916E+02,+3.584400E+04,+2.228999E-01,+7.197000E-06,+9.910000E+37,+4.014590E+02,+3.584400E+04,+2.238112E-01,+7.197000E-06,+9.910000E+37,+4.015254E+02,+3.584400E+04,-8.576978E+00,+0.000000E+00,+9.910000E+37,+4.015918E+02,+3.584400E+04
11:56:55,0e0,+2.284548E-01,+8.031000E-06,+9.910000E+37,+4.018174E+02,+3.584400E+04,+2.295933E-01,+8.031000E-06,+9.910000E+37,+4.018838E+02,+3.584400E+04,+2.288651E-01,+8.031000E-06,+9.910000E+37,+4.019512E+02,+3.584400E+04,-1.092926E+01,+0.000000E+00,+9.910000E+37,+4.020176E+02,+3.584400E+04
11:56:55,0e0,+2.349658E-01,+8.961500E-06,+9.910000E+37,+4.022402E+02,+3.584400E+04,+2.338279E-01,+8.961500E-06,+9.910000E+37,+4.023066E+02,+3.584400E+04,+2.320965E-01,+8.961500E-06,+9.910000E+37,+4.023721E+02,+3.584400E+04,-1.387381E+01,+0.000000E+00,+9.910000E+37,+4.024395E+02,+3.584400E+04
11:56:55,0e0,+2.386547E-01,+1.000000E-05,+9.910000E+37,+4.026572E+02,+3.584400E+04,+2.394283E-01,+1.000000E-05,+9.910000E+37,+4.027236E+02,+3.584400E+04,+2.398380E-01,+1.000000E-05,+9.910000E+37,+4.027910E+02,+3.584400E+04,-1.667831E+01,+0.000000E+00,+9.910000E+37,+4.028564E+02,+3.584400E+04
11:56:55,0e0,+2.353759E-01,+1.116000E-05,+9.910000E+37,+4.030762E+02,+3.584400E+04,+2.325519E-01,+1.116000E-05,+9.910000E+37,+4.031436E+02,+3.584400E+04,+2.346929E-01,+1.116000E-05,+9.910000E+37,+4.032100E+02,+3.584400E+04,-1.391771E-01,+0.000000E+00,+9.910000E+37,+4.032773E+02,+3.584400E+04
11:56:55,0e0,+2.382444E-01,+1.245000E-05,+9.910000E+37,+4.034961E+02,+3.584400E+04,+2.377432E-01,+1.245000E-05,+9.910000E+37,+4.035635E+02,+3.584400E+04,+2.361946E-01,+1.245000E-05,+9.910000E+37,+4.036299E+02,+3.584400E+04,-1.514710E-01,+0.000000E+00,+9.910000E+37,+4.036973E+02,+3.584400E+04
11:56:55,0e0,+2.423421E-01,+1.389500E-05,+9.910000E+37,+4.039170E+02,+3.584400E+04,+2.432078E-01,+1.389500E-05,+9.910000E+37,+4.039844E+02,+3.584400E+04,+2.433897E-01,+1.389500E-05,+9.910000E+37,+4.040498E+02,+3.584400E+04,-1.717787E-01,+0.000000E+00,+9.910000E+37,+4.041182E+02,+3.584400E+04
11:56:55,0e0,+2.473057E-01,+1.550500E-05,+9.910000E+37,+4.043398E+02,+3.584400E+04,+2.484441E-01,+1.550500E-05,+9.910000E+37,+4.044062E+02,+3.584400E+04,+2.484895E-01,+1.550500E-05,+9.910000E+37,+4.044736E+02,+3.584400E+04,-1.815681E-01,+0.000000E+00,+9.910000E+37,+4.045410E+02,+3.584400E+04
11:56:55,0e0,+2.529969E-01,+1.730000E-05,+9.910000E+37,+4.047607E+02,+3.584400E+04,+2.519040E-01,+1.730000E-05,+9.910000E+37,+4.048281E+02,+3.584400E+04,+2.523141E-01,+1.730000E-05,+9.910000E+37,+4.048936E+02,+3.584400E+04,-1.473731E-01,+0.000000E+00,+9.910000E+37,+4.049619E+02,+3.584400E+04
11:56:55,0e0,+2.583241E-01,+1.930500E-05,+9.910000E+37,+4.051758E+02,+3.584400E+04,+2.575499E-01,+1.930500E-05,+9.910000E+37,+4.052412E+02,+3.584400E+04,+2.568216E-01,+1.930500E-05,+9.910000E+37,+4.053076E+02,+3.584400E+04,-1.608508E-01,+0.000000E+00,+9.910000E+37,+4.053750E+02,+3.584400E+04
11:56:55,0e0,+2.626501E-01,+2.154500E-05,+9.910000E+37,+4.055918E+02,+3.584400E+04,+2.627408E-01,+2.154500E-05,+9.910000E+37,+4.056582E+02,+3.584400E+04,+2.622854E-01,+2.154500E-05,+9.910000E+37,+4.057256E+02,+3.584400E+04,-1.594393E-01,+0.000000E+00,+9.910000E+37,+4.057910E+02,+3.584400E+04
11:56:55,0e0,+2.675675E-01,+2.404000E-05,+9.910000E+37,+4.060068E+02,+3.584400E+04,+2.682964E-01,+2.404000E-05,+9.910000E+37,+4.060742E+02,+3.584400E+04,+2.677496E-01,+2.404000E-05,+9.910000E+37,+4.061396E+02,+3.584400E+04,-1.711411E-01,+0.000000E+00,+9.910000E+37,+4.062070E+02,+3.584400E+04
11:56:55,0e0,+2.730315E-01,+2.682500E-05,+9.910000E+37,+4.064209E+02,+3.584400E+04,+2.727585E-01,+2.682500E-05,+9.910000E+37,+4.064863E+02,+3.584400E+04,+2.732139E-01,+2.682500E-05,+9.910000E+37,+4.065537E+02,+3.584400E+04,-1.791094E-01,+0.000000E+00,+9.910000E+37,+4.066191E+02,+3.584400E+04
11:56:55,0e0,+2.780401E-01,+2.993500E-05,+9.910000E+37,+4.068379E+02,+3.584400E+04,+2.786322E-01,+2.993500E-05,+9.910000E+37,+4.069053E+02,+3.584400E+04,+2.787230E-01,+2.993500E-05,+9.910000E+37,+4.069707E+02,+3.584400E+04,-1.836627E-01,+0.000000E+00,+9.910000E+37,+4.070400E+02,+3.584400E+04
11:56:55,0e0,+2.842333E-01,+3.340500E-05,+9.910000E+37,+4.072588E+02,+3.584400E+04,+2.840056E-01,+3.340500E-05,+9.910000E+37,+4.073252E+02,+3.584400E+04,+2.831854E-01,+3.340500E-05,+9.910000E+37,+4.073916E+02,+3.584400E+04,-1.614427E-01,+0.000000E+00,+9.910000E+37,+4.074619E+02,+3.584400E+04
11:56:55,0e0,+2.894230E-01,+3.727500E-05,+9.910000E+37,+4.076826E+02,+3.584400E+04,+2.891048E-01,+3.727500E-05,+9.910000E+37,+4.077490E+02,+3.584400E+04,+2.908812E-01,+3.727500E-05,+9.910000E+37,+4.078164E+02,+3.584400E+04,-2.305165E-01,+0.000000E+00,+9.910000E+37,+4.078857E+02,+3.584400E+04
11:56:55,0e0,+2.947507E-01,+4.159500E-05,+9.910000E+37,+4.081094E+02,+3.584400E+04,+2.962074E-01,+4.159500E-05,+9.910000E+37,+4.081768E+02,+3.584400E+04,+2.953880E-01,+4.159500E-05,+9.910000E+37,+4.082422E+02,+3.584400E+04,-4.592420E-01,+0.000000E+00,+9.910000E+37,+4.083105E+02,+3.584400E+04
11:56:55,0e0,+3.010793E-01,+4.641500E-05,+9.910000E+37,+4.085312E+02,+3.584400E+04,+3.005785E-01,+4.641500E-05,+9.910000E+37,+4.085986E+02,+3.584400E+04,+3.010338E-01,+4.641500E-05,+9.910000E+37,+4.086641E+02,+3.584400E+04,-8.990714E-01,+0.000000E+00,+9.910000E+37,+4.087363E+02,+3.584400E+04
11:56:55,0e0,+3.067254E-01,+5.179500E-05,+9.910000E+37,+4.089561E+02,+3.584400E+04,+3.070444E-01,+5.179500E-05,+9.910000E+37,+4.090234E+02,+3.584400E+04,+3.069988E-01,+5.179500E-05,+9.910000E+37,+4.090889E+02,+3.584400E+04,-1.925764E+00,+0.000000E+00,+9.910000E+37,+4.091602E+02,+3.584400E+04
11:56:55,0e0,+3.130549E-01,+5.779500E-05,+9.910000E+37,+4.093857E+02,+3.584400E+04,+3.134648E-01,+5.779500E-05,+9.910000E+37,+4.094512E+02,+3.584400E+04,+3.130091E-01,+5.779500E-05,+9.910000E+37,+4.095186E+02,+3.584400E+04,-2.868125E+00,+0.000000E+00,+9.910000E+37,+4.095840E+02,+3.584400E+04
11:56:55,0e0,+3.176978E-01,+6.449500E-05,+9.910000E+37,+4.098047E+02,+3.584400E+04,+3.192012E-01,+6.449500E-05,+9.910000E+37,+4.098711E+02,+3.584400E+04,+3.192925E-01,+6.449500E-05,+9.910000E+37,+4.099385E+02,+3.584400E+04,-4.374804E+00,+0.000000E+00,+9.910000E+37,+4.100059E+02,+3.584400E+04
11:56:55,0e0,+3.265780E-01,+7.197000E-05,+9.910000E+37,+4.102295E+02,+3.584400E+04,+3.276257E-01,+7.197000E-05,+9.910000E+37,+4.102969E+02,+3.584400E+04,+3.250751E-01,+7.197000E-05,+9.910000E+37,+4.103623E+02,+3.584400E+04,-5.947697E+00,+0.000000E+00,+9.910000E+37,+4.104307E+02,+3.584400E+04
11:56:55,0e0,+3.319052E-01,+8.031000E-05,+9.910000E+37,+4.106494E+02,+3.584400E+04,+3.321329E-01,+8.031000E-05,+9.910000E+37,+4.107158E+02,+3.584400E+04,+3.324969E-01,+8.031000E-05,+9.910000E+37,+4.107822E+02,+3.584400E+04,-7.718304E+00,+0.000000E+00,+9.910000E+37,+4.108545E+02,+3.584400E+04
11:56:55,0e0,+3.392355E-01,+8.961500E-05,+9.910000E+37,+4.110762E+02,+3.584400E+04,+3.387804E-01,+8.961500E-05,+9.910000E+37,+4.111426E+02,+3.584400E+04,+3.389627E-01,+8.961500E-05,+9.910000E+37,+4.112080E+02,+3.584400E+04,-1.045287E+01,+0.000000E+00,+9.910000E+37,+4.112773E+02,+3.584400E+04
11:56:55,0e0,+3.466578E-01,+1.000000E-04,+9.910000E+37,+4.114922E+02,+3.584400E+04,+3.462930E-01,+1.000000E-04,+9.910000E+37,+4.115586E+02,+3.584400E+04,+3.462020E-01,+1.000000E-04,+9.910000E+37,+4.116279E+02,+3.584400E+04,-1.275652E+01,+0.000000E+00,+9.910000E+37,+4.117002E+02,+3.584400E+04
11:56:55,0e0,+3.427421E-01,+1.116000E-04,+9.910000E+37,+4.119248E+02,+3.584400E+04,+3.406919E-01,+1.116000E-04,+9.910000E+37,+4.119902E+02,+3.584400E+04,+3.422865E-01,+1.116000E-04,+9.910000E+37,+4.120576E+02,+3.584400E+04,-1.335166E+00,+0.000000E+00,+9.910000E+37,+4.121240E+02,+3.584400E+04
11:56:55,0e0,+3.489798E-01,+1.245000E-04,+9.910000E+37,+4.123496E+02,+3.584400E+04,+3.489802E-01,+1.245000E-04,+9.910000E+37,+4.124150E+02,+3.584400E+04,+3.488886E-01,+1.245000E-04,+9.910000E+37,+4.124824E+02,+3.584400E+04,-1.201336E+00,+0.000000E+00,+9.910000E+37,+4.125488E+02,+3.584400E+04
11:56:55,0e0,+3.553555E-01,+1.389500E-04,+9.910000E+37,+4.127734E+02,+3.584400E+04,+3.560376E-01,+1.389500E-04,+9.910000E+37,+4.128408E+02,+3.584400E+04,+3.559467E-01,+1.389500E-04,+9.910000E+37,+4.129062E+02,+3.584400E+04,-1.339583E+00,+0.000000E+00,+9.910000E+37,+4.129736E+02,+3.584400E+04
11:56:55,0e0,+3.624572E-01,+1.550500E-04,+9.910000E+37,+4.131963E+02,+3.584400E+04,+3.613648E-01,+1.550500E-04,+9.910000E+37,+4.132627E+02,+3.584400E+04,+3.618658E-01,+1.550500E-04,+9.910000E+37,+4.133301E+02,+3.584400E+04,-1.282526E+00,+0.000000E+00,+9.910000E+37,+4.133965E+02,+3.584400E+04
11:56:55,0e0,+3.693321E-01,+1.730000E-04,+9.910000E+37,+4.136172E+02,+3.584400E+04,+3.689687E-01,+1.730000E-04,+9.910000E+37,+4.136846E+02,+3.584400E+04,+3.679208E-01,+1.730000E-04,+9.910000E+37,+4.137520E+02,+3.584400E+04,-1.210716E+00,+0.000000E+00,+9.910000E+37,+4.138174E+02,+3.584400E+04
11:56:55,0e0,+3.764359E-01,+1.930500E-04,+9.910000E+37,+4.140381E+02,+3.584400E+04,+3.743412E-01,+1.930500E-04,+9.910000E+37,+4.141104E+02,+3.584400E+04,+3.766178E-01,+1.930500E-04,+9.910000E+37,+4.141758E+02,+3.584400E+04,-1.353334E+00,+0.000000E+00,+9.910000E+37,+4.142432E+02,+3.584400E+04
11:56:55,0e0,+3.832658E-01,+2.154500E-04,+9.910000E+37,+4.144639E+02,+3.584400E+04,+3.837214E-01,+2.154500E-04,+9.910000E+37,+4.145313E+02,+3.584400E+04,+3.824929E-01,+2.154500E-04,+9.910000E+37,+4.145977E+02,+3.584400E+04,-1.262308E+00,+0.000000E+00,+9.910000E+37,+4.146650E+02,+3.584400E+04
11:56:55,0e0,+3.899134E-01,+2.404000E-04,+9.910000E+37,+4.148809E+02,+3.584400E+04,+3.891851E-01,+2.404000E-04,+9.910000E+37,+4.149482E+02,+3.584400E+04,+3.898683E-01,+2.404000E-04,+9.910000E+37,+4.150146E+02,+3.584400E+04,-1.254885E+00,+0.000000E+00,+9.910000E+37,+4.150820E+02,+3.584400E+04
11:56:55,0e0,+3.960137E-01,+2.682500E-04,+9.910000E+37,+4.153027E+02,+3.584400E+04,+3.975629E-01,+2.682500E-04,+9.910000E+37,+4.153691E+02,+3.584400E+04,+3.976085E-01,+2.682500E-04,+9.910000E+37,+4.154355E+02,+3.584400E+04,-1.234304E+00,+0.000000E+00,+9.910000E+37,+4.155020E+02,+3.584400E+04
11:56:55,0e0,+4.058051E-01,+2.993500E-04,+9.910000E+37,+4.157236E+02,+3.584400E+04,+4.046215E-01,+2.993500E-04,+9.910000E+37,+4.157891E+02,+3.584400E+04,+4.047573E-01,+2.993500E-04,+9.910000E+37,+4.158564E+02,+3.584400E+04,-1.327652E+00,+0.000000E+00,+9.910000E+37,+4.159219E+02,+3.584400E+04
11:56:55,0e0,+4.139094E-01,+3.340500E-04,+9.910000E+37,+4.161436E+02,+3.584400E+04,+4.134536E-01,+3.340500E-04,+9.910000E+37,+4.162109E+02,+3.584400E+04,+4.119513E-01,+3.340500E-04,+9.910000E+37,+4.162764E+02,+3.584400E+04,-1.359799E+00,+0.000000E+00,+9.910000E+37,+4.163437E+02,+3.584400E+04
11:56:55,0e0,+4.215130E-01,+3.727500E-04,+9.910000E+37,+4.165635E+02,+3.584400E+04,+4.210122E-01,+3.727500E-04,+9.910000E+37,+4.166299E+02,+3.584400E+04,+4.216045E-01,+3.727500E-04,+9.910000E+37,+4.166963E+02,+3.584400E+04,-1.254931E+00,+0.000000E+00,+9.910000E+37,+4.167627E+02,+3.584400E+04
11:56:55,0e0,+4.314854E-01,+4.159500E-04,+9.910000E+37,+4.169844E+02,+3.584400E+04,+4.303921E-01,+4.159500E-04,+9.910000E+37,+4.170518E+02,+3.584400E+04,+4.302570E-01,+4.159500E-04,+9.910000E+37,+4.171172E+02,+3.584400E+04,-1.241681E+00,+0.000000E+00,+9.910000E+37,+4.171836E+02,+3.584400E+04
11:56:55,0e0,+4.390428E-01,+4.641500E-04,+9.910000E+37,+4.174053E+02,+3.584400E+04,+4.386331E-01,+4.641500E-04,+9.910000E+37,+4.174727E+02,+3.584400E+04,+4.386333E-01,+4.641500E-04,+9.910000E+37,+4.175391E+02,+3.584400E+04,-1.367994E+00,+0.000000E+00,+9.910000E+37,+4.176064E+02,+3.584400E+04
11:56:55,0e0,+4.475133E-01,+5.179500E-04,+9.910000E+37,+4.178271E+02,+3.584400E+04,+4.482867E-01,+5.179500E-04,+9.910000E+37,+4.178945E+02,+3.584400E+04,+4.483773E-01,+5.179500E-04,+9.910000E+37,+4.179600E+02,+3.584400E+04,-1.322552E+00,+0.000000E+00,+9.910000E+37,+4.180273E+02,+3.584400E+04
11:56:55,0e0,+4.572095E-01,+5.779500E-04,+9.910000E+37,+4.182500E+02,+3.584400E+04,+4.575307E-01,+5.779500E-04,+9.910000E+37,+4.183154E+02,+3.584400E+04,+4.574838E-01,+5.779500E-04,+9.910000E+37,+4.183828E+02,+3.584400E+04,-1.330110E+00,+0.000000E+00,+9.910000E+37,+4.184482E+02,+3.584400E+04
11:56:55,0e0,+4.681388E-01,+6.449500E-04,+9.910000E+37,+4.186699E+02,+3.584400E+04,+4.675012E-01,+6.449500E-04,+9.910000E+37,+4.187373E+02,+3.584400E+04,+4.667266E-01,+6.449500E-04,+9.910000E+37,+4.188027E+02,+3.584400E+04,-1.756459E+00,+0.000000E+00,+9.910000E+37,+4.188691E+02,+3.584400E+04
11:56:55,0e0,+4.773368E-01,+7.197000E-04,+9.910000E+37,+4.190908E+02,+3.584400E+04,+4.775639E-01,+7.197000E-04,+9.910000E+37,+4.191562E+02,+3.584400E+04,+4.781103E-01,+7.197000E-04,+9.910000E+37,+4.192236E+02,+3.584400E+04,-2.166236E+00,+0.000000E+00,+9.910000E+37,+4.192900E+02,+3.584400E+04
11:56:55,0e0,+4.887658E-01,+8.031000E-04,+9.910000E+37,+4.195127E+02,+3.584400E+04,+4.877633E-01,+8.031000E-04,+9.910000E+37,+4.195801E+02,+3.584400E+04,+4.881725E-01,+8.031000E-04,+9.910000E+37,+4.196455E+02,+3.584400E+04,-2.464082E+00,+0.000000E+00,+9.910000E+37,+4.197119E+02,+3.584400E+04
11:56:55,0e0,+5.000576E-01,+8.961500E-04,+9.910000E+37,+4.199346E+02,+3.584400E+04,+5.010148E-01,+8.961500E-04,+9.910000E+37,+4.200020E+02,+3.584400E+04,+4.990552E-01,+8.961500E-04,+9.910000E+37,+4.200674E+02,+3.584400E+04,-2.714030E+00,+0.000000E+00,+9.910000E+37,+4.201348E+02,+3.584400E+04
11:56:55,0e0,+5.112124E-01,+1.000000E-03,+9.910000E+37,+4.203574E+02,+3.584400E+04,+5.114859E-01,+1.000000E-03,+9.910000E+37,+4.204238E+02,+3.584400E+04,+5.103013E-01,+1.000000E-03,+9.910000E+37,+4.204912E+02,+3.584400E+04,-3.414543E+00,+0.000000E+00,+9.910000E+37,+4.205576E+02,+3.584400E+04
11:56:55,0e0,+5.119407E-01,+1.116000E-03,+9.910000E+37,+4.207813E+02,+3.584400E+04,+5.113958E-01,+1.116000E-03,+9.910000E+37,+4.208477E+02,+3.584400E+04,+5.111675E-01,+1.116000E-03,+9.910000E+37,+4.209150E+02,+3.584400E+04,-1.994701E+00,+0.000000E+00,+9.910000E+37,+4.209814E+02,+3.584400E+04
11:56:55,0e0,+5.226870E-01,+1.245000E-03,+9.910000E+37,+4.212041E+02,+3.584400E+04,+5.223229E-01,+1.245000E-03,+9.910000E+37,+4.212695E+02,+3.584400E+04,+5.218208E-01,+1.245000E-03,+9.910000E+37,+4.213369E+02,+3.584400E+04,-1.939286E+00,+0.000000E+00,+9.910000E+37,+4.214023E+02,+3.584400E+04
11:56:55,0e0,+5.338410E-01,+1.389500E-03,+9.910000E+37,+4.216240E+02,+3.584400E+04,+5.348898E-01,+1.389500E-03,+9.910000E+37,+4.216895E+02,+3.584400E+04,+5.347989E-01,+1.389500E-03,+9.910000E+37,+4.217568E+02,+3.584400E+04,-1.970840E+00,+0.000000E+00,+9.910000E+37,+4.218223E+02,+3.584400E+04
11:56:55,0e0,+5.470466E-01,+1.550500E-03,+9.910000E+37,+4.220459E+02,+3.584400E+04,+5.475935E-01,+1.550500E-03,+9.910000E+37,+4.221133E+02,+3.584400E+04,+5.473207E-01,+1.550500E-03,+9.910000E+37,+4.221787E+02,+3.584400E+04,-1.998207E+00,+0.000000E+00,+9.910000E+37,+4.222461E+02,+3.584400E+04
11:56:55,0e0,+5.598423E-01,+1.730000E-03,+9.910000E+37,+4.224678E+02,+3.584400E+04,+5.597966E-01,+1.730000E-03,+9.910000E+37,+4.225332E+02,+3.584400E+04,+5.603428E-01,+1.730000E-03,+9.910000E+37,+4.226006E+02,+3.584400E+04,-1.906408E+00,+0.000000E+00,+9.910000E+37,+4.226660E+02,+3.584400E+04
11:56:55,0e0,+5.743208E-01,+1.930500E-03,+9.910000E+37,+4.228867E+02,+3.584400E+04,+5.738199E-01,+1.930500E-03,+9.910000E+37,+4.229521E+02,+3.584400E+04,+5.728178E-01,+1.930500E-03,+9.910000E+37,+4.230195E+02,+3.584400E+04,-1.971615E+00,+0.000000E+00,+9.910000E+37,+4.230859E+02,+3.584400E+04
11:56:55,0e0,+5.874798E-01,+2.154500E-03,+9.910000E+37,+4.233145E+02,+3.584400E+04,+5.884819E-01,+2.154500E-03,+9.910000E+37,+4.233818E+02,+3.584400E+04,+5.871152E-01,+2.154500E-03,+9.910000E+37,+4.234473E+02,+3.584400E+04,-1.943883E+00,+0.000000E+00,+9.910000E+37,+4.235146E+02,+3.584400E+04
11:56:55,0e0,+6.038257E-01,+2.404000E-03,+9.910000E+37,+4.237373E+02,+3.584400E+04,+6.026881E-01,+2.404000E-03,+9.910000E+37,+4.238047E+02,+3.584400E+04,+6.025514E-01,+2.404000E-03,+9.910000E+37,+4.238701E+02,+3.584400E+04,-1.924396E+00,+0.000000E+00,+9.910000E+37,+4.239375E+02,+3.584400E+04
11:56:55,0e0,+6.191704E-01,+2.682500E-03,+9.910000E+37,+4.241582E+02,+3.584400E+04,+6.182148E-01,+2.682500E-03,+9.910000E+37,+4.242246E+02,+3.584400E+04,+6.188078E-01,+2.682500E-03,+9.910000E+37,+4.242910E+02,+3.584400E+04,-1.944930E+00,+0.000000E+00,+9.910000E+37,+4.243584E+02,+3.584400E+04
11:56:55,0e0,+6.353803E-01,+2.993500E-03,+9.910000E+37,+4.245859E+02,+3.584400E+04,+6.357442E-01,+2.993500E-03,+9.910000E+37,+4.246514E+02,+3.584400E+04,+6.349701E-01,+2.993500E-03,+9.910000E+37,+4.247187E+02,+3.584400E+04,-1.946114E+00,+0.000000E+00,+9.910000E+37,+4.247842E+02,+3.584400E+04
11:56:55,0e0,+6.534106E-01,+3.340500E-03,+9.910000E+37,+4.250059E+02,+3.584400E+04,+6.524984E-01,+3.340500E-03,+9.910000E+37,+4.250723E+02,+3.584400E+04,+6.539124E-01,+3.340500E-03,+9.910000E+37,+4.251387E+02,+3.584400E+04,-1.939240E+00,+0.000000E+00,+9.910000E+37,+4.252051E+02,+3.584400E+04
11:56:55,0e0,+6.724433E-01,+3.727500E-03,+9.910000E+37,+4.254258E+02,+3.584400E+04,+6.731277E-01,+3.727500E-03,+9.910000E+37,+4.254932E+02,+3.584400E+04,+6.715792E-01,+3.727500E-03,+9.910000E+37,+4.255586E+02,+3.584400E+04,-2.057858E+00,+0.000000E+00,+9.910000E+37,+4.256270E+02,+3.584400E+04
11:56:55,0e0,+6.924332E-01,+4.159500E-03,+9.910000E+37,+4.258516E+02,+3.584400E+04,+6.903394E-01,+4.159500E-03,+9.910000E+37,+4.259189E+02,+3.584400E+04,+6.902467E-01,+4.159500E-03,+9.910000E+37,+4.259844E+02,+3.584400E+04,-1.938282E+00,+0.000000E+00,+9.910000E+37,+4.260518E+02,+3.584400E+04
11:56:55,0e0,+7.111464E-01,+4.641500E-03,+9.910000E+37,+4.262744E+02,+3.584400E+04,+7.096416E-01,+4.641500E-03,+9.910000E+37,+4.263398E+02,+3.584400E+04,+7.104636E-01,+4.641500E-03,+9.910000E+37,+4.264062E+02,+3.584400E+04,-1.986413E+00,+0.000000E+00,+9.910000E+37,+4.264736E+02,+3.584400E+04
11:56:55,0e0,+7.315004E-01,+5.179500E-03,+9.910000E+37,+4.266953E+02,+3.584400E+04,+7.314082E-01,+5.179500E-03,+9.910000E+37,+4.267627E+02,+3.584400E+04,+7.309062E-01,+5.179500E-03,+9.910000E+37,+4.268281E+02,+3.584400E+04,-1.987323E+00,+0.000000E+00,+9.910000E+37,+4.268955E+02,+3.584400E+04
11:56:55,0e0,+7.545856E-01,+5.779500E-03,+9.910000E+37,+4.271094E+02,+3.584400E+04,+7.524916E-01,+5.779500E-03,+9.910000E+37,+4.271768E+02,+3.584400E+04,+7.537665E-01,+5.779500E-03,+9.910000E+37,+4.272422E+02,+3.584400E+04,-1.928538E+00,+0.000000E+00,+9.910000E+37,+4.273096E+02,+3.584400E+04
11:56:55,0e0,+7.760751E-01,+6.449500E-03,+9.910000E+37,+4.275313E+02,+3.584400E+04,+7.752565E-01,+6.449500E-03,+9.910000E+37,+4.275977E+02,+3.584400E+04,+7.744353E-01,+6.449500E-03,+9.910000E+37,+4.276650E+02,+3.584400E+04,-1.930312E+00,+0.000000E+00,+9.910000E+37,+4.277305E+02,+3.584400E+04
11:56:55,0e0,+7.997084E-01,+7.197000E-03,+9.910000E+37,+4.279531E+02,+3.584400E+04,+7.979755E-01,+7.197000E-03,+9.910000E+37,+4.280205E+02,+3.584400E+04,+7.974291E-01,+7.197000E-03,+9.910000E+37,+4.280859E+02,+3.584400E+04,-1.991516E+00,+0.000000E+00,+9.910000E+37,+4.281533E+02,+3.584400E+04
11:56:55,0e0,+8.230649E-01,+8.031000E-03,+9.910000E+37,+4.283730E+02,+3.584400E+04,+8.227021E-01,+8.031000E-03,+9.910000E+37,+4.284395E+02,+3.584400E+04,+8.237498E-01,+8.031000E-03,+9.910000E+37,+4.285059E+02,+3.584400E+04,-1.934913E+00,+0.000000E+00,+9.910000E+37,+4.285723E+02,+3.584400E+04
11:56:55,0e0,+8.481069E-01,+8.961500E-03,+9.910000E+37,+4.287949E+02,+3.584400E+04,+8.466494E-01,+8.961500E-03,+9.910000E+37,+4.288623E+02,+3.584400E+04,+8.492011E-01,+8.961500E-03,+9.910000E+37,+4.289277E+02,+3.584400E+04,-1.932088E+00,+0.000000E+00,+9.910000E+37,+4.289951E+02,+3.584400E+04
