12:03:57,0e0,+8.296236E-03,+1.000000E-07,+9.910000E+37,+7.944404E+02,+3.584400E+04,+8.204937E-03,+1.000000E-07,+9.910000E+37,+7.945068E+02,+3.584400E+04,+7.749602E-03,+1.000000E-07,+9.910000E+37,+7.945732E+02,+3.584400E+04,-1.378664E-02,+0.000000E+00,+9.910000E+37,+7.946406E+02,+3.584400E+04
12:03:57,0e0,+1.084584E-02,+1.116000E-07,+9.910000E+37,+7.948633E+02,+3.584400E+04,+1.080023E-02,+1.116000E-07,+9.910000E+37,+7.949297E+02,+3.584400E+04,+1.116447E-02,+1.116000E-07,+9.910000E+37,+7.949961E+02,+3.584400E+04,-1.574497E-02,+0.000000E+00,+9.910000E+37,+7.950635E+02,+3.584400E+04
12:03:57,0e0,+1.330446E-02,+1.245000E-07,+9.910000E+37,+7.952852E+02,+3.584400E+04,+1.344112E-02,+1.245000E-07,+9.910000E+37,+7.953516E+02,+3.584400E+04,+1.271255E-02,+1.245000E-07,+9.910000E+37,+7.954180E+02,+3.584400E+04,-1.369521E-02,+0.000000E+00,+9.910000E+37,+7.954844E+02,+3.584400E+04
12:03:57,0e0,+1.476143E-02,+1.389500E-07,+9.910000E+37,+7.957080E+02,+3.584400E+04,+1.549003E-02,+1.389500E-07,+9.910000E+37,+7.957754E+02,+3.584400E+04,+1.512563E-02,+1.389500E-07,+9.910000E+37,+7.958418E+02,+3.584400E+04,-1.351340E-02,+0.000000E+00,+9.910000E+37,+7.959092E+02,+3.584400E+04
12:03:57,0e0,+1.799366E-02,+1.550500E-07,+9.910000E+37,+7.961357E+02,+3.584400E+04,+1.762995E-02,+1.550500E-07,+9.910000E+37,+7.962021E+02,+3.584400E+04,+1.753847E-02,+1.550500E-07,+9.910000E+37,+7.962695E+02,+3.584400E+04,-1.342240E-02,+0.000000E+00,+9.910000E+37,+7.963359E+02,+3.584400E+04
12:03:57,0e0,+2.063535E-02,+1.730000E-07,+9.910000E+37,+7.965605E+02,+3.584400E+04,+2.177335E-02,+1.730000E-07,+9.910000E+37,+7.966279E+02,+3.584400E+04,+2.068040E-02,+1.730000E-07,+9.910000E+37,+7.966943E+02,+3.584400E+04,-1.324029E-02,+0.000000E+00,+9.910000E+37,+7.967598E+02,+3.584400E+04
12:03:57,0e0,+2.578005E-02,+1.930500E-07,+9.910000E+37,+7.969844E+02,+3.584400E+04,+2.423200E-02,+1.930500E-07,+9.910000E+37,+7.970508E+02,+3.584400E+04,+2.445962E-02,+1.930500E-07,+9.910000E+37,+7.971172E+02,+3.584400E+04,-1.451507E-02,+0.000000E+00,+9.910000E+37,+7.971846E+02,+3.584400E+04
12:03:57,0e0,+2.655365E-02,+2.154500E-07,+9.910000E+37,+7.974082E+02,+3.584400E+04,+2.805692E-02,+2.154500E-07,+9.910000E+37,+7.974746E+02,+3.584400E+04,+2.760172E-02,+2.154500E-07,+9.910000E+37,+7.975410E+02,+3.584400E+04,-1.542614E-02,+0.000000E+00,+9.910000E+37,+7.976074E+02,+3.584400E+04
12:03:57,0e0,+3.251907E-02,+2.404000E-07,+9.910000E+37,+7.978311E+02,+3.584400E+04,+3.097054E-02,+2.404000E-07,+9.910000E+37,+7.978975E+02,+3.584400E+04,+3.233647E-02,+2.404000E-07,+9.910000E+37,+7.979639E+02,+3.584400E+04,-1.251173E-02,+0.000000E+00,+9.910000E+37,+7.980303E+02,+3.584400E+04
12:03:57,0e0,+3.597921E-02,+2.682500E-07,+9.910000E+37,+7.982549E+02,+3.584400E+04,+3.561506E-02,+2.682500E-07,+9.910000E+37,+7.983223E+02,+3.584400E+04,+3.402063E-02,+2.682500E-07,+9.910000E+37,+7.983887E+02,+3.584400E+04,-1.451512E-02,+0.000000E+00,+9.910000E+37,+7.984541E+02,+3.584400E+04
12:03:57,0e0,+3.925776E-02,+2.993500E-07,+9.910000E+37,+7.986787E+02,+3.584400E+04,+3.984916E-02,+2.993500E-07,+9.910000E+37,+7.987461E+02,+3.584400E+04,+3.802752E-02,+2.993500E-07,+9.910000E+37,+7.988125E+02,+3.584400E+04,-1.446977E-02,+0.000000E+00,+9.910000E+37,+7.988789E+02,+3.584400E+04
12:03:57,0e0,+4.467541E-02,+3.340500E-07,+9.910000E+37,+7.991045E+02,+3.584400E+04,+4.294479E-02,+3.340500E-07,+9.910000E+37,+7.991709E+02,+3.584400E+04,+4.412919E-02,+3.340500E-07,+9.910000E+37,+7.992373E+02,+3.584400E+04,-1.260281E-02,+0.000000E+00,+9.910000E+37,+7.993047E+02,+3.584400E+04
12:03:57,0e0,+4.731560E-02,+3.727500E-07,+9.910000E+37,+7.995293E+02,+3.584400E+04,+4.900101E-02,+3.727500E-07,+9.910000E+37,+7.995957E+02,+3.584400E+04,+4.850027E-02,+3.727500E-07,+9.910000E+37,+7.996621E+02,+3.584400E+04,-1.401432E-02,+0.000000E+00,+9.910000E+37,+7.997285E+02,+3.584400E+04
12:03:57,0e0,+5.451083E-02,+4.159500E-07,+9.910000E+37,+7.999541E+02,+3.584400E+04,+5.437416E-02,+4.159500E-07,+9.910000E+37,+8.000215E+02,+3.584400E+04,+5.118582E-02,+4.159500E-07,+9.910000E+37,+8.000869E+02,+3.584400E+04,-1.369546E-02,+0.000000E+00,+9.910000E+37,+8.001543E+02,+3.584400E+04
12:03:57,0e0,+5.851698E-02,+4.641500E-07,+9.910000E+37,+8.003789E+02,+3.584400E+04,+5.746976E-02,+4.641500E-07,+9.910000E+37,+8.004463E+02,+3.584400E+04,+5.833483E-02,+4.641500E-07,+9.910000E+37,+8.005117E+02,+3.584400E+04,-1.451498E-02,+0.000000E+00,+9.910000E+37,+8.005781E+02,+3.584400E+04
12:03:57,0e0,+6.325203E-02,+5.179500E-07,+9.910000E+37,+8.008047E+02,+3.584400E+04,+6.379861E-02,+5.179500E-07,+9.910000E+37,+8.008721E+02,+3.584400E+04,+6.370780E-02,+5.179500E-07,+9.910000E+37,+8.009385E+02,+3.584400E+04,-1.424210E-02,+0.000000E+00,+9.910000E+37,+8.010039E+02,+3.584400E+04
12:03:57,0e0,+7.067400E-02,+5.779500E-07,+9.910000E+37,+8.012275E+02,+3.584400E+04,+6.917179E-02,+5.779500E-07,+9.910000E+37,+8.012939E+02,+3.584400E+04,+6.880650E-02,+5.779500E-07,+9.910000E+37,+8.013604E+02,+3.584400E+04,-1.446959E-02,+0.000000E+00,+9.910000E+37,+8.014268E+02,+3.584400E+04
12:03:57,0e0,+7.590982E-02,+6.449500E-07,+9.910000E+37,+8.016523E+02,+3.584400E+04,+7.481647E-02,+6.449500E-07,+9.910000E+37,+8.017188E+02,+3.584400E+04,+7.522702E-02,+6.449500E-07,+9.910000E+37,+8.017852E+02,+3.584400E+04,-1.401418E-02,+0.000000E+00,+9.910000E+37,+8.018525E+02,+3.584400E+04
12:03:57,0e0,+8.342251E-02,+7.197000E-07,+9.910000E+37,+8.020771E+02,+3.584400E+04,+8.228454E-02,+7.197000E-07,+9.910000E+37,+8.021455E+02,+3.584400E+04,+8.237576E-02,+7.197000E-07,+9.910000E+37,+8.022109E+02,+3.584400E+04,-1.442415E-02,+0.000000E+00,+9.910000E+37,+8.022773E+02,+3.584400E+04
12:03:57,0e0,+8.915991E-02,+8.031000E-07,+9.910000E+37,+8.025049E+02,+3.584400E+04,+8.751968E-02,+8.031000E-07,+9.910000E+37,+8.025713E+02,+3.584400E+04,+8.956918E-02,+8.031000E-07,+9.910000E+37,+8.026377E+02,+3.584400E+04,-1.783907E-02,+0.000000E+00,+9.910000E+37,+8.027041E+02,+3.584400E+04
12:03:57,0e0,+9.658125E-02,+8.961500E-07,+9.910000E+37,+8.029287E+02,+3.584400E+04,+9.685430E-02,+8.961500E-07,+9.910000E+37,+8.029961E+02,+3.584400E+04,+9.671763E-02,+8.961500E-07,+9.910000E+37,+8.030625E+02,+3.584400E+04,-7.206662E-02,+0.000000E+00,+9.910000E+37,+8.031299E+02,+3.584400E+04
12:03:57,0e0,+1.039114E-01,+1.000000E-06,+9.910000E+37,+8.033525E+02,+3.584400E+04,+1.044127E-01,+1.000000E-06,+9.910000E+37,+8.034199E+02,+3.584400E+04,+1.033194E-01,+1.000000E-06,+9.910000E+37,+8.034873E+02,+3.584400E+04,-1.727365E-01,+0.000000E+00,+9.910000E+37,+8.035527E+02,+3.584400E+04
12:03:57,0e0,+9.908473E-02,+1.116000E-06,+9.910000E+37,+8.037734E+02,+3.584400E+04,+1.009978E-01,+1.116000E-06,+9.910000E+37,+8.038398E+02,+3.584400E+04,+1.009064E-01,+1.116000E-06,+9.910000E+37,+8.039072E+02,+3.584400E+04,-1.333106E-02,+0.000000E+00,+9.910000E+37,+8.039736E+02,+3.584400E+04
12:03:57,0e0,+1.078728E-01,+1.245000E-06,+9.910000E+37,+8.041973E+02,+3.584400E+04,+1.080098E-01,+1.245000E-06,+9.910000E+37,+8.042637E+02,+3.584400E+04,+1.089200E-01,+1.245000E-06,+9.910000E+37,+8.043311E+02,+3.584400E+04,-1.337680E-02,+0.000000E+00,+9.910000E+37,+8.043975E+02,+3.584400E+04
12:03:57,0e0,+1.157951E-01,+1.389500E-06,+9.910000E+37,+8.046201E+02,+3.584400E+04,+1.157493E-01,+1.389500E-06,+9.910000E+37,+8.046865E+02,+3.584400E+04,+1.148849E-01,+1.389500E-06,+9.910000E+37,+8.047539E+02,+3.584400E+04,-1.269433E-02,+0.000000E+00,+9.910000E+37,+8.048193E+02,+3.584400E+04
12:03:57,0e0,+1.239907E-01,+1.550500E-06,+9.910000E+37,+8.050400E+02,+3.584400E+04,+1.238093E-01,+1.550500E-06,+9.910000E+37,+8.051064E+02,+3.584400E+04,+1.234446E-01,+1.550500E-06,+9.910000E+37,+8.051729E+02,+3.584400E+04,-1.355930E-02,+0.000000E+00,+9.910000E+37,+8.052402E+02,+3.584400E+04
12:03:57,0e0,+1.322783E-01,+1.730000E-06,+9.910000E+37,+8.054688E+02,+3.584400E+04,+1.325514E-01,+1.730000E-06,+9.910000E+37,+8.055361E+02,+3.584400E+04,+1.328695E-01,+1.730000E-06,+9.910000E+37,+8.056035E+02,+3.584400E+04,-1.292166E-02,+0.000000E+00,+9.910000E+37,+8.056689E+02,+3.584400E+04
12:03:57,0e0,+1.417947E-01,+1.930500E-06,+9.910000E+37,+8.058906E+02,+3.584400E+04,+1.412471E-01,+1.930500E-06,+9.910000E+37,+8.059561E+02,+3.584400E+04,+1.412469E-01,+1.930500E-06,+9.910000E+37,+8.060225E+02,+3.584400E+04,-1.328583E-02,+0.000000E+00,+9.910000E+37,+8.060889E+02,+3.584400E+04
12:03:57,0e0,+1.512190E-01,+2.154500E-06,+9.910000E+37,+8.063115E+02,+3.584400E+04,+1.515836E-01,+2.154500E-06,+9.910000E+37,+8.063789E+02,+3.584400E+04,+1.510819E-01,+2.154500E-06,+9.910000E+37,+8.064443E+02,+3.584400E+04,-1.342204E-02,+0.000000E+00,+9.910000E+37,+8.065117E+02,+3.584400E+04
12:03:57,0e0,+1.614635E-01,+2.404000E-06,+9.910000E+37,+8.067373E+02,+3.584400E+04,+1.606439E-01,+2.404000E-06,+9.910000E+37,+8.068047E+02,+3.584400E+04,+1.613720E-01,+2.404000E-06,+9.910000E+37,+8.068701E+02,+3.584400E+04,-1.346809E-02,+0.000000E+00,+9.910000E+37,+8.069375E+02,+3.584400E+04
12:03:57,0e0,+1.720264E-01,+2.682500E-06,+9.910000E+37,+8.071592E+02,+3.584400E+04,+1.706602E-01,+2.682500E-06,+9.910000E+37,+8.072256E+02,+3.584400E+04,+1.716166E-01,+2.682500E-06,+9.910000E+37,+8.072920E+02,+3.584400E+04,-1.378639E-02,+0.000000E+00,+9.910000E+37,+8.073584E+02,+3.584400E+04
12:03:57,0e0,+1.826356E-01,+2.993500E-06,+9.910000E+37,+8.075830E+02,+3.584400E+04,+1.834545E-01,+2.993500E-06,+9.910000E+37,+8.076504E+02,+3.584400E+04,+1.844566E-01,+2.993500E-06,+9.910000E+37,+8.077168E+02,+3.584400E+04,-1.510756E-02,+0.000000E+00,+9.910000E+37,+8.077832E+02,+3.584400E+04
12:03:57,0e0,+1.947013E-01,+3.340500E-06,+9.910000E+37,+8.080068E+02,+3.584400E+04,+1.945642E-01,+3.340500E-06,+9.910000E+37,+8.080723E+02,+3.584400E+04,+1.942454E-01,+3.340500E-06,+9.910000E+37,+8.081387E+02,+3.584400E+04,-1.410545E-02,+0.000000E+00,+9.910000E+37,+8.082051E+02,+3.584400E+04
12:03:57,0e0,+2.077227E-01,+3.727500E-06,+9.910000E+37,+8.084268E+02,+3.584400E+04,+2.088163E-01,+3.727500E-06,+9.910000E+37,+8.084932E+02,+3.584400E+04,+2.060834E-01,+3.727500E-06,+9.910000E+37,+8.085596E+02,+3.584400E+04,-1.392345E-02,+0.000000E+00,+9.910000E+37,+8.086260E+02,+3.584400E+04
12:03:57,0e0,+2.186497E-01,+4.159500E-06,+9.910000E+37,+8.088516E+02,+3.584400E+04,+2.204724E-01,+4.159500E-06,+9.910000E+37,+8.089170E+02,+3.584400E+04,+2.199702E-01,+4.159500E-06,+9.910000E+37,+8.089834E+02,+3.584400E+04,-1.396884E-02,+0.000000E+00,+9.910000E+37,+8.090508E+02,+3.584400E+04
12:03:57,0e0,+2.353148E-01,+4.641500E-06,+9.910000E+37,+8.092754E+02,+3.584400E+04,+2.352237E-01,+4.641500E-06,+9.910000E+37,+8.093418E+02,+3.584400E+04,+2.349503E-01,+4.641500E-06,+9.910000E+37,+8.094092E+02,+3.584400E+04,-1.406001E-02,+0.000000E+00,+9.910000E+37,+8.094766E+02,+3.584400E+04
12:03:57,0e0,+2.497029E-01,+5.179500E-06,+9.910000E+37,+8.097012E+02,+3.584400E+04,+2.488384E-01,+5.179500E-06,+9.910000E+37,+8.097676E+02,+3.584400E+04,+2.483812E-01,+5.179500E-06,+9.910000E+37,+8.098340E+02,+3.584400E+04,-1.410523E-02,+0.000000E+00,+9.910000E+37,+8.099014E+02,+3.584400E+04
12:03:57,0e0,+2.647735E-01,+5.779500E-06,+9.910000E+37,+8.101279E+02,+3.584400E+04,+2.646362E-01,+5.779500E-06,+9.910000E+37,+8.101953E+02,+3.584400E+04,+2.659121E-01,+5.779500E-06,+9.910000E+37,+8.102607E+02,+3.584400E+04,-1.305835E-02,+0.000000E+00,+9.910000E+37,+8.103271E+02,+3.584400E+04
12:03:57,0e0,+2.808915E-01,+6.449500E-06,+9.910000E+37,+8.105508E+02,+3.584400E+04,+2.810744E-01,+6.449500E-06,+9.910000E+37,+8.106172E+02,+3.584400E+04,+2.826223E-01,+6.449500E-06,+9.910000E+37,+8.106836E+02,+3.584400E+04,-1.374151E-02,+0.000000E+00,+9.910000E+37,+8.107510E+02,+3.584400E+04
12:03:57,0e0,+2.982396E-01,+7.197000E-06,+9.910000E+37,+8.109736E+02,+3.584400E+04,+2.977832E-01,+7.197000E-06,+9.910000E+37,+8.110400E+02,+3.584400E+04,+2.984669E-01,+7.197000E-06,+9.910000E+37,+8.111074E+02,+3.584400E+04,-1.406005E-02,+0.000000E+00,+9.910000E+37,+8.111738E+02,+3.584400E+04
12:03:57,0e0,+3.157228E-01,+8.031000E-06,+9.910000E+37,+8.113965E+02,+3.584400E+04,+3.173165E-01,+8.031000E-06,+9.910000E+37,+8.114629E+02,+3.584400E+04,+3.154957E-01,+8.031000E-06,+9.910000E+37,+8.115303E+02,+3.584400E+04,-3.081548E-02,+0.000000E+00,+9.910000E+37,+8.115957E+02,+3.584400E+04
12:03:57,0e0,+3.344361E-01,+8.961500E-06,+9.910000E+37,+8.118174E+02,+3.584400E+04,+3.361211E-01,+8.961500E-06,+9.910000E+37,+8.118828E+02,+3.584400E+04,+3.343459E-01,+8.961500E-06,+9.910000E+37,+8.119492E+02,+3.584400E+04,-6.164028E-02,+0.000000E+00,+9.910000E+37,+8.120156E+02,+3.584400E+04
12:03:57,0e0,+3.540149E-01,+1.000000E-05,+9.910000E+37,+8.122373E+02,+3.584400E+04,+3.541055E-01,+1.000000E-05,+9.910000E+37,+8.123047E+02,+3.584400E+04,+3.535594E-01,+1.000000E-05,+9.910000E+37,+8.123711E+02,+3.584400E+04,-1.708697E-01,+0.000000E+00,+9.910000E+37,+8.124375E+02,+3.584400E+04
12:03:57,0e0,+3.617095E-01,+1.116000E-05,+9.910000E+37,+8.126563E+02,+3.584400E+04,+3.632117E-01,+1.116000E-05,+9.910000E+37,+8.127227E+02,+3.584400E+04,+3.623477E-01,+1.116000E-05,+9.910000E+37,+8.127900E+02,+3.584400E+04,-1.569925E-02,+0.000000E+00,+9.910000E+37,+8.128555E+02,+3.584400E+04
12:03:57,0e0,+3.823806E-01,+1.245000E-05,+9.910000E+37,+8.130732E+02,+3.584400E+04,+3.819250E-01,+1.245000E-05,+9.910000E+37,+8.131396E+02,+3.584400E+04,+3.821080E-01,+1.245000E-05,+9.910000E+37,+8.132051E+02,+3.584400E+04,-1.606303E-02,+0.000000E+00,+9.910000E+37,+8.132744E+02,+3.584400E+04
12:03:57,0e0,+4.023238E-01,+1.389500E-05,+9.910000E+37,+8.134912E+02,+3.584400E+04,+4.021411E-01,+1.389500E-05,+9.910000E+37,+8.135576E+02,+3.584400E+04,+4.019145E-01,+1.389500E-05,+9.910000E+37,+8.136250E+02,+3.584400E+04,-1.588129E-02,+0.000000E+00,+9.910000E+37,+8.136963E+02,+3.584400E+04
12:03:57,0e0,+4.237685E-01,+1.550500E-05,+9.910000E+37,+8.139180E+02,+3.584400E+04,+4.238595E-01,+1.550500E-05,+9.910000E+37,+8.139844E+02,+3.584400E+04,+4.238153E-01,+1.550500E-05,+9.910000E+37,+8.140508E+02,+3.584400E+04,-1.592654E-02,+0.000000E+00,+9.910000E+37,+8.141182E+02,+3.584400E+04
12:03:57,0e0,+4.455329E-01,+1.730000E-05,+9.910000E+37,+8.143379E+02,+3.584400E+04,+4.454420E-01,+1.730000E-05,+9.910000E+37,+8.144043E+02,+3.584400E+04,+4.462603E-01,+1.730000E-05,+9.910000E+37,+8.144717E+02,+3.584400E+04,-1.538056E-02,+0.000000E+00,+9.910000E+37,+8.145430E+02,+3.584400E+04
12:03:57,0e0,+4.683443E-01,+1.930500E-05,+9.910000E+37,+8.147637E+02,+3.584400E+04,+4.689357E-01,+1.930500E-05,+9.910000E+37,+8.148301E+02,+3.584400E+04,+4.682522E-01,+1.930500E-05,+9.910000E+37,+8.148975E+02,+3.584400E+04,-1.624560E-02,+0.000000E+00,+9.910000E+37,+8.149678E+02,+3.584400E+04
12:03:57,0e0,+4.916559E-01,+2.154500E-05,+9.910000E+37,+8.151895E+02,+3.584400E+04,+4.926120E-01,+2.154500E-05,+9.910000E+37,+8.152568E+02,+3.584400E+04,+4.944335E-01,+2.154500E-05,+9.910000E+37,+8.153232E+02,+3.584400E+04,-1.387787E-02,+0.000000E+00,+9.910000E+37,+8.153945E+02,+3.584400E+04
12:03:57,0e0,+5.169710E-01,+2.404000E-05,+9.910000E+37,+8.156143E+02,+3.584400E+04,+5.170180E-01,+2.404000E-05,+9.910000E+37,+8.156816E+02,+3.584400E+04,+5.174717E-01,+2.404000E-05,+9.910000E+37,+8.157471E+02,+3.584400E+04,-1.601794E-02,+0.000000E+00,+9.910000E+37,+8.158174E+02,+3.584400E+04
12:03:57,0e0,+5.421509E-01,+2.682500E-05,+9.910000E+37,+8.160400E+02,+3.584400E+04,+5.431057E-01,+2.682500E-05,+9.910000E+37,+8.161055E+02,+3.584400E+04,+5.424684E-01,+2.682500E-05,+9.910000E+37,+8.161719E+02,+3.584400E+04,-1.597208E-02,+0.000000E+00,+9.910000E+37,+8.162412E+02,+3.584400E+04
12:03:57,0e0,+5.689675E-01,+2.993500E-05,+9.910000E+37,+8.164619E+02,+3.584400E+04,+5.683318E-01,+2.993500E-05,+9.910000E+37,+8.165273E+02,+3.584400E+04,+5.686502E-01,+2.993500E-05,+9.910000E+37,+8.165938E+02,+3.584400E+04,-1.510736E-02,+0.000000E+00,+9.910000E+37,+8.166641E+02,+3.584400E+04
12:03:57,0e0,+5.955142E-01,+3.340500E-05,+9.910000E+37,+8.168828E+02,+3.584400E+04,+5.956498E-01,+3.340500E-05,+9.910000E+37,+8.169492E+02,+3.584400E+04,+5.951036E-01,+3.340500E-05,+9.910000E+37,+8.170156E+02,+3.584400E+04,-1.601766E-02,+0.000000E+00,+9.910000E+37,+8.170859E+02,+3.584400E+04
12:03:57,0e0,+6.233788E-01,+3.727500E-05,+9.910000E+37,+8.173086E+02,+3.584400E+04,+6.235595E-01,+3.727500E-05,+9.910000E+37,+8.173770E+02,+3.584400E+04,+6.251550E-01,+3.727500E-05,+9.910000E+37,+8.174482E+02,+3.584400E+04,-1.679234E-02,+0.000000E+00,+9.910000E+37,+8.175205E+02,+3.584400E+04
12:03:57,0e0,+6.533831E-01,+4.159500E-05,+9.910000E+37,+8.177393E+02,+3.584400E+04,+6.539757E-01,+4.159500E-05,+9.910000E+37,+8.178066E+02,+3.584400E+04,+6.539743E-01,+4.159500E-05,+9.910000E+37,+8.178721E+02,+3.584400E+04,-1.533476E-02,+0.000000E+00,+9.910000E+37,+8.179443E+02,+3.584400E+04
12:03:57,0e0,+6.842978E-01,+4.641500E-05,+9.910000E+37,+8.181650E+02,+3.584400E+04,+6.839805E-01,+4.641500E-05,+9.910000E+37,+8.182324E+02,+3.584400E+04,+6.830699E-01,+4.641500E-05,+9.910000E+37,+8.182979E+02,+3.584400E+04,-1.579057E-02,+0.000000E+00,+9.910000E+37,+8.183652E+02,+3.584400E+04
12:03:57,0e0,+7.150784E-01,+5.179500E-05,+9.910000E+37,+8.185850E+02,+3.584400E+04,+7.146218E-01,+5.179500E-05,+9.910000E+37,+8.186533E+02,+3.584400E+04,+7.148053E-01,+5.179500E-05,+9.910000E+37,+8.187246E+02,+3.584400E+04,-1.679233E-02,+0.000000E+00,+9.910000E+37,+8.187969E+02,+3.584400E+04
12:03:57,0e0,+7.484060E-01,+5.779500E-05,+9.910000E+37,+8.190156E+02,+3.584400E+04,+7.472219E-01,+5.779500E-05,+9.910000E+37,+8.190820E+02,+3.584400E+04,+7.466753E-01,+5.779500E-05,+9.910000E+37,+8.191484E+02,+3.584400E+04,-1.474313E-02,+0.000000E+00,+9.910000E+37,+8.192178E+02,+3.584400E+04
12:03:57,0e0,+7.793658E-01,+6.449500E-05,+9.910000E+37,+8.194355E+02,+3.584400E+04,+7.814618E-01,+6.449500E-05,+9.910000E+37,+8.195020E+02,+3.584400E+04,+7.806423E-01,+6.449500E-05,+9.910000E+37,+8.195693E+02,+3.584400E+04,-1.551728E-02,+0.000000E+00,+9.910000E+37,+8.196348E+02,+3.584400E+04
12:03:57,0e0,+8.125124E-01,+7.197000E-05,+9.910000E+37,+8.198477E+02,+3.584400E+04,+8.144261E-01,+7.197000E-05,+9.910000E+37,+8.199131E+02,+3.584400E+04,+8.137882E-01,+7.197000E-05,+9.910000E+37,+8.199795E+02,+3.584400E+04,-1.606347E-02,+0.000000E+00,+9.910000E+37,+8.200459E+02,+3.584400E+04
12:03:57,0e0,+8.476158E-01,+8.031000E-05,+9.910000E+37,+8.202656E+02,+3.584400E+04,+8.486642E-01,+8.031000E-05,+9.910000E+37,+8.203320E+02,+3.584400E+04,+8.491195E-01,+8.031000E-05,+9.910000E+37,+8.203994E+02,+3.584400E+04,-1.956990E-02,+0.000000E+00,+9.910000E+37,+8.204648E+02,+3.584400E+04
12:03:57,0e0,+8.849077E-01,+8.961500E-05,+9.910000E+37,+8.206807E+02,+3.584400E+04,+8.847699E-01,+8.961500E-05,+9.910000E+37,+8.207471E+02,+3.584400E+04,+8.851827E-01,+8.961500E-05,+9.910000E+37,+8.208125E+02,+3.584400E+04,-5.139594E-02,+0.000000E+00,+9.910000E+37,+8.208789E+02,+3.584400E+04
12:03:57,0e0,+9.228359E-01,+1.000000E-04,+9.910000E+37,+8.210918E+02,+3.584400E+04,+9.221517E-01,+1.000000E-04,+9.910000E+37,+8.211572E+02,+3.584400E+04,+9.244292E-01,+1.000000E-04,+9.910000E+37,+8.212236E+02,+3.584400E+04,-1.042576E-01,+0.000000E+00,+9.910000E+37,+8.212900E+02,+3.584400E+04
12:03:57,0e0,+9.508370E-01,+1.116000E-04,+9.910000E+37,+8.215127E+02,+3.584400E+04,+9.502445E-01,+1.116000E-04,+9.910000E+37,+8.215791E+02,+3.584400E+04,+9.507465E-01,+1.116000E-04,+9.910000E+37,+8.216455E+02,+3.584400E+04,-3.095217E-02,+0.000000E+00,+9.910000E+37,+8.217119E+02,+3.584400E+04
12:03:57,0e0,+9.890379E-01,+1.245000E-04,+9.910000E+37,+8.219346E+02,+3.584400E+04,+9.906321E-01,+1.245000E-04,+9.910000E+37,+8.220010E+02,+3.584400E+04,+9.882205E-01,+1.245000E-04,+9.910000E+37,+8.220684E+02,+3.584400E+04,-3.072461E-02,+0.000000E+00,+9.910000E+37,+8.221338E+02,+3.584400E+04
12:03:57,0e0,+1.029197E+00,+1.389500E-04,+9.910000E+37,+8.223584E+02,+3.584400E+04,+1.028605E+00,+1.389500E-04,+9.910000E+37,+8.224258E+02,+3.584400E+04,+1.028787E+00,+1.389500E-04,+9.910000E+37,+8.224912E+02,+3.584400E+04,-3.045140E-02,+0.000000E+00,+9.910000E+37,+8.225586E+02,+3.584400E+04
12:03:57,0e0,+1.070083E+00,+1.550500E-04,+9.910000E+37,+8.227813E+02,+3.584400E+04,+1.069629E+00,+1.550500E-04,+9.910000E+37,+8.228467E+02,+3.584400E+04,+1.070676E+00,+1.550500E-04,+9.910000E+37,+8.229131E+02,+3.584400E+04,-3.049707E-02,+0.000000E+00,+9.910000E+37,+8.229795E+02,+3.584400E+04
12:03:57,0e0,+1.113569E+00,+1.730000E-04,+9.910000E+37,+8.232051E+02,+3.584400E+04,+1.113065E+00,+1.730000E-04,+9.910000E+37,+8.232705E+02,+3.584400E+04,+1.113748E+00,+1.730000E-04,+9.910000E+37,+8.233369E+02,+3.584400E+04,-3.131644E-02,+0.000000E+00,+9.910000E+37,+8.234043E+02,+3.584400E+04
12:03:57,0e0,+1.156277E+00,+1.930500E-04,+9.910000E+37,+8.236250E+02,+3.584400E+04,+1.155818E+00,+1.930500E-04,+9.910000E+37,+8.236904E+02,+3.584400E+04,+1.157776E+00,+1.930500E-04,+9.910000E+37,+8.237568E+02,+3.584400E+04,-3.127098E-02,+0.000000E+00,+9.910000E+37,+8.238242E+02,+3.584400E+04
12:03:57,0e0,+1.200078E+00,+2.154500E-04,+9.910000E+37,+8.240439E+02,+3.584400E+04,+1.200395E+00,+2.154500E-04,+9.910000E+37,+8.241113E+02,+3.584400E+04,+1.201167E+00,+2.154500E-04,+9.910000E+37,+8.241768E+02,+3.584400E+04,-3.099787E-02,+0.000000E+00,+9.910000E+37,+8.242441E+02,+3.584400E+04
12:03:57,0e0,+1.246836E+00,+2.404000E-04,+9.910000E+37,+8.244688E+02,+3.584400E+04,+1.246608E+00,+2.404000E-04,+9.910000E+37,+8.245352E+02,+3.584400E+04,+1.245604E+00,+2.404000E-04,+9.910000E+37,+8.246025E+02,+3.584400E+04,-3.254625E-02,+0.000000E+00,+9.910000E+37,+8.246680E+02,+3.584400E+04
12:03:57,0e0,+1.293006E+00,+2.682500E-04,+9.910000E+37,+8.248916E+02,+3.584400E+04,+1.293368E+00,+2.682500E-04,+9.910000E+37,+8.249570E+02,+3.584400E+04,+1.291822E+00,+2.682500E-04,+9.910000E+37,+8.250244E+02,+3.584400E+04,-2.999592E-02,+0.000000E+00,+9.910000E+37,+8.250898E+02,+3.584400E+04
12:03:57,0e0,+1.339858E+00,+2.993500E-04,+9.910000E+37,+8.253174E+02,+3.584400E+04,+1.340494E+00,+2.993500E-04,+9.910000E+37,+8.253848E+02,+3.584400E+04,+1.341722E+00,+2.993500E-04,+9.910000E+37,+8.254502E+02,+3.584400E+04,-3.026932E-02,+0.000000E+00,+9.910000E+37,+8.255166E+02,+3.584400E+04
12:03:57,0e0,+1.386522E+00,+3.340500E-04,+9.910000E+37,+8.257441E+02,+3.584400E+04,+1.389530E+00,+3.340500E-04,+9.910000E+37,+8.258105E+02,+3.584400E+04,+1.387207E+00,+3.340500E-04,+9.910000E+37,+8.258760E+02,+3.584400E+04,-3.077023E-02,+0.000000E+00,+9.910000E+37,+8.259434E+02,+3.584400E+04
12:03:57,0e0,+1.435378E+00,+3.727500E-04,+9.910000E+37,+8.261689E+02,+3.584400E+04,+1.436836E+00,+3.727500E-04,+9.910000E+37,+8.262344E+02,+3.584400E+04,+1.436062E+00,+3.727500E-04,+9.910000E+37,+8.263018E+02,+3.584400E+04,-2.972299E-02,+0.000000E+00,+9.910000E+37,+8.263672E+02,+3.584400E+04
12:03:57,0e0,+1.486422E+00,+4.159500E-04,+9.910000E+37,+8.265947E+02,+3.584400E+04,+1.486330E+00,+4.159500E-04,+9.910000E+37,+8.266602E+02,+3.584400E+04,+1.486603E+00,+4.159500E-04,+9.910000E+37,+8.267275E+02,+3.584400E+04,-2.999620E-02,+0.000000E+00,+9.910000E+37,+8.267930E+02,+3.584400E+04
12:03:57,0e0,+1.535047E+00,+4.641500E-04,+9.910000E+37,+8.270186E+02,+3.584400E+04,+1.533678E+00,+4.641500E-04,+9.910000E+37,+8.270850E+02,+3.584400E+04,+1.536505E+00,+4.641500E-04,+9.910000E+37,+8.271523E+02,+3.584400E+04,-3.122552E-02,+0.000000E+00,+9.910000E+37,+8.272178E+02,+3.584400E+04
12:03:57,0e0,+1.586411E+00,+5.179500E-04,+9.910000E+37,+8.274385E+02,+3.584400E+04,+1.587091E+00,+5.179500E-04,+9.910000E+37,+8.275059E+02,+3.584400E+04,+1.586589E+00,+5.179500E-04,+9.910000E+37,+8.275713E+02,+3.584400E+04,-3.227322E-02,+0.000000E+00,+9.910000E+37,+8.276387E+02,+3.584400E+04
12:03:57,0e0,+1.639090E+00,+5.779500E-04,+9.910000E+37,+8.278643E+02,+3.584400E+04,+1.638905E+00,+5.779500E-04,+9.910000E+37,+8.279316E+02,+3.584400E+04,+1.638859E+00,+5.779500E-04,+9.910000E+37,+8.279971E+02,+3.584400E+04,-3.159006E-02,+0.000000E+00,+9.910000E+37,+8.280645E+02,+3.584400E+04
12:03:57,0e0,+1.690540E+00,+6.449500E-04,+9.910000E+37,+8.282891E+02,+3.584400E+04,+1.691813E+00,+6.449500E-04,+9.910000E+37,+8.283545E+02,+3.584400E+04,+1.691357E+00,+6.449500E-04,+9.910000E+37,+8.284219E+02,+3.584400E+04,-3.186318E-02,+0.000000E+00,+9.910000E+37,+8.284873E+02,+3.584400E+04
12:03:57,0e0,+1.743175E+00,+7.197000E-04,+9.910000E+37,+8.287100E+02,+3.584400E+04,+1.743580E+00,+7.197000E-04,+9.910000E+37,+8.287754E+02,+3.584400E+04,+1.743809E+00,+7.197000E-04,+9.910000E+37,+8.288428E+02,+3.584400E+04,-2.958639E-02,+0.000000E+00,+9.910000E+37,+8.289082E+02,+3.584400E+04
12:03:57,0e0,+1.796761E+00,+8.031000E-04,+9.910000E+37,+8.291338E+02,+3.584400E+04,+1.797219E+00,+8.031000E-04,+9.910000E+37,+8.291992E+02,+3.584400E+04,+1.797444E+00,+8.031000E-04,+9.910000E+37,+8.292666E+02,+3.584400E+04,-3.222725E-02,+0.000000E+00,+9.910000E+37,+8.293320E+02,+3.584400E+04
12:03:57,0e0,+1.852266E+00,+8.961500E-04,+9.910000E+37,+8.295537E+02,+3.584400E+04,+1.852219E+00,+8.961500E-04,+9.910000E+37,+8.296211E+02,+3.584400E+04,+1.851992E+00,+8.961500E-04,+9.910000E+37,+8.296865E+02,+3.584400E+04,-3.464045E-02,+0.000000E+00,+9.910000E+37,+8.297529E+02,+3.584400E+04
12:03:57,0e0,+1.906810E+00,+1.000000E-03,+9.910000E+37,+8.299727E+02,+3.584400E+04,+1.906263E+00,+1.000000E-03,+9.910000E+37,+8.300391E+02,+3.584400E+04,+1.906715E+00,+1.000000E-03,+9.910000E+37,+8.301055E+02,+3.584400E+04,-5.344468E-02,+0.000000E+00,+9.910000E+37,+8.301719E+02,+3.584400E+04
12:03:57,0e0,+1.951433E+00,+1.116000E-03,+9.910000E+37,+8.303936E+02,+3.584400E+04,+1.948741E+00,+1.116000E-03,+9.910000E+37,+8.304600E+02,+3.584400E+04,+1.950752E+00,+1.116000E-03,+9.910000E+37,+8.305273E+02,+3.584400E+04,-1.353431E+00,+0.000000E+00,+9.910000E+37,+8.305928E+02,+3.584400E+04
12:03:57,0e0,+2.006299E+00,+1.245000E-03,+9.910000E+37,+8.308145E+02,+3.584400E+04,+2.005433E+00,+1.245000E-03,+9.910000E+37,+8.308799E+02,+3.584400E+04,+2.005657E+00,+1.245000E-03,+9.910000E+37,+8.309473E+02,+3.584400E+04,-1.338996E+00,+0.000000E+00,+9.910000E+37,+8.310127E+02,+3.584400E+04
12:03:57,0e0,+2.064802E+00,+1.389500E-03,+9.910000E+37,+8.312344E+02,+3.584400E+04,+2.062663E+00,+1.389500E-03,+9.910000E+37,+8.313008E+02,+3.584400E+04,+2.062119E+00,+1.389500E-03,+9.910000E+37,+8.313682E+02,+3.584400E+04,-1.352019E+00,+0.000000E+00,+9.910000E+37,+8.314336E+02,+3.584400E+04
12:03:57,0e0,+2.120625E+00,+1.550500E-03,+9.910000E+37,+8.316543E+02,+3.584400E+04,+2.122400E+00,+1.550500E-03,+9.910000E+37,+8.317197E+02,+3.584400E+04,+2.119666E+00,+1.550500E-03,+9.910000E+37,+8.317861E+02,+3.584400E+04,-1.347603E+00,+0.000000E+00,+9.910000E+37,+8.318535E+02,+3.584400E+04
12:03:57,0e0,+2.179814E+00,+1.730000E-03,+9.910000E+37,+8.320820E+02,+3.584400E+04,+2.180588E+00,+1.730000E-03,+9.910000E+37,+8.321494E+02,+3.584400E+04,+2.179904E+00,+1.730000E-03,+9.910000E+37,+8.322148E+02,+3.584400E+04,-1.363039E+00,+0.000000E+00,+9.910000E+37,+8.322822E+02,+3.584400E+04
12:03:57,0e0,+2.241424E+00,+1.930500E-03,+9.910000E+37,+8.325059E+02,+3.584400E+04,+2.241555E+00,+1.930500E-03,+9.910000E+37,+8.325732E+02,+3.584400E+04,+2.239684E+00,+1.930500E-03,+9.910000E+37,+8.326387E+02,+3.584400E+04,-1.344825E+00,+0.000000E+00,+9.910000E+37,+8.327061E+02,+3.584400E+04
12:03:57,0e0,+2.302931E+00,+2.154500E-03,+9.910000E+37,+8.329316E+02,+3.584400E+04,+2.303340E+00,+2.154500E-03,+9.910000E+37,+8.329980E+02,+3.584400E+04,+2.305299E+00,+2.154500E-03,+9.910000E+37,+8.330654E+02,+3.584400E+04,-1.364587E+00,+0.000000E+00,+9.910000E+37,+8.331309E+02,+3.584400E+04
12:03:57,0e0,+2.368181E+00,+2.404000E-03,+9.910000E+37,+8.333506E+02,+3.584400E+04,+2.366856E+00,+2.404000E-03,+9.910000E+37,+8.334170E+02,+3.584400E+04,+2.368406E+00,+2.404000E-03,+9.910000E+37,+8.334844E+02,+3.584400E+04,-1.322739E+00,+0.000000E+00,+9.910000E+37,+8.335498E+02,+3.584400E+04
12:03:57,0e0,+2.432374E+00,+2.682500E-03,+9.910000E+37,+8.337725E+02,+3.584400E+04,+2.431828E+00,+2.682500E-03,+9.910000E+37,+8.338398E+02,+3.584400E+04,+2.433514E+00,+2.682500E-03,+9.910000E+37,+8.339053E+02,+3.584400E+04,-1.322058E+00,+0.000000E+00,+9.910000E+37,+8.339727E+02,+3.584400E+04
12:03:57,0e0,+2.502221E+00,+2.993500E-03,+9.910000E+37,+8.341982E+02,+3.584400E+04,+2.501356E+00,+2.993500E-03,+9.910000E+37,+8.342646E+02,+3.584400E+04,+2.500126E+00,+2.993500E-03,+9.910000E+37,+8.343311E+02,+3.584400E+04,-1.361766E+00,+0.000000E+00,+9.910000E+37,+8.343984E+02,+3.584400E+04
12:03:57,0e0,+2.570835E+00,+3.340500E-03,+9.910000E+37,+8.346240E+02,+3.584400E+04,+2.570881E+00,+3.340500E-03,+9.910000E+37,+8.346904E+02,+3.584400E+04,+2.571747E+00,+3.340500E-03,+9.910000E+37,+8.347568E+02,+3.584400E+04,-1.359489E+00,+0.000000E+00,+9.910000E+37,+8.348242E+02,+3.584400E+04
12:03:57,0e0,+2.644004E+00,+3.727500E-03,+9.910000E+37,+8.350479E+02,+3.584400E+04,+2.642499E+00,+3.727500E-03,+9.910000E+37,+8.351143E+02,+3.584400E+04,+2.642775E+00,+3.727500E-03,+9.910000E+37,+8.351816E+02,+3.584400E+04,-1.357301E+00,+0.000000E+00,+9.910000E+37,+8.352471E+02,+3.584400E+04
12:03:57,0e0,+2.718312E+00,+4.159500E-03,+9.910000E+37,+8.354668E+02,+3.584400E+04,+2.720179E+00,+4.159500E-03,+9.910000E+37,+8.355332E+02,+3.584400E+04,+2.719496E+00,+4.159500E-03,+9.910000E+37,+8.355996E+02,+3.584400E+04,-1.359851E+00,+0.000000E+00,+9.910000E+37,+8.356670E+02,+3.584400E+04
12:03:57,0e0,+2.794667E+00,+4.641500E-03,+9.910000E+37,+8.358867E+02,+3.584400E+04,+2.797170E+00,+4.641500E-03,+9.910000E+37,+8.359531E+02,+3.584400E+04,+2.795492E+00,+4.641500E-03,+9.910000E+37,+8.360195E+02,+3.584400E+04,-1.351701E+00,+0.000000E+00,+9.910000E+37,+8.360850E+02,+3.584400E+04
12:03:57,0e0,+2.874437E+00,+5.179500E-03,+9.910000E+37,+8.363047E+02,+3.584400E+04,+2.876715E+00,+5.179500E-03,+9.910000E+37,+8.363711E+02,+3.584400E+04,+2.875760E+00,+5.179500E-03,+9.910000E+37,+8.364385E+02,+3.584400E+04,-1.341592E+00,+0.000000E+00,+9.910000E+37,+8.365039E+02,+3.584400E+04
12:03:57,0e0,+2.958718E+00,+5.779500E-03,+9.910000E+37,+8.367305E+02,+3.584400E+04,+2.958534E+00,+5.779500E-03,+9.910000E+37,+8.367969E+02,+3.584400E+04,+2.958215E+00,+5.779500E-03,+9.910000E+37,+8.368643E+02,+3.584400E+04,-1.332576E+00,+0.000000E+00,+9.910000E+37,+8.369297E+02,+3.584400E+04
12:03:57,0e0,+3.044951E+00,+6.449500E-03,+9.910000E+37,+8.371514E+02,+3.584400E+04,+3.044133E+00,+6.449500E-03,+9.910000E+37,+8.372178E+02,+3.584400E+04,+3.044269E+00,+6.449500E-03,+9.910000E+37,+8.372842E+02,+3.584400E+04,-1.317274E+00,+0.000000E+00,+9.910000E+37,+8.373506E+02,+3.584400E+04
12:03:57,0e0,+3.134966E+00,+7.197000E-03,+9.910000E+37,+8.375781E+02,+3.584400E+04,+3.134284E+00,+7.197000E-03,+9.910000E+37,+8.376436E+02,+3.584400E+04,+3.134465E+00,+7.197000E-03,+9.910000E+37,+8.377109E+02,+3.584400E+04,-1.329663E+00,+0.000000E+00,+9.910000E+37,+8.377764E+02,+3.584400E+04
12:03:57,0e0,+3.227077E+00,+8.031000E-03,+9.910000E+37,+8.379980E+02,+3.584400E+04,+3.227170E+00,+8.031000E-03,+9.910000E+37,+8.380654E+02,+3.584400E+04,+3.227258E+00,+8.031000E-03,+9.910000E+37,+8.381309E+02,+3.584400E+04,-1.310356E+00,+0.000000E+00,+9.910000E+37,+8.381973E+02,+3.584400E+04
12:03:57,0e0,+3.323828E+00,+8.961500E-03,+9.910000E+37,+8.384229E+02,+3.584400E+04,+3.324379E+00,+8.961500E-03,+9.910000E+37,+8.384893E+02,+3.584400E+04,+3.323784E+00,+8.961500E-03,+9.910000E+37,+8.385566E+02,+3.584400E+04,-1.305758E+00,+0.000000E+00,+9.910000E+37,+8.386240E+02,+3.584400E+04
