12:06:04,0e0,+6.153777E-03,+1.000000E-07,+9.910000E+37,+9.190898E+02,+3.584400E+04,+6.700456E-03,+1.000000E-07,+9.910000E+37,+9.191562E+02,+3.584400E+04,+7.565543E-03,+1.000000E-07,+9.910000E+37,+9.192236E+02,+3.584400E+04,-9.690687E-03,+0.000000E+00,+9.910000E+37,+9.192891E+02,+3.584400E+04
12:06:04,0e0,+9.159252E-03,+1.116000E-07,+9.910000E+37,+9.195127E+02,+3.584400E+04,+8.522063E-03,+1.116000E-07,+9.910000E+37,+9.195811E+02,+3.584400E+04,+9.022608E-03,+1.116000E-07,+9.910000E+37,+9.196475E+02,+3.584400E+04,-1.110205E-02,+0.000000E+00,+9.910000E+37,+9.197139E+02,+3.584400E+04
12:06:04,0e0,+1.052503E-02,+1.245000E-07,+9.910000E+37,+9.199375E+02,+3.584400E+04,+1.088928E-02,+1.245000E-07,+9.910000E+37,+9.200049E+02,+3.584400E+04,+1.148124E-02,+1.245000E-07,+9.910000E+37,+9.200723E+02,+3.584400E+04,-1.050988E-02,+0.000000E+00,+9.910000E+37,+9.201377E+02,+3.584400E+04
12:06:04,0e0,+1.393995E-02,+1.389500E-07,+9.910000E+37,+9.203633E+02,+3.584400E+04,+1.325694E-02,+1.389500E-07,+9.910000E+37,+9.204297E+02,+3.584400E+04,+1.384875E-02,+1.389500E-07,+9.910000E+37,+9.204961E+02,+3.584400E+04,-1.114766E-02,+0.000000E+00,+9.910000E+37,+9.205635E+02,+3.584400E+04
12:06:04,0e0,+1.671718E-02,+1.550500E-07,+9.910000E+37,+9.207881E+02,+3.584400E+04,+1.603438E-02,+1.550500E-07,+9.910000E+37,+9.208555E+02,+3.584400E+04,+1.598899E-02,+1.550500E-07,+9.910000E+37,+9.209219E+02,+3.584400E+04,-1.101094E-02,+0.000000E+00,+9.910000E+37,+9.209873E+02,+3.584400E+04
12:06:04,0e0,+1.922143E-02,+1.730000E-07,+9.910000E+37,+9.212119E+02,+3.584400E+04,+1.985893E-02,+1.730000E-07,+9.910000E+37,+9.212793E+02,+3.584400E+04,+2.095185E-02,+1.730000E-07,+9.910000E+37,+9.213457E+02,+3.584400E+04,-1.078342E-02,+0.000000E+00,+9.910000E+37,+9.214121E+02,+3.584400E+04
12:06:04,0e0,+2.259071E-02,+1.930500E-07,+9.910000E+37,+9.216367E+02,+3.584400E+04,+2.254516E-02,+1.930500E-07,+9.910000E+37,+9.217041E+02,+3.584400E+04,+2.186194E-02,+1.930500E-07,+9.910000E+37,+9.217705E+02,+3.584400E+04,-1.055571E-02,+0.000000E+00,+9.910000E+37,+9.218359E+02,+3.584400E+04
12:06:04,0e0,+2.687056E-02,+2.154500E-07,+9.910000E+37,+9.220605E+02,+3.584400E+04,+2.673395E-02,+2.154500E-07,+9.910000E+37,+9.221279E+02,+3.584400E+04,+2.714381E-02,+2.154500E-07,+9.910000E+37,+9.221934E+02,+3.584400E+04,-1.046476E-02,+0.000000E+00,+9.910000E+37,+9.222598E+02,+3.584400E+04
12:06:04,0e0,+2.928323E-02,+2.404000E-07,+9.910000E+37,+9.224854E+02,+3.584400E+04,+2.910125E-02,+2.404000E-07,+9.910000E+37,+9.225518E+02,+3.584400E+04,+3.142366E-02,+2.404000E-07,+9.910000E+37,+9.226191E+02,+3.584400E+04,-1.110221E-02,+0.000000E+00,+9.910000E+37,+9.226846E+02,+3.584400E+04
12:06:04,0e0,+3.492945E-02,+2.682500E-07,+9.910000E+37,+9.229092E+02,+3.584400E+04,+3.483853E-02,+2.682500E-07,+9.910000E+37,+9.229756E+02,+3.584400E+04,+3.497505E-02,+2.682500E-07,+9.910000E+37,+9.230420E+02,+3.584400E+04,-1.283275E-02,+0.000000E+00,+9.910000E+37,+9.231094E+02,+3.584400E+04
12:06:04,0e0,+3.998390E-02,+2.993500E-07,+9.910000E+37,+9.233320E+02,+3.584400E+04,+3.911811E-02,+2.993500E-07,+9.910000E+37,+9.233984E+02,+3.584400E+04,+3.843537E-02,+2.993500E-07,+9.910000E+37,+9.234648E+02,+3.584400E+04,-1.096554E-02,+0.000000E+00,+9.910000E+37,+9.235313E+02,+3.584400E+04
12:06:04,0e0,+4.494685E-02,+3.340500E-07,+9.910000E+37,+9.237568E+02,+3.584400E+04,+4.549280E-02,+3.340500E-07,+9.910000E+37,+9.238232E+02,+3.584400E+04,+4.567498E-02,+3.340500E-07,+9.910000E+37,+9.238906E+02,+3.584400E+04,-1.178506E-02,+0.000000E+00,+9.910000E+37,+9.239561E+02,+3.584400E+04
12:06:04,0e0,+5.141157E-02,+3.727500E-07,+9.910000E+37,+9.241816E+02,+3.584400E+04,+5.159387E-02,+3.727500E-07,+9.910000E+37,+9.242480E+02,+3.584400E+04,+5.086529E-02,+3.727500E-07,+9.910000E+37,+9.243145E+02,+3.584400E+04,-1.028252E-02,+0.000000E+00,+9.910000E+37,+9.243818E+02,+3.584400E+04
12:06:04,0e0,+5.760431E-02,+4.159500E-07,+9.910000E+37,+9.246143E+02,+3.584400E+04,+5.869678E-02,+4.159500E-07,+9.910000E+37,+9.246807E+02,+3.584400E+04,+5.878767E-02,+4.159500E-07,+9.910000E+37,+9.247461E+02,+3.584400E+04,-1.137540E-02,+0.000000E+00,+9.910000E+37,+9.248135E+02,+3.584400E+04
12:06:04,0e0,+6.543535E-02,+4.641500E-07,+9.910000E+37,+9.250420E+02,+3.584400E+04,+6.488833E-02,+4.641500E-07,+9.910000E+37,+9.251094E+02,+3.584400E+04,+6.666481E-02,+4.641500E-07,+9.910000E+37,+9.251758E+02,+3.584400E+04,-1.155747E-02,+0.000000E+00,+9.910000E+37,+9.252432E+02,+3.584400E+04
12:06:04,0e0,+7.376680E-02,+5.179500E-07,+9.910000E+37,+9.254639E+02,+3.584400E+04,+7.399493E-02,+5.179500E-07,+9.910000E+37,+9.255303E+02,+3.584400E+04,+7.372183E-02,+5.179500E-07,+9.910000E+37,+9.255967E+02,+3.584400E+04,-1.110217E-02,+0.000000E+00,+9.910000E+37,+9.256641E+02,+3.584400E+04
12:06:04,0e0,+8.269143E-02,+5.779500E-07,+9.910000E+37,+9.258887E+02,+3.584400E+04,+8.419400E-02,+5.779500E-07,+9.910000E+37,+9.259551E+02,+3.584400E+04,+8.392090E-02,+5.779500E-07,+9.910000E+37,+9.260215E+02,+3.584400E+04,-1.187624E-02,+0.000000E+00,+9.910000E+37,+9.260879E+02,+3.584400E+04
12:06:04,0e0,+9.411976E-02,+6.449500E-07,+9.910000E+37,+9.263174E+02,+3.584400E+04,+9.366450E-02,+6.449500E-07,+9.910000E+37,+9.263828E+02,+3.584400E+04,+9.393755E-02,+6.449500E-07,+9.910000E+37,+9.264492E+02,+3.584400E+04,-1.096557E-02,+0.000000E+00,+9.910000E+37,+9.265156E+02,+3.584400E+04
12:06:04,0e0,+1.061853E-01,+7.197000E-07,+9.910000E+37,+9.267402E+02,+3.584400E+04,+1.045001E-01,+7.197000E-07,+9.910000E+37,+9.268076E+02,+3.584400E+04,+1.049560E-01,+7.197000E-07,+9.910000E+37,+9.268750E+02,+3.584400E+04,-1.046479E-02,+0.000000E+00,+9.910000E+37,+9.269404E+02,+3.584400E+04
12:06:04,0e0,+1.147445E-01,+8.031000E-07,+9.910000E+37,+9.271582E+02,+3.584400E+04,+1.172949E-01,+8.031000E-07,+9.910000E+37,+9.272246E+02,+3.584400E+04,+1.172955E-01,+8.031000E-07,+9.910000E+37,+9.272910E+02,+3.584400E+04,-1.073796E-02,+0.000000E+00,+9.910000E+37,+9.273574E+02,+3.584400E+04
12:06:04,0e0,+1.294971E-01,+8.961500E-07,+9.910000E+37,+9.275781E+02,+3.584400E+04,+1.311818E-01,+8.961500E-07,+9.910000E+37,+9.276455E+02,+3.584400E+04,+1.300435E-01,+8.961500E-07,+9.910000E+37,+9.277119E+02,+3.584400E+04,-1.187627E-02,+0.000000E+00,+9.910000E+37,+9.277783E+02,+3.584400E+04
12:06:04,0e0,+1.447499E-01,+1.000000E-06,+9.910000E+37,+9.279990E+02,+3.584400E+04,+1.456151E-01,+1.000000E-06,+9.910000E+37,+9.280645E+02,+3.584400E+04,+1.443404E-01,+1.000000E-06,+9.910000E+37,+9.281309E+02,+3.584400E+04,-1.073807E-02,+0.000000E+00,+9.910000E+37,+9.281973E+02,+3.584400E+04
12:06:04,0e0,+1.489388E-01,+1.116000E-06,+9.910000E+37,+9.284209E+02,+3.584400E+04,+1.486203E-01,+1.116000E-06,+9.910000E+37,+9.284873E+02,+3.584400E+04,+1.498043E-01,+1.116000E-06,+9.910000E+37,+9.285537E+02,+3.584400E+04,-1.078345E-02,+0.000000E+00,+9.910000E+37,+9.286211E+02,+3.584400E+04
12:06:04,0e0,+1.629624E-01,+1.245000E-06,+9.910000E+37,+9.288457E+02,+3.584400E+04,+1.649655E-01,+1.245000E-06,+9.910000E+37,+9.289121E+02,+3.584400E+04,+1.645113E-01,+1.245000E-06,+9.910000E+37,+9.289795E+02,+3.584400E+04,-1.210400E-02,+0.000000E+00,+9.910000E+37,+9.290449E+02,+3.584400E+04
12:06:04,0e0,+1.826318E-01,+1.389500E-06,+9.910000E+37,+9.292705E+02,+3.584400E+04,+1.820397E-01,+1.389500E-06,+9.910000E+37,+9.293379E+02,+3.584400E+04,+1.820402E-01,+1.389500E-06,+9.910000E+37,+9.294033E+02,+3.584400E+04,-1.101118E-02,+0.000000E+00,+9.910000E+37,+9.294697E+02,+3.584400E+04
12:06:04,0e0,+2.016182E-01,+1.550500E-06,+9.910000E+37,+9.296934E+02,+3.584400E+04,+2.017091E-01,+1.550500E-06,+9.910000E+37,+9.297598E+02,+3.584400E+04,+2.030751E-01,+1.550500E-06,+9.910000E+37,+9.298252E+02,+3.584400E+04,-1.274119E-02,+0.000000E+00,+9.910000E+37,+9.298916E+02,+3.584400E+04
12:06:04,0e0,+2.235639E-01,+1.730000E-06,+9.910000E+37,+9.301143E+02,+3.584400E+04,+2.232452E-01,+1.730000E-06,+9.910000E+37,+9.301807E+02,+3.584400E+04,+2.227903E-01,+1.730000E-06,+9.910000E+37,+9.302480E+02,+3.584400E+04,-1.237707E-02,+0.000000E+00,+9.910000E+37,+9.303154E+02,+3.584400E+04
12:06:04,0e0,+2.461468E-01,+1.930500E-06,+9.910000E+37,+9.305400E+02,+3.584400E+04,+2.451911E-01,+1.930500E-06,+9.910000E+37,+9.306064E+02,+3.584400E+04,+2.460565E-01,+1.930500E-06,+9.910000E+37,+9.306729E+02,+3.584400E+04,-1.123893E-02,+0.000000E+00,+9.910000E+37,+9.307393E+02,+3.584400E+04
12:06:04,0e0,+2.712803E-01,+2.154500E-06,+9.910000E+37,+9.309639E+02,+3.584400E+04,+2.719636E-01,+2.154500E-06,+9.910000E+37,+9.310303E+02,+3.584400E+04,+2.714171E-01,+2.154500E-06,+9.910000E+37,+9.310977E+02,+3.584400E+04,-1.082900E-02,+0.000000E+00,+9.910000E+37,+9.311650E+02,+3.584400E+04
12:06:04,0e0,+2.982348E-01,+2.404000E-06,+9.910000E+37,+9.313906E+02,+3.584400E+04,+2.979156E-01,+2.404000E-06,+9.910000E+37,+9.314561E+02,+3.584400E+04,+2.992360E-01,+2.404000E-06,+9.910000E+37,+9.315225E+02,+3.584400E+04,-1.128447E-02,+0.000000E+00,+9.910000E+37,+9.315889E+02,+3.584400E+04
12:06:04,0e0,+3.283305E-01,+2.682500E-06,+9.910000E+37,+9.318154E+02,+3.584400E+04,+3.282396E-01,+2.682500E-06,+9.910000E+37,+9.318818E+02,+3.584400E+04,+3.278753E-01,+2.682500E-06,+9.910000E+37,+9.319482E+02,+3.584400E+04,-1.155765E-02,+0.000000E+00,+9.910000E+37,+9.320156E+02,+3.584400E+04
12:06:04,0e0,+3.606122E-01,+2.993500E-06,+9.910000E+37,+9.322402E+02,+3.584400E+04,+3.613858E-01,+2.993500E-06,+9.910000E+37,+9.323066E+02,+3.584400E+04,+3.614769E-01,+2.993500E-06,+9.910000E+37,+9.323730E+02,+3.584400E+04,-1.224060E-02,+0.000000E+00,+9.910000E+37,+9.324395E+02,+3.584400E+04
12:06:04,0e0,+3.976286E-01,+3.340500E-06,+9.910000E+37,+9.326660E+02,+3.584400E+04,+3.974923E-01,+3.340500E-06,+9.910000E+37,+9.327324E+02,+3.584400E+04,+3.973101E-01,+3.340500E-06,+9.910000E+37,+9.327988E+02,+3.584400E+04,-1.078339E-02,+0.000000E+00,+9.910000E+37,+9.328652E+02,+3.584400E+04
12:06:04,0e0,+4.355559E-01,+3.727500E-06,+9.910000E+37,+9.330898E+02,+3.584400E+04,+4.357380E-01,+3.727500E-06,+9.910000E+37,+9.331563E+02,+3.584400E+04,+4.351453E-01,+3.727500E-06,+9.910000E+37,+9.332227E+02,+3.584400E+04,-1.224051E-02,+0.000000E+00,+9.910000E+37,+9.332891E+02,+3.584400E+04
12:06:04,0e0,+4.789922E-01,+4.159500E-06,+9.910000E+37,+9.335137E+02,+3.584400E+04,+4.788100E-01,+4.159500E-06,+9.910000E+37,+9.335811E+02,+3.584400E+04,+4.794019E-01,+4.159500E-06,+9.910000E+37,+9.336475E+02,+3.584400E+04,-1.214974E-02,+0.000000E+00,+9.910000E+37,+9.337129E+02,+3.584400E+04
12:06:04,0e0,+5.257069E-01,+4.641500E-06,+9.910000E+37,+9.339346E+02,+3.584400E+04,+5.257521E-01,+4.641500E-06,+9.910000E+37,+9.340000E+02,+3.584400E+04,+5.250236E-01,+4.641500E-06,+9.910000E+37,+9.340664E+02,+3.584400E+04,-1.151197E-02,+0.000000E+00,+9.910000E+37,+9.341328E+02,+3.584400E+04
12:06:04,0e0,+5.755622E-01,+5.179500E-06,+9.910000E+37,+9.343594E+02,+3.584400E+04,+5.782953E-01,+5.179500E-06,+9.910000E+37,+9.344268E+02,+3.584400E+04,+5.773844E-01,+5.179500E-06,+9.910000E+37,+9.344932E+02,+3.584400E+04,-1.255946E-02,+0.000000E+00,+9.910000E+37,+9.345586E+02,+3.584400E+04
12:06:04,0e0,+6.325687E-01,+5.779500E-06,+9.910000E+37,+9.347842E+02,+3.584400E+04,+6.330231E-01,+5.779500E-06,+9.910000E+37,+9.348516E+02,+3.584400E+04,+6.334785E-01,+5.779500E-06,+9.910000E+37,+9.349170E+02,+3.584400E+04,-1.183069E-02,+0.000000E+00,+9.910000E+37,+9.349834E+02,+3.584400E+04
12:06:04,0e0,+6.971311E-01,+6.449500E-06,+9.910000E+37,+9.352090E+02,+3.584400E+04,+6.960827E-01,+6.449500E-06,+9.910000E+37,+9.352764E+02,+3.584400E+04,+6.962649E-01,+6.449500E-06,+9.910000E+37,+9.353418E+02,+3.584400E+04,-1.173988E-02,+0.000000E+00,+9.910000E+37,+9.354082E+02,+3.584400E+04
12:06:04,0e0,+7.645153E-01,+7.197000E-06,+9.910000E+37,+9.356338E+02,+3.584400E+04,+7.642884E-01,+7.197000E-06,+9.910000E+37,+9.356992E+02,+3.584400E+04,+7.641060E-01,+7.197000E-06,+9.910000E+37,+9.357656E+02,+3.584400E+04,-1.087449E-02,+0.000000E+00,+9.910000E+37,+9.358320E+02,+3.584400E+04
12:06:04,0e0,+8.371370E-01,+8.031000E-06,+9.910000E+37,+9.360566E+02,+3.584400E+04,+8.374568E-01,+8.031000E-06,+9.910000E+37,+9.361240E+02,+3.584400E+04,+8.369100E-01,+8.031000E-06,+9.910000E+37,+9.361895E+02,+3.584400E+04,-1.183045E-02,+0.000000E+00,+9.910000E+37,+9.362568E+02,+3.584400E+04
12:06:04,0e0,+9.152205E-01,+8.961500E-06,+9.910000E+37,+9.364824E+02,+3.584400E+04,+9.190483E-01,+8.961500E-06,+9.910000E+37,+9.365488E+02,+3.584400E+04,+9.173629E-01,+8.961500E-06,+9.910000E+37,+9.366162E+02,+3.584400E+04,-1.133011E-02,+0.000000E+00,+9.910000E+37,+9.366836E+02,+3.584400E+04
12:06:04,0e0,+1.004327E+00,+1.000000E-05,+9.910000E+37,+9.369063E+02,+3.584400E+04,+1.005692E+00,+1.000000E-05,+9.910000E+37,+9.369736E+02,+3.584400E+04,+1.004691E+00,+1.000000E-05,+9.910000E+37,+9.370391E+02,+3.584400E+04,-1.196747E-02,+0.000000E+00,+9.910000E+37,+9.371055E+02,+3.584400E+04
12:06:04,0e0,+1.086238E+00,+1.116000E-05,+9.910000E+37,+9.373242E+02,+3.584400E+04,+1.086648E+00,+1.116000E-05,+9.910000E+37,+9.373916E+02,+3.584400E+04,+1.087785E+00,+1.116000E-05,+9.910000E+37,+9.374570E+02,+3.584400E+04,-1.205835E-02,+0.000000E+00,+9.910000E+37,+9.375244E+02,+3.584400E+04
12:06:04,0e0,+1.186086E+00,+1.245000E-05,+9.910000E+37,+9.377451E+02,+3.584400E+04,+1.187771E+00,+1.245000E-05,+9.910000E+37,+9.378115E+02,+3.584400E+04,+1.187863E+00,+1.245000E-05,+9.910000E+37,+9.378779E+02,+3.584400E+04,-1.265019E-02,+0.000000E+00,+9.910000E+37,+9.379492E+02,+3.584400E+04
12:06:04,0e0,+1.296089E+00,+1.389500E-05,+9.910000E+37,+9.381709E+02,+3.584400E+04,+1.295269E+00,+1.389500E-05,+9.910000E+37,+9.382373E+02,+3.584400E+04,+1.296455E+00,+1.389500E-05,+9.910000E+37,+9.383047E+02,+3.584400E+04,-1.365227E-02,+0.000000E+00,+9.910000E+37,+9.383740E+02,+3.584400E+04
12:06:04,0e0,+1.408504E+00,+1.550500E-05,+9.910000E+37,+9.385879E+02,+3.584400E+04,+1.409963E+00,+1.550500E-05,+9.910000E+37,+9.386543E+02,+3.584400E+04,+1.411237E+00,+1.550500E-05,+9.910000E+37,+9.387207E+02,+3.584400E+04,-1.433523E-02,+0.000000E+00,+9.910000E+37,+9.387871E+02,+3.584400E+04
12:06:04,0e0,+1.531438E+00,+1.730000E-05,+9.910000E+37,+9.389990E+02,+3.584400E+04,+1.530937E+00,+1.730000E-05,+9.910000E+37,+9.390645E+02,+3.584400E+04,+1.530616E+00,+1.730000E-05,+9.910000E+37,+9.391309E+02,+3.584400E+04,-1.328786E-02,+0.000000E+00,+9.910000E+37,+9.391982E+02,+3.584400E+04
12:06:04,0e0,+1.656737E+00,+1.930500E-05,+9.910000E+37,+9.394121E+02,+3.584400E+04,+1.658878E+00,+1.930500E-05,+9.910000E+37,+9.394795E+02,+3.584400E+04,+1.658741E+00,+1.930500E-05,+9.910000E+37,+9.395449E+02,+3.584400E+04,-1.310576E-02,+0.000000E+00,+9.910000E+37,+9.396113E+02,+3.584400E+04
12:06:04,0e0,+1.791415E+00,+2.154500E-05,+9.910000E+37,+9.398291E+02,+3.584400E+04,+1.792512E+00,+2.154500E-05,+9.910000E+37,+9.398965E+02,+3.584400E+04,+1.793147E+00,+2.154500E-05,+9.910000E+37,+9.399619E+02,+3.584400E+04,-1.255940E-02,+0.000000E+00,+9.910000E+37,+9.400283E+02,+3.584400E+04
12:06:04,0e0,+1.930969E+00,+2.404000E-05,+9.910000E+37,+9.402480E+02,+3.584400E+04,+1.932883E+00,+2.404000E-05,+9.910000E+37,+9.403154E+02,+3.584400E+04,+1.934022E+00,+2.404000E-05,+9.910000E+37,+9.403809E+02,+3.584400E+04,-1.278682E-02,+0.000000E+00,+9.910000E+37,+9.404473E+02,+3.584400E+04
12:06:04,0e0,+2.075577E+00,+2.682500E-05,+9.910000E+37,+9.406631E+02,+3.584400E+04,+2.077674E+00,+2.682500E-05,+9.910000E+37,+9.407285E+02,+3.584400E+04,+2.078171E+00,+2.682500E-05,+9.910000E+37,+9.407949E+02,+3.584400E+04,-1.315105E-02,+0.000000E+00,+9.910000E+37,+9.408633E+02,+3.584400E+04
12:06:04,0e0,+2.226376E+00,+2.993500E-05,+9.910000E+37,+9.410762E+02,+3.584400E+04,+2.228242E+00,+2.993500E-05,+9.910000E+37,+9.411416E+02,+3.584400E+04,+2.230155E+00,+2.993500E-05,+9.910000E+37,+9.412080E+02,+3.584400E+04,-1.287816E-02,+0.000000E+00,+9.910000E+37,+9.412734E+02,+3.584400E+04
12:06:04,0e0,+2.382318E+00,+3.340500E-05,+9.910000E+37,+9.414854E+02,+3.584400E+04,+2.384460E+00,+3.340500E-05,+9.910000E+37,+9.415527E+02,+3.584400E+04,+2.384594E+00,+3.340500E-05,+9.910000E+37,+9.416182E+02,+3.584400E+04,-1.283252E-02,+0.000000E+00,+9.910000E+37,+9.416846E+02,+3.584400E+04
12:06:04,0e0,+2.542634E+00,+3.727500E-05,+9.910000E+37,+9.419209E+02,+3.584400E+04,+2.544908E+00,+3.727500E-05,+9.910000E+37,+9.419873E+02,+3.584400E+04,+2.545910E+00,+3.727500E-05,+9.910000E+37,+9.420547E+02,+3.584400E+04,-1.419882E-02,+0.000000E+00,+9.910000E+37,+9.421201E+02,+3.584400E+04
12:06:04,0e0,+2.709415E+00,+4.159500E-05,+9.910000E+37,+9.423320E+02,+3.584400E+04,+2.711783E+00,+4.159500E-05,+9.910000E+37,+9.423984E+02,+3.584400E+04,+2.713646E+00,+4.159500E-05,+9.910000E+37,+9.424658E+02,+3.584400E+04,-1.269583E-02,+0.000000E+00,+9.910000E+37,+9.425312E+02,+3.584400E+04
12:06:04,0e0,+2.880062E+00,+4.641500E-05,+9.910000E+37,+9.427461E+02,+3.584400E+04,+2.883567E+00,+4.641500E-05,+9.910000E+37,+9.428125E+02,+3.584400E+04,+2.883793E+00,+4.641500E-05,+9.910000E+37,+9.428799E+02,+3.584400E+04,-1.287825E-02,+0.000000E+00,+9.910000E+37,+9.429453E+02,+3.584400E+04
12:06:04,0e0,+3.057996E+00,+5.179500E-05,+9.910000E+37,+9.431621E+02,+3.584400E+04,+3.060410E+00,+5.179500E-05,+9.910000E+37,+9.432275E+02,+3.584400E+04,+3.059816E+00,+5.179500E-05,+9.910000E+37,+9.432949E+02,+3.584400E+04,-1.310576E-02,+0.000000E+00,+9.910000E+37,+9.433604E+02,+3.584400E+04
12:06:04,0e0,+3.237205E+00,+5.779500E-05,+9.910000E+37,+9.435762E+02,+3.584400E+04,+3.241622E+00,+5.779500E-05,+9.910000E+37,+9.436416E+02,+3.584400E+04,+3.243716E+00,+5.779500E-05,+9.910000E+37,+9.437080E+02,+3.584400E+04,-1.315145E-02,+0.000000E+00,+9.910000E+37,+9.437793E+02,+3.584400E+04
12:06:04,0e0,+3.426481E+00,+6.449500E-05,+9.910000E+37,+9.440029E+02,+3.584400E+04,+3.428481E+00,+6.449500E-05,+9.910000E+37,+9.440703E+02,+3.584400E+04,+3.430304E+00,+6.449500E-05,+9.910000E+37,+9.441357E+02,+3.584400E+04,-1.319686E-02,+0.000000E+00,+9.910000E+37,+9.442041E+02,+3.584400E+04
12:06:04,0e0,+3.616842E+00,+7.197000E-05,+9.910000E+37,+9.444336E+02,+3.584400E+04,+3.620892E+00,+7.197000E-05,+9.910000E+37,+9.445010E+02,+3.584400E+04,+3.622625E+00,+7.197000E-05,+9.910000E+37,+9.445664E+02,+3.584400E+04,-1.301479E-02,+0.000000E+00,+9.910000E+37,+9.446328E+02,+3.584400E+04
12:06:04,0e0,+3.813397E+00,+8.031000E-05,+9.910000E+37,+9.448564E+02,+3.584400E+04,+3.819957E+00,+8.031000E-05,+9.910000E+37,+9.449229E+02,+3.584400E+04,+3.819499E+00,+8.031000E-05,+9.910000E+37,+9.449902E+02,+3.584400E+04,-1.228620E-02,+0.000000E+00,+9.910000E+37,+9.450557E+02,+3.584400E+04
12:06:04,0e0,+4.017693E+00,+8.961500E-05,+9.910000E+37,+9.452725E+02,+3.584400E+04,+4.021193E+00,+8.961500E-05,+9.910000E+37,+9.453398E+02,+3.584400E+04,+4.023613E+00,+8.961500E-05,+9.910000E+37,+9.454053E+02,+3.584400E+04,-1.319677E-02,+0.000000E+00,+9.910000E+37,+9.454736E+02,+3.584400E+04
12:06:04,0e0,+4.225406E+00,+1.000000E-04,+9.910000E+37,+9.457178E+02,+3.584400E+04,+4.230007E+00,+1.000000E-04,+9.910000E+37,+9.457842E+02,+3.584400E+04,+4.232374E+00,+1.000000E-04,+9.910000E+37,+9.458516E+02,+3.584400E+04,-1.246810E-02,+0.000000E+00,+9.910000E+37,+9.459189E+02,+3.584400E+04
12:06:04,0e0,+4.427197E+00,+1.116000E-04,+9.910000E+37,+9.461377E+02,+3.584400E+04,+4.431115E+00,+1.116000E-04,+9.910000E+37,+9.462051E+02,+3.584400E+04,+4.432935E+00,+1.116000E-04,+9.910000E+37,+9.462705E+02,+3.584400E+04,-1.893377E-02,+0.000000E+00,+9.910000E+37,+9.463379E+02,+3.584400E+04
12:06:04,0e0,+4.643060E+00,+1.245000E-04,+9.910000E+37,+9.465586E+02,+3.584400E+04,+4.646103E+00,+1.245000E-04,+9.910000E+37,+9.466260E+02,+3.584400E+04,+4.649616E+00,+1.245000E-04,+9.910000E+37,+9.466914E+02,+3.584400E+04,-1.952547E-02,+0.000000E+00,+9.910000E+37,+9.467588E+02,+3.584400E+04
12:06:04,0e0,+4.863703E+00,+1.389500E-04,+9.910000E+37,+9.469805E+02,+3.584400E+04,+4.868986E+00,+1.389500E-04,+9.910000E+37,+9.470479E+02,+3.584400E+04,+4.868928E+00,+1.389500E-04,+9.910000E+37,+9.471133E+02,+3.584400E+04,-1.907012E-02,+0.000000E+00,+9.910000E+37,+9.471797E+02,+3.584400E+04
12:06:04,0e0,+5.087346E+00,+1.550500E-04,+9.910000E+37,+9.474102E+02,+3.584400E+04,+5.093954E+00,+1.550500E-04,+9.910000E+37,+9.474775E+02,+3.584400E+04,+5.095691E+00,+1.550500E-04,+9.910000E+37,+9.475439E+02,+3.584400E+04,-1.943471E-02,+0.000000E+00,+9.910000E+37,+9.476104E+02,+3.584400E+04
12:06:04,0e0,+5.314232E+00,+1.730000E-04,+9.910000E+37,+9.478311E+02,+3.584400E+04,+5.319875E+00,+1.730000E-04,+9.910000E+37,+9.478984E+02,+3.584400E+04,+5.321060E+00,+1.730000E-04,+9.910000E+37,+9.479639E+02,+3.584400E+04,-1.961675E-02,+0.000000E+00,+9.910000E+37,+9.480313E+02,+3.584400E+04
12:06:04,0e0,+5.542111E+00,+1.930500E-04,+9.910000E+37,+9.482598E+02,+3.584400E+04,+5.546613E+00,+1.930500E-04,+9.910000E+37,+9.483271E+02,+3.584400E+04,+5.548676E+00,+1.930500E-04,+9.910000E+37,+9.483926E+02,+3.584400E+04,-1.938878E-02,+0.000000E+00,+9.910000E+37,+9.484600E+02,+3.584400E+04
12:06:04,0e0,+5.768079E+00,+2.154500E-04,+9.910000E+37,+9.486865E+02,+3.584400E+04,+5.774637E+00,+2.154500E-04,+9.910000E+37,+9.487520E+02,+3.584400E+04,+5.776788E+00,+2.154500E-04,+9.910000E+37,+9.488184E+02,+3.584400E+04,-2.034533E-02,+0.000000E+00,+9.910000E+37,+9.488838E+02,+3.584400E+04
12:06:04,0e0,+5.989541E+00,+2.404000E-04,+9.910000E+37,+9.491094E+02,+3.584400E+04,+5.998341E+00,+2.404000E-04,+9.910000E+37,+9.491758E+02,+3.584400E+04,+5.999153E+00,+2.404000E-04,+9.910000E+37,+9.492432E+02,+3.584400E+04,-1.943465E-02,+0.000000E+00,+9.910000E+37,+9.493086E+02,+3.584400E+04
12:06:04,0e0,+6.206683E+00,+2.682500E-04,+9.910000E+37,+9.495342E+02,+3.584400E+04,+6.214602E+00,+2.682500E-04,+9.910000E+37,+9.496016E+02,+3.584400E+04,+6.215147E+00,+2.682500E-04,+9.910000E+37,+9.496670E+02,+3.584400E+04,-1.975310E-02,+0.000000E+00,+9.910000E+37,+9.497344E+02,+3.584400E+04
12:06:04,0e0,+6.413436E+00,+2.993500E-04,+9.910000E+37,+9.499551E+02,+3.584400E+04,+6.419898E+00,+2.993500E-04,+9.910000E+37,+9.500215E+02,+3.584400E+04,+6.421366E+00,+2.993500E-04,+9.910000E+37,+9.500889E+02,+3.584400E+04,-1.920664E-02,+0.000000E+00,+9.910000E+37,+9.501543E+02,+3.584400E+04
12:06:04,0e0,+6.604676E+00,+3.340500E-04,+9.910000E+37,+9.503809E+02,+3.584400E+04,+6.610315E+00,+3.340500E-04,+9.910000E+37,+9.504482E+02,+3.584400E+04,+6.610081E+00,+3.340500E-04,+9.910000E+37,+9.505137E+02,+3.584400E+04,-1.961687E-02,+0.000000E+00,+9.910000E+37,+9.505811E+02,+3.584400E+04
12:06:04,0e0,+6.779773E+00,+3.727500E-04,+9.910000E+37,+9.508008E+02,+3.584400E+04,+6.784973E+00,+3.727500E-04,+9.910000E+37,+9.508662E+02,+3.584400E+04,+6.782965E+00,+3.727500E-04,+9.910000E+37,+9.509326E+02,+3.584400E+04,-1.770411E-02,+0.000000E+00,+9.910000E+37,+9.510000E+02,+3.584400E+04
12:06:04,0e0,+6.940227E+00,+4.159500E-04,+9.910000E+37,+9.512256E+02,+3.584400E+04,+6.945539E+00,+4.159500E-04,+9.910000E+37,+9.512920E+02,+3.584400E+04,+6.944003E+00,+4.159500E-04,+9.910000E+37,+9.513584E+02,+3.584400E+04,-1.943462E-02,+0.000000E+00,+9.910000E+37,+9.514258E+02,+3.584400E+04
12:06:04,0e0,+7.090658E+00,+4.641500E-04,+9.910000E+37,+9.516514E+02,+3.584400E+04,+7.096132E+00,+4.641500E-04,+9.910000E+37,+9.517188E+02,+3.584400E+04,+7.093800E+00,+4.641500E-04,+9.910000E+37,+9.517842E+02,+3.584400E+04,-1.893389E-02,+0.000000E+00,+9.910000E+37,+9.518516E+02,+3.584400E+04
12:06:04,0e0,+7.232517E+00,+5.179500E-04,+9.910000E+37,+9.520781E+02,+3.584400E+04,+7.238600E+00,+5.179500E-04,+9.910000E+37,+9.521436E+02,+3.584400E+04,+7.236641E+00,+5.179500E-04,+9.910000E+37,+9.522100E+02,+3.584400E+04,-1.938909E-02,+0.000000E+00,+9.910000E+37,+9.522754E+02,+3.584400E+04
12:06:04,0e0,+7.369955E+00,+5.779500E-04,+9.910000E+37,+9.525000E+02,+3.584400E+04,+7.374678E+00,+5.779500E-04,+9.910000E+37,+9.525674E+02,+3.584400E+04,+7.372446E+00,+5.779500E-04,+9.910000E+37,+9.526348E+02,+3.584400E+04,-1.966237E-02,+0.000000E+00,+9.910000E+37,+9.527002E+02,+3.584400E+04
12:06:04,0e0,+7.501747E+00,+6.449500E-04,+9.910000E+37,+9.529209E+02,+3.584400E+04,+7.506080E+00,+6.449500E-04,+9.910000E+37,+9.529883E+02,+3.584400E+04,+7.504641E+00,+6.449500E-04,+9.910000E+37,+9.530537E+02,+3.584400E+04,-1.989016E-02,+0.000000E+00,+9.910000E+37,+9.531201E+02,+3.584400E+04
12:06:04,0e0,+7.630740E+00,+7.197000E-04,+9.910000E+37,+9.533467E+02,+3.584400E+04,+7.634346E+00,+7.197000E-04,+9.910000E+37,+9.534121E+02,+3.584400E+04,+7.631063E+00,+7.197000E-04,+9.910000E+37,+9.534795E+02,+3.584400E+04,-2.034551E-02,+0.000000E+00,+9.910000E+37,+9.535449E+02,+3.584400E+04
12:06:04,0e0,+7.754270E+00,+8.031000E-04,+9.910000E+37,+9.537734E+02,+3.584400E+04,+7.758779E+00,+8.031000E-04,+9.910000E+37,+9.538389E+02,+3.584400E+04,+7.756881E+00,+8.031000E-04,+9.910000E+37,+9.539063E+02,+3.584400E+04,-1.957133E-02,+0.000000E+00,+9.910000E+37,+9.539717E+02,+3.584400E+04
12:06:04,0e0,+7.878797E+00,+8.961500E-04,+9.910000E+37,+9.541992E+02,+3.584400E+04,+7.881399E+00,+8.961500E-04,+9.910000E+37,+9.542666E+02,+3.584400E+04,+7.880020E+00,+8.961500E-04,+9.910000E+37,+9.543320E+02,+3.584400E+04,-1.866066E-02,+0.000000E+00,+9.910000E+37,+9.543984E+02,+3.584400E+04
12:06:04,0e0,+8.001328E+00,+1.000000E-03,+9.910000E+37,+9.546201E+02,+3.584400E+04,+8.006648E+00,+1.000000E-03,+9.910000E+37,+9.546855E+02,+3.584400E+04,+8.004518E+00,+1.000000E-03,+9.910000E+37,+9.547529E+02,+3.584400E+04,-1.893389E-02,+0.000000E+00,+9.910000E+37,+9.548193E+02,+3.584400E+04
12:06:04,0e0,+8.113415E+00,+1.116000E-03,+9.910000E+37,+9.550420E+02,+3.584400E+04,+8.118427E+00,+1.116000E-03,+9.910000E+37,+9.551084E+02,+3.584400E+04,+8.115343E+00,+1.116000E-03,+9.910000E+37,+9.551748E+02,+3.584400E+04,-1.382704E-01,+0.000000E+00,+9.910000E+37,+9.552422E+02,+3.584400E+04
12:06:04,0e0,+8.238687E+00,+1.245000E-03,+9.910000E+37,+9.554609E+02,+3.584400E+04,+8.242723E+00,+1.245000E-03,+9.910000E+37,+9.555273E+02,+3.584400E+04,+8.240643E+00,+1.245000E-03,+9.910000E+37,+9.555938E+02,+3.584400E+04,-1.388620E-01,+0.000000E+00,+9.910000E+37,+9.556592E+02,+3.584400E+04
12:06:04,0e0,+8.363839E+00,+1.389500E-03,+9.910000E+37,+9.558848E+02,+3.584400E+04,+8.366583E+00,+1.389500E-03,+9.910000E+37,+9.559512E+02,+3.584400E+04,+8.365022E+00,+1.389500E-03,+9.910000E+37,+9.560176E+02,+3.584400E+04,-1.344001E-01,+0.000000E+00,+9.910000E+37,+9.560850E+02,+3.584400E+04
12:06:04,0e0,+8.488589E+00,+1.550500E-03,+9.910000E+37,+9.563096E+02,+3.584400E+04,+8.492883E+00,+1.550500E-03,+9.910000E+37,+9.563770E+02,+3.584400E+04,+8.488494E+00,+1.550500E-03,+9.910000E+37,+9.564443E+02,+3.584400E+04,-1.340813E-01,+0.000000E+00,+9.910000E+37,+9.565098E+02,+3.584400E+04
12:06:04,0e0,+8.617483E+00,+1.730000E-03,+9.910000E+37,+9.567344E+02,+3.584400E+04,+8.618854E+00,+1.730000E-03,+9.910000E+37,+9.568008E+02,+3.584400E+04,+8.617307E+00,+1.730000E-03,+9.910000E+37,+9.568672E+02,+3.584400E+04,-1.373139E-01,+0.000000E+00,+9.910000E+37,+9.569336E+02,+3.584400E+04
12:06:04,0e0,+8.749075E+00,+1.930500E-03,+9.910000E+37,+9.571582E+02,+3.584400E+04,+8.752119E+00,+1.930500E-03,+9.910000E+37,+9.572246E+02,+3.584400E+04,+8.748069E+00,+1.930500E-03,+9.910000E+37,+9.572920E+02,+3.584400E+04,-1.327155E-01,+0.000000E+00,+9.910000E+37,+9.573584E+02,+3.584400E+04
12:06:04,0e0,+8.888986E+00,+2.154500E-03,+9.910000E+37,+9.575781E+02,+3.584400E+04,+8.890400E+00,+2.154500E-03,+9.910000E+37,+9.576445E+02,+3.584400E+04,+8.887612E+00,+2.154500E-03,+9.910000E+37,+9.577109E+02,+3.584400E+04,-1.312585E-01,+0.000000E+00,+9.910000E+37,+9.577773E+02,+3.584400E+04
12:06:04,0e0,+9.033679E+00,+2.404000E-03,+9.910000E+37,+9.580020E+02,+3.584400E+04,+9.034829E+00,+2.404000E-03,+9.910000E+37,+9.580684E+02,+3.584400E+04,+9.033042E+00,+2.404000E-03,+9.910000E+37,+9.581348E+02,+3.584400E+04,-1.337172E-01,+0.000000E+00,+9.910000E+37,+9.582012E+02,+3.584400E+04
12:06:04,0e0,+9.186171E+00,+2.682500E-03,+9.910000E+37,+9.584258E+02,+3.584400E+04,+9.188301E+00,+2.682500E-03,+9.910000E+37,+9.584922E+02,+3.584400E+04,+9.185122E+00,+2.682500E-03,+9.910000E+37,+9.585596E+02,+3.584400E+04,-1.303936E-01,+0.000000E+00,+9.910000E+37,+9.586250E+02,+3.584400E+04
12:06:04,0e0,+9.346746E+00,+2.993500E-03,+9.910000E+37,+9.588516E+02,+3.584400E+04,+9.347158E+00,+2.993500E-03,+9.910000E+37,+9.589189E+02,+3.584400E+04,+9.343435E+00,+2.993500E-03,+9.910000E+37,+9.589854E+02,+3.584400E+04,-1.286633E-01,+0.000000E+00,+9.910000E+37,+9.590527E+02,+3.584400E+04
12:06:04,0e0,+9.514035E+00,+3.340500E-03,+9.910000E+37,+9.592754E+02,+3.584400E+04,+9.512073E+00,+3.340500E-03,+9.910000E+37,+9.593418E+02,+3.584400E+04,+9.509523E+00,+3.340500E-03,+9.910000E+37,+9.594082E+02,+3.584400E+04,-1.274338E-01,+0.000000E+00,+9.910000E+37,+9.594756E+02,+3.584400E+04
12:06:04,0e0,+9.688142E+00,+3.727500E-03,+9.910000E+37,+9.597021E+02,+3.584400E+04,+9.686975E+00,+3.727500E-03,+9.910000E+37,+9.597686E+02,+3.584400E+04,+9.682767E+00,+3.727500E-03,+9.910000E+37,+9.598359E+02,+3.584400E+04,-1.250207E-01,+0.000000E+00,+9.910000E+37,+9.599023E+02,+3.584400E+04
12:06:04,0e0,+9.866211E+00,+4.159500E-03,+9.910000E+37,+9.601250E+02,+3.584400E+04,+9.863907E+00,+4.159500E-03,+9.910000E+37,+9.601914E+02,+3.584400E+04,+9.858741E+00,+4.159500E-03,+9.910000E+37,+9.602578E+02,+3.584400E+04,-1.267509E-01,+0.000000E+00,+9.910000E+37,+9.603242E+02,+3.584400E+04
12:06:04,0e0,+1.005006E+01,+4.641500E-03,+9.910000E+37,+9.605479E+02,+3.584400E+04,+1.004496E+01,+4.641500E-03,+9.910000E+37,+9.606133E+02,+3.584400E+04,+1.003906E+01,+4.641500E-03,+9.910000E+37,+9.606797E+02,+3.584400E+04,-1.206952E-01,+0.000000E+00,+9.910000E+37,+9.607471E+02,+3.584400E+04
12:06:04,0e0,+1.023806E+01,+5.179500E-03,+9.910000E+37,+9.609707E+02,+3.584400E+04,+1.023106E+01,+5.179500E-03,+9.910000E+37,+9.610361E+02,+3.584400E+04,+1.022452E+01,+5.179500E-03,+9.910000E+37,+9.611025E+02,+3.584400E+04,-1.187375E-01,+0.000000E+00,+9.910000E+37,+9.611699E+02,+3.584400E+04
12:06:04,0e0,+1.042464E+01,+5.779500E-03,+9.910000E+37,+9.613945E+02,+3.584400E+04,+1.041669E+01,+5.779500E-03,+9.910000E+37,+9.614609E+02,+3.584400E+04,+1.040734E+01,+5.779500E-03,+9.910000E+37,+9.615273E+02,+3.584400E+04,-1.194205E-01,+0.000000E+00,+9.910000E+37,+9.615938E+02,+3.584400E+04
12:06:04,0e0,+1.061506E+01,+6.449500E-03,+9.910000E+37,+9.618262E+02,+3.584400E+04,+1.060404E+01,+6.449500E-03,+9.910000E+37,+9.618936E+02,+3.584400E+04,+1.059183E+01,+6.449500E-03,+9.910000E+37,+9.619590E+02,+3.584400E+04,-1.112704E-01,+0.000000E+00,+9.910000E+37,+9.620254E+02,+3.584400E+04
12:06:04,0e0,+1.080879E+01,+7.197000E-03,+9.910000E+37,+9.622490E+02,+3.584400E+04,+1.079592E+01,+7.197000E-03,+9.910000E+37,+9.623154E+02,+3.584400E+04,+1.078242E+01,+7.197000E-03,+9.910000E+37,+9.623818E+02,+3.584400E+04,-1.122722E-01,+0.000000E+00,+9.910000E+37,+9.624492E+02,+3.584400E+04
12:06:04,0e0,+1.101163E+01,+8.031000E-03,+9.910000E+37,+9.626699E+02,+3.584400E+04,+1.099382E+01,+8.031000E-03,+9.910000E+37,+9.627363E+02,+3.584400E+04,+1.097863E+01,+8.031000E-03,+9.910000E+37,+9.628037E+02,+3.584400E+04,-1.075823E-01,+0.000000E+00,+9.910000E+37,+9.628691E+02,+3.584400E+04
12:06:04,0e0,+1.121780E+01,+8.961500E-03,+9.910000E+37,+9.630898E+02,+3.584400E+04,+1.119709E+01,+8.961500E-03,+9.910000E+37,+9.631572E+02,+3.584400E+04,+1.118078E+01,+8.961500E-03,+9.910000E+37,+9.632227E+02,+3.584400E+04,-1.041221E-01,+0.000000E+00,+9.910000E+37,+9.632891E+02,+3.584400E+04
