12:37:23,0e0,-1.042529E+01,+1.000000E-07,+9.910000E+37,+1.092119E+02,+3.584400E+04,+1.372945E-02,+1.000000E-07,+9.910000E+37,+1.092793E+02,+3.584400E+04,+1.172563E-02,+1.000000E-07,+9.910000E+37,+1.093457E+02,+3.584400E+04,-6.572786E-02,+0.000000E+00,+9.910000E+37,+1.094131E+02,+3.584400E+04
12:37:23,0e0,-1.049849E+01,+1.116000E-07,+9.910000E+37,+1.096387E+02,+3.584400E+04,+1.637046E-02,+1.116000E-07,+9.910000E+37,+1.097051E+02,+3.584400E+04,+1.637056E-02,+1.116000E-07,+9.910000E+37,+1.097725E+02,+3.584400E+04,-6.572784E-02,+0.000000E+00,+9.910000E+37,+1.098379E+02,+3.584400E+04
12:37:23,0e0,-7.835947E+00,+1.245000E-07,+9.910000E+37,+1.100645E+02,+3.584400E+04,+1.837367E-02,+1.245000E-07,+9.910000E+37,+1.101318E+02,+3.584400E+04,+1.978585E-02,+1.245000E-07,+9.910000E+37,+1.101973E+02,+3.584400E+04,-6.695731E-02,+0.000000E+00,+9.910000E+37,+1.102646E+02,+3.584400E+04
12:37:23,0e0,-7.107841E+00,+1.389500E-07,+9.910000E+37,+1.104893E+02,+3.584400E+04,+2.329168E-02,+1.389500E-07,+9.910000E+37,+1.105566E+02,+3.584400E+04,+2.238074E-02,+1.389500E-07,+9.910000E+37,+1.106221E+02,+3.584400E+04,-6.522691E-02,+0.000000E+00,+9.910000E+37,+1.106895E+02,+3.584400E+04
12:37:23,0e0,-4.098886E+00,+1.550500E-07,+9.910000E+37,+1.109111E+02,+3.584400E+04,+2.588677E-02,+1.550500E-07,+9.910000E+37,+1.109775E+02,+3.584400E+04,+2.620575E-02,+1.550500E-07,+9.910000E+37,+1.110439E+02,+3.584400E+04,-6.727608E-02,+0.000000E+00,+9.910000E+37,+1.111113E+02,+3.584400E+04
12:37:23,0e0,-2.901720E+00,+1.730000E-07,+9.910000E+37,+1.113359E+02,+3.584400E+04,+2.957532E-02,+1.730000E-07,+9.910000E+37,+1.114033E+02,+3.584400E+04,+3.089568E-02,+1.730000E-07,+9.910000E+37,+1.114707E+02,+3.584400E+04,-6.909744E-02,+0.000000E+00,+9.910000E+37,+1.115361E+02,+3.584400E+04
12:37:23,0e0,-1.876725E+00,+1.930500E-07,+9.910000E+37,+1.117627E+02,+3.584400E+04,+3.289920E-02,+1.930500E-07,+9.910000E+37,+1.118301E+02,+3.584400E+04,+3.380978E-02,+1.930500E-07,+9.910000E+37,+1.118965E+02,+3.584400E+04,-6.782253E-02,+0.000000E+00,+9.910000E+37,+1.119629E+02,+3.584400E+04
12:37:23,0e0,-7.832904E-01,+2.154500E-07,+9.910000E+37,+1.121904E+02,+3.584400E+04,+3.663310E-02,+2.154500E-07,+9.910000E+37,+1.122568E+02,+3.584400E+04,+3.849995E-02,+2.154500E-07,+9.910000E+37,+1.123242E+02,+3.584400E+04,-6.217608E-02,+0.000000E+00,+9.910000E+37,+1.123916E+02,+3.584400E+04
12:37:23,0e0,+1.304635E-02,+2.404000E-07,+9.910000E+37,+1.126182E+02,+3.584400E+04,+4.077667E-02,+2.404000E-07,+9.910000E+37,+1.126855E+02,+3.584400E+04,+4.086813E-02,+2.404000E-07,+9.910000E+37,+1.127520E+02,+3.584400E+04,-6.586455E-02,+0.000000E+00,+9.910000E+37,+1.128184E+02,+3.584400E+04
12:37:23,0e0,+4.400951E-02,+2.682500E-07,+9.910000E+37,+1.130420E+02,+3.584400E+04,+4.400945E-02,+2.682500E-07,+9.910000E+37,+1.131074E+02,+3.584400E+04,+4.323530E-02,+2.682500E-07,+9.910000E+37,+1.131738E+02,+3.584400E+04,-6.932512E-02,+0.000000E+00,+9.910000E+37,+1.132402E+02,+3.584400E+04
12:37:23,0e0,+4.747009E-02,+2.993500E-07,+9.910000E+37,+1.134668E+02,+3.584400E+04,+4.746988E-02,+2.993500E-07,+9.910000E+37,+1.135332E+02,+3.584400E+04,+4.851738E-02,+2.993500E-07,+9.910000E+37,+1.135996E+02,+3.584400E+04,-8.075406E-02,+0.000000E+00,+9.910000E+37,+1.136670E+02,+3.584400E+04
12:37:23,0e0,+5.329874E-02,+3.340500E-07,+9.910000E+37,+1.138906E+02,+3.584400E+04,+5.147710E-02,+3.340500E-07,+9.910000E+37,+1.139580E+02,+3.584400E+04,+5.156821E-02,+3.340500E-07,+9.910000E+37,+1.140244E+02,+3.584400E+04,-1.243760E-01,+0.000000E+00,+9.910000E+37,+1.140908E+02,+3.584400E+04
12:37:23,0e0,+5.452767E-02,+3.727500E-07,+9.910000E+37,+1.143174E+02,+3.584400E+04,+5.603045E-02,+3.727500E-07,+9.910000E+37,+1.143838E+02,+3.584400E+04,+5.616730E-02,+3.727500E-07,+9.910000E+37,+1.144502E+02,+3.584400E+04,-2.042885E-01,+0.000000E+00,+9.910000E+37,+1.145176E+02,+3.584400E+04
12:37:23,0e0,+6.021965E-02,+4.159500E-07,+9.910000E+37,+1.147412E+02,+3.584400E+04,+5.990112E-02,+4.159500E-07,+9.910000E+37,+1.148086E+02,+3.584400E+04,+6.049272E-02,+4.159500E-07,+9.910000E+37,+1.148750E+02,+3.584400E+04,-5.926268E-01,+0.000000E+00,+9.910000E+37,+1.149424E+02,+3.584400E+04
12:37:23,0e0,+6.295136E-02,+4.641500E-07,+9.910000E+37,+1.151709E+02,+3.584400E+04,+6.358901E-02,+4.641500E-07,+9.910000E+37,+1.152363E+02,+3.584400E+04,+6.290665E-02,+4.641500E-07,+9.910000E+37,+1.153027E+02,+3.584400E+04,-1.018580E+00,+0.000000E+00,+9.910000E+37,+1.153701E+02,+3.584400E+04
12:37:23,0e0,+6.736836E-02,+5.179500E-07,+9.910000E+37,+1.155947E+02,+3.584400E+04,+6.818813E-02,+5.179500E-07,+9.910000E+37,+1.156602E+02,+3.584400E+04,+6.755066E-02,+5.179500E-07,+9.910000E+37,+1.157266E+02,+3.584400E+04,-1.983599E+00,+0.000000E+00,+9.910000E+37,+1.157930E+02,+3.584400E+04
12:37:23,0e0,+7.287869E-02,+5.779500E-07,+9.910000E+37,+1.160215E+02,+3.584400E+04,+7.128441E-02,+5.779500E-07,+9.910000E+37,+1.160879E+02,+3.584400E+04,+7.114783E-02,+5.779500E-07,+9.910000E+37,+1.161543E+02,+3.584400E+04,-3.072848E+00,+0.000000E+00,+9.910000E+37,+1.162207E+02,+3.584400E+04
12:37:23,0e0,+7.806924E-02,+6.449500E-07,+9.910000E+37,+1.164443E+02,+3.584400E+04,+7.688546E-02,+6.449500E-07,+9.910000E+37,+1.165098E+02,+3.584400E+04,+7.611108E-02,+6.449500E-07,+9.910000E+37,+1.165762E+02,+3.584400E+04,-4.777206E+00,+0.000000E+00,+9.910000E+37,+1.166426E+02,+3.584400E+04
12:37:23,0e0,+8.048198E-02,+7.197000E-07,+9.910000E+37,+1.168682E+02,+3.584400E+04,+8.203027E-02,+7.197000E-07,+9.910000E+37,+1.169355E+02,+3.584400E+04,+8.143857E-02,+7.197000E-07,+9.910000E+37,+1.170010E+02,+3.584400E+04,-6.575635E+00,+0.000000E+00,+9.910000E+37,+1.170674E+02,+3.584400E+04
12:37:23,0e0,+8.540043E-02,+8.031000E-07,+9.910000E+37,+1.172930E+02,+3.584400E+04,+8.635610E-02,+8.031000E-07,+9.910000E+37,+1.173604E+02,+3.584400E+04,+8.599177E-02,+8.031000E-07,+9.910000E+37,+1.174258E+02,+3.584400E+04,-9.100493E+00,+0.000000E+00,+9.910000E+37,+1.174922E+02,+3.584400E+04
12:37:23,0e0,+8.999881E-02,+8.961500E-07,+9.910000E+37,+1.177178E+02,+3.584400E+04,+9.027207E-02,+8.961500E-07,+9.910000E+37,+1.177842E+02,+3.584400E+04,+9.113732E-02,+8.961500E-07,+9.910000E+37,+1.178516E+02,+3.584400E+04,-1.148873E+01,+0.000000E+00,+9.910000E+37,+1.179170E+02,+3.584400E+04
12:37:23,0e0,+9.673795E-02,+1.000000E-06,+9.910000E+37,+1.181396E+02,+3.584400E+04,+9.450674E-02,+1.000000E-06,+9.910000E+37,+1.182070E+02,+3.584400E+04,+9.546301E-02,+1.000000E-06,+9.910000E+37,+1.182725E+02,+3.584400E+04,-1.416736E+01,+0.000000E+00,+9.910000E+37,+1.183389E+02,+3.584400E+04
12:37:23,0e0,+8.972564E-02,+1.116000E-06,+9.910000E+37,+1.185645E+02,+3.584400E+04,+8.963528E-02,+1.116000E-06,+9.910000E+37,+1.186318E+02,+3.584400E+04,+8.931586E-02,+1.116000E-06,+9.910000E+37,+1.186973E+02,+3.584400E+04,-6.254068E-02,+0.000000E+00,+9.910000E+37,+1.187637E+02,+3.584400E+04
12:37:23,0e0,+9.195668E-02,+1.245000E-06,+9.910000E+37,+1.189893E+02,+3.584400E+04,+9.364161E-02,+1.245000E-06,+9.910000E+37,+1.190557E+02,+3.584400E+04,+9.423366E-02,+1.245000E-06,+9.910000E+37,+1.191221E+02,+3.584400E+04,-6.081036E-02,+0.000000E+00,+9.910000E+37,+1.191895E+02,+3.584400E+04
12:37:23,0e0,+9.764847E-02,+1.389500E-06,+9.910000E+37,+1.194111E+02,+3.584400E+04,+9.878707E-02,+1.389500E-06,+9.910000E+37,+1.194766E+02,+3.584400E+04,+9.710205E-02,+1.389500E-06,+9.910000E+37,+1.195430E+02,+3.584400E+04,-6.258593E-02,+0.000000E+00,+9.910000E+37,+1.196104E+02,+3.584400E+04
12:37:23,0e0,+1.007901E-01,+1.550500E-06,+9.910000E+37,+1.198350E+02,+3.584400E+04,+1.020198E-01,+1.550500E-06,+9.910000E+37,+1.199014E+02,+3.584400E+04,+1.021108E-01,+1.550500E-06,+9.910000E+37,+1.199688E+02,+3.584400E+04,-6.149343E-02,+0.000000E+00,+9.910000E+37,+1.200352E+02,+3.584400E+04
12:37:23,0e0,+1.070739E-01,+1.730000E-06,+9.910000E+37,+1.202559E+02,+3.584400E+04,+1.066643E-01,+1.730000E-06,+9.910000E+37,+1.203223E+02,+3.584400E+04,+1.054803E-01,+1.730000E-06,+9.910000E+37,+1.203896E+02,+3.584400E+04,-6.190306E-02,+0.000000E+00,+9.910000E+37,+1.204551E+02,+3.584400E+04
12:37:23,0e0,+1.091688E-01,+1.930500E-06,+9.910000E+37,+1.206787E+02,+3.584400E+04,+1.104889E-01,+1.930500E-06,+9.910000E+37,+1.207441E+02,+3.584400E+04,+1.107623E-01,+1.930500E-06,+9.910000E+37,+1.208115E+02,+3.584400E+04,-6.431670E-02,+0.000000E+00,+9.910000E+37,+1.208770E+02,+3.584400E+04
12:37:23,0e0,+1.145417E-01,+2.154500E-06,+9.910000E+37,+1.210996E+02,+3.584400E+04,+1.153614E-01,+2.154500E-06,+9.910000E+37,+1.211660E+02,+3.584400E+04,+1.144501E-01,+2.154500E-06,+9.910000E+37,+1.212334E+02,+3.584400E+04,-6.322362E-02,+0.000000E+00,+9.910000E+37,+1.212998E+02,+3.584400E+04
12:37:23,0e0,+1.183665E-01,+2.404000E-06,+9.910000E+37,+1.215264E+02,+3.584400E+04,+1.197782E-01,+2.404000E-06,+9.910000E+37,+1.215928E+02,+3.584400E+04,+1.200968E-01,+2.404000E-06,+9.910000E+37,+1.216602E+02,+3.584400E+04,-6.131129E-02,+0.000000E+00,+9.910000E+37,+1.217266E+02,+3.584400E+04
12:37:23,0e0,+1.236027E-01,+2.682500E-06,+9.910000E+37,+1.219492E+02,+3.584400E+04,+1.241956E-01,+2.682500E-06,+9.910000E+37,+1.220166E+02,+3.584400E+04,+1.231931E-01,+2.682500E-06,+9.910000E+37,+1.220830E+02,+3.584400E+04,-7.916074E-02,+0.000000E+00,+9.910000E+37,+1.221494E+02,+3.584400E+04
12:37:23,0e0,+1.290672E-01,+2.993500E-06,+9.910000E+37,+1.223730E+02,+3.584400E+04,+1.286567E-01,+2.993500E-06,+9.910000E+37,+1.224404E+02,+3.584400E+04,+1.289305E-01,+2.993500E-06,+9.910000E+37,+1.225059E+02,+3.584400E+04,-6.199436E-02,+0.000000E+00,+9.910000E+37,+1.225732E+02,+3.584400E+04
12:37:23,0e0,+1.341214E-01,+3.340500E-06,+9.910000E+37,+1.227939E+02,+3.584400E+04,+1.331650E-01,+3.340500E-06,+9.910000E+37,+1.228604E+02,+3.584400E+04,+1.328465E-01,+3.340500E-06,+9.910000E+37,+1.229268E+02,+3.584400E+04,-7.875097E-02,+0.000000E+00,+9.910000E+37,+1.229932E+02,+3.584400E+04
12:37:23,0e0,+1.382195E-01,+3.727500E-06,+9.910000E+37,+1.232158E+02,+3.584400E+04,+1.384924E-01,+3.727500E-06,+9.910000E+37,+1.232813E+02,+3.584400E+04,+1.390391E-01,+3.727500E-06,+9.910000E+37,+1.233486E+02,+3.584400E+04,-2.256443E-01,+0.000000E+00,+9.910000E+37,+1.234160E+02,+3.584400E+04
12:37:23,0e0,+1.429092E-01,+4.159500E-06,+9.910000E+37,+1.236426E+02,+3.584400E+04,+1.435477E-01,+4.159500E-06,+9.910000E+37,+1.237090E+02,+3.584400E+04,+1.447307E-01,+4.159500E-06,+9.910000E+37,+1.237764E+02,+3.584400E+04,-4.347498E-01,+0.000000E+00,+9.910000E+37,+1.238428E+02,+3.584400E+04
12:37:23,0e0,+1.485556E-01,+4.641500E-06,+9.910000E+37,+1.240684E+02,+3.584400E+04,+1.499671E-01,+4.641500E-06,+9.910000E+37,+1.241348E+02,+3.584400E+04,+1.485102E-01,+4.641500E-06,+9.910000E+37,+1.242021E+02,+3.584400E+04,-1.037796E+00,+0.000000E+00,+9.910000E+37,+1.242686E+02,+3.584400E+04
12:37:23,0e0,+1.543382E-01,+5.179500E-06,+9.910000E+37,+1.244932E+02,+3.584400E+04,+1.551124E-01,+5.179500E-06,+9.910000E+37,+1.245605E+02,+3.584400E+04,+1.541114E-01,+5.179500E-06,+9.910000E+37,+1.246270E+02,+3.584400E+04,-1.786378E+00,+0.000000E+00,+9.910000E+37,+1.246934E+02,+3.584400E+04
12:37:23,0e0,+1.584816E-01,+5.779500E-06,+9.910000E+37,+1.249141E+02,+3.584400E+04,+1.595292E-01,+5.779500E-06,+9.910000E+37,+1.249805E+02,+3.584400E+04,+1.613507E-01,+5.779500E-06,+9.910000E+37,+1.250479E+02,+3.584400E+04,-2.870702E+00,+0.000000E+00,+9.910000E+37,+1.251152E+02,+3.584400E+04
12:37:23,0e0,+1.639456E-01,+6.449500E-06,+9.910000E+37,+1.253398E+02,+3.584400E+04,+1.655398E-01,+6.449500E-06,+9.910000E+37,+1.254063E+02,+3.584400E+04,+1.658585E-01,+6.449500E-06,+9.910000E+37,+1.254736E+02,+3.584400E+04,-4.504617E+00,+0.000000E+00,+9.910000E+37,+1.255391E+02,+3.584400E+04
12:37:23,0e0,+1.704115E-01,+7.197000E-06,+9.910000E+37,+1.257617E+02,+3.584400E+04,+1.710488E-01,+7.197000E-06,+9.910000E+37,+1.258281E+02,+3.584400E+04,+1.702747E-01,+7.197000E-06,+9.910000E+37,+1.258955E+02,+3.584400E+04,-6.293133E+00,+0.000000E+00,+9.910000E+37,+1.259619E+02,+3.584400E+04
12:37:23,0e0,+1.766956E-01,+8.031000E-06,+9.910000E+37,+1.261875E+02,+3.584400E+04,+1.781980E-01,+8.031000E-06,+9.910000E+37,+1.262539E+02,+3.584400E+04,+1.777883E-01,+8.031000E-06,+9.910000E+37,+1.263203E+02,+3.584400E+04,-8.684548E+00,+0.000000E+00,+9.910000E+37,+1.263867E+02,+3.584400E+04
12:37:23,0e0,+1.831614E-01,+8.961500E-06,+9.910000E+37,+1.266123E+02,+3.584400E+04,+1.851193E-01,+8.961500E-06,+9.910000E+37,+1.266797E+02,+3.584400E+04,+1.842088E-01,+8.961500E-06,+9.910000E+37,+1.267451E+02,+3.584400E+04,-1.112346E+01,+0.000000E+00,+9.910000E+37,+1.268115E+02,+3.584400E+04
12:37:23,0e0,+1.901736E-01,+1.000000E-05,+9.910000E+37,+1.270312E+02,+3.584400E+04,+1.904011E-01,+1.000000E-05,+9.910000E+37,+1.270977E+02,+3.584400E+04,+1.903556E-01,+1.000000E-05,+9.910000E+37,+1.271650E+02,+3.584400E+04,-1.349534E+01,+0.000000E+00,+9.910000E+37,+1.272305E+02,+3.584400E+04
12:37:23,0e0,+1.849823E-01,+1.116000E-05,+9.910000E+37,+1.274502E+02,+3.584400E+04,+1.858482E-01,+1.116000E-05,+9.910000E+37,+1.275156E+02,+3.584400E+04,+1.860756E-01,+1.116000E-05,+9.910000E+37,+1.275820E+02,+3.584400E+04,-9.846720E-02,+0.000000E+00,+9.910000E+37,+1.276484E+02,+3.584400E+04
12:37:23,0e0,+1.910384E-01,+1.245000E-05,+9.910000E+37,+1.278672E+02,+3.584400E+04,+1.910838E-01,+1.245000E-05,+9.910000E+37,+1.279326E+02,+3.584400E+04,+1.906742E-01,+1.245000E-05,+9.910000E+37,+1.280000E+02,+3.584400E+04,-1.038403E-01,+0.000000E+00,+9.910000E+37,+1.280674E+02,+3.584400E+04
12:37:23,0e0,+1.968663E-01,+1.389500E-05,+9.910000E+37,+1.282871E+02,+3.584400E+04,+1.977322E-01,+1.389500E-05,+9.910000E+37,+1.283535E+02,+3.584400E+04,+1.966389E-01,+1.389500E-05,+9.910000E+37,+1.284209E+02,+3.584400E+04,-1.064359E-01,+0.000000E+00,+9.910000E+37,+1.284883E+02,+3.584400E+04
12:37:23,0e0,+2.028774E-01,+1.550500E-05,+9.910000E+37,+1.287080E+02,+3.584400E+04,+2.032417E-01,+1.550500E-05,+9.910000E+37,+1.287754E+02,+3.584400E+04,+2.029229E-01,+1.550500E-05,+9.910000E+37,+1.288408E+02,+3.584400E+04,-9.755657E-02,+0.000000E+00,+9.910000E+37,+1.289082E+02,+3.584400E+04
12:37:23,0e0,+2.090244E-01,+1.730000E-05,+9.910000E+37,+1.291279E+02,+3.584400E+04,+2.090256E-01,+1.730000E-05,+9.910000E+37,+1.291943E+02,+3.584400E+04,+2.086146E-01,+1.730000E-05,+9.910000E+37,+1.292617E+02,+3.584400E+04,-9.646377E-02,+0.000000E+00,+9.910000E+37,+1.293330E+02,+3.584400E+04
12:37:23,0e0,+2.151260E-01,+1.930500E-05,+9.910000E+37,+1.295547E+02,+3.584400E+04,+2.150805E-01,+1.930500E-05,+9.910000E+37,+1.296211E+02,+3.584400E+04,+2.152627E-01,+1.930500E-05,+9.910000E+37,+1.296875E+02,+3.584400E+04,-9.646364E-02,+0.000000E+00,+9.910000E+37,+1.297568E+02,+3.584400E+04
12:37:23,0e0,+2.210455E-01,+2.154500E-05,+9.910000E+37,+1.299756E+02,+3.584400E+04,+2.216829E-01,+2.154500E-05,+9.910000E+37,+1.300430E+02,+3.584400E+04,+2.218652E-01,+2.154500E-05,+9.910000E+37,+1.301084E+02,+3.584400E+04,-9.787539E-02,+0.000000E+00,+9.910000E+37,+1.301797E+02,+3.584400E+04
12:37:23,0e0,+2.278301E-01,+2.404000E-05,+9.910000E+37,+1.304014E+02,+3.584400E+04,+2.279676E-01,+2.404000E-05,+9.910000E+37,+1.304688E+02,+3.584400E+04,+2.287864E-01,+2.404000E-05,+9.910000E+37,+1.305342E+02,+3.584400E+04,-9.637272E-02,+0.000000E+00,+9.910000E+37,+1.306045E+02,+3.584400E+04
12:37:23,0e0,+2.351610E-01,+2.682500E-05,+9.910000E+37,+1.308242E+02,+3.584400E+04,+2.348422E-01,+2.682500E-05,+9.910000E+37,+1.308916E+02,+3.584400E+04,+2.356621E-01,+2.682500E-05,+9.910000E+37,+1.309570E+02,+3.584400E+04,-9.755652E-02,+0.000000E+00,+9.910000E+37,+1.310264E+02,+3.584400E+04
12:37:23,0e0,+2.418091E-01,+2.993500E-05,+9.910000E+37,+1.312441E+02,+3.584400E+04,+2.417180E-01,+2.993500E-05,+9.910000E+37,+1.313105E+02,+3.584400E+04,+2.410806E-01,+2.993500E-05,+9.910000E+37,+1.313770E+02,+3.584400E+04,-9.828524E-02,+0.000000E+00,+9.910000E+37,+1.314463E+02,+3.584400E+04
12:37:23,0e0,+2.484572E-01,+3.340500E-05,+9.910000E+37,+1.316719E+02,+3.584400E+04,+2.480928E-01,+3.340500E-05,+9.910000E+37,+1.317373E+02,+3.584400E+04,+2.472728E-01,+3.340500E-05,+9.910000E+37,+1.318047E+02,+3.584400E+04,-9.883165E-02,+0.000000E+00,+9.910000E+37,+1.318701E+02,+3.584400E+04
12:37:23,0e0,+2.545125E-01,+3.727500E-05,+9.910000E+37,+1.320889E+02,+3.584400E+04,+2.547407E-01,+3.727500E-05,+9.910000E+37,+1.321553E+02,+3.584400E+04,+2.544217E-01,+3.727500E-05,+9.910000E+37,+1.322217E+02,+3.584400E+04,-1.109438E-01,+0.000000E+00,+9.910000E+37,+1.322910E+02,+3.584400E+04
12:37:23,0e0,+2.618892E-01,+4.159500E-05,+9.910000E+37,+1.325098E+02,+3.584400E+04,+2.621168E-01,+4.159500E-05,+9.910000E+37,+1.325762E+02,+3.584400E+04,+2.626635E-01,+4.159500E-05,+9.910000E+37,+1.326426E+02,+3.584400E+04,-1.483272E-01,+0.000000E+00,+9.910000E+37,+1.327129E+02,+3.584400E+04
12:37:23,0e0,+2.699033E-01,+4.641500E-05,+9.910000E+37,+1.329316E+02,+3.584400E+04,+2.695845E-01,+4.641500E-05,+9.910000E+37,+1.329980E+02,+3.584400E+04,+2.701308E-01,+4.641500E-05,+9.910000E+37,+1.330645E+02,+3.584400E+04,-3.633022E-01,+0.000000E+00,+9.910000E+37,+1.331357E+02,+3.584400E+04
12:37:23,0e0,+2.772796E-01,+5.179500E-05,+9.910000E+37,+1.333594E+02,+3.584400E+04,+2.791472E-01,+5.179500E-05,+9.910000E+37,+1.334268E+02,+3.584400E+04,+2.771890E-01,+5.179500E-05,+9.910000E+37,+1.334932E+02,+3.584400E+04,-1.087339E+00,+0.000000E+00,+9.910000E+37,+1.335625E+02,+3.584400E+04
12:37:23,0e0,+2.835625E-01,+5.779500E-05,+9.910000E+37,+1.337754E+02,+3.584400E+04,+2.849751E-01,+5.779500E-05,+9.910000E+37,+1.338418E+02,+3.584400E+04,+2.853395E-01,+5.779500E-05,+9.910000E+37,+1.339082E+02,+3.584400E+04,-2.054588E+00,+0.000000E+00,+9.910000E+37,+1.339756E+02,+3.584400E+04
12:37:23,0e0,+2.924429E-01,+6.449500E-05,+9.910000E+37,+1.341875E+02,+3.584400E+04,+2.927616E-01,+6.449500E-05,+9.910000E+37,+1.342539E+02,+3.584400E+04,+2.931257E-01,+6.449500E-05,+9.910000E+37,+1.343213E+02,+3.584400E+04,-3.148614E+00,+0.000000E+00,+9.910000E+37,+1.343877E+02,+3.584400E+04
12:37:23,0e0,+3.008212E-01,+7.197000E-05,+9.910000E+37,+1.346045E+02,+3.584400E+04,+3.005024E-01,+7.197000E-05,+9.910000E+37,+1.346709E+02,+3.584400E+04,+3.005933E-01,+7.197000E-05,+9.910000E+37,+1.347383E+02,+3.584400E+04,-4.573236E+00,+0.000000E+00,+9.910000E+37,+1.348047E+02,+3.584400E+04
12:37:23,0e0,+3.091083E-01,+8.031000E-05,+9.910000E+37,+1.350215E+02,+3.584400E+04,+3.089261E-01,+8.031000E-05,+9.910000E+37,+1.350879E+02,+3.584400E+04,+3.081512E-01,+8.031000E-05,+9.910000E+37,+1.351553E+02,+3.584400E+04,-6.126453E+00,+0.000000E+00,+9.910000E+37,+1.352227E+02,+3.584400E+04
12:37:23,0e0,+3.173953E-01,+8.961500E-05,+9.910000E+37,+1.354453E+02,+3.584400E+04,+3.164389E-01,+8.961500E-05,+9.910000E+37,+1.355127E+02,+3.584400E+04,+3.180331E-01,+8.961500E-05,+9.910000E+37,+1.355781E+02,+3.584400E+04,-8.209044E+00,+0.000000E+00,+9.910000E+37,+1.356465E+02,+3.584400E+04
12:37:23,0e0,+3.254089E-01,+1.000000E-04,+9.910000E+37,+1.358594E+02,+3.584400E+04,+3.244979E-01,+1.000000E-04,+9.910000E+37,+1.359316E+02,+3.584400E+04,+3.258647E-01,+1.000000E-04,+9.910000E+37,+1.359971E+02,+3.584400E+04,-1.064117E+01,+0.000000E+00,+9.910000E+37,+1.360635E+02,+3.584400E+04
12:37:23,0e0,+3.231776E-01,+1.116000E-04,+9.910000E+37,+1.362793E+02,+3.584400E+04,+3.236780E-01,+1.116000E-04,+9.910000E+37,+1.363457E+02,+3.584400E+04,+3.239066E-01,+1.116000E-04,+9.910000E+37,+1.364131E+02,+3.584400E+04,-1.017895E+00,+0.000000E+00,+9.910000E+37,+1.364795E+02,+3.584400E+04
12:37:23,0e0,+3.316935E-01,+1.245000E-04,+9.910000E+37,+1.367002E+02,+3.584400E+04,+3.327401E-01,+1.245000E-04,+9.910000E+37,+1.367676E+02,+3.584400E+04,+3.314193E-01,+1.245000E-04,+9.910000E+37,+1.368340E+02,+3.584400E+04,-9.961739E-01,+0.000000E+00,+9.910000E+37,+1.369014E+02,+3.584400E+04
12:37:23,0e0,+3.394330E-01,+1.389500E-04,+9.910000E+37,+1.371230E+02,+3.584400E+04,+3.392965E-01,+1.389500E-04,+9.910000E+37,+1.371895E+02,+3.584400E+04,+3.392975E-01,+1.389500E-04,+9.910000E+37,+1.372568E+02,+3.584400E+04,-1.056008E+00,+0.000000E+00,+9.910000E+37,+1.373223E+02,+3.584400E+04
12:37:23,0e0,+3.473566E-01,+1.550500E-04,+9.910000E+37,+1.375469E+02,+3.584400E+04,+3.469916E-01,+1.550500E-04,+9.910000E+37,+1.376133E+02,+3.584400E+04,+3.484951E-01,+1.550500E-04,+9.910000E+37,+1.376807E+02,+3.584400E+04,-1.069215E+00,+0.000000E+00,+9.910000E+37,+1.377461E+02,+3.584400E+04
12:37:23,0e0,+3.579661E-01,+1.730000E-04,+9.910000E+37,+1.379678E+02,+3.584400E+04,+3.560987E-01,+1.730000E-04,+9.910000E+37,+1.380342E+02,+3.584400E+04,+3.566914E-01,+1.730000E-04,+9.910000E+37,+1.381016E+02,+3.584400E+04,-1.035745E+00,+0.000000E+00,+9.910000E+37,+1.381680E+02,+3.584400E+04
12:37:23,0e0,+3.651603E-01,+1.930500E-04,+9.910000E+37,+1.383896E+02,+3.584400E+04,+3.644316E-01,+1.930500E-04,+9.910000E+37,+1.384570E+02,+3.584400E+04,+3.636114E-01,+1.930500E-04,+9.910000E+37,+1.385225E+02,+3.584400E+04,-1.006739E+00,+0.000000E+00,+9.910000E+37,+1.385898E+02,+3.584400E+04
12:37:23,0e0,+3.734024E-01,+2.154500E-04,+9.910000E+37,+1.388115E+02,+3.584400E+04,+3.730376E-01,+2.154500E-04,+9.910000E+37,+1.388779E+02,+3.584400E+04,+3.725361E-01,+2.154500E-04,+9.910000E+37,+1.389453E+02,+3.584400E+04,-1.078230E+00,+0.000000E+00,+9.910000E+37,+1.390107E+02,+3.584400E+04
12:37:23,0e0,+3.825544E-01,+2.404000E-04,+9.910000E+37,+1.392334E+02,+3.584400E+04,+3.818712E-01,+2.404000E-04,+9.910000E+37,+1.392998E+02,+3.584400E+04,+3.820082E-01,+2.404000E-04,+9.910000E+37,+1.393662E+02,+3.584400E+04,-1.095899E+00,+0.000000E+00,+9.910000E+37,+1.394336E+02,+3.584400E+04
12:37:23,0e0,+3.920258E-01,+2.682500E-04,+9.910000E+37,+1.396582E+02,+3.584400E+04,+3.910235E-01,+2.682500E-04,+9.910000E+37,+1.397246E+02,+3.584400E+04,+3.905681E-01,+2.682500E-04,+9.910000E+37,+1.397920E+02,+3.584400E+04,-1.013660E+00,+0.000000E+00,+9.910000E+37,+1.398584E+02,+3.584400E+04
12:37:23,0e0,+4.008143E-01,+2.993500E-04,+9.910000E+37,+1.400811E+02,+3.584400E+04,+3.994474E-01,+2.993500E-04,+9.910000E+37,+1.401484E+02,+3.584400E+04,+4.004952E-01,+2.993500E-04,+9.910000E+37,+1.402148E+02,+3.584400E+04,-1.074134E+00,+0.000000E+00,+9.910000E+37,+1.402813E+02,+3.584400E+04
12:37:23,0e0,+4.106489E-01,+3.340500E-04,+9.910000E+37,+1.405068E+02,+3.584400E+04,+4.091913E-01,+3.340500E-04,+9.910000E+37,+1.405742E+02,+3.584400E+04,+4.093283E-01,+3.340500E-04,+9.910000E+37,+1.406396E+02,+3.584400E+04,-1.021173E+00,+0.000000E+00,+9.910000E+37,+1.407061E+02,+3.584400E+04
12:37:23,0e0,+4.188901E-01,+3.727500E-04,+9.910000E+37,+1.409277E+02,+3.584400E+04,+4.186620E-01,+3.727500E-04,+9.910000E+37,+1.409941E+02,+3.584400E+04,+4.183882E-01,+3.727500E-04,+9.910000E+37,+1.410615E+02,+3.584400E+04,-1.001412E+00,+0.000000E+00,+9.910000E+37,+1.411270E+02,+3.584400E+04
12:37:23,0e0,+4.300920E-01,+4.159500E-04,+9.910000E+37,+1.413496E+02,+3.584400E+04,+4.302742E-01,+4.159500E-04,+9.910000E+37,+1.414160E+02,+3.584400E+04,+4.294089E-01,+4.159500E-04,+9.910000E+37,+1.414834E+02,+3.584400E+04,-1.077139E+00,+0.000000E+00,+9.910000E+37,+1.415498E+02,+3.584400E+04
12:37:23,0e0,+4.407925E-01,+4.641500E-04,+9.910000E+37,+1.417764E+02,+3.584400E+04,+4.396541E-01,+4.641500E-04,+9.910000E+37,+1.418428E+02,+3.584400E+04,+4.390609E-01,+4.641500E-04,+9.910000E+37,+1.419092E+02,+3.584400E+04,-1.024087E+00,+0.000000E+00,+9.910000E+37,+1.419756E+02,+3.584400E+04
12:37:23,0e0,+4.504458E-01,+5.179500E-04,+9.910000E+37,+1.421973E+02,+3.584400E+04,+4.512658E-01,+5.179500E-04,+9.910000E+37,+1.422646E+02,+3.584400E+04,+4.496713E-01,+5.179500E-04,+9.910000E+37,+1.423311E+02,+3.584400E+04,-1.010517E+00,+0.000000E+00,+9.910000E+37,+1.423975E+02,+3.584400E+04
12:37:23,0e0,+4.604169E-01,+5.779500E-04,+9.910000E+37,+1.426182E+02,+3.584400E+04,+4.608721E-01,+5.779500E-04,+9.910000E+37,+1.426846E+02,+3.584400E+04,+4.617831E-01,+5.779500E-04,+9.910000E+37,+1.427510E+02,+3.584400E+04,-1.278957E+00,+0.000000E+00,+9.910000E+37,+1.428184E+02,+3.584400E+04
12:37:23,0e0,+4.747152E-01,+6.449500E-04,+9.910000E+37,+1.430439E+02,+3.584400E+04,+4.731674E-01,+6.449500E-04,+9.910000E+37,+1.431113E+02,+3.584400E+04,+4.739869E-01,+6.449500E-04,+9.910000E+37,+1.431768E+02,+3.584400E+04,-1.675265E+00,+0.000000E+00,+9.910000E+37,+1.432441E+02,+3.584400E+04
12:37:23,0e0,+4.861451E-01,+7.197000E-04,+9.910000E+37,+1.434668E+02,+3.584400E+04,+4.853246E-01,+7.197000E-04,+9.910000E+37,+1.435322E+02,+3.584400E+04,+4.852329E-01,+7.197000E-04,+9.910000E+37,+1.435986E+02,+3.584400E+04,-1.997303E+00,+0.000000E+00,+9.910000E+37,+1.436660E+02,+3.584400E+04
12:37:23,0e0,+4.969347E-01,+8.031000E-04,+9.910000E+37,+1.438896E+02,+3.584400E+04,+4.967977E-01,+8.031000E-04,+9.910000E+37,+1.439570E+02,+3.584400E+04,+4.979826E-01,+8.031000E-04,+9.910000E+37,+1.440234E+02,+3.584400E+04,-2.450985E+00,+0.000000E+00,+9.910000E+37,+1.440908E+02,+3.584400E+04
12:37:23,0e0,+5.095021E-01,+8.961500E-04,+9.910000E+37,+1.443115E+02,+3.584400E+04,+5.110513E-01,+8.961500E-04,+9.910000E+37,+1.443770E+02,+3.584400E+04,+5.108691E-01,+8.961500E-04,+9.910000E+37,+1.444434E+02,+3.584400E+04,-2.776298E+00,+0.000000E+00,+9.910000E+37,+1.445107E+02,+3.584400E+04
12:37:23,0e0,+5.238910E-01,+1.000000E-03,+9.910000E+37,+1.447295E+02,+3.584400E+04,+5.237096E-01,+1.000000E-03,+9.910000E+37,+1.447959E+02,+3.584400E+04,+5.239829E-01,+1.000000E-03,+9.910000E+37,+1.448623E+02,+3.584400E+04,-3.266598E+00,+0.000000E+00,+9.910000E+37,+1.449297E+02,+3.584400E+04
12:37:23,0e0,+5.255754E-01,+1.116000E-03,+9.910000E+37,+1.451533E+02,+3.584400E+04,+5.268971E-01,+1.116000E-03,+9.910000E+37,+1.452207E+02,+3.584400E+04,+5.249385E-01,+1.116000E-03,+9.910000E+37,+1.452871E+02,+3.584400E+04,-2.008730E+00,+0.000000E+00,+9.910000E+37,+1.453535E+02,+3.584400E+04
12:37:23,0e0,+5.389177E-01,+1.245000E-03,+9.910000E+37,+1.455752E+02,+3.584400E+04,+5.384172E-01,+1.245000E-03,+9.910000E+37,+1.456416E+02,+3.584400E+04,+5.392362E-01,+1.245000E-03,+9.910000E+37,+1.457080E+02,+3.584400E+04,-1.983182E+00,+0.000000E+00,+9.910000E+37,+1.457744E+02,+3.584400E+04
12:37:23,0e0,+5.528967E-01,+1.389500E-03,+9.910000E+37,+1.459951E+02,+3.584400E+04,+5.540366E-01,+1.389500E-03,+9.910000E+37,+1.460625E+02,+3.584400E+04,+5.531247E-01,+1.389500E-03,+9.910000E+37,+1.461279E+02,+3.584400E+04,-2.010191E+00,+0.000000E+00,+9.910000E+37,+1.461953E+02,+3.584400E+04
12:37:23,0e0,+5.678316E-01,+1.550500E-03,+9.910000E+37,+1.464180E+02,+3.584400E+04,+5.672404E-01,+1.550500E-03,+9.910000E+37,+1.464854E+02,+3.584400E+04,+5.679686E-01,+1.550500E-03,+9.910000E+37,+1.465508E+02,+3.584400E+04,-2.013965E+00,+0.000000E+00,+9.910000E+37,+1.466182E+02,+3.584400E+04
12:37:23,0e0,+5.817640E-01,+1.730000E-03,+9.910000E+37,+1.468389E+02,+3.584400E+04,+5.816275E-01,+1.730000E-03,+9.910000E+37,+1.469053E+02,+3.584400E+04,+5.823123E-01,+1.730000E-03,+9.910000E+37,+1.469727E+02,+3.584400E+04,-1.990473E+00,+0.000000E+00,+9.910000E+37,+1.470381E+02,+3.584400E+04
12:37:23,0e0,+5.990225E-01,+1.930500E-03,+9.910000E+37,+1.472627E+02,+3.584400E+04,+5.986583E-01,+1.930500E-03,+9.910000E+37,+1.473281E+02,+3.584400E+04,+5.982028E-01,+1.930500E-03,+9.910000E+37,+1.473955E+02,+3.584400E+04,-2.048440E+00,+0.000000E+00,+9.910000E+37,+1.474629E+02,+3.584400E+04
12:37:23,0e0,+6.158698E-01,+2.154500E-03,+9.910000E+37,+1.476855E+02,+3.584400E+04,+6.150956E-01,+2.154500E-03,+9.910000E+37,+1.477529E+02,+3.584400E+04,+6.159617E-01,+2.154500E-03,+9.910000E+37,+1.478184E+02,+3.584400E+04,-1.996621E+00,+0.000000E+00,+9.910000E+37,+1.478857E+02,+3.584400E+04
12:37:23,0e0,+6.345385E-01,+2.404000E-03,+9.910000E+37,+1.481064E+02,+3.584400E+04,+6.329439E-01,+2.404000E-03,+9.910000E+37,+1.481729E+02,+3.584400E+04,+6.338560E-01,+2.404000E-03,+9.910000E+37,+1.482402E+02,+3.584400E+04,-2.009365E+00,+0.000000E+00,+9.910000E+37,+1.483066E+02,+3.584400E+04
12:37:23,0e0,+6.531166E-01,+2.682500E-03,+9.910000E+37,+1.485293E+02,+3.584400E+04,+6.532079E-01,+2.682500E-03,+9.910000E+37,+1.485957E+02,+3.584400E+04,+6.520687E-01,+2.682500E-03,+9.910000E+37,+1.486631E+02,+3.584400E+04,-2.015200E+00,+0.000000E+00,+9.910000E+37,+1.487285E+02,+3.584400E+04
12:37:23,0e0,+6.728316E-01,+2.993500E-03,+9.910000E+37,+1.489551E+02,+3.584400E+04,+6.721495E-01,+2.993500E-03,+9.910000E+37,+1.490225E+02,+3.584400E+04,+6.730610E-01,+2.993500E-03,+9.910000E+37,+1.490898E+02,+3.584400E+04,-1.985828E+00,+0.000000E+00,+9.910000E+37,+1.491553E+02,+3.584400E+04
12:37:23,0e0,+6.930037E-01,+3.340500E-03,+9.910000E+37,+1.493760E+02,+3.584400E+04,+6.930494E-01,+3.340500E-03,+9.910000E+37,+1.494424E+02,+3.584400E+04,+6.930034E-01,+3.340500E-03,+9.910000E+37,+1.495098E+02,+3.584400E+04,-1.990791E+00,+0.000000E+00,+9.910000E+37,+1.495771E+02,+3.584400E+04
12:37:23,0e0,+7.161371E-01,+3.727500E-03,+9.910000E+37,+1.497979E+02,+3.584400E+04,+7.161374E-01,+3.727500E-03,+9.910000E+37,+1.498643E+02,+3.584400E+04,+7.147694E-01,+3.727500E-03,+9.910000E+37,+1.499307E+02,+3.584400E+04,-2.004447E+00,+0.000000E+00,+9.910000E+37,+1.499971E+02,+3.584400E+04
12:37:23,0e0,+7.393588E-01,+4.159500E-03,+9.910000E+37,+1.502188E+02,+3.584400E+04,+7.384024E-01,+4.159500E-03,+9.910000E+37,+1.502852E+02,+3.584400E+04,+7.377181E-01,+4.159500E-03,+9.910000E+37,+1.503525E+02,+3.584400E+04,-2.017881E+00,+0.000000E+00,+9.910000E+37,+1.504199E+02,+3.584400E+04
12:37:23,0e0,+7.634445E-01,+4.641500E-03,+9.910000E+37,+1.506445E+02,+3.584400E+04,+7.639005E-01,+4.641500E-03,+9.910000E+37,+1.507109E+02,+3.584400E+04,+7.640825E-01,+4.641500E-03,+9.910000E+37,+1.507773E+02,+3.584400E+04,-2.029495E+00,+0.000000E+00,+9.910000E+37,+1.508438E+02,+3.584400E+04
12:37:23,0e0,+7.885332E-01,+5.179500E-03,+9.910000E+37,+1.510654E+02,+3.584400E+04,+7.886715E-01,+5.179500E-03,+9.910000E+37,+1.511318E+02,+3.584400E+04,+7.896739E-01,+5.179500E-03,+9.910000E+37,+1.511992E+02,+3.584400E+04,-1.957411E+00,+0.000000E+00,+9.910000E+37,+1.512646E+02,+3.584400E+04
12:37:23,0e0,+8.175399E-01,+5.779500E-03,+9.910000E+37,+1.514854E+02,+3.584400E+04,+8.175397E-01,+5.779500E-03,+9.910000E+37,+1.515527E+02,+3.584400E+04,+8.179511E-01,+5.779500E-03,+9.910000E+37,+1.516182E+02,+3.584400E+04,-2.012146E+00,+0.000000E+00,+9.910000E+37,+1.516855E+02,+3.584400E+04
12:37:23,0e0,+8.463616E-01,+6.449500E-03,+9.910000E+37,+1.519092E+02,+3.584400E+04,+8.470922E-01,+6.449500E-03,+9.910000E+37,+1.519756E+02,+3.584400E+04,+8.474554E-01,+6.449500E-03,+9.910000E+37,+1.520420E+02,+3.584400E+04,-1.983456E+00,+0.000000E+00,+9.910000E+37,+1.521094E+02,+3.584400E+04
12:37:23,0e0,+8.783274E-01,+7.197000E-03,+9.910000E+37,+1.523340E+02,+3.584400E+04,+8.767323E-01,+7.197000E-03,+9.910000E+37,+1.523994E+02,+3.584400E+04,+8.783727E-01,+7.197000E-03,+9.910000E+37,+1.524668E+02,+3.584400E+04,-1.998347E+00,+0.000000E+00,+9.910000E+37,+1.525332E+02,+3.584400E+04
12:37:23,0e0,+9.120232E-01,+8.031000E-03,+9.910000E+37,+1.527559E+02,+3.584400E+04,+9.117044E-01,+8.031000E-03,+9.910000E+37,+1.528232E+02,+3.584400E+04,+9.112492E-01,+8.031000E-03,+9.910000E+37,+1.528887E+02,+3.584400E+04,-1.993475E+00,+0.000000E+00,+9.910000E+37,+1.529551E+02,+3.584400E+04
12:37:23,0e0,+9.472210E-01,+8.961500E-03,+9.910000E+37,+1.531768E+02,+3.584400E+04,+9.463569E-01,+8.961500E-03,+9.910000E+37,+1.532432E+02,+3.584400E+04,+9.466307E-01,+8.961500E-03,+9.910000E+37,+1.533096E+02,+3.584400E+04,-1.973075E+00,+0.000000E+00,+9.910000E+37,+1.533770E+02,+3.584400E+04
12:45:24,0e0,-7.678972E+00,+1.000000E-07,+9.910000E+37,+5.828857E+02,+3.584400E+04,+4.622796E-02,+1.000000E-07,+9.910000E+37,+5.829512E+02,+3.584400E+04,+4.773057E-02,+1.000000E-07,+9.910000E+37,+5.830186E+02,+3.584400E+04,-2.357224E-02,+0.000000E+00,+9.910000E+37,+5.830840E+02,+3.584400E+04
12:45:24,0e0,-6.760727E+00,+1.116000E-07,+9.910000E+37,+5.833105E+02,+3.584400E+04,+5.037156E-02,+1.116000E-07,+9.910000E+37,+5.833770E+02,+3.584400E+04,+5.028027E-02,+1.116000E-07,+9.910000E+37,+5.834434E+02,+3.584400E+04,-2.389124E-02,+0.000000E+00,+9.910000E+37,+5.835098E+02,+3.584400E+04
12:45:24,0e0,-4.786732E+00,+1.245000E-07,+9.910000E+37,+5.837344E+02,+3.584400E+04,+5.328539E-02,+1.245000E-07,+9.910000E+37,+5.838008E+02,+3.584400E+04,+5.264768E-02,+1.245000E-07,+9.910000E+37,+5.838672E+02,+3.584400E+04,-2.521174E-02,+0.000000E+00,+9.910000E+37,+5.839336E+02,+3.584400E+04
12:45:24,0e0,-3.788110E+00,+1.389500E-07,+9.910000E+37,+5.841582E+02,+3.584400E+04,+5.656376E-02,+1.389500E-07,+9.910000E+37,+5.842246E+02,+3.584400E+04,+5.642688E-02,+1.389500E-07,+9.910000E+37,+5.842920E+02,+3.584400E+04,-2.484772E-02,+0.000000E+00,+9.910000E+37,+5.843574E+02,+3.584400E+04
12:45:24,0e0,-2.312189E+00,+1.550500E-07,+9.910000E+37,+5.845859E+02,+3.584400E+04,+5.984205E-02,+1.550500E-07,+9.910000E+37,+5.846523E+02,+3.584400E+04,+5.920422E-02,+1.550500E-07,+9.910000E+37,+5.847187E+02,+3.584400E+04,-2.425529E-02,+0.000000E+00,+9.910000E+37,+5.847852E+02,+3.584400E+04
12:45:24,0e0,-1.156878E+00,+1.730000E-07,+9.910000E+37,+5.850098E+02,+3.584400E+04,+6.430408E-02,+1.730000E-07,+9.910000E+37,+5.850762E+02,+3.584400E+04,+6.498718E-02,+1.730000E-07,+9.910000E+37,+5.851426E+02,+3.584400E+04,-2.480200E-02,+0.000000E+00,+9.910000E+37,+5.852090E+02,+3.584400E+04
12:45:24,0e0,-4.509963E-01,+1.930500E-07,+9.910000E+37,+5.854336E+02,+3.584400E+04,+6.685412E-02,+1.930500E-07,+9.910000E+37,+5.855000E+02,+3.584400E+04,+6.712750E-02,+1.930500E-07,+9.910000E+37,+5.855664E+02,+3.584400E+04,-2.370931E-02,+0.000000E+00,+9.910000E+37,+5.856328E+02,+3.584400E+04
12:45:24,0e0,-5.216688E-02,+2.154500E-07,+9.910000E+37,+5.858594E+02,+3.584400E+04,+6.994987E-02,+2.154500E-07,+9.910000E+37,+5.859258E+02,+3.584400E+04,+6.981367E-02,+2.154500E-07,+9.910000E+37,+5.859922E+02,+3.584400E+04,-2.539399E-02,+0.000000E+00,+9.910000E+37,+5.860586E+02,+3.584400E+04
12:45:24,0e0,+7.427564E-02,+2.404000E-07,+9.910000E+37,+5.862861E+02,+3.584400E+04,+7.436681E-02,+2.404000E-07,+9.910000E+37,+5.863535E+02,+3.584400E+04,+7.386565E-02,+2.404000E-07,+9.910000E+37,+5.864199E+02,+3.584400E+04,-3.053913E-02,+0.000000E+00,+9.910000E+37,+5.864863E+02,+3.584400E+04
12:45:24,0e0,+7.869256E-02,+2.682500E-07,+9.910000E+37,+5.867148E+02,+3.584400E+04,+7.805482E-02,+2.682500E-07,+9.910000E+37,+5.867822E+02,+3.584400E+04,+7.778147E-02,+2.682500E-07,+9.910000E+37,+5.868486E+02,+3.584400E+04,-3.049360E-02,+0.000000E+00,+9.910000E+37,+5.869150E+02,+3.584400E+04
12:45:24,0e0,+8.087778E-02,+2.993500E-07,+9.910000E+37,+5.871426E+02,+3.584400E+04,+8.265346E-02,+2.993500E-07,+9.910000E+37,+5.872090E+02,+3.584400E+04,+8.206126E-02,+2.993500E-07,+9.910000E+37,+5.872754E+02,+3.584400E+04,-2.484766E-02,+0.000000E+00,+9.910000E+37,+5.873418E+02,+3.584400E+04
12:45:24,0e0,+8.602279E-02,+3.340500E-07,+9.910000E+37,+5.875654E+02,+3.584400E+04,+8.697909E-02,+3.340500E-07,+9.910000E+37,+5.876328E+02,+3.584400E+04,+8.611408E-02,+3.340500E-07,+9.910000E+37,+5.876992E+02,+3.584400E+04,-9.369212E-02,+0.000000E+00,+9.910000E+37,+5.877656E+02,+3.584400E+04
12:45:24,0e0,+8.966535E-02,+3.727500E-07,+9.910000E+37,+5.879893E+02,+3.584400E+04,+9.034839E-02,+3.727500E-07,+9.910000E+37,+5.880566E+02,+3.584400E+04,+8.957455E-02,+3.727500E-07,+9.910000E+37,+5.881240E+02,+3.584400E+04,-1.205560E-01,+0.000000E+00,+9.910000E+37,+5.881904E+02,+3.584400E+04
12:45:24,0e0,+9.440076E-02,+4.159500E-07,+9.910000E+37,+5.884150E+02,+3.584400E+04,+9.389985E-02,+4.159500E-07,+9.910000E+37,+5.884814E+02,+3.584400E+04,+9.476504E-02,+4.159500E-07,+9.910000E+37,+5.885479E+02,+3.584400E+04,-4.641103E-01,+0.000000E+00,+9.910000E+37,+5.886143E+02,+3.584400E+04
12:45:24,0e0,+9.777018E-02,+4.641500E-07,+9.910000E+37,+5.888389E+02,+3.584400E+04,+9.827092E-02,+4.641500E-07,+9.910000E+37,+5.889053E+02,+3.584400E+04,+9.777021E-02,+4.641500E-07,+9.910000E+37,+5.889727E+02,+3.584400E+04,-9.626712E-01,+0.000000E+00,+9.910000E+37,+5.890391E+02,+3.584400E+04
12:45:24,0e0,+1.020957E-01,+5.179500E-07,+9.910000E+37,+5.892627E+02,+3.584400E+04,+1.020502E-01,+5.179500E-07,+9.910000E+37,+5.893291E+02,+3.584400E+04,+1.030518E-01,+5.179500E-07,+9.910000E+37,+5.893955E+02,+3.584400E+04,-1.829794E+00,+0.000000E+00,+9.910000E+37,+5.894619E+02,+3.584400E+04
12:45:24,0e0,+1.060111E-01,+5.779500E-07,+9.910000E+37,+5.896855E+02,+3.584400E+04,+1.057841E-01,+5.779500E-07,+9.910000E+37,+5.897520E+02,+3.584400E+04,+1.068308E-01,+5.779500E-07,+9.910000E+37,+5.898184E+02,+3.584400E+04,-3.119112E+00,+0.000000E+00,+9.910000E+37,+5.898848E+02,+3.584400E+04
12:45:24,0e0,+1.114292E-01,+6.449500E-07,+9.910000E+37,+5.901084E+02,+3.584400E+04,+1.114294E-01,+6.449500E-07,+9.910000E+37,+5.901758E+02,+3.584400E+04,+1.107468E-01,+6.449500E-07,+9.910000E+37,+5.902412E+02,+3.584400E+04,-4.444860E+00,+0.000000E+00,+9.910000E+37,+5.903076E+02,+3.584400E+04
12:45:24,0e0,+1.157551E-01,+7.197000E-07,+9.910000E+37,+5.905313E+02,+3.584400E+04,+1.155275E-01,+7.197000E-07,+9.910000E+37,+5.905977E+02,+3.584400E+04,+1.158010E-01,+7.197000E-07,+9.910000E+37,+5.906641E+02,+3.584400E+04,-6.548521E+00,+0.000000E+00,+9.910000E+37,+5.907305E+02,+3.584400E+04
12:45:24,0e0,+1.210369E-01,+8.031000E-07,+9.910000E+37,+5.909580E+02,+3.584400E+04,+1.191247E-01,+8.031000E-07,+9.910000E+37,+5.910244E+02,+3.584400E+04,+1.218113E-01,+8.031000E-07,+9.910000E+37,+5.910908E+02,+3.584400E+04,-8.592365E+00,+0.000000E+00,+9.910000E+37,+5.911572E+02,+3.584400E+04
12:45:24,0e0,+1.251802E-01,+8.961500E-07,+9.910000E+37,+5.913799E+02,+3.584400E+04,+1.243605E-01,+8.961500E-07,+9.910000E+37,+5.914473E+02,+3.584400E+04,+1.257268E-01,+8.961500E-07,+9.910000E+37,+5.915137E+02,+3.584400E+04,-1.110360E+01,+0.000000E+00,+9.910000E+37,+5.915801E+02,+3.584400E+04
12:45:24,0e0,+1.303252E-01,+1.000000E-06,+9.910000E+37,+5.918008E+02,+3.584400E+04,+1.301888E-01,+1.000000E-06,+9.910000E+37,+5.918672E+02,+3.584400E+04,+1.310086E-01,+1.000000E-06,+9.910000E+37,+5.919346E+02,+3.584400E+04,-1.361149E+01,+0.000000E+00,+9.910000E+37,+5.920000E+02,+3.584400E+04
12:45:24,0e0,+1.243152E-01,+1.116000E-06,+9.910000E+37,+5.922227E+02,+3.584400E+04,+1.240877E-01,+1.116000E-06,+9.910000E+37,+5.922891E+02,+3.584400E+04,+1.258179E-01,+1.116000E-06,+9.910000E+37,+5.923564E+02,+3.584400E+04,-2.867250E-02,+0.000000E+00,+9.910000E+37,+5.924238E+02,+3.584400E+04
12:45:24,0e0,+1.281853E-01,+1.245000E-06,+9.910000E+37,+5.926494E+02,+3.584400E+04,+1.274118E-01,+1.245000E-06,+9.910000E+37,+5.927158E+02,+3.584400E+04,+1.269563E-01,+1.245000E-06,+9.910000E+37,+5.927822E+02,+3.584400E+04,-2.798918E-02,+0.000000E+00,+9.910000E+37,+5.928486E+02,+3.584400E+04
12:45:24,0e0,+1.327845E-01,+1.389500E-06,+9.910000E+37,+5.930732E+02,+3.584400E+04,+1.327386E-01,+1.389500E-06,+9.910000E+37,+5.931396E+02,+3.584400E+04,+1.324652E-01,+1.389500E-06,+9.910000E+37,+5.932070E+02,+3.584400E+04,-2.607718E-02,+0.000000E+00,+9.910000E+37,+5.932744E+02,+3.584400E+04
12:45:24,0e0,+1.365179E-01,+1.550500E-06,+9.910000E+37,+5.934990E+02,+3.584400E+04,+1.360620E-01,+1.550500E-06,+9.910000E+37,+5.935654E+02,+3.584400E+04,+1.358801E-01,+1.550500E-06,+9.910000E+37,+5.936318E+02,+3.584400E+04,-2.484781E-02,+0.000000E+00,+9.910000E+37,+5.936982E+02,+3.584400E+04
12:45:24,0e0,+1.400689E-01,+1.730000E-06,+9.910000E+37,+5.939229E+02,+3.584400E+04,+1.405252E-01,+1.730000E-06,+9.910000E+37,+5.939893E+02,+3.584400E+04,+1.412074E-01,+1.730000E-06,+9.910000E+37,+5.940566E+02,+3.584400E+04,-2.580391E-02,+0.000000E+00,+9.910000E+37,+5.941230E+02,+3.584400E+04
12:45:24,0e0,+1.457609E-01,+1.930500E-06,+9.910000E+37,+5.943467E+02,+3.584400E+04,+1.454875E-01,+1.930500E-06,+9.910000E+37,+5.944141E+02,+3.584400E+04,+1.449867E-01,+1.930500E-06,+9.910000E+37,+5.944805E+02,+3.584400E+04,-2.666888E-02,+0.000000E+00,+9.910000E+37,+5.945469E+02,+3.584400E+04
12:45:24,0e0,+1.495854E-01,+2.154500E-06,+9.910000E+37,+5.947734E+02,+3.584400E+04,+1.495849E-01,+2.154500E-06,+9.910000E+37,+5.948398E+02,+3.584400E+04,+1.487204E-01,+2.154500E-06,+9.910000E+37,+5.949053E+02,+3.584400E+04,-2.894571E-02,+0.000000E+00,+9.910000E+37,+5.949717E+02,+3.584400E+04
12:45:24,0e0,+1.540476E-01,+2.404000E-06,+9.910000E+37,+5.951934E+02,+3.584400E+04,+1.536829E-01,+2.404000E-06,+9.910000E+37,+5.952598E+02,+3.584400E+04,+1.543208E-01,+2.404000E-06,+9.910000E+37,+5.953262E+02,+3.584400E+04,-2.940091E-02,+0.000000E+00,+9.910000E+37,+5.953936E+02,+3.584400E+04
12:45:24,0e0,+1.589195E-01,+2.682500E-06,+9.910000E+37,+5.956143E+02,+3.584400E+04,+1.586013E-01,+2.682500E-06,+9.910000E+37,+5.956807E+02,+3.584400E+04,+1.597391E-01,+2.682500E-06,+9.910000E+37,+5.957471E+02,+3.584400E+04,-3.937276E-02,+0.000000E+00,+9.910000E+37,+5.958135E+02,+3.584400E+04
12:45:24,0e0,+1.639280E-01,+2.993500E-06,+9.910000E+37,+5.960400E+02,+3.584400E+04,+1.636554E-01,+2.993500E-06,+9.910000E+37,+5.961074E+02,+3.584400E+04,+1.629262E-01,+2.993500E-06,+9.910000E+37,+5.961748E+02,+3.584400E+04,-3.040266E-02,+0.000000E+00,+9.910000E+37,+5.962412E+02,+3.584400E+04
12:45:24,0e0,+1.691641E-01,+3.340500E-06,+9.910000E+37,+5.964658E+02,+3.584400E+04,+1.688908E-01,+3.340500E-06,+9.910000E+37,+5.965332E+02,+3.584400E+04,+1.682988E-01,+3.340500E-06,+9.910000E+37,+5.965996E+02,+3.584400E+04,-9.228055E-02,+0.000000E+00,+9.910000E+37,+5.966660E+02,+3.584400E+04
12:45:24,0e0,+1.735353E-01,+3.727500E-06,+9.910000E+37,+5.968906E+02,+3.584400E+04,+1.742181E-01,+3.727500E-06,+9.910000E+37,+5.969580E+02,+3.584400E+04,+1.738538E-01,+3.727500E-06,+9.910000E+37,+5.970244E+02,+3.584400E+04,-1.144547E-01,+0.000000E+00,+9.910000E+37,+5.970898E+02,+3.584400E+04
12:45:24,0e0,+1.790901E-01,+4.159500E-06,+9.910000E+37,+5.973135E+02,+3.584400E+04,+1.790909E-01,+4.159500E-06,+9.910000E+37,+5.973799E+02,+3.584400E+04,+1.776786E-01,+4.159500E-06,+9.910000E+37,+5.974473E+02,+3.584400E+04,-3.995417E-01,+0.000000E+00,+9.910000E+37,+5.975137E+02,+3.584400E+04
12:45:24,0e0,+1.846449E-01,+4.641500E-06,+9.910000E+37,+5.977373E+02,+3.584400E+04,+1.832337E-01,+4.641500E-06,+9.910000E+37,+5.978037E+02,+3.584400E+04,+1.843717E-01,+4.641500E-06,+9.910000E+37,+5.978701E+02,+3.584400E+04,-1.053832E+00,+0.000000E+00,+9.910000E+37,+5.979365E+02,+3.584400E+04
12:45:24,0e0,+1.899722E-01,+5.179500E-06,+9.910000E+37,+5.981631E+02,+3.584400E+04,+1.900181E-01,+5.179500E-06,+9.910000E+37,+5.982295E+02,+3.584400E+04,+1.883325E-01,+5.179500E-06,+9.910000E+37,+5.982959E+02,+3.584400E+04,-1.723466E+00,+0.000000E+00,+9.910000E+37,+5.983623E+02,+3.584400E+04
12:45:24,0e0,+1.958459E-01,+5.779500E-06,+9.910000E+37,+5.985869E+02,+3.584400E+04,+1.958910E-01,+5.779500E-06,+9.910000E+37,+5.986533E+02,+3.584400E+04,+1.946160E-01,+5.779500E-06,+9.910000E+37,+5.987197E+02,+3.584400E+04,-3.000580E+00,+0.000000E+00,+9.910000E+37,+5.987871E+02,+3.584400E+04
12:45:24,0e0,+2.008087E-01,+6.449500E-06,+9.910000E+37,+5.990117E+02,+3.584400E+04,+2.025388E-01,+6.449500E-06,+9.910000E+37,+5.990781E+02,+3.584400E+04,+2.001715E-01,+6.449500E-06,+9.910000E+37,+5.991436E+02,+3.584400E+04,-4.386842E+00,+0.000000E+00,+9.910000E+37,+5.992100E+02,+3.584400E+04
12:45:24,0e0,+2.076385E-01,+7.197000E-06,+9.910000E+37,+5.994355E+02,+3.584400E+04,+2.062266E-01,+7.197000E-06,+9.910000E+37,+5.995029E+02,+3.584400E+04,+2.074108E-01,+7.197000E-06,+9.910000E+37,+5.995684E+02,+3.584400E+04,-6.354588E+00,+0.000000E+00,+9.910000E+37,+5.996348E+02,+3.584400E+04
12:45:24,0e0,+2.131478E-01,+8.031000E-06,+9.910000E+37,+5.998594E+02,+3.584400E+04,+2.144682E-01,+8.031000E-06,+9.910000E+37,+5.999268E+02,+3.584400E+04,+2.136024E-01,+8.031000E-06,+9.910000E+37,+5.999922E+02,+3.584400E+04,-8.451057E+00,+0.000000E+00,+9.910000E+37,+6.000586E+02,+3.584400E+04
12:45:24,0e0,+2.204787E-01,+8.961500E-06,+9.910000E+37,+6.002842E+02,+3.584400E+04,+2.185201E-01,+8.961500E-06,+9.910000E+37,+6.003516E+02,+3.584400E+04,+2.194768E-01,+8.961500E-06,+9.910000E+37,+6.004170E+02,+3.584400E+04,-1.085013E+01,+0.000000E+00,+9.910000E+37,+6.004844E+02,+3.584400E+04
12:45:24,0e0,+2.268076E-01,+1.000000E-05,+9.910000E+37,+6.007041E+02,+3.584400E+04,+2.271261E-01,+1.000000E-05,+9.910000E+37,+6.007705E+02,+3.584400E+04,+2.278547E-01,+1.000000E-05,+9.910000E+37,+6.008379E+02,+3.584400E+04,-1.327218E+01,+0.000000E+00,+9.910000E+37,+6.009053E+02,+3.584400E+04
12:45:24,0e0,+2.209790E-01,+1.116000E-05,+9.910000E+37,+6.011221E+02,+3.584400E+04,+2.214800E-01,+1.116000E-05,+9.910000E+37,+6.011895E+02,+3.584400E+04,+2.216618E-01,+1.116000E-05,+9.910000E+37,+6.012559E+02,+3.584400E+04,-5.813175E-02,+0.000000E+00,+9.910000E+37,+6.013232E+02,+3.584400E+04
12:45:24,0e0,+2.268981E-01,+1.245000E-05,+9.910000E+37,+6.015469E+02,+3.584400E+04,+2.286286E-01,+1.245000E-05,+9.910000E+37,+6.016133E+02,+3.584400E+04,+2.282641E-01,+1.245000E-05,+9.910000E+37,+6.016807E+02,+3.584400E+04,-5.913343E-02,+0.000000E+00,+9.910000E+37,+6.017480E+02,+3.584400E+04
12:45:24,0e0,+2.329996E-01,+1.389500E-05,+9.910000E+37,+6.019619E+02,+3.584400E+04,+2.338646E-01,+1.389500E-05,+9.910000E+37,+6.020293E+02,+3.584400E+04,+2.339101E-01,+1.389500E-05,+9.910000E+37,+6.020947E+02,+3.584400E+04,-6.054486E-02,+0.000000E+00,+9.910000E+37,+6.021621E+02,+3.584400E+04
12:45:24,0e0,+2.400114E-01,+1.550500E-05,+9.910000E+37,+6.023740E+02,+3.584400E+04,+2.391004E-01,+1.550500E-05,+9.910000E+37,+6.024414E+02,+3.584400E+04,+2.400114E-01,+1.550500E-05,+9.910000E+37,+6.025088E+02,+3.584400E+04,-5.817738E-02,+0.000000E+00,+9.910000E+37,+6.025742E+02,+3.584400E+04
12:45:24,0e0,+2.467959E-01,+1.730000E-05,+9.910000E+37,+6.027900E+02,+3.584400E+04,+2.464318E-01,+1.730000E-05,+9.910000E+37,+6.028564E+02,+3.584400E+04,+2.471149E-01,+1.730000E-05,+9.910000E+37,+6.029229E+02,+3.584400E+04,-6.063622E-02,+0.000000E+00,+9.910000E+37,+6.029902E+02,+3.584400E+04
12:45:24,0e0,+2.533525E-01,+1.930500E-05,+9.910000E+37,+6.032041E+02,+3.584400E+04,+2.537172E-01,+1.930500E-05,+9.910000E+37,+6.032715E+02,+3.584400E+04,+2.533976E-01,+1.930500E-05,+9.910000E+37,+6.033369E+02,+3.584400E+04,-5.940661E-02,+0.000000E+00,+9.910000E+37,+6.034033E+02,+3.584400E+04
12:45:24,0e0,+2.607741E-01,+2.154500E-05,+9.910000E+37,+6.036211E+02,+3.584400E+04,+2.588608E-01,+2.154500E-05,+9.910000E+37,+6.036865E+02,+3.584400E+04,+2.592262E-01,+2.154500E-05,+9.910000E+37,+6.037529E+02,+3.584400E+04,-5.954327E-02,+0.000000E+00,+9.910000E+37,+6.038193E+02,+3.584400E+04
12:45:24,0e0,+2.672850E-01,+2.404000E-05,+9.910000E+37,+6.040342E+02,+3.584400E+04,+2.672852E-01,+2.404000E-05,+9.910000E+37,+6.041006E+02,+3.584400E+04,+2.663750E-01,+2.404000E-05,+9.910000E+37,+6.041680E+02,+3.584400E+04,-6.068169E-02,+0.000000E+00,+9.910000E+37,+6.042383E+02,+3.584400E+04
12:45:24,0e0,+2.742971E-01,+2.682500E-05,+9.910000E+37,+6.044551E+02,+3.584400E+04,+2.746159E-01,+2.682500E-05,+9.910000E+37,+6.045215E+02,+3.584400E+04,+2.746156E-01,+2.682500E-05,+9.910000E+37,+6.045889E+02,+3.584400E+04,-6.068164E-02,+0.000000E+00,+9.910000E+37,+6.046602E+02,+3.584400E+04
12:45:24,0e0,+2.810815E-01,+2.993500E-05,+9.910000E+37,+6.048809E+02,+3.584400E+04,+2.822652E-01,+2.993500E-05,+9.910000E+37,+6.049473E+02,+3.584400E+04,+2.824472E-01,+2.993500E-05,+9.910000E+37,+6.050146E+02,+3.584400E+04,-6.004429E-02,+0.000000E+00,+9.910000E+37,+6.050840E+02,+3.584400E+04
12:45:24,0e0,+2.907342E-01,+3.340500E-05,+9.910000E+37,+6.053076E+02,+3.584400E+04,+2.890949E-01,+3.340500E-05,+9.910000E+37,+6.053740E+02,+3.584400E+04,+2.890950E-01,+3.340500E-05,+9.910000E+37,+6.054414E+02,+3.584400E+04,-5.904253E-02,+0.000000E+00,+9.910000E+37,+6.055088E+02,+3.584400E+04
12:45:24,0e0,+2.970629E-01,+3.727500E-05,+9.910000E+37,+6.057236E+02,+3.584400E+04,+2.956051E-01,+3.727500E-05,+9.910000E+37,+6.057891E+02,+3.584400E+04,+2.975641E-01,+3.727500E-05,+9.910000E+37,+6.058555E+02,+3.584400E+04,-9.692524E-02,+0.000000E+00,+9.910000E+37,+6.059219E+02,+3.584400E+04
12:45:24,0e0,+3.044846E-01,+4.159500E-05,+9.910000E+37,+6.061328E+02,+3.584400E+04,+3.049856E-01,+4.159500E-05,+9.910000E+37,+6.062002E+02,+3.584400E+04,+3.048491E-01,+4.159500E-05,+9.910000E+37,+6.062656E+02,+3.584400E+04,-1.760141E-01,+0.000000E+00,+9.910000E+37,+6.063330E+02,+3.584400E+04
12:45:24,0e0,+3.116328E-01,+4.641500E-05,+9.910000E+37,+6.065488E+02,+3.584400E+04,+3.138186E-01,+4.641500E-05,+9.910000E+37,+6.066162E+02,+3.584400E+04,+3.119974E-01,+4.641500E-05,+9.910000E+37,+6.066816E+02,+3.584400E+04,-5.111017E-01,+0.000000E+00,+9.910000E+37,+6.067480E+02,+3.584400E+04
12:45:24,0e0,+3.218780E-01,+5.179500E-05,+9.910000E+37,+6.069639E+02,+3.584400E+04,+3.210585E-01,+5.179500E-05,+9.910000E+37,+6.070293E+02,+3.584400E+04,+3.211041E-01,+5.179500E-05,+9.910000E+37,+6.070957E+02,+3.584400E+04,-1.182421E+00,+0.000000E+00,+9.910000E+37,+6.071621E+02,+3.584400E+04
12:45:24,0e0,+3.294814E-01,+5.779500E-05,+9.910000E+37,+6.073789E+02,+3.584400E+04,+3.292999E-01,+5.779500E-05,+9.910000E+37,+6.074453E+02,+3.584400E+04,+3.291627E-01,+5.779500E-05,+9.910000E+37,+6.075127E+02,+3.584400E+04,-2.063382E+00,+0.000000E+00,+9.910000E+37,+6.075781E+02,+3.584400E+04
12:45:24,0e0,+3.377231E-01,+6.449500E-05,+9.910000E+37,+6.077939E+02,+3.584400E+04,+3.378595E-01,+6.449500E-05,+9.910000E+37,+6.078613E+02,+3.584400E+04,+3.379505E-01,+6.449500E-05,+9.910000E+37,+6.079268E+02,+3.584400E+04,-3.088504E+00,+0.000000E+00,+9.910000E+37,+6.079951E+02,+3.584400E+04
12:45:24,0e0,+3.477854E-01,+7.197000E-05,+9.910000E+37,+6.082148E+02,+3.584400E+04,+3.458731E-01,+7.197000E-05,+9.910000E+37,+6.082803E+02,+3.584400E+04,+3.467384E-01,+7.197000E-05,+9.910000E+37,+6.083477E+02,+3.584400E+04,-4.121878E+00,+0.000000E+00,+9.910000E+37,+6.084199E+02,+3.584400E+04
12:45:24,0e0,+3.560268E-01,+8.031000E-05,+9.910000E+37,+6.086416E+02,+3.584400E+04,+3.550704E-01,+8.031000E-05,+9.910000E+37,+6.087080E+02,+3.584400E+04,+3.552073E-01,+8.031000E-05,+9.910000E+37,+6.087754E+02,+3.584400E+04,-6.312908E+00,+0.000000E+00,+9.910000E+37,+6.088428E+02,+3.584400E+04
12:45:24,0e0,+3.640851E-01,+8.961500E-05,+9.910000E+37,+6.090645E+02,+3.584400E+04,+3.635845E-01,+8.961500E-05,+9.910000E+37,+6.091309E+02,+3.584400E+04,+3.644499E-01,+8.961500E-05,+9.910000E+37,+6.091963E+02,+3.584400E+04,-8.141180E+00,+0.000000E+00,+9.910000E+37,+6.092646E+02,+3.584400E+04
12:45:24,0e0,+3.747406E-01,+1.000000E-04,+9.910000E+37,+6.094756E+02,+3.584400E+04,+3.738754E-01,+1.000000E-04,+9.910000E+37,+6.095410E+02,+3.584400E+04,+3.729638E-01,+1.000000E-04,+9.910000E+37,+6.096074E+02,+3.584400E+04,-1.056773E+01,+0.000000E+00,+9.910000E+37,+6.096738E+02,+3.584400E+04
12:45:24,0e0,+3.714160E-01,+1.116000E-04,+9.910000E+37,+6.098926E+02,+3.584400E+04,+3.725550E-01,+1.116000E-04,+9.910000E+37,+6.099590E+02,+3.584400E+04,+3.713257E-01,+1.116000E-04,+9.910000E+37,+6.100254E+02,+3.584400E+04,-8.989211E-01,+0.000000E+00,+9.910000E+37,+6.100928E+02,+3.584400E+04
12:45:24,0e0,+3.807050E-01,+1.245000E-04,+9.910000E+37,+6.103164E+02,+3.584400E+04,+3.799757E-01,+1.245000E-04,+9.910000E+37,+6.103838E+02,+3.584400E+04,+3.781087E-01,+1.245000E-04,+9.910000E+37,+6.104512E+02,+3.584400E+04,-8.884481E-01,+0.000000E+00,+9.910000E+37,+6.105166E+02,+3.584400E+04
12:45:24,0e0,+3.889462E-01,+1.389500E-04,+9.910000E+37,+6.107393E+02,+3.584400E+04,+3.879901E-01,+1.389500E-04,+9.910000E+37,+6.108057E+02,+3.584400E+04,+3.884453E-01,+1.389500E-04,+9.910000E+37,+6.108721E+02,+3.584400E+04,-9.437273E-01,+0.000000E+00,+9.910000E+37,+6.109395E+02,+3.584400E+04
12:45:24,0e0,+3.960038E-01,+1.550500E-04,+9.910000E+37,+6.111650E+02,+3.584400E+04,+3.970962E-01,+1.550500E-04,+9.910000E+37,+6.112314E+02,+3.584400E+04,+3.964593E-01,+1.550500E-04,+9.910000E+37,+6.112979E+02,+3.584400E+04,-8.693691E-01,+0.000000E+00,+9.910000E+37,+6.113652E+02,+3.584400E+04
12:45:24,0e0,+4.059750E-01,+1.730000E-04,+9.910000E+37,+6.115869E+02,+3.584400E+04,+4.052465E-01,+1.730000E-04,+9.910000E+37,+6.116533E+02,+3.584400E+04,+4.058380E-01,+1.730000E-04,+9.910000E+37,+6.117207E+02,+3.584400E+04,-9.109879E-01,+0.000000E+00,+9.910000E+37,+6.117861E+02,+3.584400E+04
12:45:24,0e0,+4.155372E-01,+1.930500E-04,+9.910000E+37,+6.120078E+02,+3.584400E+04,+4.139883E-01,+1.930500E-04,+9.910000E+37,+6.120732E+02,+3.584400E+04,+4.142166E-01,+1.930500E-04,+9.910000E+37,+6.121396E+02,+3.584400E+04,-9.506486E-01,+0.000000E+00,+9.910000E+37,+6.122061E+02,+3.584400E+04
12:45:24,0e0,+4.241425E-01,+2.154500E-04,+9.910000E+37,+6.124287E+02,+3.584400E+04,+4.232770E-01,+2.154500E-04,+9.910000E+37,+6.124961E+02,+3.584400E+04,+4.219568E-01,+2.154500E-04,+9.910000E+37,+6.125615E+02,+3.584400E+04,-9.205045E-01,+0.000000E+00,+9.910000E+37,+6.126279E+02,+3.584400E+04
12:45:24,0e0,+4.315185E-01,+2.404000E-04,+9.910000E+37,+6.128486E+02,+3.584400E+04,+4.337507E-01,+2.404000E-04,+9.910000E+37,+6.129160E+02,+3.584400E+04,+4.308814E-01,+2.404000E-04,+9.910000E+37,+6.129814E+02,+3.584400E+04,-8.706900E-01,+0.000000E+00,+9.910000E+37,+6.130488E+02,+3.584400E+04
12:45:24,0e0,+4.416736E-01,+2.682500E-04,+9.910000E+37,+6.132695E+02,+3.584400E+04,+4.422637E-01,+2.682500E-04,+9.910000E+37,+6.133359E+02,+3.584400E+04,+4.411724E-01,+2.682500E-04,+9.910000E+37,+6.134033E+02,+3.584400E+04,-8.670471E-01,+0.000000E+00,+9.910000E+37,+6.134688E+02,+3.584400E+04
12:45:24,0e0,+4.523727E-01,+2.993500E-04,+9.910000E+37,+6.136914E+02,+3.584400E+04,+4.506408E-01,+2.993500E-04,+9.910000E+37,+6.137568E+02,+3.584400E+04,+4.515983E-01,+2.993500E-04,+9.910000E+37,+6.138232E+02,+3.584400E+04,-9.387643E-01,+0.000000E+00,+9.910000E+37,+6.138906E+02,+3.584400E+04
12:45:24,0e0,+4.612976E-01,+3.340500E-04,+9.910000E+37,+6.141191E+02,+3.584400E+04,+4.610227E-01,+3.340500E-04,+9.910000E+37,+6.141865E+02,+3.584400E+04,+4.612963E-01,+3.340500E-04,+9.910000E+37,+6.142520E+02,+3.584400E+04,-8.787484E-01,+0.000000E+00,+9.910000E+37,+6.143184E+02,+3.584400E+04
12:45:24,0e0,+4.715412E-01,+3.727500E-04,+9.910000E+37,+6.145420E+02,+3.584400E+04,+4.703565E-01,+3.727500E-04,+9.910000E+37,+6.146084E+02,+3.584400E+04,+4.697195E-01,+3.727500E-04,+9.910000E+37,+6.146748E+02,+3.584400E+04,-9.253306E-01,+0.000000E+00,+9.910000E+37,+6.147422E+02,+3.584400E+04
12:45:24,0e0,+4.822410E-01,+4.159500E-04,+9.910000E+37,+6.149658E+02,+3.584400E+04,+4.807829E-01,+4.159500E-04,+9.910000E+37,+6.150322E+02,+3.584400E+04,+4.812847E-01,+4.159500E-04,+9.910000E+37,+6.150996E+02,+3.584400E+04,-9.408587E-01,+0.000000E+00,+9.910000E+37,+6.151650E+02,+3.584400E+04
12:45:24,0e0,+4.918483E-01,+4.641500E-04,+9.910000E+37,+6.153877E+02,+3.584400E+04,+4.918036E-01,+4.641500E-04,+9.910000E+37,+6.154531E+02,+3.584400E+04,+4.922580E-01,+4.641500E-04,+9.910000E+37,+6.155195E+02,+3.584400E+04,-8.644969E-01,+0.000000E+00,+9.910000E+37,+6.155869E+02,+3.584400E+04
12:45:24,0e0,+5.030947E-01,+5.179500E-04,+9.910000E+37,+6.158135E+02,+3.584400E+04,+5.031859E-01,+5.179500E-04,+9.910000E+37,+6.158789E+02,+3.584400E+04,+5.020024E-01,+5.179500E-04,+9.910000E+37,+6.159463E+02,+3.584400E+04,-1.015581E+00,+0.000000E+00,+9.910000E+37,+6.160117E+02,+3.584400E+04
12:45:24,0e0,+5.121084E-01,+5.779500E-04,+9.910000E+37,+6.162354E+02,+3.584400E+04,+5.127933E-01,+5.779500E-04,+9.910000E+37,+6.163027E+02,+3.584400E+04,+5.141129E-01,+5.779500E-04,+9.910000E+37,+6.163682E+02,+3.584400E+04,-1.429629E+00,+0.000000E+00,+9.910000E+37,+6.164346E+02,+3.584400E+04
12:45:24,0e0,+5.237205E-01,+6.449500E-04,+9.910000E+37,+6.166611E+02,+3.584400E+04,+5.251779E-01,+6.449500E-04,+9.910000E+37,+6.167275E+02,+3.584400E+04,+5.259054E-01,+6.449500E-04,+9.910000E+37,+6.167949E+02,+3.584400E+04,-1.718728E+00,+0.000000E+00,+9.910000E+37,+6.168623E+02,+3.584400E+04
12:45:24,0e0,+5.375166E-01,+7.197000E-04,+9.910000E+37,+6.170840E+02,+3.584400E+04,+5.355585E-01,+7.197000E-04,+9.910000E+37,+6.171514E+02,+3.584400E+04,+5.365151E-01,+7.197000E-04,+9.910000E+37,+6.172168E+02,+3.584400E+04,-2.239055E+00,+0.000000E+00,+9.910000E+37,+6.172832E+02,+3.584400E+04
12:45:24,0e0,+5.474877E-01,+8.031000E-04,+9.910000E+37,+6.175049E+02,+3.584400E+04,+5.488999E-01,+8.031000E-04,+9.910000E+37,+6.175713E+02,+3.584400E+04,+5.482621E-01,+8.031000E-04,+9.910000E+37,+6.176377E+02,+3.584400E+04,-2.638076E+00,+0.000000E+00,+9.910000E+37,+6.177041E+02,+3.584400E+04
12:45:24,0e0,+5.605100E-01,+8.961500E-04,+9.910000E+37,+6.179258E+02,+3.584400E+04,+5.614666E-01,+8.961500E-04,+9.910000E+37,+6.179932E+02,+3.584400E+04,+5.607833E-01,+8.961500E-04,+9.910000E+37,+6.180605E+02,+3.584400E+04,-2.866933E+00,+0.000000E+00,+9.910000E+37,+6.181260E+02,+3.584400E+04
12:45:24,0e0,+5.736232E-01,+1.000000E-03,+9.910000E+37,+6.183467E+02,+3.584400E+04,+5.722573E-01,+1.000000E-03,+9.910000E+37,+6.184141E+02,+3.584400E+04,+5.741246E-01,+1.000000E-03,+9.910000E+37,+6.184795E+02,+3.584400E+04,-3.309347E+00,+0.000000E+00,+9.910000E+37,+6.185469E+02,+3.584400E+04
12:45:24,0e0,+5.763556E-01,+1.116000E-03,+9.910000E+37,+6.187725E+02,+3.584400E+04,+5.738052E-01,+1.116000E-03,+9.910000E+37,+6.188389E+02,+3.584400E+04,+5.740326E-01,+1.116000E-03,+9.910000E+37,+6.189063E+02,+3.584400E+04,-1.912479E+00,+0.000000E+00,+9.910000E+37,+6.189736E+02,+3.584400E+04
12:45:24,0e0,+5.864628E-01,+1.245000E-03,+9.910000E+37,+6.191973E+02,+3.584400E+04,+5.873289E-01,+1.245000E-03,+9.910000E+37,+6.192637E+02,+3.584400E+04,+5.872374E-01,+1.245000E-03,+9.910000E+37,+6.193301E+02,+3.584400E+04,-1.842128E+00,+0.000000E+00,+9.910000E+37,+6.193965E+02,+3.584400E+04
12:45:24,0e0,+5.991205E-01,+1.389500E-03,+9.910000E+37,+6.196211E+02,+3.584400E+04,+5.996679E-01,+1.389500E-03,+9.910000E+37,+6.196875E+02,+3.584400E+04,+5.996230E-01,+1.389500E-03,+9.910000E+37,+6.197549E+02,+3.584400E+04,-1.910976E+00,+0.000000E+00,+9.910000E+37,+6.198203E+02,+3.584400E+04
12:45:24,0e0,+6.122338E-01,+1.550500E-03,+9.910000E+37,+6.200410E+02,+3.584400E+04,+6.146932E-01,+1.550500E-03,+9.910000E+37,+6.201074E+02,+3.584400E+04,+6.132815E-01,+1.550500E-03,+9.910000E+37,+6.201748E+02,+3.584400E+04,-1.910154E+00,+0.000000E+00,+9.910000E+37,+6.202422E+02,+3.584400E+04
12:45:24,0e0,+6.264396E-01,+1.730000E-03,+9.910000E+37,+6.204619E+02,+3.584400E+04,+6.256199E-01,+1.730000E-03,+9.910000E+37,+6.205283E+02,+3.584400E+04,+6.259845E-01,+1.730000E-03,+9.910000E+37,+6.205947E+02,+3.584400E+04,-1.909794E+00,+0.000000E+00,+9.910000E+37,+6.206611E+02,+3.584400E+04
12:45:24,0e0,+6.414652E-01,+1.930500E-03,+9.910000E+37,+6.208848E+02,+3.584400E+04,+6.429226E-01,+1.930500E-03,+9.910000E+37,+6.209512E+02,+3.584400E+04,+6.410101E-01,+1.930500E-03,+9.910000E+37,+6.210186E+02,+3.584400E+04,-1.911703E+00,+0.000000E+00,+9.910000E+37,+6.210859E+02,+3.584400E+04
12:45:24,0e0,+6.581311E-01,+2.154500E-03,+9.910000E+37,+6.213076E+02,+3.584400E+04,+6.580848E-01,+2.154500E-03,+9.910000E+37,+6.213750E+02,+3.584400E+04,+6.564911E-01,+2.154500E-03,+9.910000E+37,+6.214404E+02,+3.584400E+04,-1.906329E+00,+0.000000E+00,+9.910000E+37,+6.215068E+02,+3.584400E+04
12:45:24,0e0,+6.709704E-01,+2.404000E-03,+9.910000E+37,+6.217344E+02,+3.584400E+04,+6.709702E-01,+2.404000E-03,+9.910000E+37,+6.218008E+02,+3.584400E+04,+6.708343E-01,+2.404000E-03,+9.910000E+37,+6.218682E+02,+3.584400E+04,-1.915984E+00,+0.000000E+00,+9.910000E+37,+6.219355E+02,+3.584400E+04
12:45:24,0e0,+6.863136E-01,+2.682500E-03,+9.910000E+37,+6.221572E+02,+3.584400E+04,+6.864505E-01,+2.682500E-03,+9.910000E+37,+6.222236E+02,+3.584400E+04,+6.860410E-01,+2.682500E-03,+9.910000E+37,+6.222900E+02,+3.584400E+04,-1.916301E+00,+0.000000E+00,+9.910000E+37,+6.223564E+02,+3.584400E+04
12:45:24,0e0,+7.036164E-01,+2.993500E-03,+9.910000E+37,+6.225781E+02,+3.584400E+04,+7.031601E-01,+2.993500E-03,+9.910000E+37,+6.226455E+02,+3.584400E+04,+7.033885E-01,+2.993500E-03,+9.910000E+37,+6.227129E+02,+3.584400E+04,-1.898499E+00,+0.000000E+00,+9.910000E+37,+6.227783E+02,+3.584400E+04
12:45:24,0e0,+7.201431E-01,+3.340500E-03,+9.910000E+37,+6.230039E+02,+3.584400E+04,+7.197798E-01,+3.340500E-03,+9.910000E+37,+6.230703E+02,+3.584400E+04,+7.205100E-01,+3.340500E-03,+9.910000E+37,+6.231377E+02,+3.584400E+04,-1.845044E+00,+0.000000E+00,+9.910000E+37,+6.232051E+02,+3.584400E+04
12:45:24,0e0,+7.375373E-01,+3.727500E-03,+9.910000E+37,+6.234297E+02,+3.584400E+04,+7.379928E-01,+3.727500E-03,+9.910000E+37,+6.234961E+02,+3.584400E+04,+7.368546E-01,+3.727500E-03,+9.910000E+37,+6.235635E+02,+3.584400E+04,-1.899227E+00,+0.000000E+00,+9.910000E+37,+6.236289E+02,+3.584400E+04
12:45:24,0e0,+7.553395E-01,+4.159500E-03,+9.910000E+37,+6.238574E+02,+3.584400E+04,+7.555223E-01,+4.159500E-03,+9.910000E+37,+6.239229E+02,+3.584400E+04,+7.553402E-01,+4.159500E-03,+9.910000E+37,+6.239893E+02,+3.584400E+04,-1.896178E+00,+0.000000E+00,+9.910000E+37,+6.240566E+02,+3.584400E+04
12:45:24,0e0,+7.752379E-01,+4.641500E-03,+9.910000E+37,+6.242813E+02,+3.584400E+04,+7.732360E-01,+4.641500E-03,+9.910000E+37,+6.243477E+02,+3.584400E+04,+7.739174E-01,+4.641500E-03,+9.910000E+37,+6.244141E+02,+3.584400E+04,-1.877644E+00,+0.000000E+00,+9.910000E+37,+6.244805E+02,+3.584400E+04
12:45:24,0e0,+7.930877E-01,+5.179500E-03,+9.910000E+37,+6.247031E+02,+3.584400E+04,+7.923583E-01,+5.179500E-03,+9.910000E+37,+6.247705E+02,+3.584400E+04,+7.934046E-01,+5.179500E-03,+9.910000E+37,+6.248359E+02,+3.584400E+04,-1.868308E+00,+0.000000E+00,+9.910000E+37,+6.249023E+02,+3.584400E+04
12:45:24,0e0,+8.113444E-01,+5.779500E-03,+9.910000E+37,+6.251309E+02,+3.584400E+04,+8.115270E-01,+5.779500E-03,+9.910000E+37,+6.251973E+02,+3.584400E+04,+8.107072E-01,+5.779500E-03,+9.910000E+37,+6.252637E+02,+3.584400E+04,-1.871179E+00,+0.000000E+00,+9.910000E+37,+6.253301E+02,+3.584400E+04
12:45:24,0e0,+8.311036E-01,+6.449500E-03,+9.910000E+37,+6.255527E+02,+3.584400E+04,+8.319253E-01,+6.449500E-03,+9.910000E+37,+6.256191E+02,+3.584400E+04,+8.323791E-01,+6.449500E-03,+9.910000E+37,+6.256865E+02,+3.584400E+04,-1.840900E+00,+0.000000E+00,+9.910000E+37,+6.257539E+02,+3.584400E+04
12:45:24,0e0,+8.524147E-01,+7.197000E-03,+9.910000E+37,+6.259746E+02,+3.584400E+04,+8.521396E-01,+7.197000E-03,+9.910000E+37,+6.260420E+02,+3.584400E+04,+8.527333E-01,+7.197000E-03,+9.910000E+37,+6.261074E+02,+3.584400E+04,-1.817083E+00,+0.000000E+00,+9.910000E+37,+6.261738E+02,+3.584400E+04
12:45:24,0e0,+8.749070E-01,+8.031000E-03,+9.910000E+37,+6.263994E+02,+3.584400E+04,+8.727216E-01,+8.031000E-03,+9.910000E+37,+6.264668E+02,+3.584400E+04,+8.735859E-01,+8.031000E-03,+9.910000E+37,+6.265342E+02,+3.584400E+04,-1.844223E+00,+0.000000E+00,+9.910000E+37,+6.265996E+02,+3.584400E+04
12:45:24,0e0,+8.960798E-01,+8.961500E-03,+9.910000E+37,+6.268203E+02,+3.584400E+04,+8.963983E-01,+8.961500E-03,+9.910000E+37,+6.268867E+02,+3.584400E+04,+8.954418E-01,+8.961500E-03,+9.910000E+37,+6.269541E+02,+3.584400E+04,-1.860066E+00,+0.000000E+00,+9.910000E+37,+6.270215E+02,+3.584400E+04
