12:53:25,0e0,+6.789461E-03,+1.000000E-07,+9.910000E+37,+1.053851E+03,+3.584400E+04,+7.472411E-03,+1.000000E-07,+9.910000E+37,+1.053918E+03,+3.584400E+04,+8.929282E-03,+1.000000E-07,+9.910000E+37,+1.053983E+03,+3.584400E+04,-1.005687E-02,+0.000000E+00,+9.910000E+37,+1.054051E+03,+3.584400E+04
12:53:25,0e0,+8.793026E-03,+1.116000E-07,+9.910000E+37,+1.054273E+03,+3.584400E+04,+1.002213E-02,+1.116000E-07,+9.910000E+37,+1.054340E+03,+3.584400E+04,+7.836714E-03,+1.116000E-07,+9.910000E+37,+1.054407E+03,+3.584400E+04,-1.069424E-02,+0.000000E+00,+9.910000E+37,+1.054473E+03,+3.584400E+04
12:53:25,0e0,+1.179788E-02,+1.245000E-07,+9.910000E+37,+1.054698E+03,+3.584400E+04,+1.166120E-02,+1.245000E-07,+9.910000E+37,+1.054765E+03,+3.584400E+04,+1.166108E-02,+1.245000E-07,+9.910000E+37,+1.054832E+03,+3.584400E+04,-1.114973E-02,+0.000000E+00,+9.910000E+37,+1.054899E+03,+3.584400E+04
12:53:25,0e0,+1.402918E-02,+1.389500E-07,+9.910000E+37,+1.055125E+03,+3.584400E+04,+1.421100E-02,+1.389500E-07,+9.910000E+37,+1.055192E+03,+3.584400E+04,+1.389214E-02,+1.389500E-07,+9.910000E+37,+1.055260E+03,+3.584400E+04,-1.060323E-02,+0.000000E+00,+9.910000E+37,+1.055325E+03,+3.584400E+04
12:53:25,0e0,+1.621424E-02,+1.550500E-07,+9.910000E+37,+1.055550E+03,+3.584400E+04,+1.648726E-02,+1.550500E-07,+9.910000E+37,+1.055616E+03,+3.584400E+04,+1.603210E-02,+1.550500E-07,+9.910000E+37,+1.055683E+03,+3.584400E+04,-1.114987E-02,+0.000000E+00,+9.910000E+37,+1.055749E+03,+3.584400E+04
12:53:25,0e0,+1.899156E-02,+1.730000E-07,+9.910000E+37,+1.055977E+03,+3.584400E+04,+1.985684E-02,+1.730000E-07,+9.910000E+37,+1.056043E+03,+3.584400E+04,+1.876372E-02,+1.730000E-07,+9.910000E+37,+1.056109E+03,+3.584400E+04,-1.114947E-02,+0.000000E+00,+9.910000E+37,+1.056176E+03,+3.584400E+04
12:53:25,0e0,+2.267997E-02,+1.930500E-07,+9.910000E+37,+1.056400E+03,+3.584400E+04,+2.131321E-02,+1.930500E-07,+9.910000E+37,+1.056468E+03,+3.584400E+04,+2.272496E-02,+1.930500E-07,+9.910000E+37,+1.056535E+03,+3.584400E+04,-1.101309E-02,+0.000000E+00,+9.910000E+37,+1.056603E+03,+3.584400E+04
12:53:25,0e0,+2.718711E-02,+2.154500E-07,+9.910000E+37,+1.056828E+03,+3.584400E+04,+2.796111E-02,+2.154500E-07,+9.910000E+37,+1.056894E+03,+3.584400E+04,+2.568457E-02,+2.154500E-07,+9.910000E+37,+1.056960E+03,+3.584400E+04,-1.055762E-02,+0.000000E+00,+9.910000E+37,+1.057026E+03,+3.584400E+04
12:53:25,0e0,+2.919048E-02,+2.404000E-07,+9.910000E+37,+1.057251E+03,+3.584400E+04,+2.955464E-02,+2.404000E-07,+9.910000E+37,+1.057317E+03,+3.584400E+04,+2.991885E-02,+2.404000E-07,+9.910000E+37,+1.057384E+03,+3.584400E+04,-1.119520E-02,+0.000000E+00,+9.910000E+37,+1.057450E+03,+3.584400E+04
12:53:25,0e0,+3.342459E-02,+2.682500E-07,+9.910000E+37,+1.057678E+03,+3.584400E+04,+3.447199E-02,+2.682500E-07,+9.910000E+37,+1.057744E+03,+3.584400E+04,+3.479087E-02,+2.682500E-07,+9.910000E+37,+1.057811E+03,+3.584400E+04,-9.738147E-03,+0.000000E+00,+9.910000E+37,+1.057877E+03,+3.584400E+04
12:53:25,0e0,+3.802317E-02,+2.993500E-07,+9.910000E+37,+1.058100E+03,+3.584400E+04,+3.961691E-02,+2.993500E-07,+9.910000E+37,+1.058166E+03,+3.584400E+04,+3.852358E-02,+2.993500E-07,+9.910000E+37,+1.058232E+03,+3.584400E+04,-1.073982E-02,+0.000000E+00,+9.910000E+37,+1.058299E+03,+3.584400E+04
12:53:25,0e0,+4.430649E-02,+3.340500E-07,+9.910000E+37,+1.058524E+03,+3.584400E+04,+4.366904E-02,+3.340500E-07,+9.910000E+37,+1.058590E+03,+3.584400E+04,+4.407856E-02,+3.340500E-07,+9.910000E+37,+1.058656E+03,+3.584400E+04,-1.142284E-02,+0.000000E+00,+9.910000E+37,+1.058723E+03,+3.584400E+04
12:53:25,0e0,+4.858628E-02,+3.727500E-07,+9.910000E+37,+1.058949E+03,+3.584400E+04,+4.867744E-02,+3.727500E-07,+9.910000E+37,+1.059016E+03,+3.584400E+04,+4.885933E-02,+3.727500E-07,+9.910000E+37,+1.059082E+03,+3.584400E+04,-1.078536E-02,+0.000000E+00,+9.910000E+37,+1.059148E+03,+3.584400E+04
12:53:25,0e0,+5.568910E-02,+4.159500E-07,+9.910000E+37,+1.059372E+03,+3.584400E+04,+5.500618E-02,+4.159500E-07,+9.910000E+37,+1.059439E+03,+3.584400E+04,+5.450511E-02,+4.159500E-07,+9.910000E+37,+1.059505E+03,+3.584400E+04,-1.069441E-02,+0.000000E+00,+9.910000E+37,+1.059571E+03,+3.584400E+04
12:53:25,0e0,+6.101608E-02,+4.641500E-07,+9.910000E+37,+1.059797E+03,+3.584400E+04,+6.060648E-02,+4.641500E-07,+9.910000E+37,+1.059864E+03,+3.584400E+04,+6.092471E-02,+4.641500E-07,+9.910000E+37,+1.059931E+03,+3.584400E+04,-1.069447E-02,+0.000000E+00,+9.910000E+37,+1.059997E+03,+3.584400E+04
12:53:25,0e0,+6.793678E-02,+5.179500E-07,+9.910000E+37,+1.060223E+03,+3.584400E+04,+6.739038E-02,+5.179500E-07,+9.910000E+37,+1.060289E+03,+3.584400E+04,+6.830171E-02,+5.179500E-07,+9.910000E+37,+1.060355E+03,+3.584400E+04,-9.556457E-03,+0.000000E+00,+9.910000E+37,+1.060423E+03,+3.584400E+04
12:53:25,0e0,+7.449314E-02,+5.779500E-07,+9.910000E+37,+1.060647E+03,+3.584400E+04,+7.517615E-02,+5.779500E-07,+9.910000E+37,+1.060714E+03,+3.584400E+04,+7.631442E-02,+5.779500E-07,+9.910000E+37,+1.060780E+03,+3.584400E+04,-1.110411E-02,+0.000000E+00,+9.910000E+37,+1.060847E+03,+3.584400E+04
12:53:25,0e0,+8.200508E-02,+6.449500E-07,+9.910000E+37,+1.061072E+03,+3.584400E+04,+8.296183E-02,+6.449500E-07,+9.910000E+37,+1.061140E+03,+3.584400E+04,+8.182338E-02,+6.449500E-07,+9.910000E+37,+1.061207E+03,+3.584400E+04,-1.037563E-02,+0.000000E+00,+9.910000E+37,+1.061272E+03,+3.584400E+04
12:53:25,0e0,+9.088394E-02,+7.197000E-07,+9.910000E+37,+1.061498E+03,+3.584400E+04,+9.143043E-02,+7.197000E-07,+9.910000E+37,+1.061564E+03,+3.584400E+04,+9.088421E-02,+7.197000E-07,+9.910000E+37,+1.061631E+03,+3.584400E+04,-9.874836E-03,+0.000000E+00,+9.910000E+37,+1.061698E+03,+3.584400E+04
12:53:25,0e0,+9.935257E-02,+8.031000E-07,+9.910000E+37,+1.061923E+03,+3.584400E+04,+9.958017E-02,+8.031000E-07,+9.910000E+37,+1.061988E+03,+3.584400E+04,+1.004454E-01,+8.031000E-07,+9.910000E+37,+1.062055E+03,+3.584400E+04,-1.014793E-02,+0.000000E+00,+9.910000E+37,+1.062121E+03,+3.584400E+04
12:53:25,0e0,+1.108263E-01,+8.961500E-07,+9.910000E+37,+1.062347E+03,+3.584400E+04,+1.089140E-01,+8.961500E-07,+9.910000E+37,+1.062413E+03,+3.584400E+04,+1.096882E-01,+8.961500E-07,+9.910000E+37,+1.062479E+03,+3.584400E+04,-1.133226E-02,+0.000000E+00,+9.910000E+37,+1.062547E+03,+3.584400E+04
12:53:25,0e0,+1.222091E-01,+1.000000E-06,+9.910000E+37,+1.062768E+03,+3.584400E+04,+1.207519E-01,+1.000000E-06,+9.910000E+37,+1.062833E+03,+3.584400E+04,+1.206610E-01,+1.000000E-06,+9.910000E+37,+1.062899E+03,+3.584400E+04,-1.128650E-02,+0.000000E+00,+9.910000E+37,+1.062966E+03,+3.584400E+04
12:53:25,0e0,+1.196137E-01,+1.116000E-06,+9.910000E+37,+1.063191E+03,+3.584400E+04,+1.205246E-01,+1.116000E-06,+9.910000E+37,+1.063258E+03,+3.584400E+04,+1.179286E-01,+1.116000E-06,+9.910000E+37,+1.063325E+03,+3.584400E+04,-9.373918E-03,+0.000000E+00,+9.910000E+37,+1.063391E+03,+3.584400E+04
12:53:25,0e0,+1.304049E-01,+1.245000E-06,+9.910000E+37,+1.063615E+03,+3.584400E+04,+1.297216E-01,+1.245000E-06,+9.910000E+37,+1.063681E+03,+3.584400E+04,+1.303132E-01,+1.245000E-06,+9.910000E+37,+1.063748E+03,+3.584400E+04,-1.028475E-02,+0.000000E+00,+9.910000E+37,+1.063813E+03,+3.584400E+04
12:53:25,0e0,+1.414230E-01,+1.389500E-06,+9.910000E+37,+1.064037E+03,+3.584400E+04,+1.410583E-01,+1.389500E-06,+9.910000E+37,+1.064104E+03,+3.584400E+04,+1.421966E-01,+1.389500E-06,+9.910000E+37,+1.064170E+03,+3.584400E+04,-1.096767E-02,+0.000000E+00,+9.910000E+37,+1.064237E+03,+3.584400E+04
12:53:25,0e0,+1.549911E-01,+1.550500E-06,+9.910000E+37,+1.064464E+03,+3.584400E+04,+1.541259E-01,+1.550500E-06,+9.910000E+37,+1.064530E+03,+3.584400E+04,+1.551733E-01,+1.550500E-06,+9.910000E+37,+1.064597E+03,+3.584400E+04,-1.001152E-02,+0.000000E+00,+9.910000E+37,+1.064663E+03,+3.584400E+04
12:53:25,0e0,+1.676482E-01,+1.730000E-06,+9.910000E+37,+1.064890E+03,+3.584400E+04,+1.680126E-01,+1.730000E-06,+9.910000E+37,+1.064957E+03,+3.584400E+04,+1.659636E-01,+1.730000E-06,+9.910000E+37,+1.065022E+03,+3.584400E+04,-1.023924E-02,+0.000000E+00,+9.910000E+37,+1.065089E+03,+3.584400E+04
12:53:25,0e0,+1.821726E-01,+1.930500E-06,+9.910000E+37,+1.065313E+03,+3.584400E+04,+1.811709E-01,+1.930500E-06,+9.910000E+37,+1.065380E+03,+3.584400E+04,+1.819906E-01,+1.930500E-06,+9.910000E+37,+1.065447E+03,+3.584400E+04,-1.155944E-02,+0.000000E+00,+9.910000E+37,+1.065515E+03,+3.584400E+04
12:53:25,0e0,+1.973345E-01,+2.154500E-06,+9.910000E+37,+1.065740E+03,+3.584400E+04,+1.965149E-01,+2.154500E-06,+9.910000E+37,+1.065806E+03,+3.584400E+04,+1.966058E-01,+2.154500E-06,+9.910000E+37,+1.065872E+03,+3.584400E+04,-1.265253E-02,+0.000000E+00,+9.910000E+37,+1.065939E+03,+3.584400E+04
12:53:25,0e0,+2.107202E-01,+2.404000E-06,+9.910000E+37,+1.066164E+03,+3.584400E+04,+2.123592E-01,+2.404000E-06,+9.910000E+37,+1.066229E+03,+3.584400E+04,+2.118128E-01,+2.404000E-06,+9.910000E+37,+1.066297E+03,+3.584400E+04,-1.160502E-02,+0.000000E+00,+9.910000E+37,+1.066364E+03,+3.584400E+04
12:53:25,0e0,+2.288868E-01,+2.682500E-06,+9.910000E+37,+1.066585E+03,+3.584400E+04,+2.292055E-01,+2.682500E-06,+9.910000E+37,+1.066652E+03,+3.584400E+04,+2.287953E-01,+2.682500E-06,+9.910000E+37,+1.066718E+03,+3.584400E+04,-1.160528E-02,+0.000000E+00,+9.910000E+37,+1.066784E+03,+3.584400E+04
12:53:25,0e0,+2.466893E-01,+2.993500E-06,+9.910000E+37,+1.067012E+03,+3.584400E+04,+2.488749E-01,+2.993500E-06,+9.910000E+37,+1.067079E+03,+3.584400E+04,+2.477363E-01,+2.993500E-06,+9.910000E+37,+1.067146E+03,+3.584400E+04,-1.110433E-02,+0.000000E+00,+9.910000E+37,+1.067212E+03,+3.584400E+04
12:53:25,0e0,+2.680433E-01,+3.340500E-06,+9.910000E+37,+1.067437E+03,+3.584400E+04,+2.662672E-01,+3.340500E-06,+9.910000E+37,+1.067504E+03,+3.584400E+04,+2.669955E-01,+3.340500E-06,+9.910000E+37,+1.067569E+03,+3.584400E+04,-1.069441E-02,+0.000000E+00,+9.910000E+37,+1.067636E+03,+3.584400E+04
12:53:25,0e0,+2.869383E-01,+3.727500E-06,+9.910000E+37,+1.067859E+03,+3.584400E+04,+2.873025E-01,+3.727500E-06,+9.910000E+37,+1.067926E+03,+3.584400E+04,+2.873477E-01,+3.727500E-06,+9.910000E+37,+1.067992E+03,+3.584400E+04,-1.092233E-02,+0.000000E+00,+9.910000E+37,+1.068059E+03,+3.584400E+04
12:53:25,0e0,+3.088837E-01,+4.159500E-06,+9.910000E+37,+1.068283E+03,+3.584400E+04,+3.091574E-01,+4.159500E-06,+9.910000E+37,+1.068351E+03,+3.584400E+04,+3.086560E-01,+4.159500E-06,+9.910000E+37,+1.068416E+03,+3.584400E+04,-1.114957E-02,+0.000000E+00,+9.910000E+37,+1.068482E+03,+3.584400E+04
12:53:25,0e0,+3.322862E-01,+4.641500E-06,+9.910000E+37,+1.068704E+03,+3.584400E+04,+3.311481E-01,+4.641500E-06,+9.910000E+37,+1.068771E+03,+3.584400E+04,+3.317855E-01,+4.641500E-06,+9.910000E+37,+1.068837E+03,+3.584400E+04,-1.064889E-02,+0.000000E+00,+9.910000E+37,+1.068903E+03,+3.584400E+04
12:53:25,0e0,+3.558253E-01,+5.179500E-06,+9.910000E+37,+1.069124E+03,+3.584400E+04,+3.558712E-01,+5.179500E-06,+9.910000E+37,+1.069190E+03,+3.584400E+04,+3.570558E-01,+5.179500E-06,+9.910000E+37,+1.069257E+03,+3.584400E+04,-1.051226E-02,+0.000000E+00,+9.910000E+37,+1.069324E+03,+3.584400E+04
12:53:25,0e0,+3.818230E-01,+5.779500E-06,+9.910000E+37,+1.069545E+03,+3.584400E+04,+3.808219E-01,+5.779500E-06,+9.910000E+37,+1.069612E+03,+3.584400E+04,+3.810490E-01,+5.779500E-06,+9.910000E+37,+1.069678E+03,+3.584400E+04,-1.101319E-02,+0.000000E+00,+9.910000E+37,+1.069744E+03,+3.584400E+04
12:53:25,0e0,+4.072747E-01,+6.449500E-06,+9.910000E+37,+1.069970E+03,+3.584400E+04,+4.078211E-01,+6.449500E-06,+9.910000E+37,+1.070036E+03,+3.584400E+04,+4.081860E-01,+6.449500E-06,+9.910000E+37,+1.070104E+03,+3.584400E+04,-1.119539E-02,+0.000000E+00,+9.910000E+37,+1.070171E+03,+3.584400E+04
12:53:25,0e0,+4.365965E-01,+7.197000E-06,+9.910000E+37,+1.070396E+03,+3.584400E+04,+4.359580E-01,+7.197000E-06,+9.910000E+37,+1.070462E+03,+3.584400E+04,+4.370524E-01,+7.197000E-06,+9.910000E+37,+1.070528E+03,+3.584400E+04,-1.128654E-02,+0.000000E+00,+9.910000E+37,+1.070595E+03,+3.584400E+04
12:53:25,0e0,+4.680128E-01,+8.031000E-06,+9.910000E+37,+1.070820E+03,+3.584400E+04,+4.657360E-01,+8.031000E-06,+9.910000E+37,+1.070888E+03,+3.584400E+04,+4.651433E-01,+8.031000E-06,+9.910000E+37,+1.070953E+03,+3.584400E+04,-1.051232E-02,+0.000000E+00,+9.910000E+37,+1.071020E+03,+3.584400E+04
12:53:25,0e0,+4.978350E-01,+8.961500E-06,+9.910000E+37,+1.071246E+03,+3.584400E+04,+4.982902E-01,+8.961500E-06,+9.910000E+37,+1.071312E+03,+3.584400E+04,+4.967420E-01,+8.961500E-06,+9.910000E+37,+1.071378E+03,+3.584400E+04,-1.074024E-02,+0.000000E+00,+9.910000E+37,+1.071444E+03,+3.584400E+04
12:53:25,0e0,+5.309812E-01,+1.000000E-05,+9.910000E+37,+1.071666E+03,+3.584400E+04,+5.302982E-01,+1.000000E-05,+9.910000E+37,+1.071733E+03,+3.584400E+04,+5.309818E-01,+1.000000E-05,+9.910000E+37,+1.071799E+03,+3.584400E+04,-9.465188E-03,+0.000000E+00,+9.910000E+37,+1.071865E+03,+3.584400E+04
12:53:25,0e0,+5.524259E-01,+1.116000E-05,+9.910000E+37,+1.072085E+03,+3.584400E+04,+5.533827E-01,+1.116000E-05,+9.910000E+37,+1.072152E+03,+3.584400E+04,+5.517889E-01,+1.116000E-05,+9.910000E+37,+1.072218E+03,+3.584400E+04,-1.110436E-02,+0.000000E+00,+9.910000E+37,+1.072287E+03,+3.584400E+04
12:53:25,0e0,+5.880305E-01,+1.245000E-05,+9.910000E+37,+1.072505E+03,+3.584400E+04,+5.882587E-01,+1.245000E-05,+9.910000E+37,+1.072571E+03,+3.584400E+04,+5.863915E-01,+1.245000E-05,+9.910000E+37,+1.072640E+03,+3.584400E+04,-1.215176E-02,+0.000000E+00,+9.910000E+37,+1.072711E+03,+3.584400E+04
12:53:25,0e0,+6.222692E-01,+1.389500E-05,+9.910000E+37,+1.072931E+03,+3.584400E+04,+6.240912E-01,+1.389500E-05,+9.910000E+37,+1.072997E+03,+3.584400E+04,+6.241819E-01,+1.389500E-05,+9.910000E+37,+1.073064E+03,+3.584400E+04,-1.069446E-02,+0.000000E+00,+9.910000E+37,+1.073132E+03,+3.584400E+04
12:53:25,0e0,+6.626552E-01,+1.550500E-05,+9.910000E+37,+1.073352E+03,+3.584400E+04,+6.636581E-01,+1.550500E-05,+9.910000E+37,+1.073419E+03,+3.584400E+04,+6.621986E-01,+1.550500E-05,+9.910000E+37,+1.073484E+03,+3.584400E+04,-1.178724E-02,+0.000000E+00,+9.910000E+37,+1.073556E+03,+3.584400E+04
12:53:25,0e0,+7.029507E-01,+1.730000E-05,+9.910000E+37,+1.073777E+03,+3.584400E+04,+7.028130E-01,+1.730000E-05,+9.910000E+37,+1.073845E+03,+3.584400E+04,+7.025399E-01,+1.730000E-05,+9.910000E+37,+1.073918E+03,+3.584400E+04,-1.187845E-02,+0.000000E+00,+9.910000E+37,+1.073988E+03,+3.584400E+04
12:53:25,0e0,+7.438360E-01,+1.930500E-05,+9.910000E+37,+1.074208E+03,+3.584400E+04,+7.453392E-01,+1.930500E-05,+9.910000E+37,+1.074275E+03,+3.584400E+04,+7.442907E-01,+1.930500E-05,+9.910000E+37,+1.074341E+03,+3.584400E+04,-1.101314E-02,+0.000000E+00,+9.910000E+37,+1.074413E+03,+3.584400E+04
12:53:25,0e0,+7.882733E-01,+2.154500E-05,+9.910000E+37,+1.074634E+03,+3.584400E+04,+7.871355E-01,+2.154500E-05,+9.910000E+37,+1.074700E+03,+3.584400E+04,+7.870445E-01,+2.154500E-05,+9.910000E+37,+1.074768E+03,+3.584400E+04,-1.242502E-02,+0.000000E+00,+9.910000E+37,+1.074836E+03,+3.584400E+04
12:53:25,0e0,+8.329856E-01,+2.404000E-05,+9.910000E+37,+1.075055E+03,+3.584400E+04,+8.314360E-01,+2.404000E-05,+9.910000E+37,+1.075122E+03,+3.584400E+04,+8.341701E-01,+2.404000E-05,+9.910000E+37,+1.075187E+03,+3.584400E+04,-1.283449E-02,+0.000000E+00,+9.910000E+37,+1.075257E+03,+3.584400E+04
12:53:25,0e0,+8.806546E-01,+2.682500E-05,+9.910000E+37,+1.075477E+03,+3.584400E+04,+8.796072E-01,+2.682500E-05,+9.910000E+37,+1.075545E+03,+3.584400E+04,+8.796531E-01,+2.682500E-05,+9.910000E+37,+1.075616E+03,+3.584400E+04,-1.256159E-02,+0.000000E+00,+9.910000E+37,+1.075687E+03,+3.584400E+04
12:53:25,0e0,+9.304205E-01,+2.993500E-05,+9.910000E+37,+1.075906E+03,+3.584400E+04,+9.291891E-01,+2.993500E-05,+9.910000E+37,+1.075973E+03,+3.584400E+04,+9.280961E-01,+2.993500E-05,+9.910000E+37,+1.076040E+03,+3.584400E+04,-1.215176E-02,+0.000000E+00,+9.910000E+37,+1.076110E+03,+3.584400E+04
12:53:25,0e0,+9.815042E-01,+3.340500E-05,+9.910000E+37,+1.076332E+03,+3.584400E+04,+9.817317E-01,+3.340500E-05,+9.910000E+37,+1.076397E+03,+3.584400E+04,+9.821895E-01,+3.340500E-05,+9.910000E+37,+1.076464E+03,+3.584400E+04,-1.169625E-02,+0.000000E+00,+9.910000E+37,+1.076532E+03,+3.584400E+04
12:53:25,0e0,+1.035593E+00,+3.727500E-05,+9.910000E+37,+1.076756E+03,+3.584400E+04,+1.035276E+00,+3.727500E-05,+9.910000E+37,+1.076823E+03,+3.584400E+04,+1.035231E+00,+3.727500E-05,+9.910000E+37,+1.076889E+03,+3.584400E+04,-1.174197E-02,+0.000000E+00,+9.910000E+37,+1.076957E+03,+3.584400E+04
12:53:25,0e0,+1.093370E+00,+4.159500E-05,+9.910000E+37,+1.077177E+03,+3.584400E+04,+1.094830E+00,+4.159500E-05,+9.910000E+37,+1.077242E+03,+3.584400E+04,+1.092187E+00,+4.159500E-05,+9.910000E+37,+1.077310E+03,+3.584400E+04,-1.092218E-02,+0.000000E+00,+9.910000E+37,+1.077377E+03,+3.584400E+04
12:53:25,0e0,+1.154703E+00,+4.641500E-05,+9.910000E+37,+1.077599E+03,+3.584400E+04,+1.153199E+00,+4.641500E-05,+9.910000E+37,+1.077666E+03,+3.584400E+04,+1.153290E+00,+4.641500E-05,+9.910000E+37,+1.077731E+03,+3.584400E+04,-1.219730E-02,+0.000000E+00,+9.910000E+37,+1.077803E+03,+3.584400E+04
12:53:25,0e0,+1.217808E+00,+5.179500E-05,+9.910000E+37,+1.078022E+03,+3.584400E+04,+1.216849E+00,+5.179500E-05,+9.910000E+37,+1.078088E+03,+3.584400E+04,+1.218034E+00,+5.179500E-05,+9.910000E+37,+1.078155E+03,+3.584400E+04,-1.228838E-02,+0.000000E+00,+9.910000E+37,+1.078226E+03,+3.584400E+04
12:53:25,0e0,+1.285465E+00,+5.779500E-05,+9.910000E+37,+1.078445E+03,+3.584400E+04,+1.284599E+00,+5.779500E-05,+9.910000E+37,+1.078512E+03,+3.584400E+04,+1.285056E+00,+5.779500E-05,+9.910000E+37,+1.078578E+03,+3.584400E+04,-1.233375E-02,+0.000000E+00,+9.910000E+37,+1.078650E+03,+3.584400E+04
12:53:25,0e0,+1.356086E+00,+6.449500E-05,+9.910000E+37,+1.078871E+03,+3.584400E+04,+1.356495E+00,+6.449500E-05,+9.910000E+37,+1.078937E+03,+3.584400E+04,+1.356129E+00,+6.449500E-05,+9.910000E+37,+1.079004E+03,+3.584400E+04,-1.119533E-02,+0.000000E+00,+9.910000E+37,+1.079077E+03,+3.584400E+04
12:53:25,0e0,+1.429293E+00,+7.197000E-05,+9.910000E+37,+1.079299E+03,+3.584400E+04,+1.430893E+00,+7.197000E-05,+9.910000E+37,+1.079365E+03,+3.584400E+04,+1.430798E+00,+7.197000E-05,+9.910000E+37,+1.079432E+03,+3.584400E+04,-1.306251E-02,+0.000000E+00,+9.910000E+37,+1.079503E+03,+3.584400E+04
12:53:25,0e0,+1.509657E+00,+8.031000E-05,+9.910000E+37,+1.079728E+03,+3.584400E+04,+1.509384E+00,+8.031000E-05,+9.910000E+37,+1.079794E+03,+3.584400E+04,+1.509473E+00,+8.031000E-05,+9.910000E+37,+1.079861E+03,+3.584400E+04,-1.160537E-02,+0.000000E+00,+9.910000E+37,+1.079930E+03,+3.584400E+04
12:53:25,0e0,+1.593433E+00,+8.961500E-05,+9.910000E+37,+1.080151E+03,+3.584400E+04,+1.593114E+00,+8.961500E-05,+9.910000E+37,+1.080218E+03,+3.584400E+04,+1.593068E+00,+8.961500E-05,+9.910000E+37,+1.080285E+03,+3.584400E+04,-1.278915E-02,+0.000000E+00,+9.910000E+37,+1.080354E+03,+3.584400E+04
12:53:25,0e0,+1.682949E+00,+1.000000E-04,+9.910000E+37,+1.080574E+03,+3.584400E+04,+1.681215E+00,+1.000000E-04,+9.910000E+37,+1.080642E+03,+3.584400E+04,+1.681168E+00,+1.000000E-04,+9.910000E+37,+1.080707E+03,+3.584400E+04,-1.242478E-02,+0.000000E+00,+9.910000E+37,+1.080776E+03,+3.584400E+04
12:53:25,0e0,+1.764171E+00,+1.116000E-04,+9.910000E+37,+1.081000E+03,+3.584400E+04,+1.764627E+00,+1.116000E-04,+9.910000E+37,+1.081065E+03,+3.584400E+04,+1.763718E+00,+1.116000E-04,+9.910000E+37,+1.081133E+03,+3.584400E+04,-2.084798E-02,+0.000000E+00,+9.910000E+37,+1.081200E+03,+3.584400E+04
12:53:25,0e0,+1.863247E+00,+1.245000E-04,+9.910000E+37,+1.081429E+03,+3.584400E+04,+1.862200E+00,+1.245000E-04,+9.910000E+37,+1.081496E+03,+3.584400E+04,+1.862472E+00,+1.245000E-04,+9.910000E+37,+1.081562E+03,+3.584400E+04,-2.139430E-02,+0.000000E+00,+9.910000E+37,+1.081628E+03,+3.584400E+04
12:53:25,0e0,+1.967010E+00,+1.389500E-04,+9.910000E+37,+1.081854E+03,+3.584400E+04,+1.965050E+00,+1.389500E-04,+9.910000E+37,+1.081922E+03,+3.584400E+04,+1.965461E+00,+1.389500E-04,+9.910000E+37,+1.081987E+03,+3.584400E+04,-2.084793E-02,+0.000000E+00,+9.910000E+37,+1.082054E+03,+3.584400E+04
12:53:25,0e0,+2.078150E+00,+1.550500E-04,+9.910000E+37,+1.082278E+03,+3.584400E+04,+2.076327E+00,+1.550500E-04,+9.910000E+37,+1.082346E+03,+3.584400E+04,+2.075461E+00,+1.550500E-04,+9.910000E+37,+1.082411E+03,+3.584400E+04,-2.216813E-02,+0.000000E+00,+9.910000E+37,+1.082479E+03,+3.584400E+04
12:53:25,0e0,+2.193708E+00,+1.730000E-04,+9.910000E+37,+1.082702E+03,+3.584400E+04,+2.191607E+00,+1.730000E-04,+9.910000E+37,+1.082769E+03,+3.584400E+04,+2.191880E+00,+1.730000E-04,+9.910000E+37,+1.082835E+03,+3.584400E+04,-2.048373E-02,+0.000000E+00,+9.910000E+37,+1.082901E+03,+3.584400E+04
12:53:25,0e0,+2.314997E+00,+1.930500E-04,+9.910000E+37,+1.083128E+03,+3.584400E+04,+2.317411E+00,+1.930500E-04,+9.910000E+37,+1.083193E+03,+3.584400E+04,+2.315453E+00,+1.930500E-04,+9.910000E+37,+1.083260E+03,+3.584400E+04,-2.194083E-02,+0.000000E+00,+9.910000E+37,+1.083326E+03,+3.584400E+04
12:53:25,0e0,+2.445990E+00,+2.154500E-04,+9.910000E+37,+1.083548E+03,+3.584400E+04,+2.446582E+00,+2.154500E-04,+9.910000E+37,+1.083614E+03,+3.584400E+04,+2.445259E+00,+2.154500E-04,+9.910000E+37,+1.083682E+03,+3.584400E+04,-2.098452E-02,+0.000000E+00,+9.910000E+37,+1.083748E+03,+3.584400E+04
12:53:25,0e0,+2.582946E+00,+2.404000E-04,+9.910000E+37,+1.083975E+03,+3.584400E+04,+2.582762E+00,+2.404000E-04,+9.910000E+37,+1.084042E+03,+3.584400E+04,+2.583035E+00,+2.404000E-04,+9.910000E+37,+1.084107E+03,+3.584400E+04,-2.139430E-02,+0.000000E+00,+9.910000E+37,+1.084175E+03,+3.584400E+04
12:53:25,0e0,+2.725957E+00,+2.682500E-04,+9.910000E+37,+1.084401E+03,+3.584400E+04,+2.723675E+00,+2.682500E-04,+9.910000E+37,+1.084467E+03,+3.584400E+04,+2.725182E+00,+2.682500E-04,+9.910000E+37,+1.084534E+03,+3.584400E+04,-2.148558E-02,+0.000000E+00,+9.910000E+37,+1.084600E+03,+3.584400E+04
12:53:25,0e0,+2.875112E+00,+2.993500E-04,+9.910000E+37,+1.084822E+03,+3.584400E+04,+2.873247E+00,+2.993500E-04,+9.910000E+37,+1.084890E+03,+3.584400E+04,+2.874338E+00,+2.993500E-04,+9.910000E+37,+1.084955E+03,+3.584400E+04,-2.030161E-02,+0.000000E+00,+9.910000E+37,+1.085022E+03,+3.584400E+04
12:53:25,0e0,+3.027822E+00,+3.340500E-04,+9.910000E+37,+1.085248E+03,+3.584400E+04,+3.028463E+00,+3.340500E-04,+9.910000E+37,+1.085313E+03,+3.584400E+04,+3.029235E+00,+3.340500E-04,+9.910000E+37,+1.085381E+03,+3.584400E+04,-2.116664E-02,+0.000000E+00,+9.910000E+37,+1.085447E+03,+3.584400E+04
12:53:25,0e0,+3.185584E+00,+3.727500E-04,+9.910000E+37,+1.085674E+03,+3.584400E+04,+3.187086E+00,+3.727500E-04,+9.910000E+37,+1.085739E+03,+3.584400E+04,+3.188914E+00,+3.727500E-04,+9.910000E+37,+1.085806E+03,+3.584400E+04,-2.271479E-02,+0.000000E+00,+9.910000E+37,+1.085872E+03,+3.584400E+04
12:53:25,0e0,+3.347537E+00,+4.159500E-04,+9.910000E+37,+1.086098E+03,+3.584400E+04,+3.348446E+00,+4.159500E-04,+9.910000E+37,+1.086163E+03,+3.584400E+04,+3.349494E+00,+4.159500E-04,+9.910000E+37,+1.086230E+03,+3.584400E+04,-2.116688E-02,+0.000000E+00,+9.910000E+37,+1.086296E+03,+3.584400E+04
12:53:25,0e0,+3.511765E+00,+4.641500E-04,+9.910000E+37,+1.086519E+03,+3.584400E+04,+3.511768E+00,+4.641500E-04,+9.910000E+37,+1.086585E+03,+3.584400E+04,+3.512589E+00,+4.641500E-04,+9.910000E+37,+1.086651E+03,+3.584400E+04,-2.043821E-02,+0.000000E+00,+9.910000E+37,+1.086718E+03,+3.584400E+04
12:53:25,0e0,+3.674858E+00,+5.179500E-04,+9.910000E+37,+1.086939E+03,+3.584400E+04,+3.676131E+00,+5.179500E-04,+9.910000E+37,+1.087006E+03,+3.584400E+04,+3.678410E+00,+5.179500E-04,+9.910000E+37,+1.087073E+03,+3.584400E+04,-1.939058E-02,+0.000000E+00,+9.910000E+37,+1.087139E+03,+3.584400E+04
12:53:25,0e0,+3.836935E+00,+5.779500E-04,+9.910000E+37,+1.087364E+03,+3.584400E+04,+3.839627E+00,+5.779500E-04,+9.910000E+37,+1.087432E+03,+3.584400E+04,+3.839628E+00,+5.779500E-04,+9.910000E+37,+1.087499E+03,+3.584400E+04,-2.089356E-02,+0.000000E+00,+9.910000E+37,+1.087564E+03,+3.584400E+04
12:53:25,0e0,+3.996847E+00,+6.449500E-04,+9.910000E+37,+1.087791E+03,+3.584400E+04,+3.998808E+00,+6.449500E-04,+9.910000E+37,+1.087858E+03,+3.584400E+04,+4.000444E+00,+6.449500E-04,+9.910000E+37,+1.087925E+03,+3.584400E+04,-1.989189E-02,+0.000000E+00,+9.910000E+37,+1.087992E+03,+3.584400E+04
12:53:25,0e0,+4.155210E+00,+7.197000E-04,+9.910000E+37,+1.088217E+03,+3.584400E+04,+4.157158E+00,+7.197000E-04,+9.910000E+37,+1.088284E+03,+3.584400E+04,+4.155381E+00,+7.197000E-04,+9.910000E+37,+1.088352E+03,+3.584400E+04,-2.052921E-02,+0.000000E+00,+9.910000E+37,+1.088418E+03,+3.584400E+04
12:53:25,0e0,+4.305311E+00,+8.031000E-04,+9.910000E+37,+1.088639E+03,+3.584400E+04,+4.308047E+00,+8.031000E-04,+9.910000E+37,+1.088706E+03,+3.584400E+04,+4.308497E+00,+8.031000E-04,+9.910000E+37,+1.088771E+03,+3.584400E+04,-2.112128E-02,+0.000000E+00,+9.910000E+37,+1.088838E+03,+3.584400E+04
12:53:25,0e0,+4.453467E+00,+8.961500E-04,+9.910000E+37,+1.089061E+03,+3.584400E+04,+4.456338E+00,+8.961500E-04,+9.910000E+37,+1.089127E+03,+3.584400E+04,+4.456929E+00,+8.961500E-04,+9.910000E+37,+1.089193E+03,+3.584400E+04,-2.134885E-02,+0.000000E+00,+9.910000E+37,+1.089260E+03,+3.584400E+04
12:53:25,0e0,+4.596395E+00,+1.000000E-03,+9.910000E+37,+1.089484E+03,+3.584400E+04,+4.599253E+00,+1.000000E-03,+9.910000E+37,+1.089552E+03,+3.584400E+04,+4.599942E+00,+1.000000E-03,+9.910000E+37,+1.089618E+03,+3.584400E+04,-2.034730E-02,+0.000000E+00,+9.910000E+37,+1.089684E+03,+3.584400E+04
12:53:25,0e0,+4.722418E+00,+1.116000E-03,+9.910000E+37,+1.089907E+03,+3.584400E+04,+4.724785E+00,+1.116000E-03,+9.910000E+37,+1.089973E+03,+3.584400E+04,+4.725238E+00,+1.116000E-03,+9.910000E+37,+1.090040E+03,+3.584400E+04,-8.194885E-01,+0.000000E+00,+9.910000E+37,+1.090105E+03,+3.584400E+04
12:53:25,0e0,+4.856686E+00,+1.245000E-03,+9.910000E+37,+1.090328E+03,+3.584400E+04,+4.861794E+00,+1.245000E-03,+9.910000E+37,+1.090394E+03,+3.584400E+04,+4.862786E+00,+1.245000E-03,+9.910000E+37,+1.090461E+03,+3.584400E+04,-8.113380E-01,+0.000000E+00,+9.910000E+37,+1.090526E+03,+3.584400E+04
12:53:25,0e0,+4.989130E+00,+1.389500E-03,+9.910000E+37,+1.090748E+03,+3.584400E+04,+4.992962E+00,+1.389500E-03,+9.910000E+37,+1.090814E+03,+3.584400E+04,+4.995464E+00,+1.389500E-03,+9.910000E+37,+1.090884E+03,+3.584400E+04,-9.803112E-01,+0.000000E+00,+9.910000E+37,+1.090956E+03,+3.584400E+04
12:53:25,0e0,+5.119900E+00,+1.550500E-03,+9.910000E+37,+1.091182E+03,+3.584400E+04,+5.125041E+00,+1.550500E-03,+9.910000E+37,+1.091248E+03,+3.584400E+04,+5.123172E+00,+1.550500E-03,+9.910000E+37,+1.091315E+03,+3.584400E+04,-7.921224E-01,+0.000000E+00,+9.910000E+37,+1.091381E+03,+3.584400E+04
12:53:25,0e0,+5.248840E+00,+1.730000E-03,+9.910000E+37,+1.091605E+03,+3.584400E+04,+5.254267E+00,+1.730000E-03,+9.910000E+37,+1.091671E+03,+3.584400E+04,+5.254759E+00,+1.730000E-03,+9.910000E+37,+1.091738E+03,+3.584400E+04,-8.122934E-01,+0.000000E+00,+9.910000E+37,+1.091805E+03,+3.584400E+04
12:53:25,0e0,+5.377285E+00,+1.930500E-03,+9.910000E+37,+1.092032E+03,+3.584400E+04,+5.380329E+00,+1.930500E-03,+9.910000E+37,+1.092100E+03,+3.584400E+04,+5.382747E+00,+1.930500E-03,+9.910000E+37,+1.092165E+03,+3.584400E+04,-7.743649E-01,+0.000000E+00,+9.910000E+37,+1.092232E+03,+3.584400E+04
12:53:25,0e0,+5.507042E+00,+2.154500E-03,+9.910000E+37,+1.092453E+03,+3.584400E+04,+5.510463E+00,+2.154500E-03,+9.910000E+37,+1.092521E+03,+3.584400E+04,+5.510131E+00,+2.154500E-03,+9.910000E+37,+1.092586E+03,+3.584400E+04,-7.587917E-01,+0.000000E+00,+9.910000E+37,+1.092653E+03,+3.584400E+04
12:53:25,0e0,+5.634215E+00,+2.404000E-03,+9.910000E+37,+1.092876E+03,+3.584400E+04,+5.640627E+00,+2.404000E-03,+9.910000E+37,+1.092943E+03,+3.584400E+04,+5.641763E+00,+2.404000E-03,+9.910000E+37,+1.093009E+03,+3.584400E+04,-7.913936E-01,+0.000000E+00,+9.910000E+37,+1.093076E+03,+3.584400E+04
12:53:25,0e0,+5.765015E+00,+2.682500E-03,+9.910000E+37,+1.093299E+03,+3.584400E+04,+5.772676E+00,+2.682500E-03,+9.910000E+37,+1.093364E+03,+3.584400E+04,+5.772986E+00,+2.682500E-03,+9.910000E+37,+1.093431E+03,+3.584400E+04,-7.783263E-01,+0.000000E+00,+9.910000E+37,+1.093498E+03,+3.584400E+04
12:53:25,0e0,+5.898148E+00,+2.993500E-03,+9.910000E+37,+1.093720E+03,+3.584400E+04,+5.905978E+00,+2.993500E-03,+9.910000E+37,+1.093787E+03,+3.584400E+04,+5.906070E+00,+2.993500E-03,+9.910000E+37,+1.093853E+03,+3.584400E+04,-7.577453E-01,+0.000000E+00,+9.910000E+37,+1.093919E+03,+3.584400E+04
12:53:25,0e0,+6.034054E+00,+3.340500E-03,+9.910000E+37,+1.094144E+03,+3.584400E+04,+6.041388E+00,+3.340500E-03,+9.910000E+37,+1.094210E+03,+3.584400E+04,+6.043437E+00,+3.340500E-03,+9.910000E+37,+1.094277E+03,+3.584400E+04,-7.613413E-01,+0.000000E+00,+9.910000E+37,+1.094343E+03,+3.584400E+04
12:53:25,0e0,+6.173290E+00,+3.727500E-03,+9.910000E+37,+1.094564E+03,+3.584400E+04,+6.179607E+00,+3.727500E-03,+9.910000E+37,+1.094631E+03,+3.584400E+04,+6.181667E+00,+3.727500E-03,+9.910000E+37,+1.094697E+03,+3.584400E+04,-7.382115E-01,+0.000000E+00,+9.910000E+37,+1.094763E+03,+3.584400E+04
12:53:25,0e0,+6.313927E+00,+4.159500E-03,+9.910000E+37,+1.094984E+03,+3.584400E+04,+6.322041E+00,+4.159500E-03,+9.910000E+37,+1.095052E+03,+3.584400E+04,+6.325002E+00,+4.159500E-03,+9.910000E+37,+1.095118E+03,+3.584400E+04,-7.252801E-01,+0.000000E+00,+9.910000E+37,+1.095185E+03,+3.584400E+04
12:53:25,0e0,+6.459806E+00,+4.641500E-03,+9.910000E+37,+1.095405E+03,+3.584400E+04,+6.468961E+00,+4.641500E-03,+9.910000E+37,+1.095472E+03,+3.584400E+04,+6.471375E+00,+4.641500E-03,+9.910000E+37,+1.095539E+03,+3.584400E+04,-7.361625E-01,+0.000000E+00,+9.910000E+37,+1.095604E+03,+3.584400E+04
12:53:25,0e0,+6.606603E+00,+5.179500E-03,+9.910000E+37,+1.095827E+03,+3.584400E+04,+6.616249E+00,+5.179500E-03,+9.910000E+37,+1.095893E+03,+3.584400E+04,+6.619941E+00,+5.179500E-03,+9.910000E+37,+1.095959E+03,+3.584400E+04,-7.311545E-01,+0.000000E+00,+9.910000E+37,+1.096025E+03,+3.584400E+04
12:53:25,0e0,+6.758946E+00,+5.779500E-03,+9.910000E+37,+1.096250E+03,+3.584400E+04,+6.770829E+00,+5.779500E-03,+9.910000E+37,+1.096316E+03,+3.584400E+04,+6.771564E+00,+5.779500E-03,+9.910000E+37,+1.096383E+03,+3.584400E+04,-7.129408E-01,+0.000000E+00,+9.910000E+37,+1.096450E+03,+3.584400E+04
12:53:25,0e0,+6.914156E+00,+6.449500E-03,+9.910000E+37,+1.096673E+03,+3.584400E+04,+6.924719E+00,+6.449500E-03,+9.910000E+37,+1.096739E+03,+3.584400E+04,+6.930366E+00,+6.449500E-03,+9.910000E+37,+1.096806E+03,+3.584400E+04,-7.061572E-01,+0.000000E+00,+9.910000E+37,+1.096873E+03,+3.584400E+04
12:53:25,0e0,+7.074055E+00,+7.197000E-03,+9.910000E+37,+1.097099E+03,+3.584400E+04,+7.087944E+00,+7.197000E-03,+9.910000E+37,+1.097165E+03,+3.584400E+04,+7.090629E+00,+7.197000E-03,+9.910000E+37,+1.097231E+03,+3.584400E+04,-6.826602E-01,+0.000000E+00,+9.910000E+37,+1.097299E+03,+3.584400E+04
12:53:25,0e0,+7.238144E+00,+8.031000E-03,+9.910000E+37,+1.097523E+03,+3.584400E+04,+7.252578E+00,+8.031000E-03,+9.910000E+37,+1.097589E+03,+3.584400E+04,+7.257274E+00,+8.031000E-03,+9.910000E+37,+1.097655E+03,+3.584400E+04,-6.939531E-01,+0.000000E+00,+9.910000E+37,+1.097722E+03,+3.584400E+04
12:53:25,0e0,+7.409446E+00,+8.961500E-03,+9.910000E+37,+1.097947E+03,+3.584400E+04,+7.423410E+00,+8.961500E-03,+9.910000E+37,+1.098015E+03,+3.584400E+04,+7.427464E+00,+8.961500E-03,+9.910000E+37,+1.098080E+03,+3.584400E+04,-6.706856E-01,+0.000000E+00,+9.910000E+37,+1.098146E+03,+3.584400E+04
