13:01:43,0e0,+3.232419E-03,+1.000000E-07,+9.910000E+37,+1.541434E+03,+3.584400E+04,+3.095508E-03,+1.000000E-07,+9.910000E+37,+1.541500E+03,+3.584400E+04,+4.234046E-03,+1.000000E-07,+9.910000E+37,+1.541566E+03,+3.584400E+04,-7.011548E-03,+0.000000E+00,+9.910000E+37,+1.541634E+03,+3.584400E+04
13:01:43,0e0,+6.191865E-03,+1.116000E-07,+9.910000E+37,+1.541856E+03,+3.584400E+04,+4.552692E-03,+1.116000E-07,+9.910000E+37,+1.541923E+03,+3.584400E+04,+4.825830E-03,+1.116000E-07,+9.910000E+37,+1.541989E+03,+3.584400E+04,-7.011503E-03,+0.000000E+00,+9.910000E+37,+1.542056E+03,+3.584400E+04
13:01:43,0e0,+6.191805E-03,+1.245000E-07,+9.910000E+37,+1.542280E+03,+3.584400E+04,+8.604974E-03,+1.245000E-07,+9.910000E+37,+1.542347E+03,+3.584400E+04,+6.738231E-03,+1.245000E-07,+9.910000E+37,+1.542413E+03,+3.584400E+04,-6.328538E-03,+0.000000E+00,+9.910000E+37,+1.542480E+03,+3.584400E+04
13:01:43,0e0,+9.060115E-03,+1.389500E-07,+9.910000E+37,+1.542703E+03,+3.584400E+04,+8.786976E-03,+1.389500E-07,+9.910000E+37,+1.542770E+03,+3.584400E+04,+9.242237E-03,+1.389500E-07,+9.910000E+37,+1.542836E+03,+3.584400E+04,-5.873382E-03,+0.000000E+00,+9.910000E+37,+1.542903E+03,+3.584400E+04
13:01:43,0e0,+1.047200E-02,+1.550500E-07,+9.910000E+37,+1.543125E+03,+3.584400E+04,+1.038043E-02,+1.550500E-07,+9.910000E+37,+1.543191E+03,+3.584400E+04,+1.229294E-02,+1.550500E-07,+9.910000E+37,+1.543258E+03,+3.584400E+04,-7.831186E-03,+0.000000E+00,+9.910000E+37,+1.543324E+03,+3.584400E+04
13:01:43,0e0,+1.315808E-02,+1.730000E-07,+9.910000E+37,+1.543545E+03,+3.584400E+04,+1.384081E-02,+1.730000E-07,+9.910000E+37,+1.543611E+03,+3.584400E+04,+1.324897E-02,+1.730000E-07,+9.910000E+37,+1.543679E+03,+3.584400E+04,-6.874979E-03,+0.000000E+00,+9.910000E+37,+1.543744E+03,+3.584400E+04
13:01:43,0e0,+1.520674E-02,+1.930500E-07,+9.910000E+37,+1.543969E+03,+3.584400E+04,+1.516114E-02,+1.930500E-07,+9.910000E+37,+1.544035E+03,+3.584400E+04,+1.629937E-02,+1.930500E-07,+9.910000E+37,+1.544101E+03,+3.584400E+04,-7.421389E-03,+0.000000E+00,+9.910000E+37,+1.544167E+03,+3.584400E+04
13:01:43,0e0,+1.884893E-02,+2.154500E-07,+9.910000E+37,+1.544393E+03,+3.584400E+04,+1.944087E-02,+2.154500E-07,+9.910000E+37,+1.544459E+03,+3.584400E+04,+1.789272E-02,+2.154500E-07,+9.910000E+37,+1.544525E+03,+3.584400E+04,-7.148176E-03,+0.000000E+00,+9.910000E+37,+1.544592E+03,+3.584400E+04
13:01:43,0e0,+2.103429E-02,+2.404000E-07,+9.910000E+37,+1.544815E+03,+3.584400E+04,+2.185416E-02,+2.404000E-07,+9.910000E+37,+1.544881E+03,+3.584400E+04,+2.162617E-02,+2.404000E-07,+9.910000E+37,+1.544947E+03,+3.584400E+04,-7.375747E-03,+0.000000E+00,+9.910000E+37,+1.545015E+03,+3.584400E+04
13:01:43,0e0,+2.476786E-02,+2.682500E-07,+9.910000E+37,+1.545234E+03,+3.584400E+04,+2.481312E-02,+2.682500E-07,+9.910000E+37,+1.545301E+03,+3.584400E+04,+2.490442E-02,+2.682500E-07,+9.910000E+37,+1.545367E+03,+3.584400E+04,-8.058980E-03,+0.000000E+00,+9.910000E+37,+1.545435E+03,+3.584400E+04
13:01:43,0e0,+2.877429E-02,+2.993500E-07,+9.910000E+37,+1.545655E+03,+3.584400E+04,+2.913859E-02,+2.993500E-07,+9.910000E+37,+1.545722E+03,+3.584400E+04,+2.913851E-02,+2.993500E-07,+9.910000E+37,+1.545789E+03,+3.584400E+04,-7.148027E-03,+0.000000E+00,+9.910000E+37,+1.545855E+03,+3.584400E+04
13:01:43,0e0,+3.287211E-02,+3.340500E-07,+9.910000E+37,+1.546081E+03,+3.584400E+04,+3.514859E-02,+3.340500E-07,+9.910000E+37,+1.546147E+03,+3.584400E+04,+3.328180E-02,+3.340500E-07,+9.910000E+37,+1.546215E+03,+3.584400E+04,-8.423343E-03,+0.000000E+00,+9.910000E+37,+1.546280E+03,+3.584400E+04
13:01:43,0e0,+3.847215E-02,+3.727500E-07,+9.910000E+37,+1.546505E+03,+3.584400E+04,+3.756133E-02,+3.727500E-07,+9.910000E+37,+1.546571E+03,+3.584400E+04,+3.833538E-02,+3.727500E-07,+9.910000E+37,+1.546638E+03,+3.584400E+04,-7.512435E-03,+0.000000E+00,+9.910000E+37,+1.546704E+03,+3.584400E+04
13:01:43,0e0,+4.329818E-02,+4.159500E-07,+9.910000E+37,+1.546929E+03,+3.584400E+04,+4.343498E-02,+4.159500E-07,+9.910000E+37,+1.546995E+03,+3.584400E+04,+4.284289E-02,+4.159500E-07,+9.910000E+37,+1.547063E+03,+3.584400E+04,-8.150250E-03,+0.000000E+00,+9.910000E+37,+1.547130E+03,+3.584400E+04
13:01:43,0e0,+4.980895E-02,+4.641500E-07,+9.910000E+37,+1.547355E+03,+3.584400E+04,+4.949015E-02,+4.641500E-07,+9.910000E+37,+1.547423E+03,+3.584400E+04,+4.908052E-02,+4.641500E-07,+9.910000E+37,+1.547490E+03,+3.584400E+04,-8.058578E-03,+0.000000E+00,+9.910000E+37,+1.547556E+03,+3.584400E+04
13:01:43,0e0,+5.682081E-02,+5.179500E-07,+9.910000E+37,+1.547779E+03,+3.584400E+04,+5.609193E-02,+5.179500E-07,+9.910000E+37,+1.547847E+03,+3.584400E+04,+5.663833E-02,+5.179500E-07,+9.910000E+37,+1.547912E+03,+3.584400E+04,-8.286640E-03,+0.000000E+00,+9.910000E+37,+1.547979E+03,+3.584400E+04
13:01:43,0e0,+6.419605E-02,+5.779500E-07,+9.910000E+37,+1.548206E+03,+3.584400E+04,+6.287575E-02,+5.779500E-07,+9.910000E+37,+1.548272E+03,+3.584400E+04,+6.428728E-02,+5.779500E-07,+9.910000E+37,+1.548339E+03,+3.584400E+04,-6.920680E-03,+0.000000E+00,+9.910000E+37,+1.548406E+03,+3.584400E+04
13:01:43,0e0,+7.216406E-02,+6.449500E-07,+9.910000E+37,+1.548630E+03,+3.584400E+04,+7.239145E-02,+6.449500E-07,+9.910000E+37,+1.548697E+03,+3.584400E+04,+7.298329E-02,+6.449500E-07,+9.910000E+37,+1.548764E+03,+3.584400E+04,-8.423269E-03,+0.000000E+00,+9.910000E+37,+1.548830E+03,+3.584400E+04
13:01:43,0e0,+8.136070E-02,+7.197000E-07,+9.910000E+37,+1.549054E+03,+3.584400E+04,+8.140674E-02,+7.197000E-07,+9.910000E+37,+1.549120E+03,+3.584400E+04,+8.236268E-02,+7.197000E-07,+9.910000E+37,+1.549187E+03,+3.584400E+04,-9.197742E-03,+0.000000E+00,+9.910000E+37,+1.549253E+03,+3.584400E+04
13:01:43,0e0,+9.124047E-02,+8.031000E-07,+9.910000E+37,+1.549475E+03,+3.584400E+04,+9.192342E-02,+8.031000E-07,+9.910000E+37,+1.549541E+03,+3.584400E+04,+9.169623E-02,+8.031000E-07,+9.910000E+37,+1.549608E+03,+3.584400E+04,-7.967919E-03,+0.000000E+00,+9.910000E+37,+1.549676E+03,+3.584400E+04
13:01:43,0e0,+1.033055E-01,+8.961500E-07,+9.910000E+37,+1.549899E+03,+3.584400E+04,+1.029416E-01,+8.961500E-07,+9.910000E+37,+1.549966E+03,+3.584400E+04,+1.032608E-01,+8.961500E-07,+9.910000E+37,+1.550033E+03,+3.584400E+04,-7.375851E-03,+0.000000E+00,+9.910000E+37,+1.550099E+03,+3.584400E+04
13:01:43,0e0,+1.159177E-01,+1.000000E-06,+9.910000E+37,+1.550323E+03,+3.584400E+04,+1.176931E-01,+1.000000E-06,+9.910000E+37,+1.550390E+03,+3.584400E+04,+1.166004E-01,+1.000000E-06,+9.910000E+37,+1.550455E+03,+3.584400E+04,-9.060860E-03,+0.000000E+00,+9.910000E+37,+1.550521E+03,+3.584400E+04
13:01:43,0e0,+1.175572E-01,+1.116000E-06,+9.910000E+37,+1.550743E+03,+3.584400E+04,+1.177838E-01,+1.116000E-06,+9.910000E+37,+1.550809E+03,+3.584400E+04,+1.177387E-01,+1.116000E-06,+9.910000E+37,+1.550875E+03,+3.584400E+04,-8.104339E-03,+0.000000E+00,+9.910000E+37,+1.550942E+03,+3.584400E+04
13:01:43,0e0,+1.334918E-01,+1.245000E-06,+9.910000E+37,+1.551163E+03,+3.584400E+04,+1.319895E-01,+1.245000E-06,+9.910000E+37,+1.551229E+03,+3.584400E+04,+1.308511E-01,+1.245000E-06,+9.910000E+37,+1.551297E+03,+3.584400E+04,-6.601617E-03,+0.000000E+00,+9.910000E+37,+1.551364E+03,+3.584400E+04
13:01:43,0e0,+1.490627E-01,+1.389500E-06,+9.910000E+37,+1.551584E+03,+3.584400E+04,+1.476514E-01,+1.389500E-06,+9.910000E+37,+1.551649E+03,+3.584400E+04,+1.476515E-01,+1.389500E-06,+9.910000E+37,+1.551717E+03,+3.584400E+04,-7.740334E-03,+0.000000E+00,+9.910000E+37,+1.551782E+03,+3.584400E+04
13:01:43,0e0,+1.657272E-01,+1.550500E-06,+9.910000E+37,+1.552005E+03,+3.584400E+04,+1.649077E-01,+1.550500E-06,+9.910000E+37,+1.552071E+03,+3.584400E+04,+1.662275E-01,+1.550500E-06,+9.910000E+37,+1.552139E+03,+3.584400E+04,-7.558167E-03,+0.000000E+00,+9.910000E+37,+1.552204E+03,+3.584400E+04
13:01:43,0e0,+1.849400E-01,+1.730000E-06,+9.910000E+37,+1.552429E+03,+3.584400E+04,+1.843020E-01,+1.730000E-06,+9.910000E+37,+1.552495E+03,+3.584400E+04,+1.857145E-01,+1.730000E-06,+9.910000E+37,+1.552562E+03,+3.584400E+04,-7.785708E-03,+0.000000E+00,+9.910000E+37,+1.552628E+03,+3.584400E+04
13:01:43,0e0,+2.062022E-01,+1.930500E-06,+9.910000E+37,+1.552853E+03,+3.584400E+04,+2.055191E-01,+1.930500E-06,+9.910000E+37,+1.552918E+03,+3.584400E+04,+2.074316E-01,+1.930500E-06,+9.910000E+37,+1.552985E+03,+3.584400E+04,-9.516165E-03,+0.000000E+00,+9.910000E+37,+1.553051E+03,+3.584400E+04
13:01:43,0e0,+2.309247E-01,+2.154500E-06,+9.910000E+37,+1.553273E+03,+3.584400E+04,+2.295126E-01,+2.154500E-06,+9.910000E+37,+1.553341E+03,+3.584400E+04,+2.301051E-01,+2.154500E-06,+9.910000E+37,+1.553406E+03,+3.584400E+04,-8.241281E-03,+0.000000E+00,+9.910000E+37,+1.553473E+03,+3.584400E+04
13:01:43,0e0,+2.566037E-01,+2.404000E-06,+9.910000E+37,+1.553698E+03,+3.584400E+04,+2.565128E-01,+2.404000E-06,+9.910000E+37,+1.553766E+03,+3.584400E+04,+2.576050E-01,+2.404000E-06,+9.910000E+37,+1.553831E+03,+3.584400E+04,-8.787617E-03,+0.000000E+00,+9.910000E+37,+1.553897E+03,+3.584400E+04
13:01:43,0e0,+2.848324E-01,+2.682500E-06,+9.910000E+37,+1.554119E+03,+3.584400E+04,+2.862436E-01,+2.682500E-06,+9.910000E+37,+1.554186E+03,+3.584400E+04,+2.861521E-01,+2.682500E-06,+9.910000E+37,+1.554252E+03,+3.584400E+04,-8.331954E-03,+0.000000E+00,+9.910000E+37,+1.554318E+03,+3.584400E+04
13:01:43,0e0,+3.177489E-01,+2.993500E-06,+9.910000E+37,+1.554544E+03,+3.584400E+04,+3.171113E-01,+2.993500E-06,+9.910000E+37,+1.554609E+03,+3.584400E+04,+3.181587E-01,+2.993500E-06,+9.910000E+37,+1.554676E+03,+3.584400E+04,-9.515941E-03,+0.000000E+00,+9.910000E+37,+1.554742E+03,+3.584400E+04
13:01:43,0e0,+3.530337E-01,+3.340500E-06,+9.910000E+37,+1.554969E+03,+3.584400E+04,+3.535349E-01,+3.340500E-06,+9.910000E+37,+1.555036E+03,+3.584400E+04,+3.541726E-01,+3.340500E-06,+9.910000E+37,+1.555102E+03,+3.584400E+04,-9.379461E-03,+0.000000E+00,+9.910000E+37,+1.555168E+03,+3.584400E+04
13:01:43,0e0,+3.933731E-01,+3.727500E-06,+9.910000E+37,+1.555393E+03,+3.584400E+04,+3.936463E-01,+3.727500E-06,+9.910000E+37,+1.555459E+03,+3.584400E+04,+3.939652E-01,+3.727500E-06,+9.910000E+37,+1.555525E+03,+3.584400E+04,-9.151638E-03,+0.000000E+00,+9.910000E+37,+1.555592E+03,+3.584400E+04
13:01:43,0e0,+4.384927E-01,+4.159500E-06,+9.910000E+37,+1.555816E+03,+3.584400E+04,+4.385384E-01,+4.159500E-06,+9.910000E+37,+1.555883E+03,+3.584400E+04,+4.385837E-01,+4.159500E-06,+9.910000E+37,+1.555948E+03,+3.584400E+04,-8.149967E-03,+0.000000E+00,+9.910000E+37,+1.556015E+03,+3.584400E+04
13:01:43,0e0,+4.866626E-01,+4.641500E-06,+9.910000E+37,+1.556235E+03,+3.584400E+04,+4.882568E-01,+4.641500E-06,+9.910000E+37,+1.556302E+03,+3.584400E+04,+4.883931E-01,+4.641500E-06,+9.910000E+37,+1.556368E+03,+3.584400E+04,-8.559793E-03,+0.000000E+00,+9.910000E+37,+1.556436E+03,+3.584400E+04
13:01:43,0e0,+5.413435E-01,+5.179500E-06,+9.910000E+37,+1.556661E+03,+3.584400E+04,+5.409330E-01,+5.179500E-06,+9.910000E+37,+1.556728E+03,+3.584400E+04,+5.424816E-01,+5.179500E-06,+9.910000E+37,+1.556793E+03,+3.584400E+04,-8.195609E-03,+0.000000E+00,+9.910000E+37,+1.556859E+03,+3.584400E+04
13:01:43,0e0,+6.026262E-01,+5.779500E-06,+9.910000E+37,+1.557085E+03,+3.584400E+04,+6.011227E-01,+5.779500E-06,+9.910000E+37,+1.557152E+03,+3.584400E+04,+6.014417E-01,+5.779500E-06,+9.910000E+37,+1.557218E+03,+3.584400E+04,-7.967696E-03,+0.000000E+00,+9.910000E+37,+1.557284E+03,+3.584400E+04
13:01:43,0e0,+6.708745E-01,+6.449500E-06,+9.910000E+37,+1.557506E+03,+3.584400E+04,+6.707839E-01,+6.449500E-06,+9.910000E+37,+1.557573E+03,+3.584400E+04,+6.719216E-01,+6.449500E-06,+9.910000E+37,+1.557639E+03,+3.584400E+04,-9.151727E-03,+0.000000E+00,+9.910000E+37,+1.557705E+03,+3.584400E+04
13:01:43,0e0,+7.461326E-01,+7.197000E-06,+9.910000E+37,+1.557931E+03,+3.584400E+04,+7.453603E-01,+7.197000E-06,+9.910000E+37,+1.557997E+03,+3.584400E+04,+7.467719E-01,+7.197000E-06,+9.910000E+37,+1.558063E+03,+3.584400E+04,-7.193640E-03,+0.000000E+00,+9.910000E+37,+1.558129E+03,+3.584400E+04
13:01:43,0e0,+8.283132E-01,+8.031000E-06,+9.910000E+37,+1.558354E+03,+3.584400E+04,+8.296338E-01,+8.031000E-06,+9.910000E+37,+1.558421E+03,+3.584400E+04,+8.297260E-01,+8.031000E-06,+9.910000E+37,+1.558488E+03,+3.584400E+04,-9.060696E-03,+0.000000E+00,+9.910000E+37,+1.558554E+03,+3.584400E+04
13:01:43,0e0,+9.241087E-01,+8.961500E-06,+9.910000E+37,+1.558779E+03,+3.584400E+04,+9.226513E-01,+8.961500E-06,+9.910000E+37,+1.558846E+03,+3.584400E+04,+9.229717E-01,+8.961500E-06,+9.910000E+37,+1.558913E+03,+3.584400E+04,-8.013383E-03,+0.000000E+00,+9.910000E+37,+1.558980E+03,+3.584400E+04
13:01:43,0e0,+1.026503E+00,+1.000000E-05,+9.910000E+37,+1.559204E+03,+3.584400E+04,+1.027825E+00,+1.000000E-05,+9.910000E+37,+1.559270E+03,+3.584400E+04,+1.027733E+00,+1.000000E-05,+9.910000E+37,+1.559336E+03,+3.584400E+04,-6.647497E-03,+0.000000E+00,+9.910000E+37,+1.559403E+03,+3.584400E+04
13:01:43,0e0,+1.132952E+00,+1.116000E-05,+9.910000E+37,+1.559622E+03,+3.584400E+04,+1.132634E+00,+1.116000E-05,+9.910000E+37,+1.559687E+03,+3.584400E+04,+1.132360E+00,+1.116000E-05,+9.910000E+37,+1.559755E+03,+3.584400E+04,-1.001678E-02,+0.000000E+00,+9.910000E+37,+1.559820E+03,+3.584400E+04
13:01:43,0e0,+1.261479E+00,+1.245000E-05,+9.910000E+37,+1.560039E+03,+3.584400E+04,+1.260158E+00,+1.245000E-05,+9.910000E+37,+1.560105E+03,+3.584400E+04,+1.264122E+00,+1.245000E-05,+9.910000E+37,+1.560173E+03,+3.584400E+04,-8.833066E-03,+0.000000E+00,+9.910000E+37,+1.560240E+03,+3.584400E+04
13:01:43,0e0,+1.408177E+00,+1.389500E-05,+9.910000E+37,+1.560461E+03,+3.584400E+04,+1.408450E+00,+1.389500E-05,+9.910000E+37,+1.560528E+03,+3.584400E+04,+1.409588E+00,+1.389500E-05,+9.910000E+37,+1.560594E+03,+3.584400E+04,-8.559704E-03,+0.000000E+00,+9.910000E+37,+1.560664E+03,+3.584400E+04
13:01:43,0e0,+1.571809E+00,+1.550500E-05,+9.910000E+37,+1.560886E+03,+3.584400E+04,+1.571763E+00,+1.550500E-05,+9.910000E+37,+1.560951E+03,+3.584400E+04,+1.571581E+00,+1.550500E-05,+9.910000E+37,+1.561019E+03,+3.584400E+04,-8.468673E-03,+0.000000E+00,+9.910000E+37,+1.561086E+03,+3.584400E+04
13:01:43,0e0,+1.753702E+00,+1.730000E-05,+9.910000E+37,+1.561308E+03,+3.584400E+04,+1.752012E+00,+1.730000E-05,+9.910000E+37,+1.561373E+03,+3.584400E+04,+1.755475E+00,+1.730000E-05,+9.910000E+37,+1.561439E+03,+3.584400E+04,-8.696154E-03,+0.000000E+00,+9.910000E+37,+1.561511E+03,+3.584400E+04
13:01:43,0e0,+1.954484E+00,+1.930500E-05,+9.910000E+37,+1.561732E+03,+3.584400E+04,+1.954664E+00,+1.930500E-05,+9.910000E+37,+1.561800E+03,+3.584400E+04,+1.955073E+00,+1.930500E-05,+9.910000E+37,+1.561865E+03,+3.584400E+04,-8.241192E-03,+0.000000E+00,+9.910000E+37,+1.561934E+03,+3.584400E+04
13:01:43,0e0,+2.177122E+00,+2.154500E-05,+9.910000E+37,+1.562152E+03,+3.584400E+04,+2.176663E+00,+2.154500E-05,+9.910000E+37,+1.562220E+03,+3.584400E+04,+2.175571E+00,+2.154500E-05,+9.910000E+37,+1.562285E+03,+3.584400E+04,-8.923769E-03,+0.000000E+00,+9.910000E+37,+1.562356E+03,+3.584400E+04
13:01:43,0e0,+2.418518E+00,+2.404000E-05,+9.910000E+37,+1.562576E+03,+3.584400E+04,+2.417060E+00,+2.404000E-05,+9.910000E+37,+1.562643E+03,+3.584400E+04,+2.418427E+00,+2.404000E-05,+9.910000E+37,+1.562709E+03,+3.584400E+04,-7.330656E-03,+0.000000E+00,+9.910000E+37,+1.562778E+03,+3.584400E+04
13:01:43,0e0,+2.679221E+00,+2.682500E-05,+9.910000E+37,+1.562996E+03,+3.584400E+04,+2.678623E+00,+2.682500E-05,+9.910000E+37,+1.563063E+03,+3.584400E+04,+2.678354E+00,+2.682500E-05,+9.910000E+37,+1.563130E+03,+3.584400E+04,-7.876486E-03,+0.000000E+00,+9.910000E+37,+1.563199E+03,+3.584400E+04
13:01:43,0e0,+2.958495E+00,+2.993500E-05,+9.910000E+37,+1.563422E+03,+3.584400E+04,+2.959585E+00,+2.993500E-05,+9.910000E+37,+1.563488E+03,+3.584400E+04,+2.960276E+00,+2.993500E-05,+9.910000E+37,+1.563555E+03,+3.584400E+04,-7.967949E-03,+0.000000E+00,+9.910000E+37,+1.563624E+03,+3.584400E+04
13:01:43,0e0,+3.257440E+00,+3.340500E-05,+9.910000E+37,+1.563848E+03,+3.584400E+04,+3.256445E+00,+3.340500E-05,+9.910000E+37,+1.563915E+03,+3.584400E+04,+3.257855E+00,+3.340500E-05,+9.910000E+37,+1.563980E+03,+3.584400E+04,-8.924007E-03,+0.000000E+00,+9.910000E+37,+1.564050E+03,+3.584400E+04
13:01:43,0e0,+3.571100E+00,+3.727500E-05,+9.910000E+37,+1.564269E+03,+3.584400E+04,+3.570046E+00,+3.727500E-05,+9.910000E+37,+1.564336E+03,+3.584400E+04,+3.570497E+00,+3.727500E-05,+9.910000E+37,+1.564402E+03,+3.584400E+04,-8.241192E-03,+0.000000E+00,+9.910000E+37,+1.564475E+03,+3.584400E+04
13:01:43,0e0,+3.898357E+00,+4.159500E-05,+9.910000E+37,+1.564694E+03,+3.584400E+04,+3.896626E+00,+4.159500E-05,+9.910000E+37,+1.564761E+03,+3.584400E+04,+3.897036E+00,+4.159500E-05,+9.910000E+37,+1.564827E+03,+3.584400E+04,-8.741930E-03,+0.000000E+00,+9.910000E+37,+1.564897E+03,+3.584400E+04
13:01:43,0e0,+4.237330E+00,+4.641500E-05,+9.910000E+37,+1.565119E+03,+3.584400E+04,+4.235948E+00,+4.641500E-05,+9.910000E+37,+1.565185E+03,+3.584400E+04,+4.238326E+00,+4.641500E-05,+9.910000E+37,+1.565252E+03,+3.584400E+04,-7.057413E-03,+0.000000E+00,+9.910000E+37,+1.565319E+03,+3.584400E+04
13:01:43,0e0,+4.587674E+00,+5.179500E-05,+9.910000E+37,+1.565540E+03,+3.584400E+04,+4.586172E+00,+5.179500E-05,+9.910000E+37,+1.565606E+03,+3.584400E+04,+4.587123E+00,+5.179500E-05,+9.910000E+37,+1.565673E+03,+3.584400E+04,-9.379432E-03,+0.000000E+00,+9.910000E+37,+1.565741E+03,+3.584400E+04
13:01:43,0e0,+4.945074E+00,+5.779500E-05,+9.910000E+37,+1.565960E+03,+3.584400E+04,+4.946625E+00,+5.779500E-05,+9.910000E+37,+1.566027E+03,+3.584400E+04,+4.945803E+00,+5.779500E-05,+9.910000E+37,+1.566095E+03,+3.584400E+04,-9.424925E-03,+0.000000E+00,+9.910000E+37,+1.566164E+03,+3.584400E+04
13:01:43,0e0,+5.310676E+00,+6.449500E-05,+9.910000E+37,+1.566385E+03,+3.584400E+04,+5.313132E+00,+6.449500E-05,+9.910000E+37,+1.566451E+03,+3.584400E+04,+5.311871E+00,+6.449500E-05,+9.910000E+37,+1.566519E+03,+3.584400E+04,-9.652793E-03,+0.000000E+00,+9.910000E+37,+1.566586E+03,+3.584400E+04
13:01:43,0e0,+5.686152E+00,+7.197000E-05,+9.910000E+37,+1.566806E+03,+3.584400E+04,+5.684654E+00,+7.197000E-05,+9.910000E+37,+1.566871E+03,+3.584400E+04,+5.684882E+00,+7.197000E-05,+9.910000E+37,+1.566937E+03,+3.584400E+04,-8.059025E-03,+0.000000E+00,+9.910000E+37,+1.567010E+03,+3.584400E+04
13:01:43,0e0,+6.064009E+00,+8.031000E-05,+9.910000E+37,+1.567230E+03,+3.584400E+04,+6.062956E+00,+8.031000E-05,+9.910000E+37,+1.567298E+03,+3.584400E+04,+6.064692E+00,+8.031000E-05,+9.910000E+37,+1.567364E+03,+3.584400E+04,-8.514076E-03,+0.000000E+00,+9.910000E+37,+1.567434E+03,+3.584400E+04
13:01:43,0e0,+6.449424E+00,+8.961500E-05,+9.910000E+37,+1.567653E+03,+3.584400E+04,+6.449090E+00,+8.961500E-05,+9.910000E+37,+1.567721E+03,+3.584400E+04,+6.448959E+00,+8.961500E-05,+9.910000E+37,+1.567786E+03,+3.584400E+04,-7.967934E-03,+0.000000E+00,+9.910000E+37,+1.567854E+03,+3.584400E+04
13:01:43,0e0,+6.839367E+00,+1.000000E-04,+9.910000E+37,+1.568069E+03,+3.584400E+04,+6.837730E+00,+1.000000E-04,+9.910000E+37,+1.568136E+03,+3.584400E+04,+6.839604E+00,+1.000000E-04,+9.910000E+37,+1.568203E+03,+3.584400E+04,-8.377701E-03,+0.000000E+00,+9.910000E+37,+1.568274E+03,+3.584400E+04
13:01:43,0e0,+7.221813E+00,+1.116000E-04,+9.910000E+37,+1.568501E+03,+3.584400E+04,+7.221450E+00,+1.116000E-04,+9.910000E+37,+1.568568E+03,+3.584400E+04,+7.220505E+00,+1.116000E-04,+9.910000E+37,+1.568634E+03,+3.584400E+04,-1.466092E-02,+0.000000E+00,+9.910000E+37,+1.568701E+03,+3.584400E+04
13:01:43,0e0,+7.621470E+00,+1.245000E-04,+9.910000E+37,+1.568925E+03,+3.584400E+04,+7.619697E+00,+1.245000E-04,+9.910000E+37,+1.568990E+03,+3.584400E+04,+7.621242E+00,+1.245000E-04,+9.910000E+37,+1.569057E+03,+3.584400E+04,-1.215680E-02,+0.000000E+00,+9.910000E+37,+1.569124E+03,+3.584400E+04
13:01:43,0e0,+8.027081E+00,+1.389500E-04,+9.910000E+37,+1.569346E+03,+3.584400E+04,+8.026134E+00,+1.389500E-04,+9.910000E+37,+1.569411E+03,+3.584400E+04,+8.028775E+00,+1.389500E-04,+9.910000E+37,+1.569479E+03,+3.584400E+04,-1.529877E-02,+0.000000E+00,+9.910000E+37,+1.569544E+03,+3.584400E+04
13:01:43,0e0,+8.440688E+00,+1.550500E-04,+9.910000E+37,+1.569766E+03,+3.584400E+04,+8.439003E+00,+1.550500E-04,+9.910000E+37,+1.569833E+03,+3.584400E+04,+8.440592E+00,+1.550500E-04,+9.910000E+37,+1.569898E+03,+3.584400E+04,-1.388672E-02,+0.000000E+00,+9.910000E+37,+1.569965E+03,+3.584400E+04
13:01:43,0e0,+8.861413E+00,+1.730000E-04,+9.910000E+37,+1.570191E+03,+3.584400E+04,+8.858864E+00,+1.730000E-04,+9.910000E+37,+1.570257E+03,+3.584400E+04,+8.861875E+00,+1.730000E-04,+9.910000E+37,+1.570323E+03,+3.584400E+04,-1.247534E-02,+0.000000E+00,+9.910000E+37,+1.570390E+03,+3.584400E+04
13:01:43,0e0,+9.288754E+00,+1.930500E-04,+9.910000E+37,+1.570616E+03,+3.584400E+04,+9.287118E+00,+1.930500E-04,+9.910000E+37,+1.570684E+03,+3.584400E+04,+9.286569E+00,+1.930500E-04,+9.910000E+37,+1.570749E+03,+3.584400E+04,-1.475210E-02,+0.000000E+00,+9.910000E+37,+1.570815E+03,+3.584400E+04
13:01:43,0e0,+9.726657E+00,+2.154500E-04,+9.910000E+37,+1.571043E+03,+3.584400E+04,+9.724236E+00,+2.154500E-04,+9.910000E+37,+1.571108E+03,+3.584400E+04,+9.723004E+00,+2.154500E-04,+9.910000E+37,+1.571175E+03,+3.584400E+04,-1.388705E-02,+0.000000E+00,+9.910000E+37,+1.571242E+03,+3.584400E+04
13:01:43,0e0,+1.016919E+01,+2.404000E-04,+9.910000E+37,+1.571467E+03,+3.584400E+04,+1.016746E+01,+2.404000E-04,+9.910000E+37,+1.571534E+03,+3.584400E+04,+1.016864E+01,+2.404000E-04,+9.910000E+37,+1.571601E+03,+3.584400E+04,-1.507087E-02,+0.000000E+00,+9.910000E+37,+1.571667E+03,+3.584400E+04
13:01:43,0e0,+1.062322E+01,+2.682500E-04,+9.910000E+37,+1.571888E+03,+3.584400E+04,+1.062076E+01,+2.682500E-04,+9.910000E+37,+1.571953E+03,+3.584400E+04,+1.062182E+01,+2.682500E-04,+9.910000E+37,+1.572020E+03,+3.584400E+04,-1.420566E-02,+0.000000E+00,+9.910000E+37,+1.572086E+03,+3.584400E+04
13:01:43,0e0,+1.108524E+01,+2.993500E-04,+9.910000E+37,+1.572309E+03,+3.584400E+04,+1.108485E+01,+2.993500E-04,+9.910000E+37,+1.572374E+03,+3.584400E+04,+1.108383E+01,+2.993500E-04,+9.910000E+37,+1.572440E+03,+3.584400E+04,-1.438758E-02,+0.000000E+00,+9.910000E+37,+1.572508E+03,+3.584400E+04
13:01:43,0e0,+1.155597E+01,+3.340500E-04,+9.910000E+37,+1.572733E+03,+3.584400E+04,+1.155361E+01,+3.340500E-04,+9.910000E+37,+1.572801E+03,+3.584400E+04,+1.155484E+01,+3.340500E-04,+9.910000E+37,+1.572866E+03,+3.584400E+04,-1.247545E-02,+0.000000E+00,+9.910000E+37,+1.572933E+03,+3.584400E+04
13:01:43,0e0,+1.203481E+01,+3.727500E-04,+9.910000E+37,+1.573157E+03,+3.584400E+04,+1.203098E+01,+3.727500E-04,+9.910000E+37,+1.573225E+03,+3.584400E+04,+1.203119E+01,+3.727500E-04,+9.910000E+37,+1.573290E+03,+3.584400E+04,-1.315829E-02,+0.000000E+00,+9.910000E+37,+1.573356E+03,+3.584400E+04
13:01:43,0e0,+1.251969E+01,+4.159500E-04,+9.910000E+37,+1.573577E+03,+3.584400E+04,+1.251600E+01,+4.159500E-04,+9.910000E+37,+1.573644E+03,+3.584400E+04,+1.251674E+01,+4.159500E-04,+9.910000E+37,+1.573711E+03,+3.584400E+04,-1.356778E-02,+0.000000E+00,+9.910000E+37,+1.573776E+03,+3.584400E+04
13:01:43,0e0,+1.300550E+01,+4.641500E-04,+9.910000E+37,+1.573998E+03,+3.584400E+04,+1.300344E+01,+4.641500E-04,+9.910000E+37,+1.574064E+03,+3.584400E+04,+1.300502E+01,+4.641500E-04,+9.910000E+37,+1.574132E+03,+3.584400E+04,-1.566255E-02,+0.000000E+00,+9.910000E+37,+1.574197E+03,+3.584400E+04
13:01:43,0e0,+1.349667E+01,+5.179500E-04,+9.910000E+37,+1.574422E+03,+3.584400E+04,+1.349534E+01,+5.179500E-04,+9.910000E+37,+1.574488E+03,+3.584400E+04,+1.349591E+01,+5.179500E-04,+9.910000E+37,+1.574556E+03,+3.584400E+04,-1.365928E-02,+0.000000E+00,+9.910000E+37,+1.574623E+03,+3.584400E+04
13:01:43,0e0,+1.397465E+01,+5.779500E-04,+9.910000E+37,+1.574849E+03,+3.584400E+04,+1.397498E+01,+5.779500E-04,+9.910000E+37,+1.574916E+03,+3.584400E+04,+1.397323E+01,+5.779500E-04,+9.910000E+37,+1.574981E+03,+3.584400E+04,-1.356845E-02,+0.000000E+00,+9.910000E+37,+1.575048E+03,+3.584400E+04
13:01:43,0e0,+1.434761E+01,+6.449500E-04,+9.910000E+37,+1.575272E+03,+3.584400E+04,+1.434786E+01,+6.449500E-04,+9.910000E+37,+1.575340E+03,+3.584400E+04,+1.434558E+01,+6.449500E-04,+9.910000E+37,+1.575405E+03,+3.584400E+04,-1.470630E-02,+0.000000E+00,+9.910000E+37,+1.575472E+03,+3.584400E+04
13:01:43,0e0,+1.473547E+01,+7.197000E-04,+9.910000E+37,+1.575697E+03,+3.584400E+04,+1.473716E+01,+7.197000E-04,+9.910000E+37,+1.575765E+03,+3.584400E+04,+1.473455E+01,+7.197000E-04,+9.910000E+37,+1.575830E+03,+3.584400E+04,-1.402327E-02,+0.000000E+00,+9.910000E+37,+1.575896E+03,+3.584400E+04
13:01:43,0e0,+1.511022E+01,+8.031000E-04,+9.910000E+37,+1.576123E+03,+3.584400E+04,+1.511214E+01,+8.031000E-04,+9.910000E+37,+1.576188E+03,+3.584400E+04,+1.510761E+01,+8.031000E-04,+9.910000E+37,+1.576256E+03,+3.584400E+04,-1.256655E-02,+0.000000E+00,+9.910000E+37,+1.576321E+03,+3.584400E+04
13:01:43,0e0,+1.549803E+01,+8.961500E-04,+9.910000E+37,+1.576542E+03,+3.584400E+04,+1.550004E+01,+8.961500E-04,+9.910000E+37,+1.576608E+03,+3.584400E+04,+1.549626E+01,+8.961500E-04,+9.910000E+37,+1.576675E+03,+3.584400E+04,-1.302156E-02,+0.000000E+00,+9.910000E+37,+1.576742E+03,+3.584400E+04
13:01:43,0e0,+1.586472E+01,+1.000000E-03,+9.910000E+37,+1.576961E+03,+3.584400E+04,+1.586619E+01,+1.000000E-03,+9.910000E+37,+1.577026E+03,+3.584400E+04,+1.586094E+01,+1.000000E-03,+9.910000E+37,+1.577094E+03,+3.584400E+04,-1.365900E-02,+0.000000E+00,+9.910000E+37,+1.577160E+03,+3.584400E+04
13:01:43,0e0,+1.619126E+01,+1.116000E-03,+9.910000E+37,+1.577383E+03,+3.584400E+04,+1.619323E+01,+1.116000E-03,+9.910000E+37,+1.577449E+03,+3.584400E+04,+1.618849E+01,+1.116000E-03,+9.910000E+37,+1.577516E+03,+3.584400E+04,-8.973874E-02,+0.000000E+00,+9.910000E+37,+1.577582E+03,+3.584400E+04
13:01:43,0e0,+1.650855E+01,+1.245000E-03,+9.910000E+37,+1.577803E+03,+3.584400E+04,+1.651123E+01,+1.245000E-03,+9.910000E+37,+1.577868E+03,+3.584400E+04,+1.650516E+01,+1.245000E-03,+9.910000E+37,+1.577935E+03,+3.584400E+04,-8.996645E-02,+0.000000E+00,+9.910000E+37,+1.578001E+03,+3.584400E+04
13:01:43,0e0,+1.681787E+01,+1.389500E-03,+9.910000E+37,+1.578227E+03,+3.584400E+04,+1.681975E+01,+1.389500E-03,+9.910000E+37,+1.578293E+03,+3.584400E+04,+1.681258E+01,+1.389500E-03,+9.910000E+37,+1.578360E+03,+3.584400E+04,-8.650622E-02,+0.000000E+00,+9.910000E+37,+1.578428E+03,+3.584400E+04
13:01:43,0e0,+1.710142E+01,+1.550500E-03,+9.910000E+37,+1.578650E+03,+3.584400E+04,+1.710654E+01,+1.550500E-03,+9.910000E+37,+1.578717E+03,+3.584400E+04,+1.709637E+01,+1.550500E-03,+9.910000E+37,+1.578784E+03,+3.584400E+04,-8.973899E-02,+0.000000E+00,+9.910000E+37,+1.578852E+03,+3.584400E+04
13:01:43,0e0,+1.737271E+01,+1.730000E-03,+9.910000E+37,+1.579072E+03,+3.584400E+04,+1.737548E+01,+1.730000E-03,+9.910000E+37,+1.579139E+03,+3.584400E+04,+1.736568E+01,+1.730000E-03,+9.910000E+37,+1.579205E+03,+3.584400E+04,-8.741674E-02,+0.000000E+00,+9.910000E+37,+1.579272E+03,+3.584400E+04
13:01:43,0e0,+1.762331E+01,+1.930500E-03,+9.910000E+37,+1.579498E+03,+3.584400E+04,+1.762400E+01,+1.930500E-03,+9.910000E+37,+1.579563E+03,+3.584400E+04,+1.761492E+01,+1.930500E-03,+9.910000E+37,+1.579630E+03,+3.584400E+04,-8.759873E-02,+0.000000E+00,+9.910000E+37,+1.579696E+03,+3.584400E+04
13:01:43,0e0,+1.785349E+01,+2.154500E-03,+9.910000E+37,+1.579922E+03,+3.584400E+04,+1.785448E+01,+2.154500E-03,+9.910000E+37,+1.579988E+03,+3.584400E+04,+1.784219E+01,+2.154500E-03,+9.910000E+37,+1.580056E+03,+3.584400E+04,-8.427510E-02,+0.000000E+00,+9.910000E+37,+1.580123E+03,+3.584400E+04
13:01:43,0e0,+1.807020E+01,+2.404000E-03,+9.910000E+37,+1.580348E+03,+3.584400E+04,+1.807210E+01,+2.404000E-03,+9.910000E+37,+1.580414E+03,+3.584400E+04,+1.805862E+01,+2.404000E-03,+9.910000E+37,+1.580480E+03,+3.584400E+04,-8.227204E-02,+0.000000E+00,+9.910000E+37,+1.580547E+03,+3.584400E+04
13:01:43,0e0,+1.827487E+01,+2.682500E-03,+9.910000E+37,+1.580772E+03,+3.584400E+04,+1.827656E+01,+2.682500E-03,+9.910000E+37,+1.580839E+03,+3.584400E+04,+1.826114E+01,+2.682500E-03,+9.910000E+37,+1.580905E+03,+3.584400E+04,-8.473030E-02,+0.000000E+00,+9.910000E+37,+1.580971E+03,+3.584400E+04
13:01:43,0e0,+1.846805E+01,+2.993500E-03,+9.910000E+37,+1.581191E+03,+3.584400E+04,+1.846772E+01,+2.993500E-03,+9.910000E+37,+1.581258E+03,+3.584400E+04,+1.845124E+01,+2.993500E-03,+9.910000E+37,+1.581324E+03,+3.584400E+04,-8.035970E-02,+0.000000E+00,+9.910000E+37,+1.581390E+03,+3.584400E+04
13:01:43,0e0,+1.865022E+01,+3.340500E-03,+9.910000E+37,+1.581609E+03,+3.584400E+04,+1.865025E+01,+3.340500E-03,+9.910000E+37,+1.581676E+03,+3.584400E+04,+1.863363E+01,+3.340500E-03,+9.910000E+37,+1.581741E+03,+3.584400E+04,-7.917602E-02,+0.000000E+00,+9.910000E+37,+1.581808E+03,+3.584400E+04
13:01:43,0e0,+1.882233E+01,+3.727500E-03,+9.910000E+37,+1.582034E+03,+3.584400E+04,+1.882084E+01,+3.727500E-03,+9.910000E+37,+1.582101E+03,+3.584400E+04,+1.880415E+01,+3.727500E-03,+9.910000E+37,+1.582168E+03,+3.584400E+04,-7.881150E-02,+0.000000E+00,+9.910000E+37,+1.582234E+03,+3.584400E+04
13:01:43,0e0,+1.898836E+01,+4.159500E-03,+9.910000E+37,+1.582458E+03,+3.584400E+04,+1.898564E+01,+4.159500E-03,+9.910000E+37,+1.582524E+03,+3.584400E+04,+1.896993E+01,+4.159500E-03,+9.910000E+37,+1.582591E+03,+3.584400E+04,-7.485074E-02,+0.000000E+00,+9.910000E+37,+1.582657E+03,+3.584400E+04
13:01:43,0e0,+1.915173E+01,+4.641500E-03,+9.910000E+37,+1.582882E+03,+3.584400E+04,+1.914811E+01,+4.641500E-03,+9.910000E+37,+1.582948E+03,+3.584400E+04,+1.913042E+01,+4.641500E-03,+9.910000E+37,+1.583015E+03,+3.584400E+04,-7.129937E-02,+0.000000E+00,+9.910000E+37,+1.583081E+03,+3.584400E+04
13:01:43,0e0,+1.931525E+01,+5.179500E-03,+9.910000E+37,+1.583305E+03,+3.584400E+04,+1.931201E+01,+5.179500E-03,+9.910000E+37,+1.583371E+03,+3.584400E+04,+1.929523E+01,+5.179500E-03,+9.910000E+37,+1.583438E+03,+3.584400E+04,-7.057111E-02,+0.000000E+00,+9.910000E+37,+1.583504E+03,+3.584400E+04
13:01:43,0e0,+1.948502E+01,+5.779500E-03,+9.910000E+37,+1.583724E+03,+3.584400E+04,+1.948061E+01,+5.779500E-03,+9.910000E+37,+1.583791E+03,+3.584400E+04,+1.946422E+01,+5.779500E-03,+9.910000E+37,+1.583857E+03,+3.584400E+04,-6.761158E-02,+0.000000E+00,+9.910000E+37,+1.583923E+03,+3.584400E+04
13:01:43,0e0,+1.966259E+01,+6.449500E-03,+9.910000E+37,+1.584143E+03,+3.584400E+04,+1.965873E+01,+6.449500E-03,+9.910000E+37,+1.584209E+03,+3.584400E+04,+1.964107E+01,+6.449500E-03,+9.910000E+37,+1.584276E+03,+3.584400E+04,-6.374143E-02,+0.000000E+00,+9.910000E+37,+1.584344E+03,+3.584400E+04
13:01:43,0e0,+1.984976E+01,+7.197000E-03,+9.910000E+37,+1.584563E+03,+3.584400E+04,+1.984378E+01,+7.197000E-03,+9.910000E+37,+1.584630E+03,+3.584400E+04,+1.982653E+01,+7.197000E-03,+9.910000E+37,+1.584695E+03,+3.584400E+04,-6.119211E-02,+0.000000E+00,+9.910000E+37,+1.584762E+03,+3.584400E+04
13:01:43,0e0,+2.004817E+01,+8.031000E-03,+9.910000E+37,+1.584984E+03,+3.584400E+04,+2.003975E+01,+8.031000E-03,+9.910000E+37,+1.585050E+03,+3.584400E+04,+2.002065E+01,+8.031000E-03,+9.910000E+37,+1.585117E+03,+3.584400E+04,-5.636549E-02,+0.000000E+00,+9.910000E+37,+1.585184E+03,+3.584400E+04
13:01:43,0e0,+2.025408E+01,+8.961500E-03,+9.910000E+37,+1.585409E+03,+3.584400E+04,+2.024409E+01,+8.961500E-03,+9.910000E+37,+1.585476E+03,+3.584400E+04,+2.022441E+01,+8.961500E-03,+9.910000E+37,+1.585542E+03,+3.584400E+04,-5.577368E-02,+0.000000E+00,+9.910000E+37,+1.585609E+03,+3.584400E+04
