11:15:15,0e0,+1.111574E-02,+1.000000E-07,+9.910000E+37,+1.064358E+03,+3.584400E+04,+1.211716E-02,+1.000000E-07,+9.910000E+37,+1.064424E+03,+3.584400E+04,+1.207171E-02,+1.000000E-07,+9.910000E+37,+1.064491E+03,+3.584400E+04,-9.008944E-03,+0.000000E+00,+9.910000E+37,+1.064557E+03,+3.584400E+04
11:15:15,0e0,+1.453030E-02,+1.116000E-07,+9.910000E+37,+1.064787E+03,+3.584400E+04,+1.361956E-02,+1.116000E-07,+9.910000E+37,+1.064854E+03,+3.584400E+04,+1.375647E-02,+1.116000E-07,+9.910000E+37,+1.064922E+03,+3.584400E+04,-9.828806E-03,+0.000000E+00,+9.910000E+37,+1.064987E+03,+3.584400E+04
11:15:15,0e0,+1.671582E-02,+1.245000E-07,+9.910000E+37,+1.065211E+03,+3.584400E+04,+1.744489E-02,+1.245000E-07,+9.910000E+37,+1.065277E+03,+3.584400E+04,+1.594244E-02,+1.245000E-07,+9.910000E+37,+1.065345E+03,+3.584400E+04,-7.916257E-03,+0.000000E+00,+9.910000E+37,+1.065410E+03,+3.584400E+04
11:15:15,0e0,+2.058606E-02,+1.389500E-07,+9.910000E+37,+1.065634E+03,+3.584400E+04,+1.849177E-02,+1.389500E-07,+9.910000E+37,+1.065700E+03,+3.584400E+04,+1.953882E-02,+1.389500E-07,+9.910000E+37,+1.065768E+03,+3.584400E+04,-9.600818E-03,+0.000000E+00,+9.910000E+37,+1.065834E+03,+3.584400E+04
11:15:15,0e0,+2.099571E-02,+1.550500E-07,+9.910000E+37,+1.066063E+03,+3.584400E+04,+2.044947E-02,+1.550500E-07,+9.910000E+37,+1.066130E+03,+3.584400E+04,+2.208871E-02,+1.550500E-07,+9.910000E+37,+1.066195E+03,+3.584400E+04,-9.828448E-03,+0.000000E+00,+9.910000E+37,+1.066262E+03,+3.584400E+04
11:15:15,0e0,+2.386418E-02,+1.730000E-07,+9.910000E+37,+1.066483E+03,+3.584400E+04,+2.463813E-02,+1.730000E-07,+9.910000E+37,+1.066551E+03,+3.584400E+04,+2.468377E-02,+1.730000E-07,+9.910000E+37,+1.066617E+03,+3.584400E+04,-8.735776E-03,+0.000000E+00,+9.910000E+37,+1.066683E+03,+3.584400E+04
11:15:15,0e0,+2.750644E-02,+1.930500E-07,+9.910000E+37,+1.066909E+03,+3.584400E+04,+2.723387E-02,+1.930500E-07,+9.910000E+37,+1.066976E+03,+3.584400E+04,+2.773426E-02,+1.930500E-07,+9.910000E+37,+1.067042E+03,+3.584400E+04,-8.280441E-03,+0.000000E+00,+9.910000E+37,+1.067108E+03,+3.584400E+04
11:15:15,0e0,+2.982891E-02,+2.154500E-07,+9.910000E+37,+1.067333E+03,+3.584400E+04,+3.032967E-02,+2.154500E-07,+9.910000E+37,+1.067400E+03,+3.584400E+04,+3.169531E-02,+2.154500E-07,+9.910000E+37,+1.067467E+03,+3.584400E+04,-9.783044E-03,+0.000000E+00,+9.910000E+37,+1.067533E+03,+3.584400E+04
11:15:15,0e0,+3.551999E-02,+2.404000E-07,+9.910000E+37,+1.067759E+03,+3.584400E+04,+3.588426E-02,+2.404000E-07,+9.910000E+37,+1.067825E+03,+3.584400E+04,+3.620309E-02,+2.404000E-07,+9.910000E+37,+1.067892E+03,+3.584400E+04,-7.643014E-03,+0.000000E+00,+9.910000E+37,+1.067958E+03,+3.584400E+04
11:15:15,0e0,+3.884375E-02,+2.682500E-07,+9.910000E+37,+1.068181E+03,+3.584400E+04,+4.107502E-02,+2.682500E-07,+9.910000E+37,+1.068247E+03,+3.584400E+04,+3.866157E-02,+2.682500E-07,+9.910000E+37,+1.068314E+03,+3.584400E+04,-8.917883E-03,+0.000000E+00,+9.910000E+37,+1.068381E+03,+3.584400E+04
11:15:15,0e0,+4.398900E-02,+2.993500E-07,+9.910000E+37,+1.068601E+03,+3.584400E+04,+4.376104E-02,+2.993500E-07,+9.910000E+37,+1.068667E+03,+3.584400E+04,+4.439867E-02,+2.993500E-07,+9.910000E+37,+1.068733E+03,+3.584400E+04,-8.735776E-03,+0.000000E+00,+9.910000E+37,+1.068801E+03,+3.584400E+04
11:15:15,0e0,+4.899701E-02,+3.340500E-07,+9.910000E+37,+1.069022E+03,+3.584400E+04,+4.917935E-02,+3.340500E-07,+9.910000E+37,+1.069089E+03,+3.584400E+04,+4.936135E-02,+3.340500E-07,+9.910000E+37,+1.069155E+03,+3.584400E+04,-1.010193E-02,+0.000000E+00,+9.910000E+37,+1.069223E+03,+3.584400E+04
11:15:15,0e0,+5.496144E-02,+3.727500E-07,+9.910000E+37,+1.069447E+03,+3.584400E+04,+5.509821E-02,+3.727500E-07,+9.910000E+37,+1.069514E+03,+3.584400E+04,+5.423295E-02,+3.727500E-07,+9.910000E+37,+1.069580E+03,+3.584400E+04,-8.007199E-03,+0.000000E+00,+9.910000E+37,+1.069647E+03,+3.584400E+04
11:15:15,0e0,+6.019750E-02,+4.159500E-07,+9.910000E+37,+1.069874E+03,+3.584400E+04,+6.069848E-02,+4.159500E-07,+9.910000E+37,+1.069941E+03,+3.584400E+04,+6.151801E-02,+4.159500E-07,+9.910000E+37,+1.070009E+03,+3.584400E+04,-8.735716E-03,+0.000000E+00,+9.910000E+37,+1.070074E+03,+3.584400E+04
11:15:15,0e0,+6.611651E-02,+4.641500E-07,+9.910000E+37,+1.070297E+03,+3.584400E+04,+6.652689E-02,+4.641500E-07,+9.910000E+37,+1.070363E+03,+3.584400E+04,+6.661746E-02,+4.641500E-07,+9.910000E+37,+1.070431E+03,+3.584400E+04,-9.737745E-03,+0.000000E+00,+9.910000E+37,+1.070498E+03,+3.584400E+04
11:15:15,0e0,+7.326519E-02,+5.179500E-07,+9.910000E+37,+1.070722E+03,+3.584400E+04,+7.344678E-02,+5.179500E-07,+9.910000E+37,+1.070788E+03,+3.584400E+04,+7.422066E-02,+5.179500E-07,+9.910000E+37,+1.070854E+03,+3.584400E+04,-7.552058E-03,+0.000000E+00,+9.910000E+37,+1.070921E+03,+3.584400E+04
11:15:15,0e0,+7.941091E-02,+5.779500E-07,+9.910000E+37,+1.071146E+03,+3.584400E+04,+8.077744E-02,+5.779500E-07,+9.910000E+37,+1.071212E+03,+3.584400E+04,+8.018553E-02,+5.779500E-07,+9.910000E+37,+1.071279E+03,+3.584400E+04,-8.599266E-03,+0.000000E+00,+9.910000E+37,+1.071345E+03,+3.584400E+04
11:15:15,0e0,+8.938301E-02,+6.449500E-07,+9.910000E+37,+1.071568E+03,+3.584400E+04,+8.774364E-02,+6.449500E-07,+9.910000E+37,+1.071635E+03,+3.584400E+04,+8.838123E-02,+6.449500E-07,+9.910000E+37,+1.071701E+03,+3.584400E+04,-9.009048E-03,+0.000000E+00,+9.910000E+37,+1.071768E+03,+3.584400E+04
11:15:15,0e0,+9.653080E-02,+7.197000E-07,+9.910000E+37,+1.071993E+03,+3.584400E+04,+9.603053E-02,+7.197000E-07,+9.910000E+37,+1.072060E+03,+3.584400E+04,+9.571129E-02,+7.197000E-07,+9.910000E+37,+1.072126E+03,+3.584400E+04,-8.644640E-03,+0.000000E+00,+9.910000E+37,+1.072191E+03,+3.584400E+04
11:15:15,0e0,+1.067753E-01,+8.031000E-07,+9.910000E+37,+1.072417E+03,+3.584400E+04,+1.046814E-01,+8.031000E-07,+9.910000E+37,+1.072483E+03,+3.584400E+04,+1.054550E-01,+8.031000E-07,+9.910000E+37,+1.072550E+03,+3.584400E+04,-8.052856E-03,+0.000000E+00,+9.910000E+37,+1.072616E+03,+3.584400E+04
11:15:15,0e0,+1.160637E-01,+8.961500E-07,+9.910000E+37,+1.072838E+03,+3.584400E+04,+1.141057E-01,+8.961500E-07,+9.910000E+37,+1.072905E+03,+3.584400E+04,+1.155174E-01,+8.961500E-07,+9.910000E+37,+1.072971E+03,+3.584400E+04,-8.917823E-03,+0.000000E+00,+9.910000E+37,+1.073037E+03,+3.584400E+04
11:15:15,0e0,+1.256706E-01,+1.000000E-06,+9.910000E+37,+1.073258E+03,+3.584400E+04,+1.261716E-01,+1.000000E-06,+9.910000E+37,+1.073324E+03,+3.584400E+04,+1.249870E-01,+1.000000E-06,+9.910000E+37,+1.073391E+03,+3.584400E+04,-8.417234E-03,+0.000000E+00,+9.910000E+37,+1.073458E+03,+3.584400E+04
11:15:15,0e0,+1.250786E-01,+1.116000E-06,+9.910000E+37,+1.073683E+03,+3.584400E+04,+1.245325E-01,+1.116000E-06,+9.910000E+37,+1.073749E+03,+3.584400E+04,+1.247600E-01,+1.116000E-06,+9.910000E+37,+1.073816E+03,+3.584400E+04,-9.919882E-03,+0.000000E+00,+9.910000E+37,+1.073882E+03,+3.584400E+04
11:15:15,0e0,+1.350499E-01,+1.245000E-06,+9.910000E+37,+1.074108E+03,+3.584400E+04,+1.355507E-01,+1.245000E-06,+9.910000E+37,+1.074175E+03,+3.584400E+04,+1.357783E-01,+1.245000E-06,+9.910000E+37,+1.074242E+03,+3.584400E+04,-7.688656E-03,+0.000000E+00,+9.910000E+37,+1.074308E+03,+3.584400E+04
11:15:15,0e0,+1.474342E-01,+1.389500E-06,+9.910000E+37,+1.074533E+03,+3.584400E+04,+1.460227E-01,+1.389500E-06,+9.910000E+37,+1.074601E+03,+3.584400E+04,+1.452485E-01,+1.389500E-06,+9.910000E+37,+1.074666E+03,+3.584400E+04,-9.555504E-03,+0.000000E+00,+9.910000E+37,+1.074732E+03,+3.584400E+04
11:15:15,0e0,+1.576331E-01,+1.550500E-06,+9.910000E+37,+1.074958E+03,+3.584400E+04,+1.576338E-01,+1.550500E-06,+9.910000E+37,+1.075024E+03,+3.584400E+04,+1.577241E-01,+1.550500E-06,+9.910000E+37,+1.075092E+03,+3.584400E+04,-8.690044E-03,+0.000000E+00,+9.910000E+37,+1.075157E+03,+3.584400E+04
11:15:15,0e0,+1.700634E-01,+1.730000E-06,+9.910000E+37,+1.075381E+03,+3.584400E+04,+1.716106E-01,+1.730000E-06,+9.910000E+37,+1.075448E+03,+3.584400E+04,+1.709282E-01,+1.730000E-06,+9.910000E+37,+1.075514E+03,+3.584400E+04,-7.734150E-03,+0.000000E+00,+9.910000E+37,+1.075580E+03,+3.584400E+04
11:15:15,0e0,+1.835858E-01,+1.930500E-06,+9.910000E+37,+1.075801E+03,+3.584400E+04,+1.839496E-01,+1.930500E-06,+9.910000E+37,+1.075867E+03,+3.584400E+04,+1.843598E-01,+1.930500E-06,+9.910000E+37,+1.075934E+03,+3.584400E+04,-8.735731E-03,+0.000000E+00,+9.910000E+37,+1.076000E+03,+3.584400E+04
11:15:15,0e0,+2.001131E-01,+2.154500E-06,+9.910000E+37,+1.076226E+03,+3.584400E+04,+1.987472E-01,+2.154500E-06,+9.910000E+37,+1.076292E+03,+3.584400E+04,+1.989293E-01,+2.154500E-06,+9.910000E+37,+1.076359E+03,+3.584400E+04,-8.826777E-03,+0.000000E+00,+9.910000E+37,+1.076427E+03,+3.584400E+04
11:15:15,0e0,+2.135443E-01,+2.404000E-06,+9.910000E+37,+1.076651E+03,+3.584400E+04,+2.147286E-01,+2.404000E-06,+9.910000E+37,+1.076718E+03,+3.584400E+04,+2.140911E-01,+2.404000E-06,+9.910000E+37,+1.076785E+03,+3.584400E+04,-9.191036E-03,+0.000000E+00,+9.910000E+37,+1.076851E+03,+3.584400E+04
11:15:15,0e0,+2.309372E-01,+2.682500E-06,+9.910000E+37,+1.077075E+03,+3.584400E+04,+2.305733E-01,+2.682500E-06,+9.910000E+37,+1.077142E+03,+3.584400E+04,+2.307098E-01,+2.682500E-06,+9.910000E+37,+1.077209E+03,+3.584400E+04,-7.279009E-03,+0.000000E+00,+9.910000E+37,+1.077276E+03,+3.584400E+04
11:15:15,0e0,+2.484215E-01,+2.993500E-06,+9.910000E+37,+1.077503E+03,+3.584400E+04,+2.481934E-01,+2.993500E-06,+9.910000E+37,+1.077570E+03,+3.584400E+04,+2.471915E-01,+2.993500E-06,+9.910000E+37,+1.077636E+03,+3.584400E+04,-8.644462E-03,+0.000000E+00,+9.910000E+37,+1.077702E+03,+3.584400E+04
11:15:15,0e0,+2.664510E-01,+3.340500E-06,+9.910000E+37,+1.077927E+03,+3.584400E+04,+2.660413E-01,+3.340500E-06,+9.910000E+37,+1.077993E+03,+3.584400E+04,+2.673616E-01,+3.340500E-06,+9.910000E+37,+1.078061E+03,+3.584400E+04,-9.282529E-03,+0.000000E+00,+9.910000E+37,+1.078126E+03,+3.584400E+04
11:15:15,0e0,+2.853919E-01,+3.727500E-06,+9.910000E+37,+1.078352E+03,+3.584400E+04,+2.861203E-01,+3.727500E-06,+9.910000E+37,+1.078419E+03,+3.584400E+04,+2.848001E-01,+3.727500E-06,+9.910000E+37,+1.078486E+03,+3.584400E+04,-9.464443E-03,+0.000000E+00,+9.910000E+37,+1.078554E+03,+3.584400E+04
11:15:15,0e0,+3.067914E-01,+4.159500E-06,+9.910000E+37,+1.078786E+03,+3.584400E+04,+3.051526E-01,+4.159500E-06,+9.910000E+37,+1.078853E+03,+3.584400E+04,+3.060175E-01,+4.159500E-06,+9.910000E+37,+1.078920E+03,+3.584400E+04,-8.963704E-03,+0.000000E+00,+9.910000E+37,+1.078985E+03,+3.584400E+04
11:15:15,0e0,+3.274620E-01,+4.641500E-06,+9.910000E+37,+1.079209E+03,+3.584400E+04,+3.282375E-01,+4.641500E-06,+9.910000E+37,+1.079275E+03,+3.584400E+04,+3.284646E-01,+4.641500E-06,+9.910000E+37,+1.079343E+03,+3.584400E+04,-6.777942E-03,+0.000000E+00,+9.910000E+37,+1.079408E+03,+3.584400E+04
11:15:15,0e0,+3.512748E-01,+5.179500E-06,+9.910000E+37,+1.079634E+03,+3.584400E+04,+3.507743E-01,+5.179500E-06,+9.910000E+37,+1.079700E+03,+3.584400E+04,+3.492247E-01,+5.179500E-06,+9.910000E+37,+1.079768E+03,+3.584400E+04,-9.418920E-03,+0.000000E+00,+9.910000E+37,+1.079833E+03,+3.584400E+04
11:15:15,0e0,+3.740859E-01,+5.779500E-06,+9.910000E+37,+1.080059E+03,+3.584400E+04,+3.745410E-01,+5.779500E-06,+9.910000E+37,+1.080126E+03,+3.584400E+04,+3.745858E-01,+5.779500E-06,+9.910000E+37,+1.080191E+03,+3.584400E+04,-8.189663E-03,+0.000000E+00,+9.910000E+37,+1.080258E+03,+3.584400E+04
11:15:15,0e0,+4.004930E-01,+6.449500E-06,+9.910000E+37,+1.080482E+03,+3.584400E+04,+3.999014E-01,+6.449500E-06,+9.910000E+37,+1.080550E+03,+3.584400E+04,+3.991730E-01,+6.449500E-06,+9.910000E+37,+1.080615E+03,+3.584400E+04,-8.599102E-03,+0.000000E+00,+9.910000E+37,+1.080682E+03,+3.584400E+04
11:15:15,0e0,+4.285400E-01,+7.197000E-06,+9.910000E+37,+1.080907E+03,+3.584400E+04,+4.270831E-01,+7.197000E-06,+9.910000E+37,+1.080975E+03,+3.584400E+04,+4.268097E-01,+7.197000E-06,+9.910000E+37,+1.081040E+03,+3.584400E+04,-7.005647E-03,+0.000000E+00,+9.910000E+37,+1.081107E+03,+3.584400E+04
11:15:15,0e0,+4.554941E-01,+8.031000E-06,+9.910000E+37,+1.081333E+03,+3.584400E+04,+4.558586E-01,+8.031000E-06,+9.910000E+37,+1.081399E+03,+3.584400E+04,+4.564050E-01,+8.031000E-06,+9.910000E+37,+1.081467E+03,+3.584400E+04,-9.191021E-03,+0.000000E+00,+9.910000E+37,+1.081534E+03,+3.584400E+04
11:15:15,0e0,+4.862728E-01,+8.961500E-06,+9.910000E+37,+1.081759E+03,+3.584400E+04,+4.854998E-01,+8.961500E-06,+9.910000E+37,+1.081825E+03,+3.584400E+04,+4.859093E-01,+8.961500E-06,+9.910000E+37,+1.081892E+03,+3.584400E+04,-8.690462E-03,+0.000000E+00,+9.910000E+37,+1.081958E+03,+3.584400E+04
11:15:15,0e0,+5.160050E-01,+1.000000E-05,+9.910000E+37,+1.082180E+03,+3.584400E+04,+5.170056E-01,+1.000000E-05,+9.910000E+37,+1.082246E+03,+3.584400E+04,+5.162767E-01,+1.000000E-05,+9.910000E+37,+1.082313E+03,+3.584400E+04,-9.692267E-03,+0.000000E+00,+9.910000E+37,+1.082379E+03,+3.584400E+04
11:15:15,0e0,+5.379962E-01,+1.116000E-05,+9.910000E+37,+1.082599E+03,+3.584400E+04,+5.378599E-01,+1.116000E-05,+9.910000E+37,+1.082666E+03,+3.584400E+04,+5.381324E-01,+1.116000E-05,+9.910000E+37,+1.082731E+03,+3.584400E+04,-8.508310E-03,+0.000000E+00,+9.910000E+37,+1.082799E+03,+3.584400E+04
11:15:15,0e0,+5.692753E-01,+1.245000E-05,+9.910000E+37,+1.083016E+03,+3.584400E+04,+5.683644E-01,+1.245000E-05,+9.910000E+37,+1.083083E+03,+3.584400E+04,+5.690020E-01,+1.245000E-05,+9.910000E+37,+1.083148E+03,+3.584400E+04,-1.032953E-02,+0.000000E+00,+9.910000E+37,+1.083215E+03,+3.584400E+04
11:15:15,0e0,+6.033323E-01,+1.389500E-05,+9.910000E+37,+1.083430E+03,+3.584400E+04,+6.056546E-01,+1.389500E-05,+9.910000E+37,+1.083496E+03,+3.584400E+04,+6.034228E-01,+1.389500E-05,+9.910000E+37,+1.083562E+03,+3.584400E+04,-9.692043E-03,+0.000000E+00,+9.910000E+37,+1.083631E+03,+3.584400E+04
11:15:15,0e0,+6.413040E-01,+1.550500E-05,+9.910000E+37,+1.083851E+03,+3.584400E+04,+6.410311E-01,+1.550500E-05,+9.910000E+37,+1.083917E+03,+3.584400E+04,+6.392561E-01,+1.550500E-05,+9.910000E+37,+1.083984E+03,+3.584400E+04,-1.005629E-02,+0.000000E+00,+9.910000E+37,+1.084052E+03,+3.584400E+04
11:15:15,0e0,+6.799139E-01,+1.730000E-05,+9.910000E+37,+1.084269E+03,+3.584400E+04,+6.803697E-01,+1.730000E-05,+9.910000E+37,+1.084335E+03,+3.584400E+04,+6.799145E-01,+1.730000E-05,+9.910000E+37,+1.084401E+03,+3.584400E+04,-9.965017E-03,+0.000000E+00,+9.910000E+37,+1.084473E+03,+3.584400E+04
11:15:15,0e0,+7.182962E-01,+1.930500E-05,+9.910000E+37,+1.084693E+03,+3.584400E+04,+7.187975E-01,+1.930500E-05,+9.910000E+37,+1.084761E+03,+3.584400E+04,+7.192998E-01,+1.930500E-05,+9.910000E+37,+1.084826E+03,+3.584400E+04,-9.737685E-03,+0.000000E+00,+9.910000E+37,+1.084896E+03,+3.584400E+04
11:15:15,0e0,+7.610047E-01,+2.154500E-05,+9.910000E+37,+1.085119E+03,+3.584400E+04,+7.603213E-01,+2.154500E-05,+9.910000E+37,+1.085186E+03,+3.584400E+04,+7.610041E-01,+2.154500E-05,+9.910000E+37,+1.085253E+03,+3.584400E+04,-8.735865E-03,+0.000000E+00,+9.910000E+37,+1.085320E+03,+3.584400E+04
11:15:15,0e0,+8.032115E-01,+2.404000E-05,+9.910000E+37,+1.085543E+03,+3.584400E+04,+8.040305E-01,+2.404000E-05,+9.910000E+37,+1.085609E+03,+3.584400E+04,+8.042125E-01,+2.404000E-05,+9.910000E+37,+1.085676E+03,+3.584400E+04,-1.073936E-02,+0.000000E+00,+9.910000E+37,+1.085745E+03,+3.584400E+04
11:15:15,0e0,+8.485146E-01,+2.682500E-05,+9.910000E+37,+1.085964E+03,+3.584400E+04,+8.497431E-01,+2.682500E-05,+9.910000E+37,+1.086030E+03,+3.584400E+04,+8.483795E-01,+2.682500E-05,+9.910000E+37,+1.086098E+03,+3.584400E+04,-1.069370E-02,+0.000000E+00,+9.910000E+37,+1.086167E+03,+3.584400E+04
11:15:15,0e0,+8.968217E-01,+2.993500E-05,+9.910000E+37,+1.086386E+03,+3.584400E+04,+8.955472E-01,+2.993500E-05,+9.910000E+37,+1.086452E+03,+3.584400E+04,+8.951384E-01,+2.993500E-05,+9.910000E+37,+1.086520E+03,+3.584400E+04,-1.119471E-02,+0.000000E+00,+9.910000E+37,+1.086591E+03,+3.584400E+04
11:15:15,0e0,+9.472240E-01,+3.340500E-05,+9.910000E+37,+1.086812E+03,+3.584400E+04,+9.468144E-01,+3.340500E-05,+9.910000E+37,+1.086880E+03,+3.584400E+04,+9.455395E-01,+3.340500E-05,+9.910000E+37,+1.086945E+03,+3.584400E+04,-1.023851E-02,+0.000000E+00,+9.910000E+37,+1.087015E+03,+3.584400E+04
11:15:15,0e0,+9.984010E-01,+3.727500E-05,+9.910000E+37,+1.087239E+03,+3.584400E+04,+9.988555E-01,+3.727500E-05,+9.910000E+37,+1.087306E+03,+3.584400E+04,+9.978540E-01,+3.727500E-05,+9.910000E+37,+1.087371E+03,+3.584400E+04,-1.010180E-02,+0.000000E+00,+9.910000E+37,+1.087439E+03,+3.584400E+04
11:15:15,0e0,+1.054402E+00,+4.159500E-05,+9.910000E+37,+1.087662E+03,+3.584400E+04,+1.054176E+00,+4.159500E-05,+9.910000E+37,+1.087729E+03,+3.584400E+04,+1.053812E+00,+4.159500E-05,+9.910000E+37,+1.087795E+03,+3.584400E+04,-1.114930E-02,+0.000000E+00,+9.910000E+37,+1.087863E+03,+3.584400E+04
11:15:15,0e0,+1.113320E+00,+4.641500E-05,+9.910000E+37,+1.088083E+03,+3.584400E+04,+1.113596E+00,+4.641500E-05,+9.910000E+37,+1.088150E+03,+3.584400E+04,+1.110543E+00,+4.641500E-05,+9.910000E+37,+1.088216E+03,+3.584400E+04,-9.327605E-03,+0.000000E+00,+9.910000E+37,+1.088288E+03,+3.584400E+04
11:15:15,0e0,+1.174105E+00,+5.179500E-05,+9.910000E+37,+1.088509E+03,+3.584400E+04,+1.172784E+00,+5.179500E-05,+9.910000E+37,+1.088575E+03,+3.584400E+04,+1.172283E+00,+5.179500E-05,+9.910000E+37,+1.088643E+03,+3.584400E+04,-9.874269E-03,+0.000000E+00,+9.910000E+37,+1.088714E+03,+3.584400E+04
11:15:15,0e0,+1.238118E+00,+5.779500E-05,+9.910000E+37,+1.088934E+03,+3.584400E+04,+1.238256E+00,+5.779500E-05,+9.910000E+37,+1.089001E+03,+3.584400E+04,+1.238118E+00,+5.779500E-05,+9.910000E+37,+1.089074E+03,+3.584400E+04,-9.828910E-03,+0.000000E+00,+9.910000E+37,+1.089146E+03,+3.584400E+04
11:15:15,0e0,+1.306870E+00,+6.449500E-05,+9.910000E+37,+1.089365E+03,+3.584400E+04,+1.306688E+00,+6.449500E-05,+9.910000E+37,+1.089432E+03,+3.584400E+04,+1.304913E+00,+6.449500E-05,+9.910000E+37,+1.089498E+03,+3.584400E+04,-1.042040E-02,+0.000000E+00,+9.910000E+37,+1.089567E+03,+3.584400E+04
11:15:15,0e0,+1.379400E+00,+7.197000E-05,+9.910000E+37,+1.089787E+03,+3.584400E+04,+1.377946E+00,+7.197000E-05,+9.910000E+37,+1.089853E+03,+3.584400E+04,+1.376943E+00,+7.197000E-05,+9.910000E+37,+1.089919E+03,+3.584400E+04,-1.087606E-02,+0.000000E+00,+9.910000E+37,+1.089990E+03,+3.584400E+04
11:15:15,0e0,+1.454527E+00,+8.031000E-05,+9.910000E+37,+1.090210E+03,+3.584400E+04,+1.453524E+00,+8.031000E-05,+9.910000E+37,+1.090277E+03,+3.584400E+04,+1.453205E+00,+8.031000E-05,+9.910000E+37,+1.090343E+03,+3.584400E+04,-1.078504E-02,+0.000000E+00,+9.910000E+37,+1.090414E+03,+3.584400E+04
11:15:15,0e0,+1.536120E+00,+8.961500E-05,+9.910000E+37,+1.090638E+03,+3.584400E+04,+1.534432E+00,+8.961500E-05,+9.910000E+37,+1.090704E+03,+3.584400E+04,+1.532609E+00,+8.961500E-05,+9.910000E+37,+1.090771E+03,+3.584400E+04,-9.191528E-03,+0.000000E+00,+9.910000E+37,+1.090839E+03,+3.584400E+04
11:15:15,0e0,+1.620805E+00,+1.000000E-04,+9.910000E+37,+1.091061E+03,+3.584400E+04,+1.618845E+00,+1.000000E-04,+9.910000E+37,+1.091128E+03,+3.584400E+04,+1.618939E+00,+1.000000E-04,+9.910000E+37,+1.091195E+03,+3.584400E+04,-1.028413E-02,+0.000000E+00,+9.910000E+37,+1.091267E+03,+3.584400E+04
11:15:15,0e0,+1.699571E+00,+1.116000E-04,+9.910000E+37,+1.091494E+03,+3.584400E+04,+1.697660E+00,+1.116000E-04,+9.910000E+37,+1.091560E+03,+3.584400E+04,+1.696158E+00,+1.116000E-04,+9.910000E+37,+1.091627E+03,+3.584400E+04,-2.020967E-02,+0.000000E+00,+9.910000E+37,+1.091692E+03,+3.584400E+04
11:15:15,0e0,+1.792498E+00,+1.245000E-04,+9.910000E+37,+1.091917E+03,+3.584400E+04,+1.792135E+00,+1.245000E-04,+9.910000E+37,+1.091982E+03,+3.584400E+04,+1.791907E+00,+1.245000E-04,+9.910000E+37,+1.092050E+03,+3.584400E+04,-2.020988E-02,+0.000000E+00,+9.910000E+37,+1.092115E+03,+3.584400E+04
11:15:15,0e0,+1.893807E+00,+1.389500E-04,+9.910000E+37,+1.092340E+03,+3.584400E+04,+1.892346E+00,+1.389500E-04,+9.910000E+37,+1.092406E+03,+3.584400E+04,+1.890256E+00,+1.389500E-04,+9.910000E+37,+1.092473E+03,+3.584400E+04,-1.952647E-02,+0.000000E+00,+9.910000E+37,+1.092539E+03,+3.584400E+04
11:15:15,0e0,+1.998252E+00,+1.550500E-04,+9.910000E+37,+1.092767E+03,+3.584400E+04,+1.996932E+00,+1.550500E-04,+9.910000E+37,+1.092833E+03,+3.584400E+04,+1.995201E+00,+1.550500E-04,+9.910000E+37,+1.092899E+03,+3.584400E+04,-1.943564E-02,+0.000000E+00,+9.910000E+37,+1.092966E+03,+3.584400E+04
11:15:15,0e0,+2.110393E+00,+1.730000E-04,+9.910000E+37,+1.093192E+03,+3.584400E+04,+2.106388E+00,+1.730000E-04,+9.910000E+37,+1.093258E+03,+3.584400E+04,+2.107252E+00,+1.730000E-04,+9.910000E+37,+1.093325E+03,+3.584400E+04,-1.870733E-02,+0.000000E+00,+9.910000E+37,+1.093391E+03,+3.584400E+04
11:15:15,0e0,+2.227000E+00,+1.930500E-04,+9.910000E+37,+1.093616E+03,+3.584400E+04,+2.225268E+00,+1.930500E-04,+9.910000E+37,+1.093684E+03,+3.584400E+04,+2.223221E+00,+1.930500E-04,+9.910000E+37,+1.093749E+03,+3.584400E+04,-1.911709E-02,+0.000000E+00,+9.910000E+37,+1.093816E+03,+3.584400E+04
11:15:15,0e0,+2.349843E+00,+2.154500E-04,+9.910000E+37,+1.094042E+03,+3.584400E+04,+2.346609E+00,+2.154500E-04,+9.910000E+37,+1.094108E+03,+3.584400E+04,+2.346968E+00,+2.154500E-04,+9.910000E+37,+1.094175E+03,+3.584400E+04,-1.970905E-02,+0.000000E+00,+9.910000E+37,+1.094240E+03,+3.584400E+04
11:15:15,0e0,+2.477004E+00,+2.404000E-04,+9.910000E+37,+1.094462E+03,+3.584400E+04,+2.474638E+00,+2.404000E-04,+9.910000E+37,+1.094529E+03,+3.584400E+04,+2.476731E+00,+2.404000E-04,+9.910000E+37,+1.094596E+03,+3.584400E+04,-1.952693E-02,+0.000000E+00,+9.910000E+37,+1.094663E+03,+3.584400E+04
11:15:15,0e0,+2.612504E+00,+2.682500E-04,+9.910000E+37,+1.094883E+03,+3.584400E+04,+2.609638E+00,+2.682500E-04,+9.910000E+37,+1.094948E+03,+3.584400E+04,+2.610048E+00,+2.682500E-04,+9.910000E+37,+1.095016E+03,+3.584400E+04,-1.870753E-02,+0.000000E+00,+9.910000E+37,+1.095081E+03,+3.584400E+04
11:15:15,0e0,+2.750827E+00,+2.993500E-04,+9.910000E+37,+1.095308E+03,+3.584400E+04,+2.749142E+00,+2.993500E-04,+9.910000E+37,+1.095374E+03,+3.584400E+04,+2.747730E+00,+2.993500E-04,+9.910000E+37,+1.095441E+03,+3.584400E+04,-1.989122E-02,+0.000000E+00,+9.910000E+37,+1.095507E+03,+3.584400E+04
11:15:15,0e0,+2.895705E+00,+3.340500E-04,+9.910000E+37,+1.095734E+03,+3.584400E+04,+2.892653E+00,+3.340500E-04,+9.910000E+37,+1.095800E+03,+3.584400E+04,+2.895066E+00,+3.340500E-04,+9.910000E+37,+1.095867E+03,+3.584400E+04,-1.866163E-02,+0.000000E+00,+9.910000E+37,+1.095933E+03,+3.584400E+04
11:15:15,0e0,+3.042402E+00,+3.727500E-04,+9.910000E+37,+1.096158E+03,+3.584400E+04,+3.041082E+00,+3.727500E-04,+9.910000E+37,+1.096225E+03,+3.584400E+04,+3.041585E+00,+3.727500E-04,+9.910000E+37,+1.096291E+03,+3.584400E+04,-1.879834E-02,+0.000000E+00,+9.910000E+37,+1.096358E+03,+3.584400E+04
11:15:15,0e0,+3.192286E+00,+4.159500E-04,+9.910000E+37,+1.096579E+03,+3.584400E+04,+3.191105E+00,+4.159500E-04,+9.910000E+37,+1.096646E+03,+3.584400E+04,+3.193018E+00,+4.159500E-04,+9.910000E+37,+1.096712E+03,+3.584400E+04,-1.898055E-02,+0.000000E+00,+9.910000E+37,+1.096778E+03,+3.584400E+04
11:15:15,0e0,+3.342672E+00,+4.641500E-04,+9.910000E+37,+1.097006E+03,+3.584400E+04,+3.342770E+00,+4.641500E-04,+9.910000E+37,+1.097073E+03,+3.584400E+04,+3.344861E+00,+4.641500E-04,+9.910000E+37,+1.097141E+03,+3.584400E+04,-1.929934E-02,+0.000000E+00,+9.910000E+37,+1.097207E+03,+3.584400E+04
11:15:15,0e0,+3.495755E+00,+5.179500E-04,+9.910000E+37,+1.097429E+03,+3.584400E+04,+3.495981E+00,+5.179500E-04,+9.910000E+37,+1.097494E+03,+3.584400E+04,+3.496981E+00,+5.179500E-04,+9.910000E+37,+1.097561E+03,+3.584400E+04,-1.902606E-02,+0.000000E+00,+9.910000E+37,+1.097627E+03,+3.584400E+04
11:15:15,0e0,+3.647827E+00,+5.779500E-04,+9.910000E+37,+1.097854E+03,+3.584400E+04,+3.648188E+00,+5.779500E-04,+9.910000E+37,+1.097920E+03,+3.584400E+04,+3.647463E+00,+5.779500E-04,+9.910000E+37,+1.097987E+03,+3.584400E+04,-1.939030E-02,+0.000000E+00,+9.910000E+37,+1.098053E+03,+3.584400E+04
11:15:15,0e0,+3.797346E+00,+6.449500E-04,+9.910000E+37,+1.098278E+03,+3.584400E+04,+3.796797E+00,+6.449500E-04,+9.910000E+37,+1.098346E+03,+3.584400E+04,+3.798483E+00,+6.449500E-04,+9.910000E+37,+1.098413E+03,+3.584400E+04,-1.961796E-02,+0.000000E+00,+9.910000E+37,+1.098479E+03,+3.584400E+04
11:15:15,0e0,+3.944592E+00,+7.197000E-04,+9.910000E+37,+1.098703E+03,+3.584400E+04,+3.947736E+00,+7.197000E-04,+9.910000E+37,+1.098770E+03,+3.584400E+04,+3.946687E+00,+7.197000E-04,+9.910000E+37,+1.098837E+03,+3.584400E+04,-2.025545E-02,+0.000000E+00,+9.910000E+37,+1.098902E+03,+3.584400E+04
11:15:15,0e0,+4.089150E+00,+8.031000E-04,+9.910000E+37,+1.099126E+03,+3.584400E+04,+4.090157E+00,+8.031000E-04,+9.910000E+37,+1.099191E+03,+3.584400E+04,+4.090328E+00,+8.031000E-04,+9.910000E+37,+1.099259E+03,+3.584400E+04,-2.180398E-02,+0.000000E+00,+9.910000E+37,+1.099324E+03,+3.584400E+04
11:15:15,0e0,+4.230978E+00,+8.961500E-04,+9.910000E+37,+1.099550E+03,+3.584400E+04,+4.233574E+00,+8.961500E-04,+9.910000E+37,+1.099615E+03,+3.584400E+04,+4.233982E+00,+8.961500E-04,+9.910000E+37,+1.099682E+03,+3.584400E+04,-1.907159E-02,+0.000000E+00,+9.910000E+37,+1.099748E+03,+3.584400E+04
11:15:15,0e0,+4.369438E+00,+1.000000E-03,+9.910000E+37,+1.099965E+03,+3.584400E+04,+4.370840E+00,+1.000000E-03,+9.910000E+37,+1.100032E+03,+3.584400E+04,+4.372668E+00,+1.000000E-03,+9.910000E+37,+1.100099E+03,+3.584400E+04,-1.970905E-02,+0.000000E+00,+9.910000E+37,+1.100166E+03,+3.584400E+04
11:15:15,0e0,+4.493276E+00,+1.116000E-03,+9.910000E+37,+1.100390E+03,+3.584400E+04,+4.495740E+00,+1.116000E-03,+9.910000E+37,+1.100456E+03,+3.584400E+04,+4.495242E+00,+1.116000E-03,+9.910000E+37,+1.100523E+03,+3.584400E+04,-9.270855E-01,+0.000000E+00,+9.910000E+37,+1.100589E+03,+3.584400E+04
11:15:15,0e0,+4.624494E+00,+1.245000E-03,+9.910000E+37,+1.100810E+03,+3.584400E+04,+4.628325E+00,+1.245000E-03,+9.910000E+37,+1.100877E+03,+3.584400E+04,+4.628728E+00,+1.245000E-03,+9.910000E+37,+1.100943E+03,+3.584400E+04,-9.235340E-01,+0.000000E+00,+9.910000E+37,+1.101010E+03,+3.584400E+04
11:15:15,0e0,+4.756171E+00,+1.389500E-03,+9.910000E+37,+1.101237E+03,+3.584400E+04,+4.758535E+00,+1.389500E-03,+9.910000E+37,+1.101305E+03,+3.584400E+04,+4.759314E+00,+1.389500E-03,+9.910000E+37,+1.101372E+03,+3.584400E+04,-9.030439E-01,+0.000000E+00,+9.910000E+37,+1.101438E+03,+3.584400E+04
11:15:15,0e0,+4.883608E+00,+1.550500E-03,+9.910000E+37,+1.101664E+03,+3.584400E+04,+4.889031E+00,+1.550500E-03,+9.910000E+37,+1.101730E+03,+3.584400E+04,+4.889440E+00,+1.550500E-03,+9.910000E+37,+1.101797E+03,+3.584400E+04,-9.161580E-01,+0.000000E+00,+9.910000E+37,+1.101864E+03,+3.584400E+04
11:15:15,0e0,+5.013011E+00,+1.730000E-03,+9.910000E+37,+1.102084E+03,+3.584400E+04,+5.018338E+00,+1.730000E-03,+9.910000E+37,+1.102151E+03,+3.584400E+04,+5.018475E+00,+1.730000E-03,+9.910000E+37,+1.102217E+03,+3.584400E+04,-9.145643E-01,+0.000000E+00,+9.910000E+37,+1.102284E+03,+3.584400E+04
11:15:15,0e0,+5.141096E+00,+1.930500E-03,+9.910000E+37,+1.102505E+03,+3.584400E+04,+5.145870E+00,+1.930500E-03,+9.910000E+37,+1.102572E+03,+3.584400E+04,+5.146323E+00,+1.930500E-03,+9.910000E+37,+1.102638E+03,+3.584400E+04,-9.142458E-01,+0.000000E+00,+9.910000E+37,+1.102705E+03,+3.584400E+04
11:15:15,0e0,+5.269302E+00,+2.154500E-03,+9.910000E+37,+1.102928E+03,+3.584400E+04,+5.273851E+00,+2.154500E-03,+9.910000E+37,+1.102993E+03,+3.584400E+04,+5.276359E+00,+2.154500E-03,+9.910000E+37,+1.103061E+03,+3.584400E+04,-9.119237E-01,+0.000000E+00,+9.910000E+37,+1.103126E+03,+3.584400E+04
11:15:15,0e0,+5.399295E+00,+2.404000E-03,+9.910000E+37,+1.103352E+03,+3.584400E+04,+5.403985E+00,+2.404000E-03,+9.910000E+37,+1.103418E+03,+3.584400E+04,+5.404711E+00,+2.404000E-03,+9.910000E+37,+1.103485E+03,+3.584400E+04,-8.932538E-01,+0.000000E+00,+9.910000E+37,+1.103551E+03,+3.584400E+04
11:15:15,0e0,+5.527725E+00,+2.682500E-03,+9.910000E+37,+1.103771E+03,+3.584400E+04,+5.534784E+00,+2.682500E-03,+9.910000E+37,+1.103838E+03,+3.584400E+04,+5.535429E+00,+2.682500E-03,+9.910000E+37,+1.103904E+03,+3.584400E+04,-8.911598E-01,+0.000000E+00,+9.910000E+37,+1.103972E+03,+3.584400E+04
11:15:15,0e0,+5.660580E+00,+2.993500E-03,+9.910000E+37,+1.104198E+03,+3.584400E+04,+5.666412E+00,+2.993500E-03,+9.910000E+37,+1.104266E+03,+3.584400E+04,+5.668508E+00,+2.993500E-03,+9.910000E+37,+1.104331E+03,+3.584400E+04,-8.801408E-01,+0.000000E+00,+9.910000E+37,+1.104398E+03,+3.584400E+04
11:15:15,0e0,+5.796545E+00,+3.340500E-03,+9.910000E+37,+1.104624E+03,+3.584400E+04,+5.802370E+00,+3.340500E-03,+9.910000E+37,+1.104691E+03,+3.584400E+04,+5.803421E+00,+3.340500E-03,+9.910000E+37,+1.104757E+03,+3.584400E+04,-8.672547E-01,+0.000000E+00,+9.910000E+37,+1.104824E+03,+3.584400E+04
11:15:15,0e0,+5.931631E+00,+3.727500E-03,+9.910000E+37,+1.105044E+03,+3.584400E+04,+5.940382E+00,+3.727500E-03,+9.910000E+37,+1.105111E+03,+3.584400E+04,+5.939508E+00,+3.727500E-03,+9.910000E+37,+1.105177E+03,+3.584400E+04,-8.891110E-01,+0.000000E+00,+9.910000E+37,+1.105243E+03,+3.584400E+04
11:15:15,0e0,+6.071590E+00,+4.159500E-03,+9.910000E+37,+1.105472E+03,+3.584400E+04,+6.081885E+00,+4.159500E-03,+9.910000E+37,+1.105538E+03,+3.584400E+04,+6.081386E+00,+4.159500E-03,+9.910000E+37,+1.105605E+03,+3.584400E+04,-8.691217E-01,+0.000000E+00,+9.910000E+37,+1.105671E+03,+3.584400E+04
11:15:15,0e0,+6.216246E+00,+4.641500E-03,+9.910000E+37,+1.105896E+03,+3.584400E+04,+6.224391E+00,+4.641500E-03,+9.910000E+37,+1.105962E+03,+3.584400E+04,+6.226029E+00,+4.641500E-03,+9.910000E+37,+1.106029E+03,+3.584400E+04,-8.513637E-01,+0.000000E+00,+9.910000E+37,+1.106095E+03,+3.584400E+04
11:15:15,0e0,+6.360796E+00,+5.179500E-03,+9.910000E+37,+1.106314E+03,+3.584400E+04,+6.371181E+00,+5.179500E-03,+9.910000E+37,+1.106382E+03,+3.584400E+04,+6.372551E+00,+5.179500E-03,+9.910000E+37,+1.106447E+03,+3.584400E+04,-8.347897E-01,+0.000000E+00,+9.910000E+37,+1.106515E+03,+3.584400E+04
11:15:15,0e0,+6.511138E+00,+5.779500E-03,+9.910000E+37,+1.106737E+03,+3.584400E+04,+6.521205E+00,+5.779500E-03,+9.910000E+37,+1.106805E+03,+3.584400E+04,+6.524350E+00,+5.779500E-03,+9.910000E+37,+1.106870E+03,+3.584400E+04,-8.143906E-01,+0.000000E+00,+9.910000E+37,+1.106937E+03,+3.584400E+04
11:15:15,0e0,+6.663911E+00,+6.449500E-03,+9.910000E+37,+1.107162E+03,+3.584400E+04,+6.675148E+00,+6.449500E-03,+9.910000E+37,+1.107228E+03,+3.584400E+04,+6.678243E+00,+6.449500E-03,+9.910000E+37,+1.107294E+03,+3.584400E+04,-8.073330E-01,+0.000000E+00,+9.910000E+37,+1.107360E+03,+3.584400E+04
11:15:15,0e0,+6.822289E+00,+7.197000E-03,+9.910000E+37,+1.107581E+03,+3.584400E+04,+6.833364E+00,+7.197000E-03,+9.910000E+37,+1.107647E+03,+3.584400E+04,+6.836181E+00,+7.197000E-03,+9.910000E+37,+1.107714E+03,+3.584400E+04,-7.988172E-01,+0.000000E+00,+9.910000E+37,+1.107781E+03,+3.584400E+04
11:15:15,0e0,+6.985590E+00,+8.031000E-03,+9.910000E+37,+1.108008E+03,+3.584400E+04,+6.995176E+00,+8.031000E-03,+9.910000E+37,+1.108075E+03,+3.584400E+04,+6.999643E+00,+8.031000E-03,+9.910000E+37,+1.108141E+03,+3.584400E+04,-7.761874E-01,+0.000000E+00,+9.910000E+37,+1.108208E+03,+3.584400E+04
11:15:15,0e0,+7.151983E+00,+8.961500E-03,+9.910000E+37,+1.108434E+03,+3.584400E+04,+7.164368E+00,+8.961500E-03,+9.910000E+37,+1.108501E+03,+3.584400E+04,+7.168426E+00,+8.961500E-03,+9.910000E+37,+1.108566E+03,+3.584400E+04,-7.732739E-01,+0.000000E+00,+9.910000E+37,+1.108633E+03,+3.584400E+04
