11:11:28,0e0,-5.216965E-02,+1.000000E-07,+9.910000E+37,+8.420264E+02,+3.584400E+04,+1.316816E-02,+1.000000E-07,+9.910000E+37,+8.420937E+02,+3.584400E+04,+1.366863E-02,+1.000000E-07,+9.910000E+37,+8.421592E+02,+3.584400E+04,-1.387770E-02,+0.000000E+00,+9.910000E+37,+8.422256E+02,+3.584400E+04
11:11:28,0e0,-6.259607E-02,+1.116000E-07,+9.910000E+37,+8.424521E+02,+3.584400E+04,+1.558085E-02,+1.116000E-07,+9.910000E+37,+8.425186E+02,+3.584400E+04,+1.576327E-02,+1.116000E-07,+9.910000E+37,+8.425850E+02,+3.584400E+04,-1.351340E-02,+0.000000E+00,+9.910000E+37,+8.426514E+02,+3.584400E+04
11:11:28,0e0,-4.401910E-02,+1.245000E-07,+9.910000E+37,+8.428760E+02,+3.584400E+04,+1.881406E-02,+1.245000E-07,+9.910000E+37,+8.429424E+02,+3.584400E+04,+1.790288E-02,+1.245000E-07,+9.910000E+37,+8.430088E+02,+3.584400E+04,-1.210172E-02,+0.000000E+00,+9.910000E+37,+8.430752E+02,+3.584400E+04
11:11:28,0e0,+2.113597E-02,+1.389500E-07,+9.910000E+37,+8.433008E+02,+3.584400E+04,+2.168229E-02,+1.389500E-07,+9.910000E+37,+8.433672E+02,+3.584400E+04,+2.136377E-02,+1.389500E-07,+9.910000E+37,+8.434336E+02,+3.584400E+04,-1.424217E-02,+0.000000E+00,+9.910000E+37,+8.435000E+02,+3.584400E+04
11:11:28,0e0,+2.432275E-02,+1.550500E-07,+9.910000E+37,+8.437236E+02,+3.584400E+04,+2.414103E-02,+1.550500E-07,+9.910000E+37,+8.437900E+02,+3.584400E+04,+2.400434E-02,+1.550500E-07,+9.910000E+37,+8.438564E+02,+3.584400E+04,-1.337692E-02,+0.000000E+00,+9.910000E+37,+8.439229E+02,+3.584400E+04
11:11:28,0e0,+2.696446E-02,+1.730000E-07,+9.910000E+37,+8.441465E+02,+3.584400E+04,+2.723722E-02,+1.730000E-07,+9.910000E+37,+8.442129E+02,+3.584400E+04,+2.746469E-02,+1.730000E-07,+9.910000E+37,+8.442793E+02,+3.584400E+04,-1.410536E-02,+0.000000E+00,+9.910000E+37,+8.443457E+02,+3.584400E+04
11:11:28,0e0,+3.019676E-02,+1.930500E-07,+9.910000E+37,+8.445693E+02,+3.584400E+04,+3.115290E-02,+1.930500E-07,+9.910000E+37,+8.446357E+02,+3.584400E+04,+3.042498E-02,+1.930500E-07,+9.910000E+37,+8.447031E+02,+3.584400E+04,-1.483423E-02,+0.000000E+00,+9.910000E+37,+8.447695E+02,+3.584400E+04
11:11:28,0e0,+3.361174E-02,+2.154500E-07,+9.910000E+37,+8.449941E+02,+3.584400E+04,+3.452235E-02,+2.154500E-07,+9.910000E+37,+8.450615E+02,+3.584400E+04,+3.520530E-02,+2.154500E-07,+9.910000E+37,+8.451270E+02,+3.584400E+04,-1.374114E-02,+0.000000E+00,+9.910000E+37,+8.451934E+02,+3.584400E+04
11:11:28,0e0,+3.748167E-02,+2.404000E-07,+9.910000E+37,+8.454170E+02,+3.584400E+04,+3.793716E-02,+2.404000E-07,+9.910000E+37,+8.454834E+02,+3.584400E+04,+3.748173E-02,+2.404000E-07,+9.910000E+37,+8.455498E+02,+3.584400E+04,-1.219299E-02,+0.000000E+00,+9.910000E+37,+8.456162E+02,+3.584400E+04
11:11:28,0e0,+4.171604E-02,+2.682500E-07,+9.910000E+37,+8.458428E+02,+3.584400E+04,+4.112411E-02,+2.682500E-07,+9.910000E+37,+8.459102E+02,+3.584400E+04,+4.130623E-02,+2.682500E-07,+9.910000E+37,+8.459775E+02,+3.584400E+04,-1.333129E-02,+0.000000E+00,+9.910000E+37,+8.460439E+02,+3.584400E+04
11:11:28,0e0,+4.376444E-02,+2.993500E-07,+9.910000E+37,+8.462695E+02,+3.584400E+04,+4.708874E-02,+2.993500E-07,+9.910000E+37,+8.463359E+02,+3.584400E+04,+4.394677E-02,+2.993500E-07,+9.910000E+37,+8.464023E+02,+3.584400E+04,-1.365000E-02,+0.000000E+00,+9.910000E+37,+8.464697E+02,+3.584400E+04
11:11:28,0e0,+5.009395E-02,+3.340500E-07,+9.910000E+37,+8.466924E+02,+3.584400E+04,+4.963884E-02,+3.340500E-07,+9.910000E+37,+8.467588E+02,+3.584400E+04,+4.968414E-02,+3.340500E-07,+9.910000E+37,+8.468252E+02,+3.584400E+04,-1.419665E-02,+0.000000E+00,+9.910000E+37,+8.468926E+02,+3.584400E+04
11:11:28,0e0,+5.373627E-02,+3.727500E-07,+9.910000E+37,+8.471182E+02,+3.584400E+04,+5.373627E-02,+3.727500E-07,+9.910000E+37,+8.471846E+02,+3.584400E+04,+5.482912E-02,+3.727500E-07,+9.910000E+37,+8.472510E+02,+3.584400E+04,-1.251172E-02,+0.000000E+00,+9.910000E+37,+8.473184E+02,+3.584400E+04
11:11:28,0e0,+5.856276E-02,+4.159500E-07,+9.910000E+37,+8.475439E+02,+3.584400E+04,+5.970123E-02,+4.159500E-07,+9.910000E+37,+8.476113E+02,+3.584400E+04,+5.865389E-02,+4.159500E-07,+9.910000E+37,+8.476777E+02,+3.584400E+04,-1.296699E-02,+0.000000E+00,+9.910000E+37,+8.477432E+02,+3.584400E+04
11:11:28,0e0,+6.407234E-02,+4.641500E-07,+9.910000E+37,+8.479697E+02,+3.584400E+04,+6.434497E-02,+4.641500E-07,+9.910000E+37,+8.480361E+02,+3.584400E+04,+6.320652E-02,+4.641500E-07,+9.910000E+37,+8.481025E+02,+3.584400E+04,-1.506189E-02,+0.000000E+00,+9.910000E+37,+8.481689E+02,+3.584400E+04
11:11:28,0e0,+6.908083E-02,+5.179500E-07,+9.910000E+37,+8.483916E+02,+3.584400E+04,+6.898972E-02,+5.179500E-07,+9.910000E+37,+8.484580E+02,+3.584400E+04,+6.757727E-02,+5.179500E-07,+9.910000E+37,+8.485244E+02,+3.584400E+04,-1.324025E-02,+0.000000E+00,+9.910000E+37,+8.485908E+02,+3.584400E+04
11:11:28,0e0,+7.572800E-02,+5.779500E-07,+9.910000E+37,+8.488145E+02,+3.584400E+04,+7.600108E-02,+5.779500E-07,+9.910000E+37,+8.488818E+02,+3.584400E+04,+7.527265E-02,+5.779500E-07,+9.910000E+37,+8.489482E+02,+3.584400E+04,-1.360451E-02,+0.000000E+00,+9.910000E+37,+8.490146E+02,+3.584400E+04
11:11:28,0e0,+8.032635E-02,+6.449500E-07,+9.910000E+37,+8.492393E+02,+3.584400E+04,+8.187497E-02,+6.449500E-07,+9.910000E+37,+8.493066E+02,+3.584400E+04,+8.119166E-02,+6.449500E-07,+9.910000E+37,+8.493740E+02,+3.584400E+04,-1.624513E-02,+0.000000E+00,+9.910000E+37,+8.494395E+02,+3.584400E+04
11:11:28,0e0,+8.779413E-02,+7.197000E-07,+9.910000E+37,+8.496641E+02,+3.584400E+04,+8.633596E-02,+7.197000E-07,+9.910000E+37,+8.497305E+02,+3.584400E+04,+8.688307E-02,+7.197000E-07,+9.910000E+37,+8.497969E+02,+3.584400E+04,-3.764500E-02,+0.000000E+00,+9.910000E+37,+8.498633E+02,+3.584400E+04
11:11:28,0e0,+9.453237E-02,+8.031000E-07,+9.910000E+37,+8.500889E+02,+3.584400E+04,+9.553421E-02,+8.031000E-07,+9.910000E+37,+8.501543E+02,+3.584400E+04,+9.394026E-02,+8.031000E-07,+9.910000E+37,+8.502207E+02,+3.584400E+04,-2.215460E-01,+0.000000E+00,+9.910000E+37,+8.502871E+02,+3.584400E+04
11:11:28,0e0,+1.011798E-01,+8.961500E-07,+9.910000E+37,+8.505117E+02,+3.584400E+04,+9.954011E-02,+8.961500E-07,+9.910000E+37,+8.505781E+02,+3.584400E+04,+1.008156E-01,+8.961500E-07,+9.910000E+37,+8.506445E+02,+3.584400E+04,-4.085548E-01,+0.000000E+00,+9.910000E+37,+8.507119E+02,+3.584400E+04
11:11:28,0e0,+1.091939E-01,+1.000000E-06,+9.910000E+37,+8.509326E+02,+3.584400E+04,+1.087836E-01,+1.000000E-06,+9.910000E+37,+8.509990E+02,+3.584400E+04,+1.078274E-01,+1.000000E-06,+9.910000E+37,+8.510654E+02,+3.584400E+04,-7.704601E-01,+0.000000E+00,+9.910000E+37,+8.511318E+02,+3.584400E+04
11:11:28,0e0,+1.045493E-01,+1.116000E-06,+9.910000E+37,+8.513555E+02,+3.584400E+04,+1.041396E-01,+1.116000E-06,+9.910000E+37,+8.514219E+02,+3.584400E+04,+1.052777E-01,+1.116000E-06,+9.910000E+37,+8.514893E+02,+3.584400E+04,-1.196544E-02,+0.000000E+00,+9.910000E+37,+8.515557E+02,+3.584400E+04
11:11:28,0e0,+1.119255E-01,+1.245000E-06,+9.910000E+37,+8.517793E+02,+3.584400E+04,+1.106958E-01,+1.245000E-06,+9.910000E+37,+8.518457E+02,+3.584400E+04,+1.126082E-01,+1.245000E-06,+9.910000E+37,+8.519131E+02,+3.584400E+04,-1.346779E-02,+0.000000E+00,+9.910000E+37,+8.519805E+02,+3.584400E+04
11:11:28,0e0,+1.187095E-01,+1.389500E-06,+9.910000E+37,+8.522002E+02,+3.584400E+04,+1.192557E-01,+1.389500E-06,+9.910000E+37,+8.522666E+02,+3.584400E+04,+1.196203E-01,+1.389500E-06,+9.910000E+37,+8.523330E+02,+3.584400E+04,-1.210204E-02,+0.000000E+00,+9.910000E+37,+8.523994E+02,+3.584400E+04
11:11:28,0e0,+1.273153E-01,+1.550500E-06,+9.910000E+37,+8.526250E+02,+3.584400E+04,+1.280436E-01,+1.550500E-06,+9.910000E+37,+8.526914E+02,+3.584400E+04,+1.265865E-01,+1.550500E-06,+9.910000E+37,+8.527588E+02,+3.584400E+04,-1.301253E-02,+0.000000E+00,+9.910000E+37,+8.528262E+02,+3.584400E+04
11:11:28,0e0,+1.353741E-01,+1.730000E-06,+9.910000E+37,+8.530469E+02,+3.584400E+04,+1.362391E-01,+1.730000E-06,+9.910000E+37,+8.531143E+02,+3.584400E+04,+1.345088E-01,+1.730000E-06,+9.910000E+37,+8.531816E+02,+3.584400E+04,-1.374114E-02,+0.000000E+00,+9.910000E+37,+8.532490E+02,+3.584400E+04
11:11:28,0e0,+1.432970E-01,+1.930500E-06,+9.910000E+37,+8.534736E+02,+3.584400E+04,+1.423402E-01,+1.930500E-06,+9.910000E+37,+8.535400E+02,+3.584400E+04,+1.430238E-01,+1.930500E-06,+9.910000E+37,+8.536074E+02,+3.584400E+04,-1.150988E-02,+0.000000E+00,+9.910000E+37,+8.536729E+02,+3.584400E+04
11:11:28,0e0,+1.517659E-01,+2.154500E-06,+9.910000E+37,+8.538984E+02,+3.584400E+04,+1.523571E-01,+2.154500E-06,+9.910000E+37,+8.539658E+02,+3.584400E+04,+1.524489E-01,+2.154500E-06,+9.910000E+37,+8.540313E+02,+3.584400E+04,-1.392303E-02,+0.000000E+00,+9.910000E+37,+8.540977E+02,+3.584400E+04
11:11:28,0e0,+1.618733E-01,+2.404000E-06,+9.910000E+37,+8.543223E+02,+3.584400E+04,+1.619186E-01,+2.404000E-06,+9.910000E+37,+8.543896E+02,+3.584400E+04,+1.616457E-01,+2.404000E-06,+9.910000E+37,+8.544570E+02,+3.584400E+04,-1.196511E-02,+0.000000E+00,+9.910000E+37,+8.545225E+02,+3.584400E+04
11:11:28,0e0,+1.721177E-01,+2.682500E-06,+9.910000E+37,+8.547471E+02,+3.584400E+04,+1.720274E-01,+2.682500E-06,+9.910000E+37,+8.548145E+02,+3.584400E+04,+1.711612E-01,+2.682500E-06,+9.910000E+37,+8.548799E+02,+3.584400E+04,-1.292166E-02,+0.000000E+00,+9.910000E+37,+8.549473E+02,+3.584400E+04
11:11:28,0e0,+1.827729E-01,+2.993500E-06,+9.910000E+37,+8.551680E+02,+3.584400E+04,+1.818613E-01,+2.993500E-06,+9.910000E+37,+8.552344E+02,+3.584400E+04,+1.820893E-01,+2.993500E-06,+9.910000E+37,+8.553008E+02,+3.584400E+04,-1.242089E-02,+0.000000E+00,+9.910000E+37,+8.553682E+02,+3.584400E+04
11:11:28,0e0,+1.926976E-01,+3.340500E-06,+9.910000E+37,+8.555938E+02,+3.584400E+04,+1.935631E-01,+3.340500E-06,+9.910000E+37,+8.556611E+02,+3.584400E+04,+1.935630E-01,+3.340500E-06,+9.910000E+37,+8.557275E+02,+3.584400E+04,-1.337671E-02,+0.000000E+00,+9.910000E+37,+8.557930E+02,+3.584400E+04
11:11:28,0e0,+2.058105E-01,+3.727500E-06,+9.910000E+37,+8.560186E+02,+3.584400E+04,+2.057207E-01,+3.727500E-06,+9.910000E+37,+8.560859E+02,+3.584400E+04,+2.048090E-01,+3.727500E-06,+9.910000E+37,+8.561514E+02,+3.584400E+04,-1.283048E-02,+0.000000E+00,+9.910000E+37,+8.562178E+02,+3.584400E+04
11:11:28,0e0,+2.181499E-01,+4.159500E-06,+9.910000E+37,+8.564424E+02,+3.584400E+04,+2.173297E-01,+4.159500E-06,+9.910000E+37,+8.565088E+02,+3.584400E+04,+2.184690E-01,+4.159500E-06,+9.910000E+37,+8.565752E+02,+3.584400E+04,-1.328593E-02,+0.000000E+00,+9.910000E+37,+8.566416E+02,+3.584400E+04
11:11:28,0e0,+2.303520E-01,+4.641500E-06,+9.910000E+37,+8.568662E+02,+3.584400E+04,+2.308071E-01,+4.641500E-06,+9.910000E+37,+8.569326E+02,+3.584400E+04,+2.314451E-01,+4.641500E-06,+9.910000E+37,+8.570000E+02,+3.584400E+04,-1.314896E-02,+0.000000E+00,+9.910000E+37,+8.570674E+02,+3.584400E+04
11:11:28,0e0,+2.442844E-01,+5.179500E-06,+9.910000E+37,+8.572881E+02,+3.584400E+04,+2.447853E-01,+5.179500E-06,+9.910000E+37,+8.573555E+02,+3.584400E+04,+2.440574E-01,+5.179500E-06,+9.910000E+37,+8.574209E+02,+3.584400E+04,-1.246603E-02,+0.000000E+00,+9.910000E+37,+8.574873E+02,+3.584400E+04
11:11:28,0e0,+2.585366E-01,+5.779500E-06,+9.910000E+37,+8.577129E+02,+3.584400E+04,+2.585360E-01,+5.779500E-06,+9.910000E+37,+8.577783E+02,+3.584400E+04,+2.581717E-01,+5.779500E-06,+9.910000E+37,+8.578447E+02,+3.584400E+04,-1.264828E-02,+0.000000E+00,+9.910000E+37,+8.579111E+02,+3.584400E+04
11:11:28,0e0,+2.730604E-01,+6.449500E-06,+9.910000E+37,+8.581377E+02,+3.584400E+04,+2.733789E-01,+6.449500E-06,+9.910000E+37,+8.582041E+02,+3.584400E+04,+2.745627E-01,+6.449500E-06,+9.910000E+37,+8.582715E+02,+3.584400E+04,-1.314922E-02,+0.000000E+00,+9.910000E+37,+8.583389E+02,+3.584400E+04
11:11:28,0e0,+2.909092E-01,+7.197000E-06,+9.910000E+37,+8.585635E+02,+3.584400E+04,+2.894973E-01,+7.197000E-06,+9.910000E+37,+8.586299E+02,+3.584400E+04,+2.891330E-01,+7.197000E-06,+9.910000E+37,+8.586953E+02,+3.584400E+04,-4.606807E-02,+0.000000E+00,+9.910000E+37,+8.587617E+02,+3.584400E+04
11:11:28,0e0,+3.053419E-01,+8.031000E-06,+9.910000E+37,+8.589883E+02,+3.584400E+04,+3.058887E-01,+8.031000E-06,+9.910000E+37,+8.590537E+02,+3.584400E+04,+3.058882E-01,+8.031000E-06,+9.910000E+37,+8.591211E+02,+3.584400E+04,-1.985072E-01,+0.000000E+00,+9.910000E+37,+8.591865E+02,+3.584400E+04
11:11:28,0e0,+3.228713E-01,+8.961500E-06,+9.910000E+37,+8.594111E+02,+3.584400E+04,+3.238291E-01,+8.961500E-06,+9.910000E+37,+8.594775E+02,+3.584400E+04,+3.225526E-01,+8.961500E-06,+9.910000E+37,+8.595449E+02,+3.584400E+04,-3.686666E-01,+0.000000E+00,+9.910000E+37,+8.596113E+02,+3.584400E+04
11:11:28,0e0,+3.408105E-01,+1.000000E-05,+9.910000E+37,+8.598320E+02,+3.584400E+04,+3.417670E-01,+1.000000E-05,+9.910000E+37,+8.598984E+02,+3.584400E+04,+3.412660E-01,+1.000000E-05,+9.910000E+37,+8.599648E+02,+3.584400E+04,-6.171920E-01,+0.000000E+00,+9.910000E+37,+8.600313E+02,+3.584400E+04
11:11:28,0e0,+3.480963E-01,+1.116000E-05,+9.910000E+37,+8.602520E+02,+3.584400E+04,+3.482334E-01,+1.116000E-05,+9.910000E+37,+8.603193E+02,+3.584400E+04,+3.489609E-01,+1.116000E-05,+9.910000E+37,+8.603848E+02,+3.584400E+04,-1.456080E-02,+0.000000E+00,+9.910000E+37,+8.604551E+02,+3.584400E+04
11:11:28,0e0,+3.658072E-01,+1.245000E-05,+9.910000E+37,+8.606729E+02,+3.584400E+04,+3.673111E-01,+1.245000E-05,+9.910000E+37,+8.607393E+02,+3.584400E+04,+3.672192E-01,+1.245000E-05,+9.910000E+37,+8.608057E+02,+3.584400E+04,-1.519805E-02,+0.000000E+00,+9.910000E+37,+8.608750E+02,+3.584400E+04
11:11:28,0e0,+3.860695E-01,+1.389500E-05,+9.910000E+37,+8.610986E+02,+3.584400E+04,+3.858418E-01,+1.389500E-05,+9.910000E+37,+8.611660E+02,+3.584400E+04,+3.863888E-01,+1.389500E-05,+9.910000E+37,+8.612314E+02,+3.584400E+04,-1.515265E-02,+0.000000E+00,+9.910000E+37,+8.612998E+02,+3.584400E+04
11:11:28,0e0,+4.061938E-01,+1.550500E-05,+9.910000E+37,+8.615137E+02,+3.584400E+04,+4.059204E-01,+1.550500E-05,+9.910000E+37,+8.615811E+02,+3.584400E+04,+4.059658E-01,+1.550500E-05,+9.910000E+37,+8.616465E+02,+3.584400E+04,-1.419675E-02,+0.000000E+00,+9.910000E+37,+8.617129E+02,+3.584400E+04
11:11:28,0e0,+4.274123E-01,+1.730000E-05,+9.910000E+37,+8.619268E+02,+3.584400E+04,+4.256808E-01,+1.730000E-05,+9.910000E+37,+8.619932E+02,+3.584400E+04,+4.261820E-01,+1.730000E-05,+9.910000E+37,+8.620586E+02,+3.584400E+04,-1.597257E-02,+0.000000E+00,+9.910000E+37,+8.621250E+02,+3.584400E+04
11:11:28,0e0,+4.477645E-01,+1.930500E-05,+9.910000E+37,+8.623447E+02,+3.584400E+04,+4.488109E-01,+1.930500E-05,+9.910000E+37,+8.624102E+02,+3.584400E+04,+4.498584E-01,+1.930500E-05,+9.910000E+37,+8.624766E+02,+3.584400E+04,-1.606317E-02,+0.000000E+00,+9.910000E+37,+8.625430E+02,+3.584400E+04
11:11:28,0e0,+4.709849E-01,+2.154500E-05,+9.910000E+37,+8.627607E+02,+3.584400E+04,+4.693443E-01,+2.154500E-05,+9.910000E+37,+8.628271E+02,+3.584400E+04,+4.703017E-01,+2.154500E-05,+9.910000E+37,+8.628926E+02,+3.584400E+04,-1.451544E-02,+0.000000E+00,+9.910000E+37,+8.629590E+02,+3.584400E+04
11:11:28,0e0,+4.930215E-01,+2.404000E-05,+9.910000E+37,+8.631797E+02,+3.584400E+04,+4.940707E-01,+2.404000E-05,+9.910000E+37,+8.632451E+02,+3.584400E+04,+4.936152E-01,+2.404000E-05,+9.910000E+37,+8.633115E+02,+3.584400E+04,-1.524387E-02,+0.000000E+00,+9.910000E+37,+8.633789E+02,+3.584400E+04
11:11:28,0e0,+5.176079E-01,+2.682500E-05,+9.910000E+37,+8.635938E+02,+3.584400E+04,+5.177454E-01,+2.682500E-05,+9.910000E+37,+8.636592E+02,+3.584400E+04,+5.178819E-01,+2.682500E-05,+9.910000E+37,+8.637256E+02,+3.584400E+04,-1.351367E-02,+0.000000E+00,+9.910000E+37,+8.637949E+02,+3.584400E+04
11:11:28,0e0,+5.423772E-01,+2.993500E-05,+9.910000E+37,+8.640146E+02,+3.584400E+04,+5.420600E-01,+2.993500E-05,+9.910000E+37,+8.640811E+02,+3.584400E+04,+5.424688E-01,+2.993500E-05,+9.910000E+37,+8.641475E+02,+3.584400E+04,-1.487957E-02,+0.000000E+00,+9.910000E+37,+8.642148E+02,+3.584400E+04
11:11:28,0e0,+5.671481E-01,+3.340500E-05,+9.910000E+37,+8.644355E+02,+3.584400E+04,+5.696515E-01,+3.340500E-05,+9.910000E+37,+8.645029E+02,+3.584400E+04,+5.687872E-01,+3.340500E-05,+9.910000E+37,+8.645684E+02,+3.584400E+04,-1.506162E-02,+0.000000E+00,+9.910000E+37,+8.646387E+02,+3.584400E+04
11:11:28,0e0,+5.938739E-01,+3.727500E-05,+9.910000E+37,+8.648584E+02,+3.584400E+04,+5.930980E-01,+3.727500E-05,+9.910000E+37,+8.649248E+02,+3.584400E+04,+5.939646E-01,+3.727500E-05,+9.910000E+37,+8.649902E+02,+3.584400E+04,-1.369587E-02,+0.000000E+00,+9.910000E+37,+8.650576E+02,+3.584400E+04
11:11:28,0e0,+6.211017E-01,+4.159500E-05,+9.910000E+37,+8.652773E+02,+3.584400E+04,+6.212847E-01,+4.159500E-05,+9.910000E+37,+8.653447E+02,+3.584400E+04,+6.216929E-01,+4.159500E-05,+9.910000E+37,+8.654102E+02,+3.584400E+04,-1.365031E-02,+0.000000E+00,+9.910000E+37,+8.654824E+02,+3.584400E+04
11:11:28,0e0,+6.498755E-01,+4.641500E-05,+9.910000E+37,+8.657031E+02,+3.584400E+04,+6.510156E-01,+4.641500E-05,+9.910000E+37,+8.657695E+02,+3.584400E+04,+6.503794E-01,+4.641500E-05,+9.910000E+37,+8.658359E+02,+3.584400E+04,-1.506191E-02,+0.000000E+00,+9.910000E+37,+8.659043E+02,+3.584400E+04
11:11:28,0e0,+6.815212E-01,+5.179500E-05,+9.910000E+37,+8.661221E+02,+3.584400E+04,+6.811565E-01,+5.179500E-05,+9.910000E+37,+8.661895E+02,+3.584400E+04,+6.794730E-01,+5.179500E-05,+9.910000E+37,+8.662549E+02,+3.584400E+04,-1.510686E-02,+0.000000E+00,+9.910000E+37,+8.663262E+02,+3.584400E+04
11:11:28,0e0,+7.099325E-01,+5.779500E-05,+9.910000E+37,+8.665469E+02,+3.584400E+04,+7.101605E-01,+5.779500E-05,+9.910000E+37,+8.666123E+02,+3.584400E+04,+7.102054E-01,+5.779500E-05,+9.910000E+37,+8.666787E+02,+3.584400E+04,-1.360430E-02,+0.000000E+00,+9.910000E+37,+8.667500E+02,+3.584400E+04
11:11:28,0e0,+7.405764E-01,+6.449500E-05,+9.910000E+37,+8.669717E+02,+3.584400E+04,+7.422595E-01,+6.449500E-05,+9.910000E+37,+8.670371E+02,+3.584400E+04,+7.397999E-01,+6.449500E-05,+9.910000E+37,+8.671035E+02,+3.584400E+04,-1.355925E-02,+0.000000E+00,+9.910000E+37,+8.671748E+02,+3.584400E+04
11:11:28,0e0,+7.712636E-01,+7.197000E-05,+9.910000E+37,+8.673965E+02,+3.584400E+04,+7.718564E-01,+7.197000E-05,+9.910000E+37,+8.674639E+02,+3.584400E+04,+7.733114E-01,+7.197000E-05,+9.910000E+37,+8.675303E+02,+3.584400E+04,-1.538028E-02,+0.000000E+00,+9.910000E+37,+8.675986E+02,+3.584400E+04
11:11:28,0e0,+8.052313E-01,+8.031000E-05,+9.910000E+37,+8.678223E+02,+3.584400E+04,+8.043174E-01,+8.031000E-05,+9.910000E+37,+8.678896E+02,+3.584400E+04,+8.048664E-01,+8.031000E-05,+9.910000E+37,+8.679551E+02,+3.584400E+04,-2.166404E-02,+0.000000E+00,+9.910000E+37,+8.680234E+02,+3.584400E+04
11:11:28,0e0,+8.391964E-01,+8.961500E-05,+9.910000E+37,+8.682451E+02,+3.584400E+04,+8.397418E-01,+8.961500E-05,+9.910000E+37,+8.683125E+02,+3.584400E+04,+8.391051E-01,+8.961500E-05,+9.910000E+37,+8.683779E+02,+3.584400E+04,-9.870290E-02,+0.000000E+00,+9.910000E+37,+8.684463E+02,+3.584400E+04
11:11:28,0e0,+8.739815E-01,+1.000000E-04,+9.910000E+37,+8.686670E+02,+3.584400E+04,+8.736165E-01,+1.000000E-04,+9.910000E+37,+8.687334E+02,+3.584400E+04,+8.743910E-01,+1.000000E-04,+9.910000E+37,+8.687998E+02,+3.584400E+04,-1.075813E-01,+0.000000E+00,+9.910000E+37,+8.688701E+02,+3.584400E+04
11:11:28,0e0,+8.965186E-01,+1.116000E-04,+9.910000E+37,+8.690908E+02,+3.584400E+04,+8.970220E-01,+1.116000E-04,+9.910000E+37,+8.691572E+02,+3.584400E+04,+8.969285E-01,+1.116000E-04,+9.910000E+37,+8.692256E+02,+3.584400E+04,-3.231813E-02,+0.000000E+00,+9.910000E+37,+8.692979E+02,+3.584400E+04
11:11:28,0e0,+9.334022E-01,+1.245000E-04,+9.910000E+37,+8.695244E+02,+3.584400E+04,+9.312607E-01,+1.245000E-04,+9.910000E+37,+8.695898E+02,+3.584400E+04,+9.317609E-01,+1.245000E-04,+9.910000E+37,+8.696563E+02,+3.584400E+04,-3.240927E-02,+0.000000E+00,+9.910000E+37,+8.697236E+02,+3.584400E+04
11:11:28,0e0,+9.681861E-01,+1.389500E-04,+9.910000E+37,+8.699482E+02,+3.584400E+04,+9.672772E-01,+1.389500E-04,+9.910000E+37,+8.700137E+02,+3.584400E+04,+9.691414E-01,+1.389500E-04,+9.910000E+37,+8.700801E+02,+3.584400E+04,-3.291008E-02,+0.000000E+00,+9.910000E+37,+8.701475E+02,+3.584400E+04
11:11:28,0e0,+1.004977E+00,+1.550500E-04,+9.910000E+37,+8.703750E+02,+3.584400E+04,+1.004292E+00,+1.550500E-04,+9.910000E+37,+8.704424E+02,+3.584400E+04,+1.003926E+00,+1.550500E-04,+9.910000E+37,+8.705098E+02,+3.584400E+04,-3.195381E-02,+0.000000E+00,+9.910000E+37,+8.705762E+02,+3.584400E+04
11:11:28,0e0,+1.041580E+00,+1.730000E-04,+9.910000E+37,+8.707959E+02,+3.584400E+04,+1.043311E+00,+1.730000E-04,+9.910000E+37,+8.708623E+02,+3.584400E+04,+1.041399E+00,+1.730000E-04,+9.910000E+37,+8.709287E+02,+3.584400E+04,-3.172618E-02,+0.000000E+00,+9.910000E+37,+8.709961E+02,+3.584400E+04
11:11:28,0e0,+1.080693E+00,+1.930500E-04,+9.910000E+37,+8.712256E+02,+3.584400E+04,+1.079416E+00,+1.930500E-04,+9.910000E+37,+8.712910E+02,+3.584400E+04,+1.080329E+00,+1.930500E-04,+9.910000E+37,+8.713574E+02,+3.584400E+04,-3.231815E-02,+0.000000E+00,+9.910000E+37,+8.714248E+02,+3.584400E+04
11:11:28,0e0,+1.120035E+00,+2.154500E-04,+9.910000E+37,+8.716484E+02,+3.584400E+04,+1.120169E+00,+2.154500E-04,+9.910000E+37,+8.717158E+02,+3.584400E+04,+1.118665E+00,+2.154500E-04,+9.910000E+37,+8.717812E+02,+3.584400E+04,-3.290984E-02,+0.000000E+00,+9.910000E+37,+8.718486E+02,+3.584400E+04
11:11:28,0e0,+1.160190E+00,+2.404000E-04,+9.910000E+37,+8.720723E+02,+3.584400E+04,+1.159598E+00,+2.404000E-04,+9.910000E+37,+8.721387E+02,+3.584400E+04,+1.159146E+00,+2.404000E-04,+9.910000E+37,+8.722061E+02,+3.584400E+04,-3.222725E-02,+0.000000E+00,+9.910000E+37,+8.722715E+02,+3.584400E+04
11:11:28,0e0,+1.200077E+00,+2.682500E-04,+9.910000E+37,+8.724932E+02,+3.584400E+04,+1.199575E+00,+2.682500E-04,+9.910000E+37,+8.725605E+02,+3.584400E+04,+1.199077E+00,+2.682500E-04,+9.910000E+37,+8.726260E+02,+3.584400E+04,-3.213593E-02,+0.000000E+00,+9.910000E+37,+8.726924E+02,+3.584400E+04
11:11:28,0e0,+1.240097E+00,+2.993500E-04,+9.910000E+37,+8.729141E+02,+3.584400E+04,+1.240097E+00,+2.993500E-04,+9.910000E+37,+8.729805E+02,+3.584400E+04,+1.240098E+00,+2.993500E-04,+9.910000E+37,+8.730479E+02,+3.584400E+04,-3.373003E-02,+0.000000E+00,+9.910000E+37,+8.731133E+02,+3.584400E+04
11:11:28,0e0,+1.280621E+00,+3.340500E-04,+9.910000E+37,+8.733398E+02,+3.584400E+04,+1.280392E+00,+3.340500E-04,+9.910000E+37,+8.734063E+02,+3.584400E+04,+1.281990E+00,+3.340500E-04,+9.910000E+37,+8.734717E+02,+3.584400E+04,-3.140755E-02,+0.000000E+00,+9.910000E+37,+8.735391E+02,+3.584400E+04
11:11:28,0e0,+1.322919E+00,+3.727500E-04,+9.910000E+37,+8.737646E+02,+3.584400E+04,+1.323556E+00,+3.727500E-04,+9.910000E+37,+8.738311E+02,+3.584400E+04,+1.323329E+00,+3.727500E-04,+9.910000E+37,+8.738984E+02,+3.584400E+04,-3.145316E-02,+0.000000E+00,+9.910000E+37,+8.739639E+02,+3.584400E+04
11:11:28,0e0,+1.365718E+00,+4.159500E-04,+9.910000E+37,+8.741895E+02,+3.584400E+04,+1.364762E+00,+4.159500E-04,+9.910000E+37,+8.742549E+02,+3.584400E+04,+1.364396E+00,+4.159500E-04,+9.910000E+37,+8.743213E+02,+3.584400E+04,-3.168070E-02,+0.000000E+00,+9.910000E+37,+8.743877E+02,+3.584400E+04
11:11:28,0e0,+1.407561E+00,+4.641500E-04,+9.910000E+37,+8.746113E+02,+3.584400E+04,+1.407881E+00,+4.641500E-04,+9.910000E+37,+8.746768E+02,+3.584400E+04,+1.407974E+00,+4.641500E-04,+9.910000E+37,+8.747432E+02,+3.584400E+04,-3.240898E-02,+0.000000E+00,+9.910000E+37,+8.748086E+02,+3.584400E+04
11:11:28,0e0,+1.450501E+00,+5.179500E-04,+9.910000E+37,+8.750322E+02,+3.584400E+04,+1.449173E+00,+5.179500E-04,+9.910000E+37,+8.750996E+02,+3.584400E+04,+1.451679E+00,+5.179500E-04,+9.910000E+37,+8.751650E+02,+3.584400E+04,-3.272811E-02,+0.000000E+00,+9.910000E+37,+8.752324E+02,+3.584400E+04
11:11:28,0e0,+1.494436E+00,+5.779500E-04,+9.910000E+37,+8.754541E+02,+3.584400E+04,+1.492701E+00,+5.779500E-04,+9.910000E+37,+8.755195E+02,+3.584400E+04,+1.494026E+00,+5.779500E-04,+9.910000E+37,+8.755859E+02,+3.584400E+04,-3.272766E-02,+0.000000E+00,+9.910000E+37,+8.756533E+02,+3.584400E+04
11:11:28,0e0,+1.537507E+00,+6.449500E-04,+9.910000E+37,+8.758779E+02,+3.584400E+04,+1.538646E+00,+6.449500E-04,+9.910000E+37,+8.759434E+02,+3.584400E+04,+1.538011E+00,+6.449500E-04,+9.910000E+37,+8.760098E+02,+3.584400E+04,-3.441271E-02,+0.000000E+00,+9.910000E+37,+8.760752E+02,+3.584400E+04
11:11:28,0e0,+1.582219E+00,+7.197000E-04,+9.910000E+37,+8.762969E+02,+3.584400E+04,+1.582812E+00,+7.197000E-04,+9.910000E+37,+8.763633E+02,+3.584400E+04,+1.582765E+00,+7.197000E-04,+9.910000E+37,+8.764307E+02,+3.584400E+04,-3.814657E-02,+0.000000E+00,+9.910000E+37,+8.764961E+02,+3.584400E+04
11:11:28,0e0,+1.627382E+00,+8.031000E-04,+9.910000E+37,+8.767227E+02,+3.584400E+04,+1.628388E+00,+8.031000E-04,+9.910000E+37,+8.767881E+02,+3.584400E+04,+1.628161E+00,+8.031000E-04,+9.910000E+37,+8.768545E+02,+3.584400E+04,-5.858950E-02,+0.000000E+00,+9.910000E+37,+8.769209E+02,+3.584400E+04
11:11:28,0e0,+1.673327E+00,+8.961500E-04,+9.910000E+37,+8.771475E+02,+3.584400E+04,+1.673828E+00,+8.961500E-04,+9.910000E+37,+8.772139E+02,+3.584400E+04,+1.673965E+00,+8.961500E-04,+9.910000E+37,+8.772813E+02,+3.584400E+04,-8.399616E-02,+0.000000E+00,+9.910000E+37,+8.773486E+02,+3.584400E+04
11:11:28,0e0,+1.720911E+00,+1.000000E-03,+9.910000E+37,+8.775693E+02,+3.584400E+04,+1.720224E+00,+1.000000E-03,+9.910000E+37,+8.776367E+02,+3.584400E+04,+1.720910E+00,+1.000000E-03,+9.910000E+37,+8.777021E+02,+3.584400E+04,-1.683655E-01,+0.000000E+00,+9.910000E+37,+8.777695E+02,+3.584400E+04
11:11:28,0e0,+1.754736E+00,+1.116000E-03,+9.910000E+37,+8.779932E+02,+3.584400E+04,+1.755602E+00,+1.116000E-03,+9.910000E+37,+8.780596E+02,+3.584400E+04,+1.755510E+00,+1.116000E-03,+9.910000E+37,+8.781260E+02,+3.584400E+04,-1.444500E+00,+0.000000E+00,+9.910000E+37,+8.781934E+02,+3.584400E+04
11:11:28,0e0,+1.803272E+00,+1.245000E-03,+9.910000E+37,+8.784160E+02,+3.584400E+04,+1.802999E+00,+1.245000E-03,+9.910000E+37,+8.784834E+02,+3.584400E+04,+1.802412E+00,+1.245000E-03,+9.910000E+37,+8.785488E+02,+3.584400E+04,-1.449736E+00,+0.000000E+00,+9.910000E+37,+8.786152E+02,+3.584400E+04
11:11:28,0e0,+1.850718E+00,+1.389500E-03,+9.910000E+37,+8.788359E+02,+3.584400E+04,+1.851400E+00,+1.389500E-03,+9.910000E+37,+8.789033E+02,+3.584400E+04,+1.851536E+00,+1.389500E-03,+9.910000E+37,+8.789687E+02,+3.584400E+04,-1.421417E+00,+0.000000E+00,+9.910000E+37,+8.790352E+02,+3.584400E+04
11:11:28,0e0,+1.900664E+00,+1.550500E-03,+9.910000E+37,+8.792568E+02,+3.584400E+04,+1.900346E+00,+1.550500E-03,+9.910000E+37,+8.793232E+02,+3.584400E+04,+1.900890E+00,+1.550500E-03,+9.910000E+37,+8.793906E+02,+3.584400E+04,-1.427925E+00,+0.000000E+00,+9.910000E+37,+8.794570E+02,+3.584400E+04
11:11:28,0e0,+1.949607E+00,+1.730000E-03,+9.910000E+37,+8.796836E+02,+3.584400E+04,+1.950885E+00,+1.730000E-03,+9.910000E+37,+8.797500E+02,+3.584400E+04,+1.949974E+00,+1.730000E-03,+9.910000E+37,+8.798164E+02,+3.584400E+04,-1.391590E+00,+0.000000E+00,+9.910000E+37,+8.798818E+02,+3.584400E+04
11:11:28,0e0,+2.002290E+00,+1.930500E-03,+9.910000E+37,+8.801064E+02,+3.584400E+04,+2.001241E+00,+1.930500E-03,+9.910000E+37,+8.801729E+02,+3.584400E+04,+2.001700E+00,+1.930500E-03,+9.910000E+37,+8.802393E+02,+3.584400E+04,-1.402972E+00,+0.000000E+00,+9.910000E+37,+8.803066E+02,+3.584400E+04
11:11:28,0e0,+2.055880E+00,+2.154500E-03,+9.910000E+37,+8.805322E+02,+3.584400E+04,+2.055106E+00,+2.154500E-03,+9.910000E+37,+8.805986E+02,+3.584400E+04,+2.055470E+00,+2.154500E-03,+9.910000E+37,+8.806650E+02,+3.584400E+04,-1.439764E+00,+0.000000E+00,+9.910000E+37,+8.807314E+02,+3.584400E+04
11:11:28,0e0,+2.109378E+00,+2.404000E-03,+9.910000E+37,+8.809570E+02,+3.584400E+04,+2.108194E+00,+2.404000E-03,+9.910000E+37,+8.810234E+02,+3.584400E+04,+2.108104E+00,+2.404000E-03,+9.910000E+37,+8.810908E+02,+3.584400E+04,-1.409667E+00,+0.000000E+00,+9.910000E+37,+8.811562E+02,+3.584400E+04
11:11:28,0e0,+2.165060E+00,+2.682500E-03,+9.910000E+37,+8.813770E+02,+3.584400E+04,+2.164335E+00,+2.682500E-03,+9.910000E+37,+8.814424E+02,+3.584400E+04,+2.164200E+00,+2.682500E-03,+9.910000E+37,+8.815088E+02,+3.584400E+04,-1.411077E+00,+0.000000E+00,+9.910000E+37,+8.815752E+02,+3.584400E+04
11:11:28,0e0,+2.222665E+00,+2.993500E-03,+9.910000E+37,+8.817979E+02,+3.584400E+04,+2.223251E+00,+2.993500E-03,+9.910000E+37,+8.818633E+02,+3.584400E+04,+2.221019E+00,+2.993500E-03,+9.910000E+37,+8.819297E+02,+3.584400E+04,-1.401333E+00,+0.000000E+00,+9.910000E+37,+8.819961E+02,+3.584400E+04
11:11:28,0e0,+2.282397E+00,+3.340500E-03,+9.910000E+37,+8.822197E+02,+3.584400E+04,+2.281305E+00,+3.340500E-03,+9.910000E+37,+8.822861E+02,+3.584400E+04,+2.280985E+00,+3.340500E-03,+9.910000E+37,+8.823535E+02,+3.584400E+04,-1.403337E+00,+0.000000E+00,+9.910000E+37,+8.824189E+02,+3.584400E+04
11:11:28,0e0,+2.343371E+00,+3.727500E-03,+9.910000E+37,+8.826406E+02,+3.584400E+04,+2.343272E+00,+3.727500E-03,+9.910000E+37,+8.827070E+02,+3.584400E+04,+2.342544E+00,+3.727500E-03,+9.910000E+37,+8.827734E+02,+3.584400E+04,-1.374331E+00,+0.000000E+00,+9.910000E+37,+8.828408E+02,+3.584400E+04
11:11:28,0e0,+2.405879E+00,+4.159500E-03,+9.910000E+37,+8.830654E+02,+3.584400E+04,+2.406789E+00,+4.159500E-03,+9.910000E+37,+8.831318E+02,+3.584400E+04,+2.404507E+00,+4.159500E-03,+9.910000E+37,+8.831982E+02,+3.584400E+04,-1.428972E+00,+0.000000E+00,+9.910000E+37,+8.832646E+02,+3.584400E+04
11:11:28,0e0,+2.472493E+00,+4.641500E-03,+9.910000E+37,+8.834902E+02,+3.584400E+04,+2.470119E+00,+4.641500E-03,+9.910000E+37,+8.835566E+02,+3.584400E+04,+2.470401E+00,+4.641500E-03,+9.910000E+37,+8.836230E+02,+3.584400E+04,-1.372555E+00,+0.000000E+00,+9.910000E+37,+8.836885E+02,+3.584400E+04
11:11:28,0e0,+2.539286E+00,+5.179500E-03,+9.910000E+37,+8.839092E+02,+3.584400E+04,+2.539466E+00,+5.179500E-03,+9.910000E+37,+8.839746E+02,+3.584400E+04,+2.538556E+00,+5.179500E-03,+9.910000E+37,+8.840410E+02,+3.584400E+04,-1.406205E+00,+0.000000E+00,+9.910000E+37,+8.841084E+02,+3.584400E+04
11:11:28,0e0,+2.608716E+00,+5.779500E-03,+9.910000E+37,+8.843301E+02,+3.584400E+04,+2.608946E+00,+5.779500E-03,+9.910000E+37,+8.843965E+02,+3.584400E+04,+2.609265E+00,+5.779500E-03,+9.910000E+37,+8.844639E+02,+3.584400E+04,-1.412898E+00,+0.000000E+00,+9.910000E+37,+8.845303E+02,+3.584400E+04
11:11:28,0e0,+2.681978E+00,+6.449500E-03,+9.910000E+37,+8.847529E+02,+3.584400E+04,+2.680017E+00,+6.449500E-03,+9.910000E+37,+8.848193E+02,+3.584400E+04,+2.681251E+00,+6.449500E-03,+9.910000E+37,+8.848867E+02,+3.584400E+04,-1.385806E+00,+0.000000E+00,+9.910000E+37,+8.849521E+02,+3.584400E+04
11:11:28,0e0,+2.756417E+00,+7.197000E-03,+9.910000E+37,+8.851738E+02,+3.584400E+04,+2.757969E+00,+7.197000E-03,+9.910000E+37,+8.852393E+02,+3.584400E+04,+2.757515E+00,+7.197000E-03,+9.910000E+37,+8.853057E+02,+3.584400E+04,-1.398693E+00,+0.000000E+00,+9.910000E+37,+8.853730E+02,+3.584400E+04
11:11:28,0e0,+2.835697E+00,+8.031000E-03,+9.910000E+37,+8.855986E+02,+3.584400E+04,+2.836285E+00,+8.031000E-03,+9.910000E+37,+8.856660E+02,+3.584400E+04,+2.836557E+00,+8.031000E-03,+9.910000E+37,+8.857314E+02,+3.584400E+04,-1.389083E+00,+0.000000E+00,+9.910000E+37,+8.857979E+02,+3.584400E+04
11:11:28,0e0,+2.917284E+00,+8.961500E-03,+9.910000E+37,+8.860225E+02,+3.584400E+04,+2.918010E+00,+8.961500E-03,+9.910000E+37,+8.860889E+02,+3.584400E+04,+2.917831E+00,+8.961500E-03,+9.910000E+37,+8.861553E+02,+3.584400E+04,-1.444453E+00,+0.000000E+00,+9.910000E+37,+8.862217E+02,+3.584400E+04
