11:08:26,0e0,-6.521379E+00,+1.000000E-07,+9.910000E+37,+6.630293E+02,+3.584400E+04,+5.237404E-02,+1.000000E-07,+9.910000E+37,+6.630967E+02,+3.584400E+04,+5.465096E-02,+1.000000E-07,+9.910000E+37,+6.631621E+02,+3.584400E+04,-3.117682E-02,+0.000000E+00,+9.910000E+37,+6.632295E+02,+3.584400E+04
11:08:26,0e0,-7.377932E+00,+1.116000E-07,+9.910000E+37,+6.634531E+02,+3.584400E+04,+5.720067E-02,+1.116000E-07,+9.910000E+37,+6.635205E+02,+3.584400E+04,+5.765602E-02,+1.116000E-07,+9.910000E+37,+6.635879E+02,+3.584400E+04,-3.245187E-02,+0.000000E+00,+9.910000E+37,+6.636543E+02,+3.584400E+04
11:08:26,0e0,-5.605680E+00,+1.245000E-07,+9.910000E+37,+6.638809E+02,+3.584400E+04,+6.093466E-02,+1.245000E-07,+9.910000E+37,+6.639463E+02,+3.584400E+04,+5.993238E-02,+1.245000E-07,+9.910000E+37,+6.640127E+02,+3.584400E+04,-3.290726E-02,+0.000000E+00,+9.910000E+37,+6.640791E+02,+3.584400E+04
11:08:26,0e0,-4.735723E+00,+1.389500E-07,+9.910000E+37,+6.643047E+02,+3.584400E+04,+6.380272E-02,+1.389500E-07,+9.910000E+37,+6.643721E+02,+3.584400E+04,+6.352946E-02,+1.389500E-07,+9.910000E+37,+6.644395E+02,+3.584400E+04,-3.281616E-02,+0.000000E+00,+9.910000E+37,+6.645059E+02,+3.584400E+04
11:08:26,0e0,-2.507025E+00,+1.550500E-07,+9.910000E+37,+6.647305E+02,+3.584400E+04,+6.780949E-02,+1.550500E-07,+9.910000E+37,+6.647969E+02,+3.584400E+04,+6.653467E-02,+1.550500E-07,+9.910000E+37,+6.648633E+02,+3.584400E+04,-3.254306E-02,+0.000000E+00,+9.910000E+37,+6.649307E+02,+3.584400E+04
11:08:26,0e0,-1.409183E+00,+1.730000E-07,+9.910000E+37,+6.651562E+02,+3.584400E+04,+7.004032E-02,+1.730000E-07,+9.910000E+37,+6.652227E+02,+3.584400E+04,+7.131505E-02,+1.730000E-07,+9.910000E+37,+6.652891E+02,+3.584400E+04,-3.682277E-02,+0.000000E+00,+9.910000E+37,+6.653555E+02,+3.584400E+04
11:08:26,0e0,-8.556178E-01,+1.930500E-07,+9.910000E+37,+6.655801E+02,+3.584400E+04,+7.432047E-02,+1.930500E-07,+9.910000E+37,+6.656465E+02,+3.584400E+04,+7.418403E-02,+1.930500E-07,+9.910000E+37,+6.657129E+02,+3.584400E+04,-3.277057E-02,+0.000000E+00,+9.910000E+37,+6.657793E+02,+3.584400E+04
11:08:26,0e0,-5.125648E-02,+2.154500E-07,+9.910000E+37,+6.660049E+02,+3.584400E+04,+7.746243E-02,+2.154500E-07,+9.910000E+37,+6.660723E+02,+3.584400E+04,+7.805407E-02,+2.154500E-07,+9.910000E+37,+6.661387E+02,+3.584400E+04,-4.196814E-02,+0.000000E+00,+9.910000E+37,+6.662051E+02,+3.584400E+04
11:08:26,0e0,+8.083186E-02,+2.404000E-07,+9.910000E+37,+6.664268E+02,+3.584400E+04,+8.119595E-02,+2.404000E-07,+9.910000E+37,+6.664941E+02,+3.584400E+04,+8.237979E-02,+2.404000E-07,+9.910000E+37,+6.665615E+02,+3.584400E+04,-3.245185E-02,+0.000000E+00,+9.910000E+37,+6.666279E+02,+3.584400E+04
11:08:26,0e0,+8.474752E-02,+2.682500E-07,+9.910000E+37,+6.668535E+02,+3.584400E+04,+8.538476E-02,+2.682500E-07,+9.910000E+37,+6.669209E+02,+3.584400E+04,+8.511183E-02,+2.682500E-07,+9.910000E+37,+6.669873E+02,+3.584400E+04,-4.005568E-02,+0.000000E+00,+9.910000E+37,+6.670547E+02,+3.584400E+04
11:08:26,0e0,+8.870849E-02,+2.993500E-07,+9.910000E+37,+6.672832E+02,+3.584400E+04,+8.861735E-02,+2.993500E-07,+9.910000E+37,+6.673496E+02,+3.584400E+04,+9.062108E-02,+2.993500E-07,+9.910000E+37,+6.674170E+02,+3.584400E+04,-9.232637E-02,+0.000000E+00,+9.910000E+37,+6.674824E+02,+3.584400E+04
11:08:26,0e0,+9.307954E-02,+3.340500E-07,+9.910000E+37,+6.677070E+02,+3.584400E+04,+9.289750E-02,+3.340500E-07,+9.910000E+37,+6.677734E+02,+3.584400E+04,+9.248763E-02,+3.340500E-07,+9.910000E+37,+6.678398E+02,+3.584400E+04,-6.355017E-02,+0.000000E+00,+9.910000E+37,+6.679063E+02,+3.584400E+04
11:08:26,0e0,+9.640411E-02,+3.727500E-07,+9.910000E+37,+6.681318E+02,+3.584400E+04,+9.717754E-02,+3.727500E-07,+9.910000E+37,+6.681982E+02,+3.584400E+04,+9.672189E-02,+3.727500E-07,+9.910000E+37,+6.682656E+02,+3.584400E+04,-3.126611E-01,+0.000000E+00,+9.910000E+37,+6.683320E+02,+3.584400E+04
11:08:26,0e0,+1.011842E-01,+4.159500E-07,+9.910000E+37,+6.685557E+02,+3.584400E+04,+1.004564E-01,+4.159500E-07,+9.910000E+37,+6.686221E+02,+3.584400E+04,+1.008202E-01,+4.159500E-07,+9.910000E+37,+6.686885E+02,+3.584400E+04,-5.992570E-01,+0.000000E+00,+9.910000E+37,+6.687549E+02,+3.584400E+04
11:08:26,0e0,+1.045989E-01,+4.641500E-07,+9.910000E+37,+6.689795E+02,+3.584400E+04,+1.045083E-01,+4.641500E-07,+9.910000E+37,+6.690459E+02,+3.584400E+04,+1.052366E-01,+4.641500E-07,+9.910000E+37,+6.691133E+02,+3.584400E+04,-1.300765E+00,+0.000000E+00,+9.910000E+37,+6.691807E+02,+3.584400E+04
11:08:26,0e0,+1.082876E-01,+5.179500E-07,+9.910000E+37,+6.694033E+02,+3.584400E+04,+1.091070E-01,+5.179500E-07,+9.910000E+37,+6.694697E+02,+3.584400E+04,+1.106094E-01,+5.179500E-07,+9.910000E+37,+6.695371E+02,+3.584400E+04,-2.143978E+00,+0.000000E+00,+9.910000E+37,+6.696035E+02,+3.584400E+04
11:08:26,0e0,+1.124765E-01,+5.779500E-07,+9.910000E+37,+6.698281E+02,+3.584400E+04,+1.140698E-01,+5.779500E-07,+9.910000E+37,+6.698945E+02,+3.584400E+04,+1.127038E-01,+5.779500E-07,+9.910000E+37,+6.699609E+02,+3.584400E+04,-3.554514E+00,+0.000000E+00,+9.910000E+37,+6.700273E+02,+3.584400E+04
11:08:26,0e0,+1.162553E-01,+6.449500E-07,+9.910000E+37,+6.702529E+02,+3.584400E+04,+1.175754E-01,+6.449500E-07,+9.910000E+37,+6.703193E+02,+3.584400E+04,+1.180314E-01,+6.449500E-07,+9.910000E+37,+6.703857E+02,+3.584400E+04,-5.156978E+00,+0.000000E+00,+9.910000E+37,+6.704521E+02,+3.584400E+04
11:08:26,0e0,+1.211722E-01,+7.197000E-07,+9.910000E+37,+6.706875E+02,+3.584400E+04,+1.223111E-01,+7.197000E-07,+9.910000E+37,+6.707549E+02,+3.584400E+04,+1.216736E-01,+7.197000E-07,+9.910000E+37,+6.708213E+02,+3.584400E+04,-7.200383E+00,+0.000000E+00,+9.910000E+37,+6.708887E+02,+3.584400E+04
11:08:26,0e0,+1.273197E-01,+8.031000E-07,+9.910000E+37,+6.711133E+02,+3.584400E+04,+1.262272E-01,+8.031000E-07,+9.910000E+37,+6.711807E+02,+3.584400E+04,+1.288680E-01,+8.031000E-07,+9.910000E+37,+6.712461E+02,+3.584400E+04,-9.370394E+00,+0.000000E+00,+9.910000E+37,+6.713125E+02,+3.584400E+04
11:08:26,0e0,+1.302337E-01,+8.961500E-07,+9.910000E+37,+6.715371E+02,+3.584400E+04,+1.324645E-01,+8.961500E-07,+9.910000E+37,+6.716035E+02,+3.584400E+04,+1.313268E-01,+8.961500E-07,+9.910000E+37,+6.716699E+02,+3.584400E+04,-1.188648E+01,+0.000000E+00,+9.910000E+37,+6.717363E+02,+3.584400E+04
11:08:26,0e0,+1.364262E-01,+1.000000E-06,+9.910000E+37,+6.719570E+02,+3.584400E+04,+1.375643E-01,+1.000000E-06,+9.910000E+37,+6.720234E+02,+3.584400E+04,+1.374732E-01,+1.000000E-06,+9.910000E+37,+6.720898E+02,+3.584400E+04,-1.445426E+01,+0.000000E+00,+9.910000E+37,+6.721553E+02,+3.584400E+04
11:08:26,0e0,+1.301882E-01,+1.116000E-06,+9.910000E+37,+6.723809E+02,+3.584400E+04,+1.297779E-01,+1.116000E-06,+9.910000E+37,+6.724473E+02,+3.584400E+04,+1.309174E-01,+1.116000E-06,+9.910000E+37,+6.725127E+02,+3.584400E+04,-3.691410E-02,+0.000000E+00,+9.910000E+37,+6.725791E+02,+3.584400E+04
11:08:26,0e0,+1.327829E-01,+1.245000E-06,+9.910000E+37,+6.728027E+02,+3.584400E+04,+1.345594E-01,+1.245000E-06,+9.910000E+37,+6.728691E+02,+3.584400E+04,+1.329658E-01,+1.245000E-06,+9.910000E+37,+6.729355E+02,+3.584400E+04,-3.932764E-02,+0.000000E+00,+9.910000E+37,+6.730029E+02,+3.584400E+04
11:08:26,0e0,+1.395676E-01,+1.389500E-06,+9.910000E+37,+6.732275E+02,+3.584400E+04,+1.378829E-01,+1.389500E-06,+9.910000E+37,+6.732949E+02,+3.584400E+04,+1.385203E-01,+1.389500E-06,+9.910000E+37,+6.733604E+02,+3.584400E+04,-3.855303E-02,+0.000000E+00,+9.910000E+37,+6.734268E+02,+3.584400E+04
11:08:26,0e0,+1.426186E-01,+1.550500E-06,+9.910000E+37,+6.736484E+02,+3.584400E+04,+1.420271E-01,+1.550500E-06,+9.910000E+37,+6.737148E+02,+3.584400E+04,+1.427098E-01,+1.550500E-06,+9.910000E+37,+6.737813E+02,+3.584400E+04,-3.991945E-02,+0.000000E+00,+9.910000E+37,+6.738477E+02,+3.584400E+04
11:08:26,0e0,+1.455320E-01,+1.730000E-06,+9.910000E+37,+6.740723E+02,+3.584400E+04,+1.469441E-01,+1.730000E-06,+9.910000E+37,+6.741387E+02,+3.584400E+04,+1.477178E-01,+1.730000E-06,+9.910000E+37,+6.742051E+02,+3.584400E+04,-3.650437E-02,+0.000000E+00,+9.910000E+37,+6.742715E+02,+3.584400E+04
11:08:26,0e0,+1.503581E-01,+1.930500E-06,+9.910000E+37,+6.744971E+02,+3.584400E+04,+1.521347E-01,+1.930500E-06,+9.910000E+37,+6.745635E+02,+3.584400E+04,+1.513603E-01,+1.930500E-06,+9.910000E+37,+6.746289E+02,+3.584400E+04,-3.764249E-02,+0.000000E+00,+9.910000E+37,+6.746953E+02,+3.584400E+04
11:08:26,0e0,+1.542740E-01,+2.154500E-06,+9.910000E+37,+6.749199E+02,+3.584400E+04,+1.550029E-01,+2.154500E-06,+9.910000E+37,+6.749863E+02,+3.584400E+04,+1.551852E-01,+2.154500E-06,+9.910000E+37,+6.750537E+02,+3.584400E+04,-4.806951E-02,+0.000000E+00,+9.910000E+37,+6.751211E+02,+3.584400E+04
11:08:26,0e0,+1.600119E-01,+2.404000E-06,+9.910000E+37,+6.753486E+02,+3.584400E+04,+1.587822E-01,+2.404000E-06,+9.910000E+37,+6.754150E+02,+3.584400E+04,+1.587365E-01,+2.404000E-06,+9.910000E+37,+6.754824E+02,+3.584400E+04,-3.828019E-02,+0.000000E+00,+9.910000E+37,+6.755479E+02,+3.584400E+04
11:08:26,0e0,+1.635175E-01,+2.682500E-06,+9.910000E+37,+6.757705E+02,+3.584400E+04,+1.627890E-01,+2.682500E-06,+9.910000E+37,+6.758369E+02,+3.584400E+04,+1.634265E-01,+2.682500E-06,+9.910000E+37,+6.759033E+02,+3.584400E+04,-6.746581E-02,+0.000000E+00,+9.910000E+37,+6.759697E+02,+3.584400E+04
11:08:26,0e0,+1.683437E-01,+2.993500E-06,+9.910000E+37,+6.761943E+02,+3.584400E+04,+1.683435E-01,+2.993500E-06,+9.910000E+37,+6.762607E+02,+3.584400E+04,+1.684352E-01,+2.993500E-06,+9.910000E+37,+6.763271E+02,+3.584400E+04,-3.714180E-02,+0.000000E+00,+9.910000E+37,+6.763945E+02,+3.584400E+04
11:08:26,0e0,+1.728966E-01,+3.340500E-06,+9.910000E+37,+6.766211E+02,+3.584400E+04,+1.732605E-01,+3.340500E-06,+9.910000E+37,+6.766875E+02,+3.584400E+04,+1.731249E-01,+3.340500E-06,+9.910000E+37,+6.767529E+02,+3.584400E+04,-1.119962E-01,+0.000000E+00,+9.910000E+37,+6.768193E+02,+3.584400E+04
11:08:26,0e0,+1.771767E-01,+3.727500E-06,+9.910000E+37,+6.770459E+02,+3.584400E+04,+1.800456E-01,+3.727500E-06,+9.910000E+37,+6.771123E+02,+3.584400E+04,+1.777232E-01,+3.727500E-06,+9.910000E+37,+6.771787E+02,+3.584400E+04,-2.937186E-01,+0.000000E+00,+9.910000E+37,+6.772451E+02,+3.584400E+04
11:08:26,0e0,+1.835513E-01,+4.159500E-06,+9.910000E+37,+6.774678E+02,+3.584400E+04,+1.822301E-01,+4.159500E-06,+9.910000E+37,+6.775342E+02,+3.584400E+04,+1.828682E-01,+4.159500E-06,+9.910000E+37,+6.776006E+02,+3.584400E+04,-6.120520E-01,+0.000000E+00,+9.910000E+37,+6.776670E+02,+3.584400E+04
11:08:26,0e0,+1.889240E-01,+4.641500E-06,+9.910000E+37,+6.778906E+02,+3.584400E+04,+1.886965E-01,+4.641500E-06,+9.910000E+37,+6.779580E+02,+3.584400E+04,+1.892887E-01,+4.641500E-06,+9.910000E+37,+6.780244E+02,+3.584400E+04,-1.223264E+00,+0.000000E+00,+9.910000E+37,+6.780898E+02,+3.584400E+04
11:08:26,0e0,+1.930217E-01,+5.179500E-06,+9.910000E+37,+6.783154E+02,+3.584400E+04,+1.942971E-01,+5.179500E-06,+9.910000E+37,+6.783818E+02,+3.584400E+04,+1.941603E-01,+5.179500E-06,+9.910000E+37,+6.784492E+02,+3.584400E+04,-2.040977E+00,+0.000000E+00,+9.910000E+37,+6.785166E+02,+3.584400E+04
11:08:26,0e0,+1.994875E-01,+5.779500E-06,+9.910000E+37,+6.787422E+02,+3.584400E+04,+2.000344E-01,+5.779500E-06,+9.910000E+37,+6.788086E+02,+3.584400E+04,+1.997148E-01,+5.779500E-06,+9.910000E+37,+6.788760E+02,+3.584400E+04,-3.387434E+00,+0.000000E+00,+9.910000E+37,+6.789434E+02,+3.584400E+04
11:08:26,0e0,+2.046776E-01,+6.449500E-06,+9.910000E+37,+6.791729E+02,+3.584400E+04,+2.055886E-01,+6.449500E-06,+9.910000E+37,+6.792393E+02,+3.584400E+04,+2.044505E-01,+6.449500E-06,+9.910000E+37,+6.793066E+02,+3.584400E+04,-4.882523E+00,+0.000000E+00,+9.910000E+37,+6.793721E+02,+3.584400E+04
11:08:26,0e0,+2.120549E-01,+7.197000E-06,+9.910000E+37,+6.795938E+02,+3.584400E+04,+2.126918E-01,+7.197000E-06,+9.910000E+37,+6.796602E+02,+3.584400E+04,+2.107338E-01,+7.197000E-06,+9.910000E+37,+6.797266E+02,+3.584400E+04,-6.980458E+00,+0.000000E+00,+9.910000E+37,+6.797920E+02,+3.584400E+04
11:08:26,0e0,+2.171081E-01,+8.031000E-06,+9.910000E+37,+6.800156E+02,+3.584400E+04,+2.174276E-01,+8.031000E-06,+9.910000E+37,+6.800820E+02,+3.584400E+04,+2.174269E-01,+8.031000E-06,+9.910000E+37,+6.801484E+02,+3.584400E+04,-9.002369E+00,+0.000000E+00,+9.910000E+37,+6.802148E+02,+3.584400E+04
11:08:26,0e0,+2.224351E-01,+8.961500E-06,+9.910000E+37,+6.804395E+02,+3.584400E+04,+2.243477E-01,+8.961500E-06,+9.910000E+37,+6.805059E+02,+3.584400E+04,+2.250764E-01,+8.961500E-06,+9.910000E+37,+6.805723E+02,+3.584400E+04,-1.163765E+01,+0.000000E+00,+9.910000E+37,+6.806387E+02,+3.584400E+04
11:08:26,0e0,+2.306317E-01,+1.000000E-05,+9.910000E+37,+6.808564E+02,+3.584400E+04,+2.311784E-01,+1.000000E-05,+9.910000E+37,+6.809238E+02,+3.584400E+04,+2.299027E-01,+1.000000E-05,+9.910000E+37,+6.809902E+02,+3.584400E+04,-1.397449E+01,+0.000000E+00,+9.910000E+37,+6.810566E+02,+3.584400E+04
11:08:26,0e0,+2.257590E-01,+1.116000E-05,+9.910000E+37,+6.812754E+02,+3.584400E+04,+2.255781E-01,+1.116000E-05,+9.910000E+37,+6.813408E+02,+3.584400E+04,+2.258960E-01,+1.116000E-05,+9.910000E+37,+6.814072E+02,+3.584400E+04,-8.394887E-02,+0.000000E+00,+9.910000E+37,+6.814766E+02,+3.584400E+04
11:08:26,0e0,+2.322246E-01,+1.245000E-05,+9.910000E+37,+6.816953E+02,+3.584400E+04,+2.314968E-01,+1.245000E-05,+9.910000E+37,+6.817617E+02,+3.584400E+04,+2.317702E-01,+1.245000E-05,+9.910000E+37,+6.818281E+02,+3.584400E+04,-8.303823E-02,+0.000000E+00,+9.910000E+37,+6.818984E+02,+3.584400E+04
11:08:26,0e0,+2.373705E-01,+1.389500E-05,+9.910000E+37,+6.821201E+02,+3.584400E+04,+2.384626E-01,+1.389500E-05,+9.910000E+37,+6.821875E+02,+3.584400E+04,+2.368688E-01,+1.389500E-05,+9.910000E+37,+6.822529E+02,+3.584400E+04,-8.199081E-02,+0.000000E+00,+9.910000E+37,+6.823213E+02,+3.584400E+04
11:08:26,0e0,+2.432896E-01,+1.550500E-05,+9.910000E+37,+6.825400E+02,+3.584400E+04,+2.420586E-01,+1.550500E-05,+9.910000E+37,+6.826064E+02,+3.584400E+04,+2.438361E-01,+1.550500E-05,+9.910000E+37,+6.826719E+02,+3.584400E+04,-8.253719E-02,+0.000000E+00,+9.910000E+37,+6.827422E+02,+3.584400E+04
11:08:26,0e0,+2.512114E-01,+1.730000E-05,+9.910000E+37,+6.829639E+02,+3.584400E+04,+2.503011E-01,+1.730000E-05,+9.910000E+37,+6.830312E+02,+3.584400E+04,+2.481602E-01,+1.730000E-05,+9.910000E+37,+6.830967E+02,+3.584400E+04,-8.094351E-02,+0.000000E+00,+9.910000E+37,+6.831641E+02,+3.584400E+04
11:08:26,0e0,+2.567210E-01,+1.930500E-05,+9.910000E+37,+6.833828E+02,+3.584400E+04,+2.575405E-01,+1.930500E-05,+9.910000E+37,+6.834492E+02,+3.584400E+04,+2.569030E-01,+1.930500E-05,+9.910000E+37,+6.835156E+02,+3.584400E+04,-8.189969E-02,+0.000000E+00,+9.910000E+37,+6.835859E+02,+3.584400E+04
11:08:26,0e0,+2.640513E-01,+2.154500E-05,+9.910000E+37,+6.838066E+02,+3.584400E+04,+2.634597E-01,+2.154500E-05,+9.910000E+37,+6.838730E+02,+3.584400E+04,+2.644157E-01,+2.154500E-05,+9.910000E+37,+6.839385E+02,+3.584400E+04,-8.253694E-02,+0.000000E+00,+9.910000E+37,+6.840078E+02,+3.584400E+04
11:08:26,0e0,+2.707901E-01,+2.404000E-05,+9.910000E+37,+6.842305E+02,+3.584400E+04,+2.701074E-01,+2.404000E-05,+9.910000E+37,+6.842969E+02,+3.584400E+04,+2.701082E-01,+2.404000E-05,+9.910000E+37,+6.843633E+02,+3.584400E+04,-8.212738E-02,+0.000000E+00,+9.910000E+37,+6.844307E+02,+3.584400E+04
11:08:26,0e0,+2.766637E-01,+2.682500E-05,+9.910000E+37,+6.846504E+02,+3.584400E+04,+2.763906E-01,+2.682500E-05,+9.910000E+37,+6.847168E+02,+3.584400E+04,+2.768916E-01,+2.682500E-05,+9.910000E+37,+6.847832E+02,+3.584400E+04,-8.203635E-02,+0.000000E+00,+9.910000E+37,+6.848516E+02,+3.584400E+04
11:08:26,0e0,+2.836303E-01,+2.993500E-05,+9.910000E+37,+6.850752E+02,+3.584400E+04,+2.834030E-01,+2.993500E-05,+9.910000E+37,+6.851416E+02,+3.584400E+04,+2.835849E-01,+2.993500E-05,+9.910000E+37,+6.852090E+02,+3.584400E+04,-8.240071E-02,+0.000000E+00,+9.910000E+37,+6.852783E+02,+3.584400E+04
11:08:26,0e0,+2.915978E-01,+3.340500E-05,+9.910000E+37,+6.855010E+02,+3.584400E+04,+2.917804E-01,+3.340500E-05,+9.910000E+37,+6.855674E+02,+3.584400E+04,+2.920533E-01,+3.340500E-05,+9.910000E+37,+6.856338E+02,+3.584400E+04,-8.180881E-02,+0.000000E+00,+9.910000E+37,+6.857021E+02,+3.584400E+04
11:08:26,0e0,+2.981551E-01,+3.727500E-05,+9.910000E+37,+6.859238E+02,+3.584400E+04,+2.990652E-01,+3.727500E-05,+9.910000E+37,+6.859902E+02,+3.584400E+04,+2.999764E-01,+3.727500E-05,+9.910000E+37,+6.860576E+02,+3.584400E+04,-1.330778E-01,+0.000000E+00,+9.910000E+37,+6.861260E+02,+3.584400E+04
11:08:26,0e0,+3.063049E-01,+4.159500E-05,+9.910000E+37,+6.863438E+02,+3.584400E+04,+3.053485E-01,+4.159500E-05,+9.910000E+37,+6.864111E+02,+3.584400E+04,+3.053501E-01,+4.159500E-05,+9.910000E+37,+6.864766E+02,+3.584400E+04,-2.421277E-01,+0.000000E+00,+9.910000E+37,+6.865479E+02,+3.584400E+04
11:08:26,0e0,+3.136811E-01,+4.641500E-05,+9.910000E+37,+6.867686E+02,+3.584400E+04,+3.141809E-01,+4.641500E-05,+9.910000E+37,+6.868350E+02,+3.584400E+04,+3.128152E-01,+4.641500E-05,+9.910000E+37,+6.869023E+02,+3.584400E+04,-7.127295E-01,+0.000000E+00,+9.910000E+37,+6.869697E+02,+3.584400E+04
11:08:26,0e0,+3.223783E-01,+5.179500E-05,+9.910000E+37,+6.871895E+02,+3.584400E+04,+3.217404E-01,+5.179500E-05,+9.910000E+37,+6.872568E+02,+3.584400E+04,+3.230150E-01,+5.179500E-05,+9.910000E+37,+6.873232E+02,+3.584400E+04,-1.276767E+00,+0.000000E+00,+9.910000E+37,+6.873945E+02,+3.584400E+04
11:08:26,0e0,+3.304371E-01,+5.779500E-05,+9.910000E+37,+6.876143E+02,+3.584400E+04,+3.293434E-01,+5.779500E-05,+9.910000E+37,+6.876807E+02,+3.584400E+04,+3.295723E-01,+5.779500E-05,+9.910000E+37,+6.877480E+02,+3.584400E+04,-2.222702E+00,+0.000000E+00,+9.910000E+37,+6.878164E+02,+3.584400E+04
11:08:26,0e0,+3.386785E-01,+6.449500E-05,+9.910000E+37,+6.880371E+02,+3.584400E+04,+3.378129E-01,+6.449500E-05,+9.910000E+37,+6.881035E+02,+3.584400E+04,+3.378127E-01,+6.449500E-05,+9.910000E+37,+6.881689E+02,+3.584400E+04,-3.553776E+00,+0.000000E+00,+9.910000E+37,+6.882373E+02,+3.584400E+04
11:08:26,0e0,+3.460998E-01,+7.197000E-05,+9.910000E+37,+6.885107E+02,+3.584400E+04,+3.462816E-01,+7.197000E-05,+9.910000E+37,+6.885771E+02,+3.584400E+04,+3.468283E-01,+7.197000E-05,+9.910000E+37,+6.886436E+02,+3.584400E+04,-5.200582E+00,+0.000000E+00,+9.910000E+37,+6.887090E+02,+3.584400E+04
11:08:26,0e0,+3.557070E-01,+8.031000E-05,+9.910000E+37,+6.889258E+02,+3.584400E+04,+3.555706E-01,+8.031000E-05,+9.910000E+37,+6.889922E+02,+3.584400E+04,+3.554335E-01,+8.031000E-05,+9.910000E+37,+6.890596E+02,+3.584400E+04,-6.946652E+00,+0.000000E+00,+9.910000E+37,+6.891250E+02,+3.584400E+04
11:08:26,0e0,+3.648588E-01,+8.961500E-05,+9.910000E+37,+6.893418E+02,+3.584400E+04,+3.657240E-01,+8.961500E-05,+9.910000E+37,+6.894082E+02,+3.584400E+04,+3.645865E-01,+8.961500E-05,+9.910000E+37,+6.894746E+02,+3.584400E+04,-9.048125E+00,+0.000000E+00,+9.910000E+37,+6.895410E+02,+3.584400E+04
11:08:26,0e0,+3.735554E-01,+1.000000E-04,+9.910000E+37,+6.897568E+02,+3.584400E+04,+3.737381E-01,+1.000000E-04,+9.910000E+37,+6.898232E+02,+3.584400E+04,+3.738740E-01,+1.000000E-04,+9.910000E+37,+6.898896E+02,+3.584400E+04,-1.107949E+01,+0.000000E+00,+9.910000E+37,+6.899570E+02,+3.584400E+04
11:08:26,0e0,+3.710957E-01,+1.116000E-04,+9.910000E+37,+6.901777E+02,+3.584400E+04,+3.728267E-01,+1.116000E-04,+9.910000E+37,+6.902441E+02,+3.584400E+04,+3.710959E-01,+1.116000E-04,+9.910000E+37,+6.903105E+02,+3.584400E+04,-1.025369E+00,+0.000000E+00,+9.910000E+37,+6.903779E+02,+3.584400E+04
11:08:26,0e0,+3.806140E-01,+1.245000E-04,+9.910000E+37,+6.906016E+02,+3.584400E+04,+3.808857E-01,+1.245000E-04,+9.910000E+37,+6.906689E+02,+3.584400E+04,+3.799753E-01,+1.245000E-04,+9.910000E+37,+6.907363E+02,+3.584400E+04,-9.469136E-01,+0.000000E+00,+9.910000E+37,+6.908018E+02,+3.584400E+04
11:08:26,0e0,+3.881255E-01,+1.389500E-04,+9.910000E+37,+6.910244E+02,+3.584400E+04,+3.893092E-01,+1.389500E-04,+9.910000E+37,+6.910898E+02,+3.584400E+04,+3.889904E-01,+1.389500E-04,+9.910000E+37,+6.911562E+02,+3.584400E+04,-1.013942E+00,+0.000000E+00,+9.910000E+37,+6.912227E+02,+3.584400E+04
11:08:26,0e0,+3.979606E-01,+1.550500E-04,+9.910000E+37,+6.914482E+02,+3.584400E+04,+3.967764E-01,+1.550500E-04,+9.910000E+37,+6.915146E+02,+3.584400E+04,+3.962767E-01,+1.550500E-04,+9.910000E+37,+6.915801E+02,+3.584400E+04,-9.520588E-01,+0.000000E+00,+9.910000E+37,+6.916465E+02,+3.584400E+04
11:08:26,0e0,+4.061106E-01,+1.730000E-04,+9.910000E+37,+6.918691E+02,+3.584400E+04,+4.051545E-01,+1.730000E-04,+9.910000E+37,+6.919355E+02,+3.584400E+04,+4.049724E-01,+1.730000E-04,+9.910000E+37,+6.920029E+02,+3.584400E+04,-9.593443E-01,+0.000000E+00,+9.910000E+37,+6.920684E+02,+3.584400E+04
11:08:26,0e0,+4.145793E-01,+1.930500E-04,+9.910000E+37,+6.922900E+02,+3.584400E+04,+4.136231E-01,+1.930500E-04,+9.910000E+37,+6.923574E+02,+3.584400E+04,+4.135779E-01,+1.930500E-04,+9.910000E+37,+6.924229E+02,+3.584400E+04,-1.027145E+00,+0.000000E+00,+9.910000E+37,+6.924893E+02,+3.584400E+04
11:08:26,0e0,+4.245968E-01,+2.154500E-04,+9.910000E+37,+6.927109E+02,+3.584400E+04,+4.227750E-01,+2.154500E-04,+9.910000E+37,+6.927773E+02,+3.584400E+04,+4.225475E-01,+2.154500E-04,+9.910000E+37,+6.928438E+02,+3.584400E+04,-9.512852E-01,+0.000000E+00,+9.910000E+37,+6.929102E+02,+3.584400E+04
11:08:26,0e0,+4.321560E-01,+2.404000E-04,+9.910000E+37,+6.931357E+02,+3.584400E+04,+4.313350E-01,+2.404000E-04,+9.910000E+37,+6.932012E+02,+3.584400E+04,+4.312891E-01,+2.404000E-04,+9.910000E+37,+6.932676E+02,+3.584400E+04,-1.016217E+00,+0.000000E+00,+9.910000E+37,+6.933350E+02,+3.584400E+04
11:08:26,0e0,+4.423084E-01,+2.682500E-04,+9.910000E+37,+6.935557E+02,+3.584400E+04,+4.410788E-01,+2.682500E-04,+9.910000E+37,+6.936221E+02,+3.584400E+04,+4.405780E-01,+2.682500E-04,+9.910000E+37,+6.936895E+02,+3.584400E+04,-9.429976E-01,+0.000000E+00,+9.910000E+37,+6.937549E+02,+3.584400E+04
11:08:26,0e0,+4.500487E-01,+2.993500E-04,+9.910000E+37,+6.939814E+02,+3.584400E+04,+4.504590E-01,+2.993500E-04,+9.910000E+37,+6.940479E+02,+3.584400E+04,+4.497754E-01,+2.993500E-04,+9.910000E+37,+6.941152E+02,+3.584400E+04,-1.020086E+00,+0.000000E+00,+9.910000E+37,+6.941807E+02,+3.584400E+04
11:08:26,0e0,+4.600199E-01,+3.340500E-04,+9.910000E+37,+6.944053E+02,+3.584400E+04,+4.596551E-01,+3.340500E-04,+9.910000E+37,+6.944727E+02,+3.584400E+04,+4.591551E-01,+3.340500E-04,+9.910000E+37,+6.945381E+02,+3.584400E+04,-9.321145E-01,+0.000000E+00,+9.910000E+37,+6.946045E+02,+3.584400E+04
11:08:26,0e0,+4.700374E-01,+3.727500E-04,+9.910000E+37,+6.948301E+02,+3.584400E+04,+4.693994E-01,+3.727500E-04,+9.910000E+37,+6.948975E+02,+3.584400E+04,+4.695356E-01,+3.727500E-04,+9.910000E+37,+6.949639E+02,+3.584400E+04,-1.029559E+00,+0.000000E+00,+9.910000E+37,+6.950293E+02,+3.584400E+04
11:08:26,0e0,+4.792802E-01,+4.159500E-04,+9.910000E+37,+6.952559E+02,+3.584400E+04,+4.799168E-01,+4.159500E-04,+9.910000E+37,+6.953232E+02,+3.584400E+04,+4.794628E-01,+4.159500E-04,+9.910000E+37,+6.953887E+02,+3.584400E+04,-9.552456E-01,+0.000000E+00,+9.910000E+37,+6.954551E+02,+3.584400E+04
11:08:26,0e0,+4.898427E-01,+4.641500E-04,+9.910000E+37,+6.956797E+02,+3.584400E+04,+4.898885E-01,+4.641500E-04,+9.910000E+37,+6.957461E+02,+3.584400E+04,+4.897521E-01,+4.641500E-04,+9.910000E+37,+6.958125E+02,+3.584400E+04,-1.054876E+00,+0.000000E+00,+9.910000E+37,+6.958789E+02,+3.584400E+04
11:08:26,0e0,+5.007254E-01,+5.179500E-04,+9.910000E+37,+6.961074E+02,+3.584400E+04,+5.009077E-01,+5.179500E-04,+9.910000E+37,+6.961738E+02,+3.584400E+04,+4.999971E-01,+5.179500E-04,+9.910000E+37,+6.962412E+02,+3.584400E+04,-1.116802E+00,+0.000000E+00,+9.910000E+37,+6.963076E+02,+3.584400E+04
11:08:26,0e0,+5.111980E-01,+5.779500E-04,+9.910000E+37,+6.965361E+02,+3.584400E+04,+5.117896E-01,+5.779500E-04,+9.910000E+37,+6.966016E+02,+3.584400E+04,+5.108787E-01,+5.779500E-04,+9.910000E+37,+6.966680E+02,+3.584400E+04,-1.461090E+00,+0.000000E+00,+9.910000E+37,+6.967344E+02,+3.584400E+04
11:08:26,0e0,+5.229908E-01,+6.449500E-04,+9.910000E+37,+6.969590E+02,+3.584400E+04,+5.226715E-01,+6.449500E-04,+9.910000E+37,+6.970254E+02,+3.584400E+04,+5.223987E-01,+6.449500E-04,+9.910000E+37,+6.970928E+02,+3.584400E+04,-1.974672E+00,+0.000000E+00,+9.910000E+37,+6.971582E+02,+3.584400E+04
11:08:26,0e0,+5.332353E-01,+7.197000E-04,+9.910000E+37,+6.973867E+02,+3.584400E+04,+5.337810E-01,+7.197000E-04,+9.910000E+37,+6.974521E+02,+3.584400E+04,+5.330980E-01,+7.197000E-04,+9.910000E+37,+6.975186E+02,+3.584400E+04,-2.341641E+00,+0.000000E+00,+9.910000E+37,+6.975859E+02,+3.584400E+04
11:08:26,0e0,+5.459388E-01,+8.031000E-04,+9.910000E+37,+6.978105E+02,+3.584400E+04,+5.444806E-01,+8.031000E-04,+9.910000E+37,+6.978770E+02,+3.584400E+04,+5.445272E-01,+8.031000E-04,+9.910000E+37,+6.979434E+02,+3.584400E+04,-2.799121E+00,+0.000000E+00,+9.910000E+37,+6.980107E+02,+3.584400E+04
11:08:26,0e0,+5.578212E-01,+8.961500E-04,+9.910000E+37,+6.982334E+02,+3.584400E+04,+5.576403E-01,+8.961500E-04,+9.910000E+37,+6.982998E+02,+3.584400E+04,+5.579131E-01,+8.961500E-04,+9.910000E+37,+6.983662E+02,+3.584400E+04,-3.018193E+00,+0.000000E+00,+9.910000E+37,+6.984326E+02,+3.584400E+04
11:08:26,0e0,+5.697054E-01,+1.000000E-03,+9.910000E+37,+6.986602E+02,+3.584400E+04,+5.704797E-01,+1.000000E-03,+9.910000E+37,+6.987266E+02,+3.584400E+04,+5.705254E-01,+1.000000E-03,+9.910000E+37,+6.987930E+02,+3.584400E+04,-3.573076E+00,+0.000000E+00,+9.910000E+37,+6.988604E+02,+3.584400E+04
11:08:26,0e0,+5.712542E-01,+1.116000E-03,+9.910000E+37,+6.990830E+02,+3.584400E+04,+5.725746E-01,+1.116000E-03,+9.910000E+37,+6.991494E+02,+3.584400E+04,+5.710717E-01,+1.116000E-03,+9.910000E+37,+6.992158E+02,+3.584400E+04,-1.929645E+00,+0.000000E+00,+9.910000E+37,+6.992822E+02,+3.584400E+04
11:08:26,0e0,+5.840033E-01,+1.245000E-03,+9.910000E+37,+6.995078E+02,+3.584400E+04,+5.824082E-01,+1.245000E-03,+9.910000E+37,+6.995742E+02,+3.584400E+04,+5.825453E-01,+1.245000E-03,+9.910000E+37,+6.996406E+02,+3.584400E+04,-1.883423E+00,+0.000000E+00,+9.910000E+37,+6.997070E+02,+3.584400E+04
11:08:26,0e0,+5.960692E-01,+1.389500E-03,+9.910000E+37,+6.999336E+02,+3.584400E+04,+5.961596E-01,+1.389500E-03,+9.910000E+37,+6.999990E+02,+3.584400E+04,+5.962063E-01,+1.389500E-03,+9.910000E+37,+7.000654E+02,+3.584400E+04,-1.898223E+00,+0.000000E+00,+9.910000E+37,+7.001328E+02,+3.584400E+04
11:08:26,0e0,+6.094546E-01,+1.550500E-03,+9.910000E+37,+7.003594E+02,+3.584400E+04,+6.095465E-01,+1.550500E-03,+9.910000E+37,+7.004248E+02,+3.584400E+04,+6.079516E-01,+1.550500E-03,+9.910000E+37,+7.004912E+02,+3.584400E+04,-1.872588E+00,+0.000000E+00,+9.910000E+37,+7.005576E+02,+3.584400E+04
11:08:26,0e0,+6.223401E-01,+1.730000E-03,+9.910000E+37,+7.007783E+02,+3.584400E+04,+6.237540E-01,+1.730000E-03,+9.910000E+37,+7.008447E+02,+3.584400E+04,+6.227958E-01,+1.730000E-03,+9.910000E+37,+7.009121E+02,+3.584400E+04,-1.906052E+00,+0.000000E+00,+9.910000E+37,+7.009795E+02,+3.584400E+04
11:08:26,0e0,+6.370925E-01,+1.930500E-03,+9.910000E+37,+7.012021E+02,+3.584400E+04,+6.386410E-01,+1.930500E-03,+9.910000E+37,+7.012686E+02,+3.584400E+04,+6.369104E-01,+1.930500E-03,+9.910000E+37,+7.013350E+02,+3.584400E+04,-1.928733E+00,+0.000000E+00,+9.910000E+37,+7.014014E+02,+3.584400E+04
11:08:26,0e0,+6.529832E-01,+2.154500E-03,+9.910000E+37,+7.016270E+02,+3.584400E+04,+6.520726E-01,+2.154500E-03,+9.910000E+37,+7.016924E+02,+3.584400E+04,+6.514338E-01,+2.154500E-03,+9.910000E+37,+7.017588E+02,+3.584400E+04,-1.848954E+00,+0.000000E+00,+9.910000E+37,+7.018262E+02,+3.584400E+04
11:08:26,0e0,+6.676909E-01,+2.404000E-03,+9.910000E+37,+7.020498E+02,+3.584400E+04,+6.673709E-01,+2.404000E-03,+9.910000E+37,+7.021162E+02,+3.584400E+04,+6.675072E-01,+2.404000E-03,+9.910000E+37,+7.021836E+02,+3.584400E+04,-1.882740E+00,+0.000000E+00,+9.910000E+37,+7.022490E+02,+3.584400E+04
11:08:26,0e0,+6.835343E-01,+2.682500E-03,+9.910000E+37,+7.024775E+02,+3.584400E+04,+6.835355E-01,+2.682500E-03,+9.910000E+37,+7.025439E+02,+3.584400E+04,+6.833990E-01,+2.682500E-03,+9.910000E+37,+7.026104E+02,+3.584400E+04,-1.879146E+00,+0.000000E+00,+9.910000E+37,+7.026768E+02,+3.584400E+04
11:08:26,0e0,+6.995153E-01,+2.993500E-03,+9.910000E+37,+7.029004E+02,+3.584400E+04,+6.985145E-01,+2.993500E-03,+9.910000E+37,+7.029668E+02,+3.584400E+04,+6.989241E-01,+2.993500E-03,+9.910000E+37,+7.030332E+02,+3.584400E+04,-1.885517E+00,+0.000000E+00,+9.910000E+37,+7.030996E+02,+3.584400E+04
11:08:26,0e0,+7.160904E-01,+3.340500E-03,+9.910000E+37,+7.033262E+02,+3.584400E+04,+7.147235E-01,+3.340500E-03,+9.910000E+37,+7.033936E+02,+3.584400E+04,+7.149960E-01,+3.340500E-03,+9.910000E+37,+7.034600E+02,+3.584400E+04,-1.897585E+00,+0.000000E+00,+9.910000E+37,+7.035264E+02,+3.584400E+04
11:08:26,0e0,+7.313425E-01,+3.727500E-03,+9.910000E+37,+7.037529E+02,+3.584400E+04,+7.328930E-01,+3.727500E-03,+9.910000E+37,+7.038193E+02,+3.584400E+04,+7.324811E-01,+3.727500E-03,+9.910000E+37,+7.038857E+02,+3.584400E+04,-1.895991E+00,+0.000000E+00,+9.910000E+37,+7.039531E+02,+3.584400E+04
11:08:26,0e0,+7.503757E-01,+4.159500E-03,+9.910000E+37,+7.041768E+02,+3.584400E+04,+7.495098E-01,+4.159500E-03,+9.910000E+37,+7.042441E+02,+3.584400E+04,+7.496920E-01,+4.159500E-03,+9.910000E+37,+7.043096E+02,+3.584400E+04,-1.906644E+00,+0.000000E+00,+9.910000E+37,+7.043760E+02,+3.584400E+04
11:08:26,0e0,+7.684973E-01,+4.641500E-03,+9.910000E+37,+7.046006E+02,+3.584400E+04,+7.692717E-01,+4.641500E-03,+9.910000E+37,+7.046680E+02,+3.584400E+04,+7.679535E-01,+4.641500E-03,+9.910000E+37,+7.047334E+02,+3.584400E+04,-1.891529E+00,+0.000000E+00,+9.910000E+37,+7.047998E+02,+3.584400E+04
11:08:26,0e0,+7.873932E-01,+5.179500E-03,+9.910000E+37,+7.050225E+02,+3.584400E+04,+7.868007E-01,+5.179500E-03,+9.910000E+37,+7.050889E+02,+3.584400E+04,+7.867563E-01,+5.179500E-03,+9.910000E+37,+7.051563E+02,+3.584400E+04,-1.901137E+00,+0.000000E+00,+9.910000E+37,+7.052236E+02,+3.584400E+04
11:08:26,0e0,+8.071084E-01,+5.779500E-03,+9.910000E+37,+7.054473E+02,+3.584400E+04,+8.061972E-01,+5.779500E-03,+9.910000E+37,+7.055137E+02,+3.584400E+04,+8.048296E-01,+5.779500E-03,+9.910000E+37,+7.055811E+02,+3.584400E+04,-1.878322E+00,+0.000000E+00,+9.910000E+37,+7.056484E+02,+3.584400E+04
11:08:26,0e0,+8.262767E-01,+6.449500E-03,+9.910000E+37,+7.058682E+02,+3.584400E+04,+8.261837E-01,+6.449500E-03,+9.910000E+37,+7.059355E+02,+3.584400E+04,+8.260021E-01,+6.449500E-03,+9.910000E+37,+7.060010E+02,+3.584400E+04,-1.885336E+00,+0.000000E+00,+9.910000E+37,+7.060674E+02,+3.584400E+04
11:08:26,0e0,+8.460832E-01,+7.197000E-03,+9.910000E+37,+7.062891E+02,+3.584400E+04,+8.470855E-01,+7.197000E-03,+9.910000E+37,+7.063564E+02,+3.584400E+04,+8.454440E-01,+7.197000E-03,+9.910000E+37,+7.064219E+02,+3.584400E+04,-1.890479E+00,+0.000000E+00,+9.910000E+37,+7.064883E+02,+3.584400E+04
11:08:26,0e0,+8.681192E-01,+8.031000E-03,+9.910000E+37,+7.067119E+02,+3.584400E+04,+8.681214E-01,+8.031000E-03,+9.910000E+37,+7.067793E+02,+3.584400E+04,+8.678482E-01,+8.031000E-03,+9.910000E+37,+7.068467E+02,+3.584400E+04,-1.859154E+00,+0.000000E+00,+9.910000E+37,+7.069121E+02,+3.584400E+04
11:08:26,0e0,+8.896577E-01,+8.961500E-03,+9.910000E+37,+7.071348E+02,+3.584400E+04,+8.889275E-01,+8.961500E-03,+9.910000E+37,+7.072012E+02,+3.584400E+04,+8.893846E-01,+8.961500E-03,+9.910000E+37,+7.072676E+02,+3.584400E+04,-1.886657E+00,+0.000000E+00,+9.910000E+37,+7.073340E+02,+3.584400E+04
