11:04:57,0e0,-7.277287E+00,+1.000000E-07,+9.910000E+37,+4.591221E+02,+3.584400E+04,+5.074006E-02,+1.000000E-07,+9.910000E+37,+4.591885E+02,+3.584400E+04,+5.133197E-02,+1.000000E-07,+9.910000E+37,+4.592559E+02,+3.584400E+04,-2.930637E-02,+0.000000E+00,+9.910000E+37,+4.593223E+02,+3.584400E+04
11:04:57,0e0,-7.622956E+00,+1.116000E-07,+9.910000E+37,+4.595459E+02,+3.584400E+04,+5.424604E-02,+1.116000E-07,+9.910000E+37,+4.596133E+02,+3.584400E+04,+5.342633E-02,+1.116000E-07,+9.910000E+37,+4.596787E+02,+3.584400E+04,-3.049074E-02,+0.000000E+00,+9.910000E+37,+4.597451E+02,+3.584400E+04
11:04:57,0e0,-5.920783E+00,+1.245000E-07,+9.910000E+37,+4.599717E+02,+3.584400E+04,+5.679578E-02,+1.245000E-07,+9.910000E+37,+4.600381E+02,+3.584400E+04,+5.729666E-02,+1.245000E-07,+9.910000E+37,+4.601055E+02,+3.584400E+04,-3.854959E-02,+0.000000E+00,+9.910000E+37,+4.601709E+02,+3.584400E+04
11:04:57,0e0,-5.038445E+00,+1.389500E-07,+9.910000E+37,+4.603965E+02,+3.584400E+04,+5.889037E-02,+1.389500E-07,+9.910000E+37,+4.604639E+02,+3.584400E+04,+6.121290E-02,+1.389500E-07,+9.910000E+37,+4.605293E+02,+3.584400E+04,-4.278444E-02,+0.000000E+00,+9.910000E+37,+4.605957E+02,+3.584400E+04
11:04:57,0e0,-3.527432E+00,+1.550500E-07,+9.910000E+37,+4.608223E+02,+3.584400E+04,+6.535646E-02,+1.550500E-07,+9.910000E+37,+4.608877E+02,+3.584400E+04,+6.453639E-02,+1.550500E-07,+9.910000E+37,+4.609541E+02,+3.584400E+04,-3.873174E-02,+0.000000E+00,+9.910000E+37,+4.610215E+02,+3.584400E+04
11:04:57,0e0,-1.189132E+00,+1.730000E-07,+9.910000E+37,+4.612471E+02,+3.584400E+04,+6.758693E-02,+1.730000E-07,+9.910000E+37,+4.613145E+02,+3.584400E+04,+6.631199E-02,+1.730000E-07,+9.910000E+37,+4.613818E+02,+3.584400E+04,-4.296653E-02,+0.000000E+00,+9.910000E+37,+4.614473E+02,+3.584400E+04
11:04:57,0e0,-8.492532E-01,+1.930500E-07,+9.910000E+37,+4.616738E+02,+3.584400E+04,+6.981826E-02,+1.930500E-07,+9.910000E+37,+4.617402E+02,+3.584400E+04,+7.095653E-02,+1.930500E-07,+9.910000E+37,+4.618076E+02,+3.584400E+04,-8.799815E-02,+0.000000E+00,+9.910000E+37,+4.618730E+02,+3.584400E+04
11:04:57,0e0,+5.424604E-02,+2.154500E-07,+9.910000E+37,+4.620986E+02,+3.584400E+04,+7.291448E-02,+2.154500E-07,+9.910000E+37,+4.621650E+02,+3.584400E+04,+7.482713E-02,+2.154500E-07,+9.910000E+37,+4.622314E+02,+3.584400E+04,-1.049821E-01,+0.000000E+00,+9.910000E+37,+4.622969E+02,+3.584400E+04
11:04:57,0e0,-2.342049E-01,+2.404000E-07,+9.910000E+37,+4.625225E+02,+3.584400E+04,+7.897019E-02,+2.404000E-07,+9.910000E+37,+4.625889E+02,+3.584400E+04,+7.956252E-02,+2.404000E-07,+9.910000E+37,+4.626563E+02,+3.584400E+04,-4.437801E-02,+0.000000E+00,+9.910000E+37,+4.627217E+02,+3.584400E+04
11:04:57,0e0,+8.188507E-02,+2.682500E-07,+9.910000E+37,+4.629434E+02,+3.584400E+04,+8.106509E-02,+2.682500E-07,+9.910000E+37,+4.630098E+02,+3.584400E+04,+8.220372E-02,+2.682500E-07,+9.910000E+37,+4.630771E+02,+3.584400E+04,-1.152272E-01,+0.000000E+00,+9.910000E+37,+4.631445E+02,+3.584400E+04
11:04:57,0e0,+8.534494E-02,+2.993500E-07,+9.910000E+37,+4.633721E+02,+3.584400E+04,+8.548138E-02,+2.993500E-07,+9.910000E+37,+4.634385E+02,+3.584400E+04,+8.621025E-02,+2.993500E-07,+9.910000E+37,+4.635049E+02,+3.584400E+04,-6.145285E-02,+0.000000E+00,+9.910000E+37,+4.635723E+02,+3.584400E+04
11:04:57,0e0,+8.912474E-02,+3.340500E-07,+9.910000E+37,+4.637979E+02,+3.584400E+04,+8.839604E-02,+3.340500E-07,+9.910000E+37,+4.638652E+02,+3.584400E+04,+8.885112E-02,+3.340500E-07,+9.910000E+37,+4.639326E+02,+3.584400E+04,-2.383941E-01,+0.000000E+00,+9.910000E+37,+4.639980E+02,+3.584400E+04
11:04:57,0e0,+9.313071E-02,+3.727500E-07,+9.910000E+37,+4.642217E+02,+3.584400E+04,+9.349549E-02,+3.727500E-07,+9.910000E+37,+4.642881E+02,+3.584400E+04,+9.253898E-02,+3.727500E-07,+9.910000E+37,+4.643545E+02,+3.584400E+04,-3.200395E-01,+0.000000E+00,+9.910000E+37,+4.644219E+02,+3.584400E+04
11:04:57,0e0,+9.659168E-02,+4.159500E-07,+9.910000E+37,+4.646436E+02,+3.584400E+04,+9.736595E-02,+4.159500E-07,+9.910000E+37,+4.647100E+02,+3.584400E+04,+9.668228E-02,+4.159500E-07,+9.910000E+37,+4.647764E+02,+3.584400E+04,-8.432447E-01,+0.000000E+00,+9.910000E+37,+4.648438E+02,+3.584400E+04
11:04:57,0e0,+1.008256E-01,+4.641500E-07,+9.910000E+37,+4.650674E+02,+3.584400E+04,+1.021467E-01,+4.641500E-07,+9.910000E+37,+4.651338E+02,+3.584400E+04,+1.005532E-01,+4.641500E-07,+9.910000E+37,+4.652002E+02,+3.584400E+04,-1.489804E+00,+0.000000E+00,+9.910000E+37,+4.652666E+02,+3.584400E+04
11:04:57,0e0,+1.047416E-01,+5.179500E-07,+9.910000E+37,+4.654883E+02,+3.584400E+04,+1.036027E-01,+5.179500E-07,+9.910000E+37,+4.655557E+02,+3.584400E+04,+1.058346E-01,+5.179500E-07,+9.910000E+37,+4.656211E+02,+3.584400E+04,-2.362175E+00,+0.000000E+00,+9.910000E+37,+4.656875E+02,+3.584400E+04
11:04:57,0e0,+1.103422E-01,+5.779500E-07,+9.910000E+37,+4.659082E+02,+3.584400E+04,+1.096592E-01,+5.779500E-07,+9.910000E+37,+4.659756E+02,+3.584400E+04,+1.091585E-01,+5.779500E-07,+9.910000E+37,+4.660410E+02,+3.584400E+04,-3.620684E+00,+0.000000E+00,+9.910000E+37,+4.661074E+02,+3.584400E+04
11:04:57,0e0,+1.133932E-01,+6.449500E-07,+9.910000E+37,+4.663281E+02,+3.584400E+04,+1.133930E-01,+6.449500E-07,+9.910000E+37,+4.663955E+02,+3.584400E+04,+1.138027E-01,+6.449500E-07,+9.910000E+37,+4.664629E+02,+3.584400E+04,-5.486093E+00,+0.000000E+00,+9.910000E+37,+4.665283E+02,+3.584400E+04
11:04:57,0e0,+1.189484E-01,+7.197000E-07,+9.910000E+37,+4.667490E+02,+3.584400E+04,+1.180823E-01,+7.197000E-07,+9.910000E+37,+4.668164E+02,+3.584400E+04,+1.169897E-01,+7.197000E-07,+9.910000E+37,+4.668818E+02,+3.584400E+04,-7.533343E+00,+0.000000E+00,+9.910000E+37,+4.669492E+02,+3.584400E+04
11:04:57,0e0,+1.224083E-01,+8.031000E-07,+9.910000E+37,+4.671768E+02,+3.584400E+04,+1.229555E-01,+8.031000E-07,+9.910000E+37,+4.672432E+02,+3.584400E+04,+1.235465E-01,+8.031000E-07,+9.910000E+37,+4.673096E+02,+3.584400E+04,-9.790606E+00,+0.000000E+00,+9.910000E+37,+4.673760E+02,+3.584400E+04
11:04:57,0e0,+1.249115E-01,+8.961500E-07,+9.910000E+37,+4.676016E+02,+3.584400E+04,+1.280089E-01,+8.961500E-07,+9.910000E+37,+4.676670E+02,+3.584400E+04,+1.278725E-01,+8.961500E-07,+9.910000E+37,+4.677334E+02,+3.584400E+04,-1.237494E+01,+0.000000E+00,+9.910000E+37,+4.678008E+02,+3.584400E+04
11:04:57,0e0,+1.335184E-01,+1.000000E-06,+9.910000E+37,+4.680244E+02,+3.584400E+04,+1.327446E-01,+1.000000E-06,+9.910000E+37,+4.680898E+02,+3.584400E+04,+1.323344E-01,+1.000000E-06,+9.910000E+37,+4.681563E+02,+3.584400E+04,-1.483018E+01,+0.000000E+00,+9.910000E+37,+4.682236E+02,+3.584400E+04
11:04:57,0e0,+1.255501E-01,+1.116000E-06,+9.910000E+37,+4.684473E+02,+3.584400E+04,+1.263698E-01,+1.116000E-06,+9.910000E+37,+4.685146E+02,+3.584400E+04,+1.265981E-01,+1.116000E-06,+9.910000E+37,+4.685811E+02,+3.584400E+04,-5.867523E-02,+0.000000E+00,+9.910000E+37,+4.686475E+02,+3.584400E+04
11:04:57,0e0,+1.301033E-01,+1.245000E-06,+9.910000E+37,+4.688730E+02,+3.584400E+04,+1.299669E-01,+1.245000E-06,+9.910000E+37,+4.689385E+02,+3.584400E+04,+1.295570E-01,+1.245000E-06,+9.910000E+37,+4.690059E+02,+3.584400E+04,-5.412206E-02,+0.000000E+00,+9.910000E+37,+4.690723E+02,+3.584400E+04
11:04:57,0e0,+1.336092E-01,+1.389500E-06,+9.910000E+37,+4.692969E+02,+3.584400E+04,+1.340646E-01,+1.389500E-06,+9.910000E+37,+4.693643E+02,+3.584400E+04,+1.339736E-01,+1.389500E-06,+9.910000E+37,+4.694297E+02,+3.584400E+04,-5.867499E-02,+0.000000E+00,+9.910000E+37,+4.694961E+02,+3.584400E+04
11:04:57,0e0,+1.379807E-01,+1.550500E-06,+9.910000E+37,+4.697197E+02,+3.584400E+04,+1.389821E-01,+1.550500E-06,+9.910000E+37,+4.697861E+02,+3.584400E+04,+1.372517E-01,+1.550500E-06,+9.910000E+37,+4.698525E+02,+3.584400E+04,-5.366689E-02,+0.000000E+00,+9.910000E+37,+4.699189E+02,+3.584400E+04
11:04:57,0e0,+1.420330E-01,+1.730000E-06,+9.910000E+37,+4.701436E+02,+3.584400E+04,+1.419869E-01,+1.730000E-06,+9.910000E+37,+4.702109E+02,+3.584400E+04,+1.423062E-01,+1.730000E-06,+9.910000E+37,+4.702764E+02,+3.584400E+04,-5.444087E-02,+0.000000E+00,+9.910000E+37,+4.703428E+02,+3.584400E+04
11:04:57,0e0,+1.466317E-01,+1.930500E-06,+9.910000E+37,+4.705645E+02,+3.584400E+04,+1.466770E-01,+1.930500E-06,+9.910000E+37,+4.706318E+02,+3.584400E+04,+1.463585E-01,+1.930500E-06,+9.910000E+37,+4.706973E+02,+3.584400E+04,-6.864712E-02,+0.000000E+00,+9.910000E+37,+4.707637E+02,+3.584400E+04
11:04:57,0e0,+1.505477E-01,+2.154500E-06,+9.910000E+37,+4.709893E+02,+3.584400E+04,+1.508207E-01,+2.154500E-06,+9.910000E+37,+4.710557E+02,+3.584400E+04,+1.515949E-01,+2.154500E-06,+9.910000E+37,+4.711221E+02,+3.584400E+04,-5.466828E-02,+0.000000E+00,+9.910000E+37,+4.711885E+02,+3.584400E+04
11:04:57,0e0,+1.553287E-01,+2.404000E-06,+9.910000E+37,+4.714131E+02,+3.584400E+04,+1.555103E-01,+2.404000E-06,+9.910000E+37,+4.714805E+02,+3.584400E+04,+1.561938E-01,+2.404000E-06,+9.910000E+37,+4.715469E+02,+3.584400E+04,-7.930183E-02,+0.000000E+00,+9.910000E+37,+4.716133E+02,+3.584400E+04
11:04:57,0e0,+1.597450E-01,+2.682500E-06,+9.910000E+37,+4.718369E+02,+3.584400E+04,+1.602915E-01,+2.682500E-06,+9.910000E+37,+4.719043E+02,+3.584400E+04,+1.604744E-01,+2.682500E-06,+9.910000E+37,+4.719697E+02,+3.584400E+04,-7.101476E-02,+0.000000E+00,+9.910000E+37,+4.720361E+02,+3.584400E+04
11:04:57,0e0,+1.646634E-01,+2.993500E-06,+9.910000E+37,+4.722627E+02,+3.584400E+04,+1.652550E-01,+2.993500E-06,+9.910000E+37,+4.723301E+02,+3.584400E+04,+1.637056E-01,+2.993500E-06,+9.910000E+37,+4.723955E+02,+3.584400E+04,-7.884623E-02,+0.000000E+00,+9.910000E+37,+4.724619E+02,+3.584400E+04
11:04:57,0e0,+1.714016E-01,+3.340500E-06,+9.910000E+37,+4.726885E+02,+3.584400E+04,+1.693974E-01,+3.340500E-06,+9.910000E+37,+4.727559E+02,+3.584400E+04,+1.692607E-01,+3.340500E-06,+9.910000E+37,+4.728213E+02,+3.584400E+04,-1.420458E-01,+0.000000E+00,+9.910000E+37,+4.728887E+02,+3.584400E+04
11:04:57,0e0,+1.749532E-01,+3.727500E-06,+9.910000E+37,+4.731152E+02,+3.584400E+04,+1.729034E-01,+3.727500E-06,+9.910000E+37,+4.731807E+02,+3.584400E+04,+1.733131E-01,+3.727500E-06,+9.910000E+37,+4.732471E+02,+3.584400E+04,-2.999128E-01,+0.000000E+00,+9.910000E+37,+4.733135E+02,+3.584400E+04
11:04:57,0e0,+1.793697E-01,+4.159500E-06,+9.910000E+37,+4.735391E+02,+3.584400E+04,+1.785493E-01,+4.159500E-06,+9.910000E+37,+4.736055E+02,+3.584400E+04,+1.815096E-01,+4.159500E-06,+9.910000E+37,+4.736719E+02,+3.584400E+04,-7.864604E-01,+0.000000E+00,+9.910000E+37,+4.737393E+02,+3.584400E+04
11:04:57,0e0,+1.846962E-01,+4.641500E-06,+9.910000E+37,+4.739590E+02,+3.584400E+04,+1.851983E-01,+4.641500E-06,+9.910000E+37,+4.740254E+02,+3.584400E+04,+1.841509E-01,+4.641500E-06,+9.910000E+37,+4.740928E+02,+3.584400E+04,-1.315993E+00,+0.000000E+00,+9.910000E+37,+4.741582E+02,+3.584400E+04
11:04:57,0e0,+1.916178E-01,+5.179500E-06,+9.910000E+37,+4.743809E+02,+3.584400E+04,+1.908431E-01,+5.179500E-06,+9.910000E+37,+4.744482E+02,+3.584400E+04,+1.901615E-01,+5.179500E-06,+9.910000E+37,+4.745137E+02,+3.584400E+04,-2.231620E+00,+0.000000E+00,+9.910000E+37,+4.745801E+02,+3.584400E+04
11:04:57,0e0,+1.964900E-01,+5.779500E-06,+9.910000E+37,+4.748057E+02,+3.584400E+04,+1.959888E-01,+5.779500E-06,+9.910000E+37,+4.748711E+02,+3.584400E+04,+1.947590E-01,+5.779500E-06,+9.910000E+37,+4.749375E+02,+3.584400E+04,-3.606385E+00,+0.000000E+00,+9.910000E+37,+4.750029E+02,+3.584400E+04
11:04:57,0e0,+2.014075E-01,+6.449500E-06,+9.910000E+37,+4.752256E+02,+3.584400E+04,+2.017268E-01,+6.449500E-06,+9.910000E+37,+4.752920E+02,+3.584400E+04,+2.017262E-01,+6.449500E-06,+9.910000E+37,+4.753594E+02,+3.584400E+04,-5.039396E+00,+0.000000E+00,+9.910000E+37,+4.754258E+02,+3.584400E+04
11:04:57,0e0,+2.072808E-01,+7.197000E-06,+9.910000E+37,+4.756514E+02,+3.584400E+04,+2.078279E-01,+7.197000E-06,+9.910000E+37,+4.757187E+02,+3.584400E+04,+2.066896E-01,+7.197000E-06,+9.910000E+37,+4.757852E+02,+3.584400E+04,-7.235490E+00,+0.000000E+00,+9.910000E+37,+4.758516E+02,+3.584400E+04
11:04:57,0e0,+2.141111E-01,+8.031000E-06,+9.910000E+37,+4.760781E+02,+3.584400E+04,+2.133367E-01,+8.031000E-06,+9.910000E+37,+4.761455E+02,+3.584400E+04,+2.147028E-01,+8.031000E-06,+9.910000E+37,+4.762109E+02,+3.584400E+04,-9.355749E+00,+0.000000E+00,+9.910000E+37,+4.762783E+02,+3.584400E+04
11:04:57,0e0,+2.201212E-01,+8.961500E-06,+9.910000E+37,+4.765039E+02,+3.584400E+04,+2.185726E-01,+8.961500E-06,+9.910000E+37,+4.765693E+02,+3.584400E+04,+2.196206E-01,+8.961500E-06,+9.910000E+37,+4.766357E+02,+3.584400E+04,-1.198927E+01,+0.000000E+00,+9.910000E+37,+4.767031E+02,+3.584400E+04
11:04:57,0e0,+2.258126E-01,+1.000000E-05,+9.910000E+37,+4.769209E+02,+3.584400E+04,+2.269509E-01,+1.000000E-05,+9.910000E+37,+4.769873E+02,+3.584400E+04,+2.263590E-01,+1.000000E-05,+9.910000E+37,+4.770547E+02,+3.584400E+04,-1.449221E+01,+0.000000E+00,+9.910000E+37,+4.771221E+02,+3.584400E+04
11:04:57,0e0,+2.218977E-01,+1.116000E-05,+9.910000E+37,+4.773408E+02,+3.584400E+04,+2.218971E-01,+1.116000E-05,+9.910000E+37,+4.774082E+02,+3.584400E+04,+2.210317E-01,+1.116000E-05,+9.910000E+37,+4.774805E+02,+3.584400E+04,-1.134969E-01,+0.000000E+00,+9.910000E+37,+4.775508E+02,+3.584400E+04
11:04:57,0e0,+2.274064E-01,+1.245000E-05,+9.910000E+37,+4.777725E+02,+3.584400E+04,+2.267690E-01,+1.245000E-05,+9.910000E+37,+4.778379E+02,+3.584400E+04,+2.268598E-01,+1.245000E-05,+9.910000E+37,+4.779053E+02,+3.584400E+04,-1.133149E-01,+0.000000E+00,+9.910000E+37,+4.779727E+02,+3.584400E+04
11:04:57,0e0,+2.320965E-01,+1.389500E-05,+9.910000E+37,+4.781924E+02,+3.584400E+04,+2.346917E-01,+1.389500E-05,+9.910000E+37,+4.782598E+02,+3.584400E+04,+2.325980E-01,+1.389500E-05,+9.910000E+37,+4.783252E+02,+3.584400E+04,-1.132693E-01,+0.000000E+00,+9.910000E+37,+4.783965E+02,+3.584400E+04
11:04:57,0e0,+2.386985E-01,+1.550500E-05,+9.910000E+37,+4.786182E+02,+3.584400E+04,+2.373775E-01,+1.550500E-05,+9.910000E+37,+4.786855E+02,+3.584400E+04,+2.392449E-01,+1.550500E-05,+9.910000E+37,+4.787510E+02,+3.584400E+04,-9.719616E-02,+0.000000E+00,+9.910000E+37,+4.788203E+02,+3.584400E+04
11:04:57,0e0,+2.441623E-01,+1.730000E-05,+9.910000E+37,+4.790381E+02,+3.584400E+04,+2.445720E-01,+1.730000E-05,+9.910000E+37,+4.791045E+02,+3.584400E+04,+2.444358E-01,+1.730000E-05,+9.910000E+37,+4.791719E+02,+3.584400E+04,-1.043449E-01,+0.000000E+00,+9.910000E+37,+4.792402E+02,+3.584400E+04
11:04:57,0e0,+2.509013E-01,+1.930500E-05,+9.910000E+37,+4.794531E+02,+3.584400E+04,+2.503550E-01,+1.930500E-05,+9.910000E+37,+4.795205E+02,+3.584400E+04,+2.501732E-01,+1.930500E-05,+9.910000E+37,+4.795859E+02,+3.584400E+04,-1.345330E-01,+0.000000E+00,+9.910000E+37,+4.796533E+02,+3.584400E+04
11:04:57,0e0,+2.570029E-01,+2.154500E-05,+9.910000E+37,+4.798662E+02,+3.584400E+04,+2.567750E-01,+2.154500E-05,+9.910000E+37,+4.799336E+02,+3.584400E+04,+2.562738E-01,+2.154500E-05,+9.910000E+37,+4.799990E+02,+3.584400E+04,-1.080330E-01,+0.000000E+00,+9.910000E+37,+4.800654E+02,+3.584400E+04
11:04:57,0e0,+2.628762E-01,+2.404000E-05,+9.910000E+37,+4.802832E+02,+3.584400E+04,+2.631491E-01,+2.404000E-05,+9.910000E+37,+4.803486E+02,+3.584400E+04,+2.630582E-01,+2.404000E-05,+9.910000E+37,+4.804160E+02,+3.584400E+04,-1.105829E-01,+0.000000E+00,+9.910000E+37,+4.804814E+02,+3.584400E+04
11:04:57,0e0,+2.698889E-01,+2.682500E-05,+9.910000E+37,+4.806982E+02,+3.584400E+04,+2.693882E-01,+2.682500E-05,+9.910000E+37,+4.807637E+02,+3.584400E+04,+2.698428E-01,+2.682500E-05,+9.910000E+37,+4.808301E+02,+3.584400E+04,-1.116757E-01,+0.000000E+00,+9.910000E+37,+4.808965E+02,+3.584400E+04
11:04:57,0e0,+2.761716E-01,+2.993500E-05,+9.910000E+37,+4.811133E+02,+3.584400E+04,+2.769462E-01,+2.993500E-05,+9.910000E+37,+4.811787E+02,+3.584400E+04,+2.777203E-01,+2.993500E-05,+9.910000E+37,+4.812451E+02,+3.584400E+04,-1.090801E-01,+0.000000E+00,+9.910000E+37,+4.813125E+02,+3.584400E+04
11:04:57,0e0,+2.841401E-01,+3.340500E-05,+9.910000E+37,+4.815283E+02,+3.584400E+04,+2.831836E-01,+3.340500E-05,+9.910000E+37,+4.815957E+02,+3.584400E+04,+2.830473E-01,+3.340500E-05,+9.910000E+37,+4.816621E+02,+3.584400E+04,-1.127684E-01,+0.000000E+00,+9.910000E+37,+4.817344E+02,+3.584400E+04
11:04:57,0e0,+2.890570E-01,+3.727500E-05,+9.910000E+37,+4.819531E+02,+3.584400E+04,+2.896950E-01,+3.727500E-05,+9.910000E+37,+4.820195E+02,+3.584400E+04,+2.886468E-01,+3.727500E-05,+9.910000E+37,+4.820869E+02,+3.584400E+04,-1.110837E-01,+0.000000E+00,+9.910000E+37,+4.821582E+02,+3.584400E+04
11:04:57,0e0,+2.968437E-01,+4.159500E-05,+9.910000E+37,+4.823818E+02,+3.584400E+04,+2.984828E-01,+4.159500E-05,+9.910000E+37,+4.824473E+02,+3.584400E+04,+2.972081E-01,+4.159500E-05,+9.910000E+37,+4.825146E+02,+3.584400E+04,-3.540088E-01,+0.000000E+00,+9.910000E+37,+4.825820E+02,+3.584400E+04
11:04:57,0e0,+3.054040E-01,+4.641500E-05,+9.910000E+37,+4.828008E+02,+3.584400E+04,+3.039473E-01,+4.641500E-05,+9.910000E+37,+4.828672E+02,+3.584400E+04,+3.043562E-01,+4.641500E-05,+9.910000E+37,+4.829336E+02,+3.584400E+04,-7.501230E-01,+0.000000E+00,+9.910000E+37,+4.830039E+02,+3.584400E+04
11:04:57,0e0,+3.105934E-01,+5.179500E-05,+9.910000E+37,+4.832256E+02,+3.584400E+04,+3.105029E-01,+5.179500E-05,+9.910000E+37,+4.832930E+02,+3.584400E+04,+3.115970E-01,+5.179500E-05,+9.910000E+37,+4.833584E+02,+3.584400E+04,-1.237079E+00,+0.000000E+00,+9.910000E+37,+4.834287E+02,+3.584400E+04
11:04:57,0e0,+3.196556E-01,+5.779500E-05,+9.910000E+37,+4.836475E+02,+3.584400E+04,+3.182898E-01,+5.779500E-05,+9.910000E+37,+4.837148E+02,+3.584400E+04,+3.188359E-01,+5.779500E-05,+9.910000E+37,+4.837813E+02,+3.584400E+04,-2.240409E+00,+0.000000E+00,+9.910000E+37,+4.838525E+02,+3.584400E+04
11:04:57,0e0,+3.265305E-01,+6.449500E-05,+9.910000E+37,+4.840732E+02,+3.584400E+04,+3.279426E-01,+6.449500E-05,+9.910000E+37,+4.841406E+02,+3.584400E+04,+3.257102E-01,+6.449500E-05,+9.910000E+37,+4.842061E+02,+3.584400E+04,-3.479524E+00,+0.000000E+00,+9.910000E+37,+4.842754E+02,+3.584400E+04
11:04:57,0e0,+3.348634E-01,+7.197000E-05,+9.910000E+37,+4.844932E+02,+3.584400E+04,+3.348630E-01,+7.197000E-05,+9.910000E+37,+4.845605E+02,+3.584400E+04,+3.349541E-01,+7.197000E-05,+9.910000E+37,+4.846260E+02,+3.584400E+04,-4.703378E+00,+0.000000E+00,+9.910000E+37,+4.846982E+02,+3.584400E+04
11:04:57,0e0,+3.417373E-01,+8.031000E-05,+9.910000E+37,+4.849238E+02,+3.584400E+04,+3.429224E-01,+8.031000E-05,+9.910000E+37,+4.849893E+02,+3.584400E+04,+3.421487E-01,+8.031000E-05,+9.910000E+37,+4.850566E+02,+3.584400E+04,-7.046817E+00,+0.000000E+00,+9.910000E+37,+4.851230E+02,+3.584400E+04
11:04:57,0e0,+3.514835E-01,+8.961500E-05,+9.910000E+37,+4.853398E+02,+3.584400E+04,+3.508908E-01,+8.961500E-05,+9.910000E+37,+4.854072E+02,+3.584400E+04,+3.507549E-01,+8.961500E-05,+9.910000E+37,+4.854727E+02,+3.584400E+04,-9.023285E+00,+0.000000E+00,+9.910000E+37,+4.855410E+02,+3.584400E+04
11:04:57,0e0,+3.596330E-01,+1.000000E-04,+9.910000E+37,+4.857568E+02,+3.584400E+04,+3.589966E-01,+1.000000E-04,+9.910000E+37,+4.858232E+02,+3.584400E+04,+3.585389E-01,+1.000000E-04,+9.910000E+37,+4.858916E+02,+3.584400E+04,-1.057026E+01,+0.000000E+00,+9.910000E+37,+4.859629E+02,+3.584400E+04
11:04:57,0e0,+3.584495E-01,+1.116000E-04,+9.910000E+37,+4.861875E+02,+3.584400E+04,+3.564464E-01,+1.116000E-04,+9.910000E+37,+4.862549E+02,+3.584400E+04,+3.565821E-01,+1.116000E-04,+9.910000E+37,+4.863223E+02,+3.584400E+04,-1.020330E+00,+0.000000E+00,+9.910000E+37,+4.863877E+02,+3.584400E+04
11:04:57,0e0,+3.655533E-01,+1.245000E-04,+9.910000E+37,+4.866123E+02,+3.584400E+04,+3.631836E-01,+1.245000E-04,+9.910000E+37,+4.866787E+02,+3.584400E+04,+3.646418E-01,+1.245000E-04,+9.910000E+37,+4.867461E+02,+3.584400E+04,-1.070373E+00,+0.000000E+00,+9.910000E+37,+4.868115E+02,+3.584400E+04
11:04:57,0e0,+3.737029E-01,+1.389500E-04,+9.910000E+37,+4.870332E+02,+3.584400E+04,+3.724741E-01,+1.389500E-04,+9.910000E+37,+4.871006E+02,+3.584400E+04,+3.723820E-01,+1.389500E-04,+9.910000E+37,+4.871660E+02,+3.584400E+04,-1.160761E+00,+0.000000E+00,+9.910000E+37,+4.872334E+02,+3.584400E+04
11:04:57,0e0,+3.796670E-01,+1.550500E-04,+9.910000E+37,+4.874551E+02,+3.584400E+04,+3.806235E-01,+1.550500E-04,+9.910000E+37,+4.875205E+02,+3.584400E+04,+3.813519E-01,+1.550500E-04,+9.910000E+37,+4.875879E+02,+3.584400E+04,-1.014501E+00,+0.000000E+00,+9.910000E+37,+4.876533E+02,+3.584400E+04
11:04:57,0e0,+3.886823E-01,+1.730000E-04,+9.910000E+37,+4.878740E+02,+3.584400E+04,+3.890015E-01,+1.730000E-04,+9.910000E+37,+4.879404E+02,+3.584400E+04,+3.884998E-01,+1.730000E-04,+9.910000E+37,+4.880068E+02,+3.584400E+04,-1.043598E+00,+0.000000E+00,+9.910000E+37,+4.880732E+02,+3.584400E+04
11:04:57,0e0,+3.973338E-01,+1.930500E-04,+9.910000E+37,+4.882959E+02,+3.584400E+04,+3.971521E-01,+1.930500E-04,+9.910000E+37,+4.883613E+02,+3.584400E+04,+3.967421E-01,+1.930500E-04,+9.910000E+37,+4.884277E+02,+3.584400E+04,-1.124562E+00,+0.000000E+00,+9.910000E+37,+4.884951E+02,+3.584400E+04
11:04:57,0e0,+4.041626E-01,+2.154500E-04,+9.910000E+37,+4.887217E+02,+3.584400E+04,+4.051207E-01,+2.154500E-04,+9.910000E+37,+4.887881E+02,+3.584400E+04,+4.040717E-01,+2.154500E-04,+9.910000E+37,+4.888555E+02,+3.584400E+04,-9.503872E-01,+0.000000E+00,+9.910000E+37,+4.889219E+02,+3.584400E+04
11:04:57,0e0,+4.131327E-01,+2.404000E-04,+9.910000E+37,+4.891484E+02,+3.584400E+04,+4.143631E-01,+2.404000E-04,+9.910000E+37,+4.892148E+02,+3.584400E+04,+4.144998E-01,+2.404000E-04,+9.910000E+37,+4.892822E+02,+3.584400E+04,-1.087859E+00,+0.000000E+00,+9.910000E+37,+4.893477E+02,+3.584400E+04
11:04:57,0e0,+4.236523E-01,+2.682500E-04,+9.910000E+37,+4.895703E+02,+3.584400E+04,+4.230603E-01,+2.682500E-04,+9.910000E+37,+4.896367E+02,+3.584400E+04,+4.231519E-01,+2.682500E-04,+9.910000E+37,+4.897031E+02,+3.584400E+04,-1.114406E+00,+0.000000E+00,+9.910000E+37,+4.897686E+02,+3.584400E+04
11:04:57,0e0,+4.326217E-01,+2.993500E-04,+9.910000E+37,+4.899922E+02,+3.584400E+04,+4.322115E-01,+2.993500E-04,+9.910000E+37,+4.900576E+02,+3.584400E+04,+4.321203E-01,+2.993500E-04,+9.910000E+37,+4.901250E+02,+3.584400E+04,-1.028981E+00,+0.000000E+00,+9.910000E+37,+4.901904E+02,+3.584400E+04
11:04:57,0e0,+4.414084E-01,+3.340500E-04,+9.910000E+37,+4.904170E+02,+3.584400E+04,+4.416370E-01,+3.340500E-04,+9.910000E+37,+4.904834E+02,+3.584400E+04,+4.410904E-01,+3.340500E-04,+9.910000E+37,+4.905498E+02,+3.584400E+04,-1.149286E+00,+0.000000E+00,+9.910000E+37,+4.906152E+02,+3.584400E+04
11:04:57,0e0,+4.517450E-01,+3.727500E-04,+9.910000E+37,+4.908359E+02,+3.584400E+04,+4.519275E-01,+3.727500E-04,+9.910000E+37,+4.909023E+02,+3.584400E+04,+4.521092E-01,+3.727500E-04,+9.910000E+37,+4.909697E+02,+3.584400E+04,-1.115362E+00,+0.000000E+00,+9.910000E+37,+4.910352E+02,+3.584400E+04
11:04:57,0e0,+4.612618E-01,+4.159500E-04,+9.910000E+37,+4.912578E+02,+3.584400E+04,+4.617624E-01,+4.159500E-04,+9.910000E+37,+4.913252E+02,+3.584400E+04,+4.618992E-01,+4.159500E-04,+9.910000E+37,+4.913906E+02,+3.584400E+04,-1.021831E+00,+0.000000E+00,+9.910000E+37,+4.914570E+02,+3.584400E+04
11:04:57,0e0,+4.721446E-01,+4.641500E-04,+9.910000E+37,+4.916787E+02,+3.584400E+04,+4.720528E-01,+4.641500E-04,+9.910000E+37,+4.917451E+02,+3.584400E+04,+4.707314E-01,+4.641500E-04,+9.910000E+37,+4.918125E+02,+3.584400E+04,-1.062632E+00,+0.000000E+00,+9.910000E+37,+4.918779E+02,+3.584400E+04
11:04:57,0e0,+4.825709E-01,+5.179500E-04,+9.910000E+37,+4.920986E+02,+3.584400E+04,+4.822974E-01,+5.179500E-04,+9.910000E+37,+4.921650E+02,+3.584400E+04,+4.828892E-01,+5.179500E-04,+9.910000E+37,+4.922314E+02,+3.584400E+04,-1.133485E+00,+0.000000E+00,+9.910000E+37,+4.922979E+02,+3.584400E+04
11:04:57,0e0,+4.933162E-01,+5.779500E-04,+9.910000E+37,+4.925205E+02,+3.584400E+04,+4.932263E-01,+5.779500E-04,+9.910000E+37,+4.925879E+02,+3.584400E+04,+4.944094E-01,+5.779500E-04,+9.910000E+37,+4.926533E+02,+3.584400E+04,-1.385203E+00,+0.000000E+00,+9.910000E+37,+4.927207E+02,+3.584400E+04
11:04:57,0e0,+5.052924E-01,+6.449500E-04,+9.910000E+37,+4.929414E+02,+3.584400E+04,+5.046101E-01,+6.449500E-04,+9.910000E+37,+4.930088E+02,+3.584400E+04,+5.041991E-01,+6.449500E-04,+9.910000E+37,+4.930752E+02,+3.584400E+04,-1.807956E+00,+0.000000E+00,+9.910000E+37,+4.931426E+02,+3.584400E+04
11:04:57,0e0,+5.161738E-01,+7.197000E-04,+9.910000E+37,+4.933691E+02,+3.584400E+04,+5.166748E-01,+7.197000E-04,+9.910000E+37,+4.934355E+02,+3.584400E+04,+5.174485E-01,+7.197000E-04,+9.910000E+37,+4.935020E+02,+3.584400E+04,-2.380200E+00,+0.000000E+00,+9.910000E+37,+4.935693E+02,+3.584400E+04
11:04:57,0e0,+5.279213E-01,+8.031000E-04,+9.910000E+37,+4.937949E+02,+3.584400E+04,+5.288773E-01,+8.031000E-04,+9.910000E+37,+4.938623E+02,+3.584400E+04,+5.276925E-01,+8.031000E-04,+9.910000E+37,+4.939277E+02,+3.584400E+04,-2.609064E+00,+0.000000E+00,+9.910000E+37,+4.939941E+02,+3.584400E+04
11:04:57,0e0,+5.406708E-01,+8.961500E-04,+9.910000E+37,+4.942168E+02,+3.584400E+04,+5.407611E-01,+8.961500E-04,+9.910000E+37,+4.942842E+02,+3.584400E+04,+5.404412E-01,+8.961500E-04,+9.910000E+37,+4.943506E+02,+3.584400E+04,-2.969972E+00,+0.000000E+00,+9.910000E+37,+4.944180E+02,+3.584400E+04
11:04:57,0e0,+5.536919E-01,+1.000000E-03,+9.910000E+37,+4.946416E+02,+3.584400E+04,+5.532368E-01,+1.000000E-03,+9.910000E+37,+4.947080E+02,+3.584400E+04,+5.541483E-01,+1.000000E-03,+9.910000E+37,+4.947754E+02,+3.584400E+04,-3.509296E+00,+0.000000E+00,+9.910000E+37,+4.948418E+02,+3.584400E+04
11:04:57,0e0,+5.556970E-01,+1.116000E-03,+9.910000E+37,+4.950674E+02,+3.584400E+04,+5.548307E-01,+1.116000E-03,+9.910000E+37,+4.951338E+02,+3.584400E+04,+5.554224E-01,+1.116000E-03,+9.910000E+37,+4.952012E+02,+3.584400E+04,-1.927988E+00,+0.000000E+00,+9.910000E+37,+4.952676E+02,+3.584400E+04
11:04:57,0e0,+5.672142E-01,+1.245000E-03,+9.910000E+37,+4.954912E+02,+3.584400E+04,+5.688094E-01,+1.245000E-03,+9.910000E+37,+4.955576E+02,+3.584400E+04,+5.690376E-01,+1.245000E-03,+9.910000E+37,+4.956250E+02,+3.584400E+04,-1.963732E+00,+0.000000E+00,+9.910000E+37,+4.956914E+02,+3.584400E+04
11:04:57,0e0,+5.827435E-01,+1.389500E-03,+9.910000E+37,+4.959111E+02,+3.584400E+04,+5.832430E-01,+1.389500E-03,+9.910000E+37,+4.959775E+02,+3.584400E+04,+5.823326E-01,+1.389500E-03,+9.910000E+37,+4.960449E+02,+3.584400E+04,-1.987001E+00,+0.000000E+00,+9.910000E+37,+4.961104E+02,+3.584400E+04
11:04:57,0e0,+5.969938E-01,+1.550500E-03,+9.910000E+37,+4.963340E+02,+3.584400E+04,+5.967208E-01,+1.550500E-03,+9.910000E+37,+4.964014E+02,+3.584400E+04,+5.978590E-01,+1.550500E-03,+9.910000E+37,+4.964668E+02,+3.584400E+04,-2.000299E+00,+0.000000E+00,+9.910000E+37,+4.965332E+02,+3.584400E+04
11:04:57,0e0,+6.117468E-01,+1.730000E-03,+9.910000E+37,+4.967539E+02,+3.584400E+04,+6.100605E-01,+1.730000E-03,+9.910000E+37,+4.968213E+02,+3.584400E+04,+6.122926E-01,+1.730000E-03,+9.910000E+37,+4.968867E+02,+3.584400E+04,-1.928718E+00,+0.000000E+00,+9.910000E+37,+4.969541E+02,+3.584400E+04
11:04:57,0e0,+6.282758E-01,+1.930500E-03,+9.910000E+37,+4.971758E+02,+3.584400E+04,+6.285028E-01,+1.930500E-03,+9.910000E+37,+4.972422E+02,+3.584400E+04,+6.272275E-01,+1.930500E-03,+9.910000E+37,+4.973086E+02,+3.584400E+04,-1.979080E+00,+0.000000E+00,+9.910000E+37,+4.973760E+02,+3.584400E+04
11:04:57,0e0,+6.448497E-01,+2.154500E-03,+9.910000E+37,+4.975967E+02,+3.584400E+04,+6.455771E-01,+2.154500E-03,+9.910000E+37,+4.976641E+02,+3.584400E+04,+6.436170E-01,+2.154500E-03,+9.910000E+37,+4.977305E+02,+3.584400E+04,-1.959224E+00,+0.000000E+00,+9.910000E+37,+4.977969E+02,+3.584400E+04
11:04:57,0e0,+6.628338E-01,+2.404000E-03,+9.910000E+37,+4.980186E+02,+3.584400E+04,+6.625610E-01,+2.404000E-03,+9.910000E+37,+4.980840E+02,+3.584400E+04,+6.626061E-01,+2.404000E-03,+9.910000E+37,+4.981514E+02,+3.584400E+04,-1.924983E+00,+0.000000E+00,+9.910000E+37,+4.982168E+02,+3.584400E+04
11:04:57,0e0,+6.820030E-01,+2.682500E-03,+9.910000E+37,+4.984385E+02,+3.584400E+04,+6.813656E-01,+2.682500E-03,+9.910000E+37,+4.985049E+02,+3.584400E+04,+6.807277E-01,+2.682500E-03,+9.910000E+37,+4.985713E+02,+3.584400E+04,-1.963961E+00,+0.000000E+00,+9.910000E+37,+4.986387E+02,+3.584400E+04
11:04:57,0e0,+7.014924E-01,+2.993500E-03,+9.910000E+37,+4.988633E+02,+3.584400E+04,+6.998979E-01,+2.993500E-03,+9.910000E+37,+4.989307E+02,+3.584400E+04,+6.998053E-01,+2.993500E-03,+9.910000E+37,+4.989980E+02,+3.584400E+04,-1.930036E+00,+0.000000E+00,+9.910000E+37,+4.990635E+02,+3.584400E+04
11:04:57,0e0,+7.210255E-01,+3.340500E-03,+9.910000E+37,+4.992871E+02,+3.584400E+04,+7.213427E-01,+3.340500E-03,+9.910000E+37,+4.993525E+02,+3.584400E+04,+7.203428E-01,+3.340500E-03,+9.910000E+37,+4.994189E+02,+3.584400E+04,-2.021835E+00,+0.000000E+00,+9.910000E+37,+4.994854E+02,+3.584400E+04
11:04:57,0e0,+7.432443E-01,+3.727500E-03,+9.910000E+37,+4.997090E+02,+3.584400E+04,+7.423331E-01,+3.727500E-03,+9.910000E+37,+4.997764E+02,+3.584400E+04,+7.420602E-01,+3.727500E-03,+9.910000E+37,+4.998418E+02,+3.584400E+04,-1.914419E+00,+0.000000E+00,+9.910000E+37,+4.999092E+02,+3.584400E+04
11:04:57,0e0,+7.653747E-01,+4.159500E-03,+9.910000E+37,+5.001357E+02,+3.584400E+04,+7.653278E-01,+4.159500E-03,+9.910000E+37,+5.002021E+02,+3.584400E+04,+7.653282E-01,+4.159500E-03,+9.910000E+37,+5.002695E+02,+3.584400E+04,-1.890239E+00,+0.000000E+00,+9.910000E+37,+5.003359E+02,+3.584400E+04
11:04:57,0e0,+7.900072E-01,+4.641500E-03,+9.910000E+37,+5.005586E+02,+3.584400E+04,+7.883196E-01,+4.641500E-03,+9.910000E+37,+5.006260E+02,+3.584400E+04,+7.886834E-01,+4.641500E-03,+9.910000E+37,+5.006914E+02,+3.584400E+04,-1.957948E+00,+0.000000E+00,+9.910000E+37,+5.007588E+02,+3.584400E+04
11:04:57,0e0,+8.151400E-01,+5.179500E-03,+9.910000E+37,+5.009805E+02,+3.584400E+04,+8.136348E-01,+5.179500E-03,+9.910000E+37,+5.010459E+02,+3.584400E+04,+8.158689E-01,+5.179500E-03,+9.910000E+37,+5.011123E+02,+3.584400E+04,-1.899300E+00,+0.000000E+00,+9.910000E+37,+5.011787E+02,+3.584400E+04
11:04:57,0e0,+8.430085E-01,+5.779500E-03,+9.910000E+37,+5.014062E+02,+3.584400E+04,+8.432794E-01,+5.779500E-03,+9.910000E+37,+5.014727E+02,+3.584400E+04,+8.417753E-01,+5.779500E-03,+9.910000E+37,+5.015391E+02,+3.584400E+04,-1.934134E+00,+0.000000E+00,+9.910000E+37,+5.016055E+02,+3.584400E+04
11:04:57,0e0,+8.722829E-01,+6.449500E-03,+9.910000E+37,+5.018281E+02,+3.584400E+04,+8.721923E-01,+6.449500E-03,+9.910000E+37,+5.018945E+02,+3.584400E+04,+8.715539E-01,+6.449500E-03,+9.910000E+37,+5.019619E+02,+3.584400E+04,-1.881450E+00,+0.000000E+00,+9.910000E+37,+5.020273E+02,+3.584400E+04
11:04:57,0e0,+9.029728E-01,+7.197000E-03,+9.910000E+37,+5.022490E+02,+3.584400E+04,+9.014701E-01,+7.197000E-03,+9.910000E+37,+5.023154E+02,+3.584400E+04,+9.017441E-01,+7.197000E-03,+9.910000E+37,+5.023818E+02,+3.584400E+04,-1.883680E+00,+0.000000E+00,+9.910000E+37,+5.024492E+02,+3.584400E+04
11:04:57,0e0,+9.353001E-01,+8.031000E-03,+9.910000E+37,+5.026719E+02,+3.584400E+04,+9.350266E-01,+8.031000E-03,+9.910000E+37,+5.027383E+02,+3.584400E+04,+9.347539E-01,+8.031000E-03,+9.910000E+37,+5.028057E+02,+3.584400E+04,-1.914963E+00,+0.000000E+00,+9.910000E+37,+5.028721E+02,+3.584400E+04
11:04:57,0e0,+9.689952E-01,+8.961500E-03,+9.910000E+37,+5.030957E+02,+3.584400E+04,+9.700420E-01,+8.961500E-03,+9.910000E+37,+5.031631E+02,+3.584400E+04,+9.695423E-01,+8.961500E-03,+9.910000E+37,+5.032285E+02,+3.584400E+04,-1.932813E+00,+0.000000E+00,+9.910000E+37,+5.032959E+02,+3.584400E+04
