11:20:33,0e0,+9.700060E-03,+1.000000E-07,+9.910000E+37,+1.377448E+03,+3.584400E+04,+1.065624E-02,+1.000000E-07,+9.910000E+37,+1.377515E+03,+3.584400E+04,+8.880153E-03,+1.000000E-07,+9.910000E+37,+1.377582E+03,+3.584400E+04,-7.282779E-03,+0.000000E+00,+9.910000E+37,+1.377647E+03,+3.584400E+04
11:20:33,0e0,+1.106556E-02,+1.116000E-07,+9.910000E+37,+1.377871E+03,+3.584400E+04,+1.170331E-02,+1.116000E-07,+9.910000E+37,+1.377937E+03,+3.584400E+04,+1.120231E-02,+1.116000E-07,+9.910000E+37,+1.378004E+03,+3.584400E+04,-7.783771E-03,+0.000000E+00,+9.910000E+37,+1.378070E+03,+3.584400E+04
11:20:33,0e0,+1.347901E-02,+1.245000E-07,+9.910000E+37,+1.378295E+03,+3.584400E+04,+1.502712E-02,+1.245000E-07,+9.910000E+37,+1.378361E+03,+3.584400E+04,+1.311432E-02,+1.245000E-07,+9.910000E+37,+1.378428E+03,+3.584400E+04,-6.553963E-03,+0.000000E+00,+9.910000E+37,+1.378494E+03,+3.584400E+04
11:20:33,0e0,+1.584660E-02,+1.389500E-07,+9.910000E+37,+1.378717E+03,+3.584400E+04,+1.684794E-02,+1.389500E-07,+9.910000E+37,+1.378784E+03,+3.584400E+04,+1.625623E-02,+1.389500E-07,+9.910000E+37,+1.378852E+03,+3.584400E+04,-6.781727E-03,+0.000000E+00,+9.910000E+37,+1.378917E+03,+3.584400E+04
11:20:33,0e0,+2.039969E-02,+1.550500E-07,+9.910000E+37,+1.379142E+03,+3.584400E+04,+1.766740E-02,+1.550500E-07,+9.910000E+37,+1.379209E+03,+3.584400E+04,+1.935242E-02,+1.550500E-07,+9.910000E+37,+1.379276E+03,+3.584400E+04,-5.916655E-03,+0.000000E+00,+9.910000E+37,+1.379342E+03,+3.584400E+04
11:20:33,0e0,+2.108224E-02,+1.730000E-07,+9.910000E+37,+1.379567E+03,+3.584400E+04,+2.217489E-02,+1.730000E-07,+9.910000E+37,+1.379634E+03,+3.584400E+04,+2.171995E-02,+1.730000E-07,+9.910000E+37,+1.379700E+03,+3.584400E+04,-6.690577E-03,+0.000000E+00,+9.910000E+37,+1.379767E+03,+3.584400E+04
11:20:33,0e0,+2.504373E-02,+1.930500E-07,+9.910000E+37,+1.379992E+03,+3.584400E+04,+2.531686E-02,+1.930500E-07,+9.910000E+37,+1.380060E+03,+3.584400E+04,+2.495262E-02,+1.930500E-07,+9.910000E+37,+1.380127E+03,+3.584400E+04,-7.965982E-03,+0.000000E+00,+9.910000E+37,+1.380193E+03,+3.584400E+04
11:20:33,0e0,+2.964267E-02,+2.154500E-07,+9.910000E+37,+1.380417E+03,+3.584400E+04,+2.859494E-02,+2.154500E-07,+9.910000E+37,+1.380483E+03,+3.584400E+04,+2.932349E-02,+2.154500E-07,+9.910000E+37,+1.380550E+03,+3.584400E+04,-6.144270E-03,+0.000000E+00,+9.910000E+37,+1.380617E+03,+3.584400E+04
11:20:33,0e0,+3.246495E-02,+2.404000E-07,+9.910000E+37,+1.380842E+03,+3.584400E+04,+3.328452E-02,+2.404000E-07,+9.910000E+37,+1.380908E+03,+3.584400E+04,+3.246444E-02,+2.404000E-07,+9.910000E+37,+1.380976E+03,+3.584400E+04,-5.962208E-03,+0.000000E+00,+9.910000E+37,+1.381041E+03,+3.584400E+04
11:20:33,0e0,+3.738225E-02,+2.682500E-07,+9.910000E+37,+1.381267E+03,+3.584400E+04,+3.615266E-02,+2.682500E-07,+9.910000E+37,+1.381333E+03,+3.584400E+04,+3.651723E-02,+2.682500E-07,+9.910000E+37,+1.381399E+03,+3.584400E+04,-6.098777E-03,+0.000000E+00,+9.910000E+37,+1.381467E+03,+3.584400E+04
11:20:33,0e0,+4.398397E-02,+2.993500E-07,+9.910000E+37,+1.381692E+03,+3.584400E+04,+4.202625E-02,+2.993500E-07,+9.910000E+37,+1.381760E+03,+3.584400E+04,+4.302797E-02,+2.993500E-07,+9.910000E+37,+1.381827E+03,+3.584400E+04,-7.510498E-03,+0.000000E+00,+9.910000E+37,+1.381893E+03,+3.584400E+04
11:20:33,0e0,+4.717082E-02,+3.340500E-07,+9.910000E+37,+1.382118E+03,+3.584400E+04,+4.671535E-02,+3.340500E-07,+9.910000E+37,+1.382184E+03,+3.584400E+04,+4.758057E-02,+3.340500E-07,+9.910000E+37,+1.382250E+03,+3.584400E+04,-5.779862E-03,+0.000000E+00,+9.910000E+37,+1.382316E+03,+3.584400E+04
11:20:33,0e0,+5.536699E-02,+3.727500E-07,+9.910000E+37,+1.382542E+03,+3.584400E+04,+5.258891E-02,+3.727500E-07,+9.910000E+37,+1.382608E+03,+3.584400E+04,+5.459258E-02,+3.727500E-07,+9.910000E+37,+1.382676E+03,+3.584400E+04,-6.508574E-03,+0.000000E+00,+9.910000E+37,+1.382742E+03,+3.584400E+04
11:20:33,0e0,+6.055701E-02,+4.159500E-07,+9.910000E+37,+1.382966E+03,+3.584400E+04,+5.964568E-02,+4.159500E-07,+9.910000E+37,+1.383031E+03,+3.584400E+04,+6.014711E-02,+4.159500E-07,+9.910000E+37,+1.383098E+03,+3.584400E+04,-6.371796E-03,+0.000000E+00,+9.910000E+37,+1.383164E+03,+3.584400E+04
11:20:33,0e0,+6.679392E-02,+4.641500E-07,+9.910000E+37,+1.383389E+03,+3.584400E+04,+6.656632E-02,+4.641500E-07,+9.910000E+37,+1.383456E+03,+3.584400E+04,+6.870675E-02,+4.641500E-07,+9.910000E+37,+1.383521E+03,+3.584400E+04,-5.279213E-03,+0.000000E+00,+9.910000E+37,+1.383588E+03,+3.584400E+04
11:20:33,0e0,+7.562691E-02,+5.179500E-07,+9.910000E+37,+1.383811E+03,+3.584400E+04,+7.635576E-02,+5.179500E-07,+9.910000E+37,+1.383878E+03,+3.584400E+04,+7.658359E-02,+5.179500E-07,+9.910000E+37,+1.383945E+03,+3.584400E+04,-7.191584E-03,+0.000000E+00,+9.910000E+37,+1.384012E+03,+3.584400E+04
11:20:33,0e0,+8.414078E-02,+5.779500E-07,+9.910000E+37,+1.384236E+03,+3.584400E+04,+8.450603E-02,+5.779500E-07,+9.910000E+37,+1.384303E+03,+3.584400E+04,+8.409569E-02,+5.779500E-07,+9.910000E+37,+1.384369E+03,+3.584400E+04,-4.960388E-03,+0.000000E+00,+9.910000E+37,+1.384435E+03,+3.584400E+04
11:20:33,0e0,+9.324664E-02,+6.449500E-07,+9.910000E+37,+1.384660E+03,+3.584400E+04,+9.461328E-02,+6.449500E-07,+9.910000E+37,+1.384727E+03,+3.584400E+04,+9.474969E-02,+6.449500E-07,+9.910000E+37,+1.384794E+03,+3.584400E+04,-8.057132E-03,+0.000000E+00,+9.910000E+37,+1.384860E+03,+3.584400E+04
11:20:33,0e0,+1.049946E-01,+7.197000E-07,+9.910000E+37,+1.385085E+03,+3.584400E+04,+1.059956E-01,+7.197000E-07,+9.910000E+37,+1.385151E+03,+3.584400E+04,+1.059045E-01,+7.197000E-07,+9.910000E+37,+1.385219E+03,+3.584400E+04,-7.100672E-03,+0.000000E+00,+9.910000E+37,+1.385284E+03,+3.584400E+04
11:20:33,0e0,+1.183798E-01,+8.031000E-07,+9.910000E+37,+1.385509E+03,+3.584400E+04,+1.177879E-01,+8.031000E-07,+9.910000E+37,+1.385575E+03,+3.584400E+04,+1.145999E-01,+8.031000E-07,+9.910000E+37,+1.385643E+03,+3.584400E+04,-7.237211E-03,+0.000000E+00,+9.910000E+37,+1.385708E+03,+3.584400E+04
11:20:33,0e0,+1.291703E-01,+8.961500E-07,+9.910000E+37,+1.385934E+03,+3.584400E+04,+1.284867E-01,+8.961500E-07,+9.910000E+37,+1.386000E+03,+3.584400E+04,+1.292615E-01,+8.961500E-07,+9.910000E+37,+1.386066E+03,+3.584400E+04,-7.328004E-03,+0.000000E+00,+9.910000E+37,+1.386134E+03,+3.584400E+04
11:20:33,0e0,+1.421004E-01,+1.000000E-06,+9.910000E+37,+1.386357E+03,+3.584400E+04,+1.443774E-01,+1.000000E-06,+9.910000E+37,+1.386423E+03,+3.584400E+04,+1.423278E-01,+1.000000E-06,+9.910000E+37,+1.386489E+03,+3.584400E+04,-8.648857E-03,+0.000000E+00,+9.910000E+37,+1.386557E+03,+3.584400E+04
11:20:33,0e0,+1.471546E-01,+1.116000E-06,+9.910000E+37,+1.386781E+03,+3.584400E+04,+1.464719E-01,+1.116000E-06,+9.910000E+37,+1.386849E+03,+3.584400E+04,+1.461525E-01,+1.116000E-06,+9.910000E+37,+1.386914E+03,+3.584400E+04,-8.056954E-03,+0.000000E+00,+9.910000E+37,+1.386980E+03,+3.584400E+04
11:20:33,0e0,+1.604030E-01,+1.245000E-06,+9.910000E+37,+1.387207E+03,+3.584400E+04,+1.630454E-01,+1.245000E-06,+9.910000E+37,+1.387272E+03,+3.584400E+04,+1.626810E-01,+1.245000E-06,+9.910000E+37,+1.387340E+03,+3.584400E+04,-7.737890E-03,+0.000000E+00,+9.910000E+37,+1.387406E+03,+3.584400E+04
11:20:33,0e0,+1.784785E-01,+1.389500E-06,+9.910000E+37,+1.387632E+03,+3.584400E+04,+1.780689E-01,+1.389500E-06,+9.910000E+37,+1.387698E+03,+3.584400E+04,+1.793897E-01,+1.389500E-06,+9.910000E+37,+1.387766E+03,+3.584400E+04,-7.328063E-03,+0.000000E+00,+9.910000E+37,+1.387831E+03,+3.584400E+04
11:20:33,0e0,+1.988308E-01,+1.550500E-06,+9.910000E+37,+1.388058E+03,+3.584400E+04,+1.982391E-01,+1.550500E-06,+9.910000E+37,+1.388123E+03,+3.584400E+04,+1.963716E-01,+1.550500E-06,+9.910000E+37,+1.388189E+03,+3.584400E+04,-7.783830E-03,+0.000000E+00,+9.910000E+37,+1.388257E+03,+3.584400E+04
11:20:33,0e0,+2.175886E-01,+1.730000E-06,+9.910000E+37,+1.388481E+03,+3.584400E+04,+2.186822E-01,+1.730000E-06,+9.910000E+37,+1.388549E+03,+3.584400E+04,+2.181810E-01,+1.730000E-06,+9.910000E+37,+1.388614E+03,+3.584400E+04,-7.328197E-03,+0.000000E+00,+9.910000E+37,+1.388681E+03,+3.584400E+04
11:20:33,0e0,+2.390333E-01,+1.930500E-06,+9.910000E+37,+1.388907E+03,+3.584400E+04,+2.391699E-01,+1.930500E-06,+9.910000E+37,+1.388973E+03,+3.584400E+04,+2.395346E-01,+1.930500E-06,+9.910000E+37,+1.389039E+03,+3.584400E+04,-5.734578E-03,+0.000000E+00,+9.910000E+37,+1.389105E+03,+3.584400E+04
11:20:33,0e0,+2.622534E-01,+2.154500E-06,+9.910000E+37,+1.389330E+03,+3.584400E+04,+2.627542E-01,+2.154500E-06,+9.910000E+37,+1.389397E+03,+3.584400E+04,+2.617978E-01,+2.154500E-06,+9.910000E+37,+1.389463E+03,+3.584400E+04,-8.739889E-03,+0.000000E+00,+9.910000E+37,+1.389529E+03,+3.584400E+04
11:20:33,0e0,+2.887062E-01,+2.404000E-06,+9.910000E+37,+1.389755E+03,+3.584400E+04,+2.899364E-01,+2.404000E-06,+9.910000E+37,+1.389822E+03,+3.584400E+04,+2.880685E-01,+2.404000E-06,+9.910000E+37,+1.389888E+03,+3.584400E+04,-8.694440E-03,+0.000000E+00,+9.910000E+37,+1.389954E+03,+3.584400E+04
11:20:33,0e0,+3.179839E-01,+2.682500E-06,+9.910000E+37,+1.390177E+03,+3.584400E+04,+3.172540E-01,+2.682500E-06,+9.910000E+37,+1.390243E+03,+3.584400E+04,+3.180739E-01,+2.682500E-06,+9.910000E+37,+1.390310E+03,+3.584400E+04,-7.510170E-03,+0.000000E+00,+9.910000E+37,+1.390377E+03,+3.584400E+04
11:20:33,0e0,+3.489429E-01,+2.993500E-06,+9.910000E+37,+1.390603E+03,+3.584400E+04,+3.466653E-01,+2.993500E-06,+9.910000E+37,+1.390669E+03,+3.584400E+04,+3.475758E-01,+2.993500E-06,+9.910000E+37,+1.390736E+03,+3.584400E+04,-6.462961E-03,+0.000000E+00,+9.910000E+37,+1.390803E+03,+3.584400E+04
11:20:33,0e0,+3.824081E-01,+3.340500E-06,+9.910000E+37,+1.391027E+03,+3.584400E+04,+3.807669E-01,+3.340500E-06,+9.910000E+37,+1.391094E+03,+3.584400E+04,+3.821797E-01,+3.340500E-06,+9.910000E+37,+1.391161E+03,+3.584400E+04,-9.605154E-03,+0.000000E+00,+9.910000E+37,+1.391227E+03,+3.584400E+04
11:20:33,0e0,+4.189664E-01,+3.727500E-06,+9.910000E+37,+1.391452E+03,+3.584400E+04,+4.182848E-01,+3.727500E-06,+9.910000E+37,+1.391518E+03,+3.584400E+04,+4.204247E-01,+3.727500E-06,+9.910000E+37,+1.391584E+03,+3.584400E+04,-6.872654E-03,+0.000000E+00,+9.910000E+37,+1.391650E+03,+3.584400E+04
11:20:33,0e0,+4.583960E-01,+4.159500E-06,+9.910000E+37,+1.391876E+03,+3.584400E+04,+4.590795E-01,+4.159500E-06,+9.910000E+37,+1.391943E+03,+3.584400E+04,+4.576671E-01,+4.159500E-06,+9.910000E+37,+1.392009E+03,+3.584400E+04,-6.554067E-03,+0.000000E+00,+9.910000E+37,+1.392076E+03,+3.584400E+04
11:20:33,0e0,+5.021040E-01,+4.641500E-06,+9.910000E+37,+1.392300E+03,+3.584400E+04,+5.031517E-01,+4.641500E-06,+9.910000E+37,+1.392366E+03,+3.584400E+04,+5.021964E-01,+4.641500E-06,+9.910000E+37,+1.392433E+03,+3.584400E+04,-6.508857E-03,+0.000000E+00,+9.910000E+37,+1.392499E+03,+3.584400E+04
11:20:33,0e0,+5.500934E-01,+5.179500E-06,+9.910000E+37,+1.392722E+03,+3.584400E+04,+5.503212E-01,+5.179500E-06,+9.910000E+37,+1.392789E+03,+3.584400E+04,+5.515050E-01,+5.179500E-06,+9.910000E+37,+1.392854E+03,+3.584400E+04,-7.510260E-03,+0.000000E+00,+9.910000E+37,+1.392922E+03,+3.584400E+04
11:20:33,0e0,+6.025912E-01,+5.779500E-06,+9.910000E+37,+1.393145E+03,+3.584400E+04,+6.025440E-01,+5.779500E-06,+9.910000E+37,+1.393211E+03,+3.584400E+04,+6.017683E-01,+5.779500E-06,+9.910000E+37,+1.393278E+03,+3.584400E+04,-7.601082E-03,+0.000000E+00,+9.910000E+37,+1.393344E+03,+3.584400E+04
11:20:33,0e0,+6.610961E-01,+6.449500E-06,+9.910000E+37,+1.393569E+03,+3.584400E+04,+6.589997E-01,+6.449500E-06,+9.910000E+37,+1.393636E+03,+3.584400E+04,+6.608682E-01,+6.449500E-06,+9.910000E+37,+1.393702E+03,+3.584400E+04,-7.146135E-03,+0.000000E+00,+9.910000E+37,+1.393769E+03,+3.584400E+04
11:20:33,0e0,+7.223325E-01,+7.197000E-06,+9.910000E+37,+1.393993E+03,+3.584400E+04,+7.216024E-01,+7.197000E-06,+9.910000E+37,+1.394060E+03,+3.584400E+04,+7.228339E-01,+7.197000E-06,+9.910000E+37,+1.394127E+03,+3.584400E+04,-8.011177E-03,+0.000000E+00,+9.910000E+37,+1.394192E+03,+3.584400E+04
11:20:33,0e0,+7.904018E-01,+8.031000E-06,+9.910000E+37,+1.394418E+03,+3.584400E+04,+7.893521E-01,+8.031000E-06,+9.910000E+37,+1.394485E+03,+3.584400E+04,+7.899899E-01,+8.031000E-06,+9.910000E+37,+1.394553E+03,+3.584400E+04,-8.284807E-03,+0.000000E+00,+9.910000E+37,+1.394618E+03,+3.584400E+04
11:20:33,0e0,+8.637503E-01,+8.961500E-06,+9.910000E+37,+1.394844E+03,+3.584400E+04,+8.612881E-01,+8.961500E-06,+9.910000E+37,+1.394910E+03,+3.584400E+04,+8.622459E-01,+8.961500E-06,+9.910000E+37,+1.394977E+03,+3.584400E+04,-6.918386E-03,+0.000000E+00,+9.910000E+37,+1.395042E+03,+3.584400E+04
11:20:33,0e0,+9.404193E-01,+1.000000E-05,+9.910000E+37,+1.395265E+03,+3.584400E+04,+9.396900E-01,+1.000000E-05,+9.910000E+37,+1.395331E+03,+3.584400E+04,+9.408303E-01,+1.000000E-05,+9.910000E+37,+1.395398E+03,+3.584400E+04,-7.555902E-03,+0.000000E+00,+9.910000E+37,+1.395466E+03,+3.584400E+04
11:20:33,0e0,+1.013450E+00,+1.116000E-05,+9.910000E+37,+1.395685E+03,+3.584400E+04,+1.014909E+00,+1.116000E-05,+9.910000E+37,+1.395752E+03,+3.584400E+04,+1.013132E+00,+1.116000E-05,+9.910000E+37,+1.395817E+03,+3.584400E+04,-1.001492E-02,+0.000000E+00,+9.910000E+37,+1.395885E+03,+3.584400E+04
11:20:33,0e0,+1.103919E+00,+1.245000E-05,+9.910000E+37,+1.396104E+03,+3.584400E+04,+1.103100E+00,+1.245000E-05,+9.910000E+37,+1.396170E+03,+3.584400E+04,+1.102823E+00,+1.245000E-05,+9.910000E+37,+1.396236E+03,+3.584400E+04,-9.286106E-03,+0.000000E+00,+9.910000E+37,+1.396305E+03,+3.584400E+04
11:20:33,0e0,+1.199670E+00,+1.389500E-05,+9.910000E+37,+1.396522E+03,+3.584400E+04,+1.199167E+00,+1.389500E-05,+9.910000E+37,+1.396588E+03,+3.584400E+04,+1.199621E+00,+1.389500E-05,+9.910000E+37,+1.396656E+03,+3.584400E+04,-7.920086E-03,+0.000000E+00,+9.910000E+37,+1.396728E+03,+3.584400E+04
11:20:33,0e0,+1.301609E+00,+1.550500E-05,+9.910000E+37,+1.396950E+03,+3.584400E+04,+1.300835E+00,+1.550500E-05,+9.910000E+37,+1.397016E+03,+3.584400E+04,+1.300789E+00,+1.550500E-05,+9.910000E+37,+1.397083E+03,+3.584400E+04,-9.285823E-03,+0.000000E+00,+9.910000E+37,+1.397155E+03,+3.584400E+04
11:20:33,0e0,+1.408421E+00,+1.730000E-05,+9.910000E+37,+1.397374E+03,+3.584400E+04,+1.408421E+00,+1.730000E-05,+9.910000E+37,+1.397441E+03,+3.584400E+04,+1.408878E+00,+1.730000E-05,+9.910000E+37,+1.397508E+03,+3.584400E+04,-8.420885E-03,+0.000000E+00,+9.910000E+37,+1.397579E+03,+3.584400E+04
11:20:33,0e0,+1.523841E+00,+1.930500E-05,+9.910000E+37,+1.397800E+03,+3.584400E+04,+1.521563E+00,+1.930500E-05,+9.910000E+37,+1.397866E+03,+3.584400E+04,+1.522111E+00,+1.930500E-05,+9.910000E+37,+1.397934E+03,+3.584400E+04,-9.468094E-03,+0.000000E+00,+9.910000E+37,+1.398002E+03,+3.584400E+04
11:20:33,0e0,+1.640260E+00,+2.154500E-05,+9.910000E+37,+1.398222E+03,+3.584400E+04,+1.639938E+00,+2.154500E-05,+9.910000E+37,+1.398288E+03,+3.584400E+04,+1.640718E+00,+2.154500E-05,+9.910000E+37,+1.398354E+03,+3.584400E+04,-9.559169E-03,+0.000000E+00,+9.910000E+37,+1.398425E+03,+3.584400E+04
11:20:33,0e0,+1.765102E+00,+2.404000E-05,+9.910000E+37,+1.398646E+03,+3.584400E+04,+1.765238E+00,+2.404000E-05,+9.910000E+37,+1.398714E+03,+3.584400E+04,+1.764876E+00,+2.404000E-05,+9.910000E+37,+1.398779E+03,+3.584400E+04,-8.921832E-03,+0.000000E+00,+9.910000E+37,+1.398849E+03,+3.584400E+04
11:20:33,0e0,+1.893996E+00,+2.682500E-05,+9.910000E+37,+1.399067E+03,+3.584400E+04,+1.892855E+00,+2.682500E-05,+9.910000E+37,+1.399133E+03,+3.584400E+04,+1.894635E+00,+2.682500E-05,+9.910000E+37,+1.399200E+03,+3.584400E+04,-8.147866E-03,+0.000000E+00,+9.910000E+37,+1.399270E+03,+3.584400E+04
11:20:33,0e0,+2.027941E+00,+2.993500E-05,+9.910000E+37,+1.399492E+03,+3.584400E+04,+2.027991E+00,+2.993500E-05,+9.910000E+37,+1.399560E+03,+3.584400E+04,+2.027396E+00,+2.993500E-05,+9.910000E+37,+1.399625E+03,+3.584400E+04,-9.058565E-03,+0.000000E+00,+9.910000E+37,+1.399697E+03,+3.584400E+04
11:20:33,0e0,+2.167996E+00,+3.340500E-05,+9.910000E+37,+1.399922E+03,+3.584400E+04,+2.166858E+00,+3.340500E-05,+9.910000E+37,+1.399987E+03,+3.584400E+04,+2.167951E+00,+3.340500E-05,+9.910000E+37,+1.400055E+03,+3.584400E+04,-8.648798E-03,+0.000000E+00,+9.910000E+37,+1.400122E+03,+3.584400E+04
11:20:33,0e0,+2.311186E+00,+3.727500E-05,+9.910000E+37,+1.400343E+03,+3.584400E+04,+2.310227E+00,+3.727500E-05,+9.910000E+37,+1.400409E+03,+3.584400E+04,+2.311690E+00,+3.727500E-05,+9.910000E+37,+1.400476E+03,+3.584400E+04,-8.238524E-03,+0.000000E+00,+9.910000E+37,+1.400547E+03,+3.584400E+04
11:20:33,0e0,+2.460706E+00,+4.159500E-05,+9.910000E+37,+1.400768E+03,+3.584400E+04,+2.459431E+00,+4.159500E-05,+9.910000E+37,+1.400833E+03,+3.584400E+04,+2.458561E+00,+4.159500E-05,+9.910000E+37,+1.400900E+03,+3.584400E+04,-8.739665E-03,+0.000000E+00,+9.910000E+37,+1.400971E+03,+3.584400E+04
11:20:33,0e0,+2.613686E+00,+4.641500E-05,+9.910000E+37,+1.401192E+03,+3.584400E+04,+2.613460E+00,+4.641500E-05,+9.910000E+37,+1.401259E+03,+3.584400E+04,+2.612824E+00,+4.641500E-05,+9.910000E+37,+1.401326E+03,+3.584400E+04,-8.876473E-03,+0.000000E+00,+9.910000E+37,+1.401396E+03,+3.584400E+04
11:20:33,0e0,+2.772407E+00,+5.179500E-05,+9.910000E+37,+1.401617E+03,+3.584400E+04,+2.772176E+00,+5.179500E-05,+9.910000E+37,+1.401685E+03,+3.584400E+04,+2.771674E+00,+5.179500E-05,+9.910000E+37,+1.401750E+03,+3.584400E+04,-7.783309E-03,+0.000000E+00,+9.910000E+37,+1.401822E+03,+3.584400E+04
11:20:33,0e0,+2.935487E+00,+5.779500E-05,+9.910000E+37,+1.402044E+03,+3.584400E+04,+2.934899E+00,+5.779500E-05,+9.910000E+37,+1.402110E+03,+3.584400E+04,+2.934211E+00,+5.779500E-05,+9.910000E+37,+1.402177E+03,+3.584400E+04,-8.193538E-03,+0.000000E+00,+9.910000E+37,+1.402246E+03,+3.584400E+04
11:20:33,0e0,+3.104769E+00,+6.449500E-05,+9.910000E+37,+1.402471E+03,+3.584400E+04,+3.103907E+00,+6.449500E-05,+9.910000E+37,+1.402537E+03,+3.584400E+04,+3.104314E+00,+6.449500E-05,+9.910000E+37,+1.402604E+03,+3.584400E+04,-8.466527E-03,+0.000000E+00,+9.910000E+37,+1.402672E+03,+3.584400E+04
11:20:33,0e0,+3.277418E+00,+7.197000E-05,+9.910000E+37,+1.402895E+03,+3.584400E+04,+3.276417E+00,+7.197000E-05,+9.910000E+37,+1.402962E+03,+3.584400E+04,+3.276784E+00,+7.197000E-05,+9.910000E+37,+1.403027E+03,+3.584400E+04,-8.876339E-03,+0.000000E+00,+9.910000E+37,+1.403097E+03,+3.584400E+04
11:20:33,0e0,+3.456306E+00,+8.031000E-05,+9.910000E+37,+1.403320E+03,+3.584400E+04,+3.454484E+00,+8.031000E-05,+9.910000E+37,+1.403388E+03,+3.584400E+04,+3.453984E+00,+8.031000E-05,+9.910000E+37,+1.403453E+03,+3.584400E+04,-8.512065E-03,+0.000000E+00,+9.910000E+37,+1.403521E+03,+3.584400E+04
11:20:33,0e0,+3.637555E+00,+8.961500E-05,+9.910000E+37,+1.403741E+03,+3.584400E+04,+3.636195E+00,+8.961500E-05,+9.910000E+37,+1.403809E+03,+3.584400E+04,+3.637835E+00,+8.961500E-05,+9.910000E+37,+1.403874E+03,+3.584400E+04,-7.919967E-03,+0.000000E+00,+9.910000E+37,+1.403945E+03,+3.584400E+04
11:20:33,0e0,+3.825051E+00,+1.000000E-04,+9.910000E+37,+1.404156E+03,+3.584400E+04,+3.825150E+00,+1.000000E-04,+9.910000E+37,+1.404229E+03,+3.584400E+04,+3.825872E+00,+1.000000E-04,+9.910000E+37,+1.404296E+03,+3.584400E+04,-7.601306E-03,+0.000000E+00,+9.910000E+37,+1.404361E+03,+3.584400E+04
11:20:33,0e0,+4.006216E+00,+1.116000E-04,+9.910000E+37,+1.404578E+03,+3.584400E+04,+4.004029E+00,+1.116000E-04,+9.910000E+37,+1.404646E+03,+3.584400E+04,+4.003809E+00,+1.116000E-04,+9.910000E+37,+1.404712E+03,+3.584400E+04,-1.488619E-02,+0.000000E+00,+9.910000E+37,+1.404778E+03,+3.584400E+04
11:20:33,0e0,+4.198214E+00,+1.245000E-04,+9.910000E+37,+1.405000E+03,+3.584400E+04,+4.197393E+00,+1.245000E-04,+9.910000E+37,+1.405067E+03,+3.584400E+04,+4.197622E+00,+1.245000E-04,+9.910000E+37,+1.405133E+03,+3.584400E+04,-1.479526E-02,+0.000000E+00,+9.910000E+37,+1.405199E+03,+3.584400E+04
11:20:33,0e0,+4.395857E+00,+1.389500E-04,+9.910000E+37,+1.405424E+03,+3.584400E+04,+4.393768E+00,+1.389500E-04,+9.910000E+37,+1.405489E+03,+3.584400E+04,+4.395311E+00,+1.389500E-04,+9.910000E+37,+1.405556E+03,+3.584400E+04,-1.452212E-02,+0.000000E+00,+9.910000E+37,+1.405622E+03,+3.584400E+04
11:20:33,0e0,+4.594323E+00,+1.550500E-04,+9.910000E+37,+1.405845E+03,+3.584400E+04,+4.593275E+00,+1.550500E-04,+9.910000E+37,+1.405911E+03,+3.584400E+04,+4.594192E+00,+1.550500E-04,+9.910000E+37,+1.405978E+03,+3.584400E+04,-1.393002E-02,+0.000000E+00,+9.910000E+37,+1.406044E+03,+3.584400E+04
11:20:33,0e0,+4.795566E+00,+1.730000E-04,+9.910000E+37,+1.406269E+03,+3.584400E+04,+4.794016E+00,+1.730000E-04,+9.910000E+37,+1.406335E+03,+3.584400E+04,+4.794063E+00,+1.730000E-04,+9.910000E+37,+1.406402E+03,+3.584400E+04,-1.370254E-02,+0.000000E+00,+9.910000E+37,+1.406468E+03,+3.584400E+04
11:20:33,0e0,+4.993888E+00,+1.930500E-04,+9.910000E+37,+1.406688E+03,+3.584400E+04,+4.993020E+00,+1.930500E-04,+9.910000E+37,+1.406756E+03,+3.584400E+04,+4.993060E+00,+1.930500E-04,+9.910000E+37,+1.406822E+03,+3.584400E+04,-1.552366E-02,+0.000000E+00,+9.910000E+37,+1.406889E+03,+3.584400E+04
11:20:33,0e0,+5.192811E+00,+2.154500E-04,+9.910000E+37,+1.407110E+03,+3.584400E+04,+5.193954E+00,+2.154500E-04,+9.910000E+37,+1.407178E+03,+3.584400E+04,+5.193451E+00,+2.154500E-04,+9.910000E+37,+1.407244E+03,+3.584400E+04,-1.502292E-02,+0.000000E+00,+9.910000E+37,+1.407311E+03,+3.584400E+04
11:20:33,0e0,+5.387223E+00,+2.404000E-04,+9.910000E+37,+1.407538E+03,+3.584400E+04,+5.387633E+00,+2.404000E-04,+9.910000E+37,+1.407604E+03,+3.584400E+04,+5.388268E+00,+2.404000E-04,+9.910000E+37,+1.407671E+03,+3.584400E+04,-1.547799E-02,+0.000000E+00,+9.910000E+37,+1.407738E+03,+3.584400E+04
11:20:33,0e0,+5.574567E+00,+2.682500E-04,+9.910000E+37,+1.407963E+03,+3.584400E+04,+5.577497E+00,+2.682500E-04,+9.910000E+37,+1.408030E+03,+3.584400E+04,+5.577726E+00,+2.682500E-04,+9.910000E+37,+1.408096E+03,+3.584400E+04,-1.597948E-02,+0.000000E+00,+9.910000E+37,+1.408162E+03,+3.584400E+04
11:20:33,0e0,+5.756244E+00,+2.993500E-04,+9.910000E+37,+1.408390E+03,+3.584400E+04,+5.757895E+00,+2.993500E-04,+9.910000E+37,+1.408457E+03,+3.584400E+04,+5.757936E+00,+2.993500E-04,+9.910000E+37,+1.408522E+03,+3.584400E+04,-1.502252E-02,+0.000000E+00,+9.910000E+37,+1.408589E+03,+3.584400E+04
11:20:33,0e0,+5.927024E+00,+3.340500E-04,+9.910000E+37,+1.408813E+03,+3.584400E+04,+5.929402E+00,+3.340500E-04,+9.910000E+37,+1.408881E+03,+3.584400E+04,+5.929351E+00,+3.340500E-04,+9.910000E+37,+1.408948E+03,+3.584400E+04,-1.420321E-02,+0.000000E+00,+9.910000E+37,+1.409014E+03,+3.584400E+04
11:20:33,0e0,+6.090521E+00,+3.727500E-04,+9.910000E+37,+1.409233E+03,+3.584400E+04,+6.091250E+00,+3.727500E-04,+9.910000E+37,+1.409300E+03,+3.584400E+04,+6.090568E+00,+3.727500E-04,+9.910000E+37,+1.409366E+03,+3.584400E+04,-1.443113E-02,+0.000000E+00,+9.910000E+37,+1.409434E+03,+3.584400E+04
11:20:33,0e0,+6.241178E+00,+4.159500E-04,+9.910000E+37,+1.409657E+03,+3.584400E+04,+6.245061E+00,+4.159500E-04,+9.910000E+37,+1.409725E+03,+3.584400E+04,+6.244001E+00,+4.159500E-04,+9.910000E+37,+1.409791E+03,+3.584400E+04,-1.584245E-02,+0.000000E+00,+9.910000E+37,+1.409858E+03,+3.584400E+04
11:20:33,0e0,+6.386472E+00,+4.641500E-04,+9.910000E+37,+1.410081E+03,+3.584400E+04,+6.390298E+00,+4.641500E-04,+9.910000E+37,+1.410148E+03,+3.584400E+04,+6.389251E+00,+4.641500E-04,+9.910000E+37,+1.410215E+03,+3.584400E+04,-1.502292E-02,+0.000000E+00,+9.910000E+37,+1.410281E+03,+3.584400E+04
11:20:33,0e0,+6.526423E+00,+5.179500E-04,+9.910000E+37,+1.410503E+03,+3.584400E+04,+6.529664E+00,+5.179500E-04,+9.910000E+37,+1.410569E+03,+3.584400E+04,+6.529115E+00,+5.179500E-04,+9.910000E+37,+1.410636E+03,+3.584400E+04,-1.534142E-02,+0.000000E+00,+9.910000E+37,+1.410703E+03,+3.584400E+04
11:20:33,0e0,+6.659135E+00,+5.779500E-04,+9.910000E+37,+1.410925E+03,+3.584400E+04,+6.663700E+00,+5.779500E-04,+9.910000E+37,+1.410991E+03,+3.584400E+04,+6.662016E+00,+5.779500E-04,+9.910000E+37,+1.411058E+03,+3.584400E+04,-1.479514E-02,+0.000000E+00,+9.910000E+37,+1.411123E+03,+3.584400E+04
11:20:33,0e0,+6.790631E+00,+6.449500E-04,+9.910000E+37,+1.411350E+03,+3.584400E+04,+6.793413E+00,+6.449500E-04,+9.910000E+37,+1.411417E+03,+3.584400E+04,+6.792687E+00,+6.449500E-04,+9.910000E+37,+1.411483E+03,+3.584400E+04,-1.493180E-02,+0.000000E+00,+9.910000E+37,+1.411550E+03,+3.584400E+04
11:20:33,0e0,+6.916712E+00,+7.197000E-04,+9.910000E+37,+1.411776E+03,+3.584400E+04,+6.920619E+00,+7.197000E-04,+9.910000E+37,+1.411842E+03,+3.584400E+04,+6.918708E+00,+7.197000E-04,+9.910000E+37,+1.411908E+03,+3.584400E+04,-1.365702E-02,+0.000000E+00,+9.910000E+37,+1.411975E+03,+3.584400E+04
11:20:33,0e0,+7.042959E+00,+8.031000E-04,+9.910000E+37,+1.412197E+03,+3.584400E+04,+7.046971E+00,+8.031000E-04,+9.910000E+37,+1.412265E+03,+3.584400E+04,+7.045011E+00,+8.031000E-04,+9.910000E+37,+1.412330E+03,+3.584400E+04,-1.338366E-02,+0.000000E+00,+9.910000E+37,+1.412396E+03,+3.584400E+04
11:20:33,0e0,+7.166793E+00,+8.961500E-04,+9.910000E+37,+1.412621E+03,+3.584400E+04,+7.172405E+00,+8.961500E-04,+9.910000E+37,+1.412688E+03,+3.584400E+04,+7.169492E+00,+8.961500E-04,+9.910000E+37,+1.412753E+03,+3.584400E+04,-1.456770E-02,+0.000000E+00,+9.910000E+37,+1.412820E+03,+3.584400E+04
11:20:33,0e0,+7.292919E+00,+1.000000E-03,+9.910000E+37,+1.413039E+03,+3.584400E+04,+7.294692E+00,+1.000000E-03,+9.910000E+37,+1.413105E+03,+3.584400E+04,+7.293190E+00,+1.000000E-03,+9.910000E+37,+1.413172E+03,+3.584400E+04,-1.420334E-02,+0.000000E+00,+9.910000E+37,+1.413239E+03,+3.584400E+04
11:20:33,0e0,+7.402874E+00,+1.116000E-03,+9.910000E+37,+1.413462E+03,+3.584400E+04,+7.405060E+00,+1.116000E-03,+9.910000E+37,+1.413528E+03,+3.584400E+04,+7.403877E+00,+1.116000E-03,+9.910000E+37,+1.413596E+03,+3.584400E+04,-1.359956E-01,+0.000000E+00,+9.910000E+37,+1.413661E+03,+3.584400E+04
11:20:33,0e0,+7.527898E+00,+1.245000E-03,+9.910000E+37,+1.413883E+03,+3.584400E+04,+7.528399E+00,+1.245000E-03,+9.910000E+37,+1.413948E+03,+3.584400E+04,+7.527042E+00,+1.245000E-03,+9.910000E+37,+1.414016E+03,+3.584400E+04,-1.328994E-01,+0.000000E+00,+9.910000E+37,+1.414081E+03,+3.584400E+04
11:20:33,0e0,+7.651737E+00,+1.389500E-03,+9.910000E+37,+1.414308E+03,+3.584400E+04,+7.654250E+00,+1.389500E-03,+9.910000E+37,+1.414375E+03,+3.584400E+04,+7.649724E+00,+1.389500E-03,+9.910000E+37,+1.414442E+03,+3.584400E+04,-1.296670E-01,+0.000000E+00,+9.910000E+37,+1.414508E+03,+3.584400E+04
11:20:33,0e0,+7.781085E+00,+1.550500E-03,+9.910000E+37,+1.414729E+03,+3.584400E+04,+7.782269E+00,+1.550500E-03,+9.910000E+37,+1.414797E+03,+3.584400E+04,+7.780452E+00,+1.550500E-03,+9.910000E+37,+1.414864E+03,+3.584400E+04,-1.282101E-01,+0.000000E+00,+9.910000E+37,+1.414930E+03,+3.584400E+04
11:20:33,0e0,+7.912077E+00,+1.730000E-03,+9.910000E+37,+1.415155E+03,+3.584400E+04,+7.913581E+00,+1.730000E-03,+9.910000E+37,+1.415223E+03,+3.584400E+04,+7.912036E+00,+1.730000E-03,+9.910000E+37,+1.415290E+03,+3.584400E+04,-1.316702E-01,+0.000000E+00,+9.910000E+37,+1.415355E+03,+3.584400E+04
11:20:33,0e0,+8.049169E+00,+1.930500E-03,+9.910000E+37,+1.415583E+03,+3.584400E+04,+8.050215E+00,+1.930500E-03,+9.910000E+37,+1.415650E+03,+3.584400E+04,+8.048406E+00,+1.930500E-03,+9.910000E+37,+1.415718E+03,+3.584400E+04,-1.300311E-01,+0.000000E+00,+9.910000E+37,+1.415783E+03,+3.584400E+04
11:20:33,0e0,+8.190287E+00,+2.154500E-03,+9.910000E+37,+1.416011E+03,+3.584400E+04,+8.192313E+00,+2.154500E-03,+9.910000E+37,+1.416078E+03,+3.584400E+04,+8.190325E+00,+2.154500E-03,+9.910000E+37,+1.416146E+03,+3.584400E+04,-1.256148E-01,+0.000000E+00,+9.910000E+37,+1.416211E+03,+3.584400E+04
11:20:33,0e0,+8.338473E+00,+2.404000E-03,+9.910000E+37,+1.416436E+03,+3.584400E+04,+8.338449E+00,+2.404000E-03,+9.910000E+37,+1.416502E+03,+3.584400E+04,+8.337452E+00,+2.404000E-03,+9.910000E+37,+1.416568E+03,+3.584400E+04,-1.302133E-01,+0.000000E+00,+9.910000E+37,+1.416636E+03,+3.584400E+04
11:20:33,0e0,+8.492811E+00,+2.682500E-03,+9.910000E+37,+1.416859E+03,+3.584400E+04,+8.492398E+00,+2.682500E-03,+9.910000E+37,+1.416926E+03,+3.584400E+04,+8.489985E+00,+2.682500E-03,+9.910000E+37,+1.416992E+03,+3.584400E+04,-1.242488E-01,+0.000000E+00,+9.910000E+37,+1.417059E+03,+3.584400E+04
11:20:33,0e0,+8.650889E+00,+2.993500E-03,+9.910000E+37,+1.417279E+03,+3.584400E+04,+8.650613E+00,+2.993500E-03,+9.910000E+37,+1.417346E+03,+3.584400E+04,+8.647285E+00,+2.993500E-03,+9.910000E+37,+1.417413E+03,+3.584400E+04,-1.222454E-01,+0.000000E+00,+9.910000E+37,+1.417479E+03,+3.584400E+04
11:20:33,0e0,+8.813109E+00,+3.340500E-03,+9.910000E+37,+1.417693E+03,+3.584400E+04,+8.812576E+00,+3.340500E-03,+9.910000E+37,+1.417760E+03,+3.584400E+04,+8.808401E+00,+3.340500E-03,+9.910000E+37,+1.417826E+03,+3.584400E+04,-1.257513E-01,+0.000000E+00,+9.910000E+37,+1.417894E+03,+3.584400E+04
11:20:33,0e0,+8.979198E+00,+3.727500E-03,+9.910000E+37,+1.418109E+03,+3.584400E+04,+8.977522E+00,+3.727500E-03,+9.910000E+37,+1.418176E+03,+3.584400E+04,+8.973918E+00,+3.727500E-03,+9.910000E+37,+1.418242E+03,+3.584400E+04,-1.199235E-01,+0.000000E+00,+9.910000E+37,+1.418309E+03,+3.584400E+04
11:20:33,0e0,+9.149760E+00,+4.159500E-03,+9.910000E+37,+1.418533E+03,+3.584400E+04,+9.148350E+00,+4.159500E-03,+9.910000E+37,+1.418601E+03,+3.584400E+04,+9.143144E+00,+4.159500E-03,+9.910000E+37,+1.418666E+03,+3.584400E+04,-1.223365E-01,+0.000000E+00,+9.910000E+37,+1.418733E+03,+3.584400E+04
11:20:33,0e0,+9.324725E+00,+4.641500E-03,+9.910000E+37,+1.418954E+03,+3.584400E+04,+9.322172E+00,+4.641500E-03,+9.910000E+37,+1.419021E+03,+3.584400E+04,+9.315482E+00,+4.641500E-03,+9.910000E+37,+1.419087E+03,+3.584400E+04,-1.192407E-01,+0.000000E+00,+9.910000E+37,+1.419154E+03,+3.584400E+04
11:20:33,0e0,+9.504751E+00,+5.179500E-03,+9.910000E+37,+1.419380E+03,+3.584400E+04,+9.501064E+00,+5.179500E-03,+9.910000E+37,+1.419446E+03,+3.584400E+04,+9.494048E+00,+5.179500E-03,+9.910000E+37,+1.419513E+03,+3.584400E+04,-1.179659E-01,+0.000000E+00,+9.910000E+37,+1.419580E+03,+3.584400E+04
11:20:33,0e0,+9.689971E+00,+5.779500E-03,+9.910000E+37,+1.419804E+03,+3.584400E+04,+9.683632E+00,+5.779500E-03,+9.910000E+37,+1.419870E+03,+3.584400E+04,+9.675671E+00,+5.779500E-03,+9.910000E+37,+1.419938E+03,+3.584400E+04,-1.099070E-01,+0.000000E+00,+9.910000E+37,+1.420004E+03,+3.584400E+04
11:20:33,0e0,+9.880638E+00,+6.449500E-03,+9.910000E+37,+1.420227E+03,+3.584400E+04,+9.873264E+00,+6.449500E-03,+9.910000E+37,+1.420293E+03,+3.584400E+04,+9.865252E+00,+6.449500E-03,+9.910000E+37,+1.420359E+03,+3.584400E+04,-1.115917E-01,+0.000000E+00,+9.910000E+37,+1.420426E+03,+3.584400E+04
11:20:33,0e0,+1.007938E+01,+7.197000E-03,+9.910000E+37,+1.420648E+03,+3.584400E+04,+1.006986E+01,+7.197000E-03,+9.910000E+37,+1.420716E+03,+3.584400E+04,+1.006059E+01,+7.197000E-03,+9.910000E+37,+1.420781E+03,+3.584400E+04,-1.077670E-01,+0.000000E+00,+9.910000E+37,+1.420849E+03,+3.584400E+04
11:20:33,0e0,+1.028526E+01,+8.031000E-03,+9.910000E+37,+1.421072E+03,+3.584400E+04,+1.027413E+01,+8.031000E-03,+9.910000E+37,+1.421140E+03,+3.584400E+04,+1.026243E+01,+8.031000E-03,+9.910000E+37,+1.421205E+03,+3.584400E+04,-1.027587E-01,+0.000000E+00,+9.910000E+37,+1.421271E+03,+3.584400E+04
11:20:33,0e0,+1.049809E+01,+8.961500E-03,+9.910000E+37,+1.421494E+03,+3.584400E+04,+1.048500E+01,+8.961500E-03,+9.910000E+37,+1.421561E+03,+3.584400E+04,+1.046973E+01,+8.961500E-03,+9.910000E+37,+1.421626E+03,+3.584400E+04,-9.765958E-02,+0.000000E+00,+9.910000E+37,+1.421692E+03,+3.584400E+04
