11:18:29,0e0,+1.043001E-02,+1.000000E-07,+9.910000E+37,+1.255765E+03,+3.584400E+04,+1.024802E-02,+1.000000E-07,+9.910000E+37,+1.255832E+03,+3.584400E+04,+9.564713E-03,+1.000000E-07,+9.910000E+37,+1.255898E+03,+3.584400E+04,-6.416127E-03,+0.000000E+00,+9.910000E+37,+1.255965E+03,+3.584400E+04
11:18:29,0e0,+1.275216E-02,+1.116000E-07,+9.910000E+37,+1.256191E+03,+3.584400E+04,+1.220568E-02,+1.116000E-07,+9.910000E+37,+1.256258E+03,+3.584400E+04,+1.179589E-02,+1.116000E-07,+9.910000E+37,+1.256324E+03,+3.584400E+04,-8.100972E-03,+0.000000E+00,+9.910000E+37,+1.256391E+03,+3.584400E+04
11:18:29,0e0,+1.407234E-02,+1.245000E-07,+9.910000E+37,+1.256616E+03,+3.584400E+04,+1.457331E-02,+1.245000E-07,+9.910000E+37,+1.256683E+03,+3.584400E+04,+1.389006E-02,+1.245000E-07,+9.910000E+37,+1.256749E+03,+3.584400E+04,-7.144585E-03,+0.000000E+00,+9.910000E+37,+1.256816E+03,+3.584400E+04
11:18:29,0e0,+1.616664E-02,+1.389500E-07,+9.910000E+37,+1.257042E+03,+3.584400E+04,+1.753315E-02,+1.389500E-07,+9.910000E+37,+1.257109E+03,+3.584400E+04,+1.716851E-02,+1.389500E-07,+9.910000E+37,+1.257177E+03,+3.584400E+04,-8.055463E-03,+0.000000E+00,+9.910000E+37,+1.257244E+03,+3.584400E+04
11:18:29,0e0,+2.062917E-02,+1.550500E-07,+9.910000E+37,+1.257467E+03,+3.584400E+04,+1.858014E-02,+1.550500E-07,+9.910000E+37,+1.257533E+03,+3.584400E+04,+1.985469E-02,+1.550500E-07,+9.910000E+37,+1.257600E+03,+3.584400E+04,-6.734759E-03,+0.000000E+00,+9.910000E+37,+1.257667E+03,+3.584400E+04
11:18:29,0e0,+2.235843E-02,+1.730000E-07,+9.910000E+37,+1.257893E+03,+3.584400E+04,+2.340630E-02,+1.730000E-07,+9.910000E+37,+1.257959E+03,+3.584400E+04,+2.285984E-02,+1.730000E-07,+9.910000E+37,+1.258025E+03,+3.584400E+04,-5.869403E-03,+0.000000E+00,+9.910000E+37,+1.258092E+03,+3.584400E+04
11:18:29,0e0,+2.632003E-02,+1.930500E-07,+9.910000E+37,+1.258316E+03,+3.584400E+04,+2.645671E-02,+1.930500E-07,+9.910000E+37,+1.258383E+03,+3.584400E+04,+2.764048E-02,+1.930500E-07,+9.910000E+37,+1.258449E+03,+3.584400E+04,-7.326812E-03,+0.000000E+00,+9.910000E+37,+1.258517E+03,+3.584400E+04
11:18:29,0e0,+2.814084E-02,+2.154500E-07,+9.910000E+37,+1.258742E+03,+3.584400E+04,+2.946144E-02,+2.154500E-07,+9.910000E+37,+1.258809E+03,+3.584400E+04,+2.959824E-02,+2.154500E-07,+9.910000E+37,+1.258875E+03,+3.584400E+04,-6.188467E-03,+0.000000E+00,+9.910000E+37,+1.258942E+03,+3.584400E+04
11:18:29,0e0,+3.419688E-02,+2.404000E-07,+9.910000E+37,+1.259167E+03,+3.584400E+04,+3.342298E-02,+2.404000E-07,+9.910000E+37,+1.259233E+03,+3.584400E+04,+3.228396E-02,+2.404000E-07,+9.910000E+37,+1.259300E+03,+3.584400E+04,-7.144600E-03,+0.000000E+00,+9.910000E+37,+1.259366E+03,+3.584400E+04
11:18:29,0e0,+3.706464E-02,+2.682500E-07,+9.910000E+37,+1.259591E+03,+3.584400E+04,+3.793022E-02,+2.682500E-07,+9.910000E+37,+1.259657E+03,+3.584400E+04,+3.897780E-02,+2.682500E-07,+9.910000E+37,+1.259724E+03,+3.584400E+04,-6.598085E-03,+0.000000E+00,+9.910000E+37,+1.259790E+03,+3.584400E+04
11:18:29,0e0,+4.143611E-02,+2.993500E-07,+9.910000E+37,+1.260017E+03,+3.584400E+04,+4.202783E-02,+2.993500E-07,+9.910000E+37,+1.260083E+03,+3.584400E+04,+4.211885E-02,+2.993500E-07,+9.910000E+37,+1.260149E+03,+3.584400E+04,-6.734818E-03,+0.000000E+00,+9.910000E+37,+1.260216E+03,+3.584400E+04
11:18:29,0e0,+4.881245E-02,+3.340500E-07,+9.910000E+37,+1.260439E+03,+3.584400E+04,+4.790133E-02,+3.340500E-07,+9.910000E+37,+1.260506E+03,+3.584400E+04,+4.817480E-02,+3.340500E-07,+9.910000E+37,+1.260572E+03,+3.584400E+04,-6.734878E-03,+0.000000E+00,+9.910000E+37,+1.260639E+03,+3.584400E+04
11:18:29,0e0,+5.432084E-02,+3.727500E-07,+9.910000E+37,+1.260863E+03,+3.584400E+04,+5.441216E-02,+3.727500E-07,+9.910000E+37,+1.260930E+03,+3.584400E+04,+5.318260E-02,+3.727500E-07,+9.910000E+37,+1.260996E+03,+3.584400E+04,-6.825998E-03,+0.000000E+00,+9.910000E+37,+1.261062E+03,+3.584400E+04
11:18:29,0e0,+6.019455E-02,+4.159500E-07,+9.910000E+37,+1.261289E+03,+3.584400E+04,+6.187958E-02,+4.159500E-07,+9.910000E+37,+1.261355E+03,+3.584400E+04,+6.169689E-02,+4.159500E-07,+9.910000E+37,+1.261422E+03,+3.584400E+04,-6.370723E-03,+0.000000E+00,+9.910000E+37,+1.261488E+03,+3.584400E+04
11:18:29,0e0,+6.807119E-02,+4.641500E-07,+9.910000E+37,+1.261711E+03,+3.584400E+04,+6.766140E-02,+4.641500E-07,+9.910000E+37,+1.261777E+03,+3.584400E+04,+6.752470E-02,+4.641500E-07,+9.910000E+37,+1.261845E+03,+3.584400E+04,-6.962448E-03,+0.000000E+00,+9.910000E+37,+1.261910E+03,+3.584400E+04
11:18:29,0e0,+7.394433E-02,+5.179500E-07,+9.910000E+37,+1.262135E+03,+3.584400E+04,+7.480931E-02,+5.179500E-07,+9.910000E+37,+1.262201E+03,+3.584400E+04,+7.567528E-02,+5.179500E-07,+9.910000E+37,+1.262268E+03,+3.584400E+04,-7.371977E-03,+0.000000E+00,+9.910000E+37,+1.262334E+03,+3.584400E+04
11:18:29,0e0,+8.213961E-02,+5.779500E-07,+9.910000E+37,+1.262560E+03,+3.584400E+04,+8.364293E-02,+5.779500E-07,+9.910000E+37,+1.262626E+03,+3.584400E+04,+8.478078E-02,+5.779500E-07,+9.910000E+37,+1.262692E+03,+3.584400E+04,-6.370664E-03,+0.000000E+00,+9.910000E+37,+1.262760E+03,+3.584400E+04
11:18:29,0e0,+9.252083E-02,+6.449500E-07,+9.910000E+37,+1.262982E+03,+3.584400E+04,+9.206524E-02,+6.449500E-07,+9.910000E+37,+1.263050E+03,+3.584400E+04,+9.179264E-02,+6.449500E-07,+9.910000E+37,+1.263117E+03,+3.584400E+04,-6.233975E-03,+0.000000E+00,+9.910000E+37,+1.263184E+03,+3.584400E+04
11:18:29,0e0,+1.024462E-01,+7.197000E-07,+9.910000E+37,+1.263408E+03,+3.584400E+04,+1.020823E-01,+7.197000E-07,+9.910000E+37,+1.263475E+03,+3.584400E+04,+1.035847E-01,+7.197000E-07,+9.910000E+37,+1.263542E+03,+3.584400E+04,-4.959181E-03,+0.000000E+00,+9.910000E+37,+1.263609E+03,+3.584400E+04
11:18:29,0e0,+1.131913E-01,+8.031000E-07,+9.910000E+37,+1.263837E+03,+3.584400E+04,+1.138290E-01,+8.031000E-07,+9.910000E+37,+1.263903E+03,+3.584400E+04,+1.138746E-01,+8.031000E-07,+9.910000E+37,+1.263971E+03,+3.584400E+04,-6.552994E-03,+0.000000E+00,+9.910000E+37,+1.264038E+03,+3.584400E+04
11:18:29,0e0,+1.253481E-01,+8.961500E-07,+9.910000E+37,+1.264262E+03,+3.584400E+04,+1.258486E-01,+8.961500E-07,+9.910000E+37,+1.264329E+03,+3.584400E+04,+1.249841E-01,+8.961500E-07,+9.910000E+37,+1.264396E+03,+3.584400E+04,-6.461650E-03,+0.000000E+00,+9.910000E+37,+1.264462E+03,+3.584400E+04
11:18:29,0e0,+1.379143E-01,+1.000000E-06,+9.910000E+37,+1.264681E+03,+3.584400E+04,+1.379598E-01,+1.000000E-06,+9.910000E+37,+1.264746E+03,+3.584400E+04,+1.382787E-01,+1.000000E-06,+9.910000E+37,+1.264813E+03,+3.584400E+04,-6.643802E-03,+0.000000E+00,+9.910000E+37,+1.264879E+03,+3.584400E+04
11:18:29,0e0,+1.391441E-01,+1.116000E-06,+9.910000E+37,+1.265104E+03,+3.584400E+04,+1.391895E-01,+1.116000E-06,+9.910000E+37,+1.265171E+03,+3.584400E+04,+1.376862E-01,+1.116000E-06,+9.910000E+37,+1.265236E+03,+3.584400E+04,-6.735027E-03,+0.000000E+00,+9.910000E+37,+1.265304E+03,+3.584400E+04
11:18:29,0e0,+1.521658E-01,+1.245000E-06,+9.910000E+37,+1.265528E+03,+3.584400E+04,+1.530760E-01,+1.245000E-06,+9.910000E+37,+1.265595E+03,+3.584400E+04,+1.523018E-01,+1.245000E-06,+9.910000E+37,+1.265662E+03,+3.584400E+04,-5.460083E-03,+0.000000E+00,+9.910000E+37,+1.265729E+03,+3.584400E+04
11:18:29,0e0,+1.671453E-01,+1.389500E-06,+9.910000E+37,+1.265952E+03,+3.584400E+04,+1.671448E-01,+1.389500E-06,+9.910000E+37,+1.266020E+03,+3.584400E+04,+1.672813E-01,+1.389500E-06,+9.910000E+37,+1.266085E+03,+3.584400E+04,-5.368948E-03,+0.000000E+00,+9.910000E+37,+1.266151E+03,+3.584400E+04
11:18:29,0e0,+1.832170E-01,+1.550500E-06,+9.910000E+37,+1.266375E+03,+3.584400E+04,+1.826247E-01,+1.550500E-06,+9.910000E+37,+1.266441E+03,+3.584400E+04,+1.833987E-01,+1.550500E-06,+9.910000E+37,+1.266508E+03,+3.584400E+04,-5.277961E-03,+0.000000E+00,+9.910000E+37,+1.266574E+03,+3.584400E+04
11:18:29,0e0,+2.001545E-01,+1.730000E-06,+9.910000E+37,+1.266799E+03,+3.584400E+04,+2.015197E-01,+1.730000E-06,+9.910000E+37,+1.266865E+03,+3.584400E+04,+1.996073E-01,+1.730000E-06,+9.910000E+37,+1.266932E+03,+3.584400E+04,-6.643564E-03,+0.000000E+00,+9.910000E+37,+1.266998E+03,+3.584400E+04
11:18:29,0e0,+2.182747E-01,+1.930500E-06,+9.910000E+37,+1.267222E+03,+3.584400E+04,+2.184113E-01,+1.930500E-06,+9.910000E+37,+1.267287E+03,+3.584400E+04,+2.181842E-01,+1.930500E-06,+9.910000E+37,+1.267354E+03,+3.584400E+04,-5.869836E-03,+0.000000E+00,+9.910000E+37,+1.267421E+03,+3.584400E+04
11:18:29,0e0,+2.383536E-01,+2.154500E-06,+9.910000E+37,+1.267642E+03,+3.584400E+04,+2.386730E-01,+2.154500E-06,+9.910000E+37,+1.267708E+03,+3.584400E+04,+2.381724E-01,+2.154500E-06,+9.910000E+37,+1.267774E+03,+3.584400E+04,-5.870014E-03,+0.000000E+00,+9.910000E+37,+1.267842E+03,+3.584400E+04
11:18:29,0e0,+2.594787E-01,+2.404000E-06,+9.910000E+37,+1.268063E+03,+3.584400E+04,+2.589323E-01,+2.404000E-06,+9.910000E+37,+1.268129E+03,+3.584400E+04,+2.597982E-01,+2.404000E-06,+9.910000E+37,+1.268195E+03,+3.584400E+04,-4.458249E-03,+0.000000E+00,+9.910000E+37,+1.268263E+03,+3.584400E+04
11:18:29,0e0,+2.829733E-01,+2.682500E-06,+9.910000E+37,+1.268487E+03,+3.584400E+04,+2.832472E-01,+2.682500E-06,+9.910000E+37,+1.268555E+03,+3.584400E+04,+2.825170E-01,+2.682500E-06,+9.910000E+37,+1.268620E+03,+3.584400E+04,-6.324962E-03,+0.000000E+00,+9.910000E+37,+1.268687E+03,+3.584400E+04
11:18:29,0e0,+3.086068E-01,+2.993500E-06,+9.910000E+37,+1.268913E+03,+3.584400E+04,+3.076507E-01,+2.993500E-06,+9.910000E+37,+1.268979E+03,+3.584400E+04,+3.082883E-01,+2.993500E-06,+9.910000E+37,+1.269045E+03,+3.584400E+04,-6.325305E-03,+0.000000E+00,+9.910000E+37,+1.269111E+03,+3.584400E+04
11:18:29,0e0,+3.343313E-01,+3.340500E-06,+9.910000E+37,+1.269336E+03,+3.584400E+04,+3.360607E-01,+3.340500E-06,+9.910000E+37,+1.269402E+03,+3.584400E+04,+3.344675E-01,+3.340500E-06,+9.910000E+37,+1.269469E+03,+3.584400E+04,-6.689817E-03,+0.000000E+00,+9.910000E+37,+1.269536E+03,+3.584400E+04
11:18:29,0e0,+3.648360E-01,+3.727500E-06,+9.910000E+37,+1.269761E+03,+3.584400E+04,+3.626503E-01,+3.727500E-06,+9.910000E+37,+1.269828E+03,+3.584400E+04,+3.648823E-01,+3.727500E-06,+9.910000E+37,+1.269894E+03,+3.584400E+04,-6.097361E-03,+0.000000E+00,+9.910000E+37,+1.269960E+03,+3.584400E+04
11:18:29,0e0,+3.942034E-01,+4.159500E-06,+9.910000E+37,+1.270185E+03,+3.584400E+04,+3.942941E-01,+4.159500E-06,+9.910000E+37,+1.270251E+03,+3.584400E+04,+3.946140E-01,+4.159500E-06,+9.910000E+37,+1.270318E+03,+3.584400E+04,-6.097749E-03,+0.000000E+00,+9.910000E+37,+1.270386E+03,+3.584400E+04
11:18:29,0e0,+4.247526E-01,+4.641500E-06,+9.910000E+37,+1.270611E+03,+3.584400E+04,+4.273041E-01,+4.641500E-06,+9.910000E+37,+1.270678E+03,+3.584400E+04,+4.266207E-01,+4.641500E-06,+9.910000E+37,+1.270745E+03,+3.584400E+04,-7.372394E-03,+0.000000E+00,+9.910000E+37,+1.270811E+03,+3.584400E+04
11:18:29,0e0,+4.606760E-01,+5.179500E-06,+9.910000E+37,+1.271036E+03,+3.584400E+04,+4.614066E-01,+5.179500E-06,+9.910000E+37,+1.271102E+03,+3.584400E+04,+4.604948E-01,+5.179500E-06,+9.910000E+37,+1.271168E+03,+3.584400E+04,-5.824387E-03,+0.000000E+00,+9.910000E+37,+1.271235E+03,+3.584400E+04
11:18:29,0e0,+4.982393E-01,+5.779500E-06,+9.910000E+37,+1.271460E+03,+3.584400E+04,+4.991507E-01,+5.779500E-06,+9.910000E+37,+1.271526E+03,+3.584400E+04,+4.986510E-01,+5.779500E-06,+9.910000E+37,+1.271593E+03,+3.584400E+04,-6.916970E-03,+0.000000E+00,+9.910000E+37,+1.271659E+03,+3.584400E+04
11:18:29,0e0,+5.373958E-01,+6.449500E-06,+9.910000E+37,+1.271885E+03,+3.584400E+04,+5.387158E-01,+6.449500E-06,+9.910000E+37,+1.271951E+03,+3.584400E+04,+5.380327E-01,+6.449500E-06,+9.910000E+37,+1.272017E+03,+3.584400E+04,-5.277902E-03,+0.000000E+00,+9.910000E+37,+1.272083E+03,+3.584400E+04
11:18:29,0e0,+5.793291E-01,+7.197000E-06,+9.910000E+37,+1.272309E+03,+3.584400E+04,+5.811501E-01,+7.197000E-06,+9.910000E+37,+1.272376E+03,+3.584400E+04,+5.801022E-01,+7.197000E-06,+9.910000E+37,+1.272441E+03,+3.584400E+04,-6.643981E-03,+0.000000E+00,+9.910000E+37,+1.272508E+03,+3.584400E+04
11:18:29,0e0,+6.239934E-01,+8.031000E-06,+9.910000E+37,+1.272733E+03,+3.584400E+04,+6.235386E-01,+8.031000E-06,+9.910000E+37,+1.272800E+03,+3.584400E+04,+6.243570E-01,+8.031000E-06,+9.910000E+37,+1.272867E+03,+3.584400E+04,-6.507382E-03,+0.000000E+00,+9.910000E+37,+1.272933E+03,+3.584400E+04
11:18:29,0e0,+6.726196E-01,+8.961500E-06,+9.910000E+37,+1.273160E+03,+3.584400E+04,+6.721645E-01,+8.961500E-06,+9.910000E+37,+1.273228E+03,+3.584400E+04,+6.725746E-01,+8.961500E-06,+9.910000E+37,+1.273293E+03,+3.584400E+04,-5.961224E-03,+0.000000E+00,+9.910000E+37,+1.273359E+03,+3.584400E+04
11:18:29,0e0,+7.224764E-01,+1.000000E-05,+9.910000E+37,+1.273580E+03,+3.584400E+04,+7.220669E-01,+1.000000E-05,+9.910000E+37,+1.273646E+03,+3.584400E+04,+7.225201E-01,+1.000000E-05,+9.910000E+37,+1.273713E+03,+3.584400E+04,-6.233841E-03,+0.000000E+00,+9.910000E+37,+1.273779E+03,+3.584400E+04
11:18:29,0e0,+7.630875E-01,+1.116000E-05,+9.910000E+37,+1.273999E+03,+3.584400E+04,+7.614022E-01,+1.116000E-05,+9.910000E+37,+1.274066E+03,+3.584400E+04,+7.601738E-01,+1.116000E-05,+9.910000E+37,+1.274132E+03,+3.584400E+04,-7.645503E-03,+0.000000E+00,+9.910000E+37,+1.274199E+03,+3.584400E+04
11:18:29,0e0,+8.152198E-01,+1.245000E-05,+9.910000E+37,+1.274417E+03,+3.584400E+04,+8.145357E-01,+1.245000E-05,+9.910000E+37,+1.274482E+03,+3.584400E+04,+8.165863E-01,+1.245000E-05,+9.910000E+37,+1.274550E+03,+3.584400E+04,-7.327020E-03,+0.000000E+00,+9.910000E+37,+1.274620E+03,+3.584400E+04
11:18:29,0e0,+8.724519E-01,+1.389500E-05,+9.910000E+37,+1.274842E+03,+3.584400E+04,+8.719043E-01,+1.389500E-05,+9.910000E+37,+1.274908E+03,+3.584400E+04,+8.717239E-01,+1.389500E-05,+9.910000E+37,+1.274976E+03,+3.584400E+04,-7.827938E-03,+0.000000E+00,+9.910000E+37,+1.275046E+03,+3.584400E+04
11:18:29,0e0,+9.320061E-01,+1.550500E-05,+9.910000E+37,+1.275265E+03,+3.584400E+04,+9.320493E-01,+1.550500E-05,+9.910000E+37,+1.275331E+03,+3.584400E+04,+9.304547E-01,+1.550500E-05,+9.910000E+37,+1.275397E+03,+3.584400E+04,-7.190421E-03,+0.000000E+00,+9.910000E+37,+1.275467E+03,+3.584400E+04
11:18:29,0e0,+9.951080E-01,+1.730000E-05,+9.910000E+37,+1.275684E+03,+3.584400E+04,+9.932426E-01,+1.730000E-05,+9.910000E+37,+1.275750E+03,+3.584400E+04,+9.929684E-01,+1.730000E-05,+9.910000E+37,+1.275816E+03,+3.584400E+04,-7.281348E-03,+0.000000E+00,+9.910000E+37,+1.275887E+03,+3.584400E+04
11:18:29,0e0,+1.060355E+00,+1.930500E-05,+9.910000E+37,+1.276107E+03,+3.584400E+04,+1.060082E+00,+1.930500E-05,+9.910000E+37,+1.276175E+03,+3.584400E+04,+1.060491E+00,+1.930500E-05,+9.910000E+37,+1.276240E+03,+3.584400E+04,-7.418260E-03,+0.000000E+00,+9.910000E+37,+1.276312E+03,+3.584400E+04
11:18:29,0e0,+1.130564E+00,+2.154500E-05,+9.910000E+37,+1.276533E+03,+3.584400E+04,+1.129515E+00,+2.154500E-05,+9.910000E+37,+1.276600E+03,+3.584400E+04,+1.129103E+00,+2.154500E-05,+9.910000E+37,+1.276667E+03,+3.584400E+04,-7.554635E-03,+0.000000E+00,+9.910000E+37,+1.276739E+03,+3.584400E+04
11:18:29,0e0,+1.204139E+00,+2.404000E-05,+9.910000E+37,+1.276959E+03,+3.584400E+04,+1.203728E+00,+2.404000E-05,+9.910000E+37,+1.277025E+03,+3.584400E+04,+1.202908E+00,+2.404000E-05,+9.910000E+37,+1.277093E+03,+3.584400E+04,-8.192375E-03,+0.000000E+00,+9.910000E+37,+1.277163E+03,+3.584400E+04
11:18:29,0e0,+1.280857E+00,+2.682500E-05,+9.910000E+37,+1.277385E+03,+3.584400E+04,+1.279170E+00,+2.682500E-05,+9.910000E+37,+1.277451E+03,+3.584400E+04,+1.280172E+00,+2.682500E-05,+9.910000E+37,+1.277519E+03,+3.584400E+04,-7.372186E-03,+0.000000E+00,+9.910000E+37,+1.277589E+03,+3.584400E+04
11:18:29,0e0,+1.362400E+00,+2.993500E-05,+9.910000E+37,+1.277813E+03,+3.584400E+04,+1.360490E+00,+2.993500E-05,+9.910000E+37,+1.277879E+03,+3.584400E+04,+1.360762E+00,+2.993500E-05,+9.910000E+37,+1.277946E+03,+3.584400E+04,-7.736266E-03,+0.000000E+00,+9.910000E+37,+1.278014E+03,+3.584400E+04
11:18:29,0e0,+1.446583E+00,+3.340500E-05,+9.910000E+37,+1.278235E+03,+3.584400E+04,+1.446178E+00,+3.340500E-05,+9.910000E+37,+1.278301E+03,+3.584400E+04,+1.446087E+00,+3.340500E-05,+9.910000E+37,+1.278368E+03,+3.584400E+04,-7.599711E-03,+0.000000E+00,+9.910000E+37,+1.278437E+03,+3.584400E+04
11:18:29,0e0,+1.537694E+00,+3.727500E-05,+9.910000E+37,+1.278662E+03,+3.584400E+04,+1.537239E+00,+3.727500E-05,+9.910000E+37,+1.278728E+03,+3.584400E+04,+1.535919E+00,+3.727500E-05,+9.910000E+37,+1.278795E+03,+3.584400E+04,-8.647576E-03,+0.000000E+00,+9.910000E+37,+1.278864E+03,+3.584400E+04
11:18:29,0e0,+1.630798E+00,+4.159500E-05,+9.910000E+37,+1.279077E+03,+3.584400E+04,+1.630619E+00,+4.159500E-05,+9.910000E+37,+1.279143E+03,+3.584400E+04,+1.630027E+00,+4.159500E-05,+9.910000E+37,+1.279209E+03,+3.584400E+04,-6.643951E-03,+0.000000E+00,+9.910000E+37,+1.279275E+03,+3.584400E+04
11:18:29,0e0,+1.731375E+00,+4.641500E-05,+9.910000E+37,+1.279487E+03,+3.584400E+04,+1.729370E+00,+4.641500E-05,+9.910000E+37,+1.279555E+03,+3.584400E+04,+1.729418E+00,+4.641500E-05,+9.910000E+37,+1.279620E+03,+3.584400E+04,-7.463709E-03,+0.000000E+00,+9.910000E+37,+1.279688E+03,+3.584400E+04
11:18:29,0e0,+1.839058E+00,+5.179500E-05,+9.910000E+37,+1.279902E+03,+3.584400E+04,+1.836372E+00,+5.179500E-05,+9.910000E+37,+1.279969E+03,+3.584400E+04,+1.835278E+00,+5.179500E-05,+9.910000E+37,+1.280035E+03,+3.584400E+04,-8.237556E-03,+0.000000E+00,+9.910000E+37,+1.280102E+03,+3.584400E+04
11:18:29,0e0,+1.949963E+00,+5.779500E-05,+9.910000E+37,+1.280318E+03,+3.584400E+04,+1.947644E+00,+5.779500E-05,+9.910000E+37,+1.280386E+03,+3.584400E+04,+1.946506E+00,+5.779500E-05,+9.910000E+37,+1.280451E+03,+3.584400E+04,-7.736266E-03,+0.000000E+00,+9.910000E+37,+1.280518E+03,+3.584400E+04
11:18:29,0e0,+2.068067E+00,+6.449500E-05,+9.910000E+37,+1.280737E+03,+3.584400E+04,+2.064747E+00,+6.449500E-05,+9.910000E+37,+1.280804E+03,+3.584400E+04,+2.064065E+00,+6.449500E-05,+9.910000E+37,+1.280871E+03,+3.584400E+04,-8.784279E-03,+0.000000E+00,+9.910000E+37,+1.280939E+03,+3.584400E+04
11:18:29,0e0,+2.191596E+00,+7.197000E-05,+9.910000E+37,+1.281159E+03,+3.584400E+04,+2.190545E+00,+7.197000E-05,+9.910000E+37,+1.281227E+03,+3.584400E+04,+2.187676E+00,+7.197000E-05,+9.910000E+37,+1.281292E+03,+3.584400E+04,-8.101180E-03,+0.000000E+00,+9.910000E+37,+1.281363E+03,+3.584400E+04
11:18:29,0e0,+2.323863E+00,+8.031000E-05,+9.910000E+37,+1.281585E+03,+3.584400E+04,+2.319398E+00,+8.031000E-05,+9.910000E+37,+1.281650E+03,+3.584400E+04,+2.317754E+00,+8.031000E-05,+9.910000E+37,+1.281717E+03,+3.584400E+04,-1.015036E-02,+0.000000E+00,+9.910000E+37,+1.281788E+03,+3.584400E+04
11:18:29,0e0,+2.462908E+00,+8.961500E-05,+9.910000E+37,+1.282011E+03,+3.584400E+04,+2.458724E+00,+8.961500E-05,+9.910000E+37,+1.282078E+03,+3.584400E+04,+2.456674E+00,+8.961500E-05,+9.910000E+37,+1.282144E+03,+3.584400E+04,-7.372737E-03,+0.000000E+00,+9.910000E+37,+1.282212E+03,+3.584400E+04
11:18:29,0e0,+2.608972E+00,+1.000000E-04,+9.910000E+37,+1.282433E+03,+3.584400E+04,+2.604002E+00,+1.000000E-04,+9.910000E+37,+1.282500E+03,+3.584400E+04,+2.602319E+00,+1.000000E-04,+9.910000E+37,+1.282567E+03,+3.584400E+04,-8.510947E-03,+0.000000E+00,+9.910000E+37,+1.282636E+03,+3.584400E+04
11:18:29,0e0,+2.750295E+00,+1.116000E-04,+9.910000E+37,+1.282859E+03,+3.584400E+04,+2.744096E+00,+1.116000E-04,+9.910000E+37,+1.282925E+03,+3.584400E+04,+2.744016E+00,+1.116000E-04,+9.910000E+37,+1.282992E+03,+3.584400E+04,-1.597813E-02,+0.000000E+00,+9.910000E+37,+1.283058E+03,+3.584400E+04
11:18:29,0e0,+2.911382E+00,+1.245000E-04,+9.910000E+37,+1.283282E+03,+3.584400E+04,+2.905321E+00,+1.245000E-04,+9.910000E+37,+1.283349E+03,+3.584400E+04,+2.903273E+00,+1.245000E-04,+9.910000E+37,+1.283416E+03,+3.584400E+04,-1.597817E-02,+0.000000E+00,+9.910000E+37,+1.283481E+03,+3.584400E+04
11:18:29,0e0,+3.080749E+00,+1.389500E-04,+9.910000E+37,+1.283702E+03,+3.584400E+04,+3.074418E+00,+1.389500E-04,+9.910000E+37,+1.283774E+03,+3.584400E+04,+3.073019E+00,+1.389500E-04,+9.910000E+37,+1.283842E+03,+3.584400E+04,-1.538618E-02,+0.000000E+00,+9.910000E+37,+1.283908E+03,+3.584400E+04
11:18:29,0e0,+3.259599E+00,+1.550500E-04,+9.910000E+37,+1.284127E+03,+3.584400E+04,+3.249941E+00,+1.550500E-04,+9.910000E+37,+1.284193E+03,+3.584400E+04,+3.248890E+00,+1.550500E-04,+9.910000E+37,+1.284260E+03,+3.584400E+04,-1.511294E-02,+0.000000E+00,+9.910000E+37,+1.284327E+03,+3.584400E+04
11:18:29,0e0,+3.442216E+00,+1.730000E-04,+9.910000E+37,+1.284544E+03,+3.584400E+04,+3.435754E+00,+1.730000E-04,+9.910000E+37,+1.284610E+03,+3.584400E+04,+3.435473E+00,+1.730000E-04,+9.910000E+37,+1.284678E+03,+3.584400E+04,-1.465718E-02,+0.000000E+00,+9.910000E+37,+1.284743E+03,+3.584400E+04
11:18:29,0e0,+3.635812E+00,+1.930500E-04,+9.910000E+37,+1.284966E+03,+3.584400E+04,+3.628066E+00,+1.930500E-04,+9.910000E+37,+1.285032E+03,+3.584400E+04,+3.626879E+00,+1.930500E-04,+9.910000E+37,+1.285100E+03,+3.584400E+04,-1.488492E-02,+0.000000E+00,+9.910000E+37,+1.285165E+03,+3.584400E+04
11:18:29,0e0,+3.836641E+00,+2.154500E-04,+9.910000E+37,+1.285387E+03,+3.584400E+04,+3.828401E+00,+2.154500E-04,+9.910000E+37,+1.285453E+03,+3.584400E+04,+3.827405E+00,+2.154500E-04,+9.910000E+37,+1.285521E+03,+3.584400E+04,-1.356459E-02,+0.000000E+00,+9.910000E+37,+1.285586E+03,+3.584400E+04
11:18:29,0e0,+4.045402E+00,+2.404000E-04,+9.910000E+37,+1.285808E+03,+3.584400E+04,+4.036512E+00,+2.404000E-04,+9.910000E+37,+1.285875E+03,+3.584400E+04,+4.035148E+00,+2.404000E-04,+9.910000E+37,+1.285940E+03,+3.584400E+04,-1.442945E-02,+0.000000E+00,+9.910000E+37,+1.286008E+03,+3.584400E+04
11:18:29,0e0,+4.260442E+00,+2.682500E-04,+9.910000E+37,+1.286229E+03,+3.584400E+04,+4.251832E+00,+2.682500E-04,+9.910000E+37,+1.286297E+03,+3.584400E+04,+4.249184E+00,+2.682500E-04,+9.910000E+37,+1.286363E+03,+3.584400E+04,-1.493023E-02,+0.000000E+00,+9.910000E+37,+1.286431E+03,+3.584400E+04
11:18:29,0e0,+4.478434E+00,+2.993500E-04,+9.910000E+37,+1.286657E+03,+3.584400E+04,+4.469598E+00,+2.993500E-04,+9.910000E+37,+1.286724E+03,+3.584400E+04,+4.469919E+00,+2.993500E-04,+9.910000E+37,+1.286791E+03,+3.584400E+04,-1.515821E-02,+0.000000E+00,+9.910000E+37,+1.286856E+03,+3.584400E+04
11:18:29,0e0,+4.700199E+00,+3.340500E-04,+9.910000E+37,+1.287083E+03,+3.584400E+04,+4.692465E+00,+3.340500E-04,+9.910000E+37,+1.287149E+03,+3.584400E+04,+4.691968E+00,+3.340500E-04,+9.910000E+37,+1.287216E+03,+3.584400E+04,-1.442957E-02,+0.000000E+00,+9.910000E+37,+1.287283E+03,+3.584400E+04
11:18:29,0e0,+4.924757E+00,+3.727500E-04,+9.910000E+37,+1.287509E+03,+3.584400E+04,+4.918070E+00,+3.727500E-04,+9.910000E+37,+1.287575E+03,+3.584400E+04,+4.917387E+00,+3.727500E-04,+9.910000E+37,+1.287643E+03,+3.584400E+04,-1.479393E-02,+0.000000E+00,+9.910000E+37,+1.287710E+03,+3.584400E+04
11:18:29,0e0,+5.149545E+00,+4.159500E-04,+9.910000E+37,+1.287936E+03,+3.584400E+04,+5.142116E+00,+4.159500E-04,+9.910000E+37,+1.288003E+03,+3.584400E+04,+5.142762E+00,+4.159500E-04,+9.910000E+37,+1.288069E+03,+3.584400E+04,-1.283626E-02,+0.000000E+00,+9.910000E+37,+1.288136E+03,+3.584400E+04
11:18:29,0e0,+5.369771E+00,+4.641500E-04,+9.910000E+37,+1.288360E+03,+3.584400E+04,+5.363802E+00,+4.641500E-04,+9.910000E+37,+1.288427E+03,+3.584400E+04,+5.363763E+00,+4.641500E-04,+9.910000E+37,+1.288494E+03,+3.584400E+04,-1.638784E-02,+0.000000E+00,+9.910000E+37,+1.288561E+03,+3.584400E+04
11:18:29,0e0,+5.586870E+00,+5.179500E-04,+9.910000E+37,+1.288784E+03,+3.584400E+04,+5.580631E+00,+5.179500E-04,+9.910000E+37,+1.288851E+03,+3.584400E+04,+5.579754E+00,+5.179500E-04,+9.910000E+37,+1.288917E+03,+3.584400E+04,-1.575045E-02,+0.000000E+00,+9.910000E+37,+1.288984E+03,+3.584400E+04
11:18:29,0e0,+5.795115E+00,+5.779500E-04,+9.910000E+37,+1.289208E+03,+3.584400E+04,+5.789424E+00,+5.779500E-04,+9.910000E+37,+1.289274E+03,+3.584400E+04,+5.788923E+00,+5.779500E-04,+9.910000E+37,+1.289342E+03,+3.584400E+04,-1.402006E-02,+0.000000E+00,+9.910000E+37,+1.289407E+03,+3.584400E+04
11:18:29,0e0,+5.995632E+00,+6.449500E-04,+9.910000E+37,+1.289628E+03,+3.584400E+04,+5.992439E+00,+6.449500E-04,+9.910000E+37,+1.289695E+03,+3.584400E+04,+5.990537E+00,+6.449500E-04,+9.910000E+37,+1.289762E+03,+3.584400E+04,-1.465748E-02,+0.000000E+00,+9.910000E+37,+1.289829E+03,+3.584400E+04
11:18:29,0e0,+6.190874E+00,+7.197000E-04,+9.910000E+37,+1.290052E+03,+3.584400E+04,+6.185210E+00,+7.197000E-04,+9.910000E+37,+1.290119E+03,+3.584400E+04,+6.184350E+00,+7.197000E-04,+9.910000E+37,+1.290185E+03,+3.584400E+04,-1.511279E-02,+0.000000E+00,+9.910000E+37,+1.290251E+03,+3.584400E+04
11:18:29,0e0,+6.375578E+00,+8.031000E-04,+9.910000E+37,+1.290477E+03,+3.584400E+04,+6.372667E+00,+8.031000E-04,+9.910000E+37,+1.290543E+03,+3.584400E+04,+6.369762E+00,+8.031000E-04,+9.910000E+37,+1.290609E+03,+3.584400E+04,-1.561348E-02,+0.000000E+00,+9.910000E+37,+1.290677E+03,+3.584400E+04
11:18:29,0e0,+6.553956E+00,+8.961500E-04,+9.910000E+37,+1.290901E+03,+3.584400E+04,+6.550512E+00,+8.961500E-04,+9.910000E+37,+1.290969E+03,+3.584400E+04,+6.550150E+00,+8.961500E-04,+9.910000E+37,+1.291035E+03,+3.584400E+04,-1.511270E-02,+0.000000E+00,+9.910000E+37,+1.291103E+03,+3.584400E+04
11:18:29,0e0,+6.726764E+00,+1.000000E-03,+9.910000E+37,+1.291322E+03,+3.584400E+04,+6.723918E+00,+1.000000E-03,+9.910000E+37,+1.291388E+03,+3.584400E+04,+6.720638E+00,+1.000000E-03,+9.910000E+37,+1.291455E+03,+3.584400E+04,-1.602367E-02,+0.000000E+00,+9.910000E+37,+1.291521E+03,+3.584400E+04
11:18:29,0e0,+6.880963E+00,+1.116000E-03,+9.910000E+37,+1.291745E+03,+3.584400E+04,+6.879225E+00,+1.116000E-03,+9.910000E+37,+1.291811E+03,+3.584400E+04,+6.875441E+00,+1.116000E-03,+9.910000E+37,+1.291877E+03,+3.584400E+04,-2.224567E-01,+0.000000E+00,+9.910000E+37,+1.291944E+03,+3.584400E+04
11:18:29,0e0,+7.045134E+00,+1.245000E-03,+9.910000E+37,+1.292164E+03,+3.584400E+04,+7.041349E+00,+1.245000E-03,+9.910000E+37,+1.292230E+03,+3.584400E+04,+7.040725E+00,+1.245000E-03,+9.910000E+37,+1.292298E+03,+3.584400E+04,-2.279661E-01,+0.000000E+00,+9.910000E+37,+1.292363E+03,+3.584400E+04
11:18:29,0e0,+7.204364E+00,+1.389500E-03,+9.910000E+37,+1.292585E+03,+3.584400E+04,+7.204182E+00,+1.389500E-03,+9.910000E+37,+1.292652E+03,+3.584400E+04,+7.201995E+00,+1.389500E-03,+9.910000E+37,+1.292720E+03,+3.584400E+04,-2.212729E-01,+0.000000E+00,+9.910000E+37,+1.292785E+03,+3.584400E+04
11:18:29,0e0,+7.366729E+00,+1.550500E-03,+9.910000E+37,+1.293006E+03,+3.584400E+04,+7.363527E+00,+1.550500E-03,+9.910000E+37,+1.293072E+03,+3.584400E+04,+7.361169E+00,+1.550500E-03,+9.910000E+37,+1.293139E+03,+3.584400E+04,-2.225933E-01,+0.000000E+00,+9.910000E+37,+1.293204E+03,+3.584400E+04
11:18:29,0e0,+7.524616E+00,+1.730000E-03,+9.910000E+37,+1.293428E+03,+3.584400E+04,+7.521702E+00,+1.730000E-03,+9.910000E+37,+1.293494E+03,+3.584400E+04,+7.520718E+00,+1.730000E-03,+9.910000E+37,+1.293561E+03,+3.584400E+04,-2.155816E-01,+0.000000E+00,+9.910000E+37,+1.293628E+03,+3.584400E+04
11:18:29,0e0,+7.682930E+00,+1.930500E-03,+9.910000E+37,+1.293850E+03,+3.584400E+04,+7.681050E+00,+1.930500E-03,+9.910000E+37,+1.293916E+03,+3.584400E+04,+7.679789E+00,+1.930500E-03,+9.910000E+37,+1.293982E+03,+3.584400E+04,-2.211363E-01,+0.000000E+00,+9.910000E+37,+1.294050E+03,+3.584400E+04
11:18:29,0e0,+7.842048E+00,+2.154500E-03,+9.910000E+37,+1.294271E+03,+3.584400E+04,+7.842235E+00,+2.154500E-03,+9.910000E+37,+1.294337E+03,+3.584400E+04,+7.839499E+00,+2.154500E-03,+9.910000E+37,+1.294403E+03,+3.584400E+04,-2.159003E-01,+0.000000E+00,+9.910000E+37,+1.294471E+03,+3.584400E+04
11:18:29,0e0,+8.004141E+00,+2.404000E-03,+9.910000E+37,+1.294694E+03,+3.584400E+04,+8.004282E+00,+2.404000E-03,+9.910000E+37,+1.294761E+03,+3.584400E+04,+8.000591E+00,+2.404000E-03,+9.910000E+37,+1.294827E+03,+3.584400E+04,-2.056106E-01,+0.000000E+00,+9.910000E+37,+1.294895E+03,+3.584400E+04
11:18:29,0e0,+8.167007E+00,+2.682500E-03,+9.910000E+37,+1.295113E+03,+3.584400E+04,+8.167192E+00,+2.682500E-03,+9.910000E+37,+1.295180E+03,+3.584400E+04,+8.163441E+00,+2.682500E-03,+9.910000E+37,+1.295247E+03,+3.584400E+04,-2.075228E-01,+0.000000E+00,+9.910000E+37,+1.295313E+03,+3.584400E+04
11:18:29,0e0,+8.332405E+00,+2.993500E-03,+9.910000E+37,+1.295533E+03,+3.584400E+04,+8.331582E+00,+2.993500E-03,+9.910000E+37,+1.295600E+03,+3.584400E+04,+8.329763E+00,+2.993500E-03,+9.910000E+37,+1.295666E+03,+3.584400E+04,-1.995550E-01,+0.000000E+00,+9.910000E+37,+1.295732E+03,+3.584400E+04
11:18:29,0e0,+8.501739E+00,+3.340500E-03,+9.910000E+37,+1.295957E+03,+3.584400E+04,+8.500696E+00,+3.340500E-03,+9.910000E+37,+1.296023E+03,+3.584400E+04,+8.498216E+00,+3.340500E-03,+9.910000E+37,+1.296090E+03,+3.584400E+04,-2.020137E-01,+0.000000E+00,+9.910000E+37,+1.296157E+03,+3.584400E+04
11:18:29,0e0,+8.669869E+00,+3.727500E-03,+9.910000E+37,+1.296378E+03,+3.584400E+04,+8.673117E+00,+3.727500E-03,+9.910000E+37,+1.296444E+03,+3.584400E+04,+8.670438E+00,+3.727500E-03,+9.910000E+37,+1.296511E+03,+3.584400E+04,-1.955939E-01,+0.000000E+00,+9.910000E+37,+1.296579E+03,+3.584400E+04
11:18:29,0e0,+8.844483E+00,+4.159500E-03,+9.910000E+37,+1.296807E+03,+3.584400E+04,+8.845992E+00,+4.159500E-03,+9.910000E+37,+1.296874E+03,+3.584400E+04,+8.844024E+00,+4.159500E-03,+9.910000E+37,+1.296941E+03,+3.584400E+04,-1.963224E-01,+0.000000E+00,+9.910000E+37,+1.297008E+03,+3.584400E+04
11:18:29,0e0,+9.021409E+00,+4.641500E-03,+9.910000E+37,+1.297234E+03,+3.584400E+04,+9.024790E+00,+4.641500E-03,+9.910000E+37,+1.297301E+03,+3.584400E+04,+9.022268E+00,+4.641500E-03,+9.910000E+37,+1.297367E+03,+3.584400E+04,-1.849399E-01,+0.000000E+00,+9.910000E+37,+1.297434E+03,+3.584400E+04
11:18:29,0e0,+9.203613E+00,+5.179500E-03,+9.910000E+37,+1.297656E+03,+3.584400E+04,+9.206211E+00,+5.179500E-03,+9.910000E+37,+1.297723E+03,+3.584400E+04,+9.203335E+00,+5.179500E-03,+9.910000E+37,+1.297789E+03,+3.584400E+04,-1.734207E-01,+0.000000E+00,+9.910000E+37,+1.297856E+03,+3.584400E+04
11:18:29,0e0,+9.389195E+00,+5.779500E-03,+9.910000E+37,+1.298080E+03,+3.584400E+04,+9.391527E+00,+5.779500E-03,+9.910000E+37,+1.298146E+03,+3.584400E+04,+9.390026E+00,+5.779500E-03,+9.910000E+37,+1.298213E+03,+3.584400E+04,-1.710077E-01,+0.000000E+00,+9.910000E+37,+1.298279E+03,+3.584400E+04
11:18:29,0e0,+9.580164E+00,+6.449500E-03,+9.910000E+37,+1.298505E+03,+3.584400E+04,+9.581761E+00,+6.449500E-03,+9.910000E+37,+1.298571E+03,+3.584400E+04,+9.580129E+00,+6.449500E-03,+9.910000E+37,+1.298638E+03,+3.584400E+04,-1.619928E-01,+0.000000E+00,+9.910000E+37,+1.298704E+03,+3.584400E+04
11:18:29,0e0,+9.772462E+00,+7.197000E-03,+9.910000E+37,+1.298930E+03,+3.584400E+04,+9.774885E+00,+7.197000E-03,+9.910000E+37,+1.298996E+03,+3.584400E+04,+9.774044E+00,+7.197000E-03,+9.910000E+37,+1.299063E+03,+3.584400E+04,-1.603993E-01,+0.000000E+00,+9.910000E+37,+1.299129E+03,+3.584400E+04
11:18:29,0e0,+9.973269E+00,+8.031000E-03,+9.910000E+37,+1.299354E+03,+3.584400E+04,+9.972341E+00,+8.031000E-03,+9.910000E+37,+1.299421E+03,+3.584400E+04,+9.973281E+00,+8.031000E-03,+9.910000E+37,+1.299488E+03,+3.584400E+04,-1.434164E-01,+0.000000E+00,+9.910000E+37,+1.299554E+03,+3.584400E+04
11:18:29,0e0,+1.017697E+01,+8.961500E-03,+9.910000E+37,+1.299774E+03,+3.584400E+04,+1.017640E+01,+8.961500E-03,+9.910000E+37,+1.299842E+03,+3.584400E+04,+1.017473E+01,+8.961500E-03,+9.910000E+37,+1.299907E+03,+3.584400E+04,-1.393643E-01,+0.000000E+00,+9.910000E+37,+1.299974E+03,+3.584400E+04
