11:06:53,0e0,-3.701571E+00,+1.000000E-07,+9.910000E+37,+5.731592E+02,+3.584400E+04,+3.188691E-02,+1.000000E-07,+9.910000E+37,+5.732256E+02,+3.584400E+04,+2.924547E-02,+1.000000E-07,+9.910000E+37,+5.732920E+02,+3.584400E+04,-2.238765E-02,+0.000000E+00,+9.910000E+37,+5.733584E+02,+3.584400E+04
11:06:53,0e0,-5.012482E+00,+1.116000E-07,+9.910000E+37,+5.735820E+02,+3.584400E+04,+3.434557E-02,+1.116000E-07,+9.910000E+37,+5.736484E+02,+3.584400E+04,+3.452784E-02,+1.116000E-07,+9.910000E+37,+5.737148E+02,+3.584400E+04,-2.307028E-02,+0.000000E+00,+9.910000E+37,+5.737822E+02,+3.584400E+04
11:06:53,0e0,-2.749838E+00,+1.245000E-07,+9.910000E+37,+5.740078E+02,+3.584400E+04,+3.817031E-02,+1.245000E-07,+9.910000E+37,+5.740742E+02,+3.584400E+04,+3.675875E-02,+1.245000E-07,+9.910000E+37,+5.741406E+02,+3.584400E+04,-2.439065E-02,+0.000000E+00,+9.910000E+37,+5.742070E+02,+3.584400E+04
11:06:53,0e0,-1.797835E+00,+1.389500E-07,+9.910000E+37,+5.744307E+02,+3.584400E+04,+4.035583E-02,+1.389500E-07,+9.910000E+37,+5.744980E+02,+3.584400E+04,+4.153970E-02,+1.389500E-07,+9.910000E+37,+5.745635E+02,+3.584400E+04,-2.329838E-02,+0.000000E+00,+9.910000E+37,+5.746299E+02,+3.584400E+04
11:06:53,0e0,-1.148004E+00,+1.550500E-07,+9.910000E+37,+5.748545E+02,+3.584400E+04,+4.349762E-02,+1.550500E-07,+9.910000E+37,+5.749209E+02,+3.584400E+04,+4.427144E-02,+1.550500E-07,+9.910000E+37,+5.749873E+02,+3.584400E+04,-2.379897E-02,+0.000000E+00,+9.910000E+37,+5.750547E+02,+3.584400E+04
11:06:53,0e0,-5.407475E-01,+1.730000E-07,+9.910000E+37,+5.752803E+02,+3.584400E+04,+4.745913E-02,+1.730000E-07,+9.910000E+37,+5.753467E+02,+3.584400E+04,+4.677597E-02,+1.730000E-07,+9.910000E+37,+5.754131E+02,+3.584400E+04,-2.338956E-02,+0.000000E+00,+9.910000E+37,+5.754795E+02,+3.584400E+04
11:06:53,0e0,-1.200604E-02,+1.930500E-07,+9.910000E+37,+5.757041E+02,+3.584400E+04,+4.964435E-02,+1.930500E-07,+9.910000E+37,+5.757705E+02,+3.584400E+04,+5.073744E-02,+1.930500E-07,+9.910000E+37,+5.758369E+02,+3.584400E+04,-2.215999E-02,+0.000000E+00,+9.910000E+37,+5.759033E+02,+3.584400E+04
11:06:53,0e0,+5.114695E-02,+2.154500E-07,+9.910000E+37,+5.761279E+02,+3.584400E+04,+5.419746E-02,+2.154500E-07,+9.910000E+37,+5.761943E+02,+3.584400E+04,+5.451635E-02,+2.154500E-07,+9.910000E+37,+5.762607E+02,+3.584400E+04,-2.206895E-02,+0.000000E+00,+9.910000E+37,+5.763271E+02,+3.584400E+04
11:06:53,0e0,+5.743039E-02,+2.404000E-07,+9.910000E+37,+5.765508E+02,+3.584400E+04,+5.797672E-02,+2.404000E-07,+9.910000E+37,+5.766172E+02,+3.584400E+04,+5.829567E-02,+2.404000E-07,+9.910000E+37,+5.766836E+02,+3.584400E+04,-2.475534E-02,+0.000000E+00,+9.910000E+37,+5.767500E+02,+3.584400E+04
11:06:53,0e0,+6.102762E-02,+2.682500E-07,+9.910000E+37,+5.769756E+02,+3.584400E+04,+6.102756E-02,+2.682500E-07,+9.910000E+37,+5.770420E+02,+3.584400E+04,+6.125492E-02,+2.682500E-07,+9.910000E+37,+5.771084E+02,+3.584400E+04,-2.247891E-02,+0.000000E+00,+9.910000E+37,+5.771758E+02,+3.584400E+04
11:06:53,0e0,+6.462446E-02,+2.993500E-07,+9.910000E+37,+5.774004E+02,+3.584400E+04,+6.553507E-02,+2.993500E-07,+9.910000E+37,+5.774668E+02,+3.584400E+04,+6.471589E-02,+2.993500E-07,+9.910000E+37,+5.775332E+02,+3.584400E+04,-2.316169E-02,+0.000000E+00,+9.910000E+37,+5.776006E+02,+3.584400E+04
11:06:53,0e0,+7.022524E-02,+3.340500E-07,+9.910000E+37,+5.778232E+02,+3.584400E+04,+6.967860E-02,+3.340500E-07,+9.910000E+37,+5.778896E+02,+3.584400E+04,+6.867707E-02,+3.340500E-07,+9.910000E+37,+5.779561E+02,+3.584400E+04,-2.343512E-02,+0.000000E+00,+9.910000E+37,+5.780225E+02,+3.584400E+04
11:06:53,0e0,+7.409546E-02,+3.727500E-07,+9.910000E+37,+5.782461E+02,+3.584400E+04,+7.345790E-02,+3.727500E-07,+9.910000E+37,+5.783125E+02,+3.584400E+04,+7.277468E-02,+3.727500E-07,+9.910000E+37,+5.783789E+02,+3.584400E+04,-5.289435E-02,+0.000000E+00,+9.910000E+37,+5.784453E+02,+3.584400E+04
11:06:53,0e0,+7.596168E-02,+4.159500E-07,+9.910000E+37,+5.786699E+02,+3.584400E+04,+7.801095E-02,+4.159500E-07,+9.910000E+37,+5.787373E+02,+3.584400E+04,+7.719147E-02,+4.159500E-07,+9.910000E+37,+5.788037E+02,+3.584400E+04,-7.110700E-02,+0.000000E+00,+9.910000E+37,+5.788711E+02,+3.584400E+04
11:06:53,0e0,+8.101615E-02,+4.641500E-07,+9.910000E+37,+5.790947E+02,+3.584400E+04,+8.087912E-02,+4.641500E-07,+9.910000E+37,+5.791611E+02,+3.584400E+04,+8.074328E-02,+4.641500E-07,+9.910000E+37,+5.792275E+02,+3.584400E+04,-3.424417E-01,+0.000000E+00,+9.910000E+37,+5.792939E+02,+3.584400E+04
11:06:53,0e0,+8.666193E-02,+5.179500E-07,+9.910000E+37,+5.795186E+02,+3.584400E+04,+8.611572E-02,+5.179500E-07,+9.910000E+37,+5.795850E+02,+3.584400E+04,+8.556944E-02,+5.179500E-07,+9.910000E+37,+5.796514E+02,+3.584400E+04,-7.492526E-01,+0.000000E+00,+9.910000E+37,+5.797178E+02,+3.584400E+04
11:06:53,0e0,+8.912048E-02,+5.779500E-07,+9.910000E+37,+5.799434E+02,+3.584400E+04,+8.962166E-02,+5.779500E-07,+9.910000E+37,+5.800098E+02,+3.584400E+04,+8.962160E-02,+5.779500E-07,+9.910000E+37,+5.800771E+02,+3.584400E+04,-1.754577E+00,+0.000000E+00,+9.910000E+37,+5.801436E+02,+3.584400E+04
11:06:53,0e0,+9.476691E-02,+6.449500E-07,+9.910000E+37,+5.803691E+02,+3.584400E+04,+9.362832E-02,+6.449500E-07,+9.910000E+37,+5.804355E+02,+3.584400E+04,+9.371990E-02,+6.449500E-07,+9.910000E+37,+5.805020E+02,+3.584400E+04,-2.794096E+00,+0.000000E+00,+9.910000E+37,+5.805684E+02,+3.584400E+04
11:06:53,0e0,+9.886467E-02,+7.197000E-07,+9.910000E+37,+5.807930E+02,+3.584400E+04,+9.963879E-02,+7.197000E-07,+9.910000E+37,+5.808604E+02,+3.584400E+04,+9.827304E-02,+7.197000E-07,+9.910000E+37,+5.809258E+02,+3.584400E+04,-4.568733E+00,+0.000000E+00,+9.910000E+37,+5.809922E+02,+3.584400E+04
11:06:53,0e0,+1.041917E-01,+8.031000E-07,+9.910000E+37,+5.812178E+02,+3.584400E+04,+1.047840E-01,+8.031000E-07,+9.910000E+37,+5.812832E+02,+3.584400E+04,+1.032811E-01,+8.031000E-07,+9.910000E+37,+5.813496E+02,+3.584400E+04,-6.400486E+00,+0.000000E+00,+9.910000E+37,+5.814170E+02,+3.584400E+04
11:06:53,0e0,+1.083809E-01,+8.961500E-07,+9.910000E+37,+5.816416E+02,+3.584400E+04,+1.094282E-01,+8.961500E-07,+9.910000E+37,+5.817080E+02,+3.584400E+04,+1.074702E-01,+8.961500E-07,+9.910000E+37,+5.817744E+02,+3.584400E+04,-8.443321E+00,+0.000000E+00,+9.910000E+37,+5.818408E+02,+3.584400E+04
11:06:53,0e0,+1.138451E-01,+1.000000E-06,+9.910000E+37,+5.820625E+02,+3.584400E+04,+1.139813E-01,+1.000000E-06,+9.910000E+37,+5.821289E+02,+3.584400E+04,+1.143455E-01,+1.000000E-06,+9.910000E+37,+5.821953E+02,+3.584400E+04,-1.059012E+01,+0.000000E+00,+9.910000E+37,+5.822607E+02,+3.584400E+04
11:06:53,0e0,+1.086090E-01,+1.116000E-06,+9.910000E+37,+5.824844E+02,+3.584400E+04,+1.071975E-01,+1.116000E-06,+9.910000E+37,+5.825518E+02,+3.584400E+04,+1.068332E-01,+1.116000E-06,+9.910000E+37,+5.826172E+02,+3.584400E+04,-2.411819E-02,+0.000000E+00,+9.910000E+37,+5.826836E+02,+3.584400E+04
11:06:53,0e0,+1.117502E-01,+1.245000E-06,+9.910000E+37,+5.829082E+02,+3.584400E+04,+1.114315E-01,+1.245000E-06,+9.910000E+37,+5.829756E+02,+3.584400E+04,+1.121146E-01,+1.245000E-06,+9.910000E+37,+5.830410E+02,+3.584400E+04,-2.466416E-02,+0.000000E+00,+9.910000E+37,+5.831074E+02,+3.584400E+04
11:06:53,0e0,+1.156660E-01,+1.389500E-06,+9.910000E+37,+5.833330E+02,+3.584400E+04,+1.163946E-01,+1.389500E-06,+9.910000E+37,+5.833994E+02,+3.584400E+04,+1.159389E-01,+1.389500E-06,+9.910000E+37,+5.834648E+02,+3.584400E+04,-2.457340E-02,+0.000000E+00,+9.910000E+37,+5.835312E+02,+3.584400E+04
11:06:53,0e0,+1.204464E-01,+1.550500E-06,+9.910000E+37,+5.837578E+02,+3.584400E+04,+1.203558E-01,+1.550500E-06,+9.910000E+37,+5.838242E+02,+3.584400E+04,+1.205836E-01,+1.550500E-06,+9.910000E+37,+5.838896E+02,+3.584400E+04,-2.370837E-02,+0.000000E+00,+9.910000E+37,+5.839561E+02,+3.584400E+04
11:06:53,0e0,+1.250911E-01,+1.730000E-06,+9.910000E+37,+5.841807E+02,+3.584400E+04,+1.241346E-01,+1.730000E-06,+9.910000E+37,+5.842471E+02,+3.584400E+04,+1.260475E-01,+1.730000E-06,+9.910000E+37,+5.843135E+02,+3.584400E+04,-2.557509E-02,+0.000000E+00,+9.910000E+37,+5.843799E+02,+3.584400E+04
11:06:53,0e0,+1.296904E-01,+1.930500E-06,+9.910000E+37,+5.846045E+02,+3.584400E+04,+1.314204E-01,+1.930500E-06,+9.910000E+37,+5.846709E+02,+3.584400E+04,+1.302369E-01,+1.930500E-06,+9.910000E+37,+5.847383E+02,+3.584400E+04,-2.471004E-02,+0.000000E+00,+9.910000E+37,+5.848057E+02,+3.584400E+04
11:06:53,0e0,+1.357912E-01,+2.154500E-06,+9.910000E+37,+5.850313E+02,+3.584400E+04,+1.340149E-01,+2.154500E-06,+9.910000E+37,+5.850986E+02,+3.584400E+04,+1.351994E-01,+2.154500E-06,+9.910000E+37,+5.851641E+02,+3.584400E+04,-2.484675E-02,+0.000000E+00,+9.910000E+37,+5.852305E+02,+3.584400E+04
11:06:53,0e0,+1.409819E-01,+2.404000E-06,+9.910000E+37,+5.854561E+02,+3.584400E+04,+1.415739E-01,+2.404000E-06,+9.910000E+37,+5.855234E+02,+3.584400E+04,+1.406632E-01,+2.404000E-06,+9.910000E+37,+5.855889E+02,+3.584400E+04,-2.379943E-02,+0.000000E+00,+9.910000E+37,+5.856553E+02,+3.584400E+04
11:06:53,0e0,+1.455805E-01,+2.682500E-06,+9.910000E+37,+5.858818E+02,+3.584400E+04,+1.456260E-01,+2.682500E-06,+9.910000E+37,+5.859492E+02,+3.584400E+04,+1.442150E-01,+2.682500E-06,+9.910000E+37,+5.860146E+02,+3.584400E+04,-2.448237E-02,+0.000000E+00,+9.910000E+37,+5.860811E+02,+3.584400E+04
11:06:53,0e0,+1.517276E-01,+2.993500E-06,+9.910000E+37,+5.863057E+02,+3.584400E+04,+1.505892E-01,+2.993500E-06,+9.910000E+37,+5.863721E+02,+3.584400E+04,+1.509534E-01,+2.993500E-06,+9.910000E+37,+5.864385E+02,+3.584400E+04,-2.439123E-02,+0.000000E+00,+9.910000E+37,+5.865049E+02,+3.584400E+04
11:06:53,0e0,+1.557338E-01,+3.340500E-06,+9.910000E+37,+5.867295E+02,+3.584400E+04,+1.568727E-01,+3.340500E-06,+9.910000E+37,+5.867959E+02,+3.584400E+04,+1.564628E-01,+3.340500E-06,+9.910000E+37,+5.868633E+02,+3.584400E+04,-2.521063E-02,+0.000000E+00,+9.910000E+37,+5.869307E+02,+3.584400E+04
11:06:53,0e0,+1.618812E-01,+3.727500E-06,+9.910000E+37,+5.871553E+02,+3.584400E+04,+1.621543E-01,+3.727500E-06,+9.910000E+37,+5.872217E+02,+3.584400E+04,+1.627919E-01,+3.727500E-06,+9.910000E+37,+5.872881E+02,+3.584400E+04,-5.029900E-02,+0.000000E+00,+9.910000E+37,+5.873545E+02,+3.584400E+04
11:06:53,0e0,+1.681190E-01,+4.159500E-06,+9.910000E+37,+5.875801E+02,+3.584400E+04,+1.678459E-01,+4.159500E-06,+9.910000E+37,+5.876465E+02,+3.584400E+04,+1.691662E-01,+4.159500E-06,+9.910000E+37,+5.877129E+02,+3.584400E+04,-5.976982E-02,+0.000000E+00,+9.910000E+37,+5.877803E+02,+3.584400E+04
11:06:53,0e0,+1.748123E-01,+4.641500E-06,+9.910000E+37,+5.880059E+02,+3.584400E+04,+1.738557E-01,+4.641500E-06,+9.910000E+37,+5.880723E+02,+3.584400E+04,+1.749944E-01,+4.641500E-06,+9.910000E+37,+5.881377E+02,+3.584400E+04,-3.446273E-01,+0.000000E+00,+9.910000E+37,+5.882041E+02,+3.584400E+04
11:06:53,0e0,+1.802760E-01,+5.179500E-06,+9.910000E+37,+5.884297E+02,+3.584400E+04,+1.805491E-01,+5.179500E-06,+9.910000E+37,+5.884961E+02,+3.584400E+04,+1.801850E-01,+5.179500E-06,+9.910000E+37,+5.885635E+02,+3.584400E+04,-7.409187E-01,+0.000000E+00,+9.910000E+37,+5.886309E+02,+3.584400E+04
11:06:53,0e0,+1.883815E-01,+5.779500E-06,+9.910000E+37,+5.888564E+02,+3.584400E+04,+1.881986E-01,+5.779500E-06,+9.910000E+37,+5.889229E+02,+3.584400E+04,+1.873337E-01,+5.779500E-06,+9.910000E+37,+5.889893E+02,+3.584400E+04,-1.695654E+00,+0.000000E+00,+9.910000E+37,+5.890557E+02,+3.584400E+04
11:06:53,0e0,+1.948464E-01,+6.449500E-06,+9.910000E+37,+5.892783E+02,+3.584400E+04,+1.948463E-01,+6.449500E-06,+9.910000E+37,+5.893447E+02,+3.584400E+04,+1.945730E-01,+6.449500E-06,+9.910000E+37,+5.894111E+02,+3.584400E+04,-2.697197E+00,+0.000000E+00,+9.910000E+37,+5.894775E+02,+3.584400E+04
11:06:53,0e0,+2.017218E-01,+7.197000E-06,+9.910000E+37,+5.897031E+02,+3.584400E+04,+2.019949E-01,+7.197000E-06,+9.910000E+37,+5.897695E+02,+3.584400E+04,+2.024049E-01,+7.197000E-06,+9.910000E+37,+5.898350E+02,+3.584400E+04,-4.524020E+00,+0.000000E+00,+9.910000E+37,+5.899014E+02,+3.584400E+04
11:06:53,0e0,+2.095991E-01,+8.031000E-06,+9.910000E+37,+5.901260E+02,+3.584400E+04,+2.102364E-01,+8.031000E-06,+9.910000E+37,+5.901924E+02,+3.584400E+04,+2.085972E-01,+8.031000E-06,+9.910000E+37,+5.902588E+02,+3.584400E+04,-6.225304E+00,+0.000000E+00,+9.910000E+37,+5.903252E+02,+3.584400E+04
11:06:53,0e0,+2.171571E-01,+8.961500E-06,+9.910000E+37,+5.905527E+02,+3.584400E+04,+2.169749E-01,+8.961500E-06,+9.910000E+37,+5.906191E+02,+3.584400E+04,+2.162459E-01,+8.961500E-06,+9.910000E+37,+5.906846E+02,+3.584400E+04,-8.407552E+00,+0.000000E+00,+9.910000E+37,+5.907510E+02,+3.584400E+04
11:06:53,0e0,+2.255351E-01,+1.000000E-05,+9.910000E+37,+5.909736E+02,+3.584400E+04,+2.256718E-01,+1.000000E-05,+9.910000E+37,+5.910400E+02,+3.584400E+04,+2.258993E-01,+1.000000E-05,+9.910000E+37,+5.911064E+02,+3.584400E+04,-1.035264E+01,+0.000000E+00,+9.910000E+37,+5.911729E+02,+3.584400E+04
11:06:53,0e0,+2.231676E-01,+1.116000E-05,+9.910000E+37,+5.913906E+02,+3.584400E+04,+2.232129E-01,+1.116000E-05,+9.910000E+37,+5.914561E+02,+3.584400E+04,+2.220747E-01,+1.116000E-05,+9.910000E+37,+5.915225E+02,+3.584400E+04,-3.805098E-02,+0.000000E+00,+9.910000E+37,+5.915889E+02,+3.584400E+04
11:06:53,0e0,+2.304978E-01,+1.245000E-05,+9.910000E+37,+5.918047E+02,+3.584400E+04,+2.302704E-01,+1.245000E-05,+9.910000E+37,+5.918721E+02,+3.584400E+04,+2.303159E-01,+1.245000E-05,+9.910000E+37,+5.919375E+02,+3.584400E+04,-3.850639E-02,+0.000000E+00,+9.910000E+37,+5.920059E+02,+3.584400E+04
11:06:53,0e0,+2.387392E-01,+1.389500E-05,+9.910000E+37,+5.922246E+02,+3.584400E+04,+2.385116E-01,+1.389500E-05,+9.910000E+37,+5.922910E+02,+3.584400E+04,+2.381928E-01,+1.389500E-05,+9.910000E+37,+5.923584E+02,+3.584400E+04,-3.859739E-02,+0.000000E+00,+9.910000E+37,+5.924287E+02,+3.584400E+04
11:06:53,0e0,+2.464340E-01,+1.550500E-05,+9.910000E+37,+5.926494E+02,+3.584400E+04,+2.475727E-01,+1.550500E-05,+9.910000E+37,+5.927158E+02,+3.584400E+04,+2.473454E-01,+1.550500E-05,+9.910000E+37,+5.927822E+02,+3.584400E+04,-3.796013E-02,+0.000000E+00,+9.910000E+37,+5.928506E+02,+3.584400E+04
11:06:53,0e0,+2.559048E-01,+1.730000E-05,+9.910000E+37,+5.930693E+02,+3.584400E+04,+2.551310E-01,+1.730000E-05,+9.910000E+37,+5.931367E+02,+3.584400E+04,+2.562692E-01,+1.730000E-05,+9.910000E+37,+5.932090E+02,+3.584400E+04,-3.950824E-02,+0.000000E+00,+9.910000E+37,+5.932812E+02,+3.584400E+04
11:06:53,0e0,+2.642370E-01,+1.930500E-05,+9.910000E+37,+5.934922E+02,+3.584400E+04,+2.644193E-01,+1.930500E-05,+9.910000E+37,+5.935586E+02,+3.584400E+04,+2.645558E-01,+1.930500E-05,+9.910000E+37,+5.936250E+02,+3.584400E+04,-3.923510E-02,+0.000000E+00,+9.910000E+37,+5.936914E+02,+3.584400E+04
11:06:53,0e0,+2.738903E-01,+2.154500E-05,+9.910000E+37,+5.939033E+02,+3.584400E+04,+2.740724E-01,+2.154500E-05,+9.910000E+37,+5.939697E+02,+3.584400E+04,+2.732524E-01,+2.154500E-05,+9.910000E+37,+5.940371E+02,+3.584400E+04,-3.914404E-02,+0.000000E+00,+9.910000E+37,+5.941035E+02,+3.584400E+04
11:06:53,0e0,+2.839985E-01,+2.404000E-05,+9.910000E+37,+5.943174E+02,+3.584400E+04,+2.841351E-01,+2.404000E-05,+9.910000E+37,+5.943838E+02,+3.584400E+04,+2.831786E-01,+2.404000E-05,+9.910000E+37,+5.944502E+02,+3.584400E+04,-3.850645E-02,+0.000000E+00,+9.910000E+37,+5.945166E+02,+3.584400E+04
11:06:53,0e0,+2.930590E-01,+2.682500E-05,+9.910000E+37,+5.947314E+02,+3.584400E+04,+2.946988E-01,+2.682500E-05,+9.910000E+37,+5.947979E+02,+3.584400E+04,+2.937423E-01,+2.682500E-05,+9.910000E+37,+5.948633E+02,+3.584400E+04,-3.868859E-02,+0.000000E+00,+9.910000E+37,+5.949297E+02,+3.584400E+04
11:06:53,0e0,+3.033491E-01,+2.993500E-05,+9.910000E+37,+5.951455E+02,+3.584400E+04,+3.028485E-01,+2.993500E-05,+9.910000E+37,+5.952129E+02,+3.584400E+04,+3.048522E-01,+2.993500E-05,+9.910000E+37,+5.952783E+02,+3.584400E+04,-3.928052E-02,+0.000000E+00,+9.910000E+37,+5.953447E+02,+3.584400E+04
11:06:53,0e0,+3.147781E-01,+3.340500E-05,+9.910000E+37,+5.955605E+02,+3.584400E+04,+3.143228E-01,+3.340500E-05,+9.910000E+37,+5.956270E+02,+3.584400E+04,+3.139136E-01,+3.340500E-05,+9.910000E+37,+5.956943E+02,+3.584400E+04,-3.955369E-02,+0.000000E+00,+9.910000E+37,+5.957637E+02,+3.584400E+04
11:06:53,0e0,+3.250682E-01,+3.727500E-05,+9.910000E+37,+5.959854E+02,+3.584400E+04,+3.249772E-01,+3.727500E-05,+9.910000E+37,+5.960527E+02,+3.584400E+04,+3.247493E-01,+3.727500E-05,+9.910000E+37,+5.961240E+02,+3.584400E+04,-3.914393E-02,+0.000000E+00,+9.910000E+37,+5.961953E+02,+3.584400E+04
11:06:53,0e0,+3.360872E-01,+4.159500E-05,+9.910000E+37,+5.964102E+02,+3.584400E+04,+3.363147E-01,+4.159500E-05,+9.910000E+37,+5.964766E+02,+3.584400E+04,+3.352219E-01,+4.159500E-05,+9.910000E+37,+5.965420E+02,+3.584400E+04,-3.923485E-02,+0.000000E+00,+9.910000E+37,+5.966084E+02,+3.584400E+04
11:06:53,0e0,+3.470148E-01,+4.641500E-05,+9.910000E+37,+5.968184E+02,+3.584400E+04,+3.471513E-01,+4.641500E-05,+9.910000E+37,+5.968848E+02,+3.584400E+04,+3.476980E-01,+4.641500E-05,+9.910000E+37,+5.969512E+02,+3.584400E+04,-1.096734E-01,+0.000000E+00,+9.910000E+37,+5.970186E+02,+3.584400E+04
11:06:53,0e0,+3.584886E-01,+5.179500E-05,+9.910000E+37,+5.972334E+02,+3.584400E+04,+3.592174E-01,+5.179500E-05,+9.910000E+37,+5.972998E+02,+3.584400E+04,+3.591260E-01,+5.179500E-05,+9.910000E+37,+5.973662E+02,+3.584400E+04,-4.435294E-01,+0.000000E+00,+9.910000E+37,+5.974326E+02,+3.584400E+04
11:06:53,0e0,+3.715569E-01,+5.779500E-05,+9.910000E+37,+5.976514E+02,+3.584400E+04,+3.704640E-01,+5.779500E-05,+9.910000E+37,+5.977178E+02,+3.584400E+04,+3.702812E-01,+5.779500E-05,+9.910000E+37,+5.977842E+02,+3.584400E+04,-1.024374E+00,+0.000000E+00,+9.910000E+37,+5.978506E+02,+3.584400E+04
11:06:53,0e0,+3.829853E-01,+6.449500E-05,+9.910000E+37,+5.980664E+02,+3.584400E+04,+3.819838E-01,+6.449500E-05,+9.910000E+37,+5.981318E+02,+3.584400E+04,+3.831216E-01,+6.449500E-05,+9.910000E+37,+5.981982E+02,+3.584400E+04,-2.007798E+00,+0.000000E+00,+9.910000E+37,+5.982646E+02,+3.584400E+04
11:06:53,0e0,+3.944597E-01,+7.197000E-05,+9.910000E+37,+5.984785E+02,+3.584400E+04,+3.945960E-01,+7.197000E-05,+9.910000E+37,+5.985449E+02,+3.584400E+04,+3.950057E-01,+7.197000E-05,+9.910000E+37,+5.986113E+02,+3.584400E+04,-2.702709E+00,+0.000000E+00,+9.910000E+37,+5.986807E+02,+3.584400E+04
11:06:53,0e0,+4.069809E-01,+8.031000E-05,+9.910000E+37,+5.989043E+02,+3.584400E+04,+4.072995E-01,+8.031000E-05,+9.910000E+37,+5.989707E+02,+3.584400E+04,+4.074365E-01,+8.031000E-05,+9.910000E+37,+5.990361E+02,+3.584400E+04,-4.393514E+00,+0.000000E+00,+9.910000E+37,+5.991045E+02,+3.584400E+04
11:06:53,0e0,+4.197307E-01,+8.961500E-05,+9.910000E+37,+5.993281E+02,+3.584400E+04,+4.193197E-01,+8.961500E-05,+9.910000E+37,+5.993945E+02,+3.584400E+04,+4.205040E-01,+8.961500E-05,+9.910000E+37,+5.994619E+02,+3.584400E+04,-6.136996E+00,+0.000000E+00,+9.910000E+37,+5.995303E+02,+3.584400E+04
11:06:53,0e0,+4.320229E-01,+1.000000E-04,+9.910000E+37,+5.997490E+02,+3.584400E+04,+4.326151E-01,+1.000000E-04,+9.910000E+37,+5.998154E+02,+3.584400E+04,+4.327062E-01,+1.000000E-04,+9.910000E+37,+5.998828E+02,+3.584400E+04,-7.118865E+00,+0.000000E+00,+9.910000E+37,+5.999541E+02,+3.584400E+04
11:06:53,0e0,+4.337990E-01,+1.116000E-04,+9.910000E+37,+6.001807E+02,+3.584400E+04,+4.322050E-01,+1.116000E-04,+9.910000E+37,+6.002471E+02,+3.584400E+04,+4.332974E-01,+1.116000E-04,+9.910000E+37,+6.003145E+02,+3.584400E+04,-6.095958E-01,+0.000000E+00,+9.910000E+37,+6.003799E+02,+3.584400E+04
11:06:53,0e0,+4.454094E-01,+1.245000E-04,+9.910000E+37,+6.006035E+02,+3.584400E+04,+4.444990E-01,+1.245000E-04,+9.910000E+37,+6.006699E+02,+3.584400E+04,+4.443620E-01,+1.245000E-04,+9.910000E+37,+6.007373E+02,+3.584400E+04,-5.517658E-01,+0.000000E+00,+9.910000E+37,+6.008027E+02,+3.584400E+04
11:06:53,0e0,+4.565652E-01,+1.389500E-04,+9.910000E+37,+6.010293E+02,+3.584400E+04,+4.578851E-01,+1.389500E-04,+9.910000E+37,+6.010957E+02,+3.584400E+04,+4.576122E-01,+1.389500E-04,+9.910000E+37,+6.011631E+02,+3.584400E+04,-6.266257E-01,+0.000000E+00,+9.910000E+37,+6.012285E+02,+3.584400E+04
11:06:53,0e0,+4.689956E-01,+1.550500E-04,+9.910000E+37,+6.014551E+02,+3.584400E+04,+4.680850E-01,+1.550500E-04,+9.910000E+37,+6.015215E+02,+3.584400E+04,+4.682668E-01,+1.550500E-04,+9.910000E+37,+6.015879E+02,+3.584400E+04,-5.576856E-01,+0.000000E+00,+9.910000E+37,+6.016553E+02,+3.584400E+04
11:06:53,0e0,+4.804240E-01,+1.730000E-04,+9.910000E+37,+6.018750E+02,+3.584400E+04,+4.810609E-01,+1.730000E-04,+9.910000E+37,+6.019424E+02,+3.584400E+04,+4.802864E-01,+1.730000E-04,+9.910000E+37,+6.020078E+02,+3.584400E+04,-6.166533E-01,+0.000000E+00,+9.910000E+37,+6.020742E+02,+3.584400E+04
11:06:53,0e0,+4.932638E-01,+1.930500E-04,+9.910000E+37,+6.022949E+02,+3.584400E+04,+4.909860E-01,+1.930500E-04,+9.910000E+37,+6.023604E+02,+3.584400E+04,+4.928075E-01,+1.930500E-04,+9.910000E+37,+6.024268E+02,+3.584400E+04,-6.126921E-01,+0.000000E+00,+9.910000E+37,+6.024932E+02,+3.584400E+04
11:06:53,0e0,+5.046023E-01,+2.154500E-04,+9.910000E+37,+6.027168E+02,+3.584400E+04,+5.033720E-01,+2.154500E-04,+9.910000E+37,+6.027832E+02,+3.584400E+04,+5.046026E-01,+2.154500E-04,+9.910000E+37,+6.028506E+02,+3.584400E+04,-5.413836E-01,+0.000000E+00,+9.910000E+37,+6.029160E+02,+3.584400E+04
11:06:53,0e0,+5.158474E-01,+2.404000E-04,+9.910000E+37,+6.031406E+02,+3.584400E+04,+5.168955E-01,+2.404000E-04,+9.910000E+37,+6.032070E+02,+3.584400E+04,+5.173047E-01,+2.404000E-04,+9.910000E+37,+6.032734E+02,+3.584400E+04,-6.115991E-01,+0.000000E+00,+9.910000E+37,+6.033398E+02,+3.584400E+04
11:06:53,0e0,+5.300541E-01,+2.682500E-04,+9.910000E+37,+6.035615E+02,+3.584400E+04,+5.282326E-01,+2.682500E-04,+9.910000E+37,+6.036270E+02,+3.584400E+04,+5.295077E-01,+2.682500E-04,+9.910000E+37,+6.036934E+02,+3.584400E+04,-5.894692E-01,+0.000000E+00,+9.910000E+37,+6.037588E+02,+3.584400E+04
11:06:53,0e0,+5.419846E-01,+2.993500E-04,+9.910000E+37,+6.039814E+02,+3.584400E+04,+5.412098E-01,+2.993500E-04,+9.910000E+37,+6.040469E+02,+3.584400E+04,+5.411185E-01,+2.993500E-04,+9.910000E+37,+6.041143E+02,+3.584400E+04,-5.501720E-01,+0.000000E+00,+9.910000E+37,+6.041797E+02,+3.584400E+04
11:06:53,0e0,+5.552784E-01,+3.340500E-04,+9.910000E+37,+6.044053E+02,+3.584400E+04,+5.530476E-01,+3.340500E-04,+9.910000E+37,+6.044717E+02,+3.584400E+04,+5.541859E-01,+3.340500E-04,+9.910000E+37,+6.045381E+02,+3.584400E+04,-6.256236E-01,+0.000000E+00,+9.910000E+37,+6.046055E+02,+3.584400E+04
11:06:53,0e0,+5.683010E-01,+3.727500E-04,+9.910000E+37,+6.048242E+02,+3.584400E+04,+5.669804E-01,+3.727500E-04,+9.910000E+37,+6.048916E+02,+3.584400E+04,+5.660697E-01,+3.727500E-04,+9.910000E+37,+6.049570E+02,+3.584400E+04,-5.794513E-01,+0.000000E+00,+9.910000E+37,+6.050234E+02,+3.584400E+04
11:06:53,0e0,+5.812775E-01,+4.159500E-04,+9.910000E+37,+6.052461E+02,+3.584400E+04,+5.805038E-01,+4.159500E-04,+9.910000E+37,+6.053135E+02,+3.584400E+04,+5.799116E-01,+4.159500E-04,+9.910000E+37,+6.053809E+02,+3.584400E+04,-5.650167E-01,+0.000000E+00,+9.910000E+37,+6.054463E+02,+3.584400E+04
11:06:53,0e0,+5.934794E-01,+4.641500E-04,+9.910000E+37,+6.056670E+02,+3.584400E+04,+5.933889E-01,+4.641500E-04,+9.910000E+37,+6.057334E+02,+3.584400E+04,+5.931603E-01,+4.641500E-04,+9.910000E+37,+6.057988E+02,+3.584400E+04,-6.171997E-01,+0.000000E+00,+9.910000E+37,+6.058662E+02,+3.584400E+04
11:06:53,0e0,+6.078221E-01,+5.179500E-04,+9.910000E+37,+6.060928E+02,+3.584400E+04,+6.078680E-01,+5.179500E-04,+9.910000E+37,+6.061602E+02,+3.584400E+04,+6.070949E-01,+5.179500E-04,+9.910000E+37,+6.062256E+02,+3.584400E+04,-6.555859E-01,+0.000000E+00,+9.910000E+37,+6.062930E+02,+3.584400E+04
11:06:53,0e0,+6.222558E-01,+5.779500E-04,+9.910000E+37,+6.065244E+02,+3.584400E+04,+6.219835E-01,+5.779500E-04,+9.910000E+37,+6.065908E+02,+3.584400E+04,+6.220747E-01,+5.779500E-04,+9.910000E+37,+6.066572E+02,+3.584400E+04,-1.039128E+00,+0.000000E+00,+9.910000E+37,+6.067236E+02,+3.584400E+04
11:06:53,0e0,+6.372361E-01,+6.449500E-04,+9.910000E+37,+6.069502E+02,+3.584400E+04,+6.380096E-01,+6.449500E-04,+9.910000E+37,+6.070156E+02,+3.584400E+04,+6.374643E-01,+6.449500E-04,+9.910000E+37,+6.070820E+02,+3.584400E+04,-1.351725E+00,+0.000000E+00,+9.910000E+37,+6.071494E+02,+3.584400E+04
11:06:53,0e0,+6.535370E-01,+7.197000E-04,+9.910000E+37,+6.073779E+02,+3.584400E+04,+6.531728E-01,+7.197000E-04,+9.910000E+37,+6.074453E+02,+3.584400E+04,+6.529449E-01,+7.197000E-04,+9.910000E+37,+6.075107E+02,+3.584400E+04,-1.745102E+00,+0.000000E+00,+9.910000E+37,+6.075771E+02,+3.584400E+04
11:06:53,0e0,+6.699737E-01,+8.031000E-04,+9.910000E+37,+6.078018E+02,+3.584400E+04,+6.691544E-01,+8.031000E-04,+9.910000E+37,+6.078682E+02,+3.584400E+04,+6.691083E-01,+8.031000E-04,+9.910000E+37,+6.079355E+02,+3.584400E+04,-2.171035E+00,+0.000000E+00,+9.910000E+37,+6.080010E+02,+3.584400E+04
11:06:53,0e0,+6.857729E-01,+8.961500E-04,+9.910000E+37,+6.082236E+02,+3.584400E+04,+6.855909E-01,+8.961500E-04,+9.910000E+37,+6.082900E+02,+3.584400E+04,+6.851820E-01,+8.961500E-04,+9.910000E+37,+6.083564E+02,+3.584400E+04,-2.382638E+00,+0.000000E+00,+9.910000E+37,+6.084229E+02,+3.584400E+04
11:06:53,0e0,+7.025296E-01,+1.000000E-03,+9.910000E+37,+6.086406E+02,+3.584400E+04,+7.024841E-01,+1.000000E-03,+9.910000E+37,+6.087061E+02,+3.584400E+04,+7.038950E-01,+1.000000E-03,+9.910000E+37,+6.087734E+02,+3.584400E+04,-2.835392E+00,+0.000000E+00,+9.910000E+37,+6.088398E+02,+3.584400E+04
11:06:53,0e0,+7.071733E-01,+1.116000E-03,+9.910000E+37,+6.090605E+02,+3.584400E+04,+7.069907E-01,+1.116000E-03,+9.910000E+37,+6.091279E+02,+3.584400E+04,+7.076292E-01,+1.116000E-03,+9.910000E+37,+6.091934E+02,+3.584400E+04,-1.895731E+00,+0.000000E+00,+9.910000E+37,+6.092598E+02,+3.584400E+04
11:06:53,0e0,+7.234735E-01,+1.245000E-03,+9.910000E+37,+6.094805E+02,+3.584400E+04,+7.248855E-01,+1.245000E-03,+9.910000E+37,+6.095479E+02,+3.584400E+04,+7.249312E-01,+1.245000E-03,+9.910000E+37,+6.096133E+02,+3.584400E+04,-1.893179E+00,+0.000000E+00,+9.910000E+37,+6.096797E+02,+3.584400E+04
11:06:53,0e0,+7.424616E-01,+1.389500E-03,+9.910000E+37,+6.098994E+02,+3.584400E+04,+7.410486E-01,+1.389500E-03,+9.910000E+37,+6.099658E+02,+3.584400E+04,+7.423709E-01,+1.389500E-03,+9.910000E+37,+6.100332E+02,+3.584400E+04,-1.924599E+00,+0.000000E+00,+9.910000E+37,+6.100996E+02,+3.584400E+04
11:06:53,0e0,+7.592615E-01,+1.550500E-03,+9.910000E+37,+6.103262E+02,+3.584400E+04,+7.596715E-01,+1.550500E-03,+9.910000E+37,+6.103936E+02,+3.584400E+04,+7.592611E-01,+1.550500E-03,+9.910000E+37,+6.104600E+02,+3.584400E+04,-1.882663E+00,+0.000000E+00,+9.910000E+37,+6.105264E+02,+3.584400E+04
11:06:53,0e0,+7.784305E-01,+1.730000E-03,+9.910000E+37,+6.107559E+02,+3.584400E+04,+7.801173E-01,+1.730000E-03,+9.910000E+37,+6.108223E+02,+3.584400E+04,+7.792053E-01,+1.730000E-03,+9.910000E+37,+6.108887E+02,+3.584400E+04,-1.857483E+00,+0.000000E+00,+9.910000E+37,+6.109561E+02,+3.584400E+04
11:06:53,0e0,+7.986016E-01,+1.930500E-03,+9.910000E+37,+6.111826E+02,+3.584400E+04,+7.980119E-01,+1.930500E-03,+9.910000E+37,+6.112490E+02,+3.584400E+04,+7.983285E-01,+1.930500E-03,+9.910000E+37,+6.113154E+02,+3.584400E+04,-1.855660E+00,+0.000000E+00,+9.910000E+37,+6.113818E+02,+3.584400E+04
11:06:53,0e0,+8.195012E-01,+2.154500E-03,+9.910000E+37,+6.116074E+02,+3.584400E+04,+8.201854E-01,+2.154500E-03,+9.910000E+37,+6.116738E+02,+3.584400E+04,+8.192732E-01,+2.154500E-03,+9.910000E+37,+6.117402E+02,+3.584400E+04,-1.892408E+00,+0.000000E+00,+9.910000E+37,+6.118076E+02,+3.584400E+04
11:06:53,0e0,+8.391244E-01,+2.404000E-03,+9.910000E+37,+6.120303E+02,+3.584400E+04,+8.405824E-01,+2.404000E-03,+9.910000E+37,+6.120967E+02,+3.584400E+04,+8.398098E-01,+2.404000E-03,+9.910000E+37,+6.121631E+02,+3.584400E+04,-1.918133E+00,+0.000000E+00,+9.910000E+37,+6.122295E+02,+3.584400E+04
11:06:53,0e0,+8.625741E-01,+2.682500E-03,+9.910000E+37,+6.124531E+02,+3.584400E+04,+8.610710E-01,+2.682500E-03,+9.910000E+37,+6.125205E+02,+3.584400E+04,+8.612982E-01,+2.682500E-03,+9.910000E+37,+6.125859E+02,+3.584400E+04,-1.875466E+00,+0.000000E+00,+9.910000E+37,+6.126523E+02,+3.584400E+04
11:06:53,0e0,+8.861600E-01,+2.993500E-03,+9.910000E+37,+6.128770E+02,+3.584400E+04,+8.844763E-01,+2.993500E-03,+9.910000E+37,+6.129434E+02,+3.584400E+04,+8.854315E-01,+2.993500E-03,+9.910000E+37,+6.130107E+02,+3.584400E+04,-1.889631E+00,+0.000000E+00,+9.910000E+37,+6.130771E+02,+3.584400E+04
11:06:53,0e0,+9.091526E-01,+3.340500E-03,+9.910000E+37,+6.132988E+02,+3.584400E+04,+9.083345E-01,+3.340500E-03,+9.910000E+37,+6.133643E+02,+3.584400E+04,+9.088804E-01,+3.340500E-03,+9.910000E+37,+6.134307E+02,+3.584400E+04,-1.856435E+00,+0.000000E+00,+9.910000E+37,+6.134971E+02,+3.584400E+04
11:06:53,0e0,+9.336500E-01,+3.727500E-03,+9.910000E+37,+6.137197E+02,+3.584400E+04,+9.324204E-01,+3.727500E-03,+9.910000E+37,+6.137871E+02,+3.584400E+04,+9.343779E-01,+3.727500E-03,+9.910000E+37,+6.138525E+02,+3.584400E+04,-1.837811E+00,+0.000000E+00,+9.910000E+37,+6.139189E+02,+3.584400E+04
11:06:53,0e0,+9.597842E-01,+4.159500E-03,+9.910000E+37,+6.141406E+02,+3.584400E+04,+9.589193E-01,+4.159500E-03,+9.910000E+37,+6.142070E+02,+3.584400E+04,+9.600580E-01,+4.159500E-03,+9.910000E+37,+6.142744E+02,+3.584400E+04,-1.818141E+00,+0.000000E+00,+9.910000E+37,+6.143398E+02,+3.584400E+04
11:06:53,0e0,+9.880155E-01,+4.641500E-03,+9.910000E+37,+6.145625E+02,+3.584400E+04,+9.868321E-01,+4.641500E-03,+9.910000E+37,+6.146299E+02,+3.584400E+04,+9.876964E-01,+4.641500E-03,+9.910000E+37,+6.146973E+02,+3.584400E+04,-1.833848E+00,+0.000000E+00,+9.910000E+37,+6.147627E+02,+3.584400E+04
11:06:53,0e0,+1.015744E+00,+5.179500E-03,+9.910000E+37,+6.149863E+02,+3.584400E+04,+1.014834E+00,+5.179500E-03,+9.910000E+37,+6.150537E+02,+3.584400E+04,+1.016064E+00,+5.179500E-03,+9.910000E+37,+6.151191E+02,+3.584400E+04,-1.856797E+00,+0.000000E+00,+9.910000E+37,+6.151865E+02,+3.584400E+04
11:06:53,0e0,+1.045203E+00,+5.779500E-03,+9.910000E+37,+6.154072E+02,+3.584400E+04,+1.044657E+00,+5.779500E-03,+9.910000E+37,+6.154736E+02,+3.584400E+04,+1.044884E+00,+5.779500E-03,+9.910000E+37,+6.155410E+02,+3.584400E+04,-1.827836E+00,+0.000000E+00,+9.910000E+37,+6.156064E+02,+3.584400E+04
11:06:53,0e0,+1.076621E+00,+6.449500E-03,+9.910000E+37,+6.158291E+02,+3.584400E+04,+1.076576E+00,+6.449500E-03,+9.910000E+37,+6.158965E+02,+3.584400E+04,+1.076849E+00,+6.449500E-03,+9.910000E+37,+6.159639E+02,+3.584400E+04,-1.836671E+00,+0.000000E+00,+9.910000E+37,+6.160293E+02,+3.584400E+04
11:06:53,0e0,+1.108356E+00,+7.197000E-03,+9.910000E+37,+6.162520E+02,+3.584400E+04,+1.107856E+00,+7.197000E-03,+9.910000E+37,+6.163184E+02,+3.584400E+04,+1.107947E+00,+7.197000E-03,+9.910000E+37,+6.163857E+02,+3.584400E+04,-1.815223E+00,+0.000000E+00,+9.910000E+37,+6.164512E+02,+3.584400E+04
11:06:53,0e0,+1.142460E+00,+8.031000E-03,+9.910000E+37,+6.166729E+02,+3.584400E+04,+1.141731E+00,+8.031000E-03,+9.910000E+37,+6.167402E+02,+3.584400E+04,+1.141595E+00,+8.031000E-03,+9.910000E+37,+6.168057E+02,+3.584400E+04,-1.851837E+00,+0.000000E+00,+9.910000E+37,+6.168721E+02,+3.584400E+04
11:06:53,0e0,+1.177656E+00,+8.961500E-03,+9.910000E+37,+6.170947E+02,+3.584400E+04,+1.177200E+00,+8.961500E-03,+9.910000E+37,+6.171611E+02,+3.584400E+04,+1.177793E+00,+8.961500E-03,+9.910000E+37,+6.172285E+02,+3.584400E+04,-1.888217E+00,+0.000000E+00,+9.910000E+37,+6.172959E+02,+3.584400E+04
