16:12:37,0e0,-2.817227E-02,-1.300000E-07,+9.910000E+37,+2.649775E+02,+3.584400E+04,-2.921955E-02,-1.300000E-07,+9.910000E+37,+2.650449E+02,+3.584400E+04,-3.003900E-02,-1.300000E-07,+9.910000E+37,+2.651104E+02,+3.584400E+04,-2.712515E-02,+0.000000E+00,+9.910000E+37,+2.651777E+02,+3.584400E+04
16:12:37,0e0,-1.100695E-02,+1.415500E-05,+9.910000E+37,+2.654014E+02,+3.584400E+04,-1.068819E-02,+1.415500E-05,+9.910000E+37,+2.654668E+02,+3.584400E+04,-1.123469E-02,+1.415500E-05,+9.910000E+37,+2.655342E+02,+3.584400E+04,-2.739845E-02,+0.000000E+00,+9.910000E+37,+2.656006E+02,+3.584400E+04
16:12:37,0e0,+6.294757E-03,+2.844000E-05,+9.910000E+37,+2.658232E+02,+3.584400E+04,+7.433489E-03,+2.844000E-05,+9.910000E+37,+2.658906E+02,+3.584400E+04,+5.566224E-03,+2.844000E-05,+9.910000E+37,+2.659580E+02,+3.584400E+04,-2.789924E-02,+0.000000E+00,+9.910000E+37,+2.660234E+02,+3.584400E+04
16:12:37,0e0,+2.227680E-02,+4.272500E-05,+9.910000E+37,+2.662441E+02,+3.584400E+04,+2.368830E-02,+4.272500E-05,+9.910000E+37,+2.663115E+02,+3.584400E+04,+2.364288E-02,+4.272500E-05,+9.910000E+37,+2.663770E+02,+3.584400E+04,-2.771693E-02,+0.000000E+00,+9.910000E+37,+2.664443E+02,+3.584400E+04
16:12:37,0e0,+4.135472E-02,+5.701500E-05,+9.910000E+37,+2.666650E+02,+3.584400E+04,+4.171887E-02,+5.701500E-05,+9.910000E+37,+2.667305E+02,+3.584400E+04,+4.249296E-02,+5.701500E-05,+9.910000E+37,+2.667979E+02,+3.584400E+04,-2.890098E-02,+0.000000E+00,+9.910000E+37,+2.668643E+02,+3.584400E+04
16:12:37,0e0,+5.897534E-02,+7.130000E-05,+9.910000E+37,+2.670859E+02,+3.584400E+04,+6.011376E-02,+7.130000E-05,+9.910000E+37,+2.671533E+02,+3.584400E+04,+5.861121E-02,+7.130000E-05,+9.910000E+37,+2.672188E+02,+3.584400E+04,-2.812687E-02,+0.000000E+00,+9.910000E+37,+2.672861E+02,+3.584400E+04
16:12:37,0e0,+7.604975E-02,+8.558500E-05,+9.910000E+37,+2.675049E+02,+3.584400E+04,+7.641417E-02,+8.558500E-05,+9.910000E+37,+2.675723E+02,+3.584400E+04,+7.545811E-02,+8.558500E-05,+9.910000E+37,+2.676377E+02,+3.584400E+04,-2.826357E-02,+0.000000E+00,+9.910000E+37,+2.677061E+02,+3.584400E+04
16:12:37,0e0,+9.312418E-02,+9.987000E-05,+9.910000E+37,+2.679316E+02,+3.584400E+04,+9.403503E-02,+9.987000E-05,+9.910000E+37,+2.679980E+02,+3.584400E+04,+9.339756E-02,+9.987000E-05,+9.910000E+37,+2.680645E+02,+3.584400E+04,-2.758051E-02,+0.000000E+00,+9.910000E+37,+2.681318E+02,+3.584400E+04
16:12:37,0e0,+9.845141E-02,+1.141500E-04,+9.910000E+37,+2.683555E+02,+3.584400E+04,+9.849712E-02,+1.141500E-04,+9.910000E+37,+2.684219E+02,+3.584400E+04,+9.726766E-02,+1.141500E-04,+9.910000E+37,+2.684883E+02,+3.584400E+04,-2.776261E-02,+0.000000E+00,+9.910000E+37,+2.685547E+02,+3.584400E+04
16:12:37,0e0,+1.146157E-01,+1.284500E-04,+9.910000E+37,+2.687832E+02,+3.584400E+04,+1.130666E-01,+1.284500E-04,+9.910000E+37,+2.688506E+02,+3.584400E+04,+1.134769E-01,+1.284500E-04,+9.910000E+37,+2.689170E+02,+3.584400E+04,-2.767162E-02,+0.000000E+00,+9.910000E+37,+2.689844E+02,+3.584400E+04
16:12:37,0e0,+1.306877E-01,+1.427500E-04,+9.910000E+37,+2.692109E+02,+3.584400E+04,+1.293676E-01,+1.427500E-04,+9.910000E+37,+2.692764E+02,+3.584400E+04,+1.292310E-01,+1.427500E-04,+9.910000E+37,+2.693428E+02,+3.584400E+04,-2.712527E-02,+0.000000E+00,+9.910000E+37,+2.694092E+02,+3.584400E+04
16:12:37,0e0,+1.455774E-01,+1.570000E-04,+9.910000E+37,+2.696377E+02,+3.584400E+04,+1.430718E-01,+1.570000E-04,+9.910000E+37,+2.697051E+02,+3.584400E+04,+1.453035E-01,+1.570000E-04,+9.910000E+37,+2.697705E+02,+3.584400E+04,-2.717087E-02,+0.000000E+00,+9.910000E+37,+2.698379E+02,+3.584400E+04
16:12:37,0e0,+1.609666E-01,+1.713000E-04,+9.910000E+37,+2.700654E+02,+3.584400E+04,+1.613766E-01,+1.713000E-04,+9.910000E+37,+2.701328E+02,+3.584400E+04,+1.617859E-01,+1.713000E-04,+9.910000E+37,+2.701982E+02,+3.584400E+04,-2.585040E-02,+0.000000E+00,+9.910000E+37,+2.702646E+02,+3.584400E+04
16:12:37,0e0,+1.772214E-01,+1.856000E-04,+9.910000E+37,+2.704932E+02,+3.584400E+04,+1.767202E-01,+1.856000E-04,+9.910000E+37,+2.705586E+02,+3.584400E+04,+1.774491E-01,+1.856000E-04,+9.910000E+37,+2.706250E+02,+3.584400E+04,-2.735293E-02,+0.000000E+00,+9.910000E+37,+2.706924E+02,+3.584400E+04
16:12:37,0e0,+1.924290E-01,+1.998500E-04,+9.910000E+37,+2.709170E+02,+3.584400E+04,+1.942959E-01,+1.998500E-04,+9.910000E+37,+2.709834E+02,+3.584400E+04,+1.930211E-01,+1.998500E-04,+9.910000E+37,+2.710508E+02,+3.584400E+04,-2.726196E-02,+0.000000E+00,+9.910000E+37,+2.711162E+02,+3.584400E+04
16:12:37,0e0,+2.085016E-01,+2.141500E-04,+9.910000E+37,+2.713408E+02,+3.584400E+04,+2.077732E-01,+2.141500E-04,+9.910000E+37,+2.714072E+02,+3.584400E+04,+2.082742E-01,+2.141500E-04,+9.910000E+37,+2.714736E+02,+3.584400E+04,-2.653338E-02,+0.000000E+00,+9.910000E+37,+2.715400E+02,+3.584400E+04
16:12:37,0e0,+2.240274E-01,+2.284500E-04,+9.910000E+37,+2.717656E+02,+3.584400E+04,+2.240738E-01,+2.284500E-04,+9.910000E+37,+2.718330E+02,+3.584400E+04,+2.231171E-01,+2.284500E-04,+9.910000E+37,+2.718984E+02,+3.584400E+04,-2.771719E-02,+0.000000E+00,+9.910000E+37,+2.719658E+02,+3.584400E+04
16:12:37,0e0,+2.391904E-01,+2.427500E-04,+9.910000E+37,+2.721924E+02,+3.584400E+04,+2.394174E-01,+2.427500E-04,+9.910000E+37,+2.722588E+02,+3.584400E+04,+2.389169E-01,+2.427500E-04,+9.910000E+37,+2.723262E+02,+3.584400E+04,-2.762622E-02,+0.000000E+00,+9.910000E+37,+2.723926E+02,+3.584400E+04
16:12:37,0e0,+2.551716E-01,+2.570000E-04,+9.910000E+37,+2.726172E+02,+3.584400E+04,+2.556726E-01,+2.570000E-04,+9.910000E+37,+2.726846E+02,+3.584400E+04,+2.560823E-01,+2.570000E-04,+9.910000E+37,+2.727510E+02,+3.584400E+04,-2.803583E-02,+0.000000E+00,+9.910000E+37,+2.728174E+02,+3.584400E+04
16:12:37,0e0,+2.699237E-01,+2.713000E-04,+9.910000E+37,+2.730430E+02,+3.584400E+04,+2.717910E-01,+2.713000E-04,+9.910000E+37,+2.731094E+02,+3.584400E+04,+2.708800E-01,+2.713000E-04,+9.910000E+37,+2.731758E+02,+3.584400E+04,-2.758062E-02,+0.000000E+00,+9.910000E+37,+2.732432E+02,+3.584400E+04
16:12:37,0e0,+2.869531E-01,+2.856000E-04,+9.910000E+37,+2.734678E+02,+3.584400E+04,+2.859504E-01,+2.856000E-04,+9.910000E+37,+2.735342E+02,+3.584400E+04,+2.874083E-01,+2.856000E-04,+9.910000E+37,+2.736016E+02,+3.584400E+04,-2.799065E-02,+0.000000E+00,+9.910000E+37,+2.736689E+02,+3.584400E+04
16:12:37,0e0,+3.023427E-01,+2.998500E-04,+9.910000E+37,+2.738936E+02,+3.584400E+04,+3.029340E-01,+2.998500E-04,+9.910000E+37,+2.739609E+02,+3.584400E+04,+3.024792E-01,+2.998500E-04,+9.910000E+37,+2.740264E+02,+3.584400E+04,-2.844614E-02,+0.000000E+00,+9.910000E+37,+2.740937E+02,+3.584400E+04
16:12:37,0e0,+3.195993E-01,+3.141500E-04,+9.910000E+37,+2.743193E+02,+3.584400E+04,+3.184155E-01,+3.141500E-04,+9.910000E+37,+2.743857E+02,+3.584400E+04,+3.189622E-01,+3.141500E-04,+9.910000E+37,+2.744521E+02,+3.584400E+04,-2.721651E-02,+0.000000E+00,+9.910000E+37,+2.745186E+02,+3.584400E+04
16:12:37,0e0,+3.348979E-01,+3.284500E-04,+9.910000E+37,+2.747432E+02,+3.584400E+04,+3.352162E-01,+3.284500E-04,+9.910000E+37,+2.748096E+02,+3.584400E+04,+3.338507E-01,+3.284500E-04,+9.910000E+37,+2.748760E+02,+3.584400E+04,-2.799048E-02,+0.000000E+00,+9.910000E+37,+2.749424E+02,+3.584400E+04
16:12:37,0e0,+3.504239E-01,+3.427500E-04,+9.910000E+37,+2.751689E+02,+3.584400E+04,+3.497863E-01,+3.427500E-04,+9.910000E+37,+2.752363E+02,+3.584400E+04,+3.496048E-01,+3.427500E-04,+9.910000E+37,+2.753018E+02,+3.584400E+04,-2.771723E-02,+0.000000E+00,+9.910000E+37,+2.753691E+02,+3.584400E+04
16:12:37,0e0,+3.661782E-01,+3.570000E-04,+9.910000E+37,+2.755947E+02,+3.584400E+04,+3.649939E-01,+3.570000E-04,+9.910000E+37,+2.756621E+02,+3.584400E+04,+3.654042E-01,+3.570000E-04,+9.910000E+37,+2.757275E+02,+3.584400E+04,-2.785391E-02,+0.000000E+00,+9.910000E+37,+2.757949E+02,+3.584400E+04
16:12:37,0e0,+3.811120E-01,+3.713000E-04,+9.910000E+37,+2.760205E+02,+3.584400E+04,+3.821601E-01,+3.713000E-04,+9.910000E+37,+2.760869E+02,+3.584400E+04,+3.818409E-01,+3.713000E-04,+9.910000E+37,+2.761533E+02,+3.584400E+04,-2.776277E-02,+0.000000E+00,+9.910000E+37,+2.762207E+02,+3.584400E+04
16:12:37,0e0,+3.976858E-01,+3.856000E-04,+9.910000E+37,+2.764453E+02,+3.584400E+04,+3.972777E-01,+3.856000E-04,+9.910000E+37,+2.765117E+02,+3.584400E+04,+3.976404E-01,+3.856000E-04,+9.910000E+37,+2.765781E+02,+3.584400E+04,-2.739865E-02,+0.000000E+00,+9.910000E+37,+2.766455E+02,+3.584400E+04
16:12:37,0e0,+4.141243E-01,+3.998500E-04,+9.910000E+37,+2.768711E+02,+3.584400E+04,+4.117086E-01,+3.998500E-04,+9.910000E+37,+2.769375E+02,+3.584400E+04,+4.122105E-01,+3.998500E-04,+9.910000E+37,+2.770049E+02,+3.584400E+04,-2.671558E-02,+0.000000E+00,+9.910000E+37,+2.770703E+02,+3.584400E+04
16:12:37,0e0,+4.282377E-01,+4.141500E-04,+9.910000E+37,+2.772959E+02,+3.584400E+04,+4.286937E-01,+4.141500E-04,+9.910000E+37,+2.773623E+02,+3.584400E+04,+4.279186E-01,+4.141500E-04,+9.910000E+37,+2.774287E+02,+3.584400E+04,-2.671565E-02,+0.000000E+00,+9.910000E+37,+2.774961E+02,+3.584400E+04
16:12:37,0e0,+4.444022E-01,+4.284500E-04,+9.910000E+37,+2.777197E+02,+3.584400E+04,+4.449483E-01,+4.284500E-04,+9.910000E+37,+2.777852E+02,+3.584400E+04,+4.436264E-01,+4.284500E-04,+9.910000E+37,+2.778525E+02,+3.584400E+04,-2.735306E-02,+0.000000E+00,+9.910000E+37,+2.779180E+02,+3.584400E+04
16:12:37,0e0,+4.613394E-01,+4.427500E-04,+9.910000E+37,+2.781436E+02,+3.584400E+04,+4.604737E-01,+4.427500E-04,+9.910000E+37,+2.782109E+02,+3.584400E+04,+4.614758E-01,+4.427500E-04,+9.910000E+37,+2.782764E+02,+3.584400E+04,-2.635117E-02,+0.000000E+00,+9.910000E+37,+2.783437E+02,+3.584400E+04
16:12:37,0e0,+4.770484E-01,+4.570000E-04,+9.910000E+37,+2.785664E+02,+3.584400E+04,+4.755906E-01,+4.570000E-04,+9.910000E+37,+2.786328E+02,+3.584400E+04,+4.766387E-01,+4.570000E-04,+9.910000E+37,+2.787002E+02,+3.584400E+04,-2.648783E-02,+0.000000E+00,+9.910000E+37,+2.787666E+02,+3.584400E+04
16:12:37,0e0,+4.915735E-01,+4.713000E-04,+9.910000E+37,+2.789922E+02,+3.584400E+04,+4.916637E-01,+4.713000E-04,+9.910000E+37,+2.790596E+02,+3.584400E+04,+4.922100E-01,+4.713000E-04,+9.910000E+37,+2.791250E+02,+3.584400E+04,-2.703448E-02,+0.000000E+00,+9.910000E+37,+2.791914E+02,+3.584400E+04
16:12:37,0e0,+5.086467E-01,+4.856000E-04,+9.910000E+37,+2.794160E+02,+3.584400E+04,+5.080097E-01,+4.856000E-04,+9.910000E+37,+2.794824E+02,+3.584400E+04,+5.074171E-01,+4.856000E-04,+9.910000E+37,+2.795498E+02,+3.584400E+04,-2.717099E-02,+0.000000E+00,+9.910000E+37,+2.796152E+02,+3.584400E+04
16:12:37,0e0,+5.242187E-01,+4.998500E-04,+9.910000E+37,+2.798389E+02,+3.584400E+04,+5.246289E-01,+4.998500E-04,+9.910000E+37,+2.799062E+02,+3.584400E+04,+5.243549E-01,+4.998500E-04,+9.910000E+37,+2.799717E+02,+3.584400E+04,-2.689768E-02,+0.000000E+00,+9.910000E+37,+2.800381E+02,+3.584400E+04
16:12:37,0e0,+5.396998E-01,+5.141500E-04,+9.910000E+37,+2.802637E+02,+3.584400E+04,+5.395173E-01,+5.141500E-04,+9.910000E+37,+2.803301E+02,+3.584400E+04,+5.401552E-01,+5.141500E-04,+9.910000E+37,+2.803975E+02,+3.584400E+04,-2.626020E-02,+0.000000E+00,+9.910000E+37,+2.804639E+02,+3.584400E+04
16:12:37,0e0,+5.551801E-01,+5.284500E-04,+9.910000E+37,+2.806904E+02,+3.584400E+04,+5.545422E-01,+5.284500E-04,+9.910000E+37,+2.807568E+02,+3.584400E+04,+5.557727E-01,+5.284500E-04,+9.910000E+37,+2.808232E+02,+3.584400E+04,-2.689773E-02,+0.000000E+00,+9.910000E+37,+2.808896E+02,+3.584400E+04
16:12:37,0e0,+5.707980E-01,+5.427500E-04,+9.910000E+37,+2.811152E+02,+3.584400E+04,+5.709797E-01,+5.427500E-04,+9.910000E+37,+2.811816E+02,+3.584400E+04,+5.704324E-01,+5.427500E-04,+9.910000E+37,+2.812480E+02,+3.584400E+04,-2.667019E-02,+0.000000E+00,+9.910000E+37,+2.813145E+02,+3.584400E+04
16:12:37,0e0,+5.872342E-01,+5.570000E-04,+9.910000E+37,+2.815400E+02,+3.584400E+04,+5.857314E-01,+5.570000E-04,+9.910000E+37,+2.816064E+02,+3.584400E+04,+5.865067E-01,+5.570000E-04,+9.910000E+37,+2.816729E+02,+3.584400E+04,-2.685232E-02,+0.000000E+00,+9.910000E+37,+2.817393E+02,+3.584400E+04
16:12:37,0e0,+6.031259E-01,+5.713000E-04,+9.910000E+37,+2.819648E+02,+3.584400E+04,+6.021686E-01,+5.713000E-04,+9.910000E+37,+2.820303E+02,+3.584400E+04,+6.023514E-01,+5.713000E-04,+9.910000E+37,+2.820977E+02,+3.584400E+04,-2.639674E-02,+0.000000E+00,+9.910000E+37,+2.821631E+02,+3.584400E+04
16:12:37,0e0,+6.181958E-01,+5.856000E-04,+9.910000E+37,+2.823887E+02,+3.584400E+04,+6.188796E-01,+5.856000E-04,+9.910000E+37,+2.824551E+02,+3.584400E+04,+6.185151E-01,+5.856000E-04,+9.910000E+37,+2.825215E+02,+3.584400E+04,-2.580494E-02,+0.000000E+00,+9.910000E+37,+2.825879E+02,+3.584400E+04
16:12:37,0e0,+6.346781E-01,+5.998500E-04,+9.910000E+37,+2.828125E+02,+3.584400E+04,+6.348607E-01,+5.998500E-04,+9.910000E+37,+2.828799E+02,+3.584400E+04,+6.347694E-01,+5.998500E-04,+9.910000E+37,+2.829463E+02,+3.584400E+04,-2.657929E-02,+0.000000E+00,+9.910000E+37,+2.830127E+02,+3.584400E+04
16:12:37,0e0,+6.519803E-01,+6.141500E-04,+9.910000E+37,+2.832373E+02,+3.584400E+04,+6.512973E-01,+6.141500E-04,+9.910000E+37,+2.833047E+02,+3.584400E+04,+6.508874E-01,+6.141500E-04,+9.910000E+37,+2.833701E+02,+3.584400E+04,-2.735330E-02,+0.000000E+00,+9.910000E+37,+2.834375E+02,+3.584400E+04
16:12:37,0e0,+6.680990E-01,+6.284500E-04,+9.910000E+37,+2.836602E+02,+3.584400E+04,+6.678253E-01,+6.284500E-04,+9.910000E+37,+2.837266E+02,+3.584400E+04,+6.672794E-01,+6.284500E-04,+9.910000E+37,+2.837930E+02,+3.584400E+04,-2.671564E-02,+0.000000E+00,+9.910000E+37,+2.838594E+02,+3.584400E+04
16:12:37,0e0,+6.829865E-01,+6.427500E-04,+9.910000E+37,+2.840869E+02,+3.584400E+04,+6.836708E-01,+6.427500E-04,+9.910000E+37,+2.841523E+02,+3.584400E+04,+6.817107E-01,+6.427500E-04,+9.910000E+37,+2.842197E+02,+3.584400E+04,-2.685237E-02,+0.000000E+00,+9.910000E+37,+2.842861E+02,+3.584400E+04
16:12:37,0e0,+7.002903E-01,+6.570000E-04,+9.910000E+37,+2.845117E+02,+3.584400E+04,+6.991510E-01,+6.570000E-04,+9.910000E+37,+2.845781E+02,+3.584400E+04,+6.991051E-01,+6.570000E-04,+9.910000E+37,+2.846445E+02,+3.584400E+04,-2.662455E-02,+0.000000E+00,+9.910000E+37,+2.847109E+02,+3.584400E+04
16:12:37,0e0,+7.145862E-01,+6.713000E-04,+9.910000E+37,+2.849365E+02,+3.584400E+04,+7.129906E-01,+6.713000E-04,+9.910000E+37,+2.850039E+02,+3.584400E+04,+7.149504E-01,+6.713000E-04,+9.910000E+37,+2.850693E+02,+3.584400E+04,-2.612372E-02,+0.000000E+00,+9.910000E+37,+2.851367E+02,+3.584400E+04
16:12:37,0e0,+7.302954E-01,+6.856000E-04,+9.910000E+37,+2.853604E+02,+3.584400E+04,+7.300214E-01,+6.856000E-04,+9.910000E+37,+2.854268E+02,+3.584400E+04,+7.308874E-01,+6.856000E-04,+9.910000E+37,+2.854941E+02,+3.584400E+04,-2.630615E-02,+0.000000E+00,+9.910000E+37,+2.855596E+02,+3.584400E+04
16:12:37,0e0,+7.466863E-01,+6.998500E-04,+9.910000E+37,+2.857832E+02,+3.584400E+04,+7.466403E-01,+6.998500E-04,+9.910000E+37,+2.858496E+02,+3.584400E+04,+7.463220E-01,+6.998500E-04,+9.910000E+37,+2.859170E+02,+3.584400E+04,-2.648802E-02,+0.000000E+00,+9.910000E+37,+2.859824E+02,+3.584400E+04
16:12:37,0e0,+7.618483E-01,+7.141500E-04,+9.910000E+37,+2.862090E+02,+3.584400E+04,+7.622126E-01,+7.141500E-04,+9.910000E+37,+2.862744E+02,+3.584400E+04,+7.619393E-01,+7.141500E-04,+9.910000E+37,+2.863418E+02,+3.584400E+04,-2.680698E-02,+0.000000E+00,+9.910000E+37,+2.864072E+02,+3.584400E+04
16:12:37,0e0,+7.786946E-01,+7.284500E-04,+9.910000E+37,+2.866309E+02,+3.584400E+04,+7.773291E-01,+7.284500E-04,+9.910000E+37,+2.866963E+02,+3.584400E+04,+7.765993E-01,+7.284500E-04,+9.910000E+37,+2.867637E+02,+3.584400E+04,-2.621488E-02,+0.000000E+00,+9.910000E+37,+2.868291E+02,+3.584400E+04
16:12:37,0e0,+7.947222E-01,+7.427500E-04,+9.910000E+37,+2.870566E+02,+3.584400E+04,+7.923540E-01,+7.427500E-04,+9.910000E+37,+2.871221E+02,+3.584400E+04,+7.931741E-01,+7.427500E-04,+9.910000E+37,+2.871895E+02,+3.584400E+04,-2.698895E-02,+0.000000E+00,+9.910000E+37,+2.872549E+02,+3.584400E+04
16:12:37,0e0,+8.088816E-01,+7.570000E-04,+9.910000E+37,+2.874834E+02,+3.584400E+04,+8.095658E-01,+7.570000E-04,+9.910000E+37,+2.875488E+02,+3.584400E+04,+8.087469E-01,+7.570000E-04,+9.910000E+37,+2.876162E+02,+3.584400E+04,-2.616937E-02,+0.000000E+00,+9.910000E+37,+2.876826E+02,+3.584400E+04
16:12:37,0e0,+8.241353E-01,+7.713000E-04,+9.910000E+37,+2.879072E+02,+3.584400E+04,+8.250461E-01,+7.713000E-04,+9.910000E+37,+2.879746E+02,+3.584400E+04,+8.241348E-01,+7.713000E-04,+9.910000E+37,+2.880410E+02,+3.584400E+04,-2.685241E-02,+0.000000E+00,+9.910000E+37,+2.881084E+02,+3.584400E+04
16:12:37,0e0,+8.402530E-01,+7.856000E-04,+9.910000E+37,+2.883340E+02,+3.584400E+04,+8.408906E-01,+7.856000E-04,+9.910000E+37,+2.884004E+02,+3.584400E+04,+8.404808E-01,+7.856000E-04,+9.910000E+37,+2.884668E+02,+3.584400E+04,-2.621496E-02,+0.000000E+00,+9.910000E+37,+2.885332E+02,+3.584400E+04
16:12:37,0e0,+8.558710E-01,+7.998500E-04,+9.910000E+37,+2.887598E+02,+3.584400E+04,+8.549594E-01,+7.998500E-04,+9.910000E+37,+2.888252E+02,+3.584400E+04,+8.559625E-01,+7.998500E-04,+9.910000E+37,+2.888926E+02,+3.584400E+04,-2.589628E-02,+0.000000E+00,+9.910000E+37,+2.889580E+02,+3.584400E+04
16:12:37,0e0,+8.701665E-01,+8.141500E-04,+9.910000E+37,+2.891846E+02,+3.584400E+04,+8.706673E-01,+8.141500E-04,+9.910000E+37,+2.892520E+02,+3.584400E+04,+8.721719E-01,+8.141500E-04,+9.910000E+37,+2.893174E+02,+3.584400E+04,-2.730805E-02,+0.000000E+00,+9.910000E+37,+2.893848E+02,+3.584400E+04
16:12:37,0e0,+8.874242E-01,+8.284500E-04,+9.910000E+37,+2.896113E+02,+3.584400E+04,+8.878796E-01,+8.284500E-04,+9.910000E+37,+2.896777E+02,+3.584400E+04,+8.875606E-01,+8.284500E-04,+9.910000E+37,+2.897451E+02,+3.584400E+04,-2.589622E-02,+0.000000E+00,+9.910000E+37,+2.898105E+02,+3.584400E+04
16:12:37,0e0,+9.032240E-01,+8.427500E-04,+9.910000E+37,+2.900371E+02,+3.584400E+04,+9.026314E-01,+8.427500E-04,+9.910000E+37,+2.901035E+02,+3.584400E+04,+9.035872E-01,+8.427500E-04,+9.910000E+37,+2.901699E+02,+3.584400E+04,-2.635144E-02,+0.000000E+00,+9.910000E+37,+2.902373E+02,+3.584400E+04
16:12:37,0e0,+9.201164E-01,+8.570000E-04,+9.910000E+37,+2.904629E+02,+3.584400E+04,+9.187043E-01,+8.570000E-04,+9.910000E+37,+2.905303E+02,+3.584400E+04,+9.187964E-01,+8.570000E-04,+9.910000E+37,+2.905967E+02,+3.584400E+04,-2.607803E-02,+0.000000E+00,+9.910000E+37,+2.906641E+02,+3.584400E+04
16:12:37,0e0,+9.345498E-01,+8.713000E-04,+9.910000E+37,+2.908887E+02,+3.584400E+04,+9.348230E-01,+8.713000E-04,+9.910000E+37,+2.909561E+02,+3.584400E+04,+9.344579E-01,+8.713000E-04,+9.910000E+37,+2.910215E+02,+3.584400E+04,-2.708028E-02,+0.000000E+00,+9.910000E+37,+2.910879E+02,+3.584400E+04
16:12:37,0e0,+9.518062E-01,+8.856000E-04,+9.910000E+37,+2.913135E+02,+3.584400E+04,+9.496653E-01,+8.856000E-04,+9.910000E+37,+2.913809E+02,+3.584400E+04,+9.500747E-01,+8.856000E-04,+9.910000E+37,+2.914463E+02,+3.584400E+04,-2.794549E-02,+0.000000E+00,+9.910000E+37,+2.915137E+02,+3.584400E+04
16:12:37,0e0,+9.651914E-01,+8.998500E-04,+9.910000E+37,+2.917373E+02,+3.584400E+04,+9.661025E-01,+8.998500E-04,+9.910000E+37,+2.918027E+02,+3.584400E+04,+9.672869E-01,+8.998500E-04,+9.910000E+37,+2.918691E+02,+3.584400E+04,-2.566858E-02,+0.000000E+00,+9.910000E+37,+2.919355E+02,+3.584400E+04
16:12:37,0e0,+9.827219E-01,+9.141500E-04,+9.910000E+37,+2.921592E+02,+3.584400E+04,+9.813099E-01,+9.141500E-04,+9.910000E+37,+2.922266E+02,+3.584400E+04,+9.815842E-01,+9.141500E-04,+9.910000E+37,+2.922920E+02,+3.584400E+04,-2.489422E-02,+0.000000E+00,+9.910000E+37,+2.923594E+02,+3.584400E+04
16:12:37,0e0,+9.987034E-01,+9.284500E-04,+9.910000E+37,+2.925840E+02,+3.584400E+04,+9.977009E-01,+9.284500E-04,+9.910000E+37,+2.926494E+02,+3.584400E+04,+9.993429E-01,+9.284500E-04,+9.910000E+37,+2.927168E+02,+3.584400E+04,-2.603285E-02,+0.000000E+00,+9.910000E+37,+2.927822E+02,+3.584400E+04
16:12:37,0e0,+1.014503E+00,+9.427500E-04,+9.910000E+37,+2.930088E+02,+3.584400E+04,+1.014550E+00,+9.427500E-04,+9.910000E+37,+2.930752E+02,+3.584400E+04,+1.014504E+00,+9.427500E-04,+9.910000E+37,+2.931416E+02,+3.584400E+04,-2.667038E-02,+0.000000E+00,+9.910000E+37,+2.932090E+02,+3.584400E+04
16:12:37,0e0,+1.029756E+00,+9.570000E-04,+9.910000E+37,+2.934346E+02,+3.584400E+04,+1.029710E+00,+9.570000E-04,+9.910000E+37,+2.935000E+02,+3.584400E+04,+1.029209E+00,+9.570000E-04,+9.910000E+37,+2.935674E+02,+3.584400E+04,-2.525850E-02,+0.000000E+00,+9.910000E+37,+2.936338E+02,+3.584400E+04
16:12:37,0e0,+1.045555E+00,+9.713000E-04,+9.910000E+37,+2.938584E+02,+3.584400E+04,+1.045283E+00,+9.713000E-04,+9.910000E+37,+2.939258E+02,+3.584400E+04,+1.044051E+00,+9.713000E-04,+9.910000E+37,+2.939922E+02,+3.584400E+04,-2.498560E-02,+0.000000E+00,+9.910000E+37,+2.940596E+02,+3.584400E+04
16:12:37,0e0,+1.061311E+00,+9.856001E-04,+9.910000E+37,+2.942861E+02,+3.584400E+04,+1.061491E+00,+9.856001E-04,+9.910000E+37,+2.943516E+02,+3.584400E+04,+1.061401E+00,+9.856001E-04,+9.910000E+37,+2.944189E+02,+3.584400E+04,-2.644251E-02,+0.000000E+00,+9.910000E+37,+2.944844E+02,+3.584400E+04
16:12:37,0e0,+1.077928E+00,+9.998500E-04,+9.910000E+37,+2.947100E+02,+3.584400E+04,+1.078157E+00,+9.998500E-04,+9.910000E+37,+2.947764E+02,+3.584400E+04,+1.077476E+00,+9.998500E-04,+9.910000E+37,+2.948437E+02,+3.584400E+04,-2.562299E-02,+0.000000E+00,+9.910000E+37,+2.949092E+02,+3.584400E+04
16:12:37,0e0,+1.093227E+00,+1.014150E-03,+9.910000E+37,+2.951348E+02,+3.584400E+04,+1.093137E+00,+1.014150E-03,+9.910000E+37,+2.952021E+02,+3.584400E+04,+1.093729E+00,+1.014150E-03,+9.910000E+37,+2.952686E+02,+3.584400E+04,-2.462156E-02,+0.000000E+00,+9.910000E+37,+2.953340E+02,+3.584400E+04
16:12:37,0e0,+1.109028E+00,+1.028450E-03,+9.910000E+37,+2.955596E+02,+3.584400E+04,+1.107567E+00,+1.028450E-03,+9.910000E+37,+2.956270E+02,+3.584400E+04,+1.107749E+00,+1.028450E-03,+9.910000E+37,+2.956934E+02,+3.584400E+04,-2.448457E-02,+0.000000E+00,+9.910000E+37,+2.957598E+02,+3.584400E+04
16:12:37,0e0,+1.125463E+00,+1.042750E-03,+9.910000E+37,+2.959844E+02,+3.584400E+04,+1.125236E+00,+1.042750E-03,+9.910000E+37,+2.960518E+02,+3.584400E+04,+1.124462E+00,+1.042750E-03,+9.910000E+37,+2.961172E+02,+3.584400E+04,-2.557719E-02,+0.000000E+00,+9.910000E+37,+2.961846E+02,+3.584400E+04
16:12:37,0e0,+1.127465E+00,+1.057000E-03,+9.910000E+37,+2.964072E+02,+3.584400E+04,+1.128196E+00,+1.057000E-03,+9.910000E+37,+2.964746E+02,+3.584400E+04,+1.127191E+00,+1.057000E-03,+9.910000E+37,+2.965400E+02,+3.584400E+04,-2.580537E-02,+0.000000E+00,+9.910000E+37,+2.966074E+02,+3.584400E+04
16:12:37,0e0,+1.144223E+00,+1.071500E-03,+9.910000E+37,+2.968301E+02,+3.584400E+04,+1.142901E+00,+1.071500E-03,+9.910000E+37,+2.968975E+02,+3.584400E+04,+1.143084E+00,+1.071500E-03,+9.910000E+37,+2.969629E+02,+3.584400E+04,-2.603313E-02,+0.000000E+00,+9.910000E+37,+2.970303E+02,+3.584400E+04
16:12:37,0e0,+1.158700E+00,+1.085500E-03,+9.910000E+37,+2.972539E+02,+3.584400E+04,+1.159156E+00,+1.085500E-03,+9.910000E+37,+2.973213E+02,+3.584400E+04,+1.158976E+00,+1.085500E-03,+9.910000E+37,+2.973867E+02,+3.584400E+04,-2.626041E-02,+0.000000E+00,+9.910000E+37,+2.974541E+02,+3.584400E+04
16:12:37,0e0,+1.175503E+00,+1.100000E-03,+9.910000E+37,+2.976826E+02,+3.584400E+04,+1.174046E+00,+1.100000E-03,+9.910000E+37,+2.977500E+02,+3.584400E+04,+1.174183E+00,+1.100000E-03,+9.910000E+37,+2.978154E+02,+3.584400E+04,-2.553207E-02,+0.000000E+00,+9.910000E+37,+2.978828E+02,+3.584400E+04
16:12:37,0e0,+1.190573E+00,+1.114000E-03,+9.910000E+37,+2.981094E+02,+3.584400E+04,+1.189845E+00,+1.114000E-03,+9.910000E+37,+2.981768E+02,+3.584400E+04,+1.189619E+00,+1.114000E-03,+9.910000E+37,+2.982422E+02,+3.584400E+04,-2.685297E-02,+0.000000E+00,+9.910000E+37,+2.983096E+02,+3.584400E+04
16:12:37,0e0,+1.207237E+00,+1.128500E-03,+9.910000E+37,+2.985352E+02,+3.584400E+04,+1.204411E+00,+1.128500E-03,+9.910000E+37,+2.986006E+02,+3.584400E+04,+1.204689E+00,+1.128500E-03,+9.910000E+37,+2.986680E+02,+3.584400E+04,-2.507690E-02,+0.000000E+00,+9.910000E+37,+2.987334E+02,+3.584400E+04
16:12:37,0e0,+1.221215E+00,+1.142500E-03,+9.910000E+37,+2.989619E+02,+3.584400E+04,+1.222765E+00,+1.142500E-03,+9.910000E+37,+2.990283E+02,+3.584400E+04,+1.221489E+00,+1.142500E-03,+9.910000E+37,+2.990947E+02,+3.584400E+04,-2.562317E-02,+0.000000E+00,+9.910000E+37,+2.991611E+02,+3.584400E+04
16:12:37,0e0,+1.238153E+00,+1.157000E-03,+9.910000E+37,+2.993867E+02,+3.584400E+04,+1.236559E+00,+1.157000E-03,+9.910000E+37,+2.994521E+02,+3.584400E+04,+1.236603E+00,+1.157000E-03,+9.910000E+37,+2.995186E+02,+3.584400E+04,-2.553189E-02,+0.000000E+00,+9.910000E+37,+2.995850E+02,+3.584400E+04
16:12:37,0e0,+1.253588E+00,+1.171500E-03,+9.910000E+37,+2.998096E+02,+3.584400E+04,+1.253593E+00,+1.171500E-03,+9.910000E+37,+2.998760E+02,+3.584400E+04,+1.254683E+00,+1.171500E-03,+9.910000E+37,+2.999424E+02,+3.584400E+04,-2.676167E-02,+0.000000E+00,+9.910000E+37,+3.000088E+02,+3.584400E+04
16:12:37,0e0,+1.267933E+00,+1.185500E-03,+9.910000E+37,+3.002344E+02,+3.584400E+04,+1.269071E+00,+1.185500E-03,+9.910000E+37,+3.003008E+02,+3.584400E+04,+1.269070E+00,+1.185500E-03,+9.910000E+37,+3.003672E+02,+3.584400E+04,-2.489457E-02,+0.000000E+00,+9.910000E+37,+3.004346E+02,+3.584400E+04
16:12:37,0e0,+1.285736E+00,+1.200000E-03,+9.910000E+37,+3.006592E+02,+3.584400E+04,+1.286054E+00,+1.200000E-03,+9.910000E+37,+3.007266E+02,+3.584400E+04,+1.285370E+00,+1.200000E-03,+9.910000E+37,+3.007920E+02,+3.584400E+04,-2.521332E-02,+0.000000E+00,+9.910000E+37,+3.008594E+02,+3.584400E+04
16:12:37,0e0,+1.300397E+00,+1.214000E-03,+9.910000E+37,+3.010830E+02,+3.584400E+04,+1.300669E+00,+1.214000E-03,+9.910000E+37,+3.011494E+02,+3.584400E+04,+1.299711E+00,+1.214000E-03,+9.910000E+37,+3.012168E+02,+3.584400E+04,-2.635205E-02,+0.000000E+00,+9.910000E+37,+3.012822E+02,+3.584400E+04
16:12:37,0e0,+1.316013E+00,+1.228500E-03,+9.910000E+37,+3.015078E+02,+3.584400E+04,+1.315054E+00,+1.228500E-03,+9.910000E+37,+3.015742E+02,+3.584400E+04,+1.315559E+00,+1.228500E-03,+9.910000E+37,+3.016416E+02,+3.584400E+04,-2.507693E-02,+0.000000E+00,+9.910000E+37,+3.017080E+02,+3.584400E+04
16:12:37,0e0,+1.332269E+00,+1.242500E-03,+9.910000E+37,+3.019326E+02,+3.584400E+04,+1.331357E+00,+1.242500E-03,+9.910000E+37,+3.020000E+02,+3.584400E+04,+1.331130E+00,+1.242500E-03,+9.910000E+37,+3.020664E+02,+3.584400E+04,-2.648865E-02,+0.000000E+00,+9.910000E+37,+3.021318E+02,+3.584400E+04
16:12:37,0e0,+1.346838E+00,+1.257000E-03,+9.910000E+37,+3.023584E+02,+3.584400E+04,+1.347842E+00,+1.257000E-03,+9.910000E+37,+3.024248E+02,+3.584400E+04,+1.347295E+00,+1.257000E-03,+9.910000E+37,+3.024922E+02,+3.584400E+04,-2.443944E-02,+0.000000E+00,+9.910000E+37,+3.025576E+02,+3.584400E+04
16:12:37,0e0,+1.363366E+00,+1.271500E-03,+9.910000E+37,+3.027813E+02,+3.584400E+04,+1.362363E+00,+1.271500E-03,+9.910000E+37,+3.028486E+02,+3.584400E+04,+1.364369E+00,+1.271500E-03,+9.910000E+37,+3.029150E+02,+3.584400E+04,-2.471253E-02,+0.000000E+00,+9.910000E+37,+3.029824E+02,+3.584400E+04
16:12:37,0e0,+1.379393E+00,+1.285500E-03,+9.910000E+37,+3.032070E+02,+3.584400E+04,+1.380259E+00,+1.285500E-03,+9.910000E+37,+3.032734E+02,+3.584400E+04,+1.378438E+00,+1.285500E-03,+9.910000E+37,+3.033408E+02,+3.584400E+04,-2.430299E-02,+0.000000E+00,+9.910000E+37,+3.034063E+02,+3.584400E+04
16:12:37,0e0,+1.395192E+00,+1.300000E-03,+9.910000E+37,+3.036338E+02,+3.584400E+04,+1.394737E+00,+1.300000E-03,+9.910000E+37,+3.037012E+02,+3.584400E+04,+1.394509E+00,+1.300000E-03,+9.910000E+37,+3.037666E+02,+3.584400E+04,-2.535041E-02,+0.000000E+00,+9.910000E+37,+3.038330E+02,+3.584400E+04
16:12:37,0e0,+1.411675E+00,+1.314000E-03,+9.910000E+37,+3.040586E+02,+3.584400E+04,+1.409352E+00,+1.314000E-03,+9.910000E+37,+3.041260E+02,+3.584400E+04,+1.409078E+00,+1.314000E-03,+9.910000E+37,+3.041914E+02,+3.584400E+04,-2.594186E-02,+0.000000E+00,+9.910000E+37,+3.042578E+02,+3.584400E+04
16:12:37,0e0,+1.426111E+00,+1.328500E-03,+9.910000E+37,+3.044844E+02,+3.584400E+04,+1.427610E+00,+1.328500E-03,+9.910000E+37,+3.045518E+02,+3.584400E+04,+1.425196E+00,+1.328500E-03,+9.910000E+37,+3.046172E+02,+3.584400E+04,-2.507694E-02,+0.000000E+00,+9.910000E+37,+3.046846E+02,+3.584400E+04
16:12:37,0e0,+1.441272E+00,+1.342500E-03,+9.910000E+37,+3.049082E+02,+3.584400E+04,+1.441907E+00,+1.342500E-03,+9.910000E+37,+3.049756E+02,+3.584400E+04,+1.441638E+00,+1.342500E-03,+9.910000E+37,+3.050410E+02,+3.584400E+04,-2.311906E-02,+0.000000E+00,+9.910000E+37,+3.051074E+02,+3.584400E+04
16:12:37,0e0,+1.458483E+00,+1.357000E-03,+9.910000E+37,+3.053320E+02,+3.584400E+04,+1.458072E+00,+1.357000E-03,+9.910000E+37,+3.053994E+02,+3.584400E+04,+1.456933E+00,+1.357000E-03,+9.910000E+37,+3.054658E+02,+3.584400E+04,-2.521321E-02,+0.000000E+00,+9.910000E+37,+3.055322E+02,+3.584400E+04
16:12:37,0e0,+1.472869E+00,+1.371500E-03,+9.910000E+37,+3.057578E+02,+3.584400E+04,+1.472867E+00,+1.371500E-03,+9.910000E+37,+3.058252E+02,+3.584400E+04,+1.473324E+00,+1.371500E-03,+9.910000E+37,+3.058916E+02,+3.584400E+04,-2.525936E-02,+0.000000E+00,+9.910000E+37,+3.059590E+02,+3.584400E+04
16:12:37,0e0,+1.488985E+00,+1.385500E-03,+9.910000E+37,+3.061826E+02,+3.584400E+04,+1.489397E+00,+1.385500E-03,+9.910000E+37,+3.062490E+02,+3.584400E+04,+1.488806E+00,+1.385500E-03,+9.910000E+37,+3.063154E+02,+3.584400E+04,-2.421172E-02,+0.000000E+00,+9.910000E+37,+3.063828E+02,+3.584400E+04
16:12:37,0e0,+1.505196E+00,+1.400000E-03,+9.910000E+37,+3.066074E+02,+3.584400E+04,+1.505653E+00,+1.400000E-03,+9.910000E+37,+3.066738E+02,+3.584400E+04,+1.505064E+00,+1.400000E-03,+9.910000E+37,+3.067402E+02,+3.584400E+04,-2.553228E-02,+0.000000E+00,+9.910000E+37,+3.068076E+02,+3.584400E+04
16:12:37,0e0,+1.519855E+00,+1.414000E-03,+9.910000E+37,+3.070342E+02,+3.584400E+04,+1.519081E+00,+1.414000E-03,+9.910000E+37,+3.070996E+02,+3.584400E+04,+1.520631E+00,+1.414000E-03,+9.910000E+37,+3.071670E+02,+3.584400E+04,-2.589642E-02,+0.000000E+00,+9.910000E+37,+3.072334E+02,+3.584400E+04
16:12:37,0e0,+1.535246E+00,+1.428500E-03,+9.910000E+37,+3.074590E+02,+3.584400E+04,+1.535977E+00,+1.428500E-03,+9.910000E+37,+3.075254E+02,+3.584400E+04,+1.535932E+00,+1.428500E-03,+9.910000E+37,+3.075928E+02,+3.584400E+04,-2.571453E-02,+0.000000E+00,+9.910000E+37,+3.076582E+02,+3.584400E+04
16:12:37,0e0,+1.550819E+00,+1.442500E-03,+9.910000E+37,+3.078857E+02,+3.584400E+04,+1.550637E+00,+1.442500E-03,+9.910000E+37,+3.079531E+02,+3.584400E+04,+1.550361E+00,+1.442500E-03,+9.910000E+37,+3.080186E+02,+3.584400E+04,-2.471231E-02,+0.000000E+00,+9.910000E+37,+3.080859E+02,+3.584400E+04
16:12:37,0e0,+1.567849E+00,+1.457000E-03,+9.910000E+37,+3.083096E+02,+3.584400E+04,+1.565524E+00,+1.457000E-03,+9.910000E+37,+3.083760E+02,+3.584400E+04,+1.567075E+00,+1.457000E-03,+9.910000E+37,+3.084434E+02,+3.584400E+04,-2.466735E-02,+0.000000E+00,+9.910000E+37,+3.085098E+02,+3.584400E+04
16:12:37,0e0,+1.582691E+00,+1.471500E-03,+9.910000E+37,+3.087344E+02,+3.584400E+04,+1.582920E+00,+1.471500E-03,+9.910000E+37,+3.088008E+02,+3.584400E+04,+1.582923E+00,+1.471500E-03,+9.910000E+37,+3.088682E+02,+3.584400E+04,-2.630650E-02,+0.000000E+00,+9.910000E+37,+3.089336E+02,+3.584400E+04
16:12:37,0e0,+1.597761E+00,+1.485500E-03,+9.910000E+37,+3.091572E+02,+3.584400E+04,+1.597124E+00,+1.485500E-03,+9.910000E+37,+3.092246E+02,+3.584400E+04,+1.597947E+00,+1.485500E-03,+9.910000E+37,+3.092900E+02,+3.584400E+04,-2.471298E-02,+0.000000E+00,+9.910000E+37,+3.093564E+02,+3.584400E+04
16:12:37,0e0,+1.613787E+00,+1.500000E-03,+9.910000E+37,+3.095830E+02,+3.584400E+04,+1.613289E+00,+1.500000E-03,+9.910000E+37,+3.096484E+02,+3.584400E+04,+1.613972E+00,+1.500000E-03,+9.910000E+37,+3.097148E+02,+3.584400E+04,-2.544107E-02,+0.000000E+00,+9.910000E+37,+3.097822E+02,+3.584400E+04
16:12:37,0e0,+1.629818E+00,+1.514000E-03,+9.910000E+37,+3.100059E+02,+3.584400E+04,+1.629815E+00,+1.514000E-03,+9.910000E+37,+3.100713E+02,+3.584400E+04,+1.629407E+00,+1.514000E-03,+9.910000E+37,+3.101377E+02,+3.584400E+04,-2.480352E-02,+0.000000E+00,+9.910000E+37,+3.102051E+02,+3.584400E+04
16:12:37,0e0,+1.644794E+00,+1.528500E-03,+9.910000E+37,+3.104307E+02,+3.584400E+04,+1.645162E+00,+1.528500E-03,+9.910000E+37,+3.104971E+02,+3.584400E+04,+1.645205E+00,+1.528500E-03,+9.910000E+37,+3.105645E+02,+3.584400E+04,-2.521385E-02,+0.000000E+00,+9.910000E+37,+3.106309E+02,+3.584400E+04
16:12:37,0e0,+1.660550E+00,+1.542500E-03,+9.910000E+37,+3.108574E+02,+3.584400E+04,+1.660684E+00,+1.542500E-03,+9.910000E+37,+3.109229E+02,+3.584400E+04,+1.660458E+00,+1.542500E-03,+9.910000E+37,+3.109902E+02,+3.584400E+04,-2.535048E-02,+0.000000E+00,+9.910000E+37,+3.110557E+02,+3.584400E+04
16:12:37,0e0,+1.676485E+00,+1.557000E-03,+9.910000E+37,+3.112803E+02,+3.584400E+04,+1.678536E+00,+1.557000E-03,+9.910000E+37,+3.113457E+02,+3.584400E+04,+1.676352E+00,+1.557000E-03,+9.910000E+37,+3.114131E+02,+3.584400E+04,-2.566913E-02,+0.000000E+00,+9.910000E+37,+3.114785E+02,+3.584400E+04
16:12:37,0e0,+1.692149E+00,+1.571500E-03,+9.910000E+37,+3.117031E+02,+3.584400E+04,+1.691418E+00,+1.571500E-03,+9.910000E+37,+3.117695E+02,+3.584400E+04,+1.693196E+00,+1.571500E-03,+9.910000E+37,+3.118369E+02,+3.584400E+04,-2.439381E-02,+0.000000E+00,+9.910000E+37,+3.119023E+02,+3.584400E+04
16:12:37,0e0,+1.708769E+00,+1.585500E-03,+9.910000E+37,+3.121270E+02,+3.584400E+04,+1.707586E+00,+1.585500E-03,+9.910000E+37,+3.121934E+02,+3.584400E+04,+1.707675E+00,+1.585500E-03,+9.910000E+37,+3.122607E+02,+3.584400E+04,-2.448511E-02,+0.000000E+00,+9.910000E+37,+3.123262E+02,+3.584400E+04
16:12:37,0e0,+1.723701E+00,+1.600000E-03,+9.910000E+37,+3.125518E+02,+3.584400E+04,+1.724021E+00,+1.600000E-03,+9.910000E+37,+3.126191E+02,+3.584400E+04,+1.723928E+00,+1.600000E-03,+9.910000E+37,+3.126846E+02,+3.584400E+04,-2.566902E-02,+0.000000E+00,+9.910000E+37,+3.127520E+02,+3.584400E+04
16:12:37,0e0,+1.739774E+00,+1.614000E-03,+9.910000E+37,+3.129766E+02,+3.584400E+04,+1.738361E+00,+1.614000E-03,+9.910000E+37,+3.130439E+02,+3.584400E+04,+1.740280E+00,+1.614000E-03,+9.910000E+37,+3.131094E+02,+3.584400E+04,-2.389312E-02,+0.000000E+00,+9.910000E+37,+3.131768E+02,+3.584400E+04
16:12:37,0e0,+1.756532E+00,+1.628500E-03,+9.910000E+37,+3.134023E+02,+3.584400E+04,+1.756347E+00,+1.628500E-03,+9.910000E+37,+3.134678E+02,+3.584400E+04,+1.756215E+00,+1.628500E-03,+9.910000E+37,+3.135352E+02,+3.584400E+04,-2.375674E-02,+0.000000E+00,+9.910000E+37,+3.136006E+02,+3.584400E+04
16:12:37,0e0,+1.770279E+00,+1.642500E-03,+9.910000E+37,+3.138262E+02,+3.584400E+04,+1.769687E+00,+1.642500E-03,+9.910000E+37,+3.138936E+02,+3.584400E+04,+1.769688E+00,+1.642500E-03,+9.910000E+37,+3.139590E+02,+3.584400E+04,-2.621546E-02,+0.000000E+00,+9.910000E+37,+3.140264E+02,+3.584400E+04
16:12:37,0e0,+1.787627E+00,+1.657000E-03,+9.910000E+37,+3.142500E+02,+3.584400E+04,+1.785487E+00,+1.657000E-03,+9.910000E+37,+3.143164E+02,+3.584400E+04,+1.785989E+00,+1.657000E-03,+9.910000E+37,+3.143838E+02,+3.584400E+04,-2.544147E-02,+0.000000E+00,+9.910000E+37,+3.144492E+02,+3.584400E+04
16:12:37,0e0,+1.802700E+00,+1.671500E-03,+9.910000E+37,+3.146748E+02,+3.584400E+04,+1.803427E+00,+1.671500E-03,+9.910000E+37,+3.147412E+02,+3.584400E+04,+1.802470E+00,+1.671500E-03,+9.910000E+37,+3.148076E+02,+3.584400E+04,-2.375656E-02,+0.000000E+00,+9.910000E+37,+3.148740E+02,+3.584400E+04
16:12:37,0e0,+1.817724E+00,+1.685500E-03,+9.910000E+37,+3.150967E+02,+3.584400E+04,+1.816585E+00,+1.685500E-03,+9.910000E+37,+3.151641E+02,+3.584400E+04,+1.818089E+00,+1.685500E-03,+9.910000E+37,+3.152305E+02,+3.584400E+04,-2.430290E-02,+0.000000E+00,+9.910000E+37,+3.152979E+02,+3.584400E+04
16:12:37,0e0,+1.833158E+00,+1.700000E-03,+9.910000E+37,+3.155225E+02,+3.584400E+04,+1.833481E+00,+1.700000E-03,+9.910000E+37,+3.155889E+02,+3.584400E+04,+1.832564E+00,+1.700000E-03,+9.910000E+37,+3.156553E+02,+3.584400E+04,-2.489486E-02,+0.000000E+00,+9.910000E+37,+3.157217E+02,+3.584400E+04
16:12:37,0e0,+1.848915E+00,+1.714000E-03,+9.910000E+37,+3.159453E+02,+3.584400E+04,+1.849002E+00,+1.714000E-03,+9.910000E+37,+3.160127E+02,+3.584400E+04,+1.850006E+00,+1.714000E-03,+9.910000E+37,+3.160781E+02,+3.584400E+04,-2.512223E-02,+0.000000E+00,+9.910000E+37,+3.161455E+02,+3.584400E+04
16:12:37,0e0,+1.864621E+00,+1.728500E-03,+9.910000E+37,+3.163711E+02,+3.584400E+04,+1.864990E+00,+1.728500E-03,+9.910000E+37,+3.164365E+02,+3.584400E+04,+1.865670E+00,+1.728500E-03,+9.910000E+37,+3.165039E+02,+3.584400E+04,-2.557822E-02,+0.000000E+00,+9.910000E+37,+3.165693E+02,+3.584400E+04
16:12:37,0e0,+1.880784E+00,+1.742500E-03,+9.910000E+37,+3.167939E+02,+3.584400E+04,+1.879555E+00,+1.742500E-03,+9.910000E+37,+3.168604E+02,+3.584400E+04,+1.879920E+00,+1.742500E-03,+9.910000E+37,+3.169268E+02,+3.584400E+04,-2.503134E-02,+0.000000E+00,+9.910000E+37,+3.169941E+02,+3.584400E+04
16:12:37,0e0,+1.896357E+00,+1.757000E-03,+9.910000E+37,+3.172197E+02,+3.584400E+04,+1.896630E+00,+1.757000E-03,+9.910000E+37,+3.172852E+02,+3.584400E+04,+1.897766E+00,+1.757000E-03,+9.910000E+37,+3.173525E+02,+3.584400E+04,-2.425759E-02,+0.000000E+00,+9.910000E+37,+3.174180E+02,+3.584400E+04
16:12:37,0e0,+1.911652E+00,+1.771500E-03,+9.910000E+37,+3.176436E+02,+3.584400E+04,+1.912200E+00,+1.771500E-03,+9.910000E+37,+3.177100E+02,+3.584400E+04,+1.912929E+00,+1.771500E-03,+9.910000E+37,+3.177764E+02,+3.584400E+04,-2.626131E-02,+0.000000E+00,+9.910000E+37,+3.178428E+02,+3.584400E+04
16:12:37,0e0,+1.927727E+00,+1.785500E-03,+9.910000E+37,+3.180674E+02,+3.584400E+04,+1.928002E+00,+1.785500E-03,+9.910000E+37,+3.181338E+02,+3.584400E+04,+1.929321E+00,+1.785500E-03,+9.910000E+37,+3.182012E+02,+3.584400E+04,-2.366562E-02,+0.000000E+00,+9.910000E+37,+3.182666E+02,+3.584400E+04
16:12:37,0e0,+1.944074E+00,+1.800000E-03,+9.910000E+37,+3.184912E+02,+3.584400E+04,+1.943524E+00,+1.800000E-03,+9.910000E+37,+3.185586E+02,+3.584400E+04,+1.944391E+00,+1.800000E-03,+9.910000E+37,+3.186250E+02,+3.584400E+04,-2.453083E-02,+0.000000E+00,+9.910000E+37,+3.186914E+02,+3.584400E+04
16:12:37,0e0,+1.958914E+00,+1.814000E-03,+9.910000E+37,+3.189170E+02,+3.584400E+04,+1.961241E+00,+1.814000E-03,+9.910000E+37,+3.189834E+02,+3.584400E+04,+1.959191E+00,+1.814000E-03,+9.910000E+37,+3.190498E+02,+3.584400E+04,-2.653448E-02,+0.000000E+00,+9.910000E+37,+3.191162E+02,+3.584400E+04
16:12:37,0e0,+1.976040E+00,+1.828500E-03,+9.910000E+37,+3.193408E+02,+3.584400E+04,+1.975762E+00,+1.828500E-03,+9.910000E+37,+3.194082E+02,+3.584400E+04,+1.975626E+00,+1.828500E-03,+9.910000E+37,+3.194736E+02,+3.584400E+04,-2.448493E-02,+0.000000E+00,+9.910000E+37,+3.195410E+02,+3.584400E+04
16:12:37,0e0,+1.991612E+00,+1.842500E-03,+9.910000E+37,+3.197656E+02,+3.584400E+04,+1.991066E+00,+1.842500E-03,+9.910000E+37,+3.198311E+02,+3.584400E+04,+1.991386E+00,+1.842500E-03,+9.910000E+37,+3.198984E+02,+3.584400E+04,-2.398434E-02,+0.000000E+00,+9.910000E+37,+3.199639E+02,+3.584400E+04
16:12:37,0e0,+2.007955E+00,+1.857000E-03,+9.910000E+37,+3.201885E+02,+3.584400E+04,+2.007453E+00,+1.857000E-03,+9.910000E+37,+3.202559E+02,+3.584400E+04,+2.007269E+00,+1.857000E-03,+9.910000E+37,+3.203213E+02,+3.584400E+04,-2.489497E-02,+0.000000E+00,+9.910000E+37,+3.203887E+02,+3.584400E+04
16:12:37,0e0,+2.022844E+00,+1.871500E-03,+9.910000E+37,+3.206133E+02,+3.584400E+04,+2.023301E+00,+1.871500E-03,+9.910000E+37,+3.206807E+02,+3.584400E+04,+2.023207E+00,+1.871500E-03,+9.910000E+37,+3.207461E+02,+3.584400E+04,-2.576047E-02,+0.000000E+00,+9.910000E+37,+3.208135E+02,+3.584400E+04
16:12:37,0e0,+2.038688E+00,+1.885500E-03,+9.910000E+37,+3.210371E+02,+3.584400E+04,+2.038147E+00,+1.885500E-03,+9.910000E+37,+3.211035E+02,+3.584400E+04,+2.038784E+00,+1.885500E-03,+9.910000E+37,+3.211709E+02,+3.584400E+04,-2.448530E-02,+0.000000E+00,+9.910000E+37,+3.212363E+02,+3.584400E+04
16:12:37,0e0,+2.053892E+00,+1.900000E-03,+9.910000E+37,+3.214609E+02,+3.584400E+04,+2.054579E+00,+1.900000E-03,+9.910000E+37,+3.215273E+02,+3.584400E+04,+2.054350E+00,+1.900000E-03,+9.910000E+37,+3.215947E+02,+3.584400E+04,-2.425753E-02,+0.000000E+00,+9.910000E+37,+3.216611E+02,+3.584400E+04
16:12:37,0e0,+2.069600E+00,+1.914000E-03,+9.910000E+37,+3.218857E+02,+3.584400E+04,+2.071197E+00,+1.914000E-03,+9.910000E+37,+3.219521E+02,+3.584400E+04,+2.070702E+00,+1.914000E-03,+9.910000E+37,+3.220186E+02,+3.584400E+04,-2.553250E-02,+0.000000E+00,+9.910000E+37,+3.220850E+02,+3.584400E+04
16:12:37,0e0,+2.085265E+00,+1.928500E-03,+9.910000E+37,+3.223086E+02,+3.584400E+04,+2.085950E+00,+1.928500E-03,+9.910000E+37,+3.223750E+02,+3.584400E+04,+2.086313E+00,+1.928500E-03,+9.910000E+37,+3.224414E+02,+3.584400E+04,-2.371128E-02,+0.000000E+00,+9.910000E+37,+3.225088E+02,+3.584400E+04
16:12:37,0e0,+2.102660E+00,+1.942500E-03,+9.910000E+37,+3.227354E+02,+3.584400E+04,+2.101884E+00,+1.942500E-03,+9.910000E+37,+3.228008E+02,+3.584400E+04,+2.101931E+00,+1.942500E-03,+9.910000E+37,+3.228682E+02,+3.584400E+04,-2.562398E-02,+0.000000E+00,+9.910000E+37,+3.229336E+02,+3.584400E+04
16:12:37,0e0,+2.116679E+00,+1.957000E-03,+9.910000E+37,+3.231582E+02,+3.584400E+04,+2.117822E+00,+1.957000E-03,+9.910000E+37,+3.232256E+02,+3.584400E+04,+2.117366E+00,+1.957000E-03,+9.910000E+37,+3.232910E+02,+3.584400E+04,-2.494061E-02,+0.000000E+00,+9.910000E+37,+3.233584E+02,+3.584400E+04
16:12:37,0e0,+2.132664E+00,+1.971500E-03,+9.910000E+37,+3.235820E+02,+3.584400E+04,+2.132801E+00,+1.971500E-03,+9.910000E+37,+3.236494E+02,+3.584400E+04,+2.133481E+00,+1.971500E-03,+9.910000E+37,+3.237148E+02,+3.584400E+04,-2.416663E-02,+0.000000E+00,+9.910000E+37,+3.237822E+02,+3.584400E+04
16:12:37,0e0,+2.148784E+00,+1.985500E-03,+9.910000E+37,+3.240088E+02,+3.584400E+04,+2.150604E+00,+1.985500E-03,+9.910000E+37,+3.240752E+02,+3.584400E+04,+2.149831E+00,+1.985500E-03,+9.910000E+37,+3.241426E+02,+3.584400E+04,-2.512294E-02,+0.000000E+00,+9.910000E+37,+3.242080E+02,+3.584400E+04
16:12:37,0e0,+2.164951E+00,+2.000000E-03,+9.910000E+37,+3.244336E+02,+3.584400E+04,+2.164219E+00,+2.000000E-03,+9.910000E+37,+3.245000E+02,+3.584400E+04,+2.165175E+00,+2.000000E-03,+9.910000E+37,+3.245674E+02,+3.584400E+04,-2.389342E-02,+0.000000E+00,+9.910000E+37,+3.246338E+02,+3.584400E+04
16:12:37,0e0,+2.180928E+00,+2.014000E-03,+9.910000E+37,+3.248584E+02,+3.584400E+04,+2.179968E+00,+2.014000E-03,+9.910000E+37,+3.249248E+02,+3.584400E+04,+2.180928E+00,+2.014000E-03,+9.910000E+37,+3.249912E+02,+3.584400E+04,-2.462195E-02,+0.000000E+00,+9.910000E+37,+3.250576E+02,+3.584400E+04
16:12:37,0e0,+2.196820E+00,+2.028500E-03,+9.910000E+37,+3.252832E+02,+3.584400E+04,+2.196635E+00,+2.028500E-03,+9.910000E+37,+3.253506E+02,+3.584400E+04,+2.197046E+00,+2.028500E-03,+9.910000E+37,+3.254170E+02,+3.584400E+04,-2.375698E-02,+0.000000E+00,+9.910000E+37,+3.254844E+02,+3.584400E+04
16:12:37,0e0,+2.211797E+00,+2.042500E-03,+9.910000E+37,+3.257070E+02,+3.584400E+04,+2.211253E+00,+2.042500E-03,+9.910000E+37,+3.257744E+02,+3.584400E+04,+2.211251E+00,+2.042500E-03,+9.910000E+37,+3.258408E+02,+3.584400E+04,-2.375638E-02,+0.000000E+00,+9.910000E+37,+3.259072E+02,+3.584400E+04
16:12:37,0e0,+2.228098E+00,+2.057000E-03,+9.910000E+37,+3.261328E+02,+3.584400E+04,+2.228510E+00,+2.057000E-03,+9.910000E+37,+3.262002E+02,+3.584400E+04,+2.228326E+00,+2.057000E-03,+9.910000E+37,+3.262656E+02,+3.584400E+04,-2.384779E-02,+0.000000E+00,+9.910000E+37,+3.263320E+02,+3.584400E+04
16:12:37,0e0,+2.244534E+00,+2.071500E-03,+9.910000E+37,+3.265566E+02,+3.584400E+04,+2.243853E+00,+2.071500E-03,+9.910000E+37,+3.266240E+02,+3.584400E+04,+2.244307E+00,+2.071500E-03,+9.910000E+37,+3.266895E+02,+3.584400E+04,-2.380207E-02,+0.000000E+00,+9.910000E+37,+3.267568E+02,+3.584400E+04
16:12:37,0e0,+2.259238E+00,+2.085500E-03,+9.910000E+37,+3.269805E+02,+3.584400E+04,+2.259878E+00,+2.085500E-03,+9.910000E+37,+3.270469E+02,+3.584400E+04,+2.259744E+00,+2.085500E-03,+9.910000E+37,+3.271143E+02,+3.584400E+04,-2.330157E-02,+0.000000E+00,+9.910000E+37,+3.271797E+02,+3.584400E+04
16:12:37,0e0,+2.275451E+00,+2.100000E-03,+9.910000E+37,+3.274053E+02,+3.584400E+04,+2.275724E+00,+2.100000E-03,+9.910000E+37,+3.274717E+02,+3.584400E+04,+2.276543E+00,+2.100000E-03,+9.910000E+37,+3.275381E+02,+3.584400E+04,-2.362050E-02,+0.000000E+00,+9.910000E+37,+3.276045E+02,+3.584400E+04
16:12:37,0e0,+2.290382E+00,+2.114000E-03,+9.910000E+37,+3.278311E+02,+3.584400E+04,+2.290473E+00,+2.114000E-03,+9.910000E+37,+3.278965E+02,+3.584400E+04,+2.293026E+00,+2.114000E-03,+9.910000E+37,+3.279639E+02,+3.584400E+04,-2.357471E-02,+0.000000E+00,+9.910000E+37,+3.280293E+02,+3.584400E+04
16:12:37,0e0,+2.308011E+00,+2.128500E-03,+9.910000E+37,+3.282529E+02,+3.584400E+04,+2.306319E+00,+2.128500E-03,+9.910000E+37,+3.283184E+02,+3.584400E+04,+2.306957E+00,+2.128500E-03,+9.910000E+37,+3.283857E+02,+3.584400E+04,-2.330174E-02,+0.000000E+00,+9.910000E+37,+3.284512E+02,+3.584400E+04
16:12:37,0e0,+2.324033E+00,+2.142500E-03,+9.910000E+37,+3.286758E+02,+3.584400E+04,+2.322710E+00,+2.142500E-03,+9.910000E+37,+3.287422E+02,+3.584400E+04,+2.322482E+00,+2.142500E-03,+9.910000E+37,+3.288096E+02,+3.584400E+04,-2.398451E-02,+0.000000E+00,+9.910000E+37,+3.288760E+02,+3.584400E+04
16:12:37,0e0,+2.337510E+00,+2.157000E-03,+9.910000E+37,+3.291016E+02,+3.584400E+04,+2.338148E+00,+2.157000E-03,+9.910000E+37,+3.291680E+02,+3.584400E+04,+2.339692E+00,+2.157000E-03,+9.910000E+37,+3.292344E+02,+3.584400E+04,-2.284636E-02,+0.000000E+00,+9.910000E+37,+3.293018E+02,+3.584400E+04
16:12:37,0e0,+2.354174E+00,+2.171500E-03,+9.910000E+37,+3.295264E+02,+3.584400E+04,+2.354676E+00,+2.171500E-03,+9.910000E+37,+3.295937E+02,+3.584400E+04,+2.354858E+00,+2.171500E-03,+9.910000E+37,+3.296592E+02,+3.584400E+04,-2.343814E-02,+0.000000E+00,+9.910000E+37,+3.297256E+02,+3.584400E+04
16:12:37,0e0,+2.369972E+00,+2.185500E-03,+9.910000E+37,+3.299502E+02,+3.584400E+04,+2.369927E+00,+2.185500E-03,+9.910000E+37,+3.300176E+02,+3.584400E+04,+2.370063E+00,+2.185500E-03,+9.910000E+37,+3.300830E+02,+3.584400E+04,-2.380213E-02,+0.000000E+00,+9.910000E+37,+3.301504E+02,+3.584400E+04
16:12:37,0e0,+2.386230E+00,+2.200000E-03,+9.910000E+37,+3.303730E+02,+3.584400E+04,+2.385768E+00,+2.200000E-03,+9.910000E+37,+3.304404E+02,+3.584400E+04,+2.386957E+00,+2.200000E-03,+9.910000E+37,+3.305059E+02,+3.584400E+04,-2.321085E-02,+0.000000E+00,+9.910000E+37,+3.305732E+02,+3.584400E+04
16:12:37,0e0,+2.402575E+00,+2.214000E-03,+9.910000E+37,+3.307988E+02,+3.584400E+04,+2.401345E+00,+2.214000E-03,+9.910000E+37,+3.308643E+02,+3.584400E+04,+2.402438E+00,+2.214000E-03,+9.910000E+37,+3.309316E+02,+3.584400E+04,-2.311973E-02,+0.000000E+00,+9.910000E+37,+3.309971E+02,+3.584400E+04
16:12:37,0e0,+2.418053E+00,+2.228500E-03,+9.910000E+37,+3.312236E+02,+3.584400E+04,+2.417871E+00,+2.228500E-03,+9.910000E+37,+3.312910E+02,+3.584400E+04,+2.417415E+00,+2.228500E-03,+9.910000E+37,+3.313574E+02,+3.584400E+04,-2.444017E-02,+0.000000E+00,+9.910000E+37,+3.314238E+02,+3.584400E+04
16:12:37,0e0,+2.433901E+00,+2.242500E-03,+9.910000E+37,+3.316504E+02,+3.584400E+04,+2.433397E+00,+2.242500E-03,+9.910000E+37,+3.317178E+02,+3.584400E+04,+2.433761E+00,+2.242500E-03,+9.910000E+37,+3.317832E+02,+3.584400E+04,-2.421241E-02,+0.000000E+00,+9.910000E+37,+3.318496E+02,+3.584400E+04
16:12:37,0e0,+2.450159E+00,+2.257000E-03,+9.910000E+37,+3.320762E+02,+3.584400E+04,+2.450335E+00,+2.257000E-03,+9.910000E+37,+3.321426E+02,+3.584400E+04,+2.449744E+00,+2.257000E-03,+9.910000E+37,+3.322090E+02,+3.584400E+04,-2.416697E-02,+0.000000E+00,+9.910000E+37,+3.322764E+02,+3.584400E+04
16:12:37,0e0,+2.465594E+00,+2.271500E-03,+9.910000E+37,+3.324990E+02,+3.584400E+04,+2.465725E+00,+2.271500E-03,+9.910000E+37,+3.325654E+02,+3.584400E+04,+2.467002E+00,+2.271500E-03,+9.910000E+37,+3.326318E+02,+3.584400E+04,-2.343838E-02,+0.000000E+00,+9.910000E+37,+3.326982E+02,+3.584400E+04
16:12:37,0e0,+2.481799E+00,+2.285500E-03,+9.910000E+37,+3.329219E+02,+3.584400E+04,+2.480842E+00,+2.285500E-03,+9.910000E+37,+3.329883E+02,+3.584400E+04,+2.480566E+00,+2.285500E-03,+9.910000E+37,+3.330557E+02,+3.584400E+04,-2.366592E-02,+0.000000E+00,+9.910000E+37,+3.331221E+02,+3.584400E+04
16:12:37,0e0,+2.498145E+00,+2.300000E-03,+9.910000E+37,+3.333467E+02,+3.584400E+04,+2.498645E+00,+2.300000E-03,+9.910000E+37,+3.334141E+02,+3.584400E+04,+2.497642E+00,+2.300000E-03,+9.910000E+37,+3.334795E+02,+3.584400E+04,-2.403033E-02,+0.000000E+00,+9.910000E+37,+3.335469E+02,+3.584400E+04
16:12:37,0e0,+2.513854E+00,+2.314000E-03,+9.910000E+37,+3.337715E+02,+3.584400E+04,+2.513988E+00,+2.314000E-03,+9.910000E+37,+3.338379E+02,+3.584400E+04,+2.513029E+00,+2.314000E-03,+9.910000E+37,+3.339043E+02,+3.584400E+04,-2.189019E-02,+0.000000E+00,+9.910000E+37,+3.339717E+02,+3.584400E+04
16:12:37,0e0,+2.529561E+00,+2.328500E-03,+9.910000E+37,+3.341953E+02,+3.584400E+04,+2.529784E+00,+2.328500E-03,+9.910000E+37,+3.342607E+02,+3.584400E+04,+2.529240E+00,+2.328500E-03,+9.910000E+37,+3.343271E+02,+3.584400E+04,-2.348396E-02,+0.000000E+00,+9.910000E+37,+3.343936E+02,+3.584400E+04
16:12:37,0e0,+2.544632E+00,+2.342500E-03,+9.910000E+37,+3.346172E+02,+3.584400E+04,+2.544172E+00,+2.342500E-03,+9.910000E+37,+3.346836E+02,+3.584400E+04,+2.545541E+00,+2.342500E-03,+9.910000E+37,+3.347510E+02,+3.584400E+04,-2.325621E-02,+0.000000E+00,+9.910000E+37,+3.348174E+02,+3.584400E+04
16:12:37,0e0,+2.561162E+00,+2.357000E-03,+9.910000E+37,+3.350420E+02,+3.584400E+04,+2.560021E+00,+2.357000E-03,+9.910000E+37,+3.351094E+02,+3.584400E+04,+2.560704E+00,+2.357000E-03,+9.910000E+37,+3.351748E+02,+3.584400E+04,-2.257355E-02,+0.000000E+00,+9.910000E+37,+3.352412E+02,+3.584400E+04
16:12:37,0e0,+2.577638E+00,+2.371500E-03,+9.910000E+37,+3.354668E+02,+3.584400E+04,+2.577189E+00,+2.371500E-03,+9.910000E+37,+3.355332E+02,+3.584400E+04,+2.578053E+00,+2.371500E-03,+9.910000E+37,+3.356006E+02,+3.584400E+04,-2.339245E-02,+0.000000E+00,+9.910000E+37,+3.356660E+02,+3.584400E+04
16:12:37,0e0,+2.591440E+00,+2.385500E-03,+9.910000E+37,+3.358906E+02,+3.584400E+04,+2.592351E+00,+2.385500E-03,+9.910000E+37,+3.359570E+02,+3.584400E+04,+2.592528E+00,+2.385500E-03,+9.910000E+37,+3.360244E+02,+3.584400E+04,-2.403061E-02,+0.000000E+00,+9.910000E+37,+3.360898E+02,+3.584400E+04
16:12:37,0e0,+2.606642E+00,+2.400000E-03,+9.910000E+37,+3.363145E+02,+3.584400E+04,+2.607648E+00,+2.400000E-03,+9.910000E+37,+3.363818E+02,+3.584400E+04,+2.608241E+00,+2.400000E-03,+9.910000E+37,+3.364473E+02,+3.584400E+04,-2.403052E-02,+0.000000E+00,+9.910000E+37,+3.365137E+02,+3.584400E+04
16:12:37,0e0,+2.622306E+00,+2.414000E-03,+9.910000E+37,+3.367373E+02,+3.584400E+04,+2.622761E+00,+2.414000E-03,+9.910000E+37,+3.368037E+02,+3.584400E+04,+2.624182E+00,+2.414000E-03,+9.910000E+37,+3.368701E+02,+3.584400E+04,-2.325623E-02,+0.000000E+00,+9.910000E+37,+3.369375E+02,+3.584400E+04
16:12:37,0e0,+2.639243E+00,+2.428500E-03,+9.910000E+37,+3.371611E+02,+3.584400E+04,+2.640613E+00,+2.428500E-03,+9.910000E+37,+3.372275E+02,+3.584400E+04,+2.639650E+00,+2.428500E-03,+9.910000E+37,+3.372949E+02,+3.584400E+04,-2.248245E-02,+0.000000E+00,+9.910000E+37,+3.373613E+02,+3.584400E+04
16:12:37,0e0,+2.655136E+00,+2.442500E-03,+9.910000E+37,+3.375879E+02,+3.584400E+04,+2.655502E+00,+2.442500E-03,+9.910000E+37,+3.376553E+02,+3.584400E+04,+2.656051E+00,+2.442500E-03,+9.910000E+37,+3.377217E+02,+3.584400E+04,-2.366616E-02,+0.000000E+00,+9.910000E+37,+3.377881E+02,+3.584400E+04
16:12:37,0e0,+2.671800E+00,+2.457000E-03,+9.910000E+37,+3.380117E+02,+3.584400E+04,+2.671890E+00,+2.457000E-03,+9.910000E+37,+3.380791E+02,+3.584400E+04,+2.671844E+00,+2.457000E-03,+9.910000E+37,+3.381455E+02,+3.584400E+04,-2.421248E-02,+0.000000E+00,+9.910000E+37,+3.382129E+02,+3.584400E+04
16:12:37,0e0,+2.687828E+00,+2.471500E-03,+9.910000E+37,+3.384365E+02,+3.584400E+04,+2.687742E+00,+2.471500E-03,+9.910000E+37,+3.385039E+02,+3.584400E+04,+2.687779E+00,+2.471500E-03,+9.910000E+37,+3.385703E+02,+3.584400E+04,-2.362074E-02,+0.000000E+00,+9.910000E+37,+3.386377E+02,+3.584400E+04
16:12:37,0e0,+2.703036E+00,+2.485500E-03,+9.910000E+37,+3.388623E+02,+3.584400E+04,+2.702941E+00,+2.485500E-03,+9.910000E+37,+3.389287E+02,+3.584400E+04,+2.703718E+00,+2.485500E-03,+9.910000E+37,+3.389951E+02,+3.584400E+04,-2.257323E-02,+0.000000E+00,+9.910000E+37,+3.390615E+02,+3.584400E+04
16:12:37,0e0,+2.719471E+00,+2.500000E-03,+9.910000E+37,+3.392871E+02,+3.584400E+04,+2.718739E+00,+2.500000E-03,+9.910000E+37,+3.393535E+02,+3.584400E+04,+2.719791E+00,+2.500000E-03,+9.910000E+37,+3.394209E+02,+3.584400E+04,-2.307403E-02,+0.000000E+00,+9.910000E+37,+3.394873E+02,+3.584400E+04
16:12:37,0e0,+2.734266E+00,+2.514000E-03,+9.910000E+37,+3.397119E+02,+3.584400E+04,+2.735321E+00,+2.514000E-03,+9.910000E+37,+3.397783E+02,+3.584400E+04,+2.734586E+00,+2.514000E-03,+9.910000E+37,+3.398447E+02,+3.584400E+04,-2.434927E-02,+0.000000E+00,+9.910000E+37,+3.399111E+02,+3.584400E+04
16:12:37,0e0,+2.749614E+00,+2.528500E-03,+9.910000E+37,+3.401348E+02,+3.584400E+04,+2.751160E+00,+2.528500E-03,+9.910000E+37,+3.402021E+02,+3.584400E+04,+2.751570E+00,+2.528500E-03,+9.910000E+37,+3.402676E+02,+3.584400E+04,-2.362081E-02,+0.000000E+00,+9.910000E+37,+3.403350E+02,+3.584400E+04
16:12:37,0e0,+2.766319E+00,+2.542500E-03,+9.910000E+37,+3.405596E+02,+3.584400E+04,+2.766230E+00,+2.542500E-03,+9.910000E+37,+3.406250E+02,+3.584400E+04,+2.766777E+00,+2.542500E-03,+9.910000E+37,+3.406924E+02,+3.584400E+04,-2.252781E-02,+0.000000E+00,+9.910000E+37,+3.407588E+02,+3.584400E+04
16:12:37,0e0,+2.782536E+00,+2.557000E-03,+9.910000E+37,+3.409854E+02,+3.584400E+04,+2.781754E+00,+2.557000E-03,+9.910000E+37,+3.410527E+02,+3.584400E+04,+2.782255E+00,+2.557000E-03,+9.910000E+37,+3.411182E+02,+3.584400E+04,-2.316520E-02,+0.000000E+00,+9.910000E+37,+3.411855E+02,+3.584400E+04
16:12:37,0e0,+2.798881E+00,+2.571500E-03,+9.910000E+37,+3.414092E+02,+3.584400E+04,+2.800519E+00,+2.571500E-03,+9.910000E+37,+3.414766E+02,+3.584400E+04,+2.799337E+00,+2.571500E-03,+9.910000E+37,+3.415430E+02,+3.584400E+04,-2.444026E-02,+0.000000E+00,+9.910000E+37,+3.416094E+02,+3.584400E+04
16:12:37,0e0,+2.814634E+00,+2.585500E-03,+9.910000E+37,+3.418340E+02,+3.584400E+04,+2.815180E+00,+2.585500E-03,+9.910000E+37,+3.419014E+02,+3.584400E+04,+2.815085E+00,+2.585500E-03,+9.910000E+37,+3.419668E+02,+3.584400E+04,-2.239120E-02,+0.000000E+00,+9.910000E+37,+3.420342E+02,+3.584400E+04
16:12:37,0e0,+2.830291E+00,+2.600000E-03,+9.910000E+37,+3.422588E+02,+3.584400E+04,+2.830660E+00,+2.600000E-03,+9.910000E+37,+3.423252E+02,+3.584400E+04,+2.830931E+00,+2.600000E-03,+9.910000E+37,+3.423916E+02,+3.584400E+04,-2.198128E-02,+0.000000E+00,+9.910000E+37,+3.424580E+02,+3.584400E+04
16:12:37,0e0,+2.847141E+00,+2.614000E-03,+9.910000E+37,+3.426816E+02,+3.584400E+04,+2.847734E+00,+2.614000E-03,+9.910000E+37,+3.427490E+02,+3.584400E+04,+2.846051E+00,+2.614000E-03,+9.910000E+37,+3.428145E+02,+3.584400E+04,-2.425812E-02,+0.000000E+00,+9.910000E+37,+3.428818E+02,+3.584400E+04
16:12:37,0e0,+2.860889E+00,+2.628500E-03,+9.910000E+37,+3.431055E+02,+3.584400E+04,+2.861799E+00,+2.628500E-03,+9.910000E+37,+3.431729E+02,+3.584400E+04,+2.862710E+00,+2.628500E-03,+9.910000E+37,+3.432383E+02,+3.584400E+04,-2.321070E-02,+0.000000E+00,+9.910000E+37,+3.433057E+02,+3.584400E+04
16:12:37,0e0,+2.876415E+00,+2.642500E-03,+9.910000E+37,+3.435303E+02,+3.584400E+04,+2.878331E+00,+2.642500E-03,+9.910000E+37,+3.435967E+02,+3.584400E+04,+2.878972E+00,+2.642500E-03,+9.910000E+37,+3.436631E+02,+3.584400E+04,-2.275559E-02,+0.000000E+00,+9.910000E+37,+3.437295E+02,+3.584400E+04
16:12:37,0e0,+2.894311E+00,+2.657000E-03,+9.910000E+37,+3.439531E+02,+3.584400E+04,+2.895043E+00,+2.657000E-03,+9.910000E+37,+3.440205E+02,+3.584400E+04,+2.895906E+00,+2.657000E-03,+9.910000E+37,+3.440869E+02,+3.584400E+04,-2.434932E-02,+0.000000E+00,+9.910000E+37,+3.441533E+02,+3.584400E+04
16:12:37,0e0,+2.910568E+00,+2.671500E-03,+9.910000E+37,+3.443779E+02,+3.584400E+04,+2.911021E+00,+2.671500E-03,+9.910000E+37,+3.444443E+02,+3.584400E+04,+2.910929E+00,+2.671500E-03,+9.910000E+37,+3.445107E+02,+3.584400E+04,-2.321103E-02,+0.000000E+00,+9.910000E+37,+3.445771E+02,+3.584400E+04
16:12:37,0e0,+2.925271E+00,+2.685500E-03,+9.910000E+37,+3.448018E+02,+3.584400E+04,+2.926685E+00,+2.685500E-03,+9.910000E+37,+3.448672E+02,+3.584400E+04,+2.927278E+00,+2.685500E-03,+9.910000E+37,+3.449346E+02,+3.584400E+04,-2.275547E-02,+0.000000E+00,+9.910000E+37,+3.450000E+02,+3.584400E+04
16:12:37,0e0,+2.942344E+00,+2.700000E-03,+9.910000E+37,+3.452246E+02,+3.584400E+04,+2.942576E+00,+2.700000E-03,+9.910000E+37,+3.452920E+02,+3.584400E+04,+2.942892E+00,+2.700000E-03,+9.910000E+37,+3.453574E+02,+3.584400E+04,-2.252778E-02,+0.000000E+00,+9.910000E+37,+3.454248E+02,+3.584400E+04
16:12:37,0e0,+2.958467E+00,+2.714000E-03,+9.910000E+37,+3.456504E+02,+3.584400E+04,+2.957731E+00,+2.714000E-03,+9.910000E+37,+3.457158E+02,+3.584400E+04,+2.958553E+00,+2.714000E-03,+9.910000E+37,+3.457832E+02,+3.584400E+04,-2.366616E-02,+0.000000E+00,+9.910000E+37,+3.458486E+02,+3.584400E+04
16:12:37,0e0,+2.973763E+00,+2.728500E-03,+9.910000E+37,+3.460732E+02,+3.584400E+04,+2.973625E+00,+2.728500E-03,+9.910000E+37,+3.461406E+02,+3.584400E+04,+2.975357E+00,+2.728500E-03,+9.910000E+37,+3.462070E+02,+3.584400E+04,-2.239129E-02,+0.000000E+00,+9.910000E+37,+3.462734E+02,+3.584400E+04
16:12:37,0e0,+2.989882E+00,+2.742500E-03,+9.910000E+37,+3.464980E+02,+3.584400E+04,+2.989882E+00,+2.742500E-03,+9.910000E+37,+3.465654E+02,+3.584400E+04,+2.991566E+00,+2.742500E-03,+9.910000E+37,+3.466309E+02,+3.584400E+04,-2.280071E-02,+0.000000E+00,+9.910000E+37,+3.466982E+02,+3.584400E+04
16:12:37,0e0,+3.006775E+00,+2.757000E-03,+9.910000E+37,+3.469219E+02,+3.584400E+04,+3.006728E+00,+2.757000E-03,+9.910000E+37,+3.469893E+02,+3.584400E+04,+3.005904E+00,+2.757000E-03,+9.910000E+37,+3.470557E+02,+3.584400E+04,-2.334757E-02,+0.000000E+00,+9.910000E+37,+3.471230E+02,+3.584400E+04
16:12:37,0e0,+3.021294E+00,+2.771500E-03,+9.910000E+37,+3.473467E+02,+3.584400E+04,+3.022617E+00,+2.771500E-03,+9.910000E+37,+3.474141E+02,+3.584400E+04,+3.022758E+00,+2.771500E-03,+9.910000E+37,+3.474805E+02,+3.584400E+04,-2.266456E-02,+0.000000E+00,+9.910000E+37,+3.475479E+02,+3.584400E+04
16:12:37,0e0,+3.037324E+00,+2.785500E-03,+9.910000E+37,+3.477715E+02,+3.584400E+04,+3.037091E+00,+2.785500E-03,+9.910000E+37,+3.478369E+02,+3.584400E+04,+3.038552E+00,+2.785500E-03,+9.910000E+37,+3.479043E+02,+3.584400E+04,-2.284665E-02,+0.000000E+00,+9.910000E+37,+3.479707E+02,+3.584400E+04
16:12:37,0e0,+3.054855E+00,+2.800000E-03,+9.910000E+37,+3.481953E+02,+3.584400E+04,+3.055632E+00,+2.800000E-03,+9.910000E+37,+3.482627E+02,+3.584400E+04,+3.054951E+00,+2.800000E-03,+9.910000E+37,+3.483281E+02,+3.584400E+04,-2.298345E-02,+0.000000E+00,+9.910000E+37,+3.483945E+02,+3.584400E+04
16:12:37,0e0,+3.070792E+00,+2.814000E-03,+9.910000E+37,+3.486191E+02,+3.584400E+04,+3.069558E+00,+2.814000E-03,+9.910000E+37,+3.486865E+02,+3.584400E+04,+3.069920E+00,+2.814000E-03,+9.910000E+37,+3.487520E+02,+3.584400E+04,-2.321109E-02,+0.000000E+00,+9.910000E+37,+3.488184E+02,+3.584400E+04
16:12:37,0e0,+3.085588E+00,+2.828500E-03,+9.910000E+37,+3.490439E+02,+3.584400E+04,+3.086504E+00,+2.828500E-03,+9.910000E+37,+3.491094E+02,+3.584400E+04,+3.087274E+00,+2.828500E-03,+9.910000E+37,+3.491768E+02,+3.584400E+04,-2.207272E-02,+0.000000E+00,+9.910000E+37,+3.492422E+02,+3.584400E+04
16:12:37,0e0,+3.101521E+00,+2.842500E-03,+9.910000E+37,+3.494687E+02,+3.584400E+04,+3.101111E+00,+2.842500E-03,+9.910000E+37,+3.495352E+02,+3.584400E+04,+3.101840E+00,+2.842500E-03,+9.910000E+37,+3.496025E+02,+3.584400E+04,-2.193591E-02,+0.000000E+00,+9.910000E+37,+3.496680E+02,+3.584400E+04
16:12:37,0e0,+3.118329E+00,+2.857000E-03,+9.910000E+37,+3.498926E+02,+3.584400E+04,+3.118592E+00,+2.857000E-03,+9.910000E+37,+3.499590E+02,+3.584400E+04,+3.117729E+00,+2.857000E-03,+9.910000E+37,+3.500264E+02,+3.584400E+04,-2.234568E-02,+0.000000E+00,+9.910000E+37,+3.500918E+02,+3.584400E+04
16:12:37,0e0,+3.132617E+00,+2.871500E-03,+9.910000E+37,+3.503184E+02,+3.584400E+04,+3.134031E+00,+2.871500E-03,+9.910000E+37,+3.503838E+02,+3.584400E+04,+3.136632E+00,+2.871500E-03,+9.910000E+37,+3.504502E+02,+3.584400E+04,-2.334762E-02,+0.000000E+00,+9.910000E+37,+3.505176E+02,+3.584400E+04
16:12:37,0e0,+3.148508E+00,+2.885500E-03,+9.910000E+37,+3.507422E+02,+3.584400E+04,+3.149561E+00,+2.885500E-03,+9.910000E+37,+3.508086E+02,+3.584400E+04,+3.149969E+00,+2.885500E-03,+9.910000E+37,+3.508760E+02,+3.584400E+04,-2.161729E-02,+0.000000E+00,+9.910000E+37,+3.509414E+02,+3.584400E+04
16:12:37,0e0,+3.166631E+00,+2.900000E-03,+9.910000E+37,+3.511670E+02,+3.584400E+04,+3.166594E+00,+2.900000E-03,+9.910000E+37,+3.512334E+02,+3.584400E+04,+3.166548E+00,+2.900000E-03,+9.910000E+37,+3.512998E+02,+3.584400E+04,-2.325632E-02,+0.000000E+00,+9.910000E+37,+3.513652E+02,+3.584400E+04
16:12:37,0e0,+3.182523E+00,+2.914000E-03,+9.910000E+37,+3.515898E+02,+3.584400E+04,+3.182203E+00,+2.914000E-03,+9.910000E+37,+3.516572E+02,+3.584400E+04,+3.182703E+00,+2.914000E-03,+9.910000E+37,+3.517227E+02,+3.584400E+04,-2.198170E-02,+0.000000E+00,+9.910000E+37,+3.517900E+02,+3.584400E+04
16:12:37,0e0,+3.197234E+00,+2.928500E-03,+9.910000E+37,+3.520146E+02,+3.584400E+04,+3.197089E+00,+2.928500E-03,+9.910000E+37,+3.520820E+02,+3.584400E+04,+3.198777E+00,+2.928500E-03,+9.910000E+37,+3.521475E+02,+3.584400E+04,-2.184507E-02,+0.000000E+00,+9.910000E+37,+3.522148E+02,+3.584400E+04
16:12:37,0e0,+3.212894E+00,+2.942500E-03,+9.910000E+37,+3.524414E+02,+3.584400E+04,+3.213765E+00,+2.942500E-03,+9.910000E+37,+3.525088E+02,+3.584400E+04,+3.215853E+00,+2.942500E-03,+9.910000E+37,+3.525752E+02,+3.584400E+04,-2.325681E-02,+0.000000E+00,+9.910000E+37,+3.526426E+02,+3.584400E+04
16:12:37,0e0,+3.230377E+00,+2.957000E-03,+9.910000E+37,+3.528652E+02,+3.584400E+04,+3.229692E+00,+2.957000E-03,+9.910000E+37,+3.529316E+02,+3.584400E+04,+3.231109E+00,+2.957000E-03,+9.910000E+37,+3.529990E+02,+3.584400E+04,-2.202708E-02,+0.000000E+00,+9.910000E+37,+3.530645E+02,+3.584400E+04
16:12:37,0e0,+3.245853E+00,+2.971500E-03,+9.910000E+37,+3.532881E+02,+3.584400E+04,+3.247272E+00,+2.971500E-03,+9.910000E+37,+3.533545E+02,+3.584400E+04,+3.247822E+00,+2.971500E-03,+9.910000E+37,+3.534219E+02,+3.584400E+04,-2.280118E-02,+0.000000E+00,+9.910000E+37,+3.534873E+02,+3.584400E+04
16:12:37,0e0,+3.260788E+00,+2.985500E-03,+9.910000E+37,+3.537129E+02,+3.584400E+04,+3.261243E+00,+2.985500E-03,+9.910000E+37,+3.537803E+02,+3.584400E+04,+3.262290E+00,+2.985500E-03,+9.910000E+37,+3.538457E+02,+3.584400E+04,-2.129851E-02,+0.000000E+00,+9.910000E+37,+3.539131E+02,+3.584400E+04
