16:38:34,0e0,-5.332530E-03,+1.000000E-07,+9.910000E+37,+1.247186E+03,+3.584400E+04,+1.902492E-02,+1.000000E-07,+9.910000E+37,+1.247253E+03,+3.584400E+04,+1.929802E-02,+1.000000E-07,+9.910000E+37,+1.247318E+03,+3.584400E+04,-4.695281E-03,+0.000000E+00,+9.910000E+37,+1.247385E+03,+3.584400E+04
16:38:34,0e0,+5.548283E-03,+1.056500E-07,+9.910000E+37,+1.247613E+03,+3.584400E+04,+2.084607E-02,+1.056500E-07,+9.910000E+37,+1.247681E+03,+3.584400E+04,+1.998091E-02,+1.056500E-07,+9.910000E+37,+1.247748E+03,+3.584400E+04,-5.924791E-03,+0.000000E+00,+9.910000E+37,+1.247813E+03,+3.584400E+04
16:38:34,0e0,-1.963601E-03,+1.116000E-07,+9.910000E+37,+1.248037E+03,+3.584400E+04,+2.248511E-02,+1.116000E-07,+9.910000E+37,+1.248104E+03,+3.584400E+04,+2.221206E-02,+1.116000E-07,+9.910000E+37,+1.248171E+03,+3.584400E+04,-5.742326E-03,+0.000000E+00,+9.910000E+37,+1.248236E+03,+3.584400E+04
16:38:34,0e0,+2.212068E-02,+1.179000E-07,+9.910000E+37,+1.248463E+03,+3.584400E+04,+2.202970E-02,+1.179000E-07,+9.910000E+37,+1.248529E+03,+3.584400E+04,+2.398762E-02,+1.179000E-07,+9.910000E+37,+1.248595E+03,+3.584400E+04,-6.926566E-03,+0.000000E+00,+9.910000E+37,+1.248661E+03,+3.584400E+04
16:38:34,0e0,+1.583733E-02,+1.245000E-07,+9.910000E+37,+1.248887E+03,+3.584400E+04,+2.416953E-02,+1.245000E-07,+9.910000E+37,+1.248953E+03,+3.584400E+04,+2.403264E-02,+1.245000E-07,+9.910000E+37,+1.249020E+03,+3.584400E+04,-4.149064E-03,+0.000000E+00,+9.910000E+37,+1.249086E+03,+3.584400E+04
16:38:34,0e0,+2.426022E-02,+1.315500E-07,+9.910000E+37,+1.249311E+03,+3.584400E+04,+2.562658E-02,+1.315500E-07,+9.910000E+37,+1.249378E+03,+3.584400E+04,+2.521691E-02,+1.315500E-07,+9.910000E+37,+1.249445E+03,+3.584400E+04,-5.742460E-03,+0.000000E+00,+9.910000E+37,+1.249511E+03,+3.584400E+04
16:38:34,0e0,+2.626379E-02,+1.389500E-07,+9.910000E+37,+1.249738E+03,+3.584400E+04,+2.676450E-02,+1.389500E-07,+9.910000E+37,+1.249805E+03,+3.584400E+04,+2.667363E-02,+1.389500E-07,+9.910000E+37,+1.249871E+03,+3.584400E+04,-6.653354E-03,+0.000000E+00,+9.910000E+37,+1.249938E+03,+3.584400E+04
16:38:34,0e0,+2.817604E-02,+1.468000E-07,+9.910000E+37,+1.250166E+03,+3.584400E+04,+2.885896E-02,+1.468000E-07,+9.910000E+37,+1.250232E+03,+3.584400E+04,+2.790287E-02,+1.468000E-07,+9.910000E+37,+1.250299E+03,+3.584400E+04,-4.968479E-03,+0.000000E+00,+9.910000E+37,+1.250365E+03,+3.584400E+04
16:38:34,0e0,+2.963355E-02,+1.550500E-07,+9.910000E+37,+1.250600E+03,+3.584400E+04,+2.972397E-02,+1.550500E-07,+9.910000E+37,+1.250667E+03,+3.584400E+04,+2.913225E-02,+1.550500E-07,+9.910000E+37,+1.250734E+03,+3.584400E+04,-5.150676E-03,+0.000000E+00,+9.910000E+37,+1.250802E+03,+3.584400E+04
16:38:34,0e0,+3.108948E-02,+1.638000E-07,+9.910000E+37,+1.251025E+03,+3.584400E+04,+3.077134E-02,+1.638000E-07,+9.910000E+37,+1.251092E+03,+3.584400E+04,+3.127196E-02,+1.638000E-07,+9.910000E+37,+1.251158E+03,+3.584400E+04,-5.014002E-03,+0.000000E+00,+9.910000E+37,+1.251225E+03,+3.584400E+04
16:38:34,0e0,+3.277430E-02,+1.730000E-07,+9.910000E+37,+1.251467E+03,+3.584400E+04,+3.281987E-02,+1.730000E-07,+9.910000E+37,+1.251532E+03,+3.584400E+04,+3.136274E-02,+1.730000E-07,+9.910000E+37,+1.251599E+03,+3.584400E+04,-5.059585E-03,+0.000000E+00,+9.910000E+37,+1.251666E+03,+3.584400E+04
16:38:34,0e0,+3.368506E-02,+1.827500E-07,+9.910000E+37,+1.251892E+03,+3.584400E+04,+3.441349E-02,+1.827500E-07,+9.910000E+37,+1.251958E+03,+3.584400E+04,+3.436792E-02,+1.827500E-07,+9.910000E+37,+1.252025E+03,+3.584400E+04,-6.106734E-03,+0.000000E+00,+9.910000E+37,+1.252092E+03,+3.584400E+04
16:38:34,0e0,+3.505039E-02,+1.930500E-07,+9.910000E+37,+1.252314E+03,+3.584400E+04,+3.536925E-02,+1.930500E-07,+9.910000E+37,+1.252381E+03,+3.584400E+04,+3.505069E-02,+1.930500E-07,+9.910000E+37,+1.252447E+03,+3.584400E+04,-3.556773E-03,+0.000000E+00,+9.910000E+37,+1.252515E+03,+3.584400E+04
16:38:34,0e0,+3.732756E-02,+2.039500E-07,+9.910000E+37,+1.252737E+03,+3.584400E+04,+3.723615E-02,+2.039500E-07,+9.910000E+37,+1.252805E+03,+3.584400E+04,+3.928506E-02,+2.039500E-07,+9.910000E+37,+1.252870E+03,+3.584400E+04,-6.471053E-03,+0.000000E+00,+9.910000E+37,+1.252937E+03,+3.584400E+04
16:38:34,0e0,+3.905740E-02,+2.154500E-07,+9.910000E+37,+1.253165E+03,+3.584400E+04,+3.864765E-02,+2.154500E-07,+9.910000E+37,+1.253232E+03,+3.584400E+04,+4.028660E-02,+2.154500E-07,+9.910000E+37,+1.253298E+03,+3.584400E+04,-4.604086E-03,+0.000000E+00,+9.910000E+37,+1.253364E+03,+3.584400E+04
16:38:34,0e0,+4.151607E-02,+2.276000E-07,+9.910000E+37,+1.253593E+03,+3.584400E+04,+4.005891E-02,+2.276000E-07,+9.910000E+37,+1.253660E+03,+3.584400E+04,+4.037753E-02,+2.276000E-07,+9.910000E+37,+1.253726E+03,+3.584400E+04,-5.742550E-03,+0.000000E+00,+9.910000E+37,+1.253793E+03,+3.584400E+04
16:38:34,0e0,+4.260844E-02,+2.404000E-07,+9.910000E+37,+1.254017E+03,+3.584400E+04,+4.283628E-02,+2.404000E-07,+9.910000E+37,+1.254083E+03,+3.584400E+04,+4.165232E-02,+2.404000E-07,+9.910000E+37,+1.254149E+03,+3.584400E+04,-6.243557E-03,+0.000000E+00,+9.910000E+37,+1.254217E+03,+3.584400E+04
16:38:34,0e0,+4.329112E-02,+2.539500E-07,+9.910000E+37,+1.254442E+03,+3.584400E+04,+4.506734E-02,+2.539500E-07,+9.910000E+37,+1.254509E+03,+3.584400E+04,+4.420191E-02,+2.539500E-07,+9.910000E+37,+1.254576E+03,+3.584400E+04,-6.288350E-03,+0.000000E+00,+9.910000E+37,+1.254642E+03,+3.584400E+04
16:38:34,0e0,+4.579544E-02,+2.682500E-07,+9.910000E+37,+1.254864E+03,+3.584400E+04,+4.643294E-02,+2.682500E-07,+9.910000E+37,+1.254931E+03,+3.584400E+04,+4.415599E-02,+2.682500E-07,+9.910000E+37,+1.254997E+03,+3.584400E+04,-4.740819E-03,+0.000000E+00,+9.910000E+37,+1.255064E+03,+3.584400E+04
16:38:34,0e0,+4.761657E-02,+2.834000E-07,+9.910000E+37,+1.255290E+03,+3.584400E+04,+4.770771E-02,+2.834000E-07,+9.910000E+37,+1.255356E+03,+3.584400E+04,+4.779857E-02,+2.834000E-07,+9.910000E+37,+1.255422E+03,+3.584400E+04,-6.243244E-03,+0.000000E+00,+9.910000E+37,+1.255488E+03,+3.584400E+04
16:38:34,0e0,+4.857200E-02,+2.993500E-07,+9.910000E+37,+1.255715E+03,+3.584400E+04,+4.939222E-02,+2.993500E-07,+9.910000E+37,+1.255781E+03,+3.584400E+04,+5.148652E-02,+2.993500E-07,+9.910000E+37,+1.255849E+03,+3.584400E+04,-6.516546E-03,+0.000000E+00,+9.910000E+37,+1.255914E+03,+3.584400E+04
16:38:34,0e0,+5.189633E-02,+3.162500E-07,+9.910000E+37,+1.256141E+03,+3.584400E+04,+5.107671E-02,+3.162500E-07,+9.910000E+37,+1.256208E+03,+3.584400E+04,+5.171406E-02,+3.162500E-07,+9.910000E+37,+1.256274E+03,+3.584400E+04,-6.243348E-03,+0.000000E+00,+9.910000E+37,+1.256340E+03,+3.584400E+04
16:38:34,0e0,+5.353558E-02,+3.340500E-07,+9.910000E+37,+1.256566E+03,+3.584400E+04,+5.476475E-02,+3.340500E-07,+9.910000E+37,+1.256634E+03,+3.584400E+04,+5.385408E-02,+3.340500E-07,+9.910000E+37,+1.256699E+03,+3.584400E+04,-6.288856E-03,+0.000000E+00,+9.910000E+37,+1.256766E+03,+3.584400E+04
16:38:34,0e0,+5.599380E-02,+3.528500E-07,+9.910000E+37,+1.256991E+03,+3.584400E+04,+5.581173E-02,+3.528500E-07,+9.910000E+37,+1.257059E+03,+3.584400E+04,+5.594796E-02,+3.528500E-07,+9.910000E+37,+1.257124E+03,+3.584400E+04,-6.425366E-03,+0.000000E+00,+9.910000E+37,+1.257190E+03,+3.584400E+04
16:38:34,0e0,+5.877101E-02,+3.727500E-07,+9.910000E+37,+1.257416E+03,+3.584400E+04,+5.863446E-02,+3.727500E-07,+9.910000E+37,+1.257482E+03,+3.584400E+04,+5.612952E-02,+3.727500E-07,+9.910000E+37,+1.257549E+03,+3.584400E+04,-5.104840E-03,+0.000000E+00,+9.910000E+37,+1.257615E+03,+3.584400E+04
16:38:34,0e0,+6.182146E-02,+3.937500E-07,+9.910000E+37,+1.257840E+03,+3.584400E+04,+6.122965E-02,+3.937500E-07,+9.910000E+37,+1.257907E+03,+3.584400E+04,+6.031883E-02,+3.937500E-07,+9.910000E+37,+1.257973E+03,+3.584400E+04,-6.151780E-03,+0.000000E+00,+9.910000E+37,+1.258039E+03,+3.584400E+04
16:38:34,0e0,+6.300497E-02,+4.159500E-07,+9.910000E+37,+1.258266E+03,+3.584400E+04,+6.259570E-02,+4.159500E-07,+9.910000E+37,+1.258332E+03,+3.584400E+04,+6.318724E-02,+4.159500E-07,+9.910000E+37,+1.258398E+03,+3.584400E+04,-6.015614E-03,+0.000000E+00,+9.910000E+37,+1.258466E+03,+3.584400E+04
16:38:34,0e0,+6.605557E-02,+4.394000E-07,+9.910000E+37,+1.258688E+03,+3.584400E+04,+6.546345E-02,+4.394000E-07,+9.910000E+37,+1.258755E+03,+3.584400E+04,+6.573665E-02,+4.394000E-07,+9.910000E+37,+1.258821E+03,+3.584400E+04,-5.560413E-03,+0.000000E+00,+9.910000E+37,+1.258888E+03,+3.584400E+04
16:38:34,0e0,+6.901494E-02,+4.641500E-07,+9.910000E+37,+1.259110E+03,+3.584400E+04,+6.933361E-02,+4.641500E-07,+9.910000E+37,+1.259177E+03,+3.584400E+04,+6.796700E-02,+4.641500E-07,+9.910000E+37,+1.259243E+03,+3.584400E+04,-5.970031E-03,+0.000000E+00,+9.910000E+37,+1.259310E+03,+3.584400E+04
16:38:34,0e0,+7.151884E-02,+4.903000E-07,+9.910000E+37,+1.259532E+03,+3.584400E+04,+7.115462E-02,+4.903000E-07,+9.910000E+37,+1.259599E+03,+3.584400E+04,+7.133678E-02,+4.903000E-07,+9.910000E+37,+1.259665E+03,+3.584400E+04,-6.425261E-03,+0.000000E+00,+9.910000E+37,+1.259732E+03,+3.584400E+04
16:38:34,0e0,+7.365867E-02,+5.179500E-07,+9.910000E+37,+1.259957E+03,+3.584400E+04,+7.470608E-02,+5.179500E-07,+9.910000E+37,+1.260024E+03,+3.584400E+04,+7.242882E-02,+5.179500E-07,+9.910000E+37,+1.260090E+03,+3.584400E+04,-4.877537E-03,+0.000000E+00,+9.910000E+37,+1.260156E+03,+3.584400E+04
16:38:34,0e0,+7.479650E-02,+5.471500E-07,+9.910000E+37,+1.260381E+03,+3.584400E+04,+7.657236E-02,+5.471500E-07,+9.910000E+37,+1.260447E+03,+3.584400E+04,+7.552522E-02,+5.471500E-07,+9.910000E+37,+1.260514E+03,+3.584400E+04,-4.786357E-03,+0.000000E+00,+9.910000E+37,+1.260581E+03,+3.584400E+04
16:38:34,0e0,+7.966840E-02,+5.779500E-07,+9.910000E+37,+1.260805E+03,+3.584400E+04,+7.839367E-02,+5.779500E-07,+9.910000E+37,+1.260871E+03,+3.584400E+04,+7.921311E-02,+5.779500E-07,+9.910000E+37,+1.260938E+03,+3.584400E+04,-5.742550E-03,+0.000000E+00,+9.910000E+37,+1.261003E+03,+3.584400E+04
16:38:34,0e0,+8.139852E-02,+6.105500E-07,+9.910000E+37,+1.261228E+03,+3.584400E+04,+8.244577E-02,+6.105500E-07,+9.910000E+37,+1.261295E+03,+3.584400E+04,+8.135304E-02,+6.105500E-07,+9.910000E+37,+1.261362E+03,+3.584400E+04,-5.105183E-03,+0.000000E+00,+9.910000E+37,+1.261428E+03,+3.584400E+04
16:38:34,0e0,+8.490425E-02,+6.449500E-07,+9.910000E+37,+1.261653E+03,+3.584400E+04,+8.399323E-02,+6.449500E-07,+9.910000E+37,+1.261721E+03,+3.584400E+04,+8.494964E-02,+6.449500E-07,+9.910000E+37,+1.261788E+03,+3.584400E+04,-6.106764E-03,+0.000000E+00,+9.910000E+37,+1.261854E+03,+3.584400E+04
16:38:34,0e0,+8.754468E-02,+6.813000E-07,+9.910000E+37,+1.262087E+03,+3.584400E+04,+8.699828E-02,+6.813000E-07,+9.910000E+37,+1.262153E+03,+3.584400E+04,+8.718035E-02,+6.813000E-07,+9.910000E+37,+1.262220E+03,+3.584400E+04,-5.059510E-03,+0.000000E+00,+9.910000E+37,+1.262286E+03,+3.584400E+04
16:38:34,0e0,+9.114146E-02,+7.197000E-07,+9.910000E+37,+1.262506E+03,+3.584400E+04,+9.114146E-02,+7.197000E-07,+9.910000E+37,+1.262573E+03,+3.584400E+04,+8.986628E-02,+7.197000E-07,+9.910000E+37,+1.262639E+03,+3.584400E+04,-6.789684E-03,+0.000000E+00,+9.910000E+37,+1.262705E+03,+3.584400E+04
16:38:34,0e0,+9.319007E-02,+7.602500E-07,+9.910000E+37,+1.262929E+03,+3.584400E+04,+9.396428E-02,+7.602500E-07,+9.910000E+37,+1.262995E+03,+3.584400E+04,+9.287158E-02,+7.602500E-07,+9.910000E+37,+1.263062E+03,+3.584400E+04,-1.434731E-02,+0.000000E+00,+9.910000E+37,+1.263128E+03,+3.584400E+04
16:38:34,0e0,+9.660462E-02,+8.031000E-07,+9.910000E+37,+1.263360E+03,+3.584400E+04,+9.633169E-02,+8.031000E-07,+9.910000E+37,+1.263428E+03,+3.584400E+04,+9.792528E-02,+8.031000E-07,+9.910000E+37,+1.263493E+03,+3.584400E+04,-2.195054E-02,+0.000000E+00,+9.910000E+37,+1.263560E+03,+3.584400E+04
16:38:34,0e0,+9.960955E-02,+8.483500E-07,+9.910000E+37,+1.263785E+03,+3.584400E+04,+9.860781E-02,+8.483500E-07,+9.910000E+37,+1.263852E+03,+3.584400E+04,+9.837967E-02,+8.483500E-07,+9.910000E+37,+1.263919E+03,+3.584400E+04,-1.034459E-01,+0.000000E+00,+9.910000E+37,+1.263985E+03,+3.584400E+04
16:38:34,0e0,+1.045722E-01,+8.961500E-07,+9.910000E+37,+1.264210E+03,+3.584400E+04,+1.042990E-01,+8.961500E-07,+9.910000E+37,+1.264276E+03,+3.584400E+04,+1.036162E-01,+8.961500E-07,+9.910000E+37,+1.264343E+03,+3.584400E+04,-1.121419E-01,+0.000000E+00,+9.910000E+37,+1.264409E+03,+3.584400E+04
16:38:34,0e0,+1.072584E-01,+9.466500E-07,+9.910000E+37,+1.264631E+03,+3.584400E+04,+1.059828E-01,+9.466500E-07,+9.910000E+37,+1.264697E+03,+3.584400E+04,+1.067581E-01,+9.466500E-07,+9.910000E+37,+1.264765E+03,+3.584400E+04,-2.356151E-01,+0.000000E+00,+9.910000E+37,+1.264830E+03,+3.584400E+04
16:38:34,0e0,+1.091700E-01,+1.000000E-06,+9.910000E+37,+1.265050E+03,+3.584400E+04,+1.109006E-01,+1.000000E-06,+9.910000E+37,+1.265116E+03,+3.584400E+04,+1.102632E-01,+1.000000E-06,+9.910000E+37,+1.265183E+03,+3.584400E+04,-3.556804E-01,+0.000000E+00,+9.910000E+37,+1.265248E+03,+3.584400E+04
16:38:34,0e0,+1.014306E-01,+1.056500E-06,+9.910000E+37,+1.265470E+03,+3.584400E+04,+1.028423E-01,+1.056500E-06,+9.910000E+37,+1.265536E+03,+3.584400E+04,+1.010665E-01,+1.056500E-06,+9.910000E+37,+1.265603E+03,+3.584400E+04,-5.469069E-03,+0.000000E+00,+9.910000E+37,+1.265670E+03,+3.584400E+04
16:38:34,0e0,+1.040253E-01,+1.116000E-06,+9.910000E+37,+1.265894E+03,+3.584400E+04,+1.046174E-01,+1.116000E-06,+9.910000E+37,+1.265960E+03,+3.584400E+04,+1.053918E-01,+1.116000E-06,+9.910000E+37,+1.266026E+03,+3.584400E+04,-6.015405E-03,+0.000000E+00,+9.910000E+37,+1.266093E+03,+3.584400E+04
16:38:34,0e0,+1.080326E-01,+1.179000E-06,+9.910000E+37,+1.266318E+03,+3.584400E+04,+1.084421E-01,+1.179000E-06,+9.910000E+37,+1.266384E+03,+3.584400E+04,+1.061648E-01,+1.179000E-06,+9.910000E+37,+1.266450E+03,+3.584400E+04,-6.106779E-03,+0.000000E+00,+9.910000E+37,+1.266518E+03,+3.584400E+04
16:38:34,0e0,+1.113105E-01,+1.245000E-06,+9.910000E+37,+1.266739E+03,+3.584400E+04,+1.109461E-01,+1.245000E-06,+9.910000E+37,+1.266807E+03,+3.584400E+04,+1.112193E-01,+1.245000E-06,+9.910000E+37,+1.266873E+03,+3.584400E+04,-7.245466E-03,+0.000000E+00,+9.910000E+37,+1.266939E+03,+3.584400E+04
16:38:34,0e0,+1.139964E-01,+1.315500E-06,+9.910000E+37,+1.267164E+03,+3.584400E+04,+1.148162E-01,+1.315500E-06,+9.910000E+37,+1.267230E+03,+3.584400E+04,+1.160006E-01,+1.315500E-06,+9.910000E+37,+1.267297E+03,+3.584400E+04,-5.787835E-03,+0.000000E+00,+9.910000E+37,+1.267363E+03,+3.584400E+04
16:38:34,0e0,+1.177753E-01,+1.389500E-06,+9.910000E+37,+1.267585E+03,+3.584400E+04,+1.184130E-01,+1.389500E-06,+9.910000E+37,+1.267650E+03,+3.584400E+04,+1.175479E-01,+1.389500E-06,+9.910000E+37,+1.267717E+03,+3.584400E+04,-5.104870E-03,+0.000000E+00,+9.910000E+37,+1.267784E+03,+3.584400E+04
16:38:34,0e0,+1.217366E-01,+1.468000E-06,+9.910000E+37,+1.268003E+03,+3.584400E+04,+1.219186E-01,+1.468000E-06,+9.910000E+37,+1.268069E+03,+3.584400E+04,+1.216907E-01,+1.468000E-06,+9.910000E+37,+1.268137E+03,+3.584400E+04,-6.562114E-03,+0.000000E+00,+9.910000E+37,+1.268204E+03,+3.584400E+04
16:38:34,0e0,+1.247866E-01,+1.550500E-06,+9.910000E+37,+1.268428E+03,+3.584400E+04,+1.244229E-01,+1.550500E-06,+9.910000E+37,+1.268494E+03,+3.584400E+04,+1.254242E-01,+1.550500E-06,+9.910000E+37,+1.268562E+03,+3.584400E+04,-5.241722E-03,+0.000000E+00,+9.910000E+37,+1.268628E+03,+3.584400E+04
16:38:34,0e0,+1.283376E-01,+1.638000E-06,+9.910000E+37,+1.268855E+03,+3.584400E+04,+1.276549E-01,+1.638000E-06,+9.910000E+37,+1.268921E+03,+3.584400E+04,+1.290670E-01,+1.638000E-06,+9.910000E+37,+1.268987E+03,+3.584400E+04,-4.877195E-03,+0.000000E+00,+9.910000E+37,+1.269055E+03,+3.584400E+04
16:38:34,0e0,+1.335738E-01,+1.730000E-06,+9.910000E+37,+1.269279E+03,+3.584400E+04,+1.332097E-01,+1.730000E-06,+9.910000E+37,+1.269346E+03,+3.584400E+04,+1.326181E-01,+1.730000E-06,+9.910000E+37,+1.269413E+03,+3.584400E+04,-6.562039E-03,+0.000000E+00,+9.910000E+37,+1.269480E+03,+3.584400E+04
16:38:34,0e0,+1.370338E-01,+1.827500E-06,+9.910000E+37,+1.269702E+03,+3.584400E+04,+1.368518E-01,+1.827500E-06,+9.910000E+37,+1.269769E+03,+3.584400E+04,+1.351671E-01,+1.827500E-06,+9.910000E+37,+1.269835E+03,+3.584400E+04,-5.287156E-03,+0.000000E+00,+9.910000E+37,+1.269900E+03,+3.584400E+04
16:38:34,0e0,+1.384446E-01,+1.930500E-06,+9.910000E+37,+1.270121E+03,+3.584400E+04,+1.400845E-01,+1.930500E-06,+9.910000E+37,+1.270188E+03,+3.584400E+04,+1.397205E-01,+1.930500E-06,+9.910000E+37,+1.270254E+03,+3.584400E+04,-5.196095E-03,+0.000000E+00,+9.910000E+37,+1.270321E+03,+3.584400E+04
16:38:34,0e0,+1.432256E-01,+2.039500E-06,+9.910000E+37,+1.270544E+03,+3.584400E+04,+1.420410E-01,+2.039500E-06,+9.910000E+37,+1.270611E+03,+3.584400E+04,+1.431342E-01,+2.039500E-06,+9.910000E+37,+1.270678E+03,+3.584400E+04,-6.789967E-03,+0.000000E+00,+9.910000E+37,+1.270744E+03,+3.584400E+04
16:38:34,0e0,+1.467766E-01,+2.154500E-06,+9.910000E+37,+1.270968E+03,+3.584400E+04,+1.477786E-01,+2.154500E-06,+9.910000E+37,+1.271034E+03,+3.584400E+04,+1.482337E-01,+2.154500E-06,+9.910000E+37,+1.271102E+03,+3.584400E+04,-6.152406E-03,+0.000000E+00,+9.910000E+37,+1.271169E+03,+3.584400E+04
16:38:34,0e0,+1.519668E-01,+2.276000E-06,+9.910000E+37,+1.271392E+03,+3.584400E+04,+1.510561E-01,+2.276000E-06,+9.910000E+37,+1.271458E+03,+3.584400E+04,+1.516943E-01,+2.276000E-06,+9.910000E+37,+1.271525E+03,+3.584400E+04,-5.605981E-03,+0.000000E+00,+9.910000E+37,+1.271591E+03,+3.584400E+04
16:38:34,0e0,+1.564745E-01,+2.404000E-06,+9.910000E+37,+1.271813E+03,+3.584400E+04,+1.555640E-01,+2.404000E-06,+9.910000E+37,+1.271881E+03,+3.584400E+04,+1.567932E-01,+2.404000E-06,+9.910000E+37,+1.271946E+03,+3.584400E+04,-7.108748E-03,+0.000000E+00,+9.910000E+37,+1.272013E+03,+3.584400E+04
16:38:34,0e0,+1.608453E-01,+2.539500E-06,+9.910000E+37,+1.272239E+03,+3.584400E+04,+1.596607E-01,+2.539500E-06,+9.910000E+37,+1.272307E+03,+3.584400E+04,+1.601165E-01,+2.539500E-06,+9.910000E+37,+1.272372E+03,+3.584400E+04,-5.879104E-03,+0.000000E+00,+9.910000E+37,+1.272438E+03,+3.584400E+04
16:38:34,0e0,+1.651702E-01,+2.682500E-06,+9.910000E+37,+1.272658E+03,+3.584400E+04,+1.653526E-01,+2.682500E-06,+9.910000E+37,+1.272725E+03,+3.584400E+04,+1.652616E-01,+2.682500E-06,+9.910000E+37,+1.272792E+03,+3.584400E+04,-6.152362E-03,+0.000000E+00,+9.910000E+37,+1.272857E+03,+3.584400E+04
16:38:34,0e0,+1.693589E-01,+2.834000E-06,+9.910000E+37,+1.273077E+03,+3.584400E+04,+1.691766E-01,+2.834000E-06,+9.910000E+37,+1.273144E+03,+3.584400E+04,+1.688581E-01,+2.834000E-06,+9.910000E+37,+1.273210E+03,+3.584400E+04,-5.469292E-03,+0.000000E+00,+9.910000E+37,+1.273277E+03,+3.584400E+04
16:38:34,0e0,+1.745492E-01,+2.993500E-06,+9.910000E+37,+1.273503E+03,+3.584400E+04,+1.739116E-01,+2.993500E-06,+9.910000E+37,+1.273569E+03,+3.584400E+04,+1.738205E-01,+2.993500E-06,+9.910000E+37,+1.273636E+03,+3.584400E+04,-6.152183E-03,+0.000000E+00,+9.910000E+37,+1.273702E+03,+3.584400E+04
16:38:34,0e0,+1.790107E-01,+3.162500E-06,+9.910000E+37,+1.273923E+03,+3.584400E+04,+1.791936E-01,+3.162500E-06,+9.910000E+37,+1.273990E+03,+3.584400E+04,+1.783279E-01,+3.162500E-06,+9.910000E+37,+1.274058E+03,+3.584400E+04,-6.607652E-03,+0.000000E+00,+9.910000E+37,+1.274125E+03,+3.584400E+04
16:38:34,0e0,+1.841557E-01,+3.340500E-06,+9.910000E+37,+1.274347E+03,+3.584400E+04,+1.832896E-01,+3.340500E-06,+9.910000E+37,+1.274413E+03,+3.584400E+04,+1.837462E-01,+3.340500E-06,+9.910000E+37,+1.274479E+03,+3.584400E+04,-5.742460E-03,+0.000000E+00,+9.910000E+37,+1.274547E+03,+3.584400E+04
16:38:34,0e0,+1.881167E-01,+3.528500E-06,+9.910000E+37,+1.274770E+03,+3.584400E+04,+1.888907E-01,+3.528500E-06,+9.910000E+37,+1.274836E+03,+3.584400E+04,+1.886179E-01,+3.528500E-06,+9.910000E+37,+1.274903E+03,+3.584400E+04,-6.288826E-03,+0.000000E+00,+9.910000E+37,+1.274971E+03,+3.584400E+04
16:38:34,0e0,+1.941260E-01,+3.727500E-06,+9.910000E+37,+1.275192E+03,+3.584400E+04,+1.947183E-01,+3.727500E-06,+9.910000E+37,+1.275259E+03,+3.584400E+04,+1.925325E-01,+3.727500E-06,+9.910000E+37,+1.275324E+03,+3.584400E+04,-5.651191E-03,+0.000000E+00,+9.910000E+37,+1.275392E+03,+3.584400E+04
16:38:34,0e0,+1.984513E-01,+3.937500E-06,+9.910000E+37,+1.275616E+03,+3.584400E+04,+2.000906E-01,+3.937500E-06,+9.910000E+37,+1.275683E+03,+3.584400E+04,+1.990434E-01,+3.937500E-06,+9.910000E+37,+1.275748E+03,+3.584400E+04,-6.152064E-03,+0.000000E+00,+9.910000E+37,+1.275815E+03,+3.584400E+04
16:38:34,0e0,+2.039149E-01,+4.159500E-06,+9.910000E+37,+1.276035E+03,+3.584400E+04,+2.032773E-01,+4.159500E-06,+9.910000E+37,+1.276102E+03,+3.584400E+04,+2.043701E-01,+4.159500E-06,+9.910000E+37,+1.276168E+03,+3.584400E+04,-4.786223E-03,+0.000000E+00,+9.910000E+37,+1.276235E+03,+3.584400E+04
16:38:34,0e0,+2.097427E-01,+4.394000E-06,+9.910000E+37,+1.276460E+03,+3.584400E+04,+2.104714E-01,+4.394000E-06,+9.910000E+37,+1.276526E+03,+3.584400E+04,+2.086952E-01,+4.394000E-06,+9.910000E+37,+1.276594E+03,+3.584400E+04,-5.742520E-03,+0.000000E+00,+9.910000E+37,+1.276661E+03,+3.584400E+04
16:38:34,0e0,+2.151602E-01,+4.641500E-06,+9.910000E+37,+1.276880E+03,+3.584400E+04,+2.149779E-01,+4.641500E-06,+9.910000E+37,+1.276947E+03,+3.584400E+04,+2.144317E-01,+4.641500E-06,+9.910000E+37,+1.277013E+03,+3.584400E+04,-5.879089E-03,+0.000000E+00,+9.910000E+37,+1.277079E+03,+3.584400E+04
16:38:34,0e0,+2.208057E-01,+4.903000E-06,+9.910000E+37,+1.277304E+03,+3.584400E+04,+2.207150E-01,+4.903000E-06,+9.910000E+37,+1.277371E+03,+3.584400E+04,+2.208965E-01,+4.903000E-06,+9.910000E+37,+1.277437E+03,+3.584400E+04,-6.972000E-03,+0.000000E+00,+9.910000E+37,+1.277503E+03,+3.584400E+04
16:38:34,0e0,+2.263151E-01,+5.179500E-06,+9.910000E+37,+1.277729E+03,+3.584400E+04,+2.264511E-01,+5.179500E-06,+9.910000E+37,+1.277794E+03,+3.584400E+04,+2.263148E-01,+5.179500E-06,+9.910000E+37,+1.277860E+03,+3.584400E+04,-5.879089E-03,+0.000000E+00,+9.910000E+37,+1.277928E+03,+3.584400E+04
16:38:34,0e0,+2.317781E-01,+5.471500E-06,+9.910000E+37,+1.278152E+03,+3.584400E+04,+2.320511E-01,+5.471500E-06,+9.910000E+37,+1.278218E+03,+3.584400E+04,+2.328705E-01,+5.471500E-06,+9.910000E+37,+1.278285E+03,+3.584400E+04,-6.607622E-03,+0.000000E+00,+9.910000E+37,+1.278353E+03,+3.584400E+04
16:38:34,0e0,+2.383344E-01,+5.779500E-06,+9.910000E+37,+1.278573E+03,+3.584400E+04,+2.385619E-01,+5.779500E-06,+9.910000E+37,+1.278640E+03,+3.584400E+04,+2.383806E-01,+5.779500E-06,+9.910000E+37,+1.278706E+03,+3.584400E+04,-5.013958E-03,+0.000000E+00,+9.910000E+37,+1.278773E+03,+3.584400E+04
16:38:34,0e0,+2.443440E-01,+6.105500E-06,+9.910000E+37,+1.278994E+03,+3.584400E+04,+2.452087E-01,+6.105500E-06,+9.910000E+37,+1.279062E+03,+3.584400E+04,+2.429314E-01,+6.105500E-06,+9.910000E+37,+1.279127E+03,+3.584400E+04,-5.878896E-03,+0.000000E+00,+9.910000E+37,+1.279193E+03,+3.584400E+04
16:38:34,0e0,+2.504446E-01,+6.449500E-06,+9.910000E+37,+1.279420E+03,+3.584400E+04,+2.512633E-01,+6.449500E-06,+9.910000E+37,+1.279485E+03,+3.584400E+04,+2.521294E-01,+6.449500E-06,+9.910000E+37,+1.279553E+03,+3.584400E+04,-6.015718E-03,+0.000000E+00,+9.910000E+37,+1.279620E+03,+3.584400E+04
16:38:34,0e0,+2.563626E-01,+6.813000E-06,+9.910000E+37,+1.279841E+03,+3.584400E+04,+2.580478E-01,+6.813000E-06,+9.910000E+37,+1.279906E+03,+3.584400E+04,+2.575922E-01,+6.813000E-06,+9.910000E+37,+1.279973E+03,+3.584400E+04,-7.791325E-03,+0.000000E+00,+9.910000E+37,+1.280039E+03,+3.584400E+04
16:38:34,0e0,+2.643307E-01,+7.197000E-06,+9.910000E+37,+1.280260E+03,+3.584400E+04,+2.639659E-01,+7.197000E-06,+9.910000E+37,+1.280325E+03,+3.584400E+04,+2.639205E-01,+7.197000E-06,+9.910000E+37,+1.280392E+03,+3.584400E+04,-8.246437E-03,+0.000000E+00,+9.910000E+37,+1.280458E+03,+3.584400E+04
16:38:34,0e0,+2.715239E-01,+7.602500E-06,+9.910000E+37,+1.280683E+03,+3.584400E+04,+2.713880E-01,+7.602500E-06,+9.910000E+37,+1.280750E+03,+3.584400E+04,+2.720248E-01,+7.602500E-06,+9.910000E+37,+1.280815E+03,+3.584400E+04,-1.316357E-02,+0.000000E+00,+9.910000E+37,+1.280882E+03,+3.584400E+04
16:38:34,0e0,+2.785354E-01,+8.031000E-06,+9.910000E+37,+1.281104E+03,+3.584400E+04,+2.789451E-01,+8.031000E-06,+9.910000E+37,+1.281171E+03,+3.584400E+04,+2.789450E-01,+8.031000E-06,+9.910000E+37,+1.281237E+03,+3.584400E+04,-7.103002E-02,+0.000000E+00,+9.910000E+37,+1.281305E+03,+3.584400E+04
16:38:34,0e0,+2.851822E-01,+8.483500E-06,+9.910000E+37,+1.281528E+03,+3.584400E+04,+2.862299E-01,+8.483500E-06,+9.910000E+37,+1.281596E+03,+3.584400E+04,+2.852283E-01,+8.483500E-06,+9.910000E+37,+1.281663E+03,+3.584400E+04,-7.371597E-02,+0.000000E+00,+9.910000E+37,+1.281729E+03,+3.584400E+04
16:38:34,0e0,+2.928311E-01,+8.961500E-06,+9.910000E+37,+1.281949E+03,+3.584400E+04,+2.929224E-01,+8.961500E-06,+9.910000E+37,+1.282015E+03,+3.584400E+04,+2.916464E-01,+8.961500E-06,+9.910000E+37,+1.282081E+03,+3.584400E+04,-1.054036E-01,+0.000000E+00,+9.910000E+37,+1.282147E+03,+3.584400E+04
16:38:34,0e0,+3.023923E-01,+9.466500E-06,+9.910000E+37,+1.282370E+03,+3.584400E+04,+3.002979E-01,+9.466500E-06,+9.910000E+37,+1.282436E+03,+3.584400E+04,+3.004347E-01,+9.466500E-06,+9.910000E+37,+1.282502E+03,+3.584400E+04,-2.968999E-01,+0.000000E+00,+9.910000E+37,+1.282568E+03,+3.584400E+04
16:38:34,0e0,+3.082651E-01,+1.000000E-05,+9.910000E+37,+1.282789E+03,+3.584400E+04,+3.076734E-01,+1.000000E-05,+9.910000E+37,+1.282855E+03,+3.584400E+04,+3.084018E-01,+1.000000E-05,+9.910000E+37,+1.282922E+03,+3.584400E+04,-3.067802E-01,+0.000000E+00,+9.910000E+37,+1.282988E+03,+3.584400E+04
16:38:34,0e0,+3.033026E-01,+1.056500E-05,+9.910000E+37,+1.283212E+03,+3.584400E+04,+3.038487E-01,+1.056500E-05,+9.910000E+37,+1.283279E+03,+3.584400E+04,+3.035304E-01,+1.056500E-05,+9.910000E+37,+1.283346E+03,+3.584400E+04,-7.244602E-03,+0.000000E+00,+9.910000E+37,+1.283412E+03,+3.584400E+04
16:38:34,0e0,+3.101317E-01,+1.116000E-05,+9.910000E+37,+1.283641E+03,+3.584400E+04,+3.111340E-01,+1.116000E-05,+9.910000E+37,+1.283707E+03,+3.584400E+04,+3.103139E-01,+1.116000E-05,+9.910000E+37,+1.283773E+03,+3.584400E+04,-7.654816E-03,+0.000000E+00,+9.910000E+37,+1.283841E+03,+3.584400E+04
16:38:34,0e0,+3.188289E-01,+1.179000E-05,+9.910000E+37,+1.284054E+03,+3.584400E+04,+3.184183E-01,+1.179000E-05,+9.910000E+37,+1.284121E+03,+3.584400E+04,+3.169606E-01,+1.179000E-05,+9.910000E+37,+1.284187E+03,+3.584400E+04,-5.696610E-03,+0.000000E+00,+9.910000E+37,+1.284253E+03,+3.584400E+04
16:38:34,0e0,+3.249744E-01,+1.245000E-05,+9.910000E+37,+1.284471E+03,+3.584400E+04,+3.262945E-01,+1.245000E-05,+9.910000E+37,+1.284537E+03,+3.584400E+04,+3.258859E-01,+1.245000E-05,+9.910000E+37,+1.284604E+03,+3.584400E+04,-6.789446E-03,+0.000000E+00,+9.910000E+37,+1.284671E+03,+3.584400E+04
16:38:34,0e0,+3.331696E-01,+1.315500E-05,+9.910000E+37,+1.284891E+03,+3.584400E+04,+3.337160E-01,+1.315500E-05,+9.910000E+37,+1.284958E+03,+3.584400E+04,+3.326226E-01,+1.315500E-05,+9.910000E+37,+1.285023E+03,+3.584400E+04,-7.017329E-03,+0.000000E+00,+9.910000E+37,+1.285090E+03,+3.584400E+04
16:38:34,0e0,+3.409544E-01,+1.389500E-05,+9.910000E+37,+1.285307E+03,+3.584400E+04,+3.398616E-01,+1.389500E-05,+9.910000E+37,+1.285372E+03,+3.584400E+04,+3.398160E-01,+1.389500E-05,+9.910000E+37,+1.285438E+03,+3.584400E+04,-7.472813E-03,+0.000000E+00,+9.910000E+37,+1.285505E+03,+3.584400E+04
16:38:34,0e0,+3.489674E-01,+1.468000E-05,+9.910000E+37,+1.285725E+03,+3.584400E+04,+3.491490E-01,+1.468000E-05,+9.910000E+37,+1.285792E+03,+3.584400E+04,+3.480573E-01,+1.468000E-05,+9.910000E+37,+1.285857E+03,+3.584400E+04,-6.835237E-03,+0.000000E+00,+9.910000E+37,+1.285925E+03,+3.584400E+04
16:38:34,0e0,+3.562062E-01,+1.550500E-05,+9.910000E+37,+1.286149E+03,+3.584400E+04,+3.577098E-01,+1.550500E-05,+9.910000E+37,+1.286215E+03,+3.584400E+04,+3.568899E-01,+1.550500E-05,+9.910000E+37,+1.286281E+03,+3.584400E+04,-7.927895E-03,+0.000000E+00,+9.910000E+37,+1.286347E+03,+3.584400E+04
16:38:34,0e0,+3.645386E-01,+1.638000E-05,+9.910000E+37,+1.286574E+03,+3.584400E+04,+3.642192E-01,+1.638000E-05,+9.910000E+37,+1.286640E+03,+3.584400E+04,+3.649025E-01,+1.638000E-05,+9.910000E+37,+1.286706E+03,+3.584400E+04,-8.656621E-03,+0.000000E+00,+9.910000E+37,+1.286773E+03,+3.584400E+04
16:38:34,0e0,+3.725966E-01,+1.730000E-05,+9.910000E+37,+1.286999E+03,+3.584400E+04,+3.729605E-01,+1.730000E-05,+9.910000E+37,+1.287065E+03,+3.584400E+04,+3.727335E-01,+1.730000E-05,+9.910000E+37,+1.287131E+03,+3.584400E+04,-6.516427E-03,+0.000000E+00,+9.910000E+37,+1.287197E+03,+3.584400E+04
16:38:34,0e0,+3.807468E-01,+1.827500E-05,+9.910000E+37,+1.287415E+03,+3.584400E+04,+3.826589E-01,+1.827500E-05,+9.910000E+37,+1.287481E+03,+3.584400E+04,+3.804732E-01,+1.827500E-05,+9.910000E+37,+1.287548E+03,+3.584400E+04,-7.973239E-03,+0.000000E+00,+9.910000E+37,+1.287614E+03,+3.584400E+04
16:38:34,0e0,+3.893970E-01,+1.930500E-05,+9.910000E+37,+1.287835E+03,+3.584400E+04,+3.890322E-01,+1.930500E-05,+9.910000E+37,+1.287901E+03,+3.584400E+04,+3.887593E-01,+1.930500E-05,+9.910000E+37,+1.287969E+03,+3.584400E+04,-7.700294E-03,+0.000000E+00,+9.910000E+37,+1.288034E+03,+3.584400E+04
16:38:34,0e0,+3.984113E-01,+2.039500E-05,+9.910000E+37,+1.288259E+03,+3.584400E+04,+3.971366E-01,+2.039500E-05,+9.910000E+37,+1.288325E+03,+3.584400E+04,+3.974555E-01,+2.039500E-05,+9.910000E+37,+1.288392E+03,+3.584400E+04,-7.700071E-03,+0.000000E+00,+9.910000E+37,+1.288458E+03,+3.584400E+04
16:38:34,0e0,+4.060145E-01,+2.154500E-05,+9.910000E+37,+1.288679E+03,+3.584400E+04,+4.053767E-01,+2.154500E-05,+9.910000E+37,+1.288746E+03,+3.584400E+04,+4.048300E-01,+2.154500E-05,+9.910000E+37,+1.288812E+03,+3.584400E+04,-7.836848E-03,+0.000000E+00,+9.910000E+37,+1.288880E+03,+3.584400E+04
16:38:34,0e0,+4.145741E-01,+2.276000E-05,+9.910000E+37,+1.289109E+03,+3.584400E+04,+4.151213E-01,+2.276000E-05,+9.910000E+37,+1.289175E+03,+3.584400E+04,+4.149375E-01,+2.276000E-05,+9.910000E+37,+1.289242E+03,+3.584400E+04,-6.834909E-03,+0.000000E+00,+9.910000E+37,+1.289311E+03,+3.584400E+04
16:38:34,0e0,+4.247720E-01,+2.404000E-05,+9.910000E+37,+1.289534E+03,+3.584400E+04,+4.226322E-01,+2.404000E-05,+9.910000E+37,+1.289601E+03,+3.584400E+04,+4.237245E-01,+2.404000E-05,+9.910000E+37,+1.289666E+03,+3.584400E+04,-7.700115E-03,+0.000000E+00,+9.910000E+37,+1.289735E+03,+3.584400E+04
16:38:34,0e0,+4.326944E-01,+2.539500E-05,+9.910000E+37,+1.289963E+03,+3.584400E+04,+4.325131E-01,+2.539500E-05,+9.910000E+37,+1.290030E+03,+3.584400E+04,+4.322379E-01,+2.539500E-05,+9.910000E+37,+1.290096E+03,+3.584400E+04,-7.882088E-03,+0.000000E+00,+9.910000E+37,+1.290163E+03,+3.584400E+04
16:38:34,0e0,+4.401144E-01,+2.682500E-05,+9.910000E+37,+1.290378E+03,+3.584400E+04,+4.404786E-01,+2.682500E-05,+9.910000E+37,+1.290446E+03,+3.584400E+04,+4.413443E-01,+2.682500E-05,+9.910000E+37,+1.290518E+03,+3.584400E+04,-6.789595E-03,+0.000000E+00,+9.910000E+37,+1.290590E+03,+3.584400E+04
16:38:34,0e0,+4.508139E-01,+2.834000E-05,+9.910000E+37,+1.290812E+03,+3.584400E+04,+4.506315E-01,+2.834000E-05,+9.910000E+37,+1.290878E+03,+3.584400E+04,+4.491735E-01,+2.834000E-05,+9.910000E+37,+1.290945E+03,+3.584400E+04,-7.381588E-03,+0.000000E+00,+9.910000E+37,+1.291013E+03,+3.584400E+04
16:38:34,0e0,+4.588277E-01,+2.993500E-05,+9.910000E+37,+1.291241E+03,+3.584400E+04,+4.592828E-01,+2.993500E-05,+9.910000E+37,+1.291309E+03,+3.584400E+04,+4.585087E-01,+2.993500E-05,+9.910000E+37,+1.291374E+03,+3.584400E+04,-8.428693E-03,+0.000000E+00,+9.910000E+37,+1.291440E+03,+3.584400E+04
16:38:34,0e0,+4.683883E-01,+3.162500E-05,+9.910000E+37,+1.291661E+03,+3.584400E+04,+4.689339E-01,+3.162500E-05,+9.910000E+37,+1.291728E+03,+3.584400E+04,+4.678415E-01,+3.162500E-05,+9.910000E+37,+1.291795E+03,+3.584400E+04,-7.745996E-03,+0.000000E+00,+9.910000E+37,+1.291862E+03,+3.584400E+04
16:38:34,0e0,+4.788131E-01,+3.340500E-05,+9.910000E+37,+1.292100E+03,+3.584400E+04,+4.776300E-01,+3.340500E-05,+9.910000E+37,+1.292166E+03,+3.584400E+04,+4.785409E-01,+3.340500E-05,+9.910000E+37,+1.292233E+03,+3.584400E+04,-7.882476E-03,+0.000000E+00,+9.910000E+37,+1.292300E+03,+3.584400E+04
16:38:34,0e0,+4.872373E-01,+3.528500E-05,+9.910000E+37,+1.292526E+03,+3.584400E+04,+4.878284E-01,+3.528500E-05,+9.910000E+37,+1.292592E+03,+3.584400E+04,+4.872823E-01,+3.528500E-05,+9.910000E+37,+1.292658E+03,+3.584400E+04,-7.563725E-03,+0.000000E+00,+9.910000E+37,+1.292726E+03,+3.584400E+04
16:38:34,0e0,+4.958414E-01,+3.727500E-05,+9.910000E+37,+1.292949E+03,+3.584400E+04,+4.968437E-01,+3.727500E-05,+9.910000E+37,+1.293015E+03,+3.584400E+04,+4.967512E-01,+3.727500E-05,+9.910000E+37,+1.293081E+03,+3.584400E+04,-8.565515E-03,+0.000000E+00,+9.910000E+37,+1.293147E+03,+3.584400E+04
16:38:34,0e0,+5.064495E-01,+3.937500E-05,+9.910000E+37,+1.293366E+03,+3.584400E+04,+5.058575E-01,+3.937500E-05,+9.910000E+37,+1.293433E+03,+3.584400E+04,+5.062221E-01,+3.937500E-05,+9.910000E+37,+1.293499E+03,+3.584400E+04,-7.837042E-03,+0.000000E+00,+9.910000E+37,+1.293564E+03,+3.584400E+04
16:38:34,0e0,+5.156918E-01,+4.159500E-05,+9.910000E+37,+1.293786E+03,+3.584400E+04,+5.156457E-01,+4.159500E-05,+9.910000E+37,+1.293854E+03,+3.584400E+04,+5.165577E-01,+4.159500E-05,+9.910000E+37,+1.293921E+03,+3.584400E+04,-6.607473E-03,+0.000000E+00,+9.910000E+37,+1.293986E+03,+3.584400E+04
16:38:34,0e0,+5.254797E-01,+4.394000E-05,+9.910000E+37,+1.294214E+03,+3.584400E+04,+5.252525E-01,+4.394000E-05,+9.910000E+37,+1.294281E+03,+3.584400E+04,+5.259807E-01,+4.394000E-05,+9.910000E+37,+1.294347E+03,+3.584400E+04,-6.470740E-03,+0.000000E+00,+9.910000E+37,+1.294414E+03,+3.584400E+04
16:38:34,0e0,+5.356779E-01,+4.641500E-05,+9.910000E+37,+1.294639E+03,+3.584400E+04,+5.359529E-01,+4.641500E-05,+9.910000E+37,+1.294705E+03,+3.584400E+04,+5.364534E-01,+4.641500E-05,+9.910000E+37,+1.294772E+03,+3.584400E+04,-8.292153E-03,+0.000000E+00,+9.910000E+37,+1.294838E+03,+3.584400E+04
16:38:34,0e0,+5.456486E-01,+4.903000E-05,+9.910000E+37,+1.295065E+03,+3.584400E+04,+5.440542E-01,+4.903000E-05,+9.910000E+37,+1.295131E+03,+3.584400E+04,+5.457399E-01,+4.903000E-05,+9.910000E+37,+1.295198E+03,+3.584400E+04,-8.246675E-03,+0.000000E+00,+9.910000E+37,+1.295264E+03,+3.584400E+04
16:38:34,0e0,+5.553463E-01,+5.179500E-05,+9.910000E+37,+1.295483E+03,+3.584400E+04,+5.545282E-01,+5.179500E-05,+9.910000E+37,+1.295549E+03,+3.584400E+04,+5.552560E-01,+5.179500E-05,+9.910000E+37,+1.295616E+03,+3.584400E+04,-6.698504E-03,+0.000000E+00,+9.910000E+37,+1.295683E+03,+3.584400E+04
16:38:34,0e0,+5.635859E-01,+5.471500E-05,+9.910000E+37,+1.295906E+03,+3.584400E+04,+5.657280E-01,+5.471500E-05,+9.910000E+37,+1.295973E+03,+3.584400E+04,+5.649980E-01,+5.471500E-05,+9.910000E+37,+1.296040E+03,+3.584400E+04,-8.064598E-03,+0.000000E+00,+9.910000E+37,+1.296105E+03,+3.584400E+04
16:38:34,0e0,+5.757425E-01,+5.779500E-05,+9.910000E+37,+1.296326E+03,+3.584400E+04,+5.751054E-01,+5.779500E-05,+9.910000E+37,+1.296394E+03,+3.584400E+04,+5.750144E-01,+5.779500E-05,+9.910000E+37,+1.296459E+03,+3.584400E+04,-7.791355E-03,+0.000000E+00,+9.910000E+37,+1.296527E+03,+3.584400E+04
16:38:34,0e0,+5.851220E-01,+6.105500E-05,+9.910000E+37,+1.296749E+03,+3.584400E+04,+5.857592E-01,+6.105500E-05,+9.910000E+37,+1.296814E+03,+3.584400E+04,+5.848030E-01,+6.105500E-05,+9.910000E+37,+1.296881E+03,+3.584400E+04,-7.563710E-03,+0.000000E+00,+9.910000E+37,+1.296949E+03,+3.584400E+04
16:38:34,0e0,+5.970963E-01,+6.449500E-05,+9.910000E+37,+1.297175E+03,+3.584400E+04,+5.958210E-01,+6.449500E-05,+9.910000E+37,+1.297241E+03,+3.584400E+04,+5.950909E-01,+6.449500E-05,+9.910000E+37,+1.297308E+03,+3.584400E+04,-6.880581E-03,+0.000000E+00,+9.910000E+37,+1.297375E+03,+3.584400E+04
16:38:34,0e0,+6.057920E-01,+6.813000E-05,+9.910000E+37,+1.297597E+03,+3.584400E+04,+6.065208E-01,+6.813000E-05,+9.910000E+37,+1.297663E+03,+3.584400E+04,+6.061109E-01,+6.813000E-05,+9.910000E+37,+1.297730E+03,+3.584400E+04,-7.836625E-03,+0.000000E+00,+9.910000E+37,+1.297798E+03,+3.584400E+04
16:38:34,0e0,+6.165364E-01,+7.197000E-05,+9.910000E+37,+1.298024E+03,+3.584400E+04,+6.157170E-01,+7.197000E-05,+9.910000E+37,+1.298090E+03,+3.584400E+04,+6.163542E-01,+7.197000E-05,+9.910000E+37,+1.298157E+03,+3.584400E+04,-8.338138E-03,+0.000000E+00,+9.910000E+37,+1.298225E+03,+3.584400E+04
16:38:34,0e0,+6.261436E-01,+7.602500E-05,+9.910000E+37,+1.298445E+03,+3.584400E+04,+6.255503E-01,+7.602500E-05,+9.910000E+37,+1.298511E+03,+3.584400E+04,+6.267804E-01,+7.602500E-05,+9.910000E+37,+1.298578E+03,+3.584400E+04,-7.472515E-03,+0.000000E+00,+9.910000E+37,+1.298646E+03,+3.584400E+04
16:38:34,0e0,+6.379802E-01,+8.031000E-05,+9.910000E+37,+1.298872E+03,+3.584400E+04,+6.364781E-01,+8.031000E-05,+9.910000E+37,+1.298938E+03,+3.584400E+04,+6.376160E-01,+8.031000E-05,+9.910000E+37,+1.299005E+03,+3.584400E+04,-6.743878E-03,+0.000000E+00,+9.910000E+37,+1.299073E+03,+3.584400E+04
16:38:34,0e0,+6.480426E-01,+8.483500E-05,+9.910000E+37,+1.299302E+03,+3.584400E+04,+6.482236E-01,+8.483500E-05,+9.910000E+37,+1.299367E+03,+3.584400E+04,+6.484510E-01,+8.483500E-05,+9.910000E+37,+1.299435E+03,+3.584400E+04,-5.404799E-02,+0.000000E+00,+9.910000E+37,+1.299501E+03,+3.584400E+04
16:38:34,0e0,+6.606084E-01,+8.961500E-05,+9.910000E+37,+1.299726E+03,+3.584400E+04,+6.589223E-01,+8.961500E-05,+9.910000E+37,+1.299793E+03,+3.584400E+04,+6.587406E-01,+8.961500E-05,+9.910000E+37,+1.299858E+03,+3.584400E+04,-1.062232E-01,+0.000000E+00,+9.910000E+37,+1.299925E+03,+3.584400E+04
16:38:34,0e0,+6.694391E-01,+9.466500E-05,+9.910000E+37,+1.300148E+03,+3.584400E+04,+6.698496E-01,+9.466500E-05,+9.910000E+37,+1.300215E+03,+3.584400E+04,+6.698036E-01,+9.466500E-05,+9.910000E+37,+1.300282E+03,+3.584400E+04,-1.843496E-01,+0.000000E+00,+9.910000E+37,+1.300348E+03,+3.584400E+04
16:38:34,0e0,+6.807319E-01,+1.000000E-04,+9.910000E+37,+1.300566E+03,+3.584400E+04,+6.799564E-01,+1.000000E-04,+9.910000E+37,+1.300632E+03,+3.584400E+04,+6.813240E-01,+1.000000E-04,+9.910000E+37,+1.300698E+03,+3.584400E+04,-2.478629E-01,+0.000000E+00,+9.910000E+37,+1.300766E+03,+3.584400E+04
16:38:34,0e0,+6.792294E-01,+1.056500E-04,+9.910000E+37,+1.300993E+03,+3.584400E+04,+6.789110E-01,+1.056500E-04,+9.910000E+37,+1.301060E+03,+3.584400E+04,+6.782252E-01,+1.056500E-04,+9.910000E+37,+1.301126E+03,+3.584400E+04,-2.413580E-02,+0.000000E+00,+9.910000E+37,+1.301193E+03,+3.584400E+04
16:38:34,0e0,+6.891530E-01,+1.116000E-04,+9.910000E+37,+1.301419E+03,+3.584400E+04,+6.898373E-01,+1.116000E-04,+9.910000E+37,+1.301486E+03,+3.584400E+04,+6.888801E-01,+1.116000E-04,+9.910000E+37,+1.301552E+03,+3.584400E+04,-2.481902E-02,+0.000000E+00,+9.910000E+37,+1.301619E+03,+3.584400E+04
16:38:34,0e0,+6.998990E-01,+1.179000E-04,+9.910000E+37,+1.301849E+03,+3.584400E+04,+6.998537E-01,+1.179000E-04,+9.910000E+37,+1.301914E+03,+3.584400E+04,+6.989420E-01,+1.179000E-04,+9.910000E+37,+1.301981E+03,+3.584400E+04,-2.459136E-02,+0.000000E+00,+9.910000E+37,+1.302047E+03,+3.584400E+04
16:38:34,0e0,+7.086841E-01,+1.245000E-04,+9.910000E+37,+1.302280E+03,+3.584400E+04,+7.086863E-01,+1.245000E-04,+9.910000E+37,+1.302346E+03,+3.584400E+04,+7.090946E-01,+1.245000E-04,+9.910000E+37,+1.302413E+03,+3.584400E+04,-2.645810E-02,+0.000000E+00,+9.910000E+37,+1.302479E+03,+3.584400E+04
16:38:34,0e0,+7.191556E-01,+1.315500E-04,+9.910000E+37,+1.302705E+03,+3.584400E+04,+7.199321E-01,+1.315500E-04,+9.910000E+37,+1.302771E+03,+3.584400E+04,+7.191107E-01,+1.315500E-04,+9.910000E+37,+1.302838E+03,+3.584400E+04,-2.418126E-02,+0.000000E+00,+9.910000E+37,+1.302905E+03,+3.584400E+04
16:38:34,0e0,+7.301287E-01,+1.389500E-04,+9.910000E+37,+1.303134E+03,+3.584400E+04,+7.297207E-01,+1.389500E-04,+9.910000E+37,+1.303201E+03,+3.584400E+04,+7.310412E-01,+1.389500E-04,+9.910000E+37,+1.303267E+03,+3.584400E+04,-2.358943E-02,+0.000000E+00,+9.910000E+37,+1.303333E+03,+3.584400E+04
16:38:34,0e0,+7.402366E-01,+1.468000E-04,+9.910000E+37,+1.303560E+03,+3.584400E+04,+7.404187E-01,+1.468000E-04,+9.910000E+37,+1.303626E+03,+3.584400E+04,+7.409188E-01,+1.468000E-04,+9.910000E+37,+1.303693E+03,+3.584400E+04,-2.440880E-02,+0.000000E+00,+9.910000E+37,+1.303759E+03,+3.584400E+04
16:38:34,0e0,+7.508436E-01,+1.550500E-04,+9.910000E+37,+1.303985E+03,+3.584400E+04,+7.515268E-01,+1.550500E-04,+9.910000E+37,+1.304052E+03,+3.584400E+04,+7.521640E-01,+1.550500E-04,+9.910000E+37,+1.304119E+03,+3.584400E+04,-2.527408E-02,+0.000000E+00,+9.910000E+37,+1.304187E+03,+3.584400E+04
16:38:34,0e0,+7.594011E-01,+1.638000E-04,+9.910000E+37,+1.304413E+03,+3.584400E+04,+7.609511E-01,+1.638000E-04,+9.910000E+37,+1.304480E+03,+3.584400E+04,+7.610440E-01,+1.638000E-04,+9.910000E+37,+1.304547E+03,+3.584400E+04,-2.659456E-02,+0.000000E+00,+9.910000E+37,+1.304613E+03,+3.584400E+04
16:38:34,0e0,+7.719695E-01,+1.730000E-04,+9.910000E+37,+1.304848E+03,+3.584400E+04,+7.702383E-01,+1.730000E-04,+9.910000E+37,+1.304913E+03,+3.584400E+04,+7.729272E-01,+1.730000E-04,+9.910000E+37,+1.304979E+03,+3.584400E+04,-2.572951E-02,+0.000000E+00,+9.910000E+37,+1.305046E+03,+3.584400E+04
16:38:34,0e0,+7.821238E-01,+1.827500E-04,+9.910000E+37,+1.305271E+03,+3.584400E+04,+7.820314E-01,+1.827500E-04,+9.910000E+37,+1.305337E+03,+3.584400E+04,+7.815768E-01,+1.827500E-04,+9.910000E+37,+1.305404E+03,+3.584400E+04,-2.518310E-02,+0.000000E+00,+9.910000E+37,+1.305472E+03,+3.584400E+04
16:38:34,0e0,+7.928210E-01,+1.930500E-04,+9.910000E+37,+1.305699E+03,+3.584400E+04,+7.926857E-01,+1.930500E-04,+9.910000E+37,+1.305766E+03,+3.584400E+04,+7.920938E-01,+1.930500E-04,+9.910000E+37,+1.305832E+03,+3.584400E+04,-2.554744E-02,+0.000000E+00,+9.910000E+37,+1.305898E+03,+3.584400E+04
16:38:34,0e0,+8.041115E-01,+2.039500E-04,+9.910000E+37,+1.306127E+03,+3.584400E+04,+8.032473E-01,+2.039500E-04,+9.910000E+37,+1.306194E+03,+3.584400E+04,+8.043402E-01,+2.039500E-04,+9.910000E+37,+1.306261E+03,+3.584400E+04,-2.491005E-02,+0.000000E+00,+9.910000E+37,+1.306327E+03,+3.584400E+04
16:38:34,0e0,+8.140836E-01,+2.154500E-04,+9.910000E+37,+1.306553E+03,+3.584400E+04,+8.140380E-01,+2.154500E-04,+9.910000E+37,+1.306619E+03,+3.584400E+04,+8.139899E-01,+2.154500E-04,+9.910000E+37,+1.306687E+03,+3.584400E+04,-2.609342E-02,+0.000000E+00,+9.910000E+37,+1.306752E+03,+3.584400E+04
16:38:34,0e0,+8.243259E-01,+2.276000E-04,+9.910000E+37,+1.306982E+03,+3.584400E+04,+8.256025E-01,+2.276000E-04,+9.910000E+37,+1.307049E+03,+3.584400E+04,+8.244624E-01,+2.276000E-04,+9.910000E+37,+1.307116E+03,+3.584400E+04,-2.545664E-02,+0.000000E+00,+9.910000E+37,+1.307184E+03,+3.584400E+04
16:38:34,0e0,+8.363460E-01,+2.404000E-04,+9.910000E+37,+1.307415E+03,+3.584400E+04,+8.355249E-01,+2.404000E-04,+9.910000E+37,+1.307481E+03,+3.584400E+04,+8.359804E-01,+2.404000E-04,+9.910000E+37,+1.307549E+03,+3.584400E+04,-2.563813E-02,+0.000000E+00,+9.910000E+37,+1.307614E+03,+3.584400E+04
16:38:34,0e0,+8.460428E-01,+2.539500E-04,+9.910000E+37,+1.307838E+03,+3.584400E+04,+8.471364E-01,+2.539500E-04,+9.910000E+37,+1.307904E+03,+3.584400E+04,+8.467270E-01,+2.539500E-04,+9.910000E+37,+1.307972E+03,+3.584400E+04,-2.641252E-02,+0.000000E+00,+9.910000E+37,+1.308037E+03,+3.584400E+04
16:38:34,0e0,+8.604306E-01,+2.682500E-04,+9.910000E+37,+1.308271E+03,+3.584400E+04,+8.576525E-01,+2.682500E-04,+9.910000E+37,+1.308336E+03,+3.584400E+04,+8.581995E-01,+2.682500E-04,+9.910000E+37,+1.308402E+03,+3.584400E+04,-2.536541E-02,+0.000000E+00,+9.910000E+37,+1.308469E+03,+3.584400E+04
16:38:34,0e0,+8.691715E-01,+2.834000E-04,+9.910000E+37,+1.308698E+03,+3.584400E+04,+8.689442E-01,+2.834000E-04,+9.910000E+37,+1.308765E+03,+3.584400E+04,+8.689883E-01,+2.834000E-04,+9.910000E+37,+1.308831E+03,+3.584400E+04,-2.427228E-02,+0.000000E+00,+9.910000E+37,+1.308898E+03,+3.584400E+04
16:38:34,0e0,+8.804168E-01,+2.993500E-04,+9.910000E+37,+1.309129E+03,+3.584400E+04,+8.804631E-01,+2.993500E-04,+9.910000E+37,+1.309195E+03,+3.584400E+04,+8.800529E-01,+2.993500E-04,+9.910000E+37,+1.309262E+03,+3.584400E+04,-2.545646E-02,+0.000000E+00,+9.910000E+37,+1.309328E+03,+3.584400E+04
16:38:34,0e0,+8.918898E-01,+3.162500E-04,+9.910000E+37,+1.309563E+03,+3.584400E+04,+8.912522E-01,+3.162500E-04,+9.910000E+37,+1.309628E+03,+3.584400E+04,+8.921186E-01,+3.162500E-04,+9.910000E+37,+1.309694E+03,+3.584400E+04,-2.604800E-02,+0.000000E+00,+9.910000E+37,+1.309761E+03,+3.584400E+04
16:38:34,0e0,+9.040918E-01,+3.340500E-04,+9.910000E+37,+1.309986E+03,+3.584400E+04,+9.030432E-01,+3.340500E-04,+9.910000E+37,+1.310053E+03,+3.584400E+04,+9.030440E-01,+3.340500E-04,+9.910000E+37,+1.310120E+03,+3.584400E+04,-2.463688E-02,+0.000000E+00,+9.910000E+37,+1.310187E+03,+3.584400E+04
16:38:34,0e0,+9.157453E-01,+3.528500E-04,+9.910000E+37,+1.310414E+03,+3.584400E+04,+9.141519E-01,+3.528500E-04,+9.910000E+37,+1.310480E+03,+3.584400E+04,+9.143815E-01,+3.528500E-04,+9.910000E+37,+1.310548E+03,+3.584400E+04,-2.395414E-02,+0.000000E+00,+9.910000E+37,+1.310614E+03,+3.584400E+04
16:38:34,0e0,+9.268113E-01,+3.727500E-04,+9.910000E+37,+1.310838E+03,+3.584400E+04,+9.269030E-01,+3.727500E-04,+9.910000E+37,+1.310904E+03,+3.584400E+04,+9.274011E-01,+3.727500E-04,+9.910000E+37,+1.310972E+03,+3.584400E+04,-2.490990E-02,+0.000000E+00,+9.910000E+37,+1.311037E+03,+3.584400E+04
16:38:34,0e0,+9.391497E-01,+3.937500E-04,+9.910000E+37,+1.311265E+03,+3.584400E+04,+9.380109E-01,+3.937500E-04,+9.910000E+37,+1.311331E+03,+3.584400E+04,+9.391030E-01,+3.937500E-04,+9.910000E+37,+1.311398E+03,+3.584400E+04,-2.491026E-02,+0.000000E+00,+9.910000E+37,+1.311464E+03,+3.584400E+04
16:38:34,0e0,+9.504385E-01,+4.159500E-04,+9.910000E+37,+1.311687E+03,+3.584400E+04,+9.507576E-01,+4.159500E-04,+9.910000E+37,+1.311752E+03,+3.584400E+04,+9.508953E-01,+4.159500E-04,+9.910000E+37,+1.311819E+03,+3.584400E+04,-2.577509E-02,+0.000000E+00,+9.910000E+37,+1.311886E+03,+3.584400E+04
16:38:34,0e0,+9.635069E-01,+4.394000E-04,+9.910000E+37,+1.312111E+03,+3.584400E+04,+9.636883E-01,+4.394000E-04,+9.910000E+37,+1.312179E+03,+3.584400E+04,+9.628690E-01,+4.394000E-04,+9.910000E+37,+1.312244E+03,+3.584400E+04,-2.559331E-02,+0.000000E+00,+9.910000E+37,+1.312312E+03,+3.584400E+04
16:38:34,0e0,+9.751606E-01,+4.641500E-04,+9.910000E+37,+1.312539E+03,+3.584400E+04,+9.760277E-01,+4.641500E-04,+9.910000E+37,+1.312606E+03,+3.584400E+04,+9.749334E-01,+4.641500E-04,+9.910000E+37,+1.312674E+03,+3.584400E+04,-2.486470E-02,+0.000000E+00,+9.910000E+37,+1.312739E+03,+3.584400E+04
16:38:34,0e0,+9.878629E-01,+4.903000E-04,+9.910000E+37,+1.312967E+03,+3.584400E+04,+9.887297E-01,+4.903000E-04,+9.910000E+37,+1.313034E+03,+3.584400E+04,+9.879085E-01,+4.903000E-04,+9.910000E+37,+1.313100E+03,+3.584400E+04,-2.431811E-02,+0.000000E+00,+9.910000E+37,+1.313166E+03,+3.584400E+04
16:38:34,0e0,+1.000566E+00,+5.179500E-04,+9.910000E+37,+1.313394E+03,+3.584400E+04,+1.001021E+00,+5.179500E-04,+9.910000E+37,+1.313460E+03,+3.584400E+04,+1.002343E+00,+5.179500E-04,+9.910000E+37,+1.313527E+03,+3.584400E+04,-2.513763E-02,+0.000000E+00,+9.910000E+37,+1.313593E+03,+3.584400E+04
16:38:34,0e0,+1.013768E+00,+5.471500E-04,+9.910000E+37,+1.313818E+03,+3.584400E+04,+1.012218E+00,+5.471500E-04,+9.910000E+37,+1.313884E+03,+3.584400E+04,+1.013268E+00,+5.471500E-04,+9.910000E+37,+1.313950E+03,+3.584400E+04,-2.404498E-02,+0.000000E+00,+9.910000E+37,+1.314017E+03,+3.584400E+04
16:38:34,0e0,+1.026790E+00,+5.779500E-04,+9.910000E+37,+1.314245E+03,+3.584400E+04,+1.028294E+00,+5.779500E-04,+9.910000E+37,+1.314313E+03,+3.584400E+04,+1.026699E+00,+5.779500E-04,+9.910000E+37,+1.314378E+03,+3.584400E+04,-2.313451E-02,+0.000000E+00,+9.910000E+37,+1.314444E+03,+3.584400E+04
16:38:34,0e0,+1.039813E+00,+6.105500E-04,+9.910000E+37,+1.314672E+03,+3.584400E+04,+1.040131E+00,+6.105500E-04,+9.910000E+37,+1.314737E+03,+3.584400E+04,+1.041634E+00,+6.105500E-04,+9.910000E+37,+1.314804E+03,+3.584400E+04,-2.386293E-02,+0.000000E+00,+9.910000E+37,+1.314870E+03,+3.584400E+04
16:38:34,0e0,+1.053240E+00,+6.449500E-04,+9.910000E+37,+1.315095E+03,+3.584400E+04,+1.053334E+00,+6.449500E-04,+9.910000E+37,+1.315162E+03,+3.584400E+04,+1.054154E+00,+6.449500E-04,+9.910000E+37,+1.315229E+03,+3.584400E+04,-2.440925E-02,+0.000000E+00,+9.910000E+37,+1.315295E+03,+3.584400E+04
16:38:34,0e0,+1.067354E+00,+6.813000E-04,+9.910000E+37,+1.315524E+03,+3.584400E+04,+1.066900E+00,+6.813000E-04,+9.910000E+37,+1.315592E+03,+3.584400E+04,+1.067491E+00,+6.813000E-04,+9.910000E+37,+1.315658E+03,+3.584400E+04,-2.440909E-02,+0.000000E+00,+9.910000E+37,+1.315725E+03,+3.584400E+04
16:38:34,0e0,+1.081425E+00,+7.197000E-04,+9.910000E+37,+1.315956E+03,+3.584400E+04,+1.081148E+00,+7.197000E-04,+9.910000E+37,+1.316022E+03,+3.584400E+04,+1.080695E+00,+7.197000E-04,+9.910000E+37,+1.316089E+03,+3.584400E+04,-2.641255E-02,+0.000000E+00,+9.910000E+37,+1.316155E+03,+3.584400E+04
16:38:34,0e0,+1.094763E+00,+7.602500E-04,+9.910000E+37,+1.316382E+03,+3.584400E+04,+1.094125E+00,+7.602500E-04,+9.910000E+37,+1.316448E+03,+3.584400E+04,+1.093806E+00,+7.602500E-04,+9.910000E+37,+1.316516E+03,+3.584400E+04,-4.038960E-02,+0.000000E+00,+9.910000E+37,+1.316581E+03,+3.584400E+04
16:38:34,0e0,+1.108831E+00,+8.031000E-04,+9.910000E+37,+1.316814E+03,+3.584400E+04,+1.109335E+00,+8.031000E-04,+9.910000E+37,+1.316881E+03,+3.584400E+04,+1.107511E+00,+8.031000E-04,+9.910000E+37,+1.316947E+03,+3.584400E+04,-5.127093E-02,+0.000000E+00,+9.910000E+37,+1.317015E+03,+3.584400E+04
16:38:34,0e0,+1.122808E+00,+8.483500E-04,+9.910000E+37,+1.317238E+03,+3.584400E+04,+1.122625E+00,+8.483500E-04,+9.910000E+37,+1.317305E+03,+3.584400E+04,+1.123946E+00,+8.483500E-04,+9.910000E+37,+1.317371E+03,+3.584400E+04,-4.790170E-02,+0.000000E+00,+9.910000E+37,+1.317437E+03,+3.584400E+04
16:38:34,0e0,+1.137514E+00,+8.961500E-04,+9.910000E+37,+1.317661E+03,+3.584400E+04,+1.136557E+00,+8.961500E-04,+9.910000E+37,+1.317728E+03,+3.584400E+04,+1.136832E+00,+8.961500E-04,+9.910000E+37,+1.317795E+03,+3.584400E+04,-5.518636E-02,+0.000000E+00,+9.910000E+37,+1.317860E+03,+3.584400E+04
16:38:34,0e0,+1.152948E+00,+9.466500E-04,+9.910000E+37,+1.318089E+03,+3.584400E+04,+1.152174E+00,+9.466500E-04,+9.910000E+37,+1.318156E+03,+3.584400E+04,+1.151627E+00,+9.466500E-04,+9.910000E+37,+1.318223E+03,+3.584400E+04,-6.101385E-02,+0.000000E+00,+9.910000E+37,+1.318289E+03,+3.584400E+04
16:38:34,0e0,+1.168109E+00,+1.000000E-03,+9.910000E+37,+1.318511E+03,+3.584400E+04,+1.166654E+00,+1.000000E-03,+9.910000E+37,+1.318578E+03,+3.584400E+04,+1.166787E+00,+1.000000E-03,+9.910000E+37,+1.318644E+03,+3.584400E+04,-7.635669E-02,+0.000000E+00,+9.910000E+37,+1.318710E+03,+3.584400E+04
16:38:34,0e0,+1.170704E+00,+1.056500E-03,+9.910000E+37,+1.318938E+03,+3.584400E+04,+1.170116E+00,+1.056500E-03,+9.910000E+37,+1.319003E+03,+3.584400E+04,+1.169748E+00,+1.056500E-03,+9.910000E+37,+1.319070E+03,+3.584400E+04,-1.346616E+00,+0.000000E+00,+9.910000E+37,+1.319136E+03,+3.584400E+04
16:38:34,0e0,+1.185227E+00,+1.116000E-03,+9.910000E+37,+1.319364E+03,+3.584400E+04,+1.185272E+00,+1.116000E-03,+9.910000E+37,+1.319430E+03,+3.584400E+04,+1.184407E+00,+1.116000E-03,+9.910000E+37,+1.319497E+03,+3.584400E+04,-1.369791E+00,+0.000000E+00,+9.910000E+37,+1.319564E+03,+3.584400E+04
16:38:34,0e0,+1.201391E+00,+1.179000E-03,+9.910000E+37,+1.319789E+03,+3.584400E+04,+1.200754E+00,+1.179000E-03,+9.910000E+37,+1.319856E+03,+3.584400E+04,+1.201527E+00,+1.179000E-03,+9.910000E+37,+1.319922E+03,+3.584400E+04,-1.362507E+00,+0.000000E+00,+9.910000E+37,+1.319989E+03,+3.584400E+04
16:38:34,0e0,+1.216370E+00,+1.245000E-03,+9.910000E+37,+1.320210E+03,+3.584400E+04,+1.216552E+00,+1.245000E-03,+9.910000E+37,+1.320277E+03,+3.584400E+04,+1.216003E+00,+1.245000E-03,+9.910000E+37,+1.320344E+03,+3.584400E+04,-1.376939E+00,+0.000000E+00,+9.910000E+37,+1.320410E+03,+3.584400E+04
16:38:34,0e0,+1.232532E+00,+1.315500E-03,+9.910000E+37,+1.320639E+03,+3.584400E+04,+1.232257E+00,+1.315500E-03,+9.910000E+37,+1.320706E+03,+3.584400E+04,+1.232077E+00,+1.315500E-03,+9.910000E+37,+1.320771E+03,+3.584400E+04,-1.362826E+00,+0.000000E+00,+9.910000E+37,+1.320839E+03,+3.584400E+04
16:38:34,0e0,+1.247919E+00,+1.389500E-03,+9.910000E+37,+1.321066E+03,+3.584400E+04,+1.249104E+00,+1.389500E-03,+9.910000E+37,+1.321134E+03,+3.584400E+04,+1.248468E+00,+1.389500E-03,+9.910000E+37,+1.321199E+03,+3.584400E+04,-1.361507E+00,+0.000000E+00,+9.910000E+37,+1.321266E+03,+3.584400E+04
16:38:34,0e0,+1.265130E+00,+1.468000E-03,+9.910000E+37,+1.321492E+03,+3.584400E+04,+1.262713E+00,+1.468000E-03,+9.910000E+37,+1.321560E+03,+3.584400E+04,+1.265174E+00,+1.468000E-03,+9.910000E+37,+1.321625E+03,+3.584400E+04,-1.347391E+00,+0.000000E+00,+9.910000E+37,+1.321691E+03,+3.584400E+04
16:38:34,0e0,+1.282521E+00,+1.550500E-03,+9.910000E+37,+1.321921E+03,+3.584400E+04,+1.280197E+00,+1.550500E-03,+9.910000E+37,+1.321988E+03,+3.584400E+04,+1.282021E+00,+1.550500E-03,+9.910000E+37,+1.322054E+03,+3.584400E+04,-1.322758E+00,+0.000000E+00,+9.910000E+37,+1.322121E+03,+3.584400E+04
16:38:34,0e0,+1.299730E+00,+1.638000E-03,+9.910000E+37,+1.322344E+03,+3.584400E+04,+1.298500E+00,+1.638000E-03,+9.910000E+37,+1.322410E+03,+3.584400E+04,+1.298912E+00,+1.638000E-03,+9.910000E+37,+1.322477E+03,+3.584400E+04,-1.374028E+00,+0.000000E+00,+9.910000E+37,+1.322544E+03,+3.584400E+04
16:38:34,0e0,+1.316347E+00,+1.730000E-03,+9.910000E+37,+1.322771E+03,+3.584400E+04,+1.315892E+00,+1.730000E-03,+9.910000E+37,+1.322838E+03,+3.584400E+04,+1.315802E+00,+1.730000E-03,+9.910000E+37,+1.322905E+03,+3.584400E+04,-1.383860E+00,+0.000000E+00,+9.910000E+37,+1.322973E+03,+3.584400E+04
16:38:34,0e0,+1.333148E+00,+1.827500E-03,+9.910000E+37,+1.323190E+03,+3.584400E+04,+1.331688E+00,+1.827500E-03,+9.910000E+37,+1.323257E+03,+3.584400E+04,+1.333694E+00,+1.827500E-03,+9.910000E+37,+1.323323E+03,+3.584400E+04,-1.406217E+00,+0.000000E+00,+9.910000E+37,+1.323391E+03,+3.584400E+04
16:38:34,0e0,+1.352134E+00,+1.930500E-03,+9.910000E+37,+1.323616E+03,+3.584400E+04,+1.350448E+00,+1.930500E-03,+9.910000E+37,+1.323684E+03,+3.584400E+04,+1.351495E+00,+1.930500E-03,+9.910000E+37,+1.323749E+03,+3.584400E+04,-1.358362E+00,+0.000000E+00,+9.910000E+37,+1.323815E+03,+3.584400E+04
16:38:34,0e0,+1.369662E+00,+2.039500E-03,+9.910000E+37,+1.324046E+03,+3.584400E+04,+1.369116E+00,+2.039500E-03,+9.910000E+37,+1.324113E+03,+3.584400E+04,+1.369710E+00,+2.039500E-03,+9.910000E+37,+1.324179E+03,+3.584400E+04,-1.379444E+00,+0.000000E+00,+9.910000E+37,+1.324246E+03,+3.584400E+04
16:38:34,0e0,+1.388467E+00,+2.154500E-03,+9.910000E+37,+1.324471E+03,+3.584400E+04,+1.387921E+00,+2.154500E-03,+9.910000E+37,+1.324537E+03,+3.584400E+04,+1.388875E+00,+2.154500E-03,+9.910000E+37,+1.324604E+03,+3.584400E+04,-1.355403E+00,+0.000000E+00,+9.910000E+37,+1.324670E+03,+3.584400E+04
16:38:34,0e0,+1.407586E+00,+2.276000E-03,+9.910000E+37,+1.324897E+03,+3.584400E+04,+1.407634E+00,+2.276000E-03,+9.910000E+37,+1.324964E+03,+3.584400E+04,+1.407269E+00,+2.276000E-03,+9.910000E+37,+1.325031E+03,+3.584400E+04,-1.349028E+00,+0.000000E+00,+9.910000E+37,+1.325099E+03,+3.584400E+04
16:38:34,0e0,+1.427210E+00,+2.404000E-03,+9.910000E+37,+1.325321E+03,+3.584400E+04,+1.427028E+00,+2.404000E-03,+9.910000E+37,+1.325387E+03,+3.584400E+04,+1.426800E+00,+2.404000E-03,+9.910000E+37,+1.325454E+03,+3.584400E+04,-1.356041E+00,+0.000000E+00,+9.910000E+37,+1.325521E+03,+3.584400E+04
16:38:34,0e0,+1.447288E+00,+2.539500E-03,+9.910000E+37,+1.325746E+03,+3.584400E+04,+1.446558E+00,+2.539500E-03,+9.910000E+37,+1.325813E+03,+3.584400E+04,+1.446696E+00,+2.539500E-03,+9.910000E+37,+1.325879E+03,+3.584400E+04,-1.339195E+00,+0.000000E+00,+9.910000E+37,+1.325946E+03,+3.584400E+04
16:38:34,0e0,+1.467228E+00,+2.682500E-03,+9.910000E+37,+1.326167E+03,+3.584400E+04,+1.467139E+00,+2.682500E-03,+9.910000E+37,+1.326233E+03,+3.584400E+04,+1.466684E+00,+2.682500E-03,+9.910000E+37,+1.326300E+03,+3.584400E+04,-1.337827E+00,+0.000000E+00,+9.910000E+37,+1.326367E+03,+3.584400E+04
16:38:34,0e0,+1.487442E+00,+2.834000E-03,+9.910000E+37,+1.326597E+03,+3.584400E+04,+1.486988E+00,+2.834000E-03,+9.910000E+37,+1.326663E+03,+3.584400E+04,+1.487442E+00,+2.834000E-03,+9.910000E+37,+1.326729E+03,+3.584400E+04,-1.320207E+00,+0.000000E+00,+9.910000E+37,+1.326797E+03,+3.584400E+04
16:38:34,0e0,+1.507563E+00,+2.993500E-03,+9.910000E+37,+1.327026E+03,+3.584400E+04,+1.508206E+00,+2.993500E-03,+9.910000E+37,+1.327094E+03,+3.584400E+04,+1.509569E+00,+2.993500E-03,+9.910000E+37,+1.327161E+03,+3.584400E+04,-1.343246E+00,+0.000000E+00,+9.910000E+37,+1.327227E+03,+3.584400E+04
16:38:34,0e0,+1.530968E+00,+3.162500E-03,+9.910000E+37,+1.327451E+03,+3.584400E+04,+1.530061E+00,+3.162500E-03,+9.910000E+37,+1.327519E+03,+3.584400E+04,+1.530058E+00,+3.162500E-03,+9.910000E+37,+1.327584E+03,+3.584400E+04,-1.317430E+00,+0.000000E+00,+9.910000E+37,+1.327650E+03,+3.584400E+04
16:38:34,0e0,+1.552912E+00,+3.340500E-03,+9.910000E+37,+1.327877E+03,+3.584400E+04,+1.552503E+00,+3.340500E-03,+9.910000E+37,+1.327943E+03,+3.584400E+04,+1.551818E+00,+3.340500E-03,+9.910000E+37,+1.328010E+03,+3.584400E+04,-1.370701E+00,+0.000000E+00,+9.910000E+37,+1.328076E+03,+3.584400E+04
16:38:34,0e0,+1.576130E+00,+3.528500E-03,+9.910000E+37,+1.328301E+03,+3.584400E+04,+1.574583E+00,+3.528500E-03,+9.910000E+37,+1.328368E+03,+3.584400E+04,+1.574629E+00,+3.528500E-03,+9.910000E+37,+1.328434E+03,+3.584400E+04,-1.324715E+00,+0.000000E+00,+9.910000E+37,+1.328500E+03,+3.584400E+04
16:38:34,0e0,+1.597988E+00,+3.727500E-03,+9.910000E+37,+1.328729E+03,+3.584400E+04,+1.597711E+00,+3.727500E-03,+9.910000E+37,+1.328794E+03,+3.584400E+04,+1.597486E+00,+3.727500E-03,+9.910000E+37,+1.328860E+03,+3.584400E+04,-1.368791E+00,+0.000000E+00,+9.910000E+37,+1.328928E+03,+3.584400E+04
16:38:34,0e0,+1.621478E+00,+3.937500E-03,+9.910000E+37,+1.329149E+03,+3.584400E+04,+1.619291E+00,+3.937500E-03,+9.910000E+37,+1.329217E+03,+3.584400E+04,+1.620932E+00,+3.937500E-03,+9.910000E+37,+1.329284E+03,+3.584400E+04,-1.329770E+00,+0.000000E+00,+9.910000E+37,+1.329350E+03,+3.584400E+04
16:38:34,0e0,+1.644608E+00,+4.159500E-03,+9.910000E+37,+1.329575E+03,+3.584400E+04,+1.646340E+00,+4.159500E-03,+9.910000E+37,+1.329642E+03,+3.584400E+04,+1.644837E+00,+4.159500E-03,+9.910000E+37,+1.329708E+03,+3.584400E+04,-1.354493E+00,+0.000000E+00,+9.910000E+37,+1.329775E+03,+3.584400E+04
16:38:34,0e0,+1.668509E+00,+4.394000E-03,+9.910000E+37,+1.330004E+03,+3.584400E+04,+1.669056E+00,+4.394000E-03,+9.910000E+37,+1.330070E+03,+3.584400E+04,+1.668828E+00,+4.394000E-03,+9.910000E+37,+1.330137E+03,+3.584400E+04,-1.382950E+00,+0.000000E+00,+9.910000E+37,+1.330204E+03,+3.584400E+04
16:38:34,0e0,+1.692818E+00,+4.641500E-03,+9.910000E+37,+1.330431E+03,+3.584400E+04,+1.692681E+00,+4.641500E-03,+9.910000E+37,+1.330496E+03,+3.584400E+04,+1.693732E+00,+4.641500E-03,+9.910000E+37,+1.330563E+03,+3.584400E+04,-1.340925E+00,+0.000000E+00,+9.910000E+37,+1.330631E+03,+3.584400E+04
16:38:34,0e0,+1.719364E+00,+4.903000E-03,+9.910000E+37,+1.330857E+03,+3.584400E+04,+1.718408E+00,+4.903000E-03,+9.910000E+37,+1.330924E+03,+3.584400E+04,+1.719867E+00,+4.903000E-03,+9.910000E+37,+1.330991E+03,+3.584400E+04,-1.350351E+00,+0.000000E+00,+9.910000E+37,+1.331059E+03,+3.584400E+04
16:38:34,0e0,+1.744677E+00,+5.179500E-03,+9.910000E+37,+1.331284E+03,+3.584400E+04,+1.745090E+00,+5.179500E-03,+9.910000E+37,+1.331352E+03,+3.584400E+04,+1.745133E+00,+5.179500E-03,+9.910000E+37,+1.331417E+03,+3.584400E+04,-1.389458E+00,+0.000000E+00,+9.910000E+37,+1.331483E+03,+3.584400E+04
16:38:34,0e0,+1.772222E+00,+5.471500E-03,+9.910000E+37,+1.331710E+03,+3.584400E+04,+1.771267E+00,+5.471500E-03,+9.910000E+37,+1.331777E+03,+3.584400E+04,+1.771904E+00,+5.471500E-03,+9.910000E+37,+1.331843E+03,+3.584400E+04,-1.381948E+00,+0.000000E+00,+9.910000E+37,+1.331909E+03,+3.584400E+04
16:38:34,0e0,+1.798354E+00,+5.779500E-03,+9.910000E+37,+1.332131E+03,+3.584400E+04,+1.798721E+00,+5.779500E-03,+9.910000E+37,+1.332197E+03,+3.584400E+04,+1.800589E+00,+5.779500E-03,+9.910000E+37,+1.332264E+03,+3.584400E+04,-1.361233E+00,+0.000000E+00,+9.910000E+37,+1.332331E+03,+3.584400E+04
16:38:34,0e0,+1.826946E+00,+6.105500E-03,+9.910000E+37,+1.332557E+03,+3.584400E+04,+1.826676E+00,+6.105500E-03,+9.910000E+37,+1.332624E+03,+3.584400E+04,+1.826854E+00,+6.105500E-03,+9.910000E+37,+1.332691E+03,+3.584400E+04,-1.346752E+00,+0.000000E+00,+9.910000E+37,+1.332757E+03,+3.584400E+04
16:38:34,0e0,+1.855903E+00,+6.449500E-03,+9.910000E+37,+1.332984E+03,+3.584400E+04,+1.853575E+00,+6.449500E-03,+9.910000E+37,+1.333051E+03,+3.584400E+04,+1.855400E+00,+6.449500E-03,+9.910000E+37,+1.333118E+03,+3.584400E+04,-1.348756E+00,+0.000000E+00,+9.910000E+37,+1.333185E+03,+3.584400E+04
16:38:34,0e0,+1.884313E+00,+6.813000E-03,+9.910000E+37,+1.333411E+03,+3.584400E+04,+1.884630E+00,+6.813000E-03,+9.910000E+37,+1.333478E+03,+3.584400E+04,+1.884038E+00,+6.813000E-03,+9.910000E+37,+1.333544E+03,+3.584400E+04,-1.378944E+00,+0.000000E+00,+9.910000E+37,+1.333611E+03,+3.584400E+04
16:38:34,0e0,+1.913767E+00,+7.197000E-03,+9.910000E+37,+1.333836E+03,+3.584400E+04,+1.913402E+00,+7.197000E-03,+9.910000E+37,+1.333902E+03,+3.584400E+04,+1.915862E+00,+7.197000E-03,+9.910000E+37,+1.333969E+03,+3.584400E+04,-1.355996E+00,+0.000000E+00,+9.910000E+37,+1.334036E+03,+3.584400E+04
16:38:34,0e0,+1.944911E+00,+7.602500E-03,+9.910000E+37,+1.334261E+03,+3.584400E+04,+1.942902E+00,+7.602500E-03,+9.910000E+37,+1.334328E+03,+3.584400E+04,+1.946502E+00,+7.602500E-03,+9.910000E+37,+1.334394E+03,+3.584400E+04,-1.343292E+00,+0.000000E+00,+9.910000E+37,+1.334460E+03,+3.584400E+04
16:38:34,0e0,+1.976144E+00,+8.031000E-03,+9.910000E+37,+1.334693E+03,+3.584400E+04,+1.974774E+00,+8.031000E-03,+9.910000E+37,+1.334760E+03,+3.584400E+04,+1.975868E+00,+8.031000E-03,+9.910000E+37,+1.334827E+03,+3.584400E+04,-1.339101E+00,+0.000000E+00,+9.910000E+37,+1.334893E+03,+3.584400E+04
16:38:34,0e0,+2.008193E+00,+8.483500E-03,+9.910000E+37,+1.335117E+03,+3.584400E+04,+2.007237E+00,+8.483500E-03,+9.910000E+37,+1.335185E+03,+3.584400E+04,+2.008056E+00,+8.483500E-03,+9.910000E+37,+1.335251E+03,+3.584400E+04,-1.299671E+00,+0.000000E+00,+9.910000E+37,+1.335317E+03,+3.584400E+04
16:38:34,0e0,+2.040519E+00,+8.961500E-03,+9.910000E+37,+1.335553E+03,+3.584400E+04,+2.040384E+00,+8.961500E-03,+9.910000E+37,+1.335618E+03,+3.584400E+04,+2.038785E+00,+8.961500E-03,+9.910000E+37,+1.335685E+03,+3.584400E+04,-1.307687E+00,+0.000000E+00,+9.910000E+37,+1.335751E+03,+3.584400E+04
16:38:34,0e0,+2.073024E+00,+9.466500E-03,+9.910000E+37,+1.335977E+03,+3.584400E+04,+2.073887E+00,+9.466500E-03,+9.910000E+37,+1.336042E+03,+3.584400E+04,+2.074801E+00,+9.466500E-03,+9.910000E+37,+1.336109E+03,+3.584400E+04,-1.298854E+00,+0.000000E+00,+9.910000E+37,+1.336175E+03,+3.584400E+04
