16:31:44,0e0,-7.249238E+00,+1.000000E-07,+9.910000E+37,+8.537090E+02,+3.584400E+04,+5.631521E-02,+1.000000E-07,+9.910000E+37,+8.537744E+02,+3.584400E+04,+5.658874E-02,+1.000000E-07,+9.910000E+37,+8.538408E+02,+3.584400E+04,-4.034205E-02,+0.000000E+00,+9.910000E+37,+8.539082E+02,+3.584400E+04
16:31:44,0e0,-8.318589E+00,+1.056500E-07,+9.910000E+37,+8.541396E+02,+3.584400E+04,+5.818239E-02,+1.056500E-07,+9.910000E+37,+8.542061E+02,+3.584400E+04,+5.799994E-02,+1.056500E-07,+9.910000E+37,+8.542734E+02,+3.584400E+04,-3.852080E-02,+0.000000E+00,+9.910000E+37,+8.543389E+02,+3.584400E+04
16:31:44,0e0,-6.233156E+00,+1.116000E-07,+9.910000E+37,+8.545654E+02,+3.584400E+04,+5.968431E-02,+1.116000E-07,+9.910000E+37,+8.546309E+02,+3.584400E+04,+5.982181E-02,+1.116000E-07,+9.910000E+37,+8.546973E+02,+3.584400E+04,-3.856626E-02,+0.000000E+00,+9.910000E+37,+8.547637E+02,+3.584400E+04
16:31:44,0e0,-6.442066E+00,+1.179000E-07,+9.910000E+37,+8.549941E+02,+3.584400E+04,+6.146073E-02,+1.179000E-07,+9.910000E+37,+8.550596E+02,+3.584400E+04,+6.100464E-02,+1.179000E-07,+9.910000E+37,+8.551260E+02,+3.584400E+04,-3.688152E-02,+0.000000E+00,+9.910000E+37,+8.551924E+02,+3.584400E+04
16:31:44,0e0,-5.154029E+00,+1.245000E-07,+9.910000E+37,+8.554150E+02,+3.584400E+04,+6.410083E-02,+1.245000E-07,+9.910000E+37,+8.554814E+02,+3.584400E+04,+6.259793E-02,+1.245000E-07,+9.910000E+37,+8.555479E+02,+3.584400E+04,-3.961362E-02,+0.000000E+00,+9.910000E+37,+8.556143E+02,+3.584400E+04
16:31:44,0e0,-4.256412E+00,+1.315500E-07,+9.910000E+37,+8.558408E+02,+3.584400E+04,+6.432858E-02,+1.315500E-07,+9.910000E+37,+8.559082E+02,+3.584400E+04,+6.501126E-02,+1.315500E-07,+9.910000E+37,+8.559746E+02,+3.584400E+04,-3.975023E-02,+0.000000E+00,+9.910000E+37,+8.560420E+02,+3.584400E+04
16:31:44,0e0,-3.756975E+00,+1.389500E-07,+9.910000E+37,+8.562686E+02,+3.584400E+04,+6.533015E-02,+1.389500E-07,+9.910000E+37,+8.563340E+02,+3.584400E+04,+6.587663E-02,+1.389500E-07,+9.910000E+37,+8.564014E+02,+3.584400E+04,-3.510623E-02,+0.000000E+00,+9.910000E+37,+8.564668E+02,+3.584400E+04
16:31:44,0e0,-3.436255E+00,+1.468000E-07,+9.910000E+37,+8.566904E+02,+3.584400E+04,+6.778869E-02,+1.468000E-07,+9.910000E+37,+8.567559E+02,+3.584400E+04,+6.869993E-02,+1.468000E-07,+9.910000E+37,+8.568223E+02,+3.584400E+04,-3.788377E-02,+0.000000E+00,+9.910000E+37,+8.568887E+02,+3.584400E+04
16:31:44,0e0,-2.376868E+00,+1.550500E-07,+9.910000E+37,+8.571094E+02,+3.584400E+04,+6.965539E-02,+1.550500E-07,+9.910000E+37,+8.571758E+02,+3.584400E+04,+7.015610E-02,+1.550500E-07,+9.910000E+37,+8.572422E+02,+3.584400E+04,-2.977973E-02,+0.000000E+00,+9.910000E+37,+8.573096E+02,+3.584400E+04
16:31:44,0e0,-1.575879E+00,+1.638000E-07,+9.910000E+37,+8.575342E+02,+3.584400E+04,+7.079330E-02,+1.638000E-07,+9.910000E+37,+8.576006E+02,+3.584400E+04,+7.124874E-02,+1.638000E-07,+9.910000E+37,+8.576670E+02,+3.584400E+04,-2.763957E-02,+0.000000E+00,+9.910000E+37,+8.577344E+02,+3.584400E+04
16:31:44,0e0,-1.467878E+00,+1.730000E-07,+9.910000E+37,+8.579609E+02,+3.584400E+04,+7.316095E-02,+1.730000E-07,+9.910000E+37,+8.580273E+02,+3.584400E+04,+7.147577E-02,+1.730000E-07,+9.910000E+37,+8.580937E+02,+3.584400E+04,-2.763943E-02,+0.000000E+00,+9.910000E+37,+8.581602E+02,+3.584400E+04
16:31:44,0e0,-8.297111E-01,+1.827500E-07,+9.910000E+37,+8.583818E+02,+3.584400E+04,+7.484582E-02,+1.827500E-07,+9.910000E+37,+8.584492E+02,+3.584400E+04,+7.411680E-02,+1.827500E-07,+9.910000E+37,+8.585156E+02,+3.584400E+04,-2.704743E-02,+0.000000E+00,+9.910000E+37,+8.585811E+02,+3.584400E+04
16:31:44,0e0,-6.745852E-01,+1.930500E-07,+9.910000E+37,+8.588076E+02,+3.584400E+04,+7.602942E-02,+1.930500E-07,+9.910000E+37,+8.588740E+02,+3.584400E+04,+7.480031E-02,+1.930500E-07,+9.910000E+37,+8.589395E+02,+3.584400E+04,-2.886836E-02,+0.000000E+00,+9.910000E+37,+8.590059E+02,+3.584400E+04
16:31:44,0e0,-2.769579E-01,+2.039500E-07,+9.910000E+37,+8.592305E+02,+3.584400E+04,+7.885283E-02,+2.039500E-07,+9.910000E+37,+8.592969E+02,+3.584400E+04,+7.657549E-02,+2.039500E-07,+9.910000E+37,+8.593633E+02,+3.584400E+04,-2.968848E-02,+0.000000E+00,+9.910000E+37,+8.594297E+02,+3.584400E+04
16:31:44,0e0,-9.793580E-02,+2.154500E-07,+9.910000E+37,+8.596611E+02,+3.584400E+04,+7.926252E-02,+2.154500E-07,+9.910000E+37,+8.597275E+02,+3.584400E+04,+7.775939E-02,+2.154500E-07,+9.910000E+37,+8.597939E+02,+3.584400E+04,-2.905092E-02,+0.000000E+00,+9.910000E+37,+8.598604E+02,+3.584400E+04
16:31:44,0e0,+4.452351E-02,+2.276000E-07,+9.910000E+37,+8.600820E+02,+3.584400E+04,+8.153835E-02,+2.276000E-07,+9.910000E+37,+8.601494E+02,+3.584400E+04,+8.153841E-02,+2.276000E-07,+9.910000E+37,+8.602158E+02,+3.584400E+04,-2.941510E-02,+0.000000E+00,+9.910000E+37,+8.602813E+02,+3.584400E+04
16:31:44,0e0,+7.698596E-02,+2.404000E-07,+9.910000E+37,+8.605088E+02,+3.584400E+04,+8.308631E-02,+2.404000E-07,+9.910000E+37,+8.605752E+02,+3.584400E+04,+8.367819E-02,+2.404000E-07,+9.910000E+37,+8.606416E+02,+3.584400E+04,-2.754852E-02,+0.000000E+00,+9.910000E+37,+8.607070E+02,+3.584400E+04
16:31:44,0e0,+8.445197E-02,+2.539500E-07,+9.910000E+37,+8.609297E+02,+3.584400E+04,+8.467978E-02,+2.539500E-07,+9.910000E+37,+8.609961E+02,+3.584400E+04,+8.545393E-02,+2.539500E-07,+9.910000E+37,+8.610625E+02,+3.584400E+04,-2.932371E-02,+0.000000E+00,+9.910000E+37,+8.611289E+02,+3.584400E+04
16:31:44,0e0,+8.745688E-02,+2.682500E-07,+9.910000E+37,+8.613516E+02,+3.584400E+04,+8.581752E-02,+2.682500E-07,+9.910000E+37,+8.614189E+02,+3.584400E+04,+8.654645E-02,+2.682500E-07,+9.910000E+37,+8.614854E+02,+3.584400E+04,-4.653400E-02,+0.000000E+00,+9.910000E+37,+8.615508E+02,+3.584400E+04
16:31:44,0e0,+8.900511E-02,+2.834000E-07,+9.910000E+37,+8.617803E+02,+3.584400E+04,+8.895949E-02,+2.834000E-07,+9.910000E+37,+8.618467E+02,+3.584400E+04,+8.909622E-02,+2.834000E-07,+9.910000E+37,+8.619131E+02,+3.584400E+04,-4.685244E-02,+0.000000E+00,+9.910000E+37,+8.619795E+02,+3.584400E+04
16:31:44,0e0,+9.096286E-02,+2.993500E-07,+9.910000E+37,+8.622021E+02,+3.584400E+04,+9.046197E-02,+2.993500E-07,+9.910000E+37,+8.622686E+02,+3.584400E+04,+9.119037E-02,+2.993500E-07,+9.910000E+37,+8.623350E+02,+3.584400E+04,-4.257280E-02,+0.000000E+00,+9.910000E+37,+8.624014E+02,+3.584400E+04
16:31:44,0e0,+9.278396E-02,+3.162500E-07,+9.910000E+37,+8.626270E+02,+3.584400E+04,+9.264761E-02,+3.162500E-07,+9.910000E+37,+8.626943E+02,+3.584400E+04,+9.237409E-02,+3.162500E-07,+9.910000E+37,+8.627607E+02,+3.584400E+04,-4.575984E-02,+0.000000E+00,+9.910000E+37,+8.628262E+02,+3.584400E+04
16:31:44,0e0,+9.442291E-02,+3.340500E-07,+9.910000E+37,+8.630459E+02,+3.584400E+04,+9.583446E-02,+3.340500E-07,+9.910000E+37,+8.631123E+02,+3.584400E+04,+9.455919E-02,+3.340500E-07,+9.910000E+37,+8.631797E+02,+3.584400E+04,-1.235230E-01,+0.000000E+00,+9.910000E+37,+8.632461E+02,+3.584400E+04
16:31:44,0e0,+9.615290E-02,+3.528500E-07,+9.910000E+37,+8.634697E+02,+3.584400E+04,+9.669933E-02,+3.528500E-07,+9.910000E+37,+8.635371E+02,+3.584400E+04,+9.692657E-02,+3.528500E-07,+9.910000E+37,+8.636035E+02,+3.584400E+04,-4.903762E-02,+0.000000E+00,+9.910000E+37,+8.636689E+02,+3.584400E+04
16:31:44,0e0,+9.952191E-02,+3.727500E-07,+9.910000E+37,+8.638945E+02,+3.584400E+04,+9.915787E-02,+3.727500E-07,+9.910000E+37,+8.639609E+02,+3.584400E+04,+9.965840E-02,+3.727500E-07,+9.910000E+37,+8.640273E+02,+3.584400E+04,-2.057932E-01,+0.000000E+00,+9.910000E+37,+8.640937E+02,+3.584400E+04
16:31:44,0e0,+1.016164E-01,+3.937500E-07,+9.910000E+37,+8.643193E+02,+3.584400E+04,+1.007966E-01,+3.937500E-07,+9.910000E+37,+8.643867E+02,+3.584400E+04,+1.013431E-01,+3.937500E-07,+9.910000E+37,+8.644541E+02,+3.584400E+04,-1.893573E-01,+0.000000E+00,+9.910000E+37,+8.645195E+02,+3.584400E+04
16:31:44,0e0,+1.036203E-01,+4.159500E-07,+9.910000E+37,+8.647393E+02,+3.584400E+04,+1.038931E-01,+4.159500E-07,+9.910000E+37,+8.648047E+02,+3.584400E+04,+1.032098E-01,+4.159500E-07,+9.910000E+37,+8.648711E+02,+3.584400E+04,-3.373326E-01,+0.000000E+00,+9.910000E+37,+8.649375E+02,+3.584400E+04
16:31:44,0e0,+1.061241E-01,+4.394000E-07,+9.910000E+37,+8.651621E+02,+3.584400E+04,+1.051677E-01,+4.394000E-07,+9.910000E+37,+8.652285E+02,+3.584400E+04,+1.052130E-01,+4.394000E-07,+9.910000E+37,+8.652949E+02,+3.584400E+04,-7.437921E-01,+0.000000E+00,+9.910000E+37,+8.653604E+02,+3.584400E+04
16:31:44,0e0,+1.085823E-01,+4.641500E-07,+9.910000E+37,+8.655859E+02,+3.584400E+04,+1.077169E-01,+4.641500E-07,+9.910000E+37,+8.656514E+02,+3.584400E+04,+1.066242E-01,+4.641500E-07,+9.910000E+37,+8.657178E+02,+3.584400E+04,-7.685152E-01,+0.000000E+00,+9.910000E+37,+8.657842E+02,+3.584400E+04
16:31:44,0e0,+1.090830E-01,+4.903000E-07,+9.910000E+37,+8.660098E+02,+3.584400E+04,+1.099937E-01,+4.903000E-07,+9.910000E+37,+8.660762E+02,+3.584400E+04,+1.091287E-01,+4.903000E-07,+9.910000E+37,+8.661426E+02,+3.584400E+04,-1.349228E+00,+0.000000E+00,+9.910000E+37,+8.662090E+02,+3.584400E+04
16:31:44,0e0,+1.118149E-01,+5.179500E-07,+9.910000E+37,+8.664316E+02,+3.584400E+04,+1.122244E-01,+5.179500E-07,+9.910000E+37,+8.664980E+02,+3.584400E+04,+1.118605E-01,+5.179500E-07,+9.910000E+37,+8.665645E+02,+3.584400E+04,-1.588858E+00,+0.000000E+00,+9.910000E+37,+8.666309E+02,+3.584400E+04
16:31:44,0e0,+1.128616E-01,+5.471500E-07,+9.910000E+37,+8.668496E+02,+3.584400E+04,+1.138185E-01,+5.471500E-07,+9.910000E+37,+8.669160E+02,+3.584400E+04,+1.130437E-01,+5.471500E-07,+9.910000E+37,+8.669824E+02,+3.584400E+04,-2.004378E+00,+0.000000E+00,+9.910000E+37,+8.670488E+02,+3.584400E+04
16:31:44,0e0,+1.164134E-01,+5.779500E-07,+9.910000E+37,+8.672793E+02,+3.584400E+04,+1.166863E-01,+5.779500E-07,+9.910000E+37,+8.673457E+02,+3.584400E+04,+1.155019E-01,+5.779500E-07,+9.910000E+37,+8.674121E+02,+3.584400E+04,-2.772404E+00,+0.000000E+00,+9.910000E+37,+8.674775E+02,+3.584400E+04
16:31:44,0e0,+1.201923E-01,+6.105500E-07,+9.910000E+37,+8.676953E+02,+3.584400E+04,+1.170502E-01,+6.105500E-07,+9.910000E+37,+8.677617E+02,+3.584400E+04,+1.182799E-01,+6.105500E-07,+9.910000E+37,+8.678281E+02,+3.584400E+04,-3.295926E+00,+0.000000E+00,+9.910000E+37,+8.678955E+02,+3.584400E+04
16:31:44,0e0,+1.201466E-01,+6.449500E-07,+9.910000E+37,+8.681221E+02,+3.584400E+04,+1.196451E-01,+6.449500E-07,+9.910000E+37,+8.681885E+02,+3.584400E+04,+1.198278E-01,+6.449500E-07,+9.910000E+37,+8.682549E+02,+3.584400E+04,-4.299939E+00,+0.000000E+00,+9.910000E+37,+8.683213E+02,+3.584400E+04
16:31:44,0e0,+1.229238E-01,+6.813000E-07,+9.910000E+37,+8.685469E+02,+3.584400E+04,+1.231057E-01,+6.813000E-07,+9.910000E+37,+8.686133E+02,+3.584400E+04,+1.227873E-01,+6.813000E-07,+9.910000E+37,+8.686807E+02,+3.584400E+04,-4.881192E+00,+0.000000E+00,+9.910000E+37,+8.687471E+02,+3.584400E+04
16:31:44,0e0,+1.237887E-01,+7.197000E-07,+9.910000E+37,+8.689756E+02,+3.584400E+04,+1.249723E-01,+7.197000E-07,+9.910000E+37,+8.690420E+02,+3.584400E+04,+1.251543E-01,+7.197000E-07,+9.910000E+37,+8.691084E+02,+3.584400E+04,-5.981421E+00,+0.000000E+00,+9.910000E+37,+8.691748E+02,+3.584400E+04
16:31:44,0e0,+1.284791E-01,+7.602500E-07,+9.910000E+37,+8.693965E+02,+3.584400E+04,+1.288884E-01,+7.602500E-07,+9.910000E+37,+8.694629E+02,+3.584400E+04,+1.267478E-01,+7.602500E-07,+9.910000E+37,+8.695293E+02,+3.584400E+04,-6.707573E+00,+0.000000E+00,+9.910000E+37,+8.695957E+02,+3.584400E+04
16:31:44,0e0,+1.318028E-01,+8.031000E-07,+9.910000E+37,+8.698213E+02,+3.584400E+04,+1.307091E-01,+8.031000E-07,+9.910000E+37,+8.698887E+02,+3.584400E+04,+1.293433E-01,+8.031000E-07,+9.910000E+37,+8.699561E+02,+3.584400E+04,-8.131128E+00,+0.000000E+00,+9.910000E+37,+8.700215E+02,+3.584400E+04
16:31:44,0e0,+1.334864E-01,+8.483500E-07,+9.910000E+37,+8.702520E+02,+3.584400E+04,+1.338050E-01,+8.483500E-07,+9.910000E+37,+8.703184E+02,+3.584400E+04,+1.332586E-01,+8.483500E-07,+9.910000E+37,+8.703848E+02,+3.584400E+04,-9.063272E+00,+0.000000E+00,+9.910000E+37,+8.704512E+02,+3.584400E+04
16:31:44,0e0,+1.357628E-01,+8.961500E-07,+9.910000E+37,+8.706729E+02,+3.584400E+04,+1.351710E-01,+8.961500E-07,+9.910000E+37,+8.707393E+02,+3.584400E+04,+1.351707E-01,+8.961500E-07,+9.910000E+37,+8.708057E+02,+3.584400E+04,-1.003577E+01,+0.000000E+00,+9.910000E+37,+8.708721E+02,+3.584400E+04
16:31:44,0e0,+1.392690E-01,+9.466500E-07,+9.910000E+37,+8.710986E+02,+3.584400E+04,+1.383125E-01,+9.466500E-07,+9.910000E+37,+8.711650E+02,+3.584400E+04,+1.384493E-01,+9.466500E-07,+9.910000E+37,+8.712314E+02,+3.584400E+04,-1.111400E+01,+0.000000E+00,+9.910000E+37,+8.712979E+02,+3.584400E+04
16:31:44,0e0,+1.417277E-01,+1.000000E-06,+9.910000E+37,+8.715166E+02,+3.584400E+04,+1.396322E-01,+1.000000E-06,+9.910000E+37,+8.715830E+02,+3.584400E+04,+1.409995E-01,+1.000000E-06,+9.910000E+37,+8.716494E+02,+3.584400E+04,-1.253863E+01,+0.000000E+00,+9.910000E+37,+8.717158E+02,+3.584400E+04
16:31:44,0e0,+1.315287E-01,+1.056500E-06,+9.910000E+37,+8.719385E+02,+3.584400E+04,+1.319842E-01,+1.056500E-06,+9.910000E+37,+8.720059E+02,+3.584400E+04,+1.310731E-01,+1.056500E-06,+9.910000E+37,+8.720713E+02,+3.584400E+04,-4.257275E-02,+0.000000E+00,+9.910000E+37,+8.721377E+02,+3.584400E+04
16:31:44,0e0,+1.342602E-01,+1.116000E-06,+9.910000E+37,+8.723643E+02,+3.584400E+04,+1.336687E-01,+1.116000E-06,+9.910000E+37,+8.724307E+02,+3.584400E+04,+1.333040E-01,+1.116000E-06,+9.910000E+37,+8.724971E+02,+3.584400E+04,-4.093377E-02,+0.000000E+00,+9.910000E+37,+8.725635E+02,+3.584400E+04
16:31:44,0e0,+1.362635E-01,+1.179000E-06,+9.910000E+37,+8.727910E+02,+3.584400E+04,+1.359908E-01,+1.179000E-06,+9.910000E+37,+8.728574E+02,+3.584400E+04,+1.353074E-01,+1.179000E-06,+9.910000E+37,+8.729229E+02,+3.584400E+04,-4.261848E-02,+0.000000E+00,+9.910000E+37,+8.729893E+02,+3.584400E+04
16:31:44,0e0,+1.384036E-01,+1.245000E-06,+9.910000E+37,+8.732178E+02,+3.584400E+04,+1.369919E-01,+1.245000E-06,+9.910000E+37,+8.732842E+02,+3.584400E+04,+1.384492E-01,+1.245000E-06,+9.910000E+37,+8.733516E+02,+3.584400E+04,-4.270943E-02,+0.000000E+00,+9.910000E+37,+8.734180E+02,+3.584400E+04
16:31:44,0e0,+1.394502E-01,+1.315500E-06,+9.910000E+37,+8.736436E+02,+3.584400E+04,+1.403159E-01,+1.315500E-06,+9.910000E+37,+8.737100E+02,+3.584400E+04,+1.397695E-01,+1.315500E-06,+9.910000E+37,+8.737764E+02,+3.584400E+04,-4.321037E-02,+0.000000E+00,+9.910000E+37,+8.738437E+02,+3.584400E+04
16:31:44,0e0,+1.425012E-01,+1.389500E-06,+9.910000E+37,+8.740684E+02,+3.584400E+04,+1.420915E-01,+1.389500E-06,+9.910000E+37,+8.741348E+02,+3.584400E+04,+1.412257E-01,+1.389500E-06,+9.910000E+37,+8.742002E+02,+3.584400E+04,-4.293722E-02,+0.000000E+00,+9.910000E+37,+8.742666E+02,+3.584400E+04
16:31:44,0e0,+1.440488E-01,+1.468000E-06,+9.910000E+37,+8.744893E+02,+3.584400E+04,+1.434568E-01,+1.468000E-06,+9.910000E+37,+8.745566E+02,+3.584400E+04,+1.440035E-01,+1.468000E-06,+9.910000E+37,+8.746221E+02,+3.584400E+04,-4.093383E-02,+0.000000E+00,+9.910000E+37,+8.746885E+02,+3.584400E+04
16:31:44,0e0,+1.464624E-01,+1.550500E-06,+9.910000E+37,+8.749141E+02,+3.584400E+04,+1.468718E-01,+1.550500E-06,+9.910000E+37,+8.749805E+02,+3.584400E+04,+1.476003E-01,+1.550500E-06,+9.910000E+37,+8.750479E+02,+3.584400E+04,-4.403003E-02,+0.000000E+00,+9.910000E+37,+8.751143E+02,+3.584400E+04
16:31:44,0e0,+1.479188E-01,+1.638000E-06,+9.910000E+37,+8.753398E+02,+3.584400E+04,+1.473720E-01,+1.638000E-06,+9.910000E+37,+8.754062E+02,+3.584400E+04,+1.484192E-01,+1.638000E-06,+9.910000E+37,+8.754717E+02,+3.584400E+04,-4.352929E-02,+0.000000E+00,+9.910000E+37,+8.755381E+02,+3.584400E+04
16:31:44,0e0,+1.511061E-01,+1.730000E-06,+9.910000E+37,+8.757646E+02,+3.584400E+04,+1.511967E-01,+1.730000E-06,+9.910000E+37,+8.758311E+02,+3.584400E+04,+1.515157E-01,+1.730000E-06,+9.910000E+37,+8.758984E+02,+3.584400E+04,-4.298262E-02,+0.000000E+00,+9.910000E+37,+8.759639E+02,+3.584400E+04
16:31:44,0e0,+1.535645E-01,+1.827500E-06,+9.910000E+37,+8.761826E+02,+3.584400E+04,+1.521981E-01,+1.827500E-06,+9.910000E+37,+8.762500E+02,+3.584400E+04,+1.529728E-01,+1.827500E-06,+9.910000E+37,+8.763174E+02,+3.584400E+04,-4.357466E-02,+0.000000E+00,+9.910000E+37,+8.763828E+02,+3.584400E+04
16:31:44,0e0,+1.550671E-01,+1.930500E-06,+9.910000E+37,+8.766045E+02,+3.584400E+04,+1.545198E-01,+1.930500E-06,+9.910000E+37,+8.766709E+02,+3.584400E+04,+1.547936E-01,+1.930500E-06,+9.910000E+37,+8.767373E+02,+3.584400E+04,-4.220864E-02,+0.000000E+00,+9.910000E+37,+8.768037E+02,+3.584400E+04
16:31:44,0e0,+1.577083E-01,+2.039500E-06,+9.910000E+37,+8.770225E+02,+3.584400E+04,+1.565691E-01,+2.039500E-06,+9.910000E+37,+8.770889E+02,+3.584400E+04,+1.591652E-01,+2.039500E-06,+9.910000E+37,+8.771563E+02,+3.584400E+04,-4.334716E-02,+0.000000E+00,+9.910000E+37,+8.772217E+02,+3.584400E+04
16:31:44,0e0,+1.598932E-01,+2.154500E-06,+9.910000E+37,+8.774424E+02,+3.584400E+04,+1.603483E-01,+2.154500E-06,+9.910000E+37,+8.775088E+02,+3.584400E+04,+1.597563E-01,+2.154500E-06,+9.910000E+37,+8.775752E+02,+3.584400E+04,-5.113253E-02,+0.000000E+00,+9.910000E+37,+8.776426E+02,+3.584400E+04
16:31:44,0e0,+1.621232E-01,+2.276000E-06,+9.910000E+37,+8.778672E+02,+3.584400E+04,+1.614407E-01,+2.276000E-06,+9.910000E+37,+8.779346E+02,+3.584400E+04,+1.623971E-01,+2.276000E-06,+9.910000E+37,+8.780020E+02,+3.584400E+04,-4.239054E-02,+0.000000E+00,+9.910000E+37,+8.780693E+02,+3.584400E+04
16:31:44,0e0,+1.649013E-01,+2.404000E-06,+9.910000E+37,+8.782891E+02,+3.584400E+04,+1.643095E-01,+2.404000E-06,+9.910000E+37,+8.783564E+02,+3.584400E+04,+1.643554E-01,+2.404000E-06,+9.910000E+37,+8.784238E+02,+3.584400E+04,-4.116137E-02,+0.000000E+00,+9.910000E+37,+8.784912E+02,+3.584400E+04
16:31:44,0e0,+1.663130E-01,+2.539500E-06,+9.910000E+37,+8.787129E+02,+3.584400E+04,+1.669048E-01,+2.539500E-06,+9.910000E+37,+8.787793E+02,+3.584400E+04,+1.669044E-01,+2.539500E-06,+9.910000E+37,+8.788457E+02,+3.584400E+04,-4.621542E-02,+0.000000E+00,+9.910000E+37,+8.789121E+02,+3.584400E+04
16:31:44,0e0,+1.698638E-01,+2.682500E-06,+9.910000E+37,+8.791357E+02,+3.584400E+04,+1.690899E-01,+2.682500E-06,+9.910000E+37,+8.792021E+02,+3.584400E+04,+1.687255E-01,+2.682500E-06,+9.910000E+37,+8.792686E+02,+3.584400E+04,-4.311943E-02,+0.000000E+00,+9.910000E+37,+8.793350E+02,+3.584400E+04
16:31:44,0e0,+1.719584E-01,+2.834000E-06,+9.910000E+37,+8.795625E+02,+3.584400E+04,+1.716394E-01,+2.834000E-06,+9.910000E+37,+8.796289E+02,+3.584400E+04,+1.713664E-01,+2.834000E-06,+9.910000E+37,+8.796953E+02,+3.584400E+04,-4.302810E-02,+0.000000E+00,+9.910000E+37,+8.797627E+02,+3.584400E+04
16:31:44,0e0,+1.749639E-01,+2.993500E-06,+9.910000E+37,+8.799854E+02,+3.584400E+04,+1.747808E-01,+2.993500E-06,+9.910000E+37,+8.800518E+02,+3.584400E+04,+1.733694E-01,+2.993500E-06,+9.910000E+37,+8.801182E+02,+3.584400E+04,-4.252736E-02,+0.000000E+00,+9.910000E+37,+8.801846E+02,+3.584400E+04
16:31:44,0e0,+1.768753E-01,+3.162500E-06,+9.910000E+37,+8.804072E+02,+3.584400E+04,+1.763741E-01,+3.162500E-06,+9.910000E+37,+8.804736E+02,+3.584400E+04,+1.765110E-01,+3.162500E-06,+9.910000E+37,+8.805400E+02,+3.584400E+04,-8.127251E-02,+0.000000E+00,+9.910000E+37,+8.806064E+02,+3.584400E+04
16:31:44,0e0,+1.795158E-01,+3.340500E-06,+9.910000E+37,+8.808291E+02,+3.584400E+04,+1.780130E-01,+3.340500E-06,+9.910000E+37,+8.808955E+02,+3.584400E+04,+1.786959E-01,+3.340500E-06,+9.910000E+37,+8.809619E+02,+3.584400E+04,-4.443958E-02,+0.000000E+00,+9.910000E+37,+8.810283E+02,+3.584400E+04
16:31:44,0e0,+1.804258E-01,+3.528500E-06,+9.910000E+37,+8.812500E+02,+3.584400E+04,+1.817465E-01,+3.528500E-06,+9.910000E+37,+8.813164E+02,+3.584400E+04,+1.815192E-01,+3.528500E-06,+9.910000E+37,+8.813838E+02,+3.584400E+04,-1.442841E-01,+0.000000E+00,+9.910000E+37,+8.814512E+02,+3.584400E+04
16:31:44,0e0,+1.845697E-01,+3.727500E-06,+9.910000E+37,+8.816826E+02,+3.584400E+04,+1.842510E-01,+3.727500E-06,+9.910000E+37,+8.817490E+02,+3.584400E+04,+1.844333E-01,+3.727500E-06,+9.910000E+37,+8.818154E+02,+3.584400E+04,-1.477897E-01,+0.000000E+00,+9.910000E+37,+8.818809E+02,+3.584400E+04
16:31:44,0e0,+1.874376E-01,+3.937500E-06,+9.910000E+37,+8.821045E+02,+3.584400E+04,+1.862992E-01,+3.937500E-06,+9.910000E+37,+8.821709E+02,+3.584400E+04,+1.865724E-01,+3.937500E-06,+9.910000E+37,+8.822373E+02,+3.584400E+04,-2.722681E-01,+0.000000E+00,+9.910000E+37,+8.823027E+02,+3.584400E+04
16:31:44,0e0,+1.883479E-01,+4.159500E-06,+9.910000E+37,+8.825283E+02,+3.584400E+04,+1.889403E-01,+4.159500E-06,+9.910000E+37,+8.825947E+02,+3.584400E+04,+1.899877E-01,+4.159500E-06,+9.910000E+37,+8.826611E+02,+3.584400E+04,-2.908905E-01,+0.000000E+00,+9.910000E+37,+8.827275E+02,+3.584400E+04
16:31:44,0e0,+1.920359E-01,+4.394000E-06,+9.910000E+37,+8.829541E+02,+3.584400E+04,+1.934018E-01,+4.394000E-06,+9.910000E+37,+8.830205E+02,+3.584400E+04,+1.934018E-01,+4.394000E-06,+9.910000E+37,+8.830879E+02,+3.584400E+04,-5.988203E-01,+0.000000E+00,+9.910000E+37,+8.831553E+02,+3.584400E+04
16:31:44,0e0,+1.949494E-01,+4.641500E-06,+9.910000E+37,+8.833740E+02,+3.584400E+04,+1.948587E-01,+4.641500E-06,+9.910000E+37,+8.834404E+02,+3.584400E+04,+1.951778E-01,+4.641500E-06,+9.910000E+37,+8.835078E+02,+3.584400E+04,-7.407414E-01,+0.000000E+00,+9.910000E+37,+8.835742E+02,+3.584400E+04
16:31:44,0e0,+1.983192E-01,+4.903000E-06,+9.910000E+37,+8.837988E+02,+3.584400E+04,+1.975902E-01,+4.903000E-06,+9.910000E+37,+8.838652E+02,+3.584400E+04,+1.974993E-01,+4.903000E-06,+9.910000E+37,+8.839316E+02,+3.584400E+04,-1.261758E+00,+0.000000E+00,+9.910000E+37,+8.839980E+02,+3.584400E+04
16:31:44,0e0,+2.012333E-01,+5.179500E-06,+9.910000E+37,+8.842197E+02,+3.584400E+04,+2.005948E-01,+5.179500E-06,+9.910000E+37,+8.842861E+02,+3.584400E+04,+2.003674E-01,+5.179500E-06,+9.910000E+37,+8.843535E+02,+3.584400E+04,-1.681832E+00,+0.000000E+00,+9.910000E+37,+8.844189E+02,+3.584400E+04
16:31:44,0e0,+2.030543E-01,+5.471500E-06,+9.910000E+37,+8.846445E+02,+3.584400E+04,+2.042834E-01,+5.471500E-06,+9.910000E+37,+8.847109E+02,+3.584400E+04,+2.040559E-01,+5.471500E-06,+9.910000E+37,+8.847783E+02,+3.584400E+04,-1.976465E+00,+0.000000E+00,+9.910000E+37,+8.848457E+02,+3.584400E+04
16:31:44,0e0,+2.058311E-01,+5.779500E-06,+9.910000E+37,+8.850654E+02,+3.584400E+04,+2.064228E-01,+5.779500E-06,+9.910000E+37,+8.851328E+02,+3.584400E+04,+2.075627E-01,+5.779500E-06,+9.910000E+37,+8.852002E+02,+3.584400E+04,-2.715351E+00,+0.000000E+00,+9.910000E+37,+8.852676E+02,+3.584400E+04
16:31:44,0e0,+2.091552E-01,+6.105500E-06,+9.910000E+37,+8.854863E+02,+3.584400E+04,+2.098382E-01,+6.105500E-06,+9.910000E+37,+8.855537E+02,+3.584400E+04,+2.102481E-01,+6.105500E-06,+9.910000E+37,+8.856201E+02,+3.584400E+04,-3.396542E+00,+0.000000E+00,+9.910000E+37,+8.856855E+02,+3.584400E+04
16:31:44,0e0,+2.129333E-01,+6.449500E-06,+9.910000E+37,+8.859111E+02,+3.584400E+04,+2.125238E-01,+6.449500E-06,+9.910000E+37,+8.859775E+02,+3.584400E+04,+2.119319E-01,+6.449500E-06,+9.910000E+37,+8.860439E+02,+3.584400E+04,-3.865890E+00,+0.000000E+00,+9.910000E+37,+8.861104E+02,+3.584400E+04
16:31:44,0e0,+2.168495E-01,+6.813000E-06,+9.910000E+37,+8.863271E+02,+3.584400E+04,+2.154372E-01,+6.813000E-06,+9.910000E+37,+8.863945E+02,+3.584400E+04,+2.161208E-01,+6.813000E-06,+9.910000E+37,+8.864609E+02,+3.584400E+04,-4.844541E+00,+0.000000E+00,+9.910000E+37,+8.865264E+02,+3.584400E+04
16:31:44,0e0,+2.188073E-01,+7.197000E-06,+9.910000E+37,+8.867520E+02,+3.584400E+04,+2.199453E-01,+7.197000E-06,+9.910000E+37,+8.868174E+02,+3.584400E+04,+2.190796E-01,+7.197000E-06,+9.910000E+37,+8.868838E+02,+3.584400E+04,-5.725579E+00,+0.000000E+00,+9.910000E+37,+8.869502E+02,+3.584400E+04
16:31:44,0e0,+2.230412E-01,+7.602500E-06,+9.910000E+37,+8.871719E+02,+3.584400E+04,+2.224035E-01,+7.602500E-06,+9.910000E+37,+8.872373E+02,+3.584400E+04,+2.223582E-01,+7.602500E-06,+9.910000E+37,+8.873037E+02,+3.584400E+04,-6.466917E+00,+0.000000E+00,+9.910000E+37,+8.873701E+02,+3.584400E+04
16:31:44,0e0,+2.264103E-01,+8.031000E-06,+9.910000E+37,+8.875918E+02,+3.584400E+04,+2.264100E-01,+8.031000E-06,+9.910000E+37,+8.876582E+02,+3.584400E+04,+2.265931E-01,+8.031000E-06,+9.910000E+37,+8.877246E+02,+3.584400E+04,-7.764109E+00,+0.000000E+00,+9.910000E+37,+8.877910E+02,+3.584400E+04
16:31:44,0e0,+2.302348E-01,+8.483500E-06,+9.910000E+37,+8.880176E+02,+3.584400E+04,+2.299161E-01,+8.483500E-06,+9.910000E+37,+8.880840E+02,+3.584400E+04,+2.292326E-01,+8.483500E-06,+9.910000E+37,+8.881504E+02,+3.584400E+04,-8.592054E+00,+0.000000E+00,+9.910000E+37,+8.882158E+02,+3.584400E+04
16:31:44,0e0,+2.330126E-01,+8.961500E-06,+9.910000E+37,+8.884385E+02,+3.584400E+04,+2.343318E-01,+8.961500E-06,+9.910000E+37,+8.885049E+02,+3.584400E+04,+2.333760E-01,+8.961500E-06,+9.910000E+37,+8.885703E+02,+3.584400E+04,-9.579495E+00,+0.000000E+00,+9.910000E+37,+8.886377E+02,+3.584400E+04
16:31:44,0e0,+2.354241E-01,+9.466500E-06,+9.910000E+37,+8.888652E+02,+3.584400E+04,+2.372013E-01,+9.466500E-06,+9.910000E+37,+8.889316E+02,+3.584400E+04,+2.365178E-01,+9.466500E-06,+9.910000E+37,+8.889980E+02,+3.584400E+04,-1.071456E+01,+0.000000E+00,+9.910000E+37,+8.890645E+02,+3.584400E+04
16:31:44,0e0,+2.399322E-01,+1.000000E-05,+9.910000E+37,+8.892832E+02,+3.584400E+04,+2.402054E-01,+1.000000E-05,+9.910000E+37,+8.893496E+02,+3.584400E+04,+2.406600E-01,+1.000000E-05,+9.910000E+37,+8.894160E+02,+3.584400E+04,-1.169780E+01,+0.000000E+00,+9.910000E+37,+8.894824E+02,+3.584400E+04
16:31:44,0e0,+2.317372E-01,+1.056500E-05,+9.910000E+37,+8.897041E+02,+3.584400E+04,+2.328300E-01,+1.056500E-05,+9.910000E+37,+8.897695E+02,+3.584400E+04,+2.312818E-01,+1.056500E-05,+9.910000E+37,+8.898359E+02,+3.584400E+04,-7.917802E-02,+0.000000E+00,+9.910000E+37,+8.899023E+02,+3.584400E+04
16:31:44,0e0,+2.349700E-01,+1.116000E-05,+9.910000E+37,+8.901250E+02,+3.584400E+04,+2.340593E-01,+1.116000E-05,+9.910000E+37,+8.901904E+02,+3.584400E+04,+2.339224E-01,+1.116000E-05,+9.910000E+37,+8.902568E+02,+3.584400E+04,-7.995196E-02,+0.000000E+00,+9.910000E+37,+8.903232E+02,+3.584400E+04
16:31:44,0e0,+2.379752E-01,+1.179000E-05,+9.910000E+37,+8.905479E+02,+3.584400E+04,+2.383385E-01,+1.179000E-05,+9.910000E+37,+8.906143E+02,+3.584400E+04,+2.368813E-01,+1.179000E-05,+9.910000E+37,+8.906816E+02,+3.584400E+04,-8.154547E-02,+0.000000E+00,+9.910000E+37,+8.907490E+02,+3.584400E+04
16:31:44,0e0,+2.409337E-01,+1.245000E-05,+9.910000E+37,+8.909727E+02,+3.584400E+04,+2.399319E-01,+1.245000E-05,+9.910000E+37,+8.910400E+02,+3.584400E+04,+2.407064E-01,+1.245000E-05,+9.910000E+37,+8.911064E+02,+3.584400E+04,-7.899590E-02,+0.000000E+00,+9.910000E+37,+8.911719E+02,+3.584400E+04
16:31:44,0e0,+2.442577E-01,+1.315500E-05,+9.910000E+37,+8.913906E+02,+3.584400E+04,+2.440301E-01,+1.315500E-05,+9.910000E+37,+8.914570E+02,+3.584400E+04,+2.449413E-01,+1.315500E-05,+9.910000E+37,+8.915234E+02,+3.584400E+04,-8.118133E-02,+0.000000E+00,+9.910000E+37,+8.915908E+02,+3.584400E+04
16:31:44,0e0,+2.468977E-01,+1.389500E-05,+9.910000E+37,+8.918135E+02,+3.584400E+04,+2.468980E-01,+1.389500E-05,+9.910000E+37,+8.918799E+02,+3.584400E+04,+2.474898E-01,+1.389500E-05,+9.910000E+37,+8.919453E+02,+3.584400E+04,-8.031602E-02,+0.000000E+00,+9.910000E+37,+8.920117E+02,+3.584400E+04
16:31:44,0e0,+2.504495E-01,+1.468000E-05,+9.910000E+37,+8.922422E+02,+3.584400E+04,+2.508137E-01,+1.468000E-05,+9.910000E+37,+8.923096E+02,+3.584400E+04,+2.512238E-01,+1.468000E-05,+9.910000E+37,+8.923770E+02,+3.584400E+04,-7.999720E-02,+0.000000E+00,+9.910000E+37,+8.924443E+02,+3.584400E+04
16:31:44,0e0,+2.535909E-01,+1.550500E-05,+9.910000E+37,+8.926729E+02,+3.584400E+04,+2.542286E-01,+1.550500E-05,+9.910000E+37,+8.927383E+02,+3.584400E+04,+2.549122E-01,+1.550500E-05,+9.910000E+37,+8.928047E+02,+3.584400E+04,-8.027071E-02,+0.000000E+00,+9.910000E+37,+8.928721E+02,+3.584400E+04
16:31:44,0e0,+2.575063E-01,+1.638000E-05,+9.910000E+37,+8.930889E+02,+3.584400E+04,+2.563220E-01,+1.638000E-05,+9.910000E+37,+8.931563E+02,+3.584400E+04,+2.570509E-01,+1.638000E-05,+9.910000E+37,+8.932217E+02,+3.584400E+04,-7.922360E-02,+0.000000E+00,+9.910000E+37,+8.932881E+02,+3.584400E+04
16:31:44,0e0,+2.602382E-01,+1.730000E-05,+9.910000E+37,+8.935166E+02,+3.584400E+04,+2.604203E-01,+1.730000E-05,+9.910000E+37,+8.935820E+02,+3.584400E+04,+2.595100E-01,+1.730000E-05,+9.910000E+37,+8.936484E+02,+3.584400E+04,-7.967858E-02,+0.000000E+00,+9.910000E+37,+8.937148E+02,+3.584400E+04
16:31:44,0e0,+2.639718E-01,+1.827500E-05,+9.910000E+37,+8.939434E+02,+3.584400E+04,+2.631059E-01,+1.827500E-05,+9.910000E+37,+8.940098E+02,+3.584400E+04,+2.638805E-01,+1.827500E-05,+9.910000E+37,+8.940762E+02,+3.584400E+04,-8.154568E-02,+0.000000E+00,+9.910000E+37,+8.941455E+02,+3.584400E+04
16:31:44,0e0,+2.672501E-01,+1.930500E-05,+9.910000E+37,+8.943721E+02,+3.584400E+04,+2.670675E-01,+1.930500E-05,+9.910000E+37,+8.944385E+02,+3.584400E+04,+2.680234E-01,+1.930500E-05,+9.910000E+37,+8.945049E+02,+3.584400E+04,-8.218294E-02,+0.000000E+00,+9.910000E+37,+8.945723E+02,+3.584400E+04
16:31:44,0e0,+2.702998E-01,+2.039500E-05,+9.910000E+37,+8.948086E+02,+3.584400E+04,+2.712099E-01,+2.039500E-05,+9.910000E+37,+8.948760E+02,+3.584400E+04,+2.710742E-01,+2.039500E-05,+9.910000E+37,+8.949414E+02,+3.584400E+04,-8.081692E-02,+0.000000E+00,+9.910000E+37,+8.950078E+02,+3.584400E+04
16:31:44,0e0,+2.743063E-01,+2.154500E-05,+9.910000E+37,+8.952295E+02,+3.584400E+04,+2.736683E-01,+2.154500E-05,+9.910000E+37,+8.952949E+02,+3.584400E+04,+2.756275E-01,+2.154500E-05,+9.910000E+37,+8.953613E+02,+3.584400E+04,-8.250184E-02,+0.000000E+00,+9.910000E+37,+8.954277E+02,+3.584400E+04
16:31:44,0e0,+2.779039E-01,+2.276000E-05,+9.910000E+37,+8.956572E+02,+3.584400E+04,+2.784047E-01,+2.276000E-05,+9.910000E+37,+8.957236E+02,+3.584400E+04,+2.776302E-01,+2.276000E-05,+9.910000E+37,+8.957900E+02,+3.584400E+04,-8.154526E-02,+0.000000E+00,+9.910000E+37,+8.958574E+02,+3.584400E+04
16:31:44,0e0,+2.815917E-01,+2.404000E-05,+9.910000E+37,+8.960771E+02,+3.584400E+04,+2.818189E-01,+2.404000E-05,+9.910000E+37,+8.961436E+02,+3.584400E+04,+2.807706E-01,+2.404000E-05,+9.910000E+37,+8.962100E+02,+3.584400E+04,-8.168224E-02,+0.000000E+00,+9.910000E+37,+8.962773E+02,+3.584400E+04
16:31:44,0e0,+2.857339E-01,+2.539500E-05,+9.910000E+37,+8.965078E+02,+3.584400E+04,+2.848683E-01,+2.539500E-05,+9.910000E+37,+8.965742E+02,+3.584400E+04,+2.847323E-01,+2.539500E-05,+9.910000E+37,+8.966406E+02,+3.584400E+04,-8.004302E-02,+0.000000E+00,+9.910000E+37,+8.967080E+02,+3.584400E+04
16:31:44,0e0,+2.882378E-01,+2.682500E-05,+9.910000E+37,+8.969248E+02,+3.584400E+04,+2.870538E-01,+2.682500E-05,+9.910000E+37,+8.969912E+02,+3.584400E+04,+2.892850E-01,+2.682500E-05,+9.910000E+37,+8.970576E+02,+3.584400E+04,-8.218312E-02,+0.000000E+00,+9.910000E+37,+8.971260E+02,+3.584400E+04
16:31:44,0e0,+2.928824E-01,+2.834000E-05,+9.910000E+37,+8.973594E+02,+3.584400E+04,+2.925178E-01,+2.834000E-05,+9.910000E+37,+8.974258E+02,+3.584400E+04,+2.927907E-01,+2.834000E-05,+9.910000E+37,+8.974922E+02,+3.584400E+04,-7.986075E-02,+0.000000E+00,+9.910000E+37,+8.975586E+02,+3.584400E+04
16:31:44,0e0,+2.963885E-01,+2.993500E-05,+9.910000E+37,+8.977803E+02,+3.584400E+04,+2.972074E-01,+2.993500E-05,+9.910000E+37,+8.978467E+02,+3.584400E+04,+2.972994E-01,+2.993500E-05,+9.910000E+37,+8.979131E+02,+3.584400E+04,-7.922351E-02,+0.000000E+00,+9.910000E+37,+8.979795E+02,+3.584400E+04
16:31:44,0e0,+3.013504E-01,+3.162500E-05,+9.910000E+37,+8.982041E+02,+3.584400E+04,+3.005764E-01,+3.162500E-05,+9.910000E+37,+8.982705E+02,+3.584400E+04,+3.016692E-01,+3.162500E-05,+9.910000E+37,+8.983369E+02,+3.584400E+04,-8.063498E-02,+0.000000E+00,+9.910000E+37,+8.984033E+02,+3.584400E+04
16:31:44,0e0,+3.062226E-01,+3.340500E-05,+9.910000E+37,+8.986289E+02,+3.584400E+04,+3.045363E-01,+3.340500E-05,+9.910000E+37,+8.986943E+02,+3.584400E+04,+3.055857E-01,+3.340500E-05,+9.910000E+37,+8.987607E+02,+3.584400E+04,-8.031623E-02,+0.000000E+00,+9.910000E+37,+8.988271E+02,+3.584400E+04
16:31:44,0e0,+3.089991E-01,+3.528500E-05,+9.910000E+37,+8.990469E+02,+3.584400E+04,+3.105928E-01,+3.528500E-05,+9.910000E+37,+8.991123E+02,+3.584400E+04,+3.092730E-01,+3.528500E-05,+9.910000E+37,+8.991787E+02,+3.584400E+04,-1.055390E-01,+0.000000E+00,+9.910000E+37,+8.992461E+02,+3.584400E+04
16:31:44,0e0,+3.132338E-01,+3.727500E-05,+9.910000E+37,+8.994639E+02,+3.584400E+04,+3.124133E-01,+3.727500E-05,+9.910000E+37,+8.995313E+02,+3.584400E+04,+3.132788E-01,+3.727500E-05,+9.910000E+37,+8.995977E+02,+3.584400E+04,-1.293504E-01,+0.000000E+00,+9.910000E+37,+8.996641E+02,+3.584400E+04
16:31:44,0e0,+3.170579E-01,+3.937500E-05,+9.910000E+37,+8.998975E+02,+3.584400E+04,+3.166485E-01,+3.937500E-05,+9.910000E+37,+8.999629E+02,+3.584400E+04,+3.168752E-01,+3.937500E-05,+9.910000E+37,+9.000293E+02,+3.584400E+04,-2.067948E-01,+0.000000E+00,+9.910000E+37,+9.000957E+02,+3.584400E+04
16:31:44,0e0,+3.211555E-01,+4.159500E-05,+9.910000E+37,+9.003193E+02,+3.584400E+04,+3.206542E-01,+4.159500E-05,+9.910000E+37,+9.003848E+02,+3.584400E+04,+3.227034E-01,+4.159500E-05,+9.910000E+37,+9.004512E+02,+3.584400E+04,-1.548466E-01,+0.000000E+00,+9.910000E+37,+9.005186E+02,+3.584400E+04
16:31:44,0e0,+3.256168E-01,+4.394000E-05,+9.910000E+37,+9.007402E+02,+3.584400E+04,+3.256626E-01,+4.394000E-05,+9.910000E+37,+9.008066E+02,+3.584400E+04,+3.256164E-01,+4.394000E-05,+9.910000E+37,+9.008740E+02,+3.584400E+04,-3.475771E-01,+0.000000E+00,+9.910000E+37,+9.009395E+02,+3.584400E+04
16:31:44,0e0,+3.293502E-01,+4.641500E-05,+9.910000E+37,+9.011592E+02,+3.584400E+04,+3.287580E-01,+4.641500E-05,+9.910000E+37,+9.012256E+02,+3.584400E+04,+3.294407E-01,+4.641500E-05,+9.910000E+37,+9.012930E+02,+3.584400E+04,-5.164084E-01,+0.000000E+00,+9.910000E+37,+9.013604E+02,+3.584400E+04
16:31:44,0e0,+3.334933E-01,+4.903000E-05,+9.910000E+37,+9.015908E+02,+3.584400E+04,+3.340396E-01,+4.903000E-05,+9.910000E+37,+9.016563E+02,+3.584400E+04,+3.332660E-01,+4.903000E-05,+9.910000E+37,+9.017227E+02,+3.584400E+04,-7.422444E-01,+0.000000E+00,+9.910000E+37,+9.017891E+02,+3.584400E+04
16:31:44,0e0,+3.378638E-01,+5.179500E-05,+9.910000E+37,+9.020049E+02,+3.584400E+04,+3.374996E-01,+5.179500E-05,+9.910000E+37,+9.020723E+02,+3.584400E+04,+3.368167E-01,+5.179500E-05,+9.910000E+37,+9.021377E+02,+3.584400E+04,-8.966407E-01,+0.000000E+00,+9.910000E+37,+9.022070E+02,+3.584400E+04
16:31:44,0e0,+3.419616E-01,+5.471500E-05,+9.910000E+37,+9.024395E+02,+3.584400E+04,+3.421889E-01,+5.471500E-05,+9.910000E+37,+9.025059E+02,+3.584400E+04,+3.420987E-01,+5.471500E-05,+9.910000E+37,+9.025732E+02,+3.584400E+04,-1.405363E+00,+0.000000E+00,+9.910000E+37,+9.026387E+02,+3.584400E+04
16:31:44,0e0,+3.467429E-01,+5.779500E-05,+9.910000E+37,+9.028682E+02,+3.584400E+04,+3.466508E-01,+5.779500E-05,+9.910000E+37,+9.029355E+02,+3.584400E+04,+3.461052E-01,+5.779500E-05,+9.910000E+37,+9.030010E+02,+3.584400E+04,-2.004558E+00,+0.000000E+00,+9.910000E+37,+9.030674E+02,+3.584400E+04
16:31:44,0e0,+3.508854E-01,+6.105500E-05,+9.910000E+37,+9.032920E+02,+3.584400E+04,+3.504754E-01,+6.105500E-05,+9.910000E+37,+9.033594E+02,+3.584400E+04,+3.498828E-01,+6.105500E-05,+9.910000E+37,+9.034248E+02,+3.584400E+04,-2.340712E+00,+0.000000E+00,+9.910000E+37,+9.034912E+02,+3.584400E+04
16:31:44,0e0,+3.549823E-01,+6.449500E-05,+9.910000E+37,+9.037119E+02,+3.584400E+04,+3.537984E-01,+6.449500E-05,+9.910000E+37,+9.037793E+02,+3.584400E+04,+3.558481E-01,+6.449500E-05,+9.910000E+37,+9.038447E+02,+3.584400E+04,-3.157232E+00,+0.000000E+00,+9.910000E+37,+9.039121E+02,+3.584400E+04
16:31:44,0e0,+3.592162E-01,+6.813000E-05,+9.910000E+37,+9.041309E+02,+3.584400E+04,+3.599909E-01,+6.813000E-05,+9.910000E+37,+9.041973E+02,+3.584400E+04,+3.610851E-01,+6.813000E-05,+9.910000E+37,+9.042646E+02,+3.584400E+04,-3.606998E+00,+0.000000E+00,+9.910000E+37,+9.043320E+02,+3.584400E+04
16:31:44,0e0,+3.656367E-01,+7.197000E-05,+9.910000E+37,+9.045615E+02,+3.584400E+04,+3.650903E-01,+7.197000E-05,+9.910000E+37,+9.046289E+02,+3.584400E+04,+3.659095E-01,+7.197000E-05,+9.910000E+37,+9.046943E+02,+3.584400E+04,-4.459840E+00,+0.000000E+00,+9.910000E+37,+9.047607E+02,+3.584400E+04
16:31:44,0e0,+3.686866E-01,+7.602500E-05,+9.910000E+37,+9.049795E+02,+3.584400E+04,+3.695976E-01,+7.602500E-05,+9.910000E+37,+9.050459E+02,+3.584400E+04,+3.694158E-01,+7.602500E-05,+9.910000E+37,+9.051133E+02,+3.584400E+04,-5.079709E+00,+0.000000E+00,+9.910000E+37,+9.051807E+02,+3.584400E+04
16:31:44,0e0,+3.731948E-01,+8.031000E-05,+9.910000E+37,+9.054023E+02,+3.584400E+04,+3.738781E-01,+8.031000E-05,+9.910000E+37,+9.054697E+02,+3.584400E+04,+3.744237E-01,+8.031000E-05,+9.910000E+37,+9.055352E+02,+3.584400E+04,-5.683864E+00,+0.000000E+00,+9.910000E+37,+9.056035E+02,+3.584400E+04
16:31:44,0e0,+3.781117E-01,+8.483500E-05,+9.910000E+37,+9.058320E+02,+3.584400E+04,+3.791597E-01,+8.483500E-05,+9.910000E+37,+9.058994E+02,+3.584400E+04,+3.771088E-01,+8.483500E-05,+9.910000E+37,+9.059648E+02,+3.584400E+04,-7.098752E+00,+0.000000E+00,+9.910000E+37,+9.060313E+02,+3.584400E+04
16:31:44,0e0,+3.846219E-01,+8.961500E-05,+9.910000E+37,+9.062500E+02,+3.584400E+04,+3.830743E-01,+8.961500E-05,+9.910000E+37,+9.063174E+02,+3.584400E+04,+3.852147E-01,+8.961500E-05,+9.910000E+37,+9.063828E+02,+3.584400E+04,-7.549278E+00,+0.000000E+00,+9.910000E+37,+9.064512E+02,+3.584400E+04
16:31:44,0e0,+3.868977E-01,+9.466500E-05,+9.910000E+37,+9.066816E+02,+3.584400E+04,+3.880358E-01,+9.466500E-05,+9.910000E+37,+9.067480E+02,+3.584400E+04,+3.875817E-01,+9.466500E-05,+9.910000E+37,+9.068154E+02,+3.584400E+04,-8.948049E+00,+0.000000E+00,+9.910000E+37,+9.068809E+02,+3.584400E+04
16:31:44,0e0,+3.923610E-01,+1.000000E-04,+9.910000E+37,+9.071025E+02,+3.584400E+04,+3.924518E-01,+1.000000E-04,+9.910000E+37,+9.071680E+02,+3.584400E+04,+3.929992E-01,+1.000000E-04,+9.910000E+37,+9.072344E+02,+3.584400E+04,-9.632002E+00,+0.000000E+00,+9.910000E+37,+9.073008E+02,+3.584400E+04
16:31:44,0e0,+3.866708E-01,+1.056500E-04,+9.910000E+37,+9.075332E+02,+3.584400E+04,+3.863979E-01,+1.056500E-04,+9.910000E+37,+9.076006E+02,+3.584400E+04,+3.857610E-01,+1.056500E-04,+9.910000E+37,+9.076660E+02,+3.584400E+04,-7.732045E-01,+0.000000E+00,+9.910000E+37,+9.077334E+02,+3.584400E+04
16:31:44,0e0,+3.900398E-01,+1.116000E-04,+9.910000E+37,+9.079580E+02,+3.584400E+04,+3.906777E-01,+1.116000E-04,+9.910000E+37,+9.080244E+02,+3.584400E+04,+3.896757E-01,+1.116000E-04,+9.910000E+37,+9.080918E+02,+3.584400E+04,-6.935707E-01,+0.000000E+00,+9.910000E+37,+9.081572E+02,+3.584400E+04
16:31:44,0e0,+3.965051E-01,+1.179000E-04,+9.910000E+37,+9.083887E+02,+3.584400E+04,+3.946382E-01,+1.179000E-04,+9.910000E+37,+9.084551E+02,+3.584400E+04,+3.942286E-01,+1.179000E-04,+9.910000E+37,+9.085215E+02,+3.584400E+04,-6.804115E-01,+0.000000E+00,+9.910000E+37,+9.085879E+02,+3.584400E+04
16:31:44,0e0,+4.007848E-01,+1.245000E-04,+9.910000E+37,+9.088154E+02,+3.584400E+04,+3.981433E-01,+1.245000E-04,+9.910000E+37,+9.088818E+02,+3.584400E+04,+3.987359E-01,+1.245000E-04,+9.910000E+37,+9.089482E+02,+3.584400E+04,-8.127716E-01,+0.000000E+00,+9.910000E+37,+9.090156E+02,+3.584400E+04
16:31:44,0e0,+4.033336E-01,+1.315500E-04,+9.910000E+37,+9.092500E+02,+3.584400E+04,+4.046093E-01,+1.315500E-04,+9.910000E+37,+9.093164E+02,+3.584400E+04,+4.033796E-01,+1.315500E-04,+9.910000E+37,+9.093838E+02,+3.584400E+04,-8.226070E-01,+0.000000E+00,+9.910000E+37,+9.094492E+02,+3.584400E+04
16:31:44,0e0,+4.080695E-01,+1.389500E-04,+9.910000E+37,+9.096729E+02,+3.584400E+04,+4.077050E-01,+1.389500E-04,+9.910000E+37,+9.097393E+02,+3.584400E+04,+4.062926E-01,+1.389500E-04,+9.910000E+37,+9.098057E+02,+3.584400E+04,-6.839631E-01,+0.000000E+00,+9.910000E+37,+9.098730E+02,+3.584400E+04
16:31:44,0e0,+4.128496E-01,+1.468000E-04,+9.910000E+37,+9.100977E+02,+3.584400E+04,+4.138516E-01,+1.468000E-04,+9.910000E+37,+9.101641E+02,+3.584400E+04,+4.115291E-01,+1.468000E-04,+9.910000E+37,+9.102305E+02,+3.584400E+04,-7.835861E-01,+0.000000E+00,+9.910000E+37,+9.102979E+02,+3.584400E+04
16:31:44,0e0,+4.175399E-01,+1.550500E-04,+9.910000E+37,+9.105273E+02,+3.584400E+04,+4.173573E-01,+1.550500E-04,+9.910000E+37,+9.105937E+02,+3.584400E+04,+4.162642E-01,+1.550500E-04,+9.910000E+37,+9.106611E+02,+3.584400E+04,-6.861947E-01,+0.000000E+00,+9.910000E+37,+9.107266E+02,+3.584400E+04
16:31:44,0e0,+4.221838E-01,+1.638000E-04,+9.910000E+37,+9.109541E+02,+3.584400E+04,+4.219550E-01,+1.638000E-04,+9.910000E+37,+9.110215E+02,+3.584400E+04,+4.218647E-01,+1.638000E-04,+9.910000E+37,+9.110869E+02,+3.584400E+04,-7.789426E-01,+0.000000E+00,+9.910000E+37,+9.111533E+02,+3.584400E+04
16:31:44,0e0,+4.262339E-01,+1.730000E-04,+9.910000E+37,+9.113857E+02,+3.584400E+04,+4.257802E-01,+1.730000E-04,+9.910000E+37,+9.114531E+02,+3.584400E+04,+4.255521E-01,+1.730000E-04,+9.910000E+37,+9.115186E+02,+3.584400E+04,-7.983389E-01,+0.000000E+00,+9.910000E+37,+9.115850E+02,+3.584400E+04
16:31:44,0e0,+4.308324E-01,+1.827500E-04,+9.910000E+37,+9.118105E+02,+3.584400E+04,+4.304247E-01,+1.827500E-04,+9.910000E+37,+9.118770E+02,+3.584400E+04,+4.300596E-01,+1.827500E-04,+9.910000E+37,+9.119434E+02,+3.584400E+04,-6.687556E-01,+0.000000E+00,+9.910000E+37,+9.120107E+02,+3.584400E+04
16:31:44,0e0,+4.359783E-01,+1.930500E-04,+9.910000E+37,+9.122383E+02,+3.584400E+04,+4.349763E-01,+1.930500E-04,+9.910000E+37,+9.123057E+02,+3.584400E+04,+4.341570E-01,+1.930500E-04,+9.910000E+37,+9.123730E+02,+3.584400E+04,-7.804903E-01,+0.000000E+00,+9.910000E+37,+9.124385E+02,+3.584400E+04
16:31:44,0e0,+4.398940E-01,+2.039500E-04,+9.910000E+37,+9.126631E+02,+3.584400E+04,+4.392108E-01,+2.039500E-04,+9.910000E+37,+9.127295E+02,+3.584400E+04,+4.388462E-01,+2.039500E-04,+9.910000E+37,+9.127959E+02,+3.584400E+04,-6.679364E-01,+0.000000E+00,+9.910000E+37,+9.128633E+02,+3.584400E+04
16:31:44,0e0,+4.449933E-01,+2.154500E-04,+9.910000E+37,+9.130947E+02,+3.584400E+04,+4.437630E-01,+2.154500E-04,+9.910000E+37,+9.131621E+02,+3.584400E+04,+4.431258E-01,+2.154500E-04,+9.910000E+37,+9.132275E+02,+3.584400E+04,-6.771801E-01,+0.000000E+00,+9.910000E+37,+9.132939E+02,+3.584400E+04
16:31:44,0e0,+4.493182E-01,+2.276000E-04,+9.910000E+37,+9.135205E+02,+3.584400E+04,+4.500020E-01,+2.276000E-04,+9.910000E+37,+9.135859E+02,+3.584400E+04,+4.479969E-01,+2.276000E-04,+9.910000E+37,+9.136523E+02,+3.584400E+04,-7.920101E-01,+0.000000E+00,+9.910000E+37,+9.137197E+02,+3.584400E+04
16:31:44,0e0,+4.543726E-01,+2.404000E-04,+9.910000E+37,+9.139424E+02,+3.584400E+04,+4.531871E-01,+2.404000E-04,+9.910000E+37,+9.140098E+02,+3.584400E+04,+4.524590E-01,+2.404000E-04,+9.910000E+37,+9.140771E+02,+3.584400E+04,-7.022220E-01,+0.000000E+00,+9.910000E+37,+9.141426E+02,+3.584400E+04
16:31:44,0e0,+4.594257E-01,+2.539500E-04,+9.910000E+37,+9.143701E+02,+3.584400E+04,+4.601544E-01,+2.539500E-04,+9.910000E+37,+9.144365E+02,+3.584400E+04,+4.583338E-01,+2.539500E-04,+9.910000E+37,+9.145039E+02,+3.584400E+04,-7.967448E-01,+0.000000E+00,+9.910000E+37,+9.145713E+02,+3.584400E+04
16:31:44,0e0,+4.634773E-01,+2.682500E-04,+9.910000E+37,+9.147930E+02,+3.584400E+04,+4.616557E-01,+2.682500E-04,+9.910000E+37,+9.148594E+02,+3.584400E+04,+4.628413E-01,+2.682500E-04,+9.910000E+37,+9.149268E+02,+3.584400E+04,-6.969408E-01,+0.000000E+00,+9.910000E+37,+9.149922E+02,+3.584400E+04
16:31:44,0e0,+4.673926E-01,+2.834000E-04,+9.910000E+37,+9.152256E+02,+3.584400E+04,+4.687594E-01,+2.834000E-04,+9.910000E+37,+9.152920E+02,+3.584400E+04,+4.674838E-01,+2.834000E-04,+9.910000E+37,+9.153584E+02,+3.584400E+04,-7.219371E-01,+0.000000E+00,+9.910000E+37,+9.154248E+02,+3.584400E+04
16:31:44,0e0,+4.747233E-01,+2.993500E-04,+9.910000E+37,+9.156494E+02,+3.584400E+04,+4.728577E-01,+2.993500E-04,+9.910000E+37,+9.157158E+02,+3.584400E+04,+4.737211E-01,+2.993500E-04,+9.910000E+37,+9.157832E+02,+3.584400E+04,-7.288569E-01,+0.000000E+00,+9.910000E+37,+9.158506E+02,+3.584400E+04
16:31:44,0e0,+4.780469E-01,+3.162500E-04,+9.910000E+37,+9.160811E+02,+3.584400E+04,+4.773624E-01,+3.162500E-04,+9.910000E+37,+9.161475E+02,+3.584400E+04,+4.778193E-01,+3.162500E-04,+9.910000E+37,+9.162148E+02,+3.584400E+04,-6.761777E-01,+0.000000E+00,+9.910000E+37,+9.162822E+02,+3.584400E+04
16:31:44,0e0,+4.834195E-01,+3.340500E-04,+9.910000E+37,+9.165098E+02,+3.584400E+04,+4.832373E-01,+3.340500E-04,+9.910000E+37,+9.165771E+02,+3.584400E+04,+4.820527E-01,+3.340500E-04,+9.910000E+37,+9.166436E+02,+3.584400E+04,-7.717034E-01,+0.000000E+00,+9.910000E+37,+9.167100E+02,+3.584400E+04
16:31:44,0e0,+4.881544E-01,+3.528500E-04,+9.910000E+37,+9.169365E+02,+3.584400E+04,+4.874243E-01,+3.528500E-04,+9.910000E+37,+9.170029E+02,+3.584400E+04,+4.879274E-01,+3.528500E-04,+9.910000E+37,+9.170703E+02,+3.584400E+04,-7.623686E-01,+0.000000E+00,+9.910000E+37,+9.171377E+02,+3.584400E+04
16:31:44,0e0,+4.936189E-01,+3.727500E-04,+9.910000E+37,+9.173613E+02,+3.584400E+04,+4.922061E-01,+3.727500E-04,+9.910000E+37,+9.174277E+02,+3.584400E+04,+4.928426E-01,+3.727500E-04,+9.910000E+37,+9.174951E+02,+3.584400E+04,-7.355517E-01,+0.000000E+00,+9.910000E+37,+9.175625E+02,+3.584400E+04
16:31:44,0e0,+4.985799E-01,+3.937500E-04,+9.910000E+37,+9.177900E+02,+3.584400E+04,+4.982170E-01,+3.937500E-04,+9.910000E+37,+9.178564E+02,+3.584400E+04,+4.973041E-01,+3.937500E-04,+9.910000E+37,+9.179238E+02,+3.584400E+04,-7.960613E-01,+0.000000E+00,+9.910000E+37,+9.179912E+02,+3.584400E+04
16:31:44,0e0,+5.036349E-01,+4.159500E-04,+9.910000E+37,+9.182168E+02,+3.584400E+04,+5.053633E-01,+4.159500E-04,+9.910000E+37,+9.182842E+02,+3.584400E+04,+5.035886E-01,+4.159500E-04,+9.910000E+37,+9.183496E+02,+3.584400E+04,-6.866499E-01,+0.000000E+00,+9.910000E+37,+9.184160E+02,+3.584400E+04
16:31:44,0e0,+5.096436E-01,+4.394000E-04,+9.910000E+37,+9.186543E+02,+3.584400E+04,+5.093246E-01,+4.394000E-04,+9.910000E+37,+9.187217E+02,+3.584400E+04,+5.088240E-01,+4.394000E-04,+9.910000E+37,+9.187881E+02,+3.584400E+04,-6.788186E-01,+0.000000E+00,+9.910000E+37,+9.188545E+02,+3.584400E+04
16:31:44,0e0,+5.149715E-01,+4.641500E-04,+9.910000E+37,+9.190811E+02,+3.584400E+04,+5.151531E-01,+4.641500E-04,+9.910000E+37,+9.191475E+02,+3.584400E+04,+5.141517E-01,+4.641500E-04,+9.910000E+37,+9.192148E+02,+3.584400E+04,-8.246100E-01,+0.000000E+00,+9.910000E+37,+9.192822E+02,+3.584400E+04
16:31:44,0e0,+5.191125E-01,+4.903000E-04,+9.910000E+37,+9.195059E+02,+3.584400E+04,+5.184298E-01,+4.903000E-04,+9.910000E+37,+9.195723E+02,+3.584400E+04,+5.193858E-01,+4.903000E-04,+9.910000E+37,+9.196396E+02,+3.584400E+04,-7.996140E-01,+0.000000E+00,+9.910000E+37,+9.197070E+02,+3.584400E+04
16:31:44,0e0,+5.269445E-01,+5.179500E-04,+9.910000E+37,+9.199346E+02,+3.584400E+04,+5.253059E-01,+5.179500E-04,+9.910000E+37,+9.200010E+02,+3.584400E+04,+5.247576E-01,+5.179500E-04,+9.910000E+37,+9.200684E+02,+3.584400E+04,-1.007694E+00,+0.000000E+00,+9.910000E+37,+9.201357E+02,+3.584400E+04
16:31:44,0e0,+5.307675E-01,+5.471500E-04,+9.910000E+37,+9.203643E+02,+3.584400E+04,+5.312695E-01,+5.471500E-04,+9.910000E+37,+9.204316E+02,+3.584400E+04,+5.316798E-01,+5.471500E-04,+9.910000E+37,+9.204971E+02,+3.584400E+04,-1.249327E+00,+0.000000E+00,+9.910000E+37,+9.205635E+02,+3.584400E+04
16:31:44,0e0,+5.367321E-01,+5.779500E-04,+9.910000E+37,+9.207881E+02,+3.584400E+04,+5.374169E-01,+5.779500E-04,+9.910000E+37,+9.208545E+02,+3.584400E+04,+5.368240E-01,+5.779500E-04,+9.910000E+37,+9.209209E+02,+3.584400E+04,-1.340753E+00,+0.000000E+00,+9.910000E+37,+9.209883E+02,+3.584400E+04
16:31:44,0e0,+5.433809E-01,+6.105500E-04,+9.910000E+37,+9.212119E+02,+3.584400E+04,+5.427886E-01,+6.105500E-04,+9.910000E+37,+9.212793E+02,+3.584400E+04,+5.431976E-01,+6.105500E-04,+9.910000E+37,+9.213447E+02,+3.584400E+04,-1.622505E+00,+0.000000E+00,+9.910000E+37,+9.214121E+02,+3.584400E+04
16:31:44,0e0,+5.494809E-01,+6.449500E-04,+9.910000E+37,+9.216475E+02,+3.584400E+04,+5.487066E-01,+6.449500E-04,+9.910000E+37,+9.217139E+02,+3.584400E+04,+5.477492E-01,+6.449500E-04,+9.910000E+37,+9.217803E+02,+3.584400E+04,-1.808681E+00,+0.000000E+00,+9.910000E+37,+9.218477E+02,+3.584400E+04
16:31:44,0e0,+5.548996E-01,+6.813000E-04,+9.910000E+37,+9.220752E+02,+3.584400E+04,+5.552176E-01,+6.813000E-04,+9.910000E+37,+9.221416E+02,+3.584400E+04,+5.539421E-01,+6.813000E-04,+9.910000E+37,+9.222090E+02,+3.584400E+04,-1.936307E+00,+0.000000E+00,+9.910000E+37,+9.222744E+02,+3.584400E+04
16:31:44,0e0,+5.597695E-01,+7.197000E-04,+9.910000E+37,+9.225010E+02,+3.584400E+04,+5.623654E-01,+7.197000E-04,+9.910000E+37,+9.225674E+02,+3.584400E+04,+5.604068E-01,+7.197000E-04,+9.910000E+37,+9.226348E+02,+3.584400E+04,-2.365892E+00,+0.000000E+00,+9.910000E+37,+9.227002E+02,+3.584400E+04
16:31:44,0e0,+5.675558E-01,+7.602500E-04,+9.910000E+37,+9.229268E+02,+3.584400E+04,+5.680565E-01,+7.602500E-04,+9.910000E+37,+9.229932E+02,+3.584400E+04,+5.674189E-01,+7.602500E-04,+9.910000E+37,+9.230605E+02,+3.584400E+04,-2.324096E+00,+0.000000E+00,+9.910000E+37,+9.231260E+02,+3.584400E+04
16:31:44,0e0,+5.736108E-01,+8.031000E-04,+9.910000E+37,+9.233516E+02,+3.584400E+04,+5.742940E-01,+8.031000E-04,+9.910000E+37,+9.234170E+02,+3.584400E+04,+5.734304E-01,+8.031000E-04,+9.910000E+37,+9.234844E+02,+3.584400E+04,-2.691307E+00,+0.000000E+00,+9.910000E+37,+9.235518E+02,+3.584400E+04
16:31:44,0e0,+5.799844E-01,+8.483500E-04,+9.910000E+37,+9.237734E+02,+3.584400E+04,+5.806224E-01,+8.483500E-04,+9.910000E+37,+9.238389E+02,+3.584400E+04,+5.800312E-01,+8.483500E-04,+9.910000E+37,+9.239053E+02,+3.584400E+04,-2.774863E+00,+0.000000E+00,+9.910000E+37,+9.239727E+02,+3.584400E+04
16:31:44,0e0,+5.864033E-01,+8.961500E-04,+9.910000E+37,+9.242021E+02,+3.584400E+04,+5.864046E-01,+8.961500E-04,+9.910000E+37,+9.242676E+02,+3.584400E+04,+5.867692E-01,+8.961500E-04,+9.910000E+37,+9.243340E+02,+3.584400E+04,-2.987033E+00,+0.000000E+00,+9.910000E+37,+9.244014E+02,+3.584400E+04
16:31:44,0e0,+5.936890E-01,+9.466500E-04,+9.910000E+37,+9.246230E+02,+3.584400E+04,+5.917762E-01,+9.466500E-04,+9.910000E+37,+9.246895E+02,+3.584400E+04,+5.924585E-01,+9.466500E-04,+9.910000E+37,+9.247568E+02,+3.584400E+04,-3.080105E+00,+0.000000E+00,+9.910000E+37,+9.248223E+02,+3.584400E+04
16:31:44,0e0,+6.004729E-01,+1.000000E-03,+9.910000E+37,+9.250430E+02,+3.584400E+04,+5.988787E-01,+1.000000E-03,+9.910000E+37,+9.251104E+02,+3.584400E+04,+6.005642E-01,+1.000000E-03,+9.910000E+37,+9.251758E+02,+3.584400E+04,-3.222616E+00,+0.000000E+00,+9.910000E+37,+9.252432E+02,+3.584400E+04
16:31:44,0e0,+5.934158E-01,+1.056500E-03,+9.910000E+37,+9.254756E+02,+3.584400E+04,+5.943722E-01,+1.056500E-03,+9.910000E+37,+9.255410E+02,+3.584400E+04,+5.930959E-01,+1.056500E-03,+9.910000E+37,+9.256084E+02,+3.584400E+04,-1.817696E+00,+0.000000E+00,+9.910000E+37,+9.256738E+02,+3.584400E+04
16:31:44,0e0,+5.995622E-01,+1.116000E-03,+9.910000E+37,+9.258994E+02,+3.584400E+04,+5.991982E-01,+1.116000E-03,+9.910000E+37,+9.259658E+02,+3.584400E+04,+6.003817E-01,+1.116000E-03,+9.910000E+37,+9.260332E+02,+3.584400E+04,-1.771984E+00,+0.000000E+00,+9.910000E+37,+9.260986E+02,+3.584400E+04
16:31:44,0e0,+6.063009E-01,+1.179000E-03,+9.910000E+37,+9.263281E+02,+3.584400E+04,+6.076213E-01,+1.179000E-03,+9.910000E+37,+9.263936E+02,+3.584400E+04,+6.058444E-01,+1.179000E-03,+9.910000E+37,+9.264609E+02,+3.584400E+04,-1.756548E+00,+0.000000E+00,+9.910000E+37,+9.265273E+02,+3.584400E+04
16:31:44,0e0,+6.129485E-01,+1.245000E-03,+9.910000E+37,+9.267500E+02,+3.584400E+04,+6.125377E-01,+1.245000E-03,+9.910000E+37,+9.268174E+02,+3.584400E+04,+6.136780E-01,+1.245000E-03,+9.910000E+37,+9.268828E+02,+3.584400E+04,-1.805995E+00,+0.000000E+00,+9.910000E+37,+9.269492E+02,+3.584400E+04
16:31:44,0e0,+6.198691E-01,+1.315500E-03,+9.910000E+37,+9.271797E+02,+3.584400E+04,+6.197777E-01,+1.315500E-03,+9.910000E+37,+9.272461E+02,+3.584400E+04,+6.196407E-01,+1.315500E-03,+9.910000E+37,+9.273125E+02,+3.584400E+04,-1.784776E+00,+0.000000E+00,+9.910000E+37,+9.273789E+02,+3.584400E+04
16:31:44,0e0,+6.252848E-01,+1.389500E-03,+9.910000E+37,+9.276133E+02,+3.584400E+04,+6.265169E-01,+1.389500E-03,+9.910000E+37,+9.276807E+02,+3.584400E+04,+6.261955E-01,+1.389500E-03,+9.910000E+37,+9.277461E+02,+3.584400E+04,-1.818882E+00,+0.000000E+00,+9.910000E+37,+9.278125E+02,+3.584400E+04
16:31:44,0e0,+6.337100E-01,+1.468000E-03,+9.910000E+37,+9.280410E+02,+3.584400E+04,+6.330242E-01,+1.468000E-03,+9.910000E+37,+9.281084E+02,+3.584400E+04,+6.339375E-01,+1.468000E-03,+9.910000E+37,+9.281738E+02,+3.584400E+04,-1.805218E+00,+0.000000E+00,+9.910000E+37,+9.282402E+02,+3.584400E+04
16:31:44,0e0,+6.410392E-01,+1.550500E-03,+9.910000E+37,+9.284629E+02,+3.584400E+04,+6.419954E-01,+1.550500E-03,+9.910000E+37,+9.285293E+02,+3.584400E+04,+6.398554E-01,+1.550500E-03,+9.910000E+37,+9.285947E+02,+3.584400E+04,-1.858083E+00,+0.000000E+00,+9.910000E+37,+9.286611E+02,+3.584400E+04
16:31:44,0e0,+6.485074E-01,+1.638000E-03,+9.910000E+37,+9.288877E+02,+3.584400E+04,+6.485500E-01,+1.638000E-03,+9.910000E+37,+9.289551E+02,+3.584400E+04,+6.475484E-01,+1.638000E-03,+9.910000E+37,+9.290205E+02,+3.584400E+04,-1.830991E+00,+0.000000E+00,+9.910000E+37,+9.290879E+02,+3.584400E+04
16:31:44,0e0,+6.560628E-01,+1.730000E-03,+9.910000E+37,+9.293135E+02,+3.584400E+04,+6.546514E-01,+1.730000E-03,+9.910000E+37,+9.293799E+02,+3.584400E+04,+6.555621E-01,+1.730000E-03,+9.910000E+37,+9.294463E+02,+3.584400E+04,-1.829626E+00,+0.000000E+00,+9.910000E+37,+9.295137E+02,+3.584400E+04
16:31:44,0e0,+6.633024E-01,+1.827500E-03,+9.910000E+37,+9.297373E+02,+3.584400E+04,+6.623002E-01,+1.827500E-03,+9.910000E+37,+9.298037E+02,+3.584400E+04,+6.629378E-01,+1.827500E-03,+9.910000E+37,+9.298701E+02,+3.584400E+04,-1.877248E+00,+0.000000E+00,+9.910000E+37,+9.299365E+02,+3.584400E+04
16:31:44,0e0,+6.694480E-01,+1.930500E-03,+9.910000E+37,+9.301650E+02,+3.584400E+04,+6.703135E-01,+1.930500E-03,+9.910000E+37,+9.302314E+02,+3.584400E+04,+6.697216E-01,+1.930500E-03,+9.910000E+37,+9.302979E+02,+3.584400E+04,-1.869054E+00,+0.000000E+00,+9.910000E+37,+9.303643E+02,+3.584400E+04
16:31:44,0e0,+6.781906E-01,+2.039500E-03,+9.910000E+37,+9.305908E+02,+3.584400E+04,+6.771427E-01,+2.039500E-03,+9.910000E+37,+9.306582E+02,+3.584400E+04,+6.785088E-01,+2.039500E-03,+9.910000E+37,+9.307236E+02,+3.584400E+04,-1.795612E+00,+0.000000E+00,+9.910000E+37,+9.307900E+02,+3.584400E+04
16:31:44,0e0,+6.842906E-01,+2.154500E-03,+9.910000E+37,+9.310195E+02,+3.584400E+04,+6.850635E-01,+2.154500E-03,+9.910000E+37,+9.310850E+02,+3.584400E+04,+6.853393E-01,+2.154500E-03,+9.910000E+37,+9.311514E+02,+3.584400E+04,-1.848790E+00,+0.000000E+00,+9.910000E+37,+9.312178E+02,+3.584400E+04
16:31:44,0e0,+6.920289E-01,+2.276000E-03,+9.910000E+37,+9.314443E+02,+3.584400E+04,+6.926222E-01,+2.276000E-03,+9.910000E+37,+9.315117E+02,+3.584400E+04,+6.922563E-01,+2.276000E-03,+9.910000E+37,+9.315781E+02,+3.584400E+04,-1.803944E+00,+0.000000E+00,+9.910000E+37,+9.316436E+02,+3.584400E+04
16:31:44,0e0,+7.009084E-01,+2.404000E-03,+9.910000E+37,+9.318682E+02,+3.584400E+04,+7.011349E-01,+2.404000E-03,+9.910000E+37,+9.319355E+02,+3.584400E+04,+7.004995E-01,+2.404000E-03,+9.910000E+37,+9.320010E+02,+3.584400E+04,-1.858720E+00,+0.000000E+00,+9.910000E+37,+9.320674E+02,+3.584400E+04
16:31:44,0e0,+7.094682E-01,+2.539500E-03,+9.910000E+37,+9.322939E+02,+3.584400E+04,+7.091492E-01,+2.539500E-03,+9.910000E+37,+9.323613E+02,+3.584400E+04,+7.098322E-01,+2.539500E-03,+9.910000E+37,+9.324268E+02,+3.584400E+04,-1.808546E+00,+0.000000E+00,+9.910000E+37,+9.324932E+02,+3.584400E+04
16:31:44,0e0,+7.181194E-01,+2.682500E-03,+9.910000E+37,+9.327266E+02,+3.584400E+04,+7.162501E-01,+2.682500E-03,+9.910000E+37,+9.327930E+02,+3.584400E+04,+7.172983E-01,+2.682500E-03,+9.910000E+37,+9.328604E+02,+3.584400E+04,-1.804355E+00,+0.000000E+00,+9.910000E+37,+9.329277E+02,+3.584400E+04
16:31:44,0e0,+7.260857E-01,+2.834000E-03,+9.910000E+37,+9.331553E+02,+3.584400E+04,+7.258601E-01,+2.834000E-03,+9.910000E+37,+9.332217E+02,+3.584400E+04,+7.258120E-01,+2.834000E-03,+9.910000E+37,+9.332871E+02,+3.584400E+04,-1.830032E+00,+0.000000E+00,+9.910000E+37,+9.333535E+02,+3.584400E+04
16:31:44,0e0,+7.340064E-01,+2.993500E-03,+9.910000E+37,+9.335801E+02,+3.584400E+04,+7.341897E-01,+2.993500E-03,+9.910000E+37,+9.336475E+02,+3.584400E+04,+7.337820E-01,+2.993500E-03,+9.910000E+37,+9.337148E+02,+3.584400E+04,-1.846472E+00,+0.000000E+00,+9.910000E+37,+9.337822E+02,+3.584400E+04
16:31:44,0e0,+7.423834E-01,+3.162500E-03,+9.910000E+37,+9.340068E+02,+3.584400E+04,+7.434759E-01,+3.162500E-03,+9.910000E+37,+9.340732E+02,+3.584400E+04,+7.436131E-01,+3.162500E-03,+9.910000E+37,+9.341406E+02,+3.584400E+04,-1.829122E+00,+0.000000E+00,+9.910000E+37,+9.342070E+02,+3.584400E+04
16:31:44,0e0,+7.524465E-01,+3.340500E-03,+9.910000E+37,+9.344316E+02,+3.584400E+04,+7.521754E-01,+3.340500E-03,+9.910000E+37,+9.344971E+02,+3.584400E+04,+7.515354E-01,+3.340500E-03,+9.910000E+37,+9.345635E+02,+3.584400E+04,-1.798935E+00,+0.000000E+00,+9.910000E+37,+9.346309E+02,+3.584400E+04
16:31:44,0e0,+7.617812E-01,+3.528500E-03,+9.910000E+37,+9.348594E+02,+3.584400E+04,+7.599121E-01,+3.528500E-03,+9.910000E+37,+9.349268E+02,+3.584400E+04,+7.605522E-01,+3.528500E-03,+9.910000E+37,+9.349922E+02,+3.584400E+04,-1.785642E+00,+0.000000E+00,+9.910000E+37,+9.350586E+02,+3.584400E+04
16:31:44,0e0,+7.700678E-01,+3.727500E-03,+9.910000E+37,+9.352813E+02,+3.584400E+04,+7.698383E-01,+3.727500E-03,+9.910000E+37,+9.353477E+02,+3.584400E+04,+7.701118E-01,+3.727500E-03,+9.910000E+37,+9.354141E+02,+3.584400E+04,-1.835864E+00,+0.000000E+00,+9.910000E+37,+9.354805E+02,+3.584400E+04
16:31:44,0e0,+7.794907E-01,+3.937500E-03,+9.910000E+37,+9.357051E+02,+3.584400E+04,+7.786242E-01,+3.937500E-03,+9.910000E+37,+9.357715E+02,+3.584400E+04,+7.775769E-01,+3.937500E-03,+9.910000E+37,+9.358389E+02,+3.584400E+04,-1.805449E+00,+0.000000E+00,+9.910000E+37,+9.359043E+02,+3.584400E+04
16:31:44,0e0,+7.881424E-01,+4.159500E-03,+9.910000E+37,+9.361289E+02,+3.584400E+04,+7.877759E-01,+4.159500E-03,+9.910000E+37,+9.361953E+02,+3.584400E+04,+7.878668E-01,+4.159500E-03,+9.910000E+37,+9.362627E+02,+3.584400E+04,-1.857583E+00,+0.000000E+00,+9.910000E+37,+9.363301E+02,+3.584400E+04
16:31:44,0e0,+7.987956E-01,+4.394000E-03,+9.910000E+37,+9.365576E+02,+3.584400E+04,+7.978848E-01,+4.394000E-03,+9.910000E+37,+9.366230E+02,+3.584400E+04,+7.989774E-01,+4.394000E-03,+9.910000E+37,+9.366895E+02,+3.584400E+04,-1.822204E+00,+0.000000E+00,+9.910000E+37,+9.367559E+02,+3.584400E+04
16:31:44,0e0,+8.077182E-01,+4.641500E-03,+9.910000E+37,+9.369824E+02,+3.584400E+04,+8.075360E-01,+4.641500E-03,+9.910000E+37,+9.370498E+02,+3.584400E+04,+8.076727E-01,+4.641500E-03,+9.910000E+37,+9.371152E+02,+3.584400E+04,-1.821885E+00,+0.000000E+00,+9.910000E+37,+9.371816E+02,+3.584400E+04
16:31:44,0e0,+8.173705E-01,+4.903000E-03,+9.910000E+37,+9.374053E+02,+3.584400E+04,+8.173705E-01,+4.903000E-03,+9.910000E+37,+9.374727E+02,+3.584400E+04,+8.160024E-01,+4.903000E-03,+9.910000E+37,+9.375400E+02,+3.584400E+04,-1.833359E+00,+0.000000E+00,+9.910000E+37,+9.376055E+02,+3.584400E+04
16:31:44,0e0,+8.280717E-01,+5.179500E-03,+9.910000E+37,+9.378350E+02,+3.584400E+04,+8.280222E-01,+5.179500E-03,+9.910000E+37,+9.379004E+02,+3.584400E+04,+8.275681E-01,+5.179500E-03,+9.910000E+37,+9.379668E+02,+3.584400E+04,-1.867461E+00,+0.000000E+00,+9.910000E+37,+9.380342E+02,+3.584400E+04
16:31:44,0e0,+8.364000E-01,+5.471500E-03,+9.910000E+37,+9.382617E+02,+3.584400E+04,+8.365372E-01,+5.471500E-03,+9.910000E+37,+9.383281E+02,+3.584400E+04,+8.363996E-01,+5.471500E-03,+9.910000E+37,+9.383955E+02,+3.584400E+04,-1.816055E+00,+0.000000E+00,+9.910000E+37,+9.384609E+02,+3.584400E+04
16:31:44,0e0,+8.470552E-01,+5.779500E-03,+9.910000E+37,+9.386904E+02,+3.584400E+04,+8.478291E-01,+5.779500E-03,+9.910000E+37,+9.387578E+02,+3.584400E+04,+8.469625E-01,+5.779500E-03,+9.910000E+37,+9.388242E+02,+3.584400E+04,-1.861631E+00,+0.000000E+00,+9.910000E+37,+9.388906E+02,+3.584400E+04
16:31:44,0e0,+8.573890E-01,+6.105500E-03,+9.910000E+37,+9.391162E+02,+3.584400E+04,+8.585736E-01,+6.105500E-03,+9.910000E+37,+9.391816E+02,+3.584400E+04,+8.586633E-01,+6.105500E-03,+9.910000E+37,+9.392480E+02,+3.584400E+04,-1.829942E+00,+0.000000E+00,+9.910000E+37,+9.393145E+02,+3.584400E+04
16:31:44,0e0,+8.695027E-01,+6.449500E-03,+9.910000E+37,+9.395439E+02,+3.584400E+04,+8.685439E-01,+6.449500E-03,+9.910000E+37,+9.396094E+02,+3.584400E+04,+8.687241E-01,+6.449500E-03,+9.910000E+37,+9.396758E+02,+3.584400E+04,-1.836910E+00,+0.000000E+00,+9.910000E+37,+9.397422E+02,+3.584400E+04
16:31:44,0e0,+8.798807E-01,+6.813000E-03,+9.910000E+37,+9.399678E+02,+3.584400E+04,+8.774210E-01,+6.813000E-03,+9.910000E+37,+9.400352E+02,+3.584400E+04,+8.793349E-01,+6.813000E-03,+9.910000E+37,+9.401025E+02,+3.584400E+04,-1.833311E+00,+0.000000E+00,+9.910000E+37,+9.401680E+02,+3.584400E+04
16:31:44,0e0,+8.920367E-01,+7.197000E-03,+9.910000E+37,+9.403955E+02,+3.584400E+04,+8.902177E-01,+7.197000E-03,+9.910000E+37,+9.404619E+02,+3.584400E+04,+8.902150E-01,+7.197000E-03,+9.910000E+37,+9.405293E+02,+3.584400E+04,-1.838232E+00,+0.000000E+00,+9.910000E+37,+9.405967E+02,+3.584400E+04
16:31:44,0e0,+9.029638E-01,+7.602500E-03,+9.910000E+37,+9.408184E+02,+3.584400E+04,+9.004136E-01,+7.602500E-03,+9.910000E+37,+9.408848E+02,+3.584400E+04,+9.010973E-01,+7.602500E-03,+9.910000E+37,+9.409512E+02,+3.584400E+04,-1.815692E+00,+0.000000E+00,+9.910000E+37,+9.410176E+02,+3.584400E+04
16:31:44,0e0,+9.124788E-01,+8.031000E-03,+9.910000E+37,+9.412480E+02,+3.584400E+04,+9.117502E-01,+8.031000E-03,+9.910000E+37,+9.413135E+02,+3.584400E+04,+9.116127E-01,+8.031000E-03,+9.910000E+37,+9.413809E+02,+3.584400E+04,-1.769204E+00,+0.000000E+00,+9.910000E+37,+9.414463E+02,+3.584400E+04
16:31:44,0e0,+9.238607E-01,+8.483500E-03,+9.910000E+37,+9.416729E+02,+3.584400E+04,+9.246353E-01,+8.483500E-03,+9.910000E+37,+9.417393E+02,+3.584400E+04,+9.241797E-01,+8.483500E-03,+9.910000E+37,+9.418066E+02,+3.584400E+04,-1.818424E+00,+0.000000E+00,+9.910000E+37,+9.418721E+02,+3.584400E+04
16:31:44,0e0,+9.349703E-01,+8.961500E-03,+9.910000E+37,+9.420957E+02,+3.584400E+04,+9.347886E-01,+8.961500E-03,+9.910000E+37,+9.421621E+02,+3.584400E+04,+9.352893E-01,+8.961500E-03,+9.910000E+37,+9.422295E+02,+3.584400E+04,-1.801711E+00,+0.000000E+00,+9.910000E+37,+9.422969E+02,+3.584400E+04
16:31:44,0e0,+9.472181E-01,+9.466500E-03,+9.910000E+37,+9.425225E+02,+3.584400E+04,+9.457135E-01,+9.466500E-03,+9.910000E+37,+9.425898E+02,+3.584400E+04,+9.450302E-01,+9.466500E-03,+9.910000E+37,+9.426572E+02,+3.584400E+04,-1.782499E+00,+0.000000E+00,+9.910000E+37,+9.427227E+02,+3.584400E+04
