14:49:09,0e0,+4.544422E-03,+1.000000E-07,+9.910000E+37,+5.665947E+03,+3.584400E+04,+5.455494E-03,+1.000000E-07,+9.910000E+37,+5.666015E+03,+3.584400E+04,+4.727274E-03,+1.000000E-07,+9.910000E+37,+5.666081E+03,+3.584400E+04,-7.975504E-03,+0.000000E+00,+9.910000E+37,+5.666147E+03,+3.584400E+04
14:49:09,0e0,+6.411344E-03,+1.056500E-07,+9.910000E+37,+5.666370E+03,+3.584400E+04,+4.680991E-03,+1.056500E-07,+9.910000E+37,+5.666437E+03,+3.584400E+04,+5.910560E-03,+1.056500E-07,+9.910000E+37,+5.666503E+03,+3.584400E+04,-7.247075E-03,+0.000000E+00,+9.910000E+37,+5.666569E+03,+3.584400E+04
14:49:09,0e0,+6.183937E-03,+1.116000E-07,+9.910000E+37,+5.666796E+03,+3.584400E+04,+7.322267E-03,+1.116000E-07,+9.910000E+37,+5.666863E+03,+3.584400E+04,+5.774006E-03,+1.116000E-07,+9.910000E+37,+5.666930E+03,+3.584400E+04,-7.338032E-03,+0.000000E+00,+9.910000E+37,+5.666997E+03,+3.584400E+04
14:49:09,0e0,+5.728453E-03,+1.179000E-07,+9.910000E+37,+5.667222E+03,+3.584400E+04,+6.274462E-03,+1.179000E-07,+9.910000E+37,+5.667288E+03,+3.584400E+04,+7.276356E-03,+1.179000E-07,+9.910000E+37,+5.667354E+03,+3.584400E+04,-8.066416E-03,+0.000000E+00,+9.910000E+37,+5.667421E+03,+3.584400E+04
14:49:09,0e0,+7.048503E-03,+1.245000E-07,+9.910000E+37,+5.667645E+03,+3.584400E+04,+8.141384E-03,+1.245000E-07,+9.910000E+37,+5.667712E+03,+3.584400E+04,+7.276267E-03,+1.245000E-07,+9.910000E+37,+5.667779E+03,+3.584400E+04,-7.838815E-03,+0.000000E+00,+9.910000E+37,+5.667846E+03,+3.584400E+04
14:49:09,0e0,+8.414462E-03,+1.315500E-07,+9.910000E+37,+5.668071E+03,+3.584400E+04,+8.687645E-03,+1.315500E-07,+9.910000E+37,+5.668138E+03,+3.584400E+04,+8.824408E-03,+1.315500E-07,+9.910000E+37,+5.668204E+03,+3.584400E+04,-7.155880E-03,+0.000000E+00,+9.910000E+37,+5.668271E+03,+3.584400E+04
14:49:09,0e0,+9.689331E-03,+1.389500E-07,+9.910000E+37,+5.668495E+03,+3.584400E+04,+1.050918E-02,+1.389500E-07,+9.910000E+37,+5.668562E+03,+3.584400E+04,+1.123783E-02,+1.389500E-07,+9.910000E+37,+5.668629E+03,+3.584400E+04,-7.383421E-03,+0.000000E+00,+9.910000E+37,+5.668696E+03,+3.584400E+04
14:49:09,0e0,+1.055437E-02,+1.468000E-07,+9.910000E+37,+5.668921E+03,+3.584400E+04,+1.019047E-02,+1.468000E-07,+9.910000E+37,+5.668988E+03,+3.584400E+04,+1.260355E-02,+1.468000E-07,+9.910000E+37,+5.669054E+03,+3.584400E+04,-7.656619E-03,+0.000000E+00,+9.910000E+37,+5.669120E+03,+3.584400E+04
14:49:09,0e0,+1.059948E-02,+1.550500E-07,+9.910000E+37,+5.669345E+03,+3.584400E+04,+1.169269E-02,+1.550500E-07,+9.910000E+37,+5.669411E+03,+3.584400E+04,+1.087286E-02,+1.550500E-07,+9.910000E+37,+5.669478E+03,+3.584400E+04,-7.201090E-03,+0.000000E+00,+9.910000E+37,+5.669544E+03,+3.584400E+04
14:49:09,0e0,+1.223896E-02,+1.638000E-07,+9.910000E+37,+5.669770E+03,+3.584400E+04,+1.415151E-02,+1.638000E-07,+9.910000E+37,+5.669836E+03,+3.584400E+04,+1.328641E-02,+1.638000E-07,+9.910000E+37,+5.669902E+03,+3.584400E+04,-7.292807E-03,+0.000000E+00,+9.910000E+37,+5.669970E+03,+3.584400E+04
14:49:09,0e0,+1.378679E-02,+1.730000E-07,+9.910000E+37,+5.670193E+03,+3.584400E+04,+1.492536E-02,+1.730000E-07,+9.910000E+37,+5.670260E+03,+3.584400E+04,+1.437864E-02,+1.730000E-07,+9.910000E+37,+5.670326E+03,+3.584400E+04,-7.748067E-03,+0.000000E+00,+9.910000E+37,+5.670394E+03,+3.584400E+04
14:49:09,0e0,+1.528920E-02,+1.827500E-07,+9.910000E+37,+5.670617E+03,+3.584400E+04,+1.506160E-02,+1.827500E-07,+9.910000E+37,+5.670684E+03,+3.584400E+04,+1.460636E-02,+1.827500E-07,+9.910000E+37,+5.670750E+03,+3.584400E+04,-7.338196E-03,+0.000000E+00,+9.910000E+37,+5.670817E+03,+3.584400E+04
14:49:09,0e0,+1.569891E-02,+1.930500E-07,+9.910000E+37,+5.671042E+03,+3.584400E+04,+1.615432E-02,+1.930500E-07,+9.910000E+37,+5.671109E+03,+3.584400E+04,+1.547137E-02,+1.930500E-07,+9.910000E+37,+5.671176E+03,+3.584400E+04,-6.837279E-03,+0.000000E+00,+9.910000E+37,+5.671241E+03,+3.584400E+04
14:49:09,0e0,+1.797536E-02,+2.039500E-07,+9.910000E+37,+5.671468E+03,+3.584400E+04,+1.656429E-02,+2.039500E-07,+9.910000E+37,+5.671533E+03,+3.584400E+04,+1.692830E-02,+2.039500E-07,+9.910000E+37,+5.671600E+03,+3.584400E+04,-7.702187E-03,+0.000000E+00,+9.910000E+37,+5.671666E+03,+3.584400E+04
14:49:09,0e0,+1.833948E-02,+2.154500E-07,+9.910000E+37,+5.671893E+03,+3.584400E+04,+1.765697E-02,+2.154500E-07,+9.910000E+37,+5.671959E+03,+3.584400E+04,+1.829386E-02,+2.154500E-07,+9.910000E+37,+5.672025E+03,+3.584400E+04,-7.429123E-03,+0.000000E+00,+9.910000E+37,+5.672091E+03,+3.584400E+04
14:49:09,0e0,+1.993307E-02,+2.276000E-07,+9.910000E+37,+5.672314E+03,+3.584400E+04,+2.016051E-02,+2.276000E-07,+9.910000E+37,+5.672382E+03,+3.584400E+04,+1.988779E-02,+2.276000E-07,+9.910000E+37,+5.672449E+03,+3.584400E+04,-8.294150E-03,+0.000000E+00,+9.910000E+37,+5.672515E+03,+3.584400E+04
14:49:09,0e0,+2.111670E-02,+2.404000E-07,+9.910000E+37,+5.672740E+03,+3.584400E+04,+2.070710E-02,+2.404000E-07,+9.910000E+37,+5.672807E+03,+3.584400E+04,+2.257396E-02,+2.404000E-07,+9.910000E+37,+5.672873E+03,+3.584400E+04,-8.248597E-03,+0.000000E+00,+9.910000E+37,+5.672939E+03,+3.584400E+04
14:49:09,0e0,+2.293797E-02,+2.539500E-07,+9.910000E+37,+5.673163E+03,+3.584400E+04,+2.330229E-02,+2.539500E-07,+9.910000E+37,+5.673229E+03,+3.584400E+04,+2.239157E-02,+2.539500E-07,+9.910000E+37,+5.673296E+03,+3.584400E+04,-7.565454E-03,+0.000000E+00,+9.910000E+37,+5.673362E+03,+3.584400E+04
14:49:09,0e0,+2.325632E-02,+2.682500E-07,+9.910000E+37,+5.673587E+03,+3.584400E+04,+2.466834E-02,+2.682500E-07,+9.910000E+37,+5.673653E+03,+3.584400E+04,+2.525976E-02,+2.682500E-07,+9.910000E+37,+5.673720E+03,+3.584400E+04,-8.293986E-03,+0.000000E+00,+9.910000E+37,+5.673786E+03,+3.584400E+04
14:49:09,0e0,+2.689847E-02,+2.834000E-07,+9.910000E+37,+5.674012E+03,+3.584400E+04,+2.548732E-02,+2.834000E-07,+9.910000E+37,+5.674078E+03,+3.584400E+04,+2.744514E-02,+2.834000E-07,+9.910000E+37,+5.674146E+03,+3.584400E+04,-7.611141E-03,+0.000000E+00,+9.910000E+37,+5.674212E+03,+3.584400E+04
14:49:09,0e0,+2.931163E-02,+2.993500E-07,+9.910000E+37,+5.674435E+03,+3.584400E+04,+2.931157E-02,+2.993500E-07,+9.910000E+37,+5.674502E+03,+3.584400E+04,+2.799121E-02,+2.993500E-07,+9.910000E+37,+5.674568E+03,+3.584400E+04,-8.339331E-03,+0.000000E+00,+9.910000E+37,+5.674635E+03,+3.584400E+04
14:49:09,0e0,+3.099626E-02,+3.162500E-07,+9.910000E+37,+5.674859E+03,+3.584400E+04,+3.022221E-02,+3.162500E-07,+9.910000E+37,+5.674926E+03,+3.584400E+04,+3.067756E-02,+3.162500E-07,+9.910000E+37,+5.674993E+03,+3.584400E+04,-8.794948E-03,+0.000000E+00,+9.910000E+37,+5.675060E+03,+3.584400E+04
14:49:09,0e0,+3.286269E-02,+3.340500E-07,+9.910000E+37,+5.675284E+03,+3.584400E+04,+3.336412E-02,+3.340500E-07,+9.910000E+37,+5.675351E+03,+3.584400E+04,+3.345498E-02,+3.340500E-07,+9.910000E+37,+5.675418E+03,+3.584400E+04,-9.022772E-03,+0.000000E+00,+9.910000E+37,+5.675484E+03,+3.584400E+04
14:49:09,0e0,+3.527576E-02,+3.528500E-07,+9.910000E+37,+5.675708E+03,+3.584400E+04,+3.477493E-02,+3.528500E-07,+9.910000E+37,+5.675775E+03,+3.584400E+04,+3.523082E-02,+3.528500E-07,+9.910000E+37,+5.675842E+03,+3.584400E+04,-7.929936E-03,+0.000000E+00,+9.910000E+37,+5.675907E+03,+3.584400E+04
14:49:09,0e0,+3.859913E-02,+3.727500E-07,+9.910000E+37,+5.676133E+03,+3.584400E+04,+3.800780E-02,+3.727500E-07,+9.910000E+37,+5.676200E+03,+3.584400E+04,+3.659648E-02,+3.727500E-07,+9.910000E+37,+5.676267E+03,+3.584400E+04,-8.021086E-03,+0.000000E+00,+9.910000E+37,+5.676334E+03,+3.584400E+04
14:49:09,0e0,+3.950992E-02,+3.937500E-07,+9.910000E+37,+5.676560E+03,+3.584400E+04,+3.978339E-02,+3.937500E-07,+9.910000E+37,+5.676626E+03,+3.584400E+04,+3.991976E-02,+3.937500E-07,+9.910000E+37,+5.676692E+03,+3.584400E+04,-7.201433E-03,+0.000000E+00,+9.910000E+37,+5.676759E+03,+3.584400E+04
14:49:09,0e0,+4.205969E-02,+4.159500E-07,+9.910000E+37,+5.676984E+03,+3.584400E+04,+4.260567E-02,+4.159500E-07,+9.910000E+37,+5.677051E+03,+3.584400E+04,+4.265127E-02,+4.159500E-07,+9.910000E+37,+5.677118E+03,+3.584400E+04,-7.884517E-03,+0.000000E+00,+9.910000E+37,+5.677185E+03,+3.584400E+04
14:49:09,0e0,+4.520100E-02,+4.394000E-07,+9.910000E+37,+5.677409E+03,+3.584400E+04,+4.488248E-02,+4.394000E-07,+9.910000E+37,+5.677477E+03,+3.584400E+04,+4.542860E-02,+4.394000E-07,+9.910000E+37,+5.677543E+03,+3.584400E+04,-9.296417E-03,+0.000000E+00,+9.910000E+37,+5.677609E+03,+3.584400E+04
14:49:09,0e0,+4.902509E-02,+4.641500E-07,+9.910000E+37,+5.677834E+03,+3.584400E+04,+4.811510E-02,+4.641500E-07,+9.910000E+37,+5.677901E+03,+3.584400E+04,+4.761398E-02,+4.641500E-07,+9.910000E+37,+5.677969E+03,+3.584400E+04,-8.157551E-03,+0.000000E+00,+9.910000E+37,+5.678035E+03,+3.584400E+04
14:49:09,0e0,+5.212101E-02,+4.903000E-07,+9.910000E+37,+5.678259E+03,+3.584400E+04,+5.070964E-02,+4.903000E-07,+9.910000E+37,+5.678325E+03,+3.584400E+04,+5.203059E-02,+4.903000E-07,+9.910000E+37,+5.678392E+03,+3.584400E+04,-8.066431E-03,+0.000000E+00,+9.910000E+37,+5.678459E+03,+3.584400E+04
14:49:09,0e0,+5.376029E-02,+5.179500E-07,+9.910000E+37,+5.678684E+03,+3.584400E+04,+5.426094E-02,+5.179500E-07,+9.910000E+37,+5.678750E+03,+3.584400E+04,+5.553579E-02,+5.179500E-07,+9.910000E+37,+5.678816E+03,+3.584400E+04,-8.066535E-03,+0.000000E+00,+9.910000E+37,+5.678884E+03,+3.584400E+04
14:49:09,0e0,+5.890489E-02,+5.471500E-07,+9.910000E+37,+5.679109E+03,+3.584400E+04,+5.844948E-02,+5.471500E-07,+9.910000E+37,+5.679177E+03,+3.584400E+04,+5.813140E-02,+5.471500E-07,+9.910000E+37,+5.679243E+03,+3.584400E+04,-8.203074E-03,+0.000000E+00,+9.910000E+37,+5.679309E+03,+3.584400E+04
14:49:09,0e0,+6.159121E-02,+5.779500E-07,+9.910000E+37,+5.679534E+03,+3.584400E+04,+6.186441E-02,+5.779500E-07,+9.910000E+37,+5.679601E+03,+3.584400E+04,+6.245634E-02,+5.779500E-07,+9.910000E+37,+5.679667E+03,+3.584400E+04,-7.520109E-03,+0.000000E+00,+9.910000E+37,+5.679733E+03,+3.584400E+04
14:49:09,0e0,+6.632608E-02,+6.105500E-07,+9.910000E+37,+5.679958E+03,+3.584400E+04,+6.582525E-02,+6.105500E-07,+9.910000E+37,+5.680024E+03,+3.584400E+04,+6.564283E-02,+6.105500E-07,+9.910000E+37,+5.680091E+03,+3.584400E+04,-8.886397E-03,+0.000000E+00,+9.910000E+37,+5.680157E+03,+3.584400E+04
14:49:09,0e0,+6.964949E-02,+6.449500E-07,+9.910000E+37,+5.680380E+03,+3.584400E+04,+6.974068E-02,+6.449500E-07,+9.910000E+37,+5.680446E+03,+3.584400E+04,+6.905764E-02,+6.449500E-07,+9.910000E+37,+5.680514E+03,+3.584400E+04,-8.294031E-03,+0.000000E+00,+9.910000E+37,+5.680579E+03,+3.584400E+04
14:49:09,0e0,+7.383797E-02,+6.813000E-07,+9.910000E+37,+5.680806E+03,+3.584400E+04,+7.265413E-02,+6.813000E-07,+9.910000E+37,+5.680872E+03,+3.584400E+04,+7.442993E-02,+6.813000E-07,+9.910000E+37,+5.680938E+03,+3.584400E+04,-7.702261E-03,+0.000000E+00,+9.910000E+37,+5.681005E+03,+3.584400E+04
14:49:09,0e0,+7.670552E-02,+7.197000E-07,+9.910000E+37,+5.681229E+03,+3.584400E+04,+7.798186E-02,+7.197000E-07,+9.910000E+37,+5.681295E+03,+3.584400E+04,+7.743445E-02,+7.197000E-07,+9.910000E+37,+5.681361E+03,+3.584400E+04,-7.383302E-03,+0.000000E+00,+9.910000E+37,+5.681428E+03,+3.584400E+04
14:49:09,0e0,+8.248815E-02,+7.602500E-07,+9.910000E+37,+5.681652E+03,+3.584400E+04,+8.216938E-02,+7.602500E-07,+9.910000E+37,+5.681719E+03,+3.584400E+04,+8.385432E-02,+7.602500E-07,+9.910000E+37,+5.681785E+03,+3.584400E+04,-7.747799E-03,+0.000000E+00,+9.910000E+37,+5.681852E+03,+3.584400E+04
14:49:09,0e0,+8.772379E-02,+8.031000E-07,+9.910000E+37,+5.682078E+03,+3.584400E+04,+8.822498E-02,+8.031000E-07,+9.910000E+37,+5.682146E+03,+3.584400E+04,+8.772403E-02,+8.031000E-07,+9.910000E+37,+5.682211E+03,+3.584400E+04,-8.157790E-03,+0.000000E+00,+9.910000E+37,+5.682277E+03,+3.584400E+04
14:49:09,0e0,+9.250423E-02,+8.483500E-07,+9.910000E+37,+5.682502E+03,+3.584400E+04,+9.282330E-02,+8.483500E-07,+9.910000E+37,+5.682568E+03,+3.584400E+04,+9.209427E-02,+8.483500E-07,+9.910000E+37,+5.682636E+03,+3.584400E+04,-8.111790E-03,+0.000000E+00,+9.910000E+37,+5.682702E+03,+3.584400E+04
14:49:09,0e0,+9.728441E-02,+8.961500E-07,+9.910000E+37,+5.682927E+03,+3.584400E+04,+9.746668E-02,+8.961500E-07,+9.910000E+37,+5.682993E+03,+3.584400E+04,+9.792233E-02,+8.961500E-07,+9.910000E+37,+5.683060E+03,+3.584400E+04,-7.747531E-03,+0.000000E+00,+9.910000E+37,+5.683126E+03,+3.584400E+04
14:49:09,0e0,+1.036585E-01,+9.466500E-07,+9.910000E+37,+5.683352E+03,+3.584400E+04,+1.032941E-01,+9.466500E-07,+9.910000E+37,+5.683418E+03,+3.584400E+04,+1.022927E-01,+9.466500E-07,+9.910000E+37,+5.683484E+03,+3.584400E+04,-8.339912E-03,+0.000000E+00,+9.910000E+37,+5.683552E+03,+3.584400E+04
14:49:09,0e0,+1.095319E-01,+1.000000E-06,+9.910000E+37,+5.683773E+03,+3.584400E+04,+1.083481E-01,+1.000000E-06,+9.910000E+37,+5.683841E+03,+3.584400E+04,+1.096232E-01,+1.000000E-06,+9.910000E+37,+5.683908E+03,+3.584400E+04,-8.020923E-03,+0.000000E+00,+9.910000E+37,+5.683975E+03,+3.584400E+04
14:49:09,0e0,+1.027937E-01,+1.056500E-06,+9.910000E+37,+5.684198E+03,+3.584400E+04,+1.032946E-01,+1.056500E-06,+9.910000E+37,+5.684264E+03,+3.584400E+04,+1.016097E-01,+1.056500E-06,+9.910000E+37,+5.684331E+03,+3.584400E+04,-7.975161E-03,+0.000000E+00,+9.910000E+37,+5.684398E+03,+3.584400E+04
14:49:09,0e0,+1.078928E-01,+1.116000E-06,+9.910000E+37,+5.684624E+03,+3.584400E+04,+1.075283E-01,+1.116000E-06,+9.910000E+37,+5.684690E+03,+3.584400E+04,+1.087122E-01,+1.116000E-06,+9.910000E+37,+5.684758E+03,+3.584400E+04,-8.020744E-03,+0.000000E+00,+9.910000E+37,+5.684825E+03,+3.584400E+04
14:49:09,0e0,+1.134012E-01,+1.179000E-06,+9.910000E+37,+5.685051E+03,+3.584400E+04,+1.144941E-01,+1.179000E-06,+9.910000E+37,+5.685117E+03,+3.584400E+04,+1.144035E-01,+1.179000E-06,+9.910000E+37,+5.685184E+03,+3.584400E+04,-8.430630E-03,+0.000000E+00,+9.910000E+37,+5.685251E+03,+3.584400E+04
14:49:09,0e0,+1.209134E-01,+1.245000E-06,+9.910000E+37,+5.685473E+03,+3.584400E+04,+1.202311E-01,+1.245000E-06,+9.910000E+37,+5.685539E+03,+3.584400E+04,+1.213235E-01,+1.245000E-06,+9.910000E+37,+5.685606E+03,+3.584400E+04,-9.386986E-03,+0.000000E+00,+9.910000E+37,+5.685674E+03,+3.584400E+04
14:49:09,0e0,+1.279249E-01,+1.315500E-06,+9.910000E+37,+5.685895E+03,+3.584400E+04,+1.269684E-01,+1.315500E-06,+9.910000E+37,+5.685962E+03,+3.584400E+04,+1.276060E-01,+1.315500E-06,+9.910000E+37,+5.686027E+03,+3.584400E+04,-9.705991E-03,+0.000000E+00,+9.910000E+37,+5.686094E+03,+3.584400E+04
14:49:09,0e0,+1.356645E-01,+1.389500E-06,+9.910000E+37,+5.686318E+03,+3.584400E+04,+1.341167E-01,+1.389500E-06,+9.910000E+37,+5.686385E+03,+3.584400E+04,+1.345267E-01,+1.389500E-06,+9.910000E+37,+5.686451E+03,+3.584400E+04,-8.612543E-03,+0.000000E+00,+9.910000E+37,+5.686519E+03,+3.584400E+04
14:49:09,0e0,+1.421300E-01,+1.468000E-06,+9.910000E+37,+5.686745E+03,+3.584400E+04,+1.420842E-01,+1.468000E-06,+9.910000E+37,+5.686812E+03,+3.584400E+04,+1.408543E-01,+1.468000E-06,+9.910000E+37,+5.686878E+03,+3.584400E+04,-8.111909E-03,+0.000000E+00,+9.910000E+37,+5.686945E+03,+3.584400E+04
14:49:09,0e0,+1.482302E-01,+1.550500E-06,+9.910000E+37,+5.687170E+03,+3.584400E+04,+1.496416E-01,+1.550500E-06,+9.910000E+37,+5.687236E+03,+3.584400E+04,+1.510530E-01,+1.550500E-06,+9.910000E+37,+5.687304E+03,+3.584400E+04,-9.295717E-03,+0.000000E+00,+9.910000E+37,+5.687371E+03,+3.584400E+04
14:49:09,0e0,+1.578366E-01,+1.638000E-06,+9.910000E+37,+5.687598E+03,+3.584400E+04,+1.569714E-01,+1.638000E-06,+9.910000E+37,+5.687663E+03,+3.584400E+04,+1.577916E-01,+1.638000E-06,+9.910000E+37,+5.687729E+03,+3.584400E+04,-8.203015E-03,+0.000000E+00,+9.910000E+37,+5.687797E+03,+3.584400E+04
14:49:09,0e0,+1.657138E-01,+1.730000E-06,+9.910000E+37,+5.688023E+03,+3.584400E+04,+1.667602E-01,+1.730000E-06,+9.910000E+37,+5.688090E+03,+3.584400E+04,+1.661680E-01,+1.730000E-06,+9.910000E+37,+5.688156E+03,+3.584400E+04,-7.975444E-03,+0.000000E+00,+9.910000E+37,+5.688222E+03,+3.584400E+04
14:49:09,0e0,+1.739985E-01,+1.827500E-06,+9.910000E+37,+5.688446E+03,+3.584400E+04,+1.747731E-01,+1.827500E-06,+9.910000E+37,+5.688514E+03,+3.584400E+04,+1.750913E-01,+1.827500E-06,+9.910000E+37,+5.688580E+03,+3.584400E+04,-8.749142E-03,+0.000000E+00,+9.910000E+37,+5.688646E+03,+3.584400E+04
14:49:09,0e0,+1.844247E-01,+1.930500E-06,+9.910000E+37,+5.688870E+03,+3.584400E+04,+1.838329E-01,+1.930500E-06,+9.910000E+37,+5.688937E+03,+3.584400E+04,+1.855636E-01,+1.930500E-06,+9.910000E+37,+5.689003E+03,+3.584400E+04,-7.702202E-03,+0.000000E+00,+9.910000E+37,+5.689069E+03,+3.584400E+04
14:49:09,0e0,+1.939864E-01,+2.039500E-06,+9.910000E+37,+5.689295E+03,+3.584400E+04,+1.949416E-01,+2.039500E-06,+9.910000E+37,+5.689361E+03,+3.584400E+04,+1.936673E-01,+2.039500E-06,+9.910000E+37,+5.689429E+03,+3.584400E+04,-8.021027E-03,+0.000000E+00,+9.910000E+37,+5.689494E+03,+3.584400E+04
14:49:09,0e0,+2.032276E-01,+2.154500E-06,+9.910000E+37,+5.689719E+03,+3.584400E+04,+2.035920E-01,+2.154500E-06,+9.910000E+37,+5.689784E+03,+3.584400E+04,+2.043662E-01,+2.154500E-06,+9.910000E+37,+5.689852E+03,+3.584400E+04,-8.567348E-03,+0.000000E+00,+9.910000E+37,+5.689919E+03,+3.584400E+04
14:49:09,0e0,+2.147463E-01,+2.276000E-06,+9.910000E+37,+5.690140E+03,+3.584400E+04,+2.154755E-01,+2.276000E-06,+9.910000E+37,+5.690206E+03,+3.584400E+04,+2.155659E-01,+2.276000E-06,+9.910000E+37,+5.690273E+03,+3.584400E+04,-8.248284E-03,+0.000000E+00,+9.910000E+37,+5.690339E+03,+3.584400E+04
14:49:09,0e0,+2.263107E-01,+2.404000E-06,+9.910000E+37,+5.690564E+03,+3.584400E+04,+2.264019E-01,+2.404000E-06,+9.910000E+37,+5.690630E+03,+3.584400E+04,+2.256733E-01,+2.404000E-06,+9.910000E+37,+5.690696E+03,+3.584400E+04,-6.837174E-03,+0.000000E+00,+9.910000E+37,+5.690764E+03,+3.584400E+04
14:49:09,0e0,+2.373281E-01,+2.539500E-06,+9.910000E+37,+5.690989E+03,+3.584400E+04,+2.372830E-01,+2.539500E-06,+9.910000E+37,+5.691056E+03,+3.584400E+04,+2.370095E-01,+2.539500E-06,+9.910000E+37,+5.691122E+03,+3.584400E+04,-8.567065E-03,+0.000000E+00,+9.910000E+37,+5.691189E+03,+3.584400E+04
14:49:09,0e0,+2.500760E-01,+2.682500E-06,+9.910000E+37,+5.691414E+03,+3.584400E+04,+2.493476E-01,+2.682500E-06,+9.910000E+37,+5.691480E+03,+3.584400E+04,+2.496662E-01,+2.682500E-06,+9.910000E+37,+5.691547E+03,+3.584400E+04,-9.660050E-03,+0.000000E+00,+9.910000E+37,+5.691613E+03,+3.584400E+04
14:49:09,0e0,+2.624595E-01,+2.834000E-06,+9.910000E+37,+5.691839E+03,+3.584400E+04,+2.621862E-01,+2.834000E-06,+9.910000E+37,+5.691905E+03,+3.584400E+04,+2.624594E-01,+2.834000E-06,+9.910000E+37,+5.691973E+03,+3.584400E+04,-7.838875E-03,+0.000000E+00,+9.910000E+37,+5.692040E+03,+3.584400E+04
14:49:09,0e0,+2.740680E-01,+2.993500E-06,+9.910000E+37,+5.692266E+03,+3.584400E+04,+2.761635E-01,+2.993500E-06,+9.910000E+37,+5.692332E+03,+3.584400E+04,+2.753433E-01,+2.993500E-06,+9.910000E+37,+5.692398E+03,+3.584400E+04,-7.793397E-03,+0.000000E+00,+9.910000E+37,+5.692465E+03,+3.584400E+04
14:49:09,0e0,+2.895026E-01,+3.162500E-06,+9.910000E+37,+5.692689E+03,+3.584400E+04,+2.895029E-01,+3.162500E-06,+9.910000E+37,+5.692756E+03,+3.584400E+04,+2.890016E-01,+3.162500E-06,+9.910000E+37,+5.692822E+03,+3.584400E+04,-7.429168E-03,+0.000000E+00,+9.910000E+37,+5.692889E+03,+3.584400E+04
14:49:09,0e0,+3.033886E-01,+3.340500E-06,+9.910000E+37,+5.693111E+03,+3.584400E+04,+3.035704E-01,+3.340500E-06,+9.910000E+37,+5.693178E+03,+3.584400E+04,+3.043459E-01,+3.340500E-06,+9.910000E+37,+5.693245E+03,+3.584400E+04,-8.794978E-03,+0.000000E+00,+9.910000E+37,+5.693311E+03,+3.584400E+04
14:49:09,0e0,+3.190960E-01,+3.528500E-06,+9.910000E+37,+5.693537E+03,+3.584400E+04,+3.198243E-01,+3.528500E-06,+9.910000E+37,+5.693604E+03,+3.584400E+04,+3.202796E-01,+3.528500E-06,+9.910000E+37,+5.693670E+03,+3.584400E+04,-7.611096E-03,+0.000000E+00,+9.910000E+37,+5.693736E+03,+3.584400E+04
14:49:09,0e0,+3.363510E-01,+3.727500E-06,+9.910000E+37,+5.693963E+03,+3.584400E+04,+3.348938E-01,+3.727500E-06,+9.910000E+37,+5.694030E+03,+3.584400E+04,+3.352134E-01,+3.727500E-06,+9.910000E+37,+5.694098E+03,+3.584400E+04,-9.569004E-03,+0.000000E+00,+9.910000E+37,+5.694164E+03,+3.584400E+04
14:49:09,0e0,+3.512849E-01,+3.937500E-06,+9.910000E+37,+5.694387E+03,+3.584400E+04,+3.531516E-01,+3.937500E-06,+9.910000E+37,+5.694453E+03,+3.584400E+04,+3.526502E-01,+3.937500E-06,+9.910000E+37,+5.694520E+03,+3.584400E+04,-7.793292E-03,+0.000000E+00,+9.910000E+37,+5.694586E+03,+3.584400E+04
14:49:09,0e0,+3.693137E-01,+4.159500E-06,+9.910000E+37,+5.694813E+03,+3.584400E+04,+3.685851E-01,+4.159500E-06,+9.910000E+37,+5.694880E+03,+3.584400E+04,+3.685846E-01,+4.159500E-06,+9.910000E+37,+5.694945E+03,+3.584400E+04,-8.795127E-03,+0.000000E+00,+9.910000E+37,+5.695012E+03,+3.584400E+04
14:49:09,0e0,+3.868427E-01,+4.394000E-06,+9.910000E+37,+5.695236E+03,+3.584400E+04,+3.873426E-01,+4.394000E-06,+9.910000E+37,+5.695303E+03,+3.584400E+04,+3.879341E-01,+4.394000E-06,+9.910000E+37,+5.695370E+03,+3.584400E+04,-9.158850E-03,+0.000000E+00,+9.910000E+37,+5.695438E+03,+3.584400E+04
14:49:09,0e0,+4.076943E-01,+4.641500E-06,+9.910000E+37,+5.695662E+03,+3.584400E+04,+4.063726E-01,+4.641500E-06,+9.910000E+37,+5.695729E+03,+3.584400E+04,+4.068289E-01,+4.641500E-06,+9.910000E+37,+5.695795E+03,+3.584400E+04,-8.248627E-03,+0.000000E+00,+9.910000E+37,+5.695861E+03,+3.584400E+04
14:49:09,0e0,+4.252664E-01,+4.903000E-06,+9.910000E+37,+5.696088E+03,+3.584400E+04,+4.270880E-01,+4.903000E-06,+9.910000E+37,+5.696154E+03,+3.584400E+04,+4.255855E-01,+4.903000E-06,+9.910000E+37,+5.696220E+03,+3.584400E+04,-8.157060E-03,+0.000000E+00,+9.910000E+37,+5.696286E+03,+3.584400E+04
14:49:09,0e0,+4.478489E-01,+5.179500E-06,+9.910000E+37,+5.696511E+03,+3.584400E+04,+4.463009E-01,+5.179500E-06,+9.910000E+37,+5.696577E+03,+3.584400E+04,+4.461182E-01,+5.179500E-06,+9.910000E+37,+5.696645E+03,+3.584400E+04,-8.111805E-03,+0.000000E+00,+9.910000E+37,+5.696710E+03,+3.584400E+04
14:49:09,0e0,+4.671960E-01,+5.471500E-06,+9.910000E+37,+5.696936E+03,+3.584400E+04,+4.689278E-01,+5.471500E-06,+9.910000E+37,+5.697003E+03,+3.584400E+04,+4.685632E-01,+5.471500E-06,+9.910000E+37,+5.697068E+03,+3.584400E+04,-9.796530E-03,+0.000000E+00,+9.910000E+37,+5.697135E+03,+3.584400E+04
14:49:09,0e0,+4.923300E-01,+5.779500E-06,+9.910000E+37,+5.697359E+03,+3.584400E+04,+4.921931E-01,+5.779500E-06,+9.910000E+37,+5.697426E+03,+3.584400E+04,+4.912363E-01,+5.779500E-06,+9.910000E+37,+5.697492E+03,+3.584400E+04,-8.111909E-03,+0.000000E+00,+9.910000E+37,+5.697559E+03,+3.584400E+04
14:49:09,0e0,+5.146839E-01,+6.105500E-06,+9.910000E+37,+5.697784E+03,+3.584400E+04,+5.159585E-01,+6.105500E-06,+9.910000E+37,+5.697851E+03,+3.584400E+04,+5.148643E-01,+6.105500E-06,+9.910000E+37,+5.697918E+03,+3.584400E+04,-9.113520E-03,+0.000000E+00,+9.910000E+37,+5.697983E+03,+3.584400E+04
14:49:09,0e0,+5.396785E-01,+6.449500E-06,+9.910000E+37,+5.698209E+03,+3.584400E+04,+5.397229E-01,+6.449500E-06,+9.910000E+37,+5.698275E+03,+3.584400E+04,+5.403611E-01,+6.449500E-06,+9.910000E+37,+5.698343E+03,+3.584400E+04,-7.656693E-03,+0.000000E+00,+9.910000E+37,+5.698408E+03,+3.584400E+04
14:49:09,0e0,+5.655373E-01,+6.813000E-06,+9.910000E+37,+5.698635E+03,+3.584400E+04,+5.660396E-01,+6.813000E-06,+9.910000E+37,+5.698701E+03,+3.584400E+04,+5.654926E-01,+6.813000E-06,+9.910000E+37,+5.698767E+03,+3.584400E+04,-7.702127E-03,+0.000000E+00,+9.910000E+37,+5.698833E+03,+3.584400E+04
14:49:09,0e0,+5.905761E-01,+7.197000E-06,+9.910000E+37,+5.699059E+03,+3.584400E+04,+5.918519E-01,+7.197000E-06,+9.910000E+37,+5.699126E+03,+3.584400E+04,+5.931274E-01,+7.197000E-06,+9.910000E+37,+5.699191E+03,+3.584400E+04,-9.432405E-03,+0.000000E+00,+9.910000E+37,+5.699258E+03,+3.584400E+04
14:49:09,0e0,+6.208087E-01,+7.602500E-06,+9.910000E+37,+5.699482E+03,+3.584400E+04,+6.200811E-01,+7.602500E-06,+9.910000E+37,+5.699549E+03,+3.584400E+04,+6.203981E-01,+7.602500E-06,+9.910000E+37,+5.699616E+03,+3.584400E+04,-8.521885E-03,+0.000000E+00,+9.910000E+37,+5.699682E+03,+3.584400E+04
14:49:09,0e0,+6.494447E-01,+8.031000E-06,+9.910000E+37,+5.699906E+03,+3.584400E+04,+6.508108E-01,+8.031000E-06,+9.910000E+37,+5.699973E+03,+3.584400E+04,+6.505823E-01,+8.031000E-06,+9.910000E+37,+5.700039E+03,+3.584400E+04,-8.157477E-03,+0.000000E+00,+9.910000E+37,+5.700105E+03,+3.584400E+04
14:49:09,0e0,+6.819987E-01,+8.483500E-06,+9.910000E+37,+5.700332E+03,+3.584400E+04,+6.818613E-01,+8.483500E-06,+9.910000E+37,+5.700399E+03,+3.584400E+04,+6.817244E-01,+8.483500E-06,+9.910000E+37,+5.700467E+03,+3.584400E+04,-8.476079E-03,+0.000000E+00,+9.910000E+37,+5.700533E+03,+3.584400E+04
14:49:09,0e0,+7.122293E-01,+8.961500E-06,+9.910000E+37,+5.700757E+03,+3.584400E+04,+7.125009E-01,+8.961500E-06,+9.910000E+37,+5.700823E+03,+3.584400E+04,+7.125018E-01,+8.961500E-06,+9.910000E+37,+5.700891E+03,+3.584400E+04,-8.840621E-03,+0.000000E+00,+9.910000E+37,+5.700956E+03,+3.584400E+04
14:49:09,0e0,+7.443707E-01,+9.466500E-06,+9.910000E+37,+5.701182E+03,+3.584400E+04,+7.457811E-01,+9.466500E-06,+9.910000E+37,+5.701248E+03,+3.584400E+04,+7.459199E-01,+9.466500E-06,+9.910000E+37,+5.701314E+03,+3.584400E+04,-8.931637E-03,+0.000000E+00,+9.910000E+37,+5.701382E+03,+3.584400E+04
14:49:09,0e0,+7.790625E-01,+1.000000E-05,+9.910000E+37,+5.701605E+03,+3.584400E+04,+7.797000E-01,+1.000000E-05,+9.910000E+37,+5.701672E+03,+3.584400E+04,+7.787890E-01,+1.000000E-05,+9.910000E+37,+5.701738E+03,+3.584400E+04,-8.612871E-03,+0.000000E+00,+9.910000E+37,+5.701805E+03,+3.584400E+04
14:49:09,0e0,+8.026922E-01,+1.056500E-05,+9.910000E+37,+5.702021E+03,+3.584400E+04,+8.020539E-01,+1.056500E-05,+9.910000E+37,+5.702089E+03,+3.584400E+04,+8.021917E-01,+1.056500E-05,+9.910000E+37,+5.702154E+03,+3.584400E+04,-9.978428E-03,+0.000000E+00,+9.910000E+37,+5.702222E+03,+3.584400E+04
14:49:09,0e0,+8.375651E-01,+1.116000E-05,+9.910000E+37,+5.702440E+03,+3.584400E+04,+8.366551E-01,+1.116000E-05,+9.910000E+37,+5.702507E+03,+3.584400E+04,+8.369733E-01,+1.116000E-05,+9.910000E+37,+5.702574E+03,+3.584400E+04,-9.250015E-03,+0.000000E+00,+9.910000E+37,+5.702643E+03,+3.584400E+04
14:49:09,0e0,+8.736223E-01,+1.179000E-05,+9.910000E+37,+5.702862E+03,+3.584400E+04,+8.742615E-01,+1.179000E-05,+9.910000E+37,+5.702930E+03,+3.584400E+04,+8.739877E-01,+1.179000E-05,+9.910000E+37,+5.702997E+03,+3.584400E+04,-1.079802E-02,+0.000000E+00,+9.910000E+37,+5.703067E+03,+3.584400E+04
14:49:09,0e0,+9.129606E-01,+1.245000E-05,+9.910000E+37,+5.703286E+03,+3.584400E+04,+9.129151E-01,+1.245000E-05,+9.910000E+37,+5.703353E+03,+3.584400E+04,+9.128706E-01,+1.245000E-05,+9.910000E+37,+5.703420E+03,+3.584400E+04,-9.432107E-03,+0.000000E+00,+9.910000E+37,+5.703492E+03,+3.584400E+04
14:49:09,0e0,+9.529806E-01,+1.315500E-05,+9.910000E+37,+5.703714E+03,+3.584400E+04,+9.510667E-01,+1.315500E-05,+9.910000E+37,+5.703780E+03,+3.584400E+04,+9.527049E-01,+1.315500E-05,+9.910000E+37,+5.703848E+03,+3.584400E+04,-9.022340E-03,+0.000000E+00,+9.910000E+37,+5.703919E+03,+3.584400E+04
14:49:09,0e0,+9.941829E-01,+1.389500E-05,+9.910000E+37,+5.704140E+03,+3.584400E+04,+9.943645E-01,+1.389500E-05,+9.910000E+37,+5.704206E+03,+3.584400E+04,+9.928601E-01,+1.389500E-05,+9.910000E+37,+5.704272E+03,+3.584400E+04,-8.066416E-03,+0.000000E+00,+9.910000E+37,+5.704341E+03,+3.584400E+04
14:49:09,0e0,+1.035519E+00,+1.468000E-05,+9.910000E+37,+5.704565E+03,+3.584400E+04,+1.036932E+00,+1.468000E-05,+9.910000E+37,+5.704633E+03,+3.584400E+04,+1.036523E+00,+1.468000E-05,+9.910000E+37,+5.704698E+03,+3.584400E+04,-9.614483E-03,+0.000000E+00,+9.910000E+37,+5.704766E+03,+3.584400E+04
14:49:09,0e0,+1.080320E+00,+1.550500E-05,+9.910000E+37,+5.704983E+03,+3.584400E+04,+1.079683E+00,+1.550500E-05,+9.910000E+37,+5.705050E+03,+3.584400E+04,+1.080184E+00,+1.550500E-05,+9.910000E+37,+5.705117E+03,+3.584400E+04,-9.978890E-03,+0.000000E+00,+9.910000E+37,+5.705185E+03,+3.584400E+04
14:49:09,0e0,+1.123889E+00,+1.638000E-05,+9.910000E+37,+5.705408E+03,+3.584400E+04,+1.124118E+00,+1.638000E-05,+9.910000E+37,+5.705475E+03,+3.584400E+04,+1.124117E+00,+1.638000E-05,+9.910000E+37,+5.705540E+03,+3.584400E+04,-8.658409E-03,+0.000000E+00,+9.910000E+37,+5.705608E+03,+3.584400E+04
14:49:09,0e0,+1.170921E+00,+1.730000E-05,+9.910000E+37,+5.705831E+03,+3.584400E+04,+1.170783E+00,+1.730000E-05,+9.910000E+37,+5.705897E+03,+3.584400E+04,+1.170098E+00,+1.730000E-05,+9.910000E+37,+5.705965E+03,+3.584400E+04,-8.567289E-03,+0.000000E+00,+9.910000E+37,+5.706032E+03,+3.584400E+04
14:49:09,0e0,+1.216948E+00,+1.827500E-05,+9.910000E+37,+5.706251E+03,+3.584400E+04,+1.218087E+00,+1.827500E-05,+9.910000E+37,+5.706317E+03,+3.584400E+04,+1.217676E+00,+1.827500E-05,+9.910000E+37,+5.706384E+03,+3.584400E+04,-8.976847E-03,+0.000000E+00,+9.910000E+37,+5.706456E+03,+3.584400E+04
14:49:09,0e0,+1.265390E+00,+1.930500E-05,+9.910000E+37,+5.706678E+03,+3.584400E+04,+1.265799E+00,+1.930500E-05,+9.910000E+37,+5.706744E+03,+3.584400E+04,+1.268075E+00,+1.930500E-05,+9.910000E+37,+5.706812E+03,+3.584400E+04,-9.614423E-03,+0.000000E+00,+9.910000E+37,+5.706879E+03,+3.584400E+04
14:49:09,0e0,+1.315606E+00,+2.039500E-05,+9.910000E+37,+5.707099E+03,+3.584400E+04,+1.317747E+00,+2.039500E-05,+9.910000E+37,+5.707165E+03,+3.584400E+04,+1.317520E+00,+2.039500E-05,+9.910000E+37,+5.707230E+03,+3.584400E+04,-9.887546E-03,+0.000000E+00,+9.910000E+37,+5.707303E+03,+3.584400E+04
14:49:09,0e0,+1.366416E+00,+2.154500E-05,+9.910000E+37,+5.707524E+03,+3.584400E+04,+1.366099E+00,+2.154500E-05,+9.910000E+37,+5.707591E+03,+3.584400E+04,+1.367736E+00,+2.154500E-05,+9.910000E+37,+5.707658E+03,+3.584400E+04,-1.116261E-02,+0.000000E+00,+9.910000E+37,+5.707726E+03,+3.584400E+04
14:49:09,0e0,+1.418409E+00,+2.276000E-05,+9.910000E+37,+5.707945E+03,+3.584400E+04,+1.419866E+00,+2.276000E-05,+9.910000E+37,+5.708013E+03,+3.584400E+04,+1.419637E+00,+2.276000E-05,+9.910000E+37,+5.708078E+03,+3.584400E+04,-9.295255E-03,+0.000000E+00,+9.910000E+37,+5.708149E+03,+3.584400E+04
14:49:09,0e0,+1.472177E+00,+2.404000E-05,+9.910000E+37,+5.708370E+03,+3.584400E+04,+1.471447E+00,+2.404000E-05,+9.910000E+37,+5.708437E+03,+3.584400E+04,+1.471218E+00,+2.404000E-05,+9.910000E+37,+5.708503E+03,+3.584400E+04,-9.341314E-03,+0.000000E+00,+9.910000E+37,+5.708570E+03,+3.584400E+04
14:49:09,0e0,+1.527085E+00,+2.539500E-05,+9.910000E+37,+5.708790E+03,+3.584400E+04,+1.527861E+00,+2.539500E-05,+9.910000E+37,+5.708856E+03,+3.584400E+04,+1.527769E+00,+2.539500E-05,+9.910000E+37,+5.708924E+03,+3.584400E+04,-9.568870E-03,+0.000000E+00,+9.910000E+37,+5.708996E+03,+3.584400E+04
14:49:09,0e0,+1.581536E+00,+2.682500E-05,+9.910000E+37,+5.709215E+03,+3.584400E+04,+1.582312E+00,+2.682500E-05,+9.910000E+37,+5.709281E+03,+3.584400E+04,+1.582628E+00,+2.682500E-05,+9.910000E+37,+5.709347E+03,+3.584400E+04,-9.477794E-03,+0.000000E+00,+9.910000E+37,+5.709420E+03,+3.584400E+04
14:49:09,0e0,+1.637307E+00,+2.834000E-05,+9.910000E+37,+5.709642E+03,+3.584400E+04,+1.637759E+00,+2.834000E-05,+9.910000E+37,+5.709709E+03,+3.584400E+04,+1.637671E+00,+2.834000E-05,+9.910000E+37,+5.709774E+03,+3.584400E+04,-9.796456E-03,+0.000000E+00,+9.910000E+37,+5.709843E+03,+3.584400E+04
14:49:09,0e0,+1.695809E+00,+2.993500E-05,+9.910000E+37,+5.710064E+03,+3.584400E+04,+1.695264E+00,+2.993500E-05,+9.910000E+37,+5.710130E+03,+3.584400E+04,+1.695856E+00,+2.993500E-05,+9.910000E+37,+5.710196E+03,+3.584400E+04,-1.002391E-02,+0.000000E+00,+9.910000E+37,+5.710269E+03,+3.584400E+04
14:49:09,0e0,+1.753719E+00,+3.162500E-05,+9.910000E+37,+5.710487E+03,+3.584400E+04,+1.755452E+00,+3.162500E-05,+9.910000E+37,+5.710554E+03,+3.584400E+04,+1.754677E+00,+3.162500E-05,+9.910000E+37,+5.710620E+03,+3.584400E+04,-9.386569E-03,+0.000000E+00,+9.910000E+37,+5.710692E+03,+3.584400E+04
14:49:09,0e0,+1.813772E+00,+3.340500E-05,+9.910000E+37,+5.710912E+03,+3.584400E+04,+1.814638E+00,+3.340500E-05,+9.910000E+37,+5.710979E+03,+3.584400E+04,+1.814362E+00,+3.340500E-05,+9.910000E+37,+5.711045E+03,+3.584400E+04,-8.795038E-03,+0.000000E+00,+9.910000E+37,+5.711116E+03,+3.584400E+04
14:49:09,0e0,+1.875096E+00,+3.528500E-05,+9.910000E+37,+5.711338E+03,+3.584400E+04,+1.875689E+00,+3.528500E-05,+9.910000E+37,+5.711405E+03,+3.584400E+04,+1.876191E+00,+3.528500E-05,+9.910000E+37,+5.711471E+03,+3.584400E+04,-8.157179E-03,+0.000000E+00,+9.910000E+37,+5.711538E+03,+3.584400E+04
14:49:09,0e0,+1.936923E+00,+3.727500E-05,+9.910000E+37,+5.711759E+03,+3.584400E+04,+1.937200E+00,+3.727500E-05,+9.910000E+37,+5.711824E+03,+3.584400E+04,+1.937333E+00,+3.727500E-05,+9.910000E+37,+5.711891E+03,+3.584400E+04,-9.022251E-03,+0.000000E+00,+9.910000E+37,+5.711962E+03,+3.584400E+04
14:49:09,0e0,+1.998251E+00,+3.937500E-05,+9.910000E+37,+5.712183E+03,+3.584400E+04,+1.999066E+00,+3.937500E-05,+9.910000E+37,+5.712250E+03,+3.584400E+04,+2.000120E+00,+3.937500E-05,+9.910000E+37,+5.712316E+03,+3.584400E+04,-8.794948E-03,+0.000000E+00,+9.910000E+37,+5.712384E+03,+3.584400E+04
14:49:09,0e0,+2.062352E+00,+4.159500E-05,+9.910000E+37,+5.712603E+03,+3.584400E+04,+2.063631E+00,+4.159500E-05,+9.910000E+37,+5.712671E+03,+3.584400E+04,+2.064175E+00,+4.159500E-05,+9.910000E+37,+5.712743E+03,+3.584400E+04,-8.294091E-03,+0.000000E+00,+9.910000E+37,+5.712813E+03,+3.584400E+04
14:49:09,0e0,+2.126635E+00,+4.394000E-05,+9.910000E+37,+5.713032E+03,+3.584400E+04,+2.128416E+00,+4.394000E-05,+9.910000E+37,+5.713099E+03,+3.584400E+04,+2.129642E+00,+4.394000E-05,+9.910000E+37,+5.713165E+03,+3.584400E+04,-9.432629E-03,+0.000000E+00,+9.910000E+37,+5.713236E+03,+3.584400E+04
14:49:09,0e0,+2.193200E+00,+4.641500E-05,+9.910000E+37,+5.713458E+03,+3.584400E+04,+2.193153E+00,+4.641500E-05,+9.910000E+37,+5.713525E+03,+3.584400E+04,+2.194888E+00,+4.641500E-05,+9.910000E+37,+5.713591E+03,+3.584400E+04,-8.658007E-03,+0.000000E+00,+9.910000E+37,+5.713663E+03,+3.584400E+04
14:49:09,0e0,+2.259488E+00,+4.903000E-05,+9.910000E+37,+5.713884E+03,+3.584400E+04,+2.260036E+00,+4.903000E-05,+9.910000E+37,+5.713949E+03,+3.584400E+04,+2.260539E+00,+4.903000E-05,+9.910000E+37,+5.714016E+03,+3.584400E+04,-9.295732E-03,+0.000000E+00,+9.910000E+37,+5.714086E+03,+3.584400E+04
14:49:09,0e0,+2.327781E+00,+5.179500E-05,+9.910000E+37,+5.714308E+03,+3.584400E+04,+2.328417E+00,+5.179500E-05,+9.910000E+37,+5.714374E+03,+3.584400E+04,+2.327780E+00,+5.179500E-05,+9.910000E+37,+5.714440E+03,+3.584400E+04,-9.751335E-03,+0.000000E+00,+9.910000E+37,+5.714510E+03,+3.584400E+04
14:49:09,0e0,+2.395937E+00,+5.471500E-05,+9.910000E+37,+5.714733E+03,+3.584400E+04,+2.395248E+00,+5.471500E-05,+9.910000E+37,+5.714800E+03,+3.584400E+04,+2.396253E+00,+5.471500E-05,+9.910000E+37,+5.714867E+03,+3.584400E+04,-9.022400E-03,+0.000000E+00,+9.910000E+37,+5.714935E+03,+3.584400E+04
14:49:09,0e0,+2.465727E+00,+5.779500E-05,+9.910000E+37,+5.715159E+03,+3.584400E+04,+2.466730E+00,+5.779500E-05,+9.910000E+37,+5.715226E+03,+3.584400E+04,+2.467004E+00,+5.779500E-05,+9.910000E+37,+5.715292E+03,+3.584400E+04,-8.612946E-03,+0.000000E+00,+9.910000E+37,+5.715361E+03,+3.584400E+04
14:49:09,0e0,+2.536979E+00,+6.105500E-05,+9.910000E+37,+5.715582E+03,+3.584400E+04,+2.537845E+00,+6.105500E-05,+9.910000E+37,+5.715649E+03,+3.584400E+04,+2.537889E+00,+6.105500E-05,+9.910000E+37,+5.715715E+03,+3.584400E+04,-9.933203E-03,+0.000000E+00,+9.910000E+37,+5.715786E+03,+3.584400E+04
14:49:09,0e0,+2.608411E+00,+6.449500E-05,+9.910000E+37,+5.716010E+03,+3.584400E+04,+2.609277E+00,+6.449500E-05,+9.910000E+37,+5.716075E+03,+3.584400E+04,+2.609962E+00,+6.449500E-05,+9.910000E+37,+5.716142E+03,+3.584400E+04,-8.294120E-03,+0.000000E+00,+9.910000E+37,+5.716211E+03,+3.584400E+04
14:49:09,0e0,+2.681803E+00,+6.813000E-05,+9.910000E+37,+5.716433E+03,+3.584400E+04,+2.682760E+00,+6.813000E-05,+9.910000E+37,+5.716499E+03,+3.584400E+04,+2.683215E+00,+6.813000E-05,+9.910000E+37,+5.716565E+03,+3.584400E+04,-8.976951E-03,+0.000000E+00,+9.910000E+37,+5.716637E+03,+3.584400E+04
14:49:09,0e0,+2.757021E+00,+7.197000E-05,+9.910000E+37,+5.716856E+03,+3.584400E+04,+2.757109E+00,+7.197000E-05,+9.910000E+37,+5.716924E+03,+3.584400E+04,+2.756332E+00,+7.197000E-05,+9.910000E+37,+5.716989E+03,+3.584400E+04,-8.476302E-03,+0.000000E+00,+9.910000E+37,+5.717061E+03,+3.584400E+04
14:49:09,0e0,+2.831498E+00,+7.602500E-05,+9.910000E+37,+5.717280E+03,+3.584400E+04,+2.832637E+00,+7.602500E-05,+9.910000E+37,+5.717347E+03,+3.584400E+04,+2.831265E+00,+7.602500E-05,+9.910000E+37,+5.717414E+03,+3.584400E+04,-9.250551E-03,+0.000000E+00,+9.910000E+37,+5.717485E+03,+3.584400E+04
14:49:09,0e0,+2.909170E+00,+8.031000E-05,+9.910000E+37,+5.717706E+03,+3.584400E+04,+2.909624E+00,+8.031000E-05,+9.910000E+37,+5.717772E+03,+3.584400E+04,+2.908666E+00,+8.031000E-05,+9.910000E+37,+5.717840E+03,+3.584400E+04,-7.930055E-03,+0.000000E+00,+9.910000E+37,+5.717910E+03,+3.584400E+04
14:49:09,0e0,+2.987345E+00,+8.483500E-05,+9.910000E+37,+5.718133E+03,+3.584400E+04,+2.988389E+00,+8.483500E-05,+9.910000E+37,+5.718198E+03,+3.584400E+04,+2.987795E+00,+8.483500E-05,+9.910000E+37,+5.718265E+03,+3.584400E+04,-9.796634E-03,+0.000000E+00,+9.910000E+37,+5.718334E+03,+3.584400E+04
14:49:09,0e0,+3.065242E+00,+8.961500E-05,+9.910000E+37,+5.718557E+03,+3.584400E+04,+3.067017E+00,+8.961500E-05,+9.910000E+37,+5.718622E+03,+3.584400E+04,+3.066513E+00,+8.961500E-05,+9.910000E+37,+5.718688E+03,+3.584400E+04,-9.068266E-03,+0.000000E+00,+9.910000E+37,+5.718758E+03,+3.584400E+04
14:49:09,0e0,+3.145184E+00,+9.466500E-05,+9.910000E+37,+5.718977E+03,+3.584400E+04,+3.146868E+00,+9.466500E-05,+9.910000E+37,+5.719042E+03,+3.584400E+04,+3.146052E+00,+9.466500E-05,+9.910000E+37,+5.719108E+03,+3.584400E+04,-9.341165E-03,+0.000000E+00,+9.910000E+37,+5.719180E+03,+3.584400E+04
14:49:09,0e0,+3.227274E+00,+1.000000E-04,+9.910000E+37,+5.719398E+03,+3.584400E+04,+3.226813E+00,+1.000000E-04,+9.910000E+37,+5.719466E+03,+3.584400E+04,+3.227361E+00,+1.000000E-04,+9.910000E+37,+5.719534E+03,+3.584400E+04,-9.887516E-03,+0.000000E+00,+9.910000E+37,+5.719606E+03,+3.584400E+04
14:49:09,0e0,+3.297294E+00,+1.056500E-04,+9.910000E+37,+5.719831E+03,+3.584400E+04,+3.296885E+00,+1.056500E-04,+9.910000E+37,+5.719898E+03,+3.584400E+04,+3.298299E+00,+1.056500E-04,+9.910000E+37,+5.719964E+03,+3.584400E+04,-1.248263E-02,+0.000000E+00,+9.910000E+37,+5.720030E+03,+3.584400E+04
14:49:09,0e0,+3.380194E+00,+1.116000E-04,+9.910000E+37,+5.720254E+03,+3.584400E+04,+3.381154E+00,+1.116000E-04,+9.910000E+37,+5.720321E+03,+3.584400E+04,+3.381111E+00,+1.116000E-04,+9.910000E+37,+5.720387E+03,+3.584400E+04,-1.434915E-02,+0.000000E+00,+9.910000E+37,+5.720454E+03,+3.584400E+04
14:49:09,0e0,+3.465338E+00,+1.179000E-04,+9.910000E+37,+5.720682E+03,+3.584400E+04,+3.466382E+00,+1.179000E-04,+9.910000E+37,+5.720747E+03,+3.584400E+04,+3.466431E+00,+1.179000E-04,+9.910000E+37,+5.720814E+03,+3.584400E+04,-1.343843E-02,+0.000000E+00,+9.910000E+37,+5.720880E+03,+3.584400E+04
14:49:09,0e0,+3.549927E+00,+1.245000E-04,+9.910000E+37,+5.721106E+03,+3.584400E+04,+3.550202E+00,+1.245000E-04,+9.910000E+37,+5.721174E+03,+3.584400E+04,+3.550198E+00,+1.245000E-04,+9.910000E+37,+5.721239E+03,+3.584400E+04,-1.453124E-02,+0.000000E+00,+9.910000E+37,+5.721307E+03,+3.584400E+04
14:49:09,0e0,+3.637749E+00,+1.315500E-04,+9.910000E+37,+5.721529E+03,+3.584400E+04,+3.638251E+00,+1.315500E-04,+9.910000E+37,+5.721595E+03,+3.584400E+04,+3.637751E+00,+1.315500E-04,+9.910000E+37,+5.721662E+03,+3.584400E+04,-1.412125E-02,+0.000000E+00,+9.910000E+37,+5.721728E+03,+3.584400E+04
14:49:09,0e0,+3.724574E+00,+1.389500E-04,+9.910000E+37,+5.721953E+03,+3.584400E+04,+3.725254E+00,+1.389500E-04,+9.910000E+37,+5.722019E+03,+3.584400E+04,+3.726207E+00,+1.389500E-04,+9.910000E+37,+5.722085E+03,+3.584400E+04,-1.366629E-02,+0.000000E+00,+9.910000E+37,+5.722151E+03,+3.584400E+04
14:49:09,0e0,+3.814628E+00,+1.468000E-04,+9.910000E+37,+5.722373E+03,+3.584400E+04,+3.814720E+00,+1.468000E-04,+9.910000E+37,+5.722439E+03,+3.584400E+04,+3.815903E+00,+1.468000E-04,+9.910000E+37,+5.722506E+03,+3.584400E+04,-1.416732E-02,+0.000000E+00,+9.910000E+37,+5.722573E+03,+3.584400E+04
14:49:09,0e0,+3.905136E+00,+1.550500E-04,+9.910000E+37,+5.722800E+03,+3.584400E+04,+3.905819E+00,+1.550500E-04,+9.910000E+37,+5.722866E+03,+3.584400E+04,+3.905089E+00,+1.550500E-04,+9.910000E+37,+5.722934E+03,+3.584400E+04,-1.366650E-02,+0.000000E+00,+9.910000E+37,+5.722999E+03,+3.584400E+04
14:49:09,0e0,+3.996054E+00,+1.638000E-04,+9.910000E+37,+5.723224E+03,+3.584400E+04,+3.997421E+00,+1.638000E-04,+9.910000E+37,+5.723290E+03,+3.584400E+04,+3.998196E+00,+1.638000E-04,+9.910000E+37,+5.723357E+03,+3.584400E+04,-1.475908E-02,+0.000000E+00,+9.910000E+37,+5.723423E+03,+3.584400E+04
14:49:09,0e0,+4.089567E+00,+1.730000E-04,+9.910000E+37,+5.723645E+03,+3.584400E+04,+4.091389E+00,+1.730000E-04,+9.910000E+37,+5.723712E+03,+3.584400E+04,+4.090842E+00,+1.730000E-04,+9.910000E+37,+5.723779E+03,+3.584400E+04,-1.416714E-02,+0.000000E+00,+9.910000E+37,+5.723845E+03,+3.584400E+04
14:49:09,0e0,+4.183270E+00,+1.827500E-04,+9.910000E+37,+5.724064E+03,+3.584400E+04,+4.184863E+00,+1.827500E-04,+9.910000E+37,+5.724131E+03,+3.584400E+04,+4.185359E+00,+1.827500E-04,+9.910000E+37,+5.724196E+03,+3.584400E+04,-1.257372E-02,+0.000000E+00,+9.910000E+37,+5.724263E+03,+3.584400E+04
14:49:09,0e0,+4.279190E+00,+1.930500E-04,+9.910000E+37,+5.724483E+03,+3.584400E+04,+4.278958E+00,+1.930500E-04,+9.910000E+37,+5.724550E+03,+3.584400E+04,+4.280694E+00,+1.930500E-04,+9.910000E+37,+5.724616E+03,+3.584400E+04,-1.275557E-02,+0.000000E+00,+9.910000E+37,+5.724684E+03,+3.584400E+04
14:49:09,0e0,+4.377078E+00,+2.039500E-04,+9.910000E+37,+5.724909E+03,+3.584400E+04,+4.377075E+00,+2.039500E-04,+9.910000E+37,+5.724977E+03,+3.584400E+04,+4.376845E+00,+2.039500E-04,+9.910000E+37,+5.725042E+03,+3.584400E+04,-1.407608E-02,+0.000000E+00,+9.910000E+37,+5.725108E+03,+3.584400E+04
14:49:09,0e0,+4.472453E+00,+2.154500E-04,+9.910000E+37,+5.725337E+03,+3.584400E+04,+4.474504E+00,+2.154500E-04,+9.910000E+37,+5.725403E+03,+3.584400E+04,+4.473542E+00,+2.154500E-04,+9.910000E+37,+5.725470E+03,+3.584400E+04,-1.453125E-02,+0.000000E+00,+9.910000E+37,+5.725537E+03,+3.584400E+04
14:49:09,0e0,+4.571939E+00,+2.276000E-04,+9.910000E+37,+5.725763E+03,+3.584400E+04,+4.572707E+00,+2.276000E-04,+9.910000E+37,+5.725828E+03,+3.584400E+04,+4.572796E+00,+2.276000E-04,+9.910000E+37,+5.725896E+03,+3.584400E+04,-1.311995E-02,+0.000000E+00,+9.910000E+37,+5.725961E+03,+3.584400E+04
14:49:09,0e0,+4.670871E+00,+2.404000E-04,+9.910000E+37,+5.726187E+03,+3.584400E+04,+4.672594E+00,+2.404000E-04,+9.910000E+37,+5.726253E+03,+3.584400E+04,+4.671596E+00,+2.404000E-04,+9.910000E+37,+5.726320E+03,+3.584400E+04,-1.366635E-02,+0.000000E+00,+9.910000E+37,+5.726386E+03,+3.584400E+04
14:49:09,0e0,+4.770474E+00,+2.539500E-04,+9.910000E+37,+5.726607E+03,+3.584400E+04,+4.771894E+00,+2.539500E-04,+9.910000E+37,+5.726674E+03,+3.584400E+04,+4.772256E+00,+2.539500E-04,+9.910000E+37,+5.726741E+03,+3.584400E+04,-1.398486E-02,+0.000000E+00,+9.910000E+37,+5.726807E+03,+3.584400E+04
14:49:09,0e0,+4.873378E+00,+2.682500E-04,+9.910000E+37,+5.727032E+03,+3.584400E+04,+4.872874E+00,+2.682500E-04,+9.910000E+37,+5.727098E+03,+3.584400E+04,+4.873641E+00,+2.682500E-04,+9.910000E+37,+5.727164E+03,+3.584400E+04,-1.352966E-02,+0.000000E+00,+9.910000E+37,+5.727231E+03,+3.584400E+04
14:49:09,0e0,+4.975677E+00,+2.834000E-04,+9.910000E+37,+5.727452E+03,+3.584400E+04,+4.975308E+00,+2.834000E-04,+9.910000E+37,+5.727520E+03,+3.584400E+04,+4.976626E+00,+2.834000E-04,+9.910000E+37,+5.727587E+03,+3.584400E+04,-1.398504E-02,+0.000000E+00,+9.910000E+37,+5.727652E+03,+3.584400E+04
14:49:09,0e0,+5.078651E+00,+2.993500E-04,+9.910000E+37,+5.727879E+03,+3.584400E+04,+5.079020E+00,+2.993500E-04,+9.910000E+37,+5.727946E+03,+3.584400E+04,+5.078655E+00,+2.993500E-04,+9.910000E+37,+5.728013E+03,+3.584400E+04,-1.189044E-02,+0.000000E+00,+9.910000E+37,+5.728079E+03,+3.584400E+04
14:49:09,0e0,+5.181684E+00,+3.162500E-04,+9.910000E+37,+5.728304E+03,+3.584400E+04,+5.182370E+00,+3.162500E-04,+9.910000E+37,+5.728371E+03,+3.584400E+04,+5.182915E+00,+3.162500E-04,+9.910000E+37,+5.728438E+03,+3.584400E+04,-1.334742E-02,+0.000000E+00,+9.910000E+37,+5.728504E+03,+3.584400E+04
14:49:09,0e0,+5.286128E+00,+3.340500E-04,+9.910000E+37,+5.728725E+03,+3.584400E+04,+5.285816E+00,+3.340500E-04,+9.910000E+37,+5.728792E+03,+3.584400E+04,+5.286674E+00,+3.340500E-04,+9.910000E+37,+5.728858E+03,+3.584400E+04,-1.375704E-02,+0.000000E+00,+9.910000E+37,+5.728925E+03,+3.584400E+04
14:49:09,0e0,+5.387735E+00,+3.528500E-04,+9.910000E+37,+5.729147E+03,+3.584400E+04,+5.389107E+00,+3.528500E-04,+9.910000E+37,+5.729215E+03,+3.584400E+04,+5.390434E+00,+3.528500E-04,+9.910000E+37,+5.729280E+03,+3.584400E+04,-1.421277E-02,+0.000000E+00,+9.910000E+37,+5.729348E+03,+3.584400E+04
14:49:09,0e0,+5.493698E+00,+3.727500E-04,+9.910000E+37,+5.729573E+03,+3.584400E+04,+5.494921E+00,+3.727500E-04,+9.910000E+37,+5.729639E+03,+3.584400E+04,+5.493924E+00,+3.727500E-04,+9.910000E+37,+5.729705E+03,+3.584400E+04,-1.362097E-02,+0.000000E+00,+9.910000E+37,+5.729772E+03,+3.584400E+04
14:49:09,0e0,+5.596576E+00,+3.937500E-04,+9.910000E+37,+5.729996E+03,+3.584400E+04,+5.599085E+00,+3.937500E-04,+9.910000E+37,+5.730063E+03,+3.584400E+04,+5.598864E+00,+3.937500E-04,+9.910000E+37,+5.730131E+03,+3.584400E+04,-1.421255E-02,+0.000000E+00,+9.910000E+37,+5.730196E+03,+3.584400E+04
14:49:09,0e0,+5.702887E+00,+4.159500E-04,+9.910000E+37,+5.730418E+03,+3.584400E+04,+5.703206E+00,+4.159500E-04,+9.910000E+37,+5.730485E+03,+3.584400E+04,+5.702934E+00,+4.159500E-04,+9.910000E+37,+5.730551E+03,+3.584400E+04,-1.421289E-02,+0.000000E+00,+9.910000E+37,+5.730617E+03,+3.584400E+04
14:49:09,0e0,+5.807055E+00,+4.394000E-04,+9.910000E+37,+5.730843E+03,+3.584400E+04,+5.806283E+00,+4.394000E-04,+9.910000E+37,+5.730909E+03,+3.584400E+04,+5.806921E+00,+4.394000E-04,+9.910000E+37,+5.730976E+03,+3.584400E+04,-1.321091E-02,+0.000000E+00,+9.910000E+37,+5.731043E+03,+3.584400E+04
14:49:09,0e0,+5.909993E+00,+4.641500E-04,+9.910000E+37,+5.731264E+03,+3.584400E+04,+5.910505E+00,+4.641500E-04,+9.910000E+37,+5.731330E+03,+3.584400E+04,+5.910582E+00,+4.641500E-04,+9.910000E+37,+5.731397E+03,+3.584400E+04,-1.475905E-02,+0.000000E+00,+9.910000E+37,+5.731463E+03,+3.584400E+04
14:49:09,0e0,+6.012664E+00,+4.903000E-04,+9.910000E+37,+5.731689E+03,+3.584400E+04,+6.013252E+00,+4.903000E-04,+9.910000E+37,+5.731757E+03,+3.584400E+04,+6.012295E+00,+4.903000E-04,+9.910000E+37,+5.731823E+03,+3.584400E+04,-1.280107E-02,+0.000000E+00,+9.910000E+37,+5.731891E+03,+3.584400E+04
14:49:09,0e0,+6.113824E+00,+5.179500E-04,+9.910000E+37,+5.732117E+03,+3.584400E+04,+6.114646E+00,+5.179500E-04,+9.910000E+37,+5.732184E+03,+3.584400E+04,+6.115094E+00,+5.179500E-04,+9.910000E+37,+5.732251E+03,+3.584400E+04,-1.243711E-02,+0.000000E+00,+9.910000E+37,+5.732316E+03,+3.584400E+04
14:49:09,0e0,+6.216668E+00,+5.471500E-04,+9.910000E+37,+5.732542E+03,+3.584400E+04,+6.215981E+00,+5.471500E-04,+9.910000E+37,+5.732609E+03,+3.584400E+04,+6.216529E+00,+5.471500E-04,+9.910000E+37,+5.732675E+03,+3.584400E+04,-1.284693E-02,+0.000000E+00,+9.910000E+37,+5.732741E+03,+3.584400E+04
14:49:09,0e0,+6.315606E+00,+5.779500E-04,+9.910000E+37,+5.732967E+03,+3.584400E+04,+6.315050E+00,+5.779500E-04,+9.910000E+37,+5.733034E+03,+3.584400E+04,+6.315554E+00,+5.779500E-04,+9.910000E+37,+5.733100E+03,+3.584400E+04,-1.312000E-02,+0.000000E+00,+9.910000E+37,+5.733166E+03,+3.584400E+04
14:49:09,0e0,+6.411335E+00,+6.105500E-04,+9.910000E+37,+5.733392E+03,+3.584400E+04,+6.413663E+00,+6.105500E-04,+9.910000E+37,+5.733458E+03,+3.584400E+04,+6.413675E+00,+6.105500E-04,+9.910000E+37,+5.733524E+03,+3.584400E+04,-1.325664E-02,+0.000000E+00,+9.910000E+37,+5.733591E+03,+3.584400E+04
14:49:09,0e0,+6.510640E+00,+6.449500E-04,+9.910000E+37,+5.733817E+03,+3.584400E+04,+6.510684E+00,+6.449500E-04,+9.910000E+37,+5.733884E+03,+3.584400E+04,+6.508321E+00,+6.449500E-04,+9.910000E+37,+5.733950E+03,+3.584400E+04,-1.375753E-02,+0.000000E+00,+9.910000E+37,+5.734018E+03,+3.584400E+04
14:49:09,0e0,+6.603838E+00,+6.813000E-04,+9.910000E+37,+5.734243E+03,+3.584400E+04,+6.605205E+00,+6.813000E-04,+9.910000E+37,+5.734310E+03,+3.584400E+04,+6.604158E+00,+6.813000E-04,+9.910000E+37,+5.734376E+03,+3.584400E+04,-1.362076E-02,+0.000000E+00,+9.910000E+37,+5.734443E+03,+3.584400E+04
14:49:09,0e0,+6.696495E+00,+7.197000E-04,+9.910000E+37,+5.734669E+03,+3.584400E+04,+6.697719E+00,+7.197000E-04,+9.910000E+37,+5.734734E+03,+3.584400E+04,+6.698678E+00,+7.197000E-04,+9.910000E+37,+5.734801E+03,+3.584400E+04,-1.252826E-02,+0.000000E+00,+9.910000E+37,+5.734866E+03,+3.584400E+04
14:49:09,0e0,+6.789278E+00,+7.602500E-04,+9.910000E+37,+5.735092E+03,+3.584400E+04,+6.790191E+00,+7.602500E-04,+9.910000E+37,+5.735159E+03,+3.584400E+04,+6.788726E+00,+7.602500E-04,+9.910000E+37,+5.735225E+03,+3.584400E+04,-1.271047E-02,+0.000000E+00,+9.910000E+37,+5.735292E+03,+3.584400E+04
14:49:09,0e0,+6.877998E+00,+8.031000E-04,+9.910000E+37,+5.735513E+03,+3.584400E+04,+6.880068E+00,+8.031000E-04,+9.910000E+37,+5.735578E+03,+3.584400E+04,+6.879137E+00,+8.031000E-04,+9.910000E+37,+5.735645E+03,+3.584400E+04,-1.439497E-02,+0.000000E+00,+9.910000E+37,+5.735711E+03,+3.584400E+04
14:49:09,0e0,+6.966914E+00,+8.483500E-04,+9.910000E+37,+5.735934E+03,+3.584400E+04,+6.969699E+00,+8.483500E-04,+9.910000E+37,+5.736001E+03,+3.584400E+04,+6.966966E+00,+8.483500E-04,+9.910000E+37,+5.736066E+03,+3.584400E+04,-1.389425E-02,+0.000000E+00,+9.910000E+37,+5.736134E+03,+3.584400E+04
14:49:09,0e0,+7.053009E+00,+8.961500E-04,+9.910000E+37,+5.736358E+03,+3.584400E+04,+7.054422E+00,+8.961500E-04,+9.910000E+37,+5.736426E+03,+3.584400E+04,+7.055564E+00,+8.961500E-04,+9.910000E+37,+5.736491E+03,+3.584400E+04,-1.407610E-02,+0.000000E+00,+9.910000E+37,+5.736559E+03,+3.584400E+04
14:49:09,0e0,+7.139241E+00,+9.466500E-04,+9.910000E+37,+5.736780E+03,+3.584400E+04,+7.139789E+00,+9.466500E-04,+9.910000E+37,+5.736847E+03,+3.584400E+04,+7.141152E+00,+9.466500E-04,+9.910000E+37,+5.736912E+03,+3.584400E+04,-1.321094E-02,+0.000000E+00,+9.910000E+37,+5.736979E+03,+3.584400E+04
14:49:09,0e0,+7.223377E+00,+1.000000E-03,+9.910000E+37,+5.737200E+03,+3.584400E+04,+7.224597E+00,+1.000000E-03,+9.910000E+37,+5.737268E+03,+3.584400E+04,+7.224882E+00,+1.000000E-03,+9.910000E+37,+5.737333E+03,+3.584400E+04,-1.348412E-02,+0.000000E+00,+9.910000E+37,+5.737400E+03,+3.584400E+04
14:49:09,0e0,+7.293950E+00,+1.056500E-03,+9.910000E+37,+5.737624E+03,+3.584400E+04,+7.294719E+00,+1.056500E-03,+9.910000E+37,+5.737690E+03,+3.584400E+04,+7.294318E+00,+1.056500E-03,+9.910000E+37,+5.737757E+03,+3.584400E+04,-9.538871E-02,+0.000000E+00,+9.910000E+37,+5.737823E+03,+3.584400E+04
14:49:09,0e0,+7.374393E+00,+1.116000E-03,+9.910000E+37,+5.738044E+03,+3.584400E+04,+7.377318E+00,+1.116000E-03,+9.910000E+37,+5.738111E+03,+3.584400E+04,+7.377267E+00,+1.116000E-03,+9.910000E+37,+5.738177E+03,+3.584400E+04,-9.670895E-02,+0.000000E+00,+9.910000E+37,+5.738244E+03,+3.584400E+04
14:49:09,0e0,+7.455970E+00,+1.179000E-03,+9.910000E+37,+5.738465E+03,+3.584400E+04,+7.458675E+00,+1.179000E-03,+9.910000E+37,+5.738531E+03,+3.584400E+04,+7.458211E+00,+1.179000E-03,+9.910000E+37,+5.738599E+03,+3.584400E+04,-9.538865E-02,+0.000000E+00,+9.910000E+37,+5.738664E+03,+3.584400E+04
14:49:09,0e0,+7.537110E+00,+1.245000E-03,+9.910000E+37,+5.738889E+03,+3.584400E+04,+7.538489E+00,+1.245000E-03,+9.910000E+37,+5.738956E+03,+3.584400E+04,+7.539116E+00,+1.245000E-03,+9.910000E+37,+5.739023E+03,+3.584400E+04,-9.889433E-02,+0.000000E+00,+9.910000E+37,+5.739089E+03,+3.584400E+04
14:49:09,0e0,+7.617011E+00,+1.315500E-03,+9.910000E+37,+5.739314E+03,+3.584400E+04,+7.619065E+00,+1.315500E-03,+9.910000E+37,+5.739382E+03,+3.584400E+04,+7.618700E+00,+1.315500E-03,+9.910000E+37,+5.739449E+03,+3.584400E+04,-9.456892E-02,+0.000000E+00,+9.910000E+37,+5.739515E+03,+3.584400E+04
14:49:09,0e0,+7.694590E+00,+1.389500E-03,+9.910000E+37,+5.739741E+03,+3.584400E+04,+7.698152E+00,+1.389500E-03,+9.910000E+37,+5.739809E+03,+3.584400E+04,+7.698462E+00,+1.389500E-03,+9.910000E+37,+5.739874E+03,+3.584400E+04,-9.734635E-02,+0.000000E+00,+9.910000E+37,+5.739940E+03,+3.584400E+04
14:49:09,0e0,+7.775082E+00,+1.468000E-03,+9.910000E+37,+5.740167E+03,+3.584400E+04,+7.778336E+00,+1.468000E-03,+9.910000E+37,+5.740234E+03,+3.584400E+04,+7.778635E+00,+1.468000E-03,+9.910000E+37,+5.740300E+03,+3.584400E+04,-9.625401E-02,+0.000000E+00,+9.910000E+37,+5.740366E+03,+3.584400E+04
14:49:09,0e0,+7.853438E+00,+1.550500E-03,+9.910000E+37,+5.740593E+03,+3.584400E+04,+7.857089E+00,+1.550500E-03,+9.910000E+37,+5.740659E+03,+3.584400E+04,+7.856318E+00,+1.550500E-03,+9.910000E+37,+5.740727E+03,+3.584400E+04,-9.302133E-02,+0.000000E+00,+9.910000E+37,+5.740792E+03,+3.584400E+04
14:49:09,0e0,+7.930887E+00,+1.638000E-03,+9.910000E+37,+5.741019E+03,+3.584400E+04,+7.934382E+00,+1.638000E-03,+9.910000E+37,+5.741085E+03,+3.584400E+04,+7.934021E+00,+1.638000E-03,+9.910000E+37,+5.741151E+03,+3.584400E+04,-9.465998E-02,+0.000000E+00,+9.910000E+37,+5.741218E+03,+3.584400E+04
14:49:09,0e0,+8.007667E+00,+1.730000E-03,+9.910000E+37,+5.741442E+03,+3.584400E+04,+8.012106E+00,+1.730000E-03,+9.910000E+37,+5.741510E+03,+3.584400E+04,+8.014385E+00,+1.730000E-03,+9.910000E+37,+5.741577E+03,+3.584400E+04,-9.470588E-02,+0.000000E+00,+9.910000E+37,+5.741643E+03,+3.584400E+04
14:49:09,0e0,+8.087265E+00,+1.827500E-03,+9.910000E+37,+5.741862E+03,+3.584400E+04,+8.090955E+00,+1.827500E-03,+9.910000E+37,+5.741929E+03,+3.584400E+04,+8.090961E+00,+1.827500E-03,+9.910000E+37,+5.741995E+03,+3.584400E+04,-9.379528E-02,+0.000000E+00,+9.910000E+37,+5.742061E+03,+3.584400E+04
14:49:09,0e0,+8.165263E+00,+1.930500E-03,+9.910000E+37,+5.742281E+03,+3.584400E+04,+8.168489E+00,+1.930500E-03,+9.910000E+37,+5.742348E+03,+3.584400E+04,+8.170218E+00,+1.930500E-03,+9.910000E+37,+5.742415E+03,+3.584400E+04,-9.361291E-02,+0.000000E+00,+9.910000E+37,+5.742481E+03,+3.584400E+04
14:49:09,0e0,+8.242747E+00,+2.039500E-03,+9.910000E+37,+5.742705E+03,+3.584400E+04,+8.248067E+00,+2.039500E-03,+9.910000E+37,+5.742771E+03,+3.584400E+04,+8.248694E+00,+2.039500E-03,+9.910000E+37,+5.742838E+03,+3.584400E+04,-9.374951E-02,+0.000000E+00,+9.910000E+37,+5.742904E+03,+3.584400E+04
14:49:09,0e0,+8.321644E+00,+2.154500E-03,+9.910000E+37,+5.743132E+03,+3.584400E+04,+8.328171E+00,+2.154500E-03,+9.910000E+37,+5.743198E+03,+3.584400E+04,+8.328968E+00,+2.154500E-03,+9.910000E+37,+5.743265E+03,+3.584400E+04,-9.411372E-02,+0.000000E+00,+9.910000E+37,+5.743332E+03,+3.584400E+04
14:49:09,0e0,+8.402591E+00,+2.276000E-03,+9.910000E+37,+5.743555E+03,+3.584400E+04,+8.406792E+00,+2.276000E-03,+9.910000E+37,+5.743620E+03,+3.584400E+04,+8.406280E+00,+2.276000E-03,+9.910000E+37,+5.743687E+03,+3.584400E+04,-9.060822E-02,+0.000000E+00,+9.910000E+37,+5.743753E+03,+3.584400E+04
14:49:09,0e0,+8.478577E+00,+2.404000E-03,+9.910000E+37,+5.743979E+03,+3.584400E+04,+8.485416E+00,+2.404000E-03,+9.910000E+37,+5.744045E+03,+3.584400E+04,+8.487464E+00,+2.404000E-03,+9.910000E+37,+5.744111E+03,+3.584400E+04,-9.379527E-02,+0.000000E+00,+9.910000E+37,+5.744178E+03,+3.584400E+04
14:49:09,0e0,+8.559974E+00,+2.539500E-03,+9.910000E+37,+5.744403E+03,+3.584400E+04,+8.565773E+00,+2.539500E-03,+9.910000E+37,+5.744470E+03,+3.584400E+04,+8.567306E+00,+2.539500E-03,+9.910000E+37,+5.744536E+03,+3.584400E+04,-9.324875E-02,+0.000000E+00,+9.910000E+37,+5.744603E+03,+3.584400E+04
14:49:09,0e0,+8.639841E+00,+2.682500E-03,+9.910000E+37,+5.744828E+03,+3.584400E+04,+8.645615E+00,+2.682500E-03,+9.910000E+37,+5.744895E+03,+3.584400E+04,+8.647898E+00,+2.682500E-03,+9.910000E+37,+5.744961E+03,+3.584400E+04,-9.015311E-02,+0.000000E+00,+9.910000E+37,+5.745027E+03,+3.584400E+04
14:49:09,0e0,+8.719878E+00,+2.834000E-03,+9.910000E+37,+5.745254E+03,+3.584400E+04,+8.726700E+00,+2.834000E-03,+9.910000E+37,+5.745320E+03,+3.584400E+04,+8.728990E+00,+2.834000E-03,+9.910000E+37,+5.745388E+03,+3.584400E+04,-9.124576E-02,+0.000000E+00,+9.910000E+37,+5.745454E+03,+3.584400E+04
14:49:09,0e0,+8.801465E+00,+2.993500E-03,+9.910000E+37,+5.745677E+03,+3.584400E+04,+8.807740E+00,+2.993500E-03,+9.910000E+37,+5.745743E+03,+3.584400E+04,+8.810930E+00,+2.993500E-03,+9.910000E+37,+5.745810E+03,+3.584400E+04,-9.033494E-02,+0.000000E+00,+9.910000E+37,+5.745876E+03,+3.584400E+04
14:49:09,0e0,+8.882225E+00,+3.162500E-03,+9.910000E+37,+5.746101E+03,+3.584400E+04,+8.890333E+00,+3.162500E-03,+9.910000E+37,+5.746168E+03,+3.584400E+04,+8.893075E+00,+3.162500E-03,+9.910000E+37,+5.746235E+03,+3.584400E+04,-8.651048E-02,+0.000000E+00,+9.910000E+37,+5.746302E+03,+3.584400E+04
14:49:09,0e0,+8.965634E+00,+3.340500E-03,+9.910000E+37,+5.746525E+03,+3.584400E+04,+8.972504E+00,+3.340500E-03,+9.910000E+37,+5.746592E+03,+3.584400E+04,+8.977237E+00,+3.340500E-03,+9.910000E+37,+5.746659E+03,+3.584400E+04,-9.338571E-02,+0.000000E+00,+9.910000E+37,+5.746725E+03,+3.584400E+04
14:49:09,0e0,+9.047996E+00,+3.528500E-03,+9.910000E+37,+5.746949E+03,+3.584400E+04,+9.055919E+00,+3.528500E-03,+9.910000E+37,+5.747016E+03,+3.584400E+04,+9.059421E+00,+3.528500E-03,+9.910000E+37,+5.747082E+03,+3.584400E+04,-8.778547E-02,+0.000000E+00,+9.910000E+37,+5.747149E+03,+3.584400E+04
14:49:09,0e0,+9.131162E+00,+3.727500E-03,+9.910000E+37,+5.747374E+03,+3.584400E+04,+9.140882E+00,+3.727500E-03,+9.910000E+37,+5.747440E+03,+3.584400E+04,+9.144020E+00,+3.727500E-03,+9.910000E+37,+5.747507E+03,+3.584400E+04,-8.824080E-02,+0.000000E+00,+9.910000E+37,+5.747573E+03,+3.584400E+04
14:49:09,0e0,+9.215450E+00,+3.937500E-03,+9.910000E+37,+5.747798E+03,+3.584400E+04,+9.225702E+00,+3.937500E-03,+9.910000E+37,+5.747864E+03,+3.584400E+04,+9.229832E+00,+3.937500E-03,+9.910000E+37,+5.747931E+03,+3.584400E+04,-8.951555E-02,+0.000000E+00,+9.910000E+37,+5.747997E+03,+3.584400E+04
14:49:09,0e0,+9.302368E+00,+4.159500E-03,+9.910000E+37,+5.748224E+03,+3.584400E+04,+9.311422E+00,+4.159500E-03,+9.910000E+37,+5.748291E+03,+3.584400E+04,+9.316789E+00,+4.159500E-03,+9.910000E+37,+5.748357E+03,+3.584400E+04,-8.555475E-02,+0.000000E+00,+9.910000E+37,+5.748424E+03,+3.584400E+04
14:49:09,0e0,+9.389450E+00,+4.394000E-03,+9.910000E+37,+5.748646E+03,+3.584400E+04,+9.399343E+00,+4.394000E-03,+9.910000E+37,+5.748714E+03,+3.584400E+04,+9.402648E+00,+4.394000E-03,+9.910000E+37,+5.748780E+03,+3.584400E+04,-8.646519E-02,+0.000000E+00,+9.910000E+37,+5.748846E+03,+3.584400E+04
14:49:09,0e0,+9.476043E+00,+4.641500E-03,+9.910000E+37,+5.749072E+03,+3.584400E+04,+9.488033E+00,+4.641500E-03,+9.910000E+37,+5.749139E+03,+3.584400E+04,+9.493075E+00,+4.641500E-03,+9.910000E+37,+5.749205E+03,+3.584400E+04,-8.646536E-02,+0.000000E+00,+9.910000E+37,+5.749272E+03,+3.584400E+04
14:49:09,0e0,+9.566050E+00,+4.903000E-03,+9.910000E+37,+5.749495E+03,+3.584400E+04,+9.579130E+00,+4.903000E-03,+9.910000E+37,+5.749562E+03,+3.584400E+04,+9.582720E+00,+4.903000E-03,+9.910000E+37,+5.749629E+03,+3.584400E+04,-8.204912E-02,+0.000000E+00,+9.910000E+37,+5.749696E+03,+3.584400E+04
14:49:09,0e0,+9.658247E+00,+5.179500E-03,+9.910000E+37,+5.749921E+03,+3.584400E+04,+9.669954E+00,+5.179500E-03,+9.910000E+37,+5.749987E+03,+3.584400E+04,+9.675156E+00,+5.179500E-03,+9.910000E+37,+5.750055E+03,+3.584400E+04,-8.496289E-02,+0.000000E+00,+9.910000E+37,+5.750120E+03,+3.584400E+04
14:49:09,0e0,+9.749332E+00,+5.471500E-03,+9.910000E+37,+5.750344E+03,+3.584400E+04,+9.761455E+00,+5.471500E-03,+9.910000E+37,+5.750411E+03,+3.584400E+04,+9.769530E+00,+5.471500E-03,+9.910000E+37,+5.750478E+03,+3.584400E+04,-8.364236E-02,+0.000000E+00,+9.910000E+37,+5.750544E+03,+3.584400E+04
14:49:09,0e0,+9.844954E+00,+5.779500E-03,+9.910000E+37,+5.750769E+03,+3.584400E+04,+9.859089E+00,+5.779500E-03,+9.910000E+37,+5.750835E+03,+3.584400E+04,+9.863303E+00,+5.779500E-03,+9.910000E+37,+5.750901E+03,+3.584400E+04,-7.981829E-02,+0.000000E+00,+9.910000E+37,+5.750968E+03,+3.584400E+04
14:49:09,0e0,+9.940333E+00,+6.105500E-03,+9.910000E+37,+5.751192E+03,+3.584400E+04,+9.954649E+00,+6.105500E-03,+9.910000E+37,+5.751259E+03,+3.584400E+04,+9.960822E+00,+6.105500E-03,+9.910000E+37,+5.751325E+03,+3.584400E+04,-8.204897E-02,+0.000000E+00,+9.910000E+37,+5.751392E+03,+3.584400E+04
14:49:09,0e0,+1.003888E+01,+6.449500E-03,+9.910000E+37,+5.751617E+03,+3.584400E+04,+1.005256E+01,+6.449500E-03,+9.910000E+37,+5.751684E+03,+3.584400E+04,+1.006073E+01,+6.449500E-03,+9.910000E+37,+5.751750E+03,+3.584400E+04,-7.776949E-02,+0.000000E+00,+9.910000E+37,+5.751817E+03,+3.584400E+04
14:49:09,0e0,+1.013911E+01,+6.813000E-03,+9.910000E+37,+5.752041E+03,+3.584400E+04,+1.015377E+01,+6.813000E-03,+9.910000E+37,+5.752108E+03,+3.584400E+04,+1.015996E+01,+6.813000E-03,+9.910000E+37,+5.752174E+03,+3.584400E+04,-7.954505E-02,+0.000000E+00,+9.910000E+37,+5.752240E+03,+3.584400E+04
14:49:09,0e0,+1.024043E+01,+7.197000E-03,+9.910000E+37,+5.752461E+03,+3.584400E+04,+1.025644E+01,+7.197000E-03,+9.910000E+37,+5.752527E+03,+3.584400E+04,+1.026124E+01,+7.197000E-03,+9.910000E+37,+5.752595E+03,+3.584400E+04,-7.599394E-02,+0.000000E+00,+9.910000E+37,+5.752662E+03,+3.584400E+04
14:49:09,0e0,+1.034581E+01,+7.602500E-03,+9.910000E+37,+5.752883E+03,+3.584400E+04,+1.036143E+01,+7.602500E-03,+9.910000E+37,+5.752949E+03,+3.584400E+04,+1.036752E+01,+7.602500E-03,+9.910000E+37,+5.753016E+03,+3.584400E+04,-7.499202E-02,+0.000000E+00,+9.910000E+37,+5.753082E+03,+3.584400E+04
14:49:09,0e0,+1.045089E+01,+8.031000E-03,+9.910000E+37,+5.753306E+03,+3.584400E+04,+1.046690E+01,+8.031000E-03,+9.910000E+37,+5.753372E+03,+3.584400E+04,+1.047552E+01,+8.031000E-03,+9.910000E+37,+5.753438E+03,+3.584400E+04,-7.512867E-02,+0.000000E+00,+9.910000E+37,+5.753505E+03,+3.584400E+04
14:49:09,0e0,+1.055965E+01,+8.483500E-03,+9.910000E+37,+5.753731E+03,+3.584400E+04,+1.057588E+01,+8.483500E-03,+9.910000E+37,+5.753798E+03,+3.584400E+04,+1.058455E+01,+8.483500E-03,+9.910000E+37,+5.753865E+03,+3.584400E+04,-7.066710E-02,+0.000000E+00,+9.910000E+37,+5.753931E+03,+3.584400E+04
14:49:09,0e0,+1.066916E+01,+8.961500E-03,+9.910000E+37,+5.754157E+03,+3.584400E+04,+1.068703E+01,+8.961500E-03,+9.910000E+37,+5.754225E+03,+3.584400E+04,+1.069374E+01,+8.961500E-03,+9.910000E+37,+5.754291E+03,+3.584400E+04,-7.080398E-02,+0.000000E+00,+9.910000E+37,+5.754357E+03,+3.584400E+04
14:49:09,0e0,+1.078148E+01,+9.466500E-03,+9.910000E+37,+5.754582E+03,+3.584400E+04,+1.079917E+01,+9.466500E-03,+9.910000E+37,+5.754648E+03,+3.584400E+04,+1.080819E+01,+9.466500E-03,+9.910000E+37,+5.754716E+03,+3.584400E+04,-7.048506E-02,+0.000000E+00,+9.910000E+37,+5.754781E+03,+3.584400E+04
