13:48:58,0e0,-1.075711E+00,+1.000000E-07,+9.910000E+37,+2.071141E+03,+3.584400E+04,+5.508372E-02,+1.000000E-07,+9.910000E+37,+2.071208E+03,+3.584400E+04,+5.603993E-02,+1.000000E-07,+9.910000E+37,+2.071274E+03,+3.584400E+04,+5.776599E-03,+0.000000E+00,+9.910000E+37,+2.071342E+03,+3.584400E+04
13:48:58,0e0,-1.175151E+00,+1.056500E-07,+9.910000E+37,+2.071566E+03,+3.584400E+04,+5.726922E-02,+1.056500E-07,+9.910000E+37,+2.071633E+03,+3.584400E+04,+5.681393E-02,+1.056500E-07,+9.910000E+37,+2.071699E+03,+3.584400E+04,+7.096961E-03,+0.000000E+00,+9.910000E+37,+2.071767E+03,+3.584400E+04
13:48:58,0e0,-1.215948E+00,+1.116000E-07,+9.910000E+37,+2.071992E+03,+3.584400E+04,+5.909047E-02,+1.116000E-07,+9.910000E+37,+2.072060E+03,+3.584400E+04,+5.963680E-02,+1.116000E-07,+9.910000E+37,+2.072127E+03,+3.584400E+04,+5.230322E-03,+0.000000E+00,+9.910000E+37,+2.072192E+03,+3.584400E+04
13:48:58,0e0,-1.174784E+00,+1.179000E-07,+9.910000E+37,+2.072417E+03,+3.584400E+04,+5.927229E-02,+1.179000E-07,+9.910000E+37,+2.072483E+03,+3.584400E+04,+5.959094E-02,+1.179000E-07,+9.910000E+37,+2.072550E+03,+3.584400E+04,+5.548969E-03,+0.000000E+00,+9.910000E+37,+2.072617E+03,+3.584400E+04
13:48:58,0e0,-1.020618E+00,+1.245000E-07,+9.910000E+37,+2.072842E+03,+3.584400E+04,+6.136671E-02,+1.245000E-07,+9.910000E+37,+2.072908E+03,+3.584400E+04,+6.154895E-02,+1.245000E-07,+9.910000E+37,+2.072976E+03,+3.584400E+04,+5.184576E-03,+0.000000E+00,+9.910000E+37,+2.073041E+03,+3.584400E+04
13:48:58,0e0,-8.572519E-01,+1.315500E-07,+9.910000E+37,+2.073264E+03,+3.584400E+04,+6.296030E-02,+1.315500E-07,+9.910000E+37,+2.073330E+03,+3.584400E+04,+6.423512E-02,+1.315500E-07,+9.910000E+37,+2.073397E+03,+3.584400E+04,+5.139053E-03,+0.000000E+00,+9.910000E+37,+2.073465E+03,+3.584400E+04
13:48:58,0e0,-7.529858E-01,+1.389500E-07,+9.910000E+37,+2.073688E+03,+3.584400E+04,+6.514603E-02,+1.389500E-07,+9.910000E+37,+2.073754E+03,+3.584400E+04,+6.409895E-02,+1.389500E-07,+9.910000E+37,+2.073821E+03,+3.584400E+04,+7.507026E-03,+0.000000E+00,+9.910000E+37,+2.073887E+03,+3.584400E+04
13:48:58,0e0,-5.843837E-01,+1.468000E-07,+9.910000E+37,+2.074112E+03,+3.584400E+04,+6.523642E-02,+1.468000E-07,+9.910000E+37,+2.074178E+03,+3.584400E+04,+6.623849E-02,+1.468000E-07,+9.910000E+37,+2.074244E+03,+3.584400E+04,+4.957229E-03,+0.000000E+00,+9.910000E+37,+2.074311E+03,+3.584400E+04
13:48:58,0e0,-5.149945E-01,+1.550500E-07,+9.910000E+37,+2.074537E+03,+3.584400E+04,+6.778616E-02,+1.550500E-07,+9.910000E+37,+2.074604E+03,+3.584400E+04,+6.655625E-02,+1.550500E-07,+9.910000E+37,+2.074672E+03,+3.584400E+04,+5.002603E-03,+0.000000E+00,+9.910000E+37,+2.074739E+03,+3.584400E+04
13:48:58,0e0,-3.131092E-01,+1.638000E-07,+9.910000E+37,+2.074960E+03,+3.584400E+04,+6.978926E-02,+1.638000E-07,+9.910000E+37,+2.075025E+03,+3.584400E+04,+6.951645E-02,+1.638000E-07,+9.910000E+37,+2.075092E+03,+3.584400E+04,+5.139276E-03,+0.000000E+00,+9.910000E+37,+2.075158E+03,+3.584400E+04
13:48:58,0e0,-2.403504E-01,+1.730000E-07,+9.910000E+37,+2.075382E+03,+3.584400E+04,+7.019889E-02,+1.730000E-07,+9.910000E+37,+2.075448E+03,+3.584400E+04,+7.174724E-02,+1.730000E-07,+9.910000E+37,+2.075515E+03,+3.584400E+04,+5.913228E-03,+0.000000E+00,+9.910000E+37,+2.075581E+03,+3.584400E+04
13:48:58,0e0,-1.444667E-01,+1.827500E-07,+9.910000E+37,+2.075803E+03,+3.584400E+04,+7.183805E-02,+1.827500E-07,+9.910000E+37,+2.075868E+03,+3.584400E+04,+7.457003E-02,+1.827500E-07,+9.910000E+37,+2.075936E+03,+3.584400E+04,+5.503759E-03,+0.000000E+00,+9.910000E+37,+2.076001E+03,+3.584400E+04
13:48:58,0e0,-1.146000E-01,+1.930500E-07,+9.910000E+37,+2.076228E+03,+3.584400E+04,+7.543507E-02,+1.930500E-07,+9.910000E+37,+2.076293E+03,+3.584400E+04,+7.507083E-02,+1.930500E-07,+9.910000E+37,+2.076360E+03,+3.584400E+04,+5.685583E-03,+0.000000E+00,+9.910000E+37,+2.076426E+03,+3.584400E+04
13:48:58,0e0,-4.831085E-02,+2.039500E-07,+9.910000E+37,+2.076649E+03,+3.584400E+04,+7.671022E-02,+2.039500E-07,+9.910000E+37,+2.076716E+03,+3.584400E+04,+7.602695E-02,+2.039500E-07,+9.910000E+37,+2.076782E+03,+3.584400E+04,+6.596282E-03,+0.000000E+00,+9.910000E+37,+2.076850E+03,+3.584400E+04
13:48:58,0e0,+1.283345E-02,+2.154500E-07,+9.910000E+37,+2.077074E+03,+3.584400E+04,+7.944149E-02,+2.154500E-07,+9.910000E+37,+2.077142E+03,+3.584400E+04,+7.884970E-02,+2.154500E-07,+9.910000E+37,+2.077208E+03,+3.584400E+04,+5.093738E-03,+0.000000E+00,+9.910000E+37,+2.077273E+03,+3.584400E+04
13:48:58,0e0,+6.887913E-02,+2.276000E-07,+9.910000E+37,+2.077500E+03,+3.584400E+04,+7.921410E-02,+2.276000E-07,+9.910000E+37,+2.077567E+03,+3.584400E+04,+8.012438E-02,+2.276000E-07,+9.910000E+37,+2.077635E+03,+3.584400E+04,+5.321488E-03,+0.000000E+00,+9.910000E+37,+2.077700E+03,+3.584400E+04
13:48:58,0e0,+7.803029E-02,+2.404000E-07,+9.910000E+37,+2.077927E+03,+3.584400E+04,+8.226418E-02,+2.404000E-07,+9.910000E+37,+2.077993E+03,+3.584400E+04,+8.171779E-02,+2.404000E-07,+9.910000E+37,+2.078060E+03,+3.584400E+04,+5.002692E-03,+0.000000E+00,+9.910000E+37,+2.078126E+03,+3.584400E+04
13:48:58,0e0,+8.317518E-02,+2.539500E-07,+9.910000E+37,+2.078351E+03,+3.584400E+04,+8.385745E-02,+2.539500E-07,+9.910000E+37,+2.078416E+03,+3.584400E+04,+8.226386E-02,+2.539500E-07,+9.910000E+37,+2.078482E+03,+3.584400E+04,+4.319519E-03,+0.000000E+00,+9.910000E+37,+2.078549E+03,+3.584400E+04
13:48:58,0e0,+8.513221E-02,+2.682500E-07,+9.910000E+37,+2.078773E+03,+3.584400E+04,+8.536038E-02,+2.682500E-07,+9.910000E+37,+2.078839E+03,+3.584400E+04,+8.567920E-02,+2.682500E-07,+9.910000E+37,+2.078906E+03,+3.584400E+04,+5.549103E-03,+0.000000E+00,+9.910000E+37,+2.078972E+03,+3.584400E+04
13:48:58,0e0,+8.658949E-02,+2.834000E-07,+9.910000E+37,+2.079194E+03,+3.584400E+04,+8.923021E-02,+2.834000E-07,+9.910000E+37,+2.079261E+03,+3.584400E+04,+8.754554E-02,+2.834000E-07,+9.910000E+37,+2.079327E+03,+3.584400E+04,+5.230501E-03,+0.000000E+00,+9.910000E+37,+2.079394E+03,+3.584400E+04
13:48:58,0e0,+8.831951E-02,+2.993500E-07,+9.910000E+37,+2.079618E+03,+3.584400E+04,+8.923009E-02,+2.993500E-07,+9.910000E+37,+2.079685E+03,+3.584400E+04,+8.918476E-02,+2.993500E-07,+9.910000E+37,+2.079750E+03,+3.584400E+04,+6.277516E-03,+0.000000E+00,+9.910000E+37,+2.079816E+03,+3.584400E+04
13:48:58,0e0,+9.032235E-02,+3.162500E-07,+9.910000E+37,+2.080041E+03,+3.584400E+04,+9.064108E-02,+3.162500E-07,+9.910000E+37,+2.080106E+03,+3.584400E+04,+8.991286E-02,+3.162500E-07,+9.910000E+37,+2.080173E+03,+3.584400E+04,+6.095380E-03,+0.000000E+00,+9.910000E+37,+2.080240E+03,+3.584400E+04
13:48:58,0e0,+9.269056E-02,+3.340500E-07,+9.910000E+37,+2.080467E+03,+3.584400E+04,+9.305453E-02,+3.340500E-07,+9.910000E+37,+2.080533E+03,+3.584400E+04,+9.332773E-02,+3.340500E-07,+9.910000E+37,+2.080599E+03,+3.584400E+04,+5.503520E-03,+0.000000E+00,+9.910000E+37,+2.080665E+03,+3.584400E+04
13:48:58,0e0,+9.487563E-02,+3.528500E-07,+9.910000E+37,+2.080891E+03,+3.584400E+04,+9.396461E-02,+3.528500E-07,+9.910000E+37,+2.080957E+03,+3.584400E+04,+9.528518E-02,+3.528500E-07,+9.910000E+37,+2.081024E+03,+3.584400E+04,+5.406439E-04,+0.000000E+00,+9.910000E+37,+2.081090E+03,+3.584400E+04
13:48:58,0e0,+9.733433E-02,+3.727500E-07,+9.910000E+37,+2.081316E+03,+3.584400E+04,+9.660557E-02,+3.727500E-07,+9.910000E+37,+2.081383E+03,+3.584400E+04,+9.774366E-02,+3.727500E-07,+9.910000E+37,+2.081449E+03,+3.584400E+04,-3.738731E-03,+0.000000E+00,+9.910000E+37,+2.081516E+03,+3.584400E+04
13:48:58,0e0,+9.865466E-02,+3.937500E-07,+9.910000E+37,+2.081740E+03,+3.584400E+04,+9.828997E-02,+3.937500E-07,+9.910000E+37,+2.081808E+03,+3.584400E+04,+9.792590E-02,+3.937500E-07,+9.910000E+37,+2.081874E+03,+3.584400E+04,-3.023626E-02,+0.000000E+00,+9.910000E+37,+2.081940E+03,+3.584400E+04
13:48:58,0e0,+9.974691E-02,+4.159500E-07,+9.910000E+37,+2.082165E+03,+3.584400E+04,+1.005207E-01,+4.159500E-07,+9.910000E+37,+2.082230E+03,+3.584400E+04,+1.007487E-01,+4.159500E-07,+9.910000E+37,+2.082298E+03,+3.584400E+04,-8.354972E-02,+0.000000E+00,+9.910000E+37,+2.082365E+03,+3.584400E+04
13:48:58,0e0,+1.029800E-01,+4.394000E-07,+9.910000E+37,+2.082591E+03,+3.584400E+04,+1.028885E-01,+4.394000E-07,+9.910000E+37,+2.082656E+03,+3.584400E+04,+1.027064E-01,+4.394000E-07,+9.910000E+37,+2.082723E+03,+3.584400E+04,-1.741056E-01,+0.000000E+00,+9.910000E+37,+2.082790E+03,+3.584400E+04
13:48:58,0e0,+1.053015E-01,+4.641500E-07,+9.910000E+37,+2.083012E+03,+3.584400E+04,+1.048007E-01,+4.641500E-07,+9.910000E+37,+2.083079E+03,+3.584400E+04,+1.061664E-01,+4.641500E-07,+9.910000E+37,+2.083145E+03,+3.584400E+04,-2.675780E-01,+0.000000E+00,+9.910000E+37,+2.083212E+03,+3.584400E+04
13:48:58,0e0,+1.073502E-01,+4.903000E-07,+9.910000E+37,+2.083439E+03,+3.584400E+04,+1.063029E-01,+4.903000E-07,+9.910000E+37,+2.083507E+03,+3.584400E+04,+1.079425E-01,+4.903000E-07,+9.910000E+37,+2.083574E+03,+3.584400E+04,-4.004833E-01,+0.000000E+00,+9.910000E+37,+2.083641E+03,+3.584400E+04
13:48:58,0e0,+1.092168E-01,+5.179500E-07,+9.910000E+37,+2.083865E+03,+3.584400E+04,+1.097632E-01,+5.179500E-07,+9.910000E+37,+2.083931E+03,+3.584400E+04,+1.090350E-01,+5.179500E-07,+9.910000E+37,+2.083997E+03,+3.584400E+04,-5.313399E-01,+0.000000E+00,+9.910000E+37,+2.084064E+03,+3.584400E+04
13:48:58,0e0,+1.118577E-01,+5.471500E-07,+9.910000E+37,+2.084289E+03,+3.584400E+04,+1.110834E-01,+5.471500E-07,+9.910000E+37,+2.084355E+03,+3.584400E+04,+1.111290E-01,+5.471500E-07,+9.910000E+37,+2.084423E+03,+3.584400E+04,-7.094584E-01,+0.000000E+00,+9.910000E+37,+2.084488E+03,+3.584400E+04
13:48:58,0e0,+1.137245E-01,+5.779500E-07,+9.910000E+37,+2.084714E+03,+3.584400E+04,+1.140888E-01,+5.779500E-07,+9.910000E+37,+2.084780E+03,+3.584400E+04,+1.128129E-01,+5.779500E-07,+9.910000E+37,+2.084847E+03,+3.584400E+04,-8.863003E-01,+0.000000E+00,+9.910000E+37,+2.084914E+03,+3.584400E+04
13:48:58,0e0,+1.163195E-01,+6.105500E-07,+9.910000E+37,+2.085139E+03,+3.584400E+04,+1.166830E-01,+6.105500E-07,+9.910000E+37,+2.085204E+03,+3.584400E+04,+1.159552E-01,+6.105500E-07,+9.910000E+37,+2.085271E+03,+3.584400E+04,-1.094878E+00,+0.000000E+00,+9.910000E+37,+2.085338E+03,+3.584400E+04
13:48:58,0e0,+1.198252E-01,+6.449500E-07,+9.910000E+37,+2.085560E+03,+3.584400E+04,+1.184594E-01,+6.449500E-07,+9.910000E+37,+2.085626E+03,+3.584400E+04,+1.190963E-01,+6.449500E-07,+9.910000E+37,+2.085692E+03,+3.584400E+04,-1.291254E+00,+0.000000E+00,+9.910000E+37,+2.085759E+03,+3.584400E+04
13:48:58,0e0,+1.207358E-01,+6.813000E-07,+9.910000E+37,+2.085982E+03,+3.584400E+04,+1.219650E-01,+6.813000E-07,+9.910000E+37,+2.086049E+03,+3.584400E+04,+1.200066E-01,+6.813000E-07,+9.910000E+37,+2.086115E+03,+3.584400E+04,-1.526103E+00,+0.000000E+00,+9.910000E+37,+2.086183E+03,+3.584400E+04
13:48:58,0e0,+1.244233E-01,+7.197000E-07,+9.910000E+37,+2.086403E+03,+3.584400E+04,+1.238770E-01,+7.197000E-07,+9.910000E+37,+2.086471E+03,+3.584400E+04,+1.226935E-01,+7.197000E-07,+9.910000E+37,+2.086536E+03,+3.584400E+04,-1.789044E+00,+0.000000E+00,+9.910000E+37,+2.086603E+03,+3.584400E+04
13:48:58,0e0,+1.266089E-01,+7.602500E-07,+9.910000E+37,+2.086829E+03,+3.584400E+04,+1.261989E-01,+7.602500E-07,+9.910000E+37,+2.086896E+03,+3.584400E+04,+1.260624E-01,+7.602500E-07,+9.910000E+37,+2.086962E+03,+3.584400E+04,-2.035825E+00,+0.000000E+00,+9.910000E+37,+2.087029E+03,+3.584400E+04
13:48:58,0e0,+1.277013E-01,+8.031000E-07,+9.910000E+37,+2.087254E+03,+3.584400E+04,+1.283387E-01,+8.031000E-07,+9.910000E+37,+2.087321E+03,+3.584400E+04,+1.292948E-01,+8.031000E-07,+9.910000E+37,+2.087387E+03,+3.584400E+04,-2.320030E+00,+0.000000E+00,+9.910000E+37,+2.087453E+03,+3.584400E+04
13:48:58,0e0,+1.311159E-01,+8.483500E-07,+9.910000E+37,+2.087680E+03,+3.584400E+04,+1.297499E-01,+8.483500E-07,+9.910000E+37,+2.087745E+03,+3.584400E+04,+1.312527E-01,+8.483500E-07,+9.910000E+37,+2.087812E+03,+3.584400E+04,-2.626456E+00,+0.000000E+00,+9.910000E+37,+2.087879E+03,+3.584400E+04
13:48:58,0e0,+1.339389E-01,+8.961500E-07,+9.910000E+37,+2.088105E+03,+3.584400E+04,+1.340753E-01,+8.961500E-07,+9.910000E+37,+2.088171E+03,+3.584400E+04,+1.332102E-01,+8.961500E-07,+9.910000E+37,+2.088237E+03,+3.584400E+04,-2.925456E+00,+0.000000E+00,+9.910000E+37,+2.088304E+03,+3.584400E+04
13:48:58,0e0,+1.355325E-01,+9.466500E-07,+9.910000E+37,+2.088529E+03,+3.584400E+04,+1.359418E-01,+9.466500E-07,+9.910000E+37,+2.088597E+03,+3.584400E+04,+1.352136E-01,+9.466500E-07,+9.910000E+37,+2.088664E+03,+3.584400E+04,-3.316110E+00,+0.000000E+00,+9.910000E+37,+2.088729E+03,+3.584400E+04
13:48:58,0e0,+1.392202E-01,+1.000000E-06,+9.910000E+37,+2.088953E+03,+3.584400E+04,+1.392656E-01,+1.000000E-06,+9.910000E+37,+2.089021E+03,+3.584400E+04,+1.380359E-01,+1.000000E-06,+9.910000E+37,+2.089087E+03,+3.584400E+04,-3.715106E+00,+0.000000E+00,+9.910000E+37,+2.089152E+03,+3.584400E+04
13:48:58,0e0,+1.307975E-01,+1.056500E-06,+9.910000E+37,+2.089375E+03,+3.584400E+04,+1.301600E-01,+1.056500E-06,+9.910000E+37,+2.089441E+03,+3.584400E+04,+1.292493E-01,+1.056500E-06,+9.910000E+37,+2.089508E+03,+3.584400E+04,+5.321354E-03,+0.000000E+00,+9.910000E+37,+2.089574E+03,+3.584400E+04
13:48:58,0e0,+1.311159E-01,+1.116000E-06,+9.910000E+37,+2.089795E+03,+3.584400E+04,+1.322545E-01,+1.116000E-06,+9.910000E+37,+2.089861E+03,+3.584400E+04,+1.303413E-01,+1.116000E-06,+9.910000E+37,+2.089929E+03,+3.584400E+04,+6.505132E-03,+0.000000E+00,+9.910000E+37,+2.089996E+03,+3.584400E+04
13:48:58,0e0,+1.332565E-01,+1.179000E-06,+9.910000E+37,+2.090218E+03,+3.584400E+04,+1.339850E-01,+1.179000E-06,+9.910000E+37,+2.090283E+03,+3.584400E+04,+1.335747E-01,+1.179000E-06,+9.910000E+37,+2.090351E+03,+3.584400E+04,+5.958796E-03,+0.000000E+00,+9.910000E+37,+2.090418E+03,+3.584400E+04
13:48:58,0e0,+1.353956E-01,+1.245000E-06,+9.910000E+37,+2.090642E+03,+3.584400E+04,+1.358511E-01,+1.245000E-06,+9.910000E+37,+2.090708E+03,+3.584400E+04,+1.368527E-01,+1.245000E-06,+9.910000E+37,+2.090774E+03,+3.584400E+04,+5.321383E-03,+0.000000E+00,+9.910000E+37,+2.090842E+03,+3.584400E+04
13:48:58,0e0,+1.380370E-01,+1.315500E-06,+9.910000E+37,+2.091067E+03,+3.584400E+04,+1.385373E-01,+1.315500E-06,+9.910000E+37,+2.091135E+03,+3.584400E+04,+1.376722E-01,+1.315500E-06,+9.910000E+37,+2.091200E+03,+3.584400E+04,+7.142499E-03,+0.000000E+00,+9.910000E+37,+2.091267E+03,+3.584400E+04
13:48:58,0e0,+1.385822E-01,+1.389500E-06,+9.910000E+37,+2.091491E+03,+3.584400E+04,+1.401307E-01,+1.389500E-06,+9.910000E+37,+2.091559E+03,+3.584400E+04,+1.398119E-01,+1.389500E-06,+9.910000E+37,+2.091626E+03,+3.584400E+04,+4.000708E-03,+0.000000E+00,+9.910000E+37,+2.091691E+03,+3.584400E+04
13:48:58,0e0,+1.416784E-01,+1.468000E-06,+9.910000E+37,+2.091912E+03,+3.584400E+04,+1.426803E-01,+1.468000E-06,+9.910000E+37,+2.091979E+03,+3.584400E+04,+1.422247E-01,+1.468000E-06,+9.910000E+37,+2.092046E+03,+3.584400E+04,+5.321532E-03,+0.000000E+00,+9.910000E+37,+2.092113E+03,+3.584400E+04
13:48:58,0e0,+1.443194E-01,+1.550500E-06,+9.910000E+37,+2.092334E+03,+3.584400E+04,+1.440004E-01,+1.550500E-06,+9.910000E+37,+2.092400E+03,+3.584400E+04,+1.445471E-01,+1.550500E-06,+9.910000E+37,+2.092468E+03,+3.584400E+04,+5.776659E-03,+0.000000E+00,+9.910000E+37,+2.092535E+03,+3.584400E+04
13:48:58,0e0,+1.469145E-01,+1.638000E-06,+9.910000E+37,+2.092761E+03,+3.584400E+04,+1.462314E-01,+1.638000E-06,+9.910000E+37,+2.092828E+03,+3.584400E+04,+1.470510E-01,+1.638000E-06,+9.910000E+37,+2.092894E+03,+3.584400E+04,+4.638776E-03,+0.000000E+00,+9.910000E+37,+2.092960E+03,+3.584400E+04
13:48:58,0e0,+1.478702E-01,+1.730000E-06,+9.910000E+37,+2.093185E+03,+3.584400E+04,+1.477795E-01,+1.730000E-06,+9.910000E+37,+2.093251E+03,+3.584400E+04,+1.475058E-01,+1.730000E-06,+9.910000E+37,+2.093318E+03,+3.584400E+04,+5.367070E-03,+0.000000E+00,+9.910000E+37,+2.093384E+03,+3.584400E+04
13:48:58,0e0,+1.503747E-01,+1.827500E-06,+9.910000E+37,+2.093608E+03,+3.584400E+04,+1.501460E-01,+1.827500E-06,+9.910000E+37,+2.093675E+03,+3.584400E+04,+1.505112E-01,+1.827500E-06,+9.910000E+37,+2.093741E+03,+3.584400E+04,+6.687269E-03,+0.000000E+00,+9.910000E+37,+2.093809E+03,+3.584400E+04
13:48:58,0e0,+1.527874E-01,+1.930500E-06,+9.910000E+37,+2.094034E+03,+3.584400E+04,+1.527876E-01,+1.930500E-06,+9.910000E+37,+2.094101E+03,+3.584400E+04,+1.540621E-01,+1.930500E-06,+9.910000E+37,+2.094167E+03,+3.584400E+04,+5.548865E-03,+0.000000E+00,+9.910000E+37,+2.094234E+03,+3.584400E+04
13:48:58,0e0,+1.546541E-01,+2.039500E-06,+9.910000E+37,+2.094455E+03,+3.584400E+04,+1.546536E-01,+2.039500E-06,+9.910000E+37,+2.094522E+03,+3.584400E+04,+1.551100E-01,+2.039500E-06,+9.910000E+37,+2.094588E+03,+3.584400E+04,+5.457893E-03,+0.000000E+00,+9.910000E+37,+2.094654E+03,+3.584400E+04
13:48:58,0e0,+1.573861E-01,+2.154500E-06,+9.910000E+37,+2.094880E+03,+3.584400E+04,+1.562473E-01,+2.154500E-06,+9.910000E+37,+2.094946E+03,+3.584400E+04,+1.582053E-01,+2.154500E-06,+9.910000E+37,+2.095014E+03,+3.584400E+04,+4.592836E-03,+0.000000E+00,+9.910000E+37,+2.095079E+03,+3.584400E+04
13:48:58,0e0,+1.602084E-01,+2.276000E-06,+9.910000E+37,+2.095304E+03,+3.584400E+04,+1.596618E-01,+2.276000E-06,+9.910000E+37,+2.095371E+03,+3.584400E+04,+1.593892E-01,+2.276000E-06,+9.910000E+37,+2.095437E+03,+3.584400E+04,+4.774764E-03,+0.000000E+00,+9.910000E+37,+2.095503E+03,+3.584400E+04
13:48:58,0e0,+1.624856E-01,+2.404000E-06,+9.910000E+37,+2.095729E+03,+3.584400E+04,+1.628492E-01,+2.404000E-06,+9.910000E+37,+2.095797E+03,+3.584400E+04,+1.625306E-01,+2.404000E-06,+9.910000E+37,+2.095862E+03,+3.584400E+04,+5.138993E-03,+0.000000E+00,+9.910000E+37,+2.095929E+03,+3.584400E+04
13:48:58,0e0,+1.653533E-01,+2.539500E-06,+9.910000E+37,+2.096153E+03,+3.584400E+04,+1.651255E-01,+2.539500E-06,+9.910000E+37,+2.096220E+03,+3.584400E+04,+1.649892E-01,+2.539500E-06,+9.910000E+37,+2.096287E+03,+3.584400E+04,+6.277502E-03,+0.000000E+00,+9.910000E+37,+2.096354E+03,+3.584400E+04
13:48:58,0e0,+1.670377E-01,+2.682500E-06,+9.910000E+37,+2.096578E+03,+3.584400E+04,+1.659904E-01,+2.682500E-06,+9.910000E+37,+2.096645E+03,+3.584400E+04,+1.669473E-01,+2.682500E-06,+9.910000E+37,+2.096711E+03,+3.584400E+04,+4.273847E-03,+0.000000E+00,+9.910000E+37,+2.096777E+03,+3.584400E+04
13:48:58,0e0,+1.683577E-01,+2.834000E-06,+9.910000E+37,+2.097003E+03,+3.584400E+04,+1.699062E-01,+2.834000E-06,+9.910000E+37,+2.097069E+03,+3.584400E+04,+1.703163E-01,+2.834000E-06,+9.910000E+37,+2.097136E+03,+3.584400E+04,+4.911646E-03,+0.000000E+00,+9.910000E+37,+2.097202E+03,+3.584400E+04
13:48:58,0e0,+1.725012E-01,+2.993500E-06,+9.910000E+37,+2.097427E+03,+3.584400E+04,+1.717722E-01,+2.993500E-06,+9.910000E+37,+2.097493E+03,+3.584400E+04,+1.722277E-01,+2.993500E-06,+9.910000E+37,+2.097560E+03,+3.584400E+04,+5.958691E-03,+0.000000E+00,+9.910000E+37,+2.097626E+03,+3.584400E+04
13:48:58,0e0,+1.764626E-01,+3.162500E-06,+9.910000E+37,+2.097852E+03,+3.584400E+04,+1.728195E-01,+3.162500E-06,+9.910000E+37,+2.097918E+03,+3.584400E+04,+1.741400E-01,+3.162500E-06,+9.910000E+37,+2.097983E+03,+3.584400E+04,+6.550685E-03,+0.000000E+00,+9.910000E+37,+2.098050E+03,+3.584400E+04
13:48:58,0e0,+1.763711E-01,+3.340500E-06,+9.910000E+37,+2.098273E+03,+3.584400E+04,+1.773727E-01,+3.340500E-06,+9.910000E+37,+2.098340E+03,+3.584400E+04,+1.772360E-01,+3.340500E-06,+9.910000E+37,+2.098407E+03,+3.584400E+04,+4.820392E-03,+0.000000E+00,+9.910000E+37,+2.098474E+03,+3.584400E+04
13:48:58,0e0,+1.805600E-01,+3.528500E-06,+9.910000E+37,+2.098695E+03,+3.584400E+04,+1.796493E-01,+3.528500E-06,+9.910000E+37,+2.098763E+03,+3.584400E+04,+1.787387E-01,+3.528500E-06,+9.910000E+37,+2.098828E+03,+3.584400E+04,+4.775003E-03,+0.000000E+00,+9.910000E+37,+2.098895E+03,+3.584400E+04
13:48:58,0e0,+1.814254E-01,+3.727500E-06,+9.910000E+37,+2.099119E+03,+3.584400E+04,+1.821990E-01,+3.727500E-06,+9.910000E+37,+2.099187E+03,+3.584400E+04,+1.822443E-01,+3.727500E-06,+9.910000E+37,+2.099253E+03,+3.584400E+04,+4.001081E-03,+0.000000E+00,+9.910000E+37,+2.099319E+03,+3.584400E+04
13:48:58,0e0,+1.853403E-01,+3.937500E-06,+9.910000E+37,+2.099543E+03,+3.584400E+04,+1.847484E-01,+3.937500E-06,+9.910000E+37,+2.099609E+03,+3.584400E+04,+1.852491E-01,+3.937500E-06,+9.910000E+37,+2.099676E+03,+3.584400E+04,-9.156555E-03,+0.000000E+00,+9.910000E+37,+2.099742E+03,+3.584400E+04
13:48:58,0e0,+1.890280E-01,+4.159500E-06,+9.910000E+37,+2.099967E+03,+3.584400E+04,+1.874798E-01,+4.159500E-06,+9.910000E+37,+2.100033E+03,+3.584400E+04,+1.886186E-01,+4.159500E-06,+9.910000E+37,+2.100100E+03,+3.584400E+04,-3.374177E-02,+0.000000E+00,+9.910000E+37,+2.100167E+03,+3.584400E+04
13:48:58,0e0,+1.905763E-01,+4.394000E-06,+9.910000E+37,+2.100389E+03,+3.584400E+04,+1.898931E-01,+4.394000E-06,+9.910000E+37,+2.100455E+03,+3.584400E+04,+1.906672E-01,+4.394000E-06,+9.910000E+37,+2.100522E+03,+3.584400E+04,-1.099109E-01,+0.000000E+00,+9.910000E+37,+2.100590E+03,+3.584400E+04
13:48:58,0e0,+1.938539E-01,+4.641500E-06,+9.910000E+37,+2.100815E+03,+3.584400E+04,+1.938997E-01,+4.641500E-06,+9.910000E+37,+2.100883E+03,+3.584400E+04,+1.917136E-01,+4.641500E-06,+9.910000E+37,+2.100948E+03,+3.584400E+04,-2.025153E-01,+0.000000E+00,+9.910000E+37,+2.101015E+03,+3.584400E+04
13:48:58,0e0,+1.970409E-01,+4.903000E-06,+9.910000E+37,+2.101239E+03,+3.584400E+04,+1.950824E-01,+4.903000E-06,+9.910000E+37,+2.101306E+03,+3.584400E+04,+1.964042E-01,+4.903000E-06,+9.910000E+37,+2.101372E+03,+3.584400E+04,-3.223974E-01,+0.000000E+00,+9.910000E+37,+2.101438E+03,+3.584400E+04
13:48:58,0e0,+1.991353E-01,+5.179500E-06,+9.910000E+37,+2.101665E+03,+3.584400E+04,+1.984977E-01,+5.179500E-06,+9.910000E+37,+2.101732E+03,+3.584400E+04,+1.994086E-01,+5.179500E-06,+9.910000E+37,+2.101798E+03,+3.584400E+04,-4.550754E-01,+0.000000E+00,+9.910000E+37,+2.101864E+03,+3.584400E+04
13:48:58,0e0,+2.024589E-01,+5.471500E-06,+9.910000E+37,+2.102088E+03,+3.584400E+04,+2.030962E-01,+5.471500E-06,+9.910000E+37,+2.102155E+03,+3.584400E+04,+2.012752E-01,+5.471500E-06,+9.910000E+37,+2.102221E+03,+3.584400E+04,-6.338304E-01,+0.000000E+00,+9.910000E+37,+2.102288E+03,+3.584400E+04
13:48:58,0e0,+2.044625E-01,+5.779500E-06,+9.910000E+37,+2.102508E+03,+3.584400E+04,+2.055547E-01,+5.779500E-06,+9.910000E+37,+2.102574E+03,+3.584400E+04,+2.039608E-01,+5.779500E-06,+9.910000E+37,+2.102641E+03,+3.584400E+04,-8.034340E-01,+0.000000E+00,+9.910000E+37,+2.102708E+03,+3.584400E+04
13:48:58,0e0,+2.076042E-01,+6.105500E-06,+9.910000E+37,+2.102935E+03,+3.584400E+04,+2.080132E-01,+6.105500E-06,+9.910000E+37,+2.103001E+03,+3.584400E+04,+2.077406E-01,+6.105500E-06,+9.910000E+37,+2.103067E+03,+3.584400E+04,-9.985802E-01,+0.000000E+00,+9.910000E+37,+2.103134E+03,+3.584400E+04
13:48:58,0e0,+2.123839E-01,+6.449500E-06,+9.910000E+37,+2.103357E+03,+3.584400E+04,+2.101986E-01,+6.449500E-06,+9.910000E+37,+2.103424E+03,+3.584400E+04,+2.117464E-01,+6.449500E-06,+9.910000E+37,+2.103489E+03,+3.584400E+04,-1.196868E+00,+0.000000E+00,+9.910000E+37,+2.103556E+03,+3.584400E+04
13:48:58,0e0,+2.141595E-01,+6.813000E-06,+9.910000E+37,+2.103778E+03,+3.584400E+04,+2.137042E-01,+6.813000E-06,+9.910000E+37,+2.103845E+03,+3.584400E+04,+2.138403E-01,+6.813000E-06,+9.910000E+37,+2.103911E+03,+3.584400E+04,-1.388692E+00,+0.000000E+00,+9.910000E+37,+2.103978E+03,+3.584400E+04
13:48:58,0e0,+2.175747E-01,+7.197000E-06,+9.910000E+37,+2.104203E+03,+3.584400E+04,+2.171192E-01,+7.197000E-06,+9.910000E+37,+2.104270E+03,+3.584400E+04,+2.170280E-01,+7.197000E-06,+9.910000E+37,+2.104336E+03,+3.584400E+04,-1.669981E+00,+0.000000E+00,+9.910000E+37,+2.104403E+03,+3.584400E+04
13:48:58,0e0,+2.207163E-01,+7.602500E-06,+9.910000E+37,+2.104630E+03,+3.584400E+04,+2.205332E-01,+7.602500E-06,+9.910000E+37,+2.104697E+03,+3.584400E+04,+2.204879E-01,+7.602500E-06,+9.910000E+37,+2.104763E+03,+3.584400E+04,-1.893085E+00,+0.000000E+00,+9.910000E+37,+2.104829E+03,+3.584400E+04
13:48:58,0e0,+2.248586E-01,+8.031000E-06,+9.910000E+37,+2.105056E+03,+3.584400E+04,+2.234925E-01,+8.031000E-06,+9.910000E+37,+2.105123E+03,+3.584400E+04,+2.239944E-01,+8.031000E-06,+9.910000E+37,+2.105188E+03,+3.584400E+04,-2.188858E+00,+0.000000E+00,+9.910000E+37,+2.105255E+03,+3.584400E+04
13:48:58,0e0,+2.280452E-01,+8.483500E-06,+9.910000E+37,+2.105479E+03,+3.584400E+04,+2.278638E-01,+8.483500E-06,+9.910000E+37,+2.105547E+03,+3.584400E+04,+2.272265E-01,+8.483500E-06,+9.910000E+37,+2.105612E+03,+3.584400E+04,-2.476430E+00,+0.000000E+00,+9.910000E+37,+2.105679E+03,+3.584400E+04
13:48:58,0e0,+2.310506E-01,+8.961500E-06,+9.910000E+37,+2.105901E+03,+3.584400E+04,+2.309591E-01,+8.961500E-06,+9.910000E+37,+2.105968E+03,+3.584400E+04,+2.303672E-01,+8.961500E-06,+9.910000E+37,+2.106035E+03,+3.584400E+04,-2.807301E+00,+0.000000E+00,+9.910000E+37,+2.106101E+03,+3.584400E+04
13:48:58,0e0,+2.346016E-01,+9.466500E-06,+9.910000E+37,+2.106328E+03,+3.584400E+04,+2.352845E-01,+9.466500E-06,+9.910000E+37,+2.106394E+03,+3.584400E+04,+2.354668E-01,+9.466500E-06,+9.910000E+37,+2.106460E+03,+3.584400E+04,-3.137317E+00,+0.000000E+00,+9.910000E+37,+2.106527E+03,+3.584400E+04
13:48:58,0e0,+2.378798E-01,+1.000000E-05,+9.910000E+37,+2.106748E+03,+3.584400E+04,+2.377886E-01,+1.000000E-05,+9.910000E+37,+2.106813E+03,+3.584400E+04,+2.381074E-01,+1.000000E-05,+9.910000E+37,+2.106880E+03,+3.584400E+04,-3.545726E+00,+0.000000E+00,+9.910000E+37,+2.106946E+03,+3.584400E+04
13:48:58,0e0,+2.306407E-01,+1.056500E-05,+9.910000E+37,+2.107167E+03,+3.584400E+04,+2.306862E-01,+1.056500E-05,+9.910000E+37,+2.107232E+03,+3.584400E+04,+2.295025E-01,+1.056500E-05,+9.910000E+37,+2.107300E+03,+3.584400E+04,+8.554757E-05,+0.000000E+00,+9.910000E+37,+2.107365E+03,+3.584400E+04
13:48:58,0e0,+2.325989E-01,+1.116000E-05,+9.910000E+37,+2.107584E+03,+3.584400E+04,+2.333270E-01,+1.116000E-05,+9.910000E+37,+2.107651E+03,+3.584400E+04,+2.323712E-01,+1.116000E-05,+9.910000E+37,+2.107717E+03,+3.584400E+04,-1.007035E-03,+0.000000E+00,+9.910000E+37,+2.107785E+03,+3.584400E+04
13:48:58,0e0,+2.342373E-01,+1.179000E-05,+9.910000E+37,+2.108005E+03,+3.584400E+04,+2.354211E-01,+1.179000E-05,+9.910000E+37,+2.108072E+03,+3.584400E+04,+2.347386E-01,+1.179000E-05,+9.910000E+37,+2.108138E+03,+3.584400E+04,+2.221763E-04,+0.000000E+00,+9.910000E+37,+2.108206E+03,+3.584400E+04
13:48:58,0e0,+2.378798E-01,+1.245000E-05,+9.910000E+37,+2.108422E+03,+3.584400E+04,+2.381073E-01,+1.245000E-05,+9.910000E+37,+2.108488E+03,+3.584400E+04,+2.366959E-01,+1.245000E-05,+9.910000E+37,+2.108556E+03,+3.584400E+04,-1.052633E-03,+0.000000E+00,+9.910000E+37,+2.108627E+03,+3.584400E+04
13:48:58,0e0,+2.410210E-01,+1.315500E-05,+9.910000E+37,+2.108845E+03,+3.584400E+04,+2.411123E-01,+1.315500E-05,+9.910000E+37,+2.108911E+03,+3.584400E+04,+2.406111E-01,+1.315500E-05,+9.910000E+37,+2.108979E+03,+3.584400E+04,-1.143560E-03,+0.000000E+00,+9.910000E+37,+2.109050E+03,+3.584400E+04
13:48:58,0e0,+2.433889E-01,+1.389500E-05,+9.910000E+37,+2.109271E+03,+3.584400E+04,+2.442082E-01,+1.389500E-05,+9.910000E+37,+2.109337E+03,+3.584400E+04,+2.446189E-01,+1.389500E-05,+9.910000E+37,+2.109404E+03,+3.584400E+04,-2.236679E-03,+0.000000E+00,+9.910000E+37,+2.109473E+03,+3.584400E+04
13:48:58,0e0,+2.480784E-01,+1.468000E-05,+9.910000E+37,+2.109687E+03,+3.584400E+04,+2.478054E-01,+1.468000E-05,+9.910000E+37,+2.109754E+03,+3.584400E+04,+2.466670E-01,+1.468000E-05,+9.910000E+37,+2.109821E+03,+3.584400E+04,-8.246750E-04,+0.000000E+00,+9.910000E+37,+2.109887E+03,+3.584400E+04
13:48:58,0e0,+2.508554E-01,+1.550500E-05,+9.910000E+37,+2.110099E+03,+3.584400E+04,+2.496713E-01,+1.550500E-05,+9.910000E+37,+2.110165E+03,+3.584400E+04,+2.501270E-01,+1.550500E-05,+9.910000E+37,+2.110232E+03,+3.584400E+04,-1.598954E-03,+0.000000E+00,+9.910000E+37,+2.110299E+03,+3.584400E+04
13:48:58,0e0,+2.532231E-01,+1.638000E-05,+9.910000E+37,+2.110516E+03,+3.584400E+04,+2.519926E-01,+1.638000E-05,+9.910000E+37,+2.110581E+03,+3.584400E+04,+2.537236E-01,+1.638000E-05,+9.910000E+37,+2.110648E+03,+3.584400E+04,-1.371190E-03,+0.000000E+00,+9.910000E+37,+2.110716E+03,+3.584400E+04
13:48:58,0e0,+2.559543E-01,+1.730000E-05,+9.910000E+37,+2.110930E+03,+3.584400E+04,+2.574568E-01,+1.730000E-05,+9.910000E+37,+2.110997E+03,+3.584400E+04,+2.545879E-01,+1.730000E-05,+9.910000E+37,+2.111064E+03,+3.584400E+04,-1.917675E-03,+0.000000E+00,+9.910000E+37,+2.111130E+03,+3.584400E+04
13:48:58,0e0,+2.597790E-01,+1.827500E-05,+9.910000E+37,+2.111345E+03,+3.584400E+04,+2.587780E-01,+1.827500E-05,+9.910000E+37,+2.111410E+03,+3.584400E+04,+2.589139E-01,+1.827500E-05,+9.910000E+37,+2.111477E+03,+3.584400E+04,-1.143634E-03,+0.000000E+00,+9.910000E+37,+2.111544E+03,+3.584400E+04
13:48:58,0e0,+2.620553E-01,+1.930500E-05,+9.910000E+37,+2.111761E+03,+3.584400E+04,+2.631934E-01,+1.930500E-05,+9.910000E+37,+2.111826E+03,+3.584400E+04,+2.637853E-01,+1.930500E-05,+9.910000E+37,+2.111893E+03,+3.584400E+04,-1.143634E-03,+0.000000E+00,+9.910000E+37,+2.111962E+03,+3.584400E+04
13:48:58,0e0,+2.660619E-01,+2.039500E-05,+9.910000E+37,+2.112175E+03,+3.584400E+04,+2.661988E-01,+2.039500E-05,+9.910000E+37,+2.112242E+03,+3.584400E+04,+2.642394E-01,+2.039500E-05,+9.910000E+37,+2.112308E+03,+3.584400E+04,-1.508132E-03,+0.000000E+00,+9.910000E+37,+2.112374E+03,+3.584400E+04
13:48:58,0e0,+2.699315E-01,+2.154500E-05,+9.910000E+37,+2.112586E+03,+3.584400E+04,+2.699319E-01,+2.154500E-05,+9.910000E+37,+2.112652E+03,+3.584400E+04,+2.702050E-01,+2.154500E-05,+9.910000E+37,+2.112720E+03,+3.584400E+04,-1.279965E-03,+0.000000E+00,+9.910000E+37,+2.112785E+03,+3.584400E+04
13:48:58,0e0,+2.732553E-01,+2.276000E-05,+9.910000E+37,+2.113002E+03,+3.584400E+04,+2.721627E-01,+2.276000E-05,+9.910000E+37,+2.113068E+03,+3.584400E+04,+2.729821E-01,+2.276000E-05,+9.910000E+37,+2.113136E+03,+3.584400E+04,-2.236605E-03,+0.000000E+00,+9.910000E+37,+2.113203E+03,+3.584400E+04
13:48:58,0e0,+2.762149E-01,+2.404000E-05,+9.910000E+37,+2.113417E+03,+3.584400E+04,+2.767610E-01,+2.404000E-05,+9.910000E+37,+2.113484E+03,+3.584400E+04,+2.761236E-01,+2.404000E-05,+9.910000E+37,+2.113552E+03,+3.584400E+04,-6.428361E-04,+0.000000E+00,+9.910000E+37,+2.113618E+03,+3.584400E+04
13:48:58,0e0,+2.796291E-01,+2.539500E-05,+9.910000E+37,+2.113834E+03,+3.584400E+04,+2.797203E-01,+2.539500E-05,+9.910000E+37,+2.113899E+03,+3.584400E+04,+2.794927E-01,+2.539500E-05,+9.910000E+37,+2.113967E+03,+3.584400E+04,-2.236634E-03,+0.000000E+00,+9.910000E+37,+2.114032E+03,+3.584400E+04
13:48:58,0e0,+2.828615E-01,+2.682500E-05,+9.910000E+37,+2.114246E+03,+3.584400E+04,+2.834077E-01,+2.682500E-05,+9.910000E+37,+2.114313E+03,+3.584400E+04,+2.829078E-01,+2.682500E-05,+9.910000E+37,+2.114379E+03,+3.584400E+04,-1.553401E-03,+0.000000E+00,+9.910000E+37,+2.114448E+03,+3.584400E+04
13:48:58,0e0,+2.866861E-01,+2.834000E-05,+9.910000E+37,+2.114661E+03,+3.584400E+04,+2.866861E-01,+2.834000E-05,+9.910000E+37,+2.114729E+03,+3.584400E+04,+2.866860E-01,+2.834000E-05,+9.910000E+37,+2.114796E+03,+3.584400E+04,-1.462564E-03,+0.000000E+00,+9.910000E+37,+2.114861E+03,+3.584400E+04
13:48:58,0e0,+2.912845E-01,+2.993500E-05,+9.910000E+37,+2.115073E+03,+3.584400E+04,+2.901005E-01,+2.993500E-05,+9.910000E+37,+2.115141E+03,+3.584400E+04,+2.897820E-01,+2.993500E-05,+9.910000E+37,+2.115206E+03,+3.584400E+04,-1.462355E-03,+0.000000E+00,+9.910000E+37,+2.115272E+03,+3.584400E+04
13:48:58,0e0,+2.936063E-01,+3.162500E-05,+9.910000E+37,+2.115492E+03,+3.584400E+04,+2.934697E-01,+3.162500E-05,+9.910000E+37,+2.115558E+03,+3.584400E+04,+2.931964E-01,+3.162500E-05,+9.910000E+37,+2.115624E+03,+3.584400E+04,-1.052693E-03,+0.000000E+00,+9.910000E+37,+2.115690E+03,+3.584400E+04
13:48:58,0e0,+2.966114E-01,+3.340500E-05,+9.910000E+37,+2.115907E+03,+3.584400E+04,+2.978409E-01,+3.340500E-05,+9.910000E+37,+2.115973E+03,+3.584400E+04,+2.976584E-01,+3.340500E-05,+9.910000E+37,+2.116039E+03,+3.584400E+04,-1.690045E-03,+0.000000E+00,+9.910000E+37,+2.116106E+03,+3.584400E+04
13:48:58,0e0,+3.011646E-01,+3.528500E-05,+9.910000E+37,+2.116320E+03,+3.584400E+04,+3.011641E-01,+3.528500E-05,+9.910000E+37,+2.116388E+03,+3.584400E+04,+2.996151E-01,+3.528500E-05,+9.910000E+37,+2.116453E+03,+3.584400E+04,-1.644194E-03,+0.000000E+00,+9.910000E+37,+2.116521E+03,+3.584400E+04
13:48:58,0e0,+3.039860E-01,+3.727500E-05,+9.910000E+37,+2.116736E+03,+3.584400E+04,+3.045332E-01,+3.727500E-05,+9.910000E+37,+2.116803E+03,+3.584400E+04,+3.053984E-01,+3.727500E-05,+9.910000E+37,+2.116869E+03,+3.584400E+04,-1.507923E-03,+0.000000E+00,+9.910000E+37,+2.116938E+03,+3.584400E+04
13:48:58,0e0,+3.091309E-01,+3.937500E-05,+9.910000E+37,+2.117159E+03,+3.584400E+04,+3.084032E-01,+3.937500E-05,+9.910000E+37,+2.117227E+03,+3.584400E+04,+3.099057E-01,+3.937500E-05,+9.910000E+37,+2.117292E+03,+3.584400E+04,-1.553535E-03,+0.000000E+00,+9.910000E+37,+2.117360E+03,+3.584400E+04
13:48:58,0e0,+3.125463E-01,+4.159500E-05,+9.910000E+37,+2.117578E+03,+3.584400E+04,+3.117264E-01,+4.159500E-05,+9.910000E+37,+2.117646E+03,+3.584400E+04,+3.135479E-01,+4.159500E-05,+9.910000E+37,+2.117712E+03,+3.584400E+04,-1.872197E-03,+0.000000E+00,+9.910000E+37,+2.117784E+03,+3.584400E+04
13:48:58,0e0,+3.170080E-01,+4.394000E-05,+9.910000E+37,+2.118004E+03,+3.584400E+04,+3.159606E-01,+4.394000E-05,+9.910000E+37,+2.118071E+03,+3.584400E+04,+3.160973E-01,+4.394000E-05,+9.910000E+37,+2.118137E+03,+3.584400E+04,-2.026558E-02,+0.000000E+00,+9.910000E+37,+2.118205E+03,+3.584400E+04
13:48:58,0e0,+3.207412E-01,+4.641500E-05,+9.910000E+37,+2.118418E+03,+3.584400E+04,+3.206046E-01,+4.641500E-05,+9.910000E+37,+2.118485E+03,+3.584400E+04,+3.210600E-01,+4.641500E-05,+9.910000E+37,+2.118551E+03,+3.584400E+04,-9.652515E-02,+0.000000E+00,+9.910000E+37,+2.118617E+03,+3.584400E+04
13:48:58,0e0,+3.237463E-01,+4.903000E-05,+9.910000E+37,+2.118831E+03,+3.584400E+04,+3.244744E-01,+4.903000E-05,+9.910000E+37,+2.118898E+03,+3.584400E+04,+3.244745E-01,+4.903000E-05,+9.910000E+37,+2.118966E+03,+3.584400E+04,-1.910877E-01,+0.000000E+00,+9.910000E+37,+2.119031E+03,+3.584400E+04
13:48:58,0e0,+3.285720E-01,+5.179500E-05,+9.910000E+37,+2.119251E+03,+3.584400E+04,+3.281167E-01,+5.179500E-05,+9.910000E+37,+2.119318E+03,+3.584400E+04,+3.296195E-01,+5.179500E-05,+9.910000E+37,+2.119384E+03,+3.584400E+04,-3.145207E-01,+0.000000E+00,+9.910000E+37,+2.119450E+03,+3.584400E+04
13:48:58,0e0,+3.326694E-01,+5.471500E-05,+9.910000E+37,+2.119666E+03,+3.584400E+04,+3.335803E-01,+5.471500E-05,+9.910000E+37,+2.119732E+03,+3.584400E+04,+3.317130E-01,+5.471500E-05,+9.910000E+37,+2.119799E+03,+3.584400E+04,-4.587632E-01,+0.000000E+00,+9.910000E+37,+2.119865E+03,+3.584400E+04
13:48:58,0e0,+3.367227E-01,+5.779500E-05,+9.910000E+37,+2.120081E+03,+3.584400E+04,+3.360836E-01,+5.779500E-05,+9.910000E+37,+2.120147E+03,+3.584400E+04,+3.364028E-01,+5.779500E-05,+9.910000E+37,+2.120215E+03,+3.584400E+04,-6.205803E-01,+0.000000E+00,+9.910000E+37,+2.120280E+03,+3.584400E+04
13:48:58,0e0,+3.405466E-01,+6.105500E-05,+9.910000E+37,+2.120495E+03,+3.584400E+04,+3.394983E-01,+6.105500E-05,+9.910000E+37,+2.120562E+03,+3.584400E+04,+3.409100E-01,+6.105500E-05,+9.910000E+37,+2.120628E+03,+3.584400E+04,-7.783003E-01,+0.000000E+00,+9.910000E+37,+2.120694E+03,+3.584400E+04
13:48:58,0e0,+3.450078E-01,+6.449500E-05,+9.910000E+37,+2.120915E+03,+3.584400E+04,+3.446890E-01,+6.449500E-05,+9.910000E+37,+2.120982E+03,+3.584400E+04,+3.454179E-01,+6.449500E-05,+9.910000E+37,+2.121048E+03,+3.584400E+04,-8.769212E-01,+0.000000E+00,+9.910000E+37,+2.121117E+03,+3.584400E+04
13:48:58,0e0,+3.498790E-01,+6.813000E-05,+9.910000E+37,+2.121344E+03,+3.584400E+04,+3.491963E-01,+6.813000E-05,+9.910000E+37,+2.121409E+03,+3.584400E+04,+3.502893E-01,+6.813000E-05,+9.910000E+37,+2.121476E+03,+3.584400E+04,-1.159304E+00,+0.000000E+00,+9.910000E+37,+2.121543E+03,+3.584400E+04
13:48:58,0e0,+3.537943E-01,+7.197000E-05,+9.910000E+37,+2.121761E+03,+3.584400E+04,+3.528844E-01,+7.197000E-05,+9.910000E+37,+2.121828E+03,+3.584400E+04,+3.530658E-01,+7.197000E-05,+9.910000E+37,+2.121894E+03,+3.584400E+04,-1.305051E+00,+0.000000E+00,+9.910000E+37,+2.121963E+03,+3.584400E+04
13:48:58,0e0,+3.578921E-01,+7.602500E-05,+9.910000E+37,+2.122182E+03,+3.584400E+04,+3.577101E-01,+7.602500E-05,+9.910000E+37,+2.122248E+03,+3.584400E+04,+3.584842E-01,+7.602500E-05,+9.910000E+37,+2.122314E+03,+3.584400E+04,-1.548321E+00,+0.000000E+00,+9.910000E+37,+2.122383E+03,+3.584400E+04
13:48:58,0e0,+3.619903E-01,+8.031000E-05,+9.910000E+37,+2.122596E+03,+3.584400E+04,+3.620349E-01,+8.031000E-05,+9.910000E+37,+2.122662E+03,+3.584400E+04,+3.625357E-01,+8.031000E-05,+9.910000E+37,+2.122729E+03,+3.584400E+04,-1.830114E+00,+0.000000E+00,+9.910000E+37,+2.122796E+03,+3.584400E+04
13:48:58,0e0,+3.664061E-01,+8.483500E-05,+9.910000E+37,+2.123009E+03,+3.584400E+04,+3.674082E-01,+8.483500E-05,+9.910000E+37,+2.123075E+03,+3.584400E+04,+3.659044E-01,+8.483500E-05,+9.910000E+37,+2.123143E+03,+3.584400E+04,-2.059092E+00,+0.000000E+00,+9.910000E+37,+2.123210E+03,+3.584400E+04
13:48:58,0e0,+3.715050E-01,+8.961500E-05,+9.910000E+37,+2.123428E+03,+3.584400E+04,+3.712776E-01,+8.961500E-05,+9.910000E+37,+2.123495E+03,+3.584400E+04,+3.720067E-01,+8.961500E-05,+9.910000E+37,+2.123561E+03,+3.584400E+04,-2.360094E+00,+0.000000E+00,+9.910000E+37,+2.123627E+03,+3.584400E+04
13:48:58,0e0,+3.761493E-01,+9.466500E-05,+9.910000E+37,+2.123843E+03,+3.584400E+04,+3.768318E-01,+9.466500E-05,+9.910000E+37,+2.123910E+03,+3.584400E+04,+3.755115E-01,+9.466500E-05,+9.910000E+37,+2.123976E+03,+3.584400E+04,-2.690102E+00,+0.000000E+00,+9.910000E+37,+2.124042E+03,+3.584400E+04
13:48:58,0e0,+3.806111E-01,+1.000000E-04,+9.910000E+37,+2.124256E+03,+3.584400E+04,+3.811572E-01,+1.000000E-04,+9.910000E+37,+2.124321E+03,+3.584400E+04,+3.812480E-01,+1.000000E-04,+9.910000E+37,+2.124388E+03,+3.584400E+04,-3.016885E+00,+0.000000E+00,+9.910000E+37,+2.124454E+03,+3.584400E+04
13:48:58,0e0,+3.739185E-01,+1.056500E-04,+9.910000E+37,+2.124669E+03,+3.584400E+04,+3.734630E-01,+1.056500E-04,+9.910000E+37,+2.124741E+03,+3.584400E+04,+3.731442E-01,+1.056500E-04,+9.910000E+37,+2.124807E+03,+3.584400E+04,-1.532537E-01,+0.000000E+00,+9.910000E+37,+2.124873E+03,+3.584400E+04
13:48:58,0e0,+3.781066E-01,+1.116000E-04,+9.910000E+37,+2.125094E+03,+3.584400E+04,+3.786532E-01,+1.116000E-04,+9.910000E+37,+2.125161E+03,+3.584400E+04,+3.781067E-01,+1.116000E-04,+9.910000E+37,+2.125228E+03,+3.584400E+04,-1.503398E-01,+0.000000E+00,+9.910000E+37,+2.125294E+03,+3.584400E+04
13:48:58,0e0,+3.818401E-01,+1.179000E-04,+9.910000E+37,+2.125516E+03,+3.584400E+04,+3.820224E-01,+1.179000E-04,+9.910000E+37,+2.125582E+03,+3.584400E+04,+3.813393E-01,+1.179000E-04,+9.910000E+37,+2.125649E+03,+3.584400E+04,-1.474716E-01,+0.000000E+00,+9.910000E+37,+2.125715E+03,+3.584400E+04
13:48:58,0e0,+3.862566E-01,+1.245000E-04,+9.910000E+37,+2.125936E+03,+3.584400E+04,+3.858007E-01,+1.245000E-04,+9.910000E+37,+2.126001E+03,+3.584400E+04,+3.852549E-01,+1.245000E-04,+9.910000E+37,+2.126067E+03,+3.584400E+04,-1.544829E-01,+0.000000E+00,+9.910000E+37,+2.126135E+03,+3.584400E+04
13:48:58,0e0,+3.897629E-01,+1.315500E-04,+9.910000E+37,+2.126357E+03,+3.584400E+04,+3.893980E-01,+1.315500E-04,+9.910000E+37,+2.126424E+03,+3.584400E+04,+3.899439E-01,+1.315500E-04,+9.910000E+37,+2.126490E+03,+3.584400E+04,-1.487009E-01,+0.000000E+00,+9.910000E+37,+2.126558E+03,+3.584400E+04
13:48:58,0e0,+3.946344E-01,+1.389500E-04,+9.910000E+37,+2.126776E+03,+3.584400E+04,+3.920371E-01,+1.389500E-04,+9.910000E+37,+2.126843E+03,+3.584400E+04,+3.951345E-01,+1.389500E-04,+9.910000E+37,+2.126910E+03,+3.584400E+04,-1.504310E-01,+0.000000E+00,+9.910000E+37,+2.126976E+03,+3.584400E+04
13:48:58,0e0,+3.990950E-01,+1.468000E-04,+9.910000E+37,+2.127197E+03,+3.584400E+04,+3.980480E-01,+1.468000E-04,+9.910000E+37,+2.127264E+03,+3.584400E+04,+3.989134E-01,+1.468000E-04,+9.910000E+37,+2.127330E+03,+3.584400E+04,-1.617674E-01,+0.000000E+00,+9.910000E+37,+2.127396E+03,+3.584400E+04
13:48:58,0e0,+4.039668E-01,+1.550500E-04,+9.910000E+37,+2.127619E+03,+3.584400E+04,+4.025556E-01,+1.550500E-04,+9.910000E+37,+2.127687E+03,+3.584400E+04,+4.029197E-01,+1.550500E-04,+9.910000E+37,+2.127752E+03,+3.584400E+04,-1.579886E-01,+0.000000E+00,+9.910000E+37,+2.127819E+03,+3.584400E+04
13:48:58,0e0,+4.074726E-01,+1.638000E-04,+9.910000E+37,+2.128041E+03,+3.584400E+04,+4.061971E-01,+1.638000E-04,+9.910000E+37,+2.128108E+03,+3.584400E+04,+4.079280E-01,+1.638000E-04,+9.910000E+37,+2.128174E+03,+3.584400E+04,-1.476080E-01,+0.000000E+00,+9.910000E+37,+2.128240E+03,+3.584400E+04
13:48:58,0e0,+4.120710E-01,+1.730000E-04,+9.910000E+37,+2.128460E+03,+3.584400E+04,+4.113878E-01,+1.730000E-04,+9.910000E+37,+2.128527E+03,+3.584400E+04,+4.115254E-01,+1.730000E-04,+9.910000E+37,+2.128593E+03,+3.584400E+04,-1.559855E-01,+0.000000E+00,+9.910000E+37,+2.128660E+03,+3.584400E+04
13:48:58,0e0,+4.160320E-01,+1.827500E-04,+9.910000E+37,+2.128883E+03,+3.584400E+04,+4.163973E-01,+1.827500E-04,+9.910000E+37,+2.128948E+03,+3.584400E+04,+4.183087E-01,+1.827500E-04,+9.910000E+37,+2.129015E+03,+3.584400E+04,-1.581252E-01,+0.000000E+00,+9.910000E+37,+2.129081E+03,+3.584400E+04
13:48:58,0e0,+4.211776E-01,+1.930500E-04,+9.910000E+37,+2.129302E+03,+3.584400E+04,+4.205846E-01,+1.930500E-04,+9.910000E+37,+2.129369E+03,+3.584400E+04,+4.208580E-01,+1.930500E-04,+9.910000E+37,+2.129435E+03,+3.584400E+04,-1.595822E-01,+0.000000E+00,+9.910000E+37,+2.129501E+03,+3.584400E+04
13:48:58,0e0,+4.248647E-01,+2.039500E-04,+9.910000E+37,+2.129722E+03,+3.584400E+04,+4.245454E-01,+2.039500E-04,+9.910000E+37,+2.129789E+03,+3.584400E+04,+4.243171E-01,+2.039500E-04,+9.910000E+37,+2.129855E+03,+3.584400E+04,-1.493384E-01,+0.000000E+00,+9.910000E+37,+2.129923E+03,+3.584400E+04
13:48:58,0e0,+4.298725E-01,+2.154500E-04,+9.910000E+37,+2.130145E+03,+3.584400E+04,+4.298266E-01,+2.154500E-04,+9.910000E+37,+2.130212E+03,+3.584400E+04,+4.302821E-01,+2.154500E-04,+9.910000E+37,+2.130277E+03,+3.584400E+04,-1.590813E-01,+0.000000E+00,+9.910000E+37,+2.130343E+03,+3.584400E+04
13:48:58,0e0,+4.358369E-01,+2.276000E-04,+9.910000E+37,+2.130569E+03,+3.584400E+04,+4.344704E-01,+2.276000E-04,+9.910000E+37,+2.130636E+03,+3.584400E+04,+4.347897E-01,+2.276000E-04,+9.910000E+37,+2.130703E+03,+3.584400E+04,-1.493838E-01,+0.000000E+00,+9.910000E+37,+2.130769E+03,+3.584400E+04
13:48:58,0e0,+4.393877E-01,+2.404000E-04,+9.910000E+37,+2.130987E+03,+3.584400E+04,+4.389783E-01,+2.404000E-04,+9.910000E+37,+2.131054E+03,+3.584400E+04,+4.396155E-01,+2.404000E-04,+9.910000E+37,+2.131124E+03,+3.584400E+04,-1.884471E-01,+0.000000E+00,+9.910000E+37,+2.131196E+03,+3.584400E+04
13:48:58,0e0,+4.435763E-01,+2.539500E-04,+9.910000E+37,+2.131420E+03,+3.584400E+04,+4.436219E-01,+2.539500E-04,+9.910000E+37,+2.131486E+03,+3.584400E+04,+4.446238E-01,+2.539500E-04,+9.910000E+37,+2.131554E+03,+3.584400E+04,-1.521153E-01,+0.000000E+00,+9.910000E+37,+2.131619E+03,+3.584400E+04
13:48:58,0e0,+4.485847E-01,+2.682500E-04,+9.910000E+37,+2.131841E+03,+3.584400E+04,+4.484935E-01,+2.682500E-04,+9.910000E+37,+2.131907E+03,+3.584400E+04,+4.497680E-01,+2.682500E-04,+9.910000E+37,+2.131974E+03,+3.584400E+04,-1.565318E-01,+0.000000E+00,+9.910000E+37,+2.132040E+03,+3.584400E+04
13:48:58,0e0,+4.542750E-01,+2.834000E-04,+9.910000E+37,+2.132269E+03,+3.584400E+04,+4.530002E-01,+2.834000E-04,+9.910000E+37,+2.132334E+03,+3.584400E+04,+4.533643E-01,+2.834000E-04,+9.910000E+37,+2.132400E+03,+3.584400E+04,-1.543919E-01,+0.000000E+00,+9.910000E+37,+2.132468E+03,+3.584400E+04
13:48:58,0e0,+4.597850E-01,+2.993500E-04,+9.910000E+37,+2.132693E+03,+3.584400E+04,+4.588740E-01,+2.993500E-04,+9.910000E+37,+2.132761E+03,+3.584400E+04,+4.575074E-01,+2.993500E-04,+9.910000E+37,+2.132826E+03,+3.584400E+04,-1.588081E-01,+0.000000E+00,+9.910000E+37,+2.132894E+03,+3.584400E+04
13:48:58,0e0,+4.642011E-01,+3.162500E-04,+9.910000E+37,+2.133115E+03,+3.584400E+04,+4.649298E-01,+3.162500E-04,+9.910000E+37,+2.133183E+03,+3.584400E+04,+4.632442E-01,+3.162500E-04,+9.910000E+37,+2.133248E+03,+3.584400E+04,-1.577154E-01,+0.000000E+00,+9.910000E+37,+2.133315E+03,+3.584400E+04
13:48:58,0e0,+4.691648E-01,+3.340500E-04,+9.910000E+37,+2.133537E+03,+3.584400E+04,+4.693454E-01,+3.340500E-04,+9.910000E+37,+2.133603E+03,+3.584400E+04,+4.687994E-01,+3.340500E-04,+9.910000E+37,+2.133670E+03,+3.584400E+04,-1.539366E-01,+0.000000E+00,+9.910000E+37,+2.133735E+03,+3.584400E+04
13:48:58,0e0,+4.738532E-01,+3.528500E-04,+9.910000E+37,+2.133956E+03,+3.584400E+04,+4.751273E-01,+3.528500E-04,+9.910000E+37,+2.134021E+03,+3.584400E+04,+4.734424E-01,+3.528500E-04,+9.910000E+37,+2.134088E+03,+3.584400E+04,-1.532537E-01,+0.000000E+00,+9.910000E+37,+2.134155E+03,+3.584400E+04
13:48:58,0e0,+4.801355E-01,+3.727500E-04,+9.910000E+37,+2.134376E+03,+3.584400E+04,+4.798171E-01,+3.727500E-04,+9.910000E+37,+2.134441E+03,+3.584400E+04,+4.800909E-01,+3.727500E-04,+9.910000E+37,+2.134508E+03,+3.584400E+04,-1.612211E-01,+0.000000E+00,+9.910000E+37,+2.134575E+03,+3.584400E+04
13:48:58,0e0,+4.850081E-01,+3.937500E-04,+9.910000E+37,+2.134797E+03,+3.584400E+04,+4.856446E-01,+3.937500E-04,+9.910000E+37,+2.134864E+03,+3.584400E+04,+4.845985E-01,+3.937500E-04,+9.910000E+37,+2.134932E+03,+3.584400E+04,-1.573968E-01,+0.000000E+00,+9.910000E+37,+2.134997E+03,+3.584400E+04
13:48:58,0e0,+4.891036E-01,+4.159500E-04,+9.910000E+37,+2.135222E+03,+3.584400E+04,+4.890127E-01,+4.159500E-04,+9.910000E+37,+2.135287E+03,+3.584400E+04,+4.907441E-01,+4.159500E-04,+9.910000E+37,+2.135354E+03,+3.584400E+04,-1.561676E-01,+0.000000E+00,+9.910000E+37,+2.135420E+03,+3.584400E+04
13:48:58,0e0,+4.957063E-01,+4.394000E-04,+9.910000E+37,+2.135642E+03,+3.584400E+04,+4.962528E-01,+4.394000E-04,+9.910000E+37,+2.135709E+03,+3.584400E+04,+4.958426E-01,+4.394000E-04,+9.910000E+37,+2.135774E+03,+3.584400E+04,-1.602195E-01,+0.000000E+00,+9.910000E+37,+2.135841E+03,+3.584400E+04
13:48:58,0e0,+5.021259E-01,+4.641500E-04,+9.910000E+37,+2.136070E+03,+3.584400E+04,+5.012164E-01,+4.641500E-04,+9.910000E+37,+2.136136E+03,+3.584400E+04,+5.016250E-01,+4.641500E-04,+9.910000E+37,+2.136203E+03,+3.584400E+04,-1.528894E-01,+0.000000E+00,+9.910000E+37,+2.136269E+03,+3.584400E+04
13:48:58,0e0,+5.075879E-01,+4.903000E-04,+9.910000E+37,+2.136493E+03,+3.584400E+04,+5.075893E-01,+4.903000E-04,+9.910000E+37,+2.136561E+03,+3.584400E+04,+5.063598E-01,+4.903000E-04,+9.910000E+37,+2.136627E+03,+3.584400E+04,-1.643171E-01,+0.000000E+00,+9.910000E+37,+2.136694E+03,+3.584400E+04
13:48:58,0e0,+5.125062E-01,+5.179500E-04,+9.910000E+37,+2.136920E+03,+3.584400E+04,+5.131894E-01,+5.179500E-04,+9.910000E+37,+2.136985E+03,+3.584400E+04,+5.129158E-01,+5.179500E-04,+9.910000E+37,+2.137053E+03,+3.584400E+04,-1.788406E-01,+0.000000E+00,+9.910000E+37,+2.137118E+03,+3.584400E+04
13:48:58,0e0,+5.187436E-01,+5.471500E-04,+9.910000E+37,+2.137341E+03,+3.584400E+04,+5.188802E-01,+5.471500E-04,+9.910000E+37,+2.137407E+03,+3.584400E+04,+5.199274E-01,+5.471500E-04,+9.910000E+37,+2.137474E+03,+3.584400E+04,-2.564228E-01,+0.000000E+00,+9.910000E+37,+2.137540E+03,+3.584400E+04
13:48:58,0e0,+5.250263E-01,+5.779500E-04,+9.910000E+37,+2.137766E+03,+3.584400E+04,+5.242978E-01,+5.779500E-04,+9.910000E+37,+2.137832E+03,+3.584400E+04,+5.247986E-01,+5.779500E-04,+9.910000E+37,+2.137899E+03,+3.584400E+04,-3.226250E-01,+0.000000E+00,+9.910000E+37,+2.137965E+03,+3.584400E+04
13:48:58,0e0,+5.311275E-01,+6.105500E-04,+9.910000E+37,+2.138190E+03,+3.584400E+04,+5.303533E-01,+6.105500E-04,+9.910000E+37,+2.138257E+03,+3.584400E+04,+5.300800E-01,+6.105500E-04,+9.910000E+37,+2.138324E+03,+3.584400E+04,-4.140062E-01,+0.000000E+00,+9.910000E+37,+2.138392E+03,+3.584400E+04
13:48:58,0e0,+5.367272E-01,+6.449500E-04,+9.910000E+37,+2.138617E+03,+3.584400E+04,+5.369548E-01,+6.449500E-04,+9.910000E+37,+2.138684E+03,+3.584400E+04,+5.365908E-01,+6.449500E-04,+9.910000E+37,+2.138750E+03,+3.584400E+04,-4.676872E-01,+0.000000E+00,+9.910000E+37,+2.138816E+03,+3.584400E+04
13:48:58,0e0,+5.438293E-01,+6.813000E-04,+9.910000E+37,+2.139043E+03,+3.584400E+04,+5.425079E-01,+6.813000E-04,+9.910000E+37,+2.139110E+03,+3.584400E+04,+5.428277E-01,+6.813000E-04,+9.910000E+37,+2.139176E+03,+3.584400E+04,-5.523748E-01,+0.000000E+00,+9.910000E+37,+2.139242E+03,+3.584400E+04
13:48:58,0e0,+5.508875E-01,+7.197000E-04,+9.910000E+37,+2.139470E+03,+3.584400E+04,+5.504771E-01,+7.197000E-04,+9.910000E+37,+2.139536E+03,+3.584400E+04,+5.481532E-01,+7.197000E-04,+9.910000E+37,+2.139603E+03,+3.584400E+04,-6.183495E-01,+0.000000E+00,+9.910000E+37,+2.139669E+03,+3.584400E+04
13:48:58,0e0,+5.576248E-01,+7.602500E-04,+9.910000E+37,+2.139892E+03,+3.584400E+04,+5.562130E-01,+7.602500E-04,+9.910000E+37,+2.139958E+03,+3.584400E+04,+5.576251E-01,+7.602500E-04,+9.910000E+37,+2.140024E+03,+3.584400E+04,-6.941594E-01,+0.000000E+00,+9.910000E+37,+2.140091E+03,+3.584400E+04
13:48:58,0e0,+5.629969E-01,+8.031000E-04,+9.910000E+37,+2.140312E+03,+3.584400E+04,+5.632702E-01,+8.031000E-04,+9.910000E+37,+2.140380E+03,+3.584400E+04,+5.634991E-01,+8.031000E-04,+9.910000E+37,+2.140446E+03,+3.584400E+04,-7.587220E-01,+0.000000E+00,+9.910000E+37,+2.140514E+03,+3.584400E+04
13:48:58,0e0,+5.699172E-01,+8.483500E-04,+9.910000E+37,+2.140736E+03,+3.584400E+04,+5.700541E-01,+8.483500E-04,+9.910000E+37,+2.140802E+03,+3.584400E+04,+5.695984E-01,+8.483500E-04,+9.910000E+37,+2.140868E+03,+3.584400E+04,-8.025228E-01,+0.000000E+00,+9.910000E+37,+2.140935E+03,+3.584400E+04
13:48:58,0e0,+5.771564E-01,+8.961500E-04,+9.910000E+37,+2.141159E+03,+3.584400E+04,+5.761108E-01,+8.961500E-04,+9.910000E+37,+2.141227E+03,+3.584400E+04,+5.766557E-01,+8.961500E-04,+9.910000E+37,+2.141292E+03,+3.584400E+04,-8.490553E-01,+0.000000E+00,+9.910000E+37,+2.141358E+03,+3.584400E+04
13:48:58,0e0,+5.843040E-01,+9.466500E-04,+9.910000E+37,+2.141580E+03,+3.584400E+04,+5.839859E-01,+9.466500E-04,+9.910000E+37,+2.141647E+03,+3.584400E+04,+5.841218E-01,+9.466500E-04,+9.910000E+37,+2.141715E+03,+3.584400E+04,-9.217235E-01,+0.000000E+00,+9.910000E+37,+2.141780E+03,+3.584400E+04
13:48:58,0e0,+5.909048E-01,+1.000000E-03,+9.910000E+37,+2.142003E+03,+3.584400E+04,+5.912700E-01,+1.000000E-03,+9.910000E+37,+2.142068E+03,+3.584400E+04,+5.925444E-01,+1.000000E-03,+9.910000E+37,+2.142136E+03,+3.584400E+04,-1.013377E+00,+0.000000E+00,+9.910000E+37,+2.142201E+03,+3.584400E+04
13:48:58,0e0,+5.855791E-01,+1.056500E-03,+9.910000E+37,+2.142425E+03,+3.584400E+04,+5.863071E-01,+1.056500E-03,+9.910000E+37,+2.142492E+03,+3.584400E+04,+5.852603E-01,+1.056500E-03,+9.910000E+37,+2.142558E+03,+3.584400E+04,-1.378583E+00,+0.000000E+00,+9.910000E+37,+2.142624E+03,+3.584400E+04
13:48:58,0e0,+5.934553E-01,+1.116000E-03,+9.910000E+37,+2.142846E+03,+3.584400E+04,+5.942751E-01,+1.116000E-03,+9.910000E+37,+2.142912E+03,+3.584400E+04,+5.922720E-01,+1.116000E-03,+9.910000E+37,+2.142979E+03,+3.584400E+04,-1.382726E+00,+0.000000E+00,+9.910000E+37,+2.143045E+03,+3.584400E+04
13:48:58,0e0,+5.984163E-01,+1.179000E-03,+9.910000E+37,+2.143271E+03,+3.584400E+04,+6.012865E-01,+1.179000E-03,+9.910000E+37,+2.143338E+03,+3.584400E+04,+6.001026E-01,+1.179000E-03,+9.910000E+37,+2.143403E+03,+3.584400E+04,-1.361963E+00,+0.000000E+00,+9.910000E+37,+2.143471E+03,+3.584400E+04
13:48:58,0e0,+6.075690E-01,+1.245000E-03,+9.910000E+37,+2.143689E+03,+3.584400E+04,+6.071148E-01,+1.245000E-03,+9.910000E+37,+2.143756E+03,+3.584400E+04,+6.089357E-01,+1.245000E-03,+9.910000E+37,+2.143823E+03,+3.584400E+04,-1.378126E+00,+0.000000E+00,+9.910000E+37,+2.143891E+03,+3.584400E+04
13:48:58,0e0,+6.164014E-01,+1.315500E-03,+9.910000E+37,+2.144110E+03,+3.584400E+04,+6.144891E-01,+1.315500E-03,+9.910000E+37,+2.144177E+03,+3.584400E+04,+6.149904E-01,+1.315500E-03,+9.910000E+37,+2.144243E+03,+3.584400E+04,-1.357867E+00,+0.000000E+00,+9.910000E+37,+2.144311E+03,+3.584400E+04
13:48:58,0e0,+6.225483E-01,+1.389500E-03,+9.910000E+37,+2.144530E+03,+3.584400E+04,+6.233219E-01,+1.389500E-03,+9.910000E+37,+2.144598E+03,+3.584400E+04,+6.227753E-01,+1.389500E-03,+9.910000E+37,+2.144663E+03,+3.584400E+04,-1.370614E+00,+0.000000E+00,+9.910000E+37,+2.144729E+03,+3.584400E+04
13:48:58,0e0,+6.305141E-01,+1.468000E-03,+9.910000E+37,+2.144951E+03,+3.584400E+04,+6.303803E-01,+1.468000E-03,+9.910000E+37,+2.145018E+03,+3.584400E+04,+6.312889E-01,+1.468000E-03,+9.910000E+37,+2.145084E+03,+3.584400E+04,-1.390648E+00,+0.000000E+00,+9.910000E+37,+2.145150E+03,+3.584400E+04
13:48:58,0e0,+6.391200E-01,+1.550500E-03,+9.910000E+37,+2.145373E+03,+3.584400E+04,+6.388928E-01,+1.550500E-03,+9.910000E+37,+2.145440E+03,+3.584400E+04,+6.387100E-01,+1.550500E-03,+9.910000E+37,+2.145506E+03,+3.584400E+04,-1.405446E+00,+0.000000E+00,+9.910000E+37,+2.145572E+03,+3.584400E+04
13:48:58,0e0,+6.470421E-01,+1.638000E-03,+9.910000E+37,+2.145792E+03,+3.584400E+04,+6.464503E-01,+1.638000E-03,+9.910000E+37,+2.145858E+03,+3.584400E+04,+6.487272E-01,+1.638000E-03,+9.910000E+37,+2.145925E+03,+3.584400E+04,-1.406766E+00,+0.000000E+00,+9.910000E+37,+2.145992E+03,+3.584400E+04
13:48:58,0e0,+6.563747E-01,+1.730000E-03,+9.910000E+37,+2.146212E+03,+3.584400E+04,+6.555554E-01,+1.730000E-03,+9.910000E+37,+2.146278E+03,+3.584400E+04,+6.560582E-01,+1.730000E-03,+9.910000E+37,+2.146346E+03,+3.584400E+04,-1.395522E+00,+0.000000E+00,+9.910000E+37,+2.146411E+03,+3.584400E+04
13:48:58,0e0,+6.646151E-01,+1.827500E-03,+9.910000E+37,+2.146632E+03,+3.584400E+04,+6.642517E-01,+1.827500E-03,+9.910000E+37,+2.146699E+03,+3.584400E+04,+6.643412E-01,+1.827500E-03,+9.910000E+37,+2.146765E+03,+3.584400E+04,-1.382225E+00,+0.000000E+00,+9.910000E+37,+2.146832E+03,+3.584400E+04
13:48:58,0e0,+6.741310E-01,+1.930500E-03,+9.910000E+37,+2.147052E+03,+3.584400E+04,+6.728552E-01,+1.930500E-03,+9.910000E+37,+2.147118E+03,+3.584400E+04,+6.740865E-01,+1.930500E-03,+9.910000E+37,+2.147186E+03,+3.584400E+04,-1.432672E+00,+0.000000E+00,+9.910000E+37,+2.147252E+03,+3.584400E+04
13:48:58,0e0,+6.842381E-01,+2.039500E-03,+9.910000E+37,+2.147478E+03,+3.584400E+04,+6.827821E-01,+2.039500E-03,+9.910000E+37,+2.147544E+03,+3.584400E+04,+6.819158E-01,+2.039500E-03,+9.910000E+37,+2.147610E+03,+3.584400E+04,-1.391968E+00,+0.000000E+00,+9.910000E+37,+2.147678E+03,+3.584400E+04
13:48:58,0e0,+6.933899E-01,+2.154500E-03,+9.910000E+37,+2.147897E+03,+3.584400E+04,+6.922520E-01,+2.154500E-03,+9.910000E+37,+2.147965E+03,+3.584400E+04,+6.918871E-01,+2.154500E-03,+9.910000E+37,+2.148030E+03,+3.584400E+04,-1.377261E+00,+0.000000E+00,+9.910000E+37,+2.148097E+03,+3.584400E+04
13:48:58,0e0,+7.024496E-01,+2.276000E-03,+9.910000E+37,+2.148323E+03,+3.584400E+04,+7.017668E-01,+2.276000E-03,+9.910000E+37,+2.148390E+03,+3.584400E+04,+7.024498E-01,+2.276000E-03,+9.910000E+37,+2.148456E+03,+3.584400E+04,-1.372254E+00,+0.000000E+00,+9.910000E+37,+2.148522E+03,+3.584400E+04
13:48:58,0e0,+7.125110E-01,+2.404000E-03,+9.910000E+37,+2.148743E+03,+3.584400E+04,+7.120571E-01,+2.404000E-03,+9.910000E+37,+2.148811E+03,+3.584400E+04,+7.116916E-01,+2.404000E-03,+9.910000E+37,+2.148876E+03,+3.584400E+04,-1.400936E+00,+0.000000E+00,+9.910000E+37,+2.148943E+03,+3.584400E+04
13:48:58,0e0,+7.219357E-01,+2.539500E-03,+9.910000E+37,+2.149171E+03,+3.584400E+04,+7.213897E-01,+2.539500E-03,+9.910000E+37,+2.149237E+03,+3.584400E+04,+7.217087E-01,+2.539500E-03,+9.910000E+37,+2.149305E+03,+3.584400E+04,-1.373300E+00,+0.000000E+00,+9.910000E+37,+2.149370E+03,+3.584400E+04
13:48:58,0e0,+7.330444E-01,+2.682500E-03,+9.910000E+37,+2.149596E+03,+3.584400E+04,+7.311313E-01,+2.682500E-03,+9.910000E+37,+2.149661E+03,+3.584400E+04,+7.317250E-01,+2.682500E-03,+9.910000E+37,+2.149728E+03,+3.584400E+04,-1.391102E+00,+0.000000E+00,+9.910000E+37,+2.149795E+03,+3.584400E+04
13:48:58,0e0,+7.433800E-01,+2.834000E-03,+9.910000E+37,+2.150017E+03,+3.584400E+04,+7.428327E-01,+2.834000E-03,+9.910000E+37,+2.150083E+03,+3.584400E+04,+7.422865E-01,+2.834000E-03,+9.910000E+37,+2.150150E+03,+3.584400E+04,-1.383178E+00,+0.000000E+00,+9.910000E+37,+2.150216E+03,+3.584400E+04
13:48:58,0e0,+7.520743E-01,+2.993500E-03,+9.910000E+37,+2.150441E+03,+3.584400E+04,+7.531231E-01,+2.993500E-03,+9.910000E+37,+2.150509E+03,+3.584400E+04,+7.547167E-01,+2.993500E-03,+9.910000E+37,+2.150574E+03,+3.584400E+04,-1.383590E+00,+0.000000E+00,+9.910000E+37,+2.150641E+03,+3.584400E+04
13:48:58,0e0,+7.632278E-01,+3.162500E-03,+9.910000E+37,+2.150862E+03,+3.584400E+04,+7.652791E-01,+3.162500E-03,+9.910000E+37,+2.150929E+03,+3.584400E+04,+7.649145E-01,+3.162500E-03,+9.910000E+37,+2.150995E+03,+3.584400E+04,-1.398525E+00,+0.000000E+00,+9.910000E+37,+2.151063E+03,+3.584400E+04
13:48:58,0e0,+7.770702E-01,+3.340500E-03,+9.910000E+37,+2.151281E+03,+3.584400E+04,+7.760233E-01,+3.340500E-03,+9.910000E+37,+2.151347E+03,+3.584400E+04,+7.767530E-01,+3.340500E-03,+9.910000E+37,+2.151413E+03,+3.584400E+04,-1.360643E+00,+0.000000E+00,+9.910000E+37,+2.151480E+03,+3.584400E+04
13:48:58,0e0,+7.890904E-01,+3.528500E-03,+9.910000E+37,+2.151708E+03,+3.584400E+04,+7.884527E-01,+3.528500E-03,+9.910000E+37,+2.151775E+03,+3.584400E+04,+7.894541E-01,+3.528500E-03,+9.910000E+37,+2.151843E+03,+3.584400E+04,-1.359231E+00,+0.000000E+00,+9.910000E+37,+2.151908E+03,+3.584400E+04
13:48:58,0e0,+8.014753E-01,+3.727500E-03,+9.910000E+37,+2.152128E+03,+3.584400E+04,+8.010638E-01,+3.727500E-03,+9.910000E+37,+2.152193E+03,+3.584400E+04,+8.001529E-01,+3.727500E-03,+9.910000E+37,+2.152261E+03,+3.584400E+04,-1.370023E+00,+0.000000E+00,+9.910000E+37,+2.152326E+03,+3.584400E+04
13:48:58,0e0,+8.138113E-01,+3.937500E-03,+9.910000E+37,+2.152554E+03,+3.584400E+04,+8.139490E-01,+3.937500E-03,+9.910000E+37,+2.152621E+03,+3.584400E+04,+8.137207E-01,+3.937500E-03,+9.910000E+37,+2.152688E+03,+3.584400E+04,-1.363830E+00,+0.000000E+00,+9.910000E+37,+2.152754E+03,+3.584400E+04
13:48:58,0e0,+8.266052E-01,+4.159500E-03,+9.910000E+37,+2.152975E+03,+3.584400E+04,+8.272878E-01,+4.159500E-03,+9.910000E+37,+2.153042E+03,+3.584400E+04,+8.264233E-01,+4.159500E-03,+9.910000E+37,+2.153109E+03,+3.584400E+04,-1.373847E+00,+0.000000E+00,+9.910000E+37,+2.153175E+03,+3.584400E+04
13:48:58,0e0,+8.409468E-01,+4.394000E-03,+9.910000E+37,+2.153402E+03,+3.584400E+04,+8.402646E-01,+4.394000E-03,+9.910000E+37,+2.153470E+03,+3.584400E+04,+8.424493E-01,+4.394000E-03,+9.910000E+37,+2.153535E+03,+3.584400E+04,-1.374166E+00,+0.000000E+00,+9.910000E+37,+2.153602E+03,+3.584400E+04
13:48:58,0e0,+8.551509E-01,+4.641500E-03,+9.910000E+37,+2.153819E+03,+3.584400E+04,+8.542414E-01,+4.641500E-03,+9.910000E+37,+2.153886E+03,+3.584400E+04,+8.548335E-01,+4.641500E-03,+9.910000E+37,+2.153953E+03,+3.584400E+04,-1.351536E+00,+0.000000E+00,+9.910000E+37,+2.154019E+03,+3.584400E+04
13:48:58,0e0,+8.697662E-01,+4.903000E-03,+9.910000E+37,+2.154247E+03,+3.584400E+04,+8.683088E-01,+4.903000E-03,+9.910000E+37,+2.154313E+03,+3.584400E+04,+8.694483E-01,+4.903000E-03,+9.910000E+37,+2.154379E+03,+3.584400E+04,-1.356044E+00,+0.000000E+00,+9.910000E+37,+2.154446E+03,+3.584400E+04
13:48:58,0e0,+8.845187E-01,+5.179500E-03,+9.910000E+37,+2.154671E+03,+3.584400E+04,+8.844724E-01,+5.179500E-03,+9.910000E+37,+2.154737E+03,+3.584400E+04,+8.825575E-01,+5.179500E-03,+9.910000E+37,+2.154804E+03,+3.584400E+04,-1.367655E+00,+0.000000E+00,+9.910000E+37,+2.154871E+03,+3.584400E+04
13:48:58,0e0,+8.995868E-01,+5.471500E-03,+9.910000E+37,+2.155098E+03,+3.584400E+04,+8.999968E-01,+5.471500E-03,+9.910000E+37,+2.155163E+03,+3.584400E+04,+8.994505E-01,+5.471500E-03,+9.910000E+37,+2.155229E+03,+3.584400E+04,-1.390875E+00,+0.000000E+00,+9.910000E+37,+2.155297E+03,+3.584400E+04
13:48:58,0e0,+9.158878E-01,+5.779500E-03,+9.910000E+37,+2.155521E+03,+3.584400E+04,+9.155214E-01,+5.779500E-03,+9.910000E+37,+2.155587E+03,+3.584400E+04,+9.162955E-01,+5.779500E-03,+9.910000E+37,+2.155654E+03,+3.584400E+04,-1.364331E+00,+0.000000E+00,+9.910000E+37,+2.155720E+03,+3.584400E+04
13:48:58,0e0,+9.329587E-01,+6.105500E-03,+9.910000E+37,+2.155940E+03,+3.584400E+04,+9.322760E-01,+6.105500E-03,+9.910000E+37,+2.156007E+03,+3.584400E+04,+9.317288E-01,+6.105500E-03,+9.910000E+37,+2.156074E+03,+3.584400E+04,-1.374803E+00,+0.000000E+00,+9.910000E+37,+2.156140E+03,+3.584400E+04
13:48:58,0e0,+9.502618E-01,+6.449500E-03,+9.910000E+37,+2.156368E+03,+3.584400E+04,+9.493495E-01,+6.449500E-03,+9.910000E+37,+2.156434E+03,+3.584400E+04,+9.494396E-01,+6.449500E-03,+9.910000E+37,+2.156501E+03,+3.584400E+04,-1.387869E+00,+0.000000E+00,+9.910000E+37,+2.156566E+03,+3.584400E+04
13:48:58,0e0,+9.679707E-01,+6.813000E-03,+9.910000E+37,+2.156788E+03,+3.584400E+04,+9.687920E-01,+6.813000E-03,+9.910000E+37,+2.156854E+03,+3.584400E+04,+9.681084E-01,+6.813000E-03,+9.910000E+37,+2.156921E+03,+3.584400E+04,-1.373937E+00,+0.000000E+00,+9.910000E+37,+2.156987E+03,+3.584400E+04
13:48:58,0e0,+9.844042E-01,+7.197000E-03,+9.910000E+37,+2.157211E+03,+3.584400E+04,+9.857256E-01,+7.197000E-03,+9.910000E+37,+2.157277E+03,+3.584400E+04,+9.846319E-01,+7.197000E-03,+9.910000E+37,+2.157344E+03,+3.584400E+04,-1.386460E+00,+0.000000E+00,+9.910000E+37,+2.157411E+03,+3.584400E+04
13:48:58,0e0,+1.005623E+00,+7.602500E-03,+9.910000E+37,+2.157636E+03,+3.584400E+04,+1.005168E+00,+7.602500E-03,+9.910000E+37,+2.157702E+03,+3.584400E+04,+1.004985E+00,+7.602500E-03,+9.910000E+37,+2.157770E+03,+3.584400E+04,-1.356863E+00,+0.000000E+00,+9.910000E+37,+2.157836E+03,+3.584400E+04
13:48:58,0e0,+1.025472E+00,+8.031000E-03,+9.910000E+37,+2.158058E+03,+3.584400E+04,+1.024790E+00,+8.031000E-03,+9.910000E+37,+2.158124E+03,+3.584400E+04,+1.024335E+00,+8.031000E-03,+9.910000E+37,+2.158190E+03,+3.584400E+04,-1.356045E+00,+0.000000E+00,+9.910000E+37,+2.158258E+03,+3.584400E+04
13:48:58,0e0,+1.046279E+00,+8.483500E-03,+9.910000E+37,+2.158479E+03,+3.584400E+04,+1.045870E+00,+8.483500E-03,+9.910000E+37,+2.158545E+03,+3.584400E+04,+1.045824E+00,+8.483500E-03,+9.910000E+37,+2.158611E+03,+3.584400E+04,-1.373891E+00,+0.000000E+00,+9.910000E+37,+2.158678E+03,+3.584400E+04
13:48:58,0e0,+1.067177E+00,+8.961500E-03,+9.910000E+37,+2.158899E+03,+3.584400E+04,+1.066083E+00,+8.961500E-03,+9.910000E+37,+2.158967E+03,+3.584400E+04,+1.066630E+00,+8.961500E-03,+9.910000E+37,+2.159032E+03,+3.584400E+04,-1.383091E+00,+0.000000E+00,+9.910000E+37,+2.159099E+03,+3.584400E+04
13:48:58,0e0,+1.088893E+00,+9.466500E-03,+9.910000E+37,+2.159325E+03,+3.584400E+04,+1.088530E+00,+9.466500E-03,+9.910000E+37,+2.159392E+03,+3.584400E+04,+1.086570E+00,+9.466500E-03,+9.910000E+37,+2.159458E+03,+3.584400E+04,-1.389054E+00,+0.000000E+00,+9.910000E+37,+2.159524E+03,+3.584400E+04
