13:02:51,0e0,-1.473957E+01,+1.000000E-07,+9.910000E+37,+1.710566E+02,+3.584400E+04,+1.367383E-01,+1.000000E-07,+9.910000E+37,+1.711230E+02,+3.584400E+04,+1.354634E-01,+1.000000E-07,+9.910000E+37,+1.711904E+02,+3.584400E+04,-3.104386E-02,+0.000000E+00,+9.910000E+37,+1.712568E+02,+3.584400E+04
13:02:51,0e0,-1.328282E+01,+1.116000E-07,+9.910000E+37,+1.714834E+02,+3.584400E+04,+1.387869E-01,+1.116000E-07,+9.910000E+37,+1.715498E+02,+3.584400E+04,+1.385140E-01,+1.116000E-07,+9.910000E+37,+1.716162E+02,+3.584400E+04,-7.939807E-02,+0.000000E+00,+9.910000E+37,+1.716836E+02,+3.584400E+04
13:02:51,0e0,-1.186205E+01,+1.245000E-07,+9.910000E+37,+1.719072E+02,+3.584400E+04,+1.418376E-01,+1.245000E-07,+9.910000E+37,+1.719736E+02,+3.584400E+04,+1.435681E-01,+1.245000E-07,+9.910000E+37,+1.720410E+02,+3.584400E+04,-3.090720E-02,+0.000000E+00,+9.910000E+37,+1.721064E+02,+3.584400E+04
13:02:51,0e0,-1.004953E+01,+1.389500E-07,+9.910000E+37,+1.723311E+02,+3.584400E+04,+1.451621E-01,+1.389500E-07,+9.910000E+37,+1.723965E+02,+3.584400E+04,+1.447972E-01,+1.389500E-07,+9.910000E+37,+1.724639E+02,+3.584400E+04,-1.534771E-01,+0.000000E+00,+9.910000E+37,+1.725293E+02,+3.584400E+04
13:02:51,0e0,-7.070451E+00,+1.550500E-07,+9.910000E+37,+1.727559E+02,+3.584400E+04,+1.484404E-01,+1.550500E-07,+9.910000E+37,+1.728223E+02,+3.584400E+04,+1.483486E-01,+1.550500E-07,+9.910000E+37,+1.728887E+02,+3.584400E+04,-5.963735E-02,+0.000000E+00,+9.910000E+37,+1.729561E+02,+3.584400E+04
13:02:51,0e0,-5.978122E+00,+1.730000E-07,+9.910000E+37,+1.731807E+02,+3.584400E+04,+1.518546E-01,+1.730000E-07,+9.910000E+37,+1.732461E+02,+3.584400E+04,+1.520367E-01,+1.730000E-07,+9.910000E+37,+1.733125E+02,+3.584400E+04,-1.861228E-01,+0.000000E+00,+9.910000E+37,+1.733799E+02,+3.584400E+04
13:02:51,0e0,-2.270022E+00,+1.930500E-07,+9.910000E+37,+1.736045E+02,+3.584400E+04,+1.542678E-01,+1.930500E-07,+9.910000E+37,+1.736719E+02,+3.584400E+04,+1.551784E-01,+1.930500E-07,+9.910000E+37,+1.737373E+02,+3.584400E+04,-1.488328E-01,+0.000000E+00,+9.910000E+37,+1.738037E+02,+3.584400E+04
13:02:51,0e0,-2.117532E+00,+2.154500E-07,+9.910000E+37,+1.740293E+02,+3.584400E+04,+1.561342E-01,+2.154500E-07,+9.910000E+37,+1.740947E+02,+3.584400E+04,+1.573643E-01,+2.154500E-07,+9.910000E+37,+1.741621E+02,+3.584400E+04,-1.701870E-01,+0.000000E+00,+9.910000E+37,+1.742275E+02,+3.584400E+04
13:02:51,0e0,-3.141165E-01,+2.404000E-07,+9.910000E+37,+1.744521E+02,+3.584400E+04,+1.593213E-01,+2.404000E-07,+9.910000E+37,+1.745186E+02,+3.584400E+04,+1.598673E-01,+2.404000E-07,+9.910000E+37,+1.745859E+02,+3.584400E+04,-3.521828E-01,+0.000000E+00,+9.910000E+37,+1.746514E+02,+3.584400E+04
13:02:51,0e0,+1.315938E-01,+2.682500E-07,+9.910000E+37,+1.748750E+02,+3.584400E+04,+1.625999E-01,+2.682500E-07,+9.910000E+37,+1.749414E+02,+3.584400E+04,+1.646941E-01,+2.682500E-07,+9.910000E+37,+1.750068E+02,+3.584400E+04,-3.072863E-01,+0.000000E+00,+9.910000E+37,+1.750732E+02,+3.584400E+04
13:02:51,0e0,+1.682000E-01,+2.993500E-07,+9.910000E+37,+1.752979E+02,+3.584400E+04,+1.682003E-01,+2.993500E-07,+9.910000E+37,+1.753643E+02,+3.584400E+04,+1.678814E-01,+2.993500E-07,+9.910000E+37,+1.754307E+02,+3.584400E+04,-5.475234E-01,+0.000000E+00,+9.910000E+37,+1.754980E+02,+3.584400E+04
13:02:51,0e0,+1.715695E-01,+3.340500E-07,+9.910000E+37,+1.757217E+02,+3.584400E+04,+1.712964E-01,+3.340500E-07,+9.910000E+37,+1.757881E+02,+3.584400E+04,+1.707047E-01,+3.340500E-07,+9.910000E+37,+1.758535E+02,+3.584400E+04,-8.715884E-01,+0.000000E+00,+9.910000E+37,+1.759199E+02,+3.584400E+04
13:02:51,0e0,+1.732993E-01,+3.727500E-07,+9.910000E+37,+1.761475E+02,+3.584400E+04,+1.737093E-01,+3.727500E-07,+9.910000E+37,+1.762129E+02,+3.584400E+04,+1.745743E-01,+3.727500E-07,+9.910000E+37,+1.762793E+02,+3.584400E+04,-1.197611E+00,+0.000000E+00,+9.910000E+37,+1.763457E+02,+3.584400E+04
13:02:51,0e0,+1.773514E-01,+4.159500E-07,+9.910000E+37,+1.765801E+02,+3.584400E+04,+1.776249E-01,+4.159500E-07,+9.910000E+37,+1.766455E+02,+3.584400E+04,+1.771698E-01,+4.159500E-07,+9.910000E+37,+1.767119E+02,+3.584400E+04,-1.906619E+00,+0.000000E+00,+9.910000E+37,+1.767793E+02,+3.584400E+04
13:02:51,0e0,+1.811315E-01,+4.641500E-07,+9.910000E+37,+1.770039E+02,+3.584400E+04,+1.798097E-01,+4.641500E-07,+9.910000E+37,+1.770693E+02,+3.584400E+04,+1.818593E-01,+4.641500E-07,+9.910000E+37,+1.771357E+02,+3.584400E+04,-3.136400E+00,+0.000000E+00,+9.910000E+37,+1.772031E+02,+3.584400E+04
13:02:51,0e0,+1.842722E-01,+5.179500E-07,+9.910000E+37,+1.774287E+02,+3.584400E+04,+1.853199E-01,+5.179500E-07,+9.910000E+37,+1.774941E+02,+3.584400E+04,+1.858202E-01,+5.179500E-07,+9.910000E+37,+1.775605E+02,+3.584400E+04,-4.319643E+00,+0.000000E+00,+9.910000E+37,+1.776279E+02,+3.584400E+04
13:02:51,0e0,+1.897361E-01,+5.779500E-07,+9.910000E+37,+1.778516E+02,+3.584400E+04,+1.890076E-01,+5.779500E-07,+9.910000E+37,+1.779180E+02,+3.584400E+04,+1.873679E-01,+5.779500E-07,+9.910000E+37,+1.779854E+02,+3.584400E+04,-6.301323E+00,+0.000000E+00,+9.910000E+37,+1.780527E+02,+3.584400E+04
13:02:51,0e0,+1.911471E-01,+6.449500E-07,+9.910000E+37,+1.782793E+02,+3.584400E+04,+1.927867E-01,+6.449500E-07,+9.910000E+37,+1.783447E+02,+3.584400E+04,+1.932422E-01,+6.449500E-07,+9.910000E+37,+1.784111E+02,+3.584400E+04,-8.229809E+00,+0.000000E+00,+9.910000E+37,+1.784785E+02,+3.584400E+04
13:02:51,0e0,+1.956099E-01,+7.197000E-07,+9.910000E+37,+1.787041E+02,+3.584400E+04,+1.970212E-01,+7.197000E-07,+9.910000E+37,+1.787705E+02,+3.584400E+04,+1.950177E-01,+7.197000E-07,+9.910000E+37,+1.788379E+02,+3.584400E+04,-1.089529E+01,+0.000000E+00,+9.910000E+37,+1.789033E+02,+3.584400E+04
13:02:51,0e0,+1.992974E-01,+8.031000E-07,+9.910000E+37,+1.791289E+02,+3.584400E+04,+1.991163E-01,+8.031000E-07,+9.910000E+37,+1.791953E+02,+3.584400E+04,+2.000717E-01,+8.031000E-07,+9.910000E+37,+1.792617E+02,+3.584400E+04,-1.365739E+01,+0.000000E+00,+9.910000E+37,+1.793281E+02,+3.584400E+04
13:02:51,0e0,+2.041698E-01,+8.961500E-07,+9.910000E+37,+1.795527E+02,+3.584400E+04,+2.037596E-01,+8.961500E-07,+9.910000E+37,+1.796191E+02,+3.584400E+04,+2.043517E-01,+8.961500E-07,+9.910000E+37,+1.796865E+02,+3.584400E+04,-1.669735E+01,+0.000000E+00,+9.910000E+37,+1.797520E+02,+3.584400E+04
13:02:51,0e0,+2.077210E-01,+1.000000E-06,+9.910000E+37,+1.799746E+02,+3.584400E+04,+2.079028E-01,+1.000000E-06,+9.910000E+37,+1.800420E+02,+3.584400E+04,+2.096334E-01,+1.000000E-06,+9.910000E+37,+1.801074E+02,+3.584400E+04,-2.004547E+01,+0.000000E+00,+9.910000E+37,+1.801738E+02,+3.584400E+04
13:02:51,0e0,+1.988872E-01,+1.116000E-06,+9.910000E+37,+1.803984E+02,+3.584400E+04,+2.013012E-01,+1.116000E-06,+9.910000E+37,+1.804658E+02,+3.584400E+04,+2.001164E-01,+1.116000E-06,+9.910000E+37,+1.805313E+02,+3.584400E+04,-4.470313E-02,+0.000000E+00,+9.910000E+37,+1.805977E+02,+3.584400E+04
13:02:51,0e0,+2.036683E-01,+1.245000E-06,+9.910000E+37,+1.808223E+02,+3.584400E+04,+2.037596E-01,+1.245000E-06,+9.910000E+37,+1.808896E+02,+3.584400E+04,+2.043973E-01,+1.245000E-06,+9.910000E+37,+1.809551E+02,+3.584400E+04,-5.390058E-02,+0.000000E+00,+9.910000E+37,+1.810215E+02,+3.584400E+04
13:02:51,0e0,+2.061725E-01,+1.389500E-06,+9.910000E+37,+1.812451E+02,+3.584400E+04,+2.069016E-01,+1.389500E-06,+9.910000E+37,+1.813115E+02,+3.584400E+04,+2.075386E-01,+1.389500E-06,+9.910000E+37,+1.813789E+02,+3.584400E+04,-9.155482E-02,+0.000000E+00,+9.910000E+37,+1.814443E+02,+3.584400E+04
13:02:51,0e0,+2.086771E-01,+1.550500E-06,+9.910000E+37,+1.816670E+02,+3.584400E+04,+2.090406E-01,+1.550500E-06,+9.910000E+37,+1.817344E+02,+3.584400E+04,+2.102253E-01,+1.550500E-06,+9.910000E+37,+1.817998E+02,+3.584400E+04,-4.474904E-02,+0.000000E+00,+9.910000E+37,+1.818672E+02,+3.584400E+04
13:02:51,0e0,+2.127749E-01,+1.730000E-06,+9.910000E+37,+1.820889E+02,+3.584400E+04,+2.130027E-01,+1.730000E-06,+9.910000E+37,+1.821563E+02,+3.584400E+04,+2.134577E-01,+1.730000E-06,+9.910000E+37,+1.822217E+02,+3.584400E+04,-3.955844E-02,+0.000000E+00,+9.910000E+37,+1.822891E+02,+3.584400E+04
13:02:51,0e0,+2.170092E-01,+1.930500E-06,+9.910000E+37,+1.825127E+02,+3.584400E+04,+2.168728E-01,+1.930500E-06,+9.910000E+37,+1.825781E+02,+3.584400E+04,+2.168272E-01,+1.930500E-06,+9.910000E+37,+1.826455E+02,+3.584400E+04,-1.560269E-01,+0.000000E+00,+9.910000E+37,+1.827119E+02,+3.584400E+04
13:02:51,0e0,+2.203328E-01,+2.154500E-06,+9.910000E+37,+1.829365E+02,+3.584400E+04,+2.193311E-01,+2.154500E-06,+9.910000E+37,+1.830029E+02,+3.584400E+04,+2.214258E-01,+2.154500E-06,+9.910000E+37,+1.830693E+02,+3.584400E+04,-9.241976E-02,+0.000000E+00,+9.910000E+37,+1.831367E+02,+3.584400E+04
13:02:51,0e0,+2.223815E-01,+2.404000E-06,+9.910000E+37,+1.833594E+02,+3.584400E+04,+2.229733E-01,+2.404000E-06,+9.910000E+37,+1.834258E+02,+3.584400E+04,+2.236567E-01,+2.404000E-06,+9.910000E+37,+1.834932E+02,+3.584400E+04,-8.713843E-02,+0.000000E+00,+9.910000E+37,+1.835586E+02,+3.584400E+04
13:02:51,0e0,+2.265250E-01,+2.682500E-06,+9.910000E+37,+1.837813E+02,+3.584400E+04,+2.263884E-01,+2.682500E-06,+9.910000E+37,+1.838477E+02,+3.584400E+04,+2.257504E-01,+2.682500E-06,+9.910000E+37,+1.839141E+02,+3.584400E+04,-2.898923E-01,+0.000000E+00,+9.910000E+37,+1.839805E+02,+3.584400E+04
13:02:51,0e0,+2.297123E-01,+2.993500E-06,+9.910000E+37,+1.842051E+02,+3.584400E+04,+2.297578E-01,+2.993500E-06,+9.910000E+37,+1.842705E+02,+3.584400E+04,+2.292566E-01,+2.993500E-06,+9.910000E+37,+1.843379E+02,+3.584400E+04,-3.577833E-01,+0.000000E+00,+9.910000E+37,+1.844033E+02,+3.584400E+04
13:02:51,0e0,+2.332638E-01,+3.340500E-06,+9.910000E+37,+1.846270E+02,+3.584400E+04,+2.335823E-01,+3.340500E-06,+9.910000E+37,+1.846924E+02,+3.584400E+04,+2.326257E-01,+3.340500E-06,+9.910000E+37,+1.847598E+02,+3.584400E+04,-4.937015E-01,+0.000000E+00,+9.910000E+37,+1.848252E+02,+3.584400E+04
13:02:51,0e0,+2.361774E-01,+3.727500E-06,+9.910000E+37,+1.850498E+02,+3.584400E+04,+2.374523E-01,+3.727500E-06,+9.910000E+37,+1.851172E+02,+3.584400E+04,+2.378168E-01,+3.727500E-06,+9.910000E+37,+1.851826E+02,+3.584400E+04,-1.106360E+00,+0.000000E+00,+9.910000E+37,+1.852500E+02,+3.584400E+04
13:02:51,0e0,+2.400932E-01,+4.159500E-06,+9.910000E+37,+1.854756E+02,+3.584400E+04,+2.405031E-01,+4.159500E-06,+9.910000E+37,+1.855420E+02,+3.584400E+04,+2.411405E-01,+4.159500E-06,+9.910000E+37,+1.856084E+02,+3.584400E+04,-1.690332E+00,+0.000000E+00,+9.910000E+37,+1.856748E+02,+3.584400E+04
13:02:51,0e0,+2.437816E-01,+4.641500E-06,+9.910000E+37,+1.859004E+02,+3.584400E+04,+2.458759E-01,+4.641500E-06,+9.910000E+37,+1.859678E+02,+3.584400E+04,+2.446920E-01,+4.641500E-06,+9.910000E+37,+1.860332E+02,+3.584400E+04,-2.713208E+00,+0.000000E+00,+9.910000E+37,+1.861006E+02,+3.584400E+04
13:02:51,0e0,+2.499279E-01,+5.179500E-06,+9.910000E+37,+1.863242E+02,+3.584400E+04,+2.473321E-01,+5.179500E-06,+9.910000E+37,+1.863906E+02,+3.584400E+04,+2.484712E-01,+5.179500E-06,+9.910000E+37,+1.864570E+02,+3.584400E+04,-4.128987E+00,+0.000000E+00,+9.910000E+37,+1.865225E+02,+3.584400E+04
13:02:51,0e0,+2.526599E-01,+5.779500E-06,+9.910000E+37,+1.867480E+02,+3.584400E+04,+2.530238E-01,+5.779500E-06,+9.910000E+37,+1.868135E+02,+3.584400E+04,+2.518403E-01,+5.779500E-06,+9.910000E+37,+1.868809E+02,+3.584400E+04,-5.654505E+00,+0.000000E+00,+9.910000E+37,+1.869463E+02,+3.584400E+04
13:02:51,0e0,+2.553006E-01,+6.449500E-06,+9.910000E+37,+1.871699E+02,+3.584400E+04,+2.565296E-01,+6.449500E-06,+9.910000E+37,+1.872373E+02,+3.584400E+04,+2.560284E-01,+6.449500E-06,+9.910000E+37,+1.873027E+02,+3.584400E+04,-7.684274E+00,+0.000000E+00,+9.910000E+37,+1.873701E+02,+3.584400E+04
13:02:51,0e0,+2.608101E-01,+7.197000E-06,+9.910000E+37,+1.875928E+02,+3.584400E+04,+2.597165E-01,+7.197000E-06,+9.910000E+37,+1.876592E+02,+3.584400E+04,+2.595806E-01,+7.197000E-06,+9.910000E+37,+1.877256E+02,+3.584400E+04,-1.025357E+01,+0.000000E+00,+9.910000E+37,+1.877930E+02,+3.584400E+04
13:02:51,0e0,+2.664554E-01,+8.031000E-06,+9.910000E+37,+1.880156E+02,+3.584400E+04,+2.643158E-01,+8.031000E-06,+9.910000E+37,+1.880820E+02,+3.584400E+04,+2.647256E-01,+8.031000E-06,+9.910000E+37,+1.881484E+02,+3.584400E+04,-1.287167E+01,+0.000000E+00,+9.910000E+37,+1.882148E+02,+3.584400E+04
13:02:51,0e0,+2.694609E-01,+8.961500E-06,+9.910000E+37,+1.884395E+02,+3.584400E+04,+2.677761E-01,+8.961500E-06,+9.910000E+37,+1.885068E+02,+3.584400E+04,+2.688684E-01,+8.961500E-06,+9.910000E+37,+1.885723E+02,+3.584400E+04,-1.588260E+01,+0.000000E+00,+9.910000E+37,+1.886387E+02,+3.584400E+04
13:02:51,0e0,+2.737862E-01,+1.000000E-05,+9.910000E+37,+1.888594E+02,+3.584400E+04,+2.743323E-01,+1.000000E-05,+9.910000E+37,+1.889248E+02,+3.584400E+04,+2.731486E-01,+1.000000E-05,+9.910000E+37,+1.889912E+02,+3.584400E+04,-1.906806E+01,+0.000000E+00,+9.910000E+37,+1.890576E+02,+3.584400E+04
13:02:51,0e0,+2.672296E-01,+1.116000E-05,+9.910000E+37,+1.892793E+02,+3.584400E+04,+2.660000E-01,+1.116000E-05,+9.910000E+37,+1.893447E+02,+3.584400E+04,+2.661366E-01,+1.116000E-05,+9.910000E+37,+1.894111E+02,+3.584400E+04,-1.678195E-01,+0.000000E+00,+9.910000E+37,+1.894775E+02,+3.584400E+04
13:02:51,0e0,+2.700065E-01,+1.245000E-05,+9.910000E+37,+1.896953E+02,+3.584400E+04,+2.696880E-01,+1.245000E-05,+9.910000E+37,+1.897627E+02,+3.584400E+04,+2.700068E-01,+1.245000E-05,+9.910000E+37,+1.898281E+02,+3.584400E+04,-1.672730E-01,+0.000000E+00,+9.910000E+37,+1.898955E+02,+3.584400E+04
13:02:51,0e0,+2.735127E-01,+1.389500E-05,+9.910000E+37,+1.901172E+02,+3.584400E+04,+2.741956E-01,+1.389500E-05,+9.910000E+37,+1.901826E+02,+3.584400E+04,+2.737404E-01,+1.389500E-05,+9.910000E+37,+1.902490E+02,+3.584400E+04,-2.254164E-01,+0.000000E+00,+9.910000E+37,+1.903203E+02,+3.584400E+04
13:02:51,0e0,+2.776563E-01,+1.550500E-05,+9.910000E+37,+1.905400E+02,+3.584400E+04,+2.772911E-01,+1.550500E-05,+9.910000E+37,+1.906055E+02,+3.584400E+04,+2.770186E-01,+1.550500E-05,+9.910000E+37,+1.906729E+02,+3.584400E+04,-2.908940E-01,+0.000000E+00,+9.910000E+37,+1.907441E+02,+3.584400E+04
13:02:51,0e0,+2.811617E-01,+1.730000E-05,+9.910000E+37,+1.909639E+02,+3.584400E+04,+2.806149E-01,+1.730000E-05,+9.910000E+37,+1.910293E+02,+3.584400E+04,+2.805697E-01,+1.730000E-05,+9.910000E+37,+1.910957E+02,+3.584400E+04,-1.965950E-01,+0.000000E+00,+9.910000E+37,+1.911670E+02,+3.584400E+04
13:02:51,0e0,+2.844394E-01,+1.930500E-05,+9.910000E+37,+1.913848E+02,+3.584400E+04,+2.853053E-01,+1.930500E-05,+9.910000E+37,+1.914512E+02,+3.584400E+04,+2.843484E-01,+1.930500E-05,+9.910000E+37,+1.915166E+02,+3.584400E+04,-2.329295E-01,+0.000000E+00,+9.910000E+37,+1.915869E+02,+3.584400E+04
13:02:51,0e0,+2.896305E-01,+2.154500E-05,+9.910000E+37,+1.918066E+02,+3.584400E+04,+2.902683E-01,+2.154500E-05,+9.910000E+37,+1.918721E+02,+3.584400E+04,+2.897219E-01,+2.154500E-05,+9.910000E+37,+1.919385E+02,+3.584400E+04,-2.653951E-01,+0.000000E+00,+9.910000E+37,+1.920078E+02,+3.584400E+04
13:02:51,0e0,+2.935916E-01,+2.404000E-05,+9.910000E+37,+1.922275E+02,+3.584400E+04,+2.920893E-01,+2.404000E-05,+9.910000E+37,+1.922949E+02,+3.584400E+04,+2.935465E-01,+2.404000E-05,+9.910000E+37,+1.923613E+02,+3.584400E+04,-2.278752E-01,+0.000000E+00,+9.910000E+37,+1.924326E+02,+3.584400E+04
13:02:51,0e0,+2.981449E-01,+2.682500E-05,+9.910000E+37,+1.926523E+02,+3.584400E+04,+2.989647E-01,+2.682500E-05,+9.910000E+37,+1.927197E+02,+3.584400E+04,+2.973254E-01,+2.682500E-05,+9.910000E+37,+1.927852E+02,+3.584400E+04,-2.445406E-01,+0.000000E+00,+9.910000E+37,+1.928564E+02,+3.584400E+04
13:02:51,0e0,+3.016050E-01,+2.993500E-05,+9.910000E+37,+1.930791E+02,+3.584400E+04,+3.021516E-01,+2.993500E-05,+9.910000E+37,+1.931465E+02,+3.584400E+04,+3.028797E-01,+2.993500E-05,+9.910000E+37,+1.932119E+02,+3.584400E+04,-2.446772E-01,+0.000000E+00,+9.910000E+37,+1.932803E+02,+3.584400E+04
13:02:51,0e0,+3.064770E-01,+3.340500E-05,+9.910000E+37,+1.935000E+02,+3.584400E+04,+3.061130E-01,+3.340500E-05,+9.910000E+37,+1.935674E+02,+3.584400E+04,+3.063406E-01,+3.340500E-05,+9.910000E+37,+1.936328E+02,+3.584400E+04,-1.993269E-01,+0.000000E+00,+9.910000E+37,+1.937041E+02,+3.584400E+04
13:02:51,0e0,+3.109849E-01,+3.727500E-05,+9.910000E+37,+1.939248E+02,+3.584400E+04,+3.104377E-01,+3.727500E-05,+9.910000E+37,+1.939922E+02,+3.584400E+04,+3.119860E-01,+3.727500E-05,+9.910000E+37,+1.940576E+02,+3.584400E+04,-2.531465E-01,+0.000000E+00,+9.910000E+37,+1.941279E+02,+3.584400E+04
13:02:51,0e0,+3.159022E-01,+4.159500E-05,+9.910000E+37,+1.943477E+02,+3.584400E+04,+3.164938E-01,+4.159500E-05,+9.910000E+37,+1.944141E+02,+3.584400E+04,+3.165393E-01,+4.159500E-05,+9.910000E+37,+1.944795E+02,+3.584400E+04,-4.079159E-01,+0.000000E+00,+9.910000E+37,+1.945498E+02,+3.584400E+04
13:02:51,0e0,+3.209103E-01,+4.641500E-05,+9.910000E+37,+1.947705E+02,+3.584400E+04,+3.202722E-01,+4.641500E-05,+9.910000E+37,+1.948359E+02,+3.584400E+04,+3.219122E-01,+4.641500E-05,+9.910000E+37,+1.949033E+02,+3.584400E+04,-9.604237E-01,+0.000000E+00,+9.910000E+37,+1.949736E+02,+3.584400E+04
13:02:51,0e0,+3.246883E-01,+5.179500E-05,+9.910000E+37,+1.951953E+02,+3.584400E+04,+3.258733E-01,+5.179500E-05,+9.910000E+37,+1.952637E+02,+3.584400E+04,+3.266017E-01,+5.179500E-05,+9.910000E+37,+1.953359E+02,+3.584400E+04,-2.048863E+00,+0.000000E+00,+9.910000E+37,+1.954063E+02,+3.584400E+04
13:02:51,0e0,+3.296515E-01,+5.779500E-05,+9.910000E+37,+1.956279E+02,+3.584400E+04,+3.302444E-01,+5.779500E-05,+9.910000E+37,+1.956934E+02,+3.584400E+04,+3.310640E-01,+5.779500E-05,+9.910000E+37,+1.957607E+02,+3.584400E+04,-3.278736E+00,+0.000000E+00,+9.910000E+37,+1.958320E+02,+3.584400E+04
13:02:51,0e0,+3.357536E-01,+6.449500E-05,+9.910000E+37,+1.960537E+02,+3.584400E+04,+3.355253E-01,+6.449500E-05,+9.910000E+37,+1.961211E+02,+3.584400E+04,+3.354341E-01,+6.449500E-05,+9.910000E+37,+1.961865E+02,+3.584400E+04,-5.105316E+00,+0.000000E+00,+9.910000E+37,+1.962578E+02,+3.584400E+04
13:02:51,0e0,+3.406240E-01,+7.197000E-05,+9.910000E+37,+1.964766E+02,+3.584400E+04,+3.417180E-01,+7.197000E-05,+9.910000E+37,+1.965430E+02,+3.584400E+04,+3.426290E-01,+7.197000E-05,+9.910000E+37,+1.966104E+02,+3.584400E+04,-6.977485E+00,+0.000000E+00,+9.910000E+37,+1.966816E+02,+3.584400E+04
13:02:51,0e0,+3.470907E-01,+8.031000E-05,+9.910000E+37,+1.969014E+02,+3.584400E+04,+3.473182E-01,+8.031000E-05,+9.910000E+37,+1.969678E+02,+3.584400E+04,+3.480014E-01,+8.031000E-05,+9.910000E+37,+1.970342E+02,+3.584400E+04,-9.417423E+00,+0.000000E+00,+9.910000E+37,+1.971045E+02,+3.584400E+04
13:02:51,0e0,+3.531461E-01,+8.961500E-05,+9.910000E+37,+1.973252E+02,+3.584400E+04,+3.528729E-01,+8.961500E-05,+9.910000E+37,+1.973926E+02,+3.584400E+04,+3.528728E-01,+8.961500E-05,+9.910000E+37,+1.974639E+02,+3.584400E+04,-1.193020E+01,+0.000000E+00,+9.910000E+37,+1.975352E+02,+3.584400E+04
13:02:51,0e0,+3.593383E-01,+1.000000E-04,+9.910000E+37,+1.977529E+02,+3.584400E+04,+3.590196E-01,+1.000000E-04,+9.910000E+37,+1.978184E+02,+3.584400E+04,+3.588831E-01,+1.000000E-04,+9.910000E+37,+1.978857E+02,+3.584400E+04,-1.483627E+01,+0.000000E+00,+9.910000E+37,+1.979561E+02,+3.584400E+04
13:02:51,0e0,+3.538292E-01,+1.116000E-04,+9.910000E+37,+1.981807E+02,+3.584400E+04,+3.536475E-01,+1.116000E-04,+9.910000E+37,+1.982461E+02,+3.584400E+04,+3.539203E-01,+1.116000E-04,+9.910000E+37,+1.983135E+02,+3.584400E+04,-9.720346E-01,+0.000000E+00,+9.910000E+37,+1.983789E+02,+3.584400E+04
13:02:51,0e0,+3.581995E-01,+1.245000E-04,+9.910000E+37,+1.986055E+02,+3.584400E+04,+3.584727E-01,+1.245000E-04,+9.910000E+37,+1.986729E+02,+3.584400E+04,+3.582908E-01,+1.245000E-04,+9.910000E+37,+1.987383E+02,+3.584400E+04,-1.072436E+00,+0.000000E+00,+9.910000E+37,+1.988047E+02,+3.584400E+04
13:02:51,0e0,+3.636627E-01,+1.389500E-04,+9.910000E+37,+1.990312E+02,+3.584400E+04,+3.639366E-01,+1.389500E-04,+9.910000E+37,+1.990967E+02,+3.584400E+04,+3.640273E-01,+1.389500E-04,+9.910000E+37,+1.991631E+02,+3.584400E+04,-9.864689E-01,+0.000000E+00,+9.910000E+37,+1.992295E+02,+3.584400E+04
13:02:51,0e0,+3.704936E-01,+1.550500E-04,+9.910000E+37,+1.994521E+02,+3.584400E+04,+3.701747E-01,+1.550500E-04,+9.910000E+37,+1.995195E+02,+3.584400E+04,+3.693091E-01,+1.550500E-04,+9.910000E+37,+1.995859E+02,+3.584400E+04,-1.029771E+00,+0.000000E+00,+9.910000E+37,+1.996523E+02,+3.584400E+04
13:02:51,0e0,+3.764124E-01,+1.730000E-04,+9.910000E+37,+1.998760E+02,+3.584400E+04,+3.759571E-01,+1.730000E-04,+9.910000E+37,+1.999434E+02,+3.584400E+04,+3.756393E-01,+1.730000E-04,+9.910000E+37,+2.000088E+02,+3.584400E+04,-1.060417E+00,+0.000000E+00,+9.910000E+37,+2.000762E+02,+3.584400E+04
13:02:51,0e0,+3.824223E-01,+1.930500E-04,+9.910000E+37,+2.002998E+02,+3.584400E+04,+3.808739E-01,+1.930500E-04,+9.910000E+37,+2.003662E+02,+3.584400E+04,+3.818305E-01,+1.930500E-04,+9.910000E+37,+2.004336E+02,+3.584400E+04,-1.002496E+00,+0.000000E+00,+9.910000E+37,+2.004990E+02,+3.584400E+04
13:02:51,0e0,+3.891614E-01,+2.154500E-04,+9.910000E+37,+2.007227E+02,+3.584400E+04,+3.872029E-01,+2.154500E-04,+9.910000E+37,+2.007900E+02,+3.584400E+04,+3.869744E-01,+2.154500E-04,+9.910000E+37,+2.008564E+02,+3.584400E+04,-1.016566E+00,+0.000000E+00,+9.910000E+37,+2.009238E+02,+3.584400E+04
13:02:51,0e0,+3.941241E-01,+2.404000E-04,+9.910000E+37,+2.011455E+02,+3.584400E+04,+3.931212E-01,+2.404000E-04,+9.910000E+37,+2.012119E+02,+3.584400E+04,+3.943971E-01,+2.404000E-04,+9.910000E+37,+2.012783E+02,+3.584400E+04,-1.075077E+00,+0.000000E+00,+9.910000E+37,+2.013447E+02,+3.584400E+04
13:02:51,0e0,+3.999059E-01,+2.682500E-04,+9.910000E+37,+2.015684E+02,+3.584400E+04,+4.009535E-01,+2.682500E-04,+9.910000E+37,+2.016357E+02,+3.584400E+04,+4.007253E-01,+2.682500E-04,+9.910000E+37,+2.017012E+02,+3.584400E+04,-1.054587E+00,+0.000000E+00,+9.910000E+37,+2.017676E+02,+3.584400E+04
13:02:51,0e0,+4.070994E-01,+2.993500E-04,+9.910000E+37,+2.019922E+02,+3.584400E+04,+4.083295E-01,+2.993500E-04,+9.910000E+37,+2.020586E+02,+3.584400E+04,+4.070998E-01,+2.993500E-04,+9.910000E+37,+2.021260E+02,+3.584400E+04,-9.886091E-01,+0.000000E+00,+9.910000E+37,+2.021914E+02,+3.584400E+04
13:02:51,0e0,+4.149311E-01,+3.340500E-04,+9.910000E+37,+2.024160E+02,+3.584400E+04,+4.152049E-01,+3.340500E-04,+9.910000E+37,+2.024824E+02,+3.584400E+04,+4.134743E-01,+3.340500E-04,+9.910000E+37,+2.025498E+02,+3.584400E+04,-1.064877E+00,+0.000000E+00,+9.910000E+37,+2.026162E+02,+3.584400E+04
13:02:51,0e0,+4.212606E-01,+3.727500E-04,+9.910000E+37,+2.028418E+02,+3.584400E+04,+4.223526E-01,+3.727500E-04,+9.910000E+37,+2.029082E+02,+3.584400E+04,+4.216701E-01,+3.727500E-04,+9.910000E+37,+2.029756E+02,+3.584400E+04,-1.045117E+00,+0.000000E+00,+9.910000E+37,+2.030410E+02,+3.584400E+04
13:02:51,0e0,+4.289550E-01,+4.159500E-04,+9.910000E+37,+2.032646E+02,+3.584400E+04,+4.288189E-01,+4.159500E-04,+9.910000E+37,+2.033320E+02,+3.584400E+04,+4.281353E-01,+4.159500E-04,+9.910000E+37,+2.033975E+02,+3.584400E+04,-9.714884E-01,+0.000000E+00,+9.910000E+37,+2.034648E+02,+3.584400E+04
13:02:51,0e0,+4.369684E-01,+4.641500E-04,+9.910000E+37,+2.036875E+02,+3.584400E+04,+4.363762E-01,+4.641500E-04,+9.910000E+37,+2.037549E+02,+3.584400E+04,+4.371961E-01,+4.641500E-04,+9.910000E+37,+2.038203E+02,+3.584400E+04,-1.060004E+00,+0.000000E+00,+9.910000E+37,+2.038877E+02,+3.584400E+04
13:02:51,0e0,+4.443436E-01,+5.179500E-04,+9.910000E+37,+2.041123E+02,+3.584400E+04,+4.449365E-01,+5.179500E-04,+9.910000E+37,+2.041787E+02,+3.584400E+04,+4.436613E-01,+5.179500E-04,+9.910000E+37,+2.042461E+02,+3.584400E+04,-1.076945E+00,+0.000000E+00,+9.910000E+37,+2.043115E+02,+3.584400E+04
13:02:51,0e0,+4.521751E-01,+5.779500E-04,+9.910000E+37,+2.045352E+02,+3.584400E+04,+4.539976E-01,+5.779500E-04,+9.910000E+37,+2.046016E+02,+3.584400E+04,+4.512640E-01,+5.779500E-04,+9.910000E+37,+2.046689E+02,+3.584400E+04,-1.001585E+00,+0.000000E+00,+9.910000E+37,+2.047344E+02,+3.584400E+04
13:02:51,0e0,+4.610088E-01,+6.449500E-04,+9.910000E+37,+2.049580E+02,+3.584400E+04,+4.600061E-01,+6.449500E-04,+9.910000E+37,+2.050254E+02,+3.584400E+04,+4.625120E-01,+6.449500E-04,+9.910000E+37,+2.050908E+02,+3.584400E+04,-1.062009E+00,+0.000000E+00,+9.910000E+37,+2.051582E+02,+3.584400E+04
13:02:51,0e0,+4.697498E-01,+7.197000E-04,+9.910000E+37,+2.053809E+02,+3.584400E+04,+4.701601E-01,+7.197000E-04,+9.910000E+37,+2.054482E+02,+3.584400E+04,+4.702966E-01,+7.197000E-04,+9.910000E+37,+2.055146E+02,+3.584400E+04,-1.096569E+00,+0.000000E+00,+9.910000E+37,+2.055820E+02,+3.584400E+04
13:02:51,0e0,+4.789927E-01,+8.031000E-04,+9.910000E+37,+2.058057E+02,+3.584400E+04,+4.803596E-01,+8.031000E-04,+9.910000E+37,+2.058721E+02,+3.584400E+04,+4.797217E-01,+8.031000E-04,+9.910000E+37,+2.059385E+02,+3.584400E+04,-1.052309E+00,+0.000000E+00,+9.910000E+37,+2.060059E+02,+3.584400E+04
13:02:51,0e0,+4.894208E-01,+8.961500E-04,+9.910000E+37,+2.062305E+02,+3.584400E+04,+4.886909E-01,+8.961500E-04,+9.910000E+37,+2.062969E+02,+3.584400E+04,+4.892379E-01,+8.961500E-04,+9.910000E+37,+2.063633E+02,+3.584400E+04,-1.363033E+00,+0.000000E+00,+9.910000E+37,+2.064307E+02,+3.584400E+04
13:02:51,0e0,+4.997095E-01,+1.000000E-03,+9.910000E+37,+2.066494E+02,+3.584400E+04,+4.991628E-01,+1.000000E-03,+9.910000E+37,+2.067168E+02,+3.584400E+04,+5.003018E-01,+1.000000E-03,+9.910000E+37,+2.067822E+02,+3.584400E+04,-2.020087E+00,+0.000000E+00,+9.910000E+37,+2.068496E+02,+3.584400E+04
13:02:51,0e0,+4.968857E-01,+1.116000E-03,+9.910000E+37,+2.070820E+02,+3.584400E+04,+4.971147E-01,+1.116000E-03,+9.910000E+37,+2.071484E+02,+3.584400E+04,+4.982529E-01,+1.116000E-03,+9.910000E+37,+2.072148E+02,+3.584400E+04,-1.076990E+00,+0.000000E+00,+9.910000E+37,+2.072822E+02,+3.584400E+04
13:02:51,0e0,+5.085881E-01,+1.245000E-03,+9.910000E+37,+2.075049E+02,+3.584400E+04,+5.089988E-01,+1.245000E-03,+9.910000E+37,+2.075713E+02,+3.584400E+04,+5.073133E-01,+1.245000E-03,+9.910000E+37,+2.076387E+02,+3.584400E+04,-1.073302E+00,+0.000000E+00,+9.910000E+37,+2.077041E+02,+3.584400E+04
13:02:51,0e0,+5.177850E-01,+1.389500E-03,+9.910000E+37,+2.079258E+02,+3.584400E+04,+5.176941E-01,+1.389500E-03,+9.910000E+37,+2.079922E+02,+3.584400E+04,+5.176031E-01,+1.389500E-03,+9.910000E+37,+2.080596E+02,+3.584400E+04,-1.115602E+00,+0.000000E+00,+9.910000E+37,+2.081250E+02,+3.584400E+04
13:02:51,0e0,+5.287142E-01,+1.550500E-03,+9.910000E+37,+2.083477E+02,+3.584400E+04,+5.282575E-01,+1.550500E-03,+9.910000E+37,+2.084150E+02,+3.584400E+04,+5.273005E-01,+1.550500E-03,+9.910000E+37,+2.084805E+02,+3.584400E+04,-1.105993E+00,+0.000000E+00,+9.910000E+37,+2.085479E+02,+3.584400E+04
13:02:51,0e0,+5.405504E-01,+1.730000E-03,+9.910000E+37,+2.087686E+02,+3.584400E+04,+5.395490E-01,+1.730000E-03,+9.910000E+37,+2.088359E+02,+3.584400E+04,+5.395029E-01,+1.730000E-03,+9.910000E+37,+2.089014E+02,+3.584400E+04,-1.083819E+00,+0.000000E+00,+9.910000E+37,+2.089688E+02,+3.584400E+04
13:02:51,0e0,+5.516152E-01,+1.930500E-03,+9.910000E+37,+2.091904E+02,+3.584400E+04,+5.508415E-01,+1.930500E-03,+9.910000E+37,+2.092568E+02,+3.584400E+04,+5.521604E-01,+1.930500E-03,+9.910000E+37,+2.093242E+02,+3.584400E+04,-1.085595E+00,+0.000000E+00,+9.910000E+37,+2.093906E+02,+3.584400E+04
13:02:51,0e0,+5.635433E-01,+2.154500E-03,+9.910000E+37,+2.096143E+02,+3.584400E+04,+5.643180E-01,+2.154500E-03,+9.910000E+37,+2.096816E+02,+3.584400E+04,+5.630423E-01,+2.154500E-03,+9.910000E+37,+2.097471E+02,+3.584400E+04,-1.071980E+00,+0.000000E+00,+9.910000E+37,+2.098135E+02,+3.584400E+04
13:02:51,0e0,+5.776128E-01,+2.404000E-03,+9.910000E+37,+2.100361E+02,+3.584400E+04,+5.759296E-01,+2.404000E-03,+9.910000E+37,+2.101035E+02,+3.584400E+04,+5.754733E-01,+2.404000E-03,+9.910000E+37,+2.101689E+02,+3.584400E+04,-1.108635E+00,+0.000000E+00,+9.910000E+37,+2.102363E+02,+3.584400E+04
13:02:51,0e0,+5.890868E-01,+2.682500E-03,+9.910000E+37,+2.104600E+02,+3.584400E+04,+5.888133E-01,+2.682500E-03,+9.910000E+37,+2.105273E+02,+3.584400E+04,+5.890415E-01,+2.682500E-03,+9.910000E+37,+2.105928E+02,+3.584400E+04,-1.079492E+00,+0.000000E+00,+9.910000E+37,+2.106602E+02,+3.584400E+04
13:02:51,0e0,+6.029283E-01,+2.993500E-03,+9.910000E+37,+2.108828E+02,+3.584400E+04,+6.014710E-01,+2.993500E-03,+9.910000E+37,+2.109502E+02,+3.584400E+04,+6.038850E-01,+2.993500E-03,+9.910000E+37,+2.110166E+02,+3.584400E+04,-1.067382E+00,+0.000000E+00,+9.910000E+37,+2.110840E+02,+3.584400E+04
13:02:51,0e0,+6.173609E-01,+3.340500E-03,+9.910000E+37,+2.113076E+02,+3.584400E+04,+6.161323E-01,+3.340500E-03,+9.910000E+37,+2.113750E+02,+3.584400E+04,+6.155393E-01,+3.340500E-03,+9.910000E+37,+2.114404E+02,+3.584400E+04,-1.091150E+00,+0.000000E+00,+9.910000E+37,+2.115068E+02,+3.584400E+04
13:02:51,0e0,+6.311577E-01,+3.727500E-03,+9.910000E+37,+2.117314E+02,+3.584400E+04,+6.308849E-01,+3.727500E-03,+9.910000E+37,+2.117969E+02,+3.584400E+04,+6.305212E-01,+3.727500E-03,+9.910000E+37,+2.118643E+02,+3.584400E+04,-1.086551E+00,+0.000000E+00,+9.910000E+37,+2.119307E+02,+3.584400E+04
13:02:51,0e0,+6.459087E-01,+4.159500E-03,+9.910000E+37,+2.121543E+02,+3.584400E+04,+6.463190E-01,+4.159500E-03,+9.910000E+37,+2.122207E+02,+3.584400E+04,+6.453642E-01,+4.159500E-03,+9.910000E+37,+2.122881E+02,+3.584400E+04,-1.083636E+00,+0.000000E+00,+9.910000E+37,+2.123535E+02,+3.584400E+04
13:02:51,0e0,+6.622544E-01,+4.641500E-03,+9.910000E+37,+2.125771E+02,+3.584400E+04,+6.608879E-01,+4.641500E-03,+9.910000E+37,+2.126426E+02,+3.584400E+04,+6.599310E-01,+4.641500E-03,+9.910000E+37,+2.127100E+02,+3.584400E+04,-1.096568E+00,+0.000000E+00,+9.910000E+37,+2.127754E+02,+3.584400E+04
13:02:51,0e0,+6.768696E-01,+5.179500E-03,+9.910000E+37,+2.129980E+02,+3.584400E+04,+6.767787E-01,+5.179500E-03,+9.910000E+37,+2.130645E+02,+3.584400E+04,+6.762792E-01,+5.179500E-03,+9.910000E+37,+2.131309E+02,+3.584400E+04,-1.101941E+00,+0.000000E+00,+9.910000E+37,+2.131973E+02,+3.584400E+04
13:02:51,0e0,+6.930330E-01,+5.779500E-03,+9.910000E+37,+2.134209E+02,+3.584400E+04,+6.931722E-01,+5.779500E-03,+9.910000E+37,+2.134863E+02,+3.584400E+04,+6.919410E-01,+5.779500E-03,+9.910000E+37,+2.135527E+02,+3.584400E+04,-1.113779E+00,+0.000000E+00,+9.910000E+37,+2.136201E+02,+3.584400E+04
13:02:51,0e0,+7.088777E-01,+6.449500E-03,+9.910000E+37,+2.138438E+02,+3.584400E+04,+7.088315E-01,+6.449500E-03,+9.910000E+37,+2.139111E+02,+3.584400E+04,+7.085605E-01,+6.449500E-03,+9.910000E+37,+2.139766E+02,+3.584400E+04,-1.074623E+00,+0.000000E+00,+9.910000E+37,+2.140439E+02,+3.584400E+04
13:02:51,0e0,+7.251781E-01,+7.197000E-03,+9.910000E+37,+2.142676E+02,+3.584400E+04,+7.239031E-01,+7.197000E-03,+9.910000E+37,+2.143330E+02,+3.584400E+04,+7.243584E-01,+7.197000E-03,+9.910000E+37,+2.143994E+02,+3.584400E+04,-1.055724E+00,+0.000000E+00,+9.910000E+37,+2.144658E+02,+3.584400E+04
13:02:51,0e0,+7.417516E-01,+8.031000E-03,+9.910000E+37,+2.146943E+02,+3.584400E+04,+7.420248E-01,+8.031000E-03,+9.910000E+37,+2.147617E+02,+3.584400E+04,+7.411602E-01,+8.031000E-03,+9.910000E+37,+2.148281E+02,+3.584400E+04,-1.106494E+00,+0.000000E+00,+9.910000E+37,+2.148955E+02,+3.584400E+04
13:02:51,0e0,+7.580059E-01,+8.961500E-03,+9.910000E+37,+2.151201E+02,+3.584400E+04,+7.590998E-01,+8.961500E-03,+9.910000E+37,+2.151855E+02,+3.584400E+04,+7.588717E-01,+8.961500E-03,+9.910000E+37,+2.152529E+02,+3.584400E+04,-1.074030E+00,+0.000000E+00,+9.910000E+37,+2.153184E+02,+3.584400E+04
