09:40:15,0e0,-4.487937E-01,+1.000000E-07,+9.910000E+37,+1.723222E+03,+3.584400E+04,-1.247975E-01,+1.000000E-07,+9.910000E+37,+1.723289E+03,+3.584400E+04,-1.242056E-01,+1.000000E-07,+9.910000E+37,+1.723354E+03,+3.584400E+04,-2.465884E-01,+0.000000E+00,+9.910000E+37,+1.723422E+03,+3.584400E+04
09:40:15,0e0,-1.226122E-01,+1.116000E-07,+9.910000E+37,+1.723642E+03,+3.584400E+04,-1.139161E-01,+1.116000E-07,+9.910000E+37,+1.723709E+03,+3.584400E+04,-1.130965E-01,+1.116000E-07,+9.910000E+37,+1.723774E+03,+3.584400E+04,-2.454501E-01,+0.000000E+00,+9.910000E+37,+1.723841E+03,+3.584400E+04
09:40:15,0e0,-2.194062E-01,+1.245000E-07,+9.910000E+37,+1.724061E+03,+3.584400E+04,-1.040821E-01,+1.245000E-07,+9.910000E+37,+1.724127E+03,+3.584400E+04,-1.056300E-01,+1.245000E-07,+9.910000E+37,+1.724193E+03,+3.584400E+04,-2.460420E-01,+0.000000E+00,+9.910000E+37,+1.724261E+03,+3.584400E+04
09:40:15,0e0,-4.420556E-01,+1.389500E-07,+9.910000E+37,+1.724481E+03,+3.584400E+04,-9.301850E-02,+1.389500E-07,+9.910000E+37,+1.724548E+03,+3.584400E+04,-9.251778E-02,+1.389500E-07,+9.910000E+37,+1.724615E+03,+3.584400E+04,-2.491837E-01,+0.000000E+00,+9.910000E+37,+1.724682E+03,+3.584400E+04
09:40:15,0e0,-8.136322E-02,+1.550500E-07,+9.910000E+37,+1.724906E+03,+3.584400E+04,-8.072552E-02,+1.550500E-07,+9.910000E+37,+1.724974E+03,+3.584400E+04,-8.227353E-02,+1.550500E-07,+9.910000E+37,+1.725041E+03,+3.584400E+04,-2.479088E-01,+0.000000E+00,+9.910000E+37,+1.725107E+03,+3.584400E+04
09:40:15,0e0,-3.164339E-01,+1.730000E-07,+9.910000E+37,+1.725328E+03,+3.584400E+04,-6.952551E-02,+1.730000E-07,+9.910000E+37,+1.725396E+03,+3.584400E+04,-6.825097E-02,+1.730000E-07,+9.910000E+37,+1.725461E+03,+3.584400E+04,-2.519611E-01,+0.000000E+00,+9.910000E+37,+1.725527E+03,+3.584400E+04
09:40:15,0e0,-5.759732E-02,+1.930500E-07,+9.910000E+37,+1.725748E+03,+3.584400E+04,-5.700518E-02,+1.930500E-07,+9.910000E+37,+1.725815E+03,+3.584400E+04,-5.823496E-02,+1.930500E-07,+9.910000E+37,+1.725882E+03,+3.584400E+04,-2.497301E-01,+0.000000E+00,+9.910000E+37,+1.725947E+03,+3.584400E+04
09:40:15,0e0,-4.393859E-02,+2.154500E-07,+9.910000E+37,+1.726167E+03,+3.584400E+04,-4.494008E-02,+2.154500E-07,+9.910000E+37,+1.726233E+03,+3.584400E+04,-4.494001E-02,+2.154500E-07,+9.910000E+37,+1.726300E+03,+3.584400E+04,-2.506407E-01,+0.000000E+00,+9.910000E+37,+1.726366E+03,+3.584400E+04
09:40:15,0e0,-8.536945E-02,+2.404000E-07,+9.910000E+37,+1.726585E+03,+3.584400E+04,-3.159995E-02,+2.404000E-07,+9.910000E+37,+1.726650E+03,+3.584400E+04,-3.128169E-02,+2.404000E-07,+9.910000E+37,+1.726717E+03,+3.584400E+04,-2.546019E-01,+0.000000E+00,+9.910000E+37,+1.726783E+03,+3.584400E+04
09:40:15,0e0,-1.889788E-02,+2.682500E-07,+9.910000E+37,+1.727012E+03,+3.584400E+04,-1.785073E-02,+2.682500E-07,+9.910000E+37,+1.727078E+03,+3.584400E+04,-1.917058E-02,+2.682500E-07,+9.910000E+37,+1.727145E+03,+3.584400E+04,-2.546475E-01,+0.000000E+00,+9.910000E+37,+1.727210E+03,+3.584400E+04
09:40:15,0e0,-5.330235E-03,+2.993500E-07,+9.910000E+37,+1.727435E+03,+3.584400E+04,-5.557850E-03,+2.993500E-07,+9.910000E+37,+1.727501E+03,+3.584400E+04,-6.013080E-03,+2.993500E-07,+9.910000E+37,+1.727568E+03,+3.584400E+04,-2.596560E-01,+0.000000E+00,+9.910000E+37,+1.727635E+03,+3.584400E+04
09:40:15,0e0,+6.279260E-03,+3.340500E-07,+9.910000E+37,+1.727854E+03,+3.584400E+04,+8.601531E-03,+3.340500E-07,+9.910000E+37,+1.727921E+03,+3.584400E+04,+7.964209E-03,+3.340500E-07,+9.910000E+37,+1.727987E+03,+3.584400E+04,-2.554215E-01,+0.000000E+00,+9.910000E+37,+1.728054E+03,+3.584400E+04
09:40:15,0e0,+1.920986E-02,+3.727500E-07,+9.910000E+37,+1.728281E+03,+3.584400E+04,+1.870883E-02,+3.727500E-07,+9.910000E+37,+1.728348E+03,+3.584400E+04,+1.975630E-02,+3.727500E-07,+9.910000E+37,+1.728414E+03,+3.584400E+04,-2.847893E-01,+0.000000E+00,+9.910000E+37,+1.728480E+03,+3.584400E+04
09:40:15,0e0,+3.027296E-02,+4.159500E-07,+9.910000E+37,+1.728704E+03,+3.584400E+04,+3.086504E-02,+4.159500E-07,+9.910000E+37,+1.728771E+03,+3.584400E+04,+3.068274E-02,+4.159500E-07,+9.910000E+37,+1.728837E+03,+3.584400E+04,-2.559224E-01,+0.000000E+00,+9.910000E+37,+1.728903E+03,+3.584400E+04
09:40:15,0e0,+4.124582E-02,+4.641500E-07,+9.910000E+37,+1.729126E+03,+3.584400E+04,+3.965244E-02,+4.641500E-07,+9.910000E+37,+1.729192E+03,+3.584400E+04,+4.033536E-02,+4.641500E-07,+9.910000E+37,+1.729259E+03,+3.584400E+04,-3.482605E-01,+0.000000E+00,+9.910000E+37,+1.729325E+03,+3.584400E+04
09:40:15,0e0,+4.821146E-02,+5.179500E-07,+9.910000E+37,+1.729544E+03,+3.584400E+04,+4.798418E-02,+5.179500E-07,+9.910000E+37,+1.729610E+03,+3.584400E+04,+4.975969E-02,+5.179500E-07,+9.910000E+37,+1.729677E+03,+3.584400E+04,-2.585632E-01,+0.000000E+00,+9.910000E+37,+1.729743E+03,+3.584400E+04
09:40:15,0e0,+5.422106E-02,+5.779500E-07,+9.910000E+37,+1.729970E+03,+3.584400E+04,+5.672589E-02,+5.779500E-07,+9.910000E+37,+1.730037E+03,+3.584400E+04,+5.595142E-02,+5.779500E-07,+9.910000E+37,+1.730104E+03,+3.584400E+04,-5.016563E-01,+0.000000E+00,+9.910000E+37,+1.730169E+03,+3.584400E+04
09:40:15,0e0,+6.378230E-02,+6.449500E-07,+9.910000E+37,+1.730395E+03,+3.584400E+04,+6.278065E-02,+6.449500E-07,+9.910000E+37,+1.730461E+03,+3.584400E+04,+6.469259E-02,+6.449500E-07,+9.910000E+37,+1.730528E+03,+3.584400E+04,-2.599291E-01,+0.000000E+00,+9.910000E+37,+1.730595E+03,+3.584400E+04
09:40:15,0e0,+7.033858E-02,+7.197000E-07,+9.910000E+37,+1.730817E+03,+3.584400E+04,+6.920001E-02,+7.197000E-07,+9.910000E+37,+1.730885E+03,+3.584400E+04,+7.102153E-02,+7.197000E-07,+9.910000E+37,+1.730951E+03,+3.584400E+04,-7.581352E-01,+0.000000E+00,+9.910000E+37,+1.731019E+03,+3.584400E+04
09:40:15,0e0,+7.876197E-02,+8.031000E-07,+9.910000E+37,+1.731244E+03,+3.584400E+04,+7.703120E-02,+8.031000E-07,+9.910000E+37,+1.731311E+03,+3.584400E+04,+7.785127E-02,+8.031000E-07,+9.910000E+37,+1.731377E+03,+3.584400E+04,-6.202652E-01,+0.000000E+00,+9.910000E+37,+1.731443E+03,+3.584400E+04
09:40:15,0e0,+8.677474E-02,+8.961500E-07,+9.910000E+37,+1.731663E+03,+3.584400E+04,+8.504444E-02,+8.961500E-07,+9.910000E+37,+1.731729E+03,+3.584400E+04,+8.458939E-02,+8.961500E-07,+9.910000E+37,+1.731796E+03,+3.584400E+04,-1.498158E+00,+0.000000E+00,+9.910000E+37,+1.731862E+03,+3.584400E+04
09:40:15,0e0,+9.282970E-02,+1.000000E-06,+9.910000E+37,+1.732076E+03,+3.584400E+04,+9.292093E-02,+1.000000E-06,+9.910000E+37,+1.732148E+03,+3.584400E+04,+9.246552E-02,+1.000000E-06,+9.910000E+37,+1.732215E+03,+3.584400E+04,-1.576384E+00,+0.000000E+00,+9.910000E+37,+1.732281E+03,+3.584400E+04
09:40:15,0e0,+8.800346E-02,+1.116000E-06,+9.910000E+37,+1.732499E+03,+3.584400E+04,+8.645466E-02,+1.116000E-06,+9.910000E+37,+1.732564E+03,+3.584400E+04,+8.732048E-02,+1.116000E-06,+9.910000E+37,+1.732631E+03,+3.584400E+04,-2.618870E-01,+0.000000E+00,+9.910000E+37,+1.732697E+03,+3.584400E+04
09:40:15,0e0,+9.273809E-02,+1.245000E-06,+9.910000E+37,+1.732915E+03,+3.584400E+04,+9.383124E-02,+1.245000E-06,+9.910000E+37,+1.732981E+03,+3.584400E+04,+9.378588E-02,+1.245000E-06,+9.910000E+37,+1.733048E+03,+3.584400E+04,-2.640725E-01,+0.000000E+00,+9.910000E+37,+1.733115E+03,+3.584400E+04
09:40:15,0e0,+1.016169E-01,+1.389500E-06,+9.910000E+37,+1.733336E+03,+3.584400E+04,+1.000233E-01,+1.389500E-06,+9.910000E+37,+1.733402E+03,+3.584400E+04,+1.014348E-01,+1.389500E-06,+9.910000E+37,+1.733469E+03,+3.584400E+04,-2.636627E-01,+0.000000E+00,+9.910000E+37,+1.733535E+03,+3.584400E+04
09:40:15,0e0,+1.078087E-01,+1.550500E-06,+9.910000E+37,+1.733758E+03,+3.584400E+04,+1.068069E-01,+1.550500E-06,+9.910000E+37,+1.733825E+03,+3.584400E+04,+1.067611E-01,+1.550500E-06,+9.910000E+37,+1.733893E+03,+3.584400E+04,-2.636628E-01,+0.000000E+00,+9.910000E+37,+1.733960E+03,+3.584400E+04
09:40:15,0e0,+1.144557E-01,+1.730000E-06,+9.910000E+37,+1.734179E+03,+3.584400E+04,+1.149113E-01,+1.730000E-06,+9.910000E+37,+1.734246E+03,+3.584400E+04,+1.148199E-01,+1.730000E-06,+9.910000E+37,+1.734313E+03,+3.584400E+04,-2.641635E-01,+0.000000E+00,+9.910000E+37,+1.734378E+03,+3.584400E+04
09:40:15,0e0,+1.231976E-01,+1.930500E-06,+9.910000E+37,+1.734601E+03,+3.584400E+04,+1.232430E-01,+1.930500E-06,+9.910000E+37,+1.734668E+03,+3.584400E+04,+1.225599E-01,+1.930500E-06,+9.910000E+37,+1.734733E+03,+3.584400E+04,-2.629342E-01,+0.000000E+00,+9.910000E+37,+1.734800E+03,+3.584400E+04
09:40:15,0e0,+1.296166E-01,+2.154500E-06,+9.910000E+37,+1.735020E+03,+3.584400E+04,+1.290703E-01,+2.154500E-06,+9.910000E+37,+1.735087E+03,+3.584400E+04,+1.302539E-01,+2.154500E-06,+9.910000E+37,+1.735153E+03,+3.584400E+04,-2.648010E-01,+0.000000E+00,+9.910000E+37,+1.735219E+03,+3.584400E+04
09:40:15,0e0,+1.396796E-01,+2.404000E-06,+9.910000E+37,+1.735438E+03,+3.584400E+04,+1.379036E-01,+2.404000E-06,+9.910000E+37,+1.735506E+03,+3.584400E+04,+1.390420E-01,+2.404000E-06,+9.910000E+37,+1.735571E+03,+3.584400E+04,-2.674418E-01,+0.000000E+00,+9.910000E+37,+1.735638E+03,+3.584400E+04
09:40:15,0e0,+1.468718E-01,+2.682500E-06,+9.910000E+37,+1.735858E+03,+3.584400E+04,+1.472366E-01,+2.682500E-06,+9.910000E+37,+1.735925E+03,+3.584400E+04,+1.475554E-01,+2.682500E-06,+9.910000E+37,+1.735992E+03,+3.584400E+04,-2.671232E-01,+0.000000E+00,+9.910000E+37,+1.736060E+03,+3.584400E+04
09:40:15,0e0,+1.564794E-01,+2.993500E-06,+9.910000E+37,+1.736282E+03,+3.584400E+04,+1.550673E-01,+2.993500E-06,+9.910000E+37,+1.736350E+03,+3.584400E+04,+1.553861E-01,+2.993500E-06,+9.910000E+37,+1.736417E+03,+3.584400E+04,-2.676240E-01,+0.000000E+00,+9.910000E+37,+1.736484E+03,+3.584400E+04
09:40:15,0e0,+1.652663E-01,+3.340500E-06,+9.910000E+37,+1.736708E+03,+3.584400E+04,+1.654933E-01,+3.340500E-06,+9.910000E+37,+1.736774E+03,+3.584400E+04,+1.638540E-01,+3.340500E-06,+9.910000E+37,+1.736840E+03,+3.584400E+04,-2.717673E-01,+0.000000E+00,+9.910000E+37,+1.736906E+03,+3.584400E+04
09:40:15,0e0,+1.734150E-01,+3.727500E-06,+9.910000E+37,+1.737125E+03,+3.584400E+04,+1.745995E-01,+3.727500E-06,+9.910000E+37,+1.737192E+03,+3.584400E+04,+1.756006E-01,+3.727500E-06,+9.910000E+37,+1.737258E+03,+3.584400E+04,-2.685801E-01,+0.000000E+00,+9.910000E+37,+1.737325E+03,+3.584400E+04
09:40:15,0e0,+1.860271E-01,+4.159500E-06,+9.910000E+37,+1.737551E+03,+3.584400E+04,+1.841149E-01,+4.159500E-06,+9.910000E+37,+1.737618E+03,+3.584400E+04,+1.852076E-01,+4.159500E-06,+9.910000E+37,+1.737685E+03,+3.584400E+04,-2.711754E-01,+0.000000E+00,+9.910000E+37,+1.737750E+03,+3.584400E+04
09:40:15,0e0,+1.961347E-01,+4.641500E-06,+9.910000E+37,+1.737969E+03,+3.584400E+04,+1.964084E-01,+4.641500E-06,+9.910000E+37,+1.738035E+03,+3.584400E+04,+1.950413E-01,+4.641500E-06,+9.910000E+37,+1.738102E+03,+3.584400E+04,-3.061435E-01,+0.000000E+00,+9.910000E+37,+1.738168E+03,+3.584400E+04
09:40:15,0e0,+2.064689E-01,+5.179500E-06,+9.910000E+37,+1.738394E+03,+3.584400E+04,+2.066967E-01,+5.179500E-06,+9.910000E+37,+1.738461E+03,+3.584400E+04,+2.069695E-01,+5.179500E-06,+9.910000E+37,+1.738526E+03,+3.584400E+04,-2.718128E-01,+0.000000E+00,+9.910000E+37,+1.738593E+03,+3.584400E+04
09:40:15,0e0,+2.188079E-01,+5.779500E-06,+9.910000E+37,+1.738814E+03,+3.584400E+04,+2.188531E-01,+5.779500E-06,+9.910000E+37,+1.738881E+03,+3.584400E+04,+2.196267E-01,+5.779500E-06,+9.910000E+37,+1.738947E+03,+3.584400E+04,-3.767630E-01,+0.000000E+00,+9.910000E+37,+1.739014E+03,+3.584400E+04
09:40:15,0e0,+2.323758E-01,+6.449500E-06,+9.910000E+37,+1.739237E+03,+3.584400E+04,+2.328311E-01,+6.449500E-06,+9.910000E+37,+1.739305E+03,+3.584400E+04,+2.300520E-01,+6.449500E-06,+9.910000E+37,+1.739370E+03,+3.584400E+04,-2.728601E-01,+0.000000E+00,+9.910000E+37,+1.739437E+03,+3.584400E+04
09:40:15,0e0,+2.448957E-01,+7.197000E-06,+9.910000E+37,+1.739656E+03,+3.584400E+04,+2.457603E-01,+7.197000E-06,+9.910000E+37,+1.739722E+03,+3.584400E+04,+2.449865E-01,+7.197000E-06,+9.910000E+37,+1.739789E+03,+3.584400E+04,-7.350048E-01,+0.000000E+00,+9.910000E+37,+1.739856E+03,+3.584400E+04
09:40:15,0e0,+2.597374E-01,+8.031000E-06,+9.910000E+37,+1.740083E+03,+3.584400E+04,+2.598744E-01,+8.031000E-06,+9.910000E+37,+1.740148E+03,+3.584400E+04,+2.596471E-01,+8.031000E-06,+9.910000E+37,+1.740215E+03,+3.584400E+04,-4.740637E-01,+0.000000E+00,+9.910000E+37,+1.740282E+03,+3.584400E+04
09:40:15,0e0,+2.746709E-01,+8.961500E-06,+9.910000E+37,+1.740501E+03,+3.584400E+04,+2.731231E-01,+8.961500E-06,+9.910000E+37,+1.740567E+03,+3.584400E+04,+2.753538E-01,+8.961500E-06,+9.910000E+37,+1.740634E+03,+3.584400E+04,-1.154716E+00,+0.000000E+00,+9.910000E+37,+1.740700E+03,+3.584400E+04
09:40:15,0e0,+2.910628E-01,+1.000000E-05,+9.910000E+37,+1.740924E+03,+3.584400E+04,+2.898321E-01,+1.000000E-05,+9.910000E+37,+1.740990E+03,+3.584400E+04,+2.906069E-01,+1.000000E-05,+9.910000E+37,+1.741057E+03,+3.584400E+04,-1.354189E+00,+0.000000E+00,+9.910000E+37,+1.741125E+03,+3.584400E+04
09:40:15,0e0,+2.933834E-01,+1.116000E-05,+9.910000E+37,+1.741348E+03,+3.584400E+04,+2.937927E-01,+1.116000E-05,+9.910000E+37,+1.741415E+03,+3.584400E+04,+2.938836E-01,+1.116000E-05,+9.910000E+37,+1.741482E+03,+3.584400E+04,-2.812834E-01,+0.000000E+00,+9.910000E+37,+1.741549E+03,+3.584400E+04
09:40:15,0e0,+3.099568E-01,+1.245000E-05,+9.910000E+37,+1.741769E+03,+3.584400E+04,+3.091816E-01,+1.245000E-05,+9.910000E+37,+1.741836E+03,+3.584400E+04,+3.100926E-01,+1.245000E-05,+9.910000E+37,+1.741901E+03,+3.584400E+04,-2.795077E-01,+0.000000E+00,+9.910000E+37,+1.741972E+03,+3.584400E+04
09:40:15,0e0,+3.263926E-01,+1.389500E-05,+9.910000E+37,+1.742190E+03,+3.584400E+04,+3.255721E-01,+1.389500E-05,+9.910000E+37,+1.742256E+03,+3.584400E+04,+3.261188E-01,+1.389500E-05,+9.910000E+37,+1.742322E+03,+3.584400E+04,-2.799631E-01,+0.000000E+00,+9.910000E+37,+1.742393E+03,+3.584400E+04
09:40:15,0e0,+3.430105E-01,+1.550500E-05,+9.910000E+37,+1.742604E+03,+3.584400E+04,+3.431920E-01,+1.550500E-05,+9.910000E+37,+1.742670E+03,+3.584400E+04,+3.431461E-01,+1.550500E-05,+9.910000E+37,+1.742736E+03,+3.584400E+04,-2.812378E-01,+0.000000E+00,+9.910000E+37,+1.742803E+03,+3.584400E+04
09:40:15,0e0,+3.598558E-01,+1.730000E-05,+9.910000E+37,+1.743014E+03,+3.584400E+04,+3.590825E-01,+1.730000E-05,+9.910000E+37,+1.743081E+03,+3.584400E+04,+3.598553E-01,+1.730000E-05,+9.910000E+37,+1.743148E+03,+3.584400E+04,-2.808736E-01,+0.000000E+00,+9.910000E+37,+1.743215E+03,+3.584400E+04
09:40:15,0e0,+3.777932E-01,+1.930500E-05,+9.910000E+37,+1.743429E+03,+3.584400E+04,+3.775663E-01,+1.930500E-05,+9.910000E+37,+1.743496E+03,+3.584400E+04,+3.780674E-01,+1.930500E-05,+9.910000E+37,+1.743562E+03,+3.584400E+04,-2.807371E-01,+0.000000E+00,+9.910000E+37,+1.743628E+03,+3.584400E+04
09:40:15,0e0,+3.965074E-01,+2.154500E-05,+9.910000E+37,+1.743843E+03,+3.584400E+04,+3.966883E-01,+2.154500E-05,+9.910000E+37,+1.743908E+03,+3.584400E+04,+3.968697E-01,+2.154500E-05,+9.910000E+37,+1.743975E+03,+3.584400E+04,-2.816932E-01,+0.000000E+00,+9.910000E+37,+1.744041E+03,+3.584400E+04
09:40:15,0e0,+4.154912E-01,+2.404000E-05,+9.910000E+37,+1.744257E+03,+3.584400E+04,+4.169932E-01,+2.404000E-05,+9.910000E+37,+1.744322E+03,+3.584400E+04,+4.169487E-01,+2.404000E-05,+9.910000E+37,+1.744389E+03,+3.584400E+04,-2.824671E-01,+0.000000E+00,+9.910000E+37,+1.744457E+03,+3.584400E+04
09:40:15,0e0,+4.364355E-01,+2.682500E-05,+9.910000E+37,+1.744676E+03,+3.584400E+04,+4.356143E-01,+2.682500E-05,+9.910000E+37,+1.744743E+03,+3.584400E+04,+4.364341E-01,+2.682500E-05,+9.910000E+37,+1.744809E+03,+3.584400E+04,-2.847893E-01,+0.000000E+00,+9.910000E+37,+1.744878E+03,+3.584400E+04
09:40:15,0e0,+4.553285E-01,+2.993500E-05,+9.910000E+37,+1.745097E+03,+3.584400E+04,+4.576066E-01,+2.993500E-05,+9.910000E+37,+1.745163E+03,+3.584400E+04,+4.577885E-01,+2.993500E-05,+9.910000E+37,+1.745229E+03,+3.584400E+04,-2.831957E-01,+0.000000E+00,+9.910000E+37,+1.745300E+03,+3.584400E+04
09:40:15,0e0,+4.779122E-01,+3.340500E-05,+9.910000E+37,+1.745521E+03,+3.584400E+04,+4.781842E-01,+3.340500E-05,+9.910000E+37,+1.745587E+03,+3.584400E+04,+4.787301E-01,+3.340500E-05,+9.910000E+37,+1.745659E+03,+3.584400E+04,-2.852446E-01,+0.000000E+00,+9.910000E+37,+1.745729E+03,+3.584400E+04
09:40:15,0e0,+5.007672E-01,+3.727500E-05,+9.910000E+37,+1.745949E+03,+3.584400E+04,+4.992632E-01,+3.727500E-05,+9.910000E+37,+1.746016E+03,+3.584400E+04,+4.999477E-01,+3.727500E-05,+9.910000E+37,+1.746084E+03,+3.584400E+04,-2.859276E-01,+0.000000E+00,+9.910000E+37,+1.746155E+03,+3.584400E+04
09:40:15,0e0,+5.237601E-01,+4.159500E-05,+9.910000E+37,+1.746373E+03,+3.584400E+04,+5.225290E-01,+4.159500E-05,+9.910000E+37,+1.746439E+03,+3.584400E+04,+5.226648E-01,+4.159500E-05,+9.910000E+37,+1.746507E+03,+3.584400E+04,-2.859276E-01,+0.000000E+00,+9.910000E+37,+1.746576E+03,+3.584400E+04
09:40:15,0e0,+5.453390E-01,+4.641500E-05,+9.910000E+37,+1.746789E+03,+3.584400E+04,+5.457482E-01,+4.641500E-05,+9.910000E+37,+1.746855E+03,+3.584400E+04,+5.452023E-01,+4.641500E-05,+9.910000E+37,+1.746923E+03,+3.584400E+04,-2.963998E-01,+0.000000E+00,+9.910000E+37,+1.746988E+03,+3.584400E+04
09:40:15,0e0,+5.705159E-01,+5.179500E-05,+9.910000E+37,+1.747202E+03,+3.584400E+04,+5.716094E-01,+5.179500E-05,+9.910000E+37,+1.747270E+03,+3.584400E+04,+5.714261E-01,+5.179500E-05,+9.910000E+37,+1.747335E+03,+3.584400E+04,-3.333714E-01,+0.000000E+00,+9.910000E+37,+1.747401E+03,+3.584400E+04
09:40:15,0e0,+5.950563E-01,+5.779500E-05,+9.910000E+37,+1.747618E+03,+3.584400E+04,+5.965587E-01,+5.779500E-05,+9.910000E+37,+1.747686E+03,+3.584400E+04,+5.955108E-01,+5.779500E-05,+9.910000E+37,+1.747752E+03,+3.584400E+04,-3.095129E-01,+0.000000E+00,+9.910000E+37,+1.747817E+03,+3.584400E+04
09:40:15,0e0,+6.213279E-01,+6.449500E-05,+9.910000E+37,+1.748035E+03,+3.584400E+04,+6.215559E-01,+6.449500E-05,+9.910000E+37,+1.748103E+03,+3.584400E+04,+6.223729E-01,+6.449500E-05,+9.910000E+37,+1.748170E+03,+3.584400E+04,-2.867473E-01,+0.000000E+00,+9.910000E+37,+1.748235E+03,+3.584400E+04
09:40:15,0e0,+6.487820E-01,+7.197000E-05,+9.910000E+37,+1.748450E+03,+3.584400E+04,+6.475046E-01,+7.197000E-05,+9.910000E+37,+1.748517E+03,+3.584400E+04,+6.484153E-01,+7.197000E-05,+9.910000E+37,+1.748584E+03,+3.584400E+04,-2.890692E-01,+0.000000E+00,+9.910000E+37,+1.748649E+03,+3.584400E+04
09:40:15,0e0,+6.772359E-01,+8.031000E-05,+9.910000E+37,+1.748866E+03,+3.584400E+04,+6.773261E-01,+8.031000E-05,+9.910000E+37,+1.748934E+03,+3.584400E+04,+6.767803E-01,+8.031000E-05,+9.910000E+37,+1.748999E+03,+3.584400E+04,-2.896156E-01,+0.000000E+00,+9.910000E+37,+1.749070E+03,+3.584400E+04
09:40:15,0e0,+7.041879E-01,+8.961500E-05,+9.910000E+37,+1.749290E+03,+3.584400E+04,+7.045090E-01,+8.961500E-05,+9.910000E+37,+1.749356E+03,+3.584400E+04,+7.033680E-01,+8.961500E-05,+9.910000E+37,+1.749422E+03,+3.584400E+04,-7.798983E-01,+0.000000E+00,+9.910000E+37,+1.749492E+03,+3.584400E+04
09:40:15,0e0,+7.323706E-01,+1.000000E-04,+9.910000E+37,+1.749701E+03,+3.584400E+04,+7.328725E-01,+1.000000E-04,+9.910000E+37,+1.749768E+03,+3.584400E+04,+7.319144E-01,+1.000000E-04,+9.910000E+37,+1.749833E+03,+3.584400E+04,-1.417113E+00,+0.000000E+00,+9.910000E+37,+1.749899E+03,+3.584400E+04
09:40:15,0e0,+7.489898E-01,+1.116000E-04,+9.910000E+37,+1.750112E+03,+3.584400E+04,+7.495353E-01,+1.116000E-04,+9.910000E+37,+1.750180E+03,+3.584400E+04,+7.489417E-01,+1.116000E-04,+9.910000E+37,+1.750245E+03,+3.584400E+04,-3.169800E-01,+0.000000E+00,+9.910000E+37,+1.750312E+03,+3.584400E+04
09:40:15,0e0,+7.771711E-01,+1.245000E-04,+9.910000E+37,+1.750534E+03,+3.584400E+04,+7.766690E-01,+1.245000E-04,+9.910000E+37,+1.750601E+03,+3.584400E+04,+7.769869E-01,+1.245000E-04,+9.910000E+37,+1.750667E+03,+3.584400E+04,-3.135651E-01,+0.000000E+00,+9.910000E+37,+1.750734E+03,+3.584400E+04
09:40:15,0e0,+8.079927E-01,+1.389500E-04,+9.910000E+37,+1.750955E+03,+3.584400E+04,+8.077214E-01,+1.389500E-04,+9.910000E+37,+1.751021E+03,+3.584400E+04,+8.072660E-01,+1.389500E-04,+9.910000E+37,+1.751088E+03,+3.584400E+04,-3.166613E-01,+0.000000E+00,+9.910000E+37,+1.751155E+03,+3.584400E+04
09:40:15,0e0,+8.377244E-01,+1.550500E-04,+9.910000E+37,+1.751376E+03,+3.584400E+04,+8.367684E-01,+1.550500E-04,+9.910000E+37,+1.751443E+03,+3.584400E+04,+8.364472E-01,+1.550500E-04,+9.910000E+37,+1.751509E+03,+3.584400E+04,-3.174354E-01,+0.000000E+00,+9.910000E+37,+1.751575E+03,+3.584400E+04
09:40:15,0e0,+8.675019E-01,+1.730000E-04,+9.910000E+37,+1.751797E+03,+3.584400E+04,+8.692304E-01,+1.730000E-04,+9.910000E+37,+1.751863E+03,+3.584400E+04,+8.676817E-01,+1.730000E-04,+9.910000E+37,+1.751930E+03,+3.584400E+04,-3.173897E-01,+0.000000E+00,+9.910000E+37,+1.751996E+03,+3.584400E+04
09:40:15,0e0,+8.981395E-01,+1.930500E-04,+9.910000E+37,+1.752217E+03,+3.584400E+04,+8.993702E-01,+1.930500E-04,+9.910000E+37,+1.752283E+03,+3.584400E+04,+8.994154E-01,+1.930500E-04,+9.910000E+37,+1.752350E+03,+3.584400E+04,-3.150677E-01,+0.000000E+00,+9.910000E+37,+1.752416E+03,+3.584400E+04
09:40:15,0e0,+9.319232E-01,+2.154500E-04,+9.910000E+37,+1.752636E+03,+3.584400E+04,+9.310114E-01,+2.154500E-04,+9.910000E+37,+1.752702E+03,+3.584400E+04,+9.299183E-01,+2.154500E-04,+9.910000E+37,+1.752769E+03,+3.584400E+04,-3.179362E-01,+0.000000E+00,+9.910000E+37,+1.752835E+03,+3.584400E+04
09:40:15,0e0,+9.626533E-01,+2.404000E-04,+9.910000E+37,+1.753055E+03,+3.584400E+04,+9.631104E-01,+2.404000E-04,+9.910000E+37,+1.753120E+03,+3.584400E+04,+9.630641E-01,+2.404000E-04,+9.910000E+37,+1.753187E+03,+3.584400E+04,-3.143848E-01,+0.000000E+00,+9.910000E+37,+1.753253E+03,+3.584400E+04
09:40:15,0e0,+9.974853E-01,+2.682500E-04,+9.910000E+37,+1.753476E+03,+3.584400E+04,+9.970746E-01,+2.682500E-04,+9.910000E+37,+1.753541E+03,+3.584400E+04,+9.955237E-01,+2.682500E-04,+9.910000E+37,+1.753607E+03,+3.584400E+04,-3.180272E-01,+0.000000E+00,+9.910000E+37,+1.753674E+03,+3.584400E+04
09:40:15,0e0,+1.031220E+00,+2.993500E-04,+9.910000E+37,+1.753900E+03,+3.584400E+04,+1.030492E+00,+2.993500E-04,+9.910000E+37,+1.753968E+03,+3.584400E+04,+1.031087E+00,+2.993500E-04,+9.910000E+37,+1.754034E+03,+3.584400E+04,-3.158873E-01,+0.000000E+00,+9.910000E+37,+1.754101E+03,+3.584400E+04
09:40:15,0e0,+1.066005E+00,+3.340500E-04,+9.910000E+37,+1.754323E+03,+3.584400E+04,+1.065183E+00,+3.340500E-04,+9.910000E+37,+1.754391E+03,+3.584400E+04,+1.064044E+00,+3.340500E-04,+9.910000E+37,+1.754456E+03,+3.584400E+04,-3.195297E-01,+0.000000E+00,+9.910000E+37,+1.754522E+03,+3.584400E+04
09:40:15,0e0,+1.102200E+00,+3.727500E-04,+9.910000E+37,+1.754743E+03,+3.584400E+04,+1.102565E+00,+3.727500E-04,+9.910000E+37,+1.754811E+03,+3.584400E+04,+1.101287E+00,+3.727500E-04,+9.910000E+37,+1.754876E+03,+3.584400E+04,-3.210325E-01,+0.000000E+00,+9.910000E+37,+1.754943E+03,+3.584400E+04
09:40:15,0e0,+1.140535E+00,+4.159500E-04,+9.910000E+37,+1.755165E+03,+3.584400E+04,+1.137984E+00,+4.159500E-04,+9.910000E+37,+1.755231E+03,+3.584400E+04,+1.137846E+00,+4.159500E-04,+9.910000E+37,+1.755298E+03,+3.584400E+04,-3.164792E-01,+0.000000E+00,+9.910000E+37,+1.755364E+03,+3.584400E+04
09:40:15,0e0,+1.176912E+00,+4.641500E-04,+9.910000E+37,+1.755590E+03,+3.584400E+04,+1.175729E+00,+4.641500E-04,+9.910000E+37,+1.755656E+03,+3.584400E+04,+1.177093E+00,+4.641500E-04,+9.910000E+37,+1.755724E+03,+3.584400E+04,-3.196664E-01,+0.000000E+00,+9.910000E+37,+1.755789E+03,+3.584400E+04
09:40:15,0e0,+1.216022E+00,+5.179500E-04,+9.910000E+37,+1.756012E+03,+3.584400E+04,+1.214789E+00,+5.179500E-04,+9.910000E+37,+1.756077E+03,+3.584400E+04,+1.215748E+00,+5.179500E-04,+9.910000E+37,+1.756144E+03,+3.584400E+04,-3.229901E-01,+0.000000E+00,+9.910000E+37,+1.756210E+03,+3.584400E+04
09:40:15,0e0,+1.254444E+00,+5.779500E-04,+9.910000E+37,+1.756433E+03,+3.584400E+04,+1.255449E+00,+5.779500E-04,+9.910000E+37,+1.756500E+03,+3.584400E+04,+1.256683E+00,+5.779500E-04,+9.910000E+37,+1.756566E+03,+3.584400E+04,-3.214877E-01,+0.000000E+00,+9.910000E+37,+1.756633E+03,+3.584400E+04
09:40:15,0e0,+1.296699E+00,+6.449500E-04,+9.910000E+37,+1.756851E+03,+3.584400E+04,+1.295695E+00,+6.449500E-04,+9.910000E+37,+1.756918E+03,+3.584400E+04,+1.295831E+00,+6.449500E-04,+9.910000E+37,+1.756983E+03,+3.584400E+04,-3.210323E-01,+0.000000E+00,+9.910000E+37,+1.757050E+03,+3.584400E+04
09:40:15,0e0,+1.339039E+00,+7.197000E-04,+9.910000E+37,+1.757268E+03,+3.584400E+04,+1.337081E+00,+7.197000E-04,+9.910000E+37,+1.757334E+03,+3.584400E+04,+1.337994E+00,+7.197000E-04,+9.910000E+37,+1.757401E+03,+3.584400E+04,-3.227169E-01,+0.000000E+00,+9.910000E+37,+1.757467E+03,+3.584400E+04
09:40:15,0e0,+1.381565E+00,+8.031000E-04,+9.910000E+37,+1.757687E+03,+3.584400E+04,+1.381702E+00,+8.031000E-04,+9.910000E+37,+1.757754E+03,+3.584400E+04,+1.380834E+00,+8.031000E-04,+9.910000E+37,+1.757820E+03,+3.584400E+04,-4.396874E-01,+0.000000E+00,+9.910000E+37,+1.757888E+03,+3.584400E+04
09:40:15,0e0,+1.424860E+00,+8.961500E-04,+9.910000E+37,+1.758108E+03,+3.584400E+04,+1.425361E+00,+8.961500E-04,+9.910000E+37,+1.758175E+03,+3.584400E+04,+1.425500E+00,+8.961500E-04,+9.910000E+37,+1.758242E+03,+3.584400E+04,-3.705250E-01,+0.000000E+00,+9.910000E+37,+1.758308E+03,+3.584400E+04
09:40:15,0e0,+1.471392E+00,+1.000000E-03,+9.910000E+37,+1.758524E+03,+3.584400E+04,+1.471027E+00,+1.000000E-03,+9.910000E+37,+1.758592E+03,+3.584400E+04,+1.469984E+00,+1.000000E-03,+9.910000E+37,+1.758658E+03,+3.584400E+04,-3.256310E-01,+0.000000E+00,+9.910000E+37,+1.758726E+03,+3.584400E+04
09:40:15,0e0,+1.504996E+00,+1.116000E-03,+9.910000E+37,+1.758953E+03,+3.584400E+04,+1.503988E+00,+1.116000E-03,+9.910000E+37,+1.759020E+03,+3.584400E+04,+1.503806E+00,+1.116000E-03,+9.910000E+37,+1.759086E+03,+3.584400E+04,-7.328650E-01,+0.000000E+00,+9.910000E+37,+1.759151E+03,+3.584400E+04
09:40:15,0e0,+1.553252E+00,+1.245000E-03,+9.910000E+37,+1.759374E+03,+3.584400E+04,+1.552844E+00,+1.245000E-03,+9.910000E+37,+1.759439E+03,+3.584400E+04,+1.551568E+00,+1.245000E-03,+9.910000E+37,+1.759507E+03,+3.584400E+04,-4.994704E-01,+0.000000E+00,+9.910000E+37,+1.759572E+03,+3.584400E+04
09:40:15,0e0,+1.600603E+00,+1.389500E-03,+9.910000E+37,+1.759793E+03,+3.584400E+04,+1.600694E+00,+1.389500E-03,+9.910000E+37,+1.759859E+03,+3.584400E+04,+1.598505E+00,+1.389500E-03,+9.910000E+37,+1.759927E+03,+3.584400E+04,-6.382501E-01,+0.000000E+00,+9.910000E+37,+1.759992E+03,+3.584400E+04
09:40:15,0e0,+1.650822E+00,+1.550500E-03,+9.910000E+37,+1.760213E+03,+3.584400E+04,+1.650318E+00,+1.550500E-03,+9.910000E+37,+1.760279E+03,+3.584400E+04,+1.649959E+00,+1.550500E-03,+9.910000E+37,+1.760346E+03,+3.584400E+04,-7.019943E-01,+0.000000E+00,+9.910000E+37,+1.760412E+03,+3.584400E+04
09:40:15,0e0,+1.701674E+00,+1.730000E-03,+9.910000E+37,+1.760633E+03,+3.584400E+04,+1.700628E+00,+1.730000E-03,+9.910000E+37,+1.760700E+03,+3.584400E+04,+1.701490E+00,+1.730000E-03,+9.910000E+37,+1.760766E+03,+3.584400E+04,-4.848091E-01,+0.000000E+00,+9.910000E+37,+1.760832E+03,+3.584400E+04
09:40:15,0e0,+1.756402E+00,+1.930500E-03,+9.910000E+37,+1.761052E+03,+3.584400E+04,+1.755629E+00,+1.930500E-03,+9.910000E+37,+1.761117E+03,+3.584400E+04,+1.754990E+00,+1.930500E-03,+9.910000E+37,+1.761184E+03,+3.584400E+04,-6.020524E-01,+0.000000E+00,+9.910000E+37,+1.761250E+03,+3.584400E+04
09:40:15,0e0,+1.812627E+00,+2.154500E-03,+9.910000E+37,+1.761472E+03,+3.584400E+04,+1.810807E+00,+2.154500E-03,+9.910000E+37,+1.761538E+03,+3.584400E+04,+1.810671E+00,+2.154500E-03,+9.910000E+37,+1.761604E+03,+3.584400E+04,-7.016295E-01,+0.000000E+00,+9.910000E+37,+1.761671E+03,+3.584400E+04
09:40:15,0e0,+1.869448E+00,+2.404000E-03,+9.910000E+37,+1.761891E+03,+3.584400E+04,+1.868403E+00,+2.404000E-03,+9.910000E+37,+1.761958E+03,+3.584400E+04,+1.867582E+00,+2.404000E-03,+9.910000E+37,+1.762025E+03,+3.584400E+04,-5.258788E-01,+0.000000E+00,+9.910000E+37,+1.762092E+03,+3.584400E+04
09:40:15,0e0,+1.928044E+00,+2.682500E-03,+9.910000E+37,+1.762311E+03,+3.584400E+04,+1.927768E+00,+2.682500E-03,+9.910000E+37,+1.762377E+03,+3.584400E+04,+1.927133E+00,+2.682500E-03,+9.910000E+37,+1.762444E+03,+3.584400E+04,-5.730487E-01,+0.000000E+00,+9.910000E+37,+1.762512E+03,+3.584400E+04
09:40:15,0e0,+1.990098E+00,+2.993500E-03,+9.910000E+37,+1.762731E+03,+3.584400E+04,+1.988866E+00,+2.993500E-03,+9.910000E+37,+1.762799E+03,+3.584400E+04,+1.989552E+00,+2.993500E-03,+9.910000E+37,+1.762866E+03,+3.584400E+04,-7.014024E-01,+0.000000E+00,+9.910000E+37,+1.762932E+03,+3.584400E+04
09:40:15,0e0,+2.055067E+00,+3.340500E-03,+9.910000E+37,+1.763152E+03,+3.584400E+04,+2.053475E+00,+3.340500E-03,+9.910000E+37,+1.763218E+03,+3.584400E+04,+2.052703E+00,+3.340500E-03,+9.910000E+37,+1.763285E+03,+3.584400E+04,-6.543226E-01,+0.000000E+00,+9.910000E+37,+1.763353E+03,+3.584400E+04
09:40:15,0e0,+2.120629E+00,+3.727500E-03,+9.910000E+37,+1.763575E+03,+3.584400E+04,+2.118076E+00,+3.727500E-03,+9.910000E+37,+1.763642E+03,+3.584400E+04,+2.118439E+00,+3.727500E-03,+9.910000E+37,+1.763708E+03,+3.584400E+04,-5.963160E-01,+0.000000E+00,+9.910000E+37,+1.763773E+03,+3.584400E+04
09:40:15,0e0,+2.190468E+00,+4.159500E-03,+9.910000E+37,+1.763993E+03,+3.584400E+04,+2.187782E+00,+4.159500E-03,+9.910000E+37,+1.764061E+03,+3.584400E+04,+2.188745E+00,+4.159500E-03,+9.910000E+37,+1.764126E+03,+3.584400E+04,-7.058192E-01,+0.000000E+00,+9.910000E+37,+1.764193E+03,+3.584400E+04
09:40:15,0e0,+2.262177E+00,+4.641500E-03,+9.910000E+37,+1.764414E+03,+3.584400E+04,+2.261998E+00,+4.641500E-03,+9.910000E+37,+1.764479E+03,+3.584400E+04,+2.258849E+00,+4.641500E-03,+9.910000E+37,+1.764547E+03,+3.584400E+04,-6.226786E-01,+0.000000E+00,+9.910000E+37,+1.764612E+03,+3.584400E+04
09:40:15,0e0,+2.336710E+00,+5.179500E-03,+9.910000E+37,+1.764833E+03,+3.584400E+04,+2.334975E+00,+5.179500E-03,+9.910000E+37,+1.764899E+03,+3.584400E+04,+2.334295E+00,+5.179500E-03,+9.910000E+37,+1.764967E+03,+3.584400E+04,-5.622130E-01,+0.000000E+00,+9.910000E+37,+1.765032E+03,+3.584400E+04
09:40:15,0e0,+2.412647E+00,+5.779500E-03,+9.910000E+37,+1.765255E+03,+3.584400E+04,+2.414063E+00,+5.779500E-03,+9.910000E+37,+1.765320E+03,+3.584400E+04,+2.412837E+00,+5.779500E-03,+9.910000E+37,+1.765387E+03,+3.584400E+04,-7.424712E-01,+0.000000E+00,+9.910000E+37,+1.765453E+03,+3.584400E+04
09:40:15,0e0,+2.496425E+00,+6.449500E-03,+9.910000E+37,+1.765673E+03,+3.584400E+04,+2.493823E+00,+6.449500E-03,+9.910000E+37,+1.765738E+03,+3.584400E+04,+2.495057E+00,+6.449500E-03,+9.910000E+37,+1.765806E+03,+3.584400E+04,-6.148926E-01,+0.000000E+00,+9.910000E+37,+1.765873E+03,+3.584400E+04
09:40:15,0e0,+2.580601E+00,+7.197000E-03,+9.910000E+37,+1.766096E+03,+3.584400E+04,+2.580146E+00,+7.197000E-03,+9.910000E+37,+1.766162E+03,+3.584400E+04,+2.579871E+00,+7.197000E-03,+9.910000E+37,+1.766229E+03,+3.584400E+04,-5.967262E-01,+0.000000E+00,+9.910000E+37,+1.766296E+03,+3.584400E+04
09:40:15,0e0,+2.671483E+00,+8.031000E-03,+9.910000E+37,+1.766517E+03,+3.584400E+04,+2.669660E+00,+8.031000E-03,+9.910000E+37,+1.766582E+03,+3.584400E+04,+2.671162E+00,+8.031000E-03,+9.910000E+37,+1.766648E+03,+3.584400E+04,-6.933890E-01,+0.000000E+00,+9.910000E+37,+1.766715E+03,+3.584400E+04
09:40:15,0e0,+2.766681E+00,+8.961500E-03,+9.910000E+37,+1.766933E+03,+3.584400E+04,+2.763718E+00,+8.961500E-03,+9.910000E+37,+1.766999E+03,+3.584400E+04,+2.762306E+00,+8.961500E-03,+9.910000E+37,+1.767065E+03,+3.584400E+04,-6.658880E-01,+0.000000E+00,+9.910000E+37,+1.767135E+03,+3.584400E+04
12:35:46,0e0,+1.030400E-03,+1.000000E-07,+9.910000E+37,+1.224195E+04,+3.584400E+04,+1.303598E-03,+1.000000E-07,+9.910000E+37,+1.224201E+04,+3.584400E+04,+6.658882E-04,+1.000000E-07,+9.910000E+37,+1.224208E+04,+3.584400E+04,-5.570352E-03,+0.000000E+00,+9.910000E+37,+1.224215E+04,+3.584400E+04
12:35:46,0e0,+3.170252E-03,+1.116000E-07,+9.910000E+37,+1.224237E+04,+3.584400E+04,+4.946262E-03,+1.116000E-07,+9.910000E+37,+1.224244E+04,+3.584400E+04,+2.896830E-03,+1.116000E-07,+9.910000E+37,+1.224250E+04,+3.584400E+04,-7.391661E-03,+0.000000E+00,+9.910000E+37,+1.224257E+04,+3.584400E+04
12:35:46,0e0,+3.033087E-03,+1.245000E-07,+9.910000E+37,+1.224279E+04,+3.584400E+04,+5.902320E-03,+1.245000E-07,+9.910000E+37,+1.224286E+04,+3.584400E+04,+4.717961E-03,+1.245000E-07,+9.910000E+37,+1.224292E+04,+3.584400E+04,-6.572351E-03,+0.000000E+00,+9.910000E+37,+1.224299E+04,+3.584400E+04
12:35:46,0e0,+5.446941E-03,+1.389500E-07,+9.910000E+37,+1.224321E+04,+3.584400E+04,+6.129473E-03,+1.389500E-07,+9.910000E+37,+1.224328E+04,+3.584400E+04,+5.401149E-03,+1.389500E-07,+9.910000E+37,+1.224335E+04,+3.584400E+04,-6.572232E-03,+0.000000E+00,+9.910000E+37,+1.224341E+04,+3.584400E+04
12:35:46,0e0,+7.313088E-03,+1.550500E-07,+9.910000E+37,+1.224363E+04,+3.584400E+04,+7.040247E-03,+1.550500E-07,+9.910000E+37,+1.224370E+04,+3.584400E+04,+8.042008E-03,+1.550500E-07,+9.910000E+37,+1.224377E+04,+3.584400E+04,-6.663129E-03,+0.000000E+00,+9.910000E+37,+1.224383E+04,+3.584400E+04
12:35:46,0e0,+8.860767E-03,+1.730000E-07,+9.910000E+37,+1.224405E+04,+3.584400E+04,+8.086950E-03,+1.730000E-07,+9.910000E+37,+1.224412E+04,+3.584400E+04,+1.036349E-02,+1.730000E-07,+9.910000E+37,+1.224419E+04,+3.584400E+04,-6.708935E-03,+0.000000E+00,+9.910000E+37,+1.224425E+04,+3.584400E+04
12:35:46,0e0,+1.109172E-02,+1.930500E-07,+9.910000E+37,+1.224447E+04,+3.584400E+04,+9.407178E-03,+1.930500E-07,+9.910000E+37,+1.224454E+04,+3.584400E+04,+1.136503E-02,+1.930500E-07,+9.910000E+37,+1.224460E+04,+3.584400E+04,-6.800085E-03,+0.000000E+00,+9.910000E+37,+1.224467E+04,+3.584400E+04
12:35:46,0e0,+1.291303E-02,+2.154500E-07,+9.910000E+37,+1.224489E+04,+3.584400E+04,+1.259413E-02,+2.154500E-07,+9.910000E+37,+1.224495E+04,+3.584400E+04,+1.323150E-02,+2.154500E-07,+9.910000E+37,+1.224502E+04,+3.584400E+04,-6.436124E-03,+0.000000E+00,+9.910000E+37,+1.224509E+04,+3.584400E+04
12:35:46,0e0,+1.459712E-02,+2.404000E-07,+9.910000E+37,+1.224531E+04,+3.584400E+04,+1.532601E-02,+2.404000E-07,+9.910000E+37,+1.224537E+04,+3.584400E+04,+1.482520E-02,+2.404000E-07,+9.910000E+37,+1.224544E+04,+3.584400E+04,-5.934909E-03,+0.000000E+00,+9.910000E+37,+1.224550E+04,+3.584400E+04
12:35:46,0e0,+1.723719E-02,+2.682500E-07,+9.910000E+37,+1.224573E+04,+3.584400E+04,+1.810290E-02,+2.682500E-07,+9.910000E+37,+1.224579E+04,+3.584400E+04,+1.887679E-02,+2.682500E-07,+9.910000E+37,+1.224586E+04,+3.584400E+04,-5.069897E-03,+0.000000E+00,+9.910000E+37,+1.224593E+04,+3.584400E+04
12:35:46,0e0,+2.078910E-02,+2.993500E-07,+9.910000E+37,+1.224614E+04,+3.584400E+04,+2.124415E-02,+2.993500E-07,+9.910000E+37,+1.224621E+04,+3.584400E+04,+2.133548E-02,+2.993500E-07,+9.910000E+37,+1.224628E+04,+3.584400E+04,-7.482782E-03,+0.000000E+00,+9.910000E+37,+1.224634E+04,+3.584400E+04
12:35:46,0e0,+2.470426E-02,+3.340500E-07,+9.910000E+37,+1.224657E+04,+3.584400E+04,+2.484080E-02,+3.340500E-07,+9.910000E+37,+1.224663E+04,+3.584400E+04,+2.315608E-02,+3.340500E-07,+9.910000E+37,+1.224670E+04,+3.584400E+04,-5.343184E-03,+0.000000E+00,+9.910000E+37,+1.224677E+04,+3.584400E+04
12:35:46,0e0,+2.861938E-02,+3.727500E-07,+9.910000E+37,+1.224699E+04,+3.584400E+04,+2.916563E-02,+3.727500E-07,+9.910000E+37,+1.224705E+04,+3.584400E+04,+2.629752E-02,+3.727500E-07,+9.910000E+37,+1.224712E+04,+3.584400E+04,-6.891116E-03,+0.000000E+00,+9.910000E+37,+1.224719E+04,+3.584400E+04
12:35:46,0e0,+3.039426E-02,+4.159500E-07,+9.910000E+37,+1.224741E+04,+3.584400E+04,+2.980244E-02,+4.159500E-07,+9.910000E+37,+1.224747E+04,+3.584400E+04,+2.984807E-02,+4.159500E-07,+9.910000E+37,+1.224754E+04,+3.584400E+04,-6.799906E-03,+0.000000E+00,+9.910000E+37,+1.224761E+04,+3.584400E+04
12:35:46,0e0,+3.608599E-02,+4.641500E-07,+9.910000E+37,+1.224783E+04,+3.584400E+04,+3.704181E-02,+4.641500E-07,+9.910000E+37,+1.224790E+04,+3.584400E+04,+3.394562E-02,+4.641500E-07,+9.910000E+37,+1.224796E+04,+3.584400E+04,-6.435737E-03,+0.000000E+00,+9.910000E+37,+1.224803E+04,+3.584400E+04
12:35:46,0e0,+4.195830E-02,+5.179500E-07,+9.910000E+37,+1.224825E+04,+3.584400E+04,+4.127553E-02,+5.179500E-07,+9.910000E+37,+1.224832E+04,+3.584400E+04,+4.282415E-02,+5.179500E-07,+9.910000E+37,+1.224839E+04,+3.584400E+04,-8.575290E-03,+0.000000E+00,+9.910000E+37,+1.224845E+04,+3.584400E+04
12:35:46,0e0,+4.550943E-02,+5.779500E-07,+9.910000E+37,+1.224867E+04,+3.584400E+04,+4.705760E-02,+5.779500E-07,+9.910000E+37,+1.224874E+04,+3.584400E+04,+4.669306E-02,+5.779500E-07,+9.910000E+37,+1.224881E+04,+3.584400E+04,-6.435663E-03,+0.000000E+00,+9.910000E+37,+1.224887E+04,+3.584400E+04
12:35:46,0e0,+5.297548E-02,+6.449500E-07,+9.910000E+37,+1.224909E+04,+3.584400E+04,+5.297574E-02,+6.449500E-07,+9.910000E+37,+1.224916E+04,+3.584400E+04,+5.279332E-02,+6.449500E-07,+9.910000E+37,+1.224923E+04,+3.584400E+04,-6.390244E-03,+0.000000E+00,+9.910000E+37,+1.224929E+04,+3.584400E+04
12:35:46,0e0,+6.085199E-02,+7.197000E-07,+9.910000E+37,+1.224951E+04,+3.584400E+04,+6.026000E-02,+7.197000E-07,+9.910000E+37,+1.224958E+04,+3.584400E+04,+6.121564E-02,+7.197000E-07,+9.910000E+37,+1.224965E+04,+3.584400E+04,-6.208137E-03,+0.000000E+00,+9.910000E+37,+1.224971E+04,+3.584400E+04
12:35:46,0e0,+6.936505E-02,+8.031000E-07,+9.910000E+37,+1.224994E+04,+3.584400E+04,+6.922832E-02,+8.031000E-07,+9.910000E+37,+1.225000E+04,+3.584400E+04,+6.859142E-02,+8.031000E-07,+9.910000E+37,+1.225007E+04,+3.584400E+04,-5.069748E-03,+0.000000E+00,+9.910000E+37,+1.225014E+04,+3.584400E+04
12:35:46,0e0,+7.755959E-02,+8.961500E-07,+9.910000E+37,+1.225036E+04,+3.584400E+04,+7.787842E-02,+8.961500E-07,+9.910000E+37,+1.225043E+04,+3.584400E+04,+7.755995E-02,+8.961500E-07,+9.910000E+37,+1.225049E+04,+3.584400E+04,-5.342722E-03,+0.000000E+00,+9.910000E+37,+1.225056E+04,+3.584400E+04
12:35:46,0e0,+8.762136E-02,+1.000000E-06,+9.910000E+37,+1.225077E+04,+3.584400E+04,+8.807641E-02,+1.000000E-06,+9.910000E+37,+1.225084E+04,+3.584400E+04,+8.789420E-02,+1.000000E-06,+9.910000E+37,+1.225091E+04,+3.584400E+04,-6.389990E-03,+0.000000E+00,+9.910000E+37,+1.225098E+04,+3.584400E+04
12:35:46,0e0,+8.584556E-02,+1.116000E-06,+9.910000E+37,+1.225120E+04,+3.584400E+04,+8.470714E-02,+1.116000E-06,+9.910000E+37,+1.225126E+04,+3.584400E+04,+8.693847E-02,+1.116000E-06,+9.910000E+37,+1.225133E+04,+3.584400E+04,-6.481305E-03,+0.000000E+00,+9.910000E+37,+1.225140E+04,+3.584400E+04
12:35:46,0e0,+9.686270E-02,+1.245000E-06,+9.910000E+37,+1.225162E+04,+3.584400E+04,+9.645328E-02,+1.245000E-06,+9.910000E+37,+1.225168E+04,+3.584400E+04,+9.640771E-02,+1.245000E-06,+9.910000E+37,+1.225175E+04,+3.584400E+04,-5.160630E-03,+0.000000E+00,+9.910000E+37,+1.225181E+04,+3.584400E+04
12:35:46,0e0,+1.089270E-01,+1.389500E-06,+9.910000E+37,+1.225204E+04,+3.584400E+04,+1.083351E-01,+1.389500E-06,+9.910000E+37,+1.225210E+04,+3.584400E+04,+1.084718E-01,+1.389500E-06,+9.910000E+37,+1.225217E+04,+3.584400E+04,-6.982222E-03,+0.000000E+00,+9.910000E+37,+1.225224E+04,+3.584400E+04
12:35:46,0e0,+1.223572E-01,+1.550500E-06,+9.910000E+37,+1.225246E+04,+3.584400E+04,+1.225850E-01,+1.550500E-06,+9.910000E+37,+1.225253E+04,+3.584400E+04,+1.209912E-01,+1.550500E-06,+9.910000E+37,+1.225259E+04,+3.584400E+04,-6.572545E-03,+0.000000E+00,+9.910000E+37,+1.225266E+04,+3.584400E+04
12:35:46,0e0,+1.362882E-01,+1.730000E-06,+9.910000E+37,+1.225288E+04,+3.584400E+04,+1.373813E-01,+1.730000E-06,+9.910000E+37,+1.225295E+04,+3.584400E+04,+1.377454E-01,+1.730000E-06,+9.910000E+37,+1.225301E+04,+3.584400E+04,-6.071851E-03,+0.000000E+00,+9.910000E+37,+1.225308E+04,+3.584400E+04
12:35:46,0e0,+1.529505E-01,+1.930500E-06,+9.910000E+37,+1.225330E+04,+3.584400E+04,+1.540891E-01,+1.930500E-06,+9.910000E+37,+1.225337E+04,+3.584400E+04,+1.537705E-01,+1.930500E-06,+9.910000E+37,+1.225343E+04,+3.584400E+04,-6.299153E-03,+0.000000E+00,+9.910000E+37,+1.225350E+04,+3.584400E+04
12:35:46,0e0,+1.731185E-01,+2.154500E-06,+9.910000E+37,+1.225372E+04,+3.584400E+04,+1.731186E-01,+2.154500E-06,+9.910000E+37,+1.225379E+04,+3.584400E+04,+1.723000E-01,+2.154500E-06,+9.910000E+37,+1.225385E+04,+3.584400E+04,-6.435215E-03,+0.000000E+00,+9.910000E+37,+1.225392E+04,+3.584400E+04
12:35:46,0e0,+1.953812E-01,+2.404000E-06,+9.910000E+37,+1.225414E+04,+3.584400E+04,+1.933321E-01,+2.404000E-06,+9.910000E+37,+1.225421E+04,+3.584400E+04,+1.950170E-01,+2.404000E-06,+9.910000E+37,+1.225428E+04,+3.584400E+04,-5.707443E-03,+0.000000E+00,+9.910000E+37,+1.225434E+04,+3.584400E+04
12:35:46,0e0,+2.167779E-01,+2.682500E-06,+9.910000E+37,+1.225456E+04,+3.584400E+04,+2.174156E-01,+2.682500E-06,+9.910000E+37,+1.225463E+04,+3.584400E+04,+2.161406E-01,+2.682500E-06,+9.910000E+37,+1.225470E+04,+3.584400E+04,-7.346481E-03,+0.000000E+00,+9.910000E+37,+1.225476E+04,+3.584400E+04
12:35:46,0e0,+2.445035E-01,+2.993500E-06,+9.910000E+37,+1.225498E+04,+3.584400E+04,+2.438671E-01,+2.993500E-06,+9.910000E+37,+1.225505E+04,+3.584400E+04,+2.424548E-01,+2.993500E-06,+9.910000E+37,+1.225512E+04,+3.584400E+04,-5.069777E-03,+0.000000E+00,+9.910000E+37,+1.225518E+04,+3.584400E+04
12:35:46,0e0,+2.713641E-01,+3.340500E-06,+9.910000E+37,+1.225540E+04,+3.584400E+04,+2.728664E-01,+3.340500E-06,+9.910000E+37,+1.225547E+04,+3.584400E+04,+2.719102E-01,+3.340500E-06,+9.910000E+37,+1.225554E+04,+3.584400E+04,-7.756397E-03,+0.000000E+00,+9.910000E+37,+1.225560E+04,+3.584400E+04
12:35:46,0e0,+3.066024E-01,+3.727500E-06,+9.910000E+37,+1.225583E+04,+3.584400E+04,+3.053725E-01,+3.727500E-06,+9.910000E+37,+1.225589E+04,+3.584400E+04,+3.041885E-01,+3.727500E-06,+9.910000E+37,+1.225596E+04,+3.584400E+04,-6.025523E-03,+0.000000E+00,+9.910000E+37,+1.225603E+04,+3.584400E+04
12:35:46,0e0,+3.409735E-01,+4.159500E-06,+9.910000E+37,+1.225625E+04,+3.584400E+04,+3.399706E-01,+4.159500E-06,+9.910000E+37,+1.225631E+04,+3.584400E+04,+3.412007E-01,+4.159500E-06,+9.910000E+37,+1.225638E+04,+3.584400E+04,-6.982267E-03,+0.000000E+00,+9.910000E+37,+1.225645E+04,+3.584400E+04
12:35:46,0e0,+3.816737E-01,+4.641500E-06,+9.910000E+37,+1.225667E+04,+3.584400E+04,+3.820379E-01,+4.641500E-06,+9.910000E+37,+1.225674E+04,+3.584400E+04,+3.820382E-01,+4.641500E-06,+9.910000E+37,+1.225680E+04,+3.584400E+04,-7.437453E-03,+0.000000E+00,+9.910000E+37,+1.225687E+04,+3.584400E+04
12:35:46,0e0,+4.266078E-01,+5.179500E-06,+9.910000E+37,+1.225709E+04,+3.584400E+04,+4.268355E-01,+5.179500E-06,+9.910000E+37,+1.225716E+04,+3.584400E+04,+4.255156E-01,+5.179500E-06,+9.910000E+37,+1.225722E+04,+3.584400E+04,-6.754547E-03,+0.000000E+00,+9.910000E+37,+1.225729E+04,+3.584400E+04
12:35:46,0e0,+4.767775E-01,+5.779500E-06,+9.910000E+37,+1.225751E+04,+3.584400E+04,+4.771873E-01,+5.779500E-06,+9.910000E+37,+1.225758E+04,+3.584400E+04,+4.760033E-01,+5.779500E-06,+9.910000E+37,+1.225764E+04,+3.584400E+04,-6.207988E-03,+0.000000E+00,+9.910000E+37,+1.225771E+04,+3.584400E+04
12:35:46,0e0,+5.311344E-01,+6.449500E-06,+9.910000E+37,+1.225793E+04,+3.584400E+04,+5.338218E-01,+6.449500E-06,+9.910000E+37,+1.225800E+04,+3.584400E+04,+5.344151E-01,+6.449500E-06,+9.910000E+37,+1.225806E+04,+3.584400E+04,-6.617546E-03,+0.000000E+00,+9.910000E+37,+1.225813E+04,+3.584400E+04
12:35:46,0e0,+5.945075E-01,+7.197000E-06,+9.910000E+37,+1.225835E+04,+3.584400E+04,+5.948261E-01,+7.197000E-06,+9.910000E+37,+1.225842E+04,+3.584400E+04,+5.950548E-01,+7.197000E-06,+9.910000E+37,+1.225849E+04,+3.584400E+04,-6.936237E-03,+0.000000E+00,+9.910000E+37,+1.225855E+04,+3.584400E+04
12:35:46,0e0,+6.662581E-01,+8.031000E-06,+9.910000E+37,+1.225877E+04,+3.584400E+04,+6.679415E-01,+8.031000E-06,+9.910000E+37,+1.225884E+04,+3.584400E+04,+6.663481E-01,+8.031000E-06,+9.910000E+37,+1.225891E+04,+3.584400E+04,-6.708696E-03,+0.000000E+00,+9.910000E+37,+1.225897E+04,+3.584400E+04
12:35:46,0e0,+7.448369E-01,+8.961500E-06,+9.910000E+37,+1.225919E+04,+3.584400E+04,+7.446537E-01,+8.961500E-06,+9.910000E+37,+1.225926E+04,+3.584400E+04,+7.452898E-01,+8.961500E-06,+9.910000E+37,+1.225933E+04,+3.584400E+04,-6.526530E-03,+0.000000E+00,+9.910000E+37,+1.225939E+04,+3.584400E+04
12:35:46,0e0,+8.301479E-01,+1.000000E-05,+9.910000E+37,+1.225961E+04,+3.584400E+04,+8.333389E-01,+1.000000E-05,+9.910000E+37,+1.225967E+04,+3.584400E+04,+8.336564E-01,+1.000000E-05,+9.910000E+37,+1.225974E+04,+3.584400E+04,-5.843490E-03,+0.000000E+00,+9.910000E+37,+1.225981E+04,+3.584400E+04
12:35:46,0e0,+9.157416E-01,+1.116000E-05,+9.910000E+37,+1.226002E+04,+3.584400E+04,+9.148287E-01,+1.116000E-05,+9.910000E+37,+1.226009E+04,+3.584400E+04,+9.155110E-01,+1.116000E-05,+9.910000E+37,+1.226016E+04,+3.584400E+04,-5.479351E-03,+0.000000E+00,+9.910000E+37,+1.226022E+04,+3.584400E+04
12:35:46,0e0,+1.021859E+00,+1.245000E-05,+9.910000E+37,+1.226044E+04,+3.584400E+04,+1.022453E+00,+1.245000E-05,+9.910000E+37,+1.226050E+04,+3.584400E+04,+1.022863E+00,+1.245000E-05,+9.910000E+37,+1.226057E+04,+3.584400E+04,-6.754488E-03,+0.000000E+00,+9.910000E+37,+1.226063E+04,+3.584400E+04
12:35:46,0e0,+1.142461E+00,+1.389500E-05,+9.910000E+37,+1.226085E+04,+3.584400E+04,+1.143597E+00,+1.389500E-05,+9.910000E+37,+1.226092E+04,+3.584400E+04,+1.144051E+00,+1.389500E-05,+9.910000E+37,+1.226098E+04,+3.584400E+04,-7.300436E-03,+0.000000E+00,+9.910000E+37,+1.226105E+04,+3.584400E+04
12:35:46,0e0,+1.277490E+00,+1.550500E-05,+9.910000E+37,+1.226126E+04,+3.584400E+04,+1.277580E+00,+1.550500E-05,+9.910000E+37,+1.226133E+04,+3.584400E+04,+1.278446E+00,+1.550500E-05,+9.910000E+37,+1.226139E+04,+3.584400E+04,-6.572008E-03,+0.000000E+00,+9.910000E+37,+1.226146E+04,+3.584400E+04
12:35:46,0e0,+1.427223E+00,+1.730000E-05,+9.910000E+37,+1.226168E+04,+3.584400E+04,+1.427404E+00,+1.730000E-05,+9.910000E+37,+1.226175E+04,+3.584400E+04,+1.428318E+00,+1.730000E-05,+9.910000E+37,+1.226181E+04,+3.584400E+04,-6.799832E-03,+0.000000E+00,+9.910000E+37,+1.226188E+04,+3.584400E+04
12:35:46,0e0,+1.594530E+00,+1.930500E-05,+9.910000E+37,+1.226209E+04,+3.584400E+04,+1.594485E+00,+1.930500E-05,+9.910000E+37,+1.226216E+04,+3.584400E+04,+1.595442E+00,+1.930500E-05,+9.910000E+37,+1.226223E+04,+3.584400E+04,-6.299034E-03,+0.000000E+00,+9.910000E+37,+1.226229E+04,+3.584400E+04
12:35:46,0e0,+1.781780E+00,+2.154500E-05,+9.910000E+37,+1.226251E+04,+3.584400E+04,+1.782553E+00,+2.154500E-05,+9.910000E+37,+1.226257E+04,+3.584400E+04,+1.784695E+00,+2.154500E-05,+9.910000E+37,+1.226264E+04,+3.584400E+04,-6.663397E-03,+0.000000E+00,+9.910000E+37,+1.226271E+04,+3.584400E+04
12:35:46,0e0,+1.992020E+00,+2.404000E-05,+9.910000E+37,+1.226292E+04,+3.584400E+04,+1.992520E+00,+2.404000E-05,+9.910000E+37,+1.226299E+04,+3.584400E+04,+1.994524E+00,+2.404000E-05,+9.910000E+37,+1.226305E+04,+3.584400E+04,-5.934745E-03,+0.000000E+00,+9.910000E+37,+1.226312E+04,+3.584400E+04
12:35:46,0e0,+2.227026E+00,+2.682500E-05,+9.910000E+37,+1.226333E+04,+3.584400E+04,+2.228301E+00,+2.682500E-05,+9.910000E+37,+1.226340E+04,+3.584400E+04,+2.228937E+00,+2.682500E-05,+9.910000E+37,+1.226347E+04,+3.584400E+04,-7.892609E-03,+0.000000E+00,+9.910000E+37,+1.226353E+04,+3.584400E+04
12:35:46,0e0,+2.488029E+00,+2.993500E-05,+9.910000E+37,+1.226375E+04,+3.584400E+04,+2.490714E+00,+2.993500E-05,+9.910000E+37,+1.226381E+04,+3.584400E+04,+2.490253E+00,+2.993500E-05,+9.910000E+37,+1.226388E+04,+3.584400E+04,-6.617516E-03,+0.000000E+00,+9.910000E+37,+1.226395E+04,+3.584400E+04
12:35:46,0e0,+2.780255E+00,+3.340500E-05,+9.910000E+37,+1.226416E+04,+3.584400E+04,+2.782261E+00,+3.340500E-05,+9.910000E+37,+1.226423E+04,+3.584400E+04,+2.782535E+00,+3.340500E-05,+9.910000E+37,+1.226429E+04,+3.584400E+04,-7.027626E-03,+0.000000E+00,+9.910000E+37,+1.226436E+04,+3.584400E+04
12:35:46,0e0,+3.105489E+00,+3.727500E-05,+9.910000E+37,+1.226458E+04,+3.584400E+04,+3.107497E+00,+3.727500E-05,+9.910000E+37,+1.226465E+04,+3.584400E+04,+3.109088E+00,+3.727500E-05,+9.910000E+37,+1.226472E+04,+3.584400E+04,-5.798280E-03,+0.000000E+00,+9.910000E+37,+1.226479E+04,+3.584400E+04
12:35:46,0e0,+3.471707E+00,+4.159500E-05,+9.910000E+37,+1.226500E+04,+3.584400E+04,+3.473119E+00,+4.159500E-05,+9.910000E+37,+1.226507E+04,+3.584400E+04,+3.473115E+00,+4.159500E-05,+9.910000E+37,+1.226513E+04,+3.584400E+04,-6.936491E-03,+0.000000E+00,+9.910000E+37,+1.226520E+04,+3.584400E+04
12:35:46,0e0,+3.875927E+00,+4.641500E-05,+9.910000E+37,+1.226541E+04,+3.584400E+04,+3.877205E+00,+4.641500E-05,+9.910000E+37,+1.226548E+04,+3.584400E+04,+3.879070E+00,+4.641500E-05,+9.910000E+37,+1.226555E+04,+3.584400E+04,-6.435543E-03,+0.000000E+00,+9.910000E+37,+1.226561E+04,+3.584400E+04
12:35:46,0e0,+4.330735E+00,+5.179500E-05,+9.910000E+37,+1.226583E+04,+3.584400E+04,+4.332695E+00,+5.179500E-05,+9.910000E+37,+1.226589E+04,+3.584400E+04,+4.334108E+00,+5.179500E-05,+9.910000E+37,+1.226596E+04,+3.584400E+04,-6.435633E-03,+0.000000E+00,+9.910000E+37,+1.226603E+04,+3.584400E+04
12:35:46,0e0,+4.839131E+00,+5.779500E-05,+9.910000E+37,+1.226624E+04,+3.584400E+04,+4.840774E+00,+5.779500E-05,+9.910000E+37,+1.226631E+04,+3.584400E+04,+4.840947E+00,+5.779500E-05,+9.910000E+37,+1.226638E+04,+3.584400E+04,-6.936371E-03,+0.000000E+00,+9.910000E+37,+1.226644E+04,+3.584400E+04
12:35:46,0e0,+5.405023E+00,+6.449500E-05,+9.910000E+37,+1.226666E+04,+3.584400E+04,+5.407744E+00,+6.449500E-05,+9.910000E+37,+1.226672E+04,+3.584400E+04,+5.410352E+00,+6.449500E-05,+9.910000E+37,+1.226679E+04,+3.584400E+04,-6.708533E-03,+0.000000E+00,+9.910000E+37,+1.226686E+04,+3.584400E+04
12:35:46,0e0,+6.040346E+00,+7.197000E-05,+9.910000E+37,+1.226707E+04,+3.584400E+04,+6.040091E+00,+7.197000E-05,+9.910000E+37,+1.226714E+04,+3.584400E+04,+6.043241E+00,+7.197000E-05,+9.910000E+37,+1.226721E+04,+3.584400E+04,-7.437348E-03,+0.000000E+00,+9.910000E+37,+1.226727E+04,+3.584400E+04
12:35:46,0e0,+6.747441E+00,+8.031000E-05,+9.910000E+37,+1.226749E+04,+3.584400E+04,+6.751449E+00,+8.031000E-05,+9.910000E+37,+1.226756E+04,+3.584400E+04,+6.752867E+00,+8.031000E-05,+9.910000E+37,+1.226763E+04,+3.584400E+04,-7.255003E-03,+0.000000E+00,+9.910000E+37,+1.226770E+04,+3.584400E+04
12:35:46,0e0,+7.542813E+00,+8.961500E-05,+9.910000E+37,+1.226792E+04,+3.584400E+04,+7.545142E+00,+8.961500E-05,+9.910000E+37,+1.226799E+04,+3.584400E+04,+7.546559E+00,+8.961500E-05,+9.910000E+37,+1.226806E+04,+3.584400E+04,-5.297199E-03,+0.000000E+00,+9.910000E+37,+1.226813E+04,+3.584400E+04
12:35:46,0e0,+8.432514E+00,+1.000000E-04,+9.910000E+37,+1.226834E+04,+3.584400E+04,+8.434093E+00,+1.000000E-04,+9.910000E+37,+1.226840E+04,+3.584400E+04,+8.436464E+00,+1.000000E-04,+9.910000E+37,+1.226847E+04,+3.584400E+04,-7.255256E-03,+0.000000E+00,+9.910000E+37,+1.226854E+04,+3.584400E+04
12:35:46,0e0,+9.417318E+00,+1.116000E-04,+9.910000E+37,+1.226875E+04,+3.584400E+04,+9.418188E+00,+1.116000E-04,+9.910000E+37,+1.226882E+04,+3.584400E+04,+9.420064E+00,+1.116000E-04,+9.910000E+37,+1.226888E+04,+3.584400E+04,-9.531304E-03,+0.000000E+00,+9.910000E+37,+1.226895E+04,+3.584400E+04
12:35:46,0e0,+1.053506E+01,+1.245000E-04,+9.910000E+37,+1.226917E+04,+3.584400E+04,+1.053446E+01,+1.245000E-04,+9.910000E+37,+1.226924E+04,+3.584400E+04,+1.053520E+01,+1.245000E-04,+9.910000E+37,+1.226931E+04,+3.584400E+04,-9.349048E-03,+0.000000E+00,+9.910000E+37,+1.226937E+04,+3.584400E+04
12:35:46,0e0,+1.179765E+01,+1.389500E-04,+9.910000E+37,+1.226959E+04,+3.584400E+04,+1.179830E+01,+1.389500E-04,+9.910000E+37,+1.226966E+04,+3.584400E+04,+1.179793E+01,+1.389500E-04,+9.910000E+37,+1.226973E+04,+3.584400E+04,-9.030670E-03,+0.000000E+00,+9.910000E+37,+1.226979E+04,+3.584400E+04
12:35:46,0e0,+1.321879E+01,+1.550500E-04,+9.910000E+37,+1.227002E+04,+3.584400E+04,+1.321865E+01,+1.550500E-04,+9.910000E+37,+1.227008E+04,+3.584400E+04,+1.321608E+01,+1.550500E-04,+9.910000E+37,+1.227015E+04,+3.584400E+04,-1.021436E-02,+0.000000E+00,+9.910000E+37,+1.227022E+04,+3.584400E+04
12:35:46,0e0,+1.481883E+01,+1.730000E-04,+9.910000E+37,+1.227044E+04,+3.584400E+04,+1.481621E+01,+1.730000E-04,+9.910000E+37,+1.227050E+04,+3.584400E+04,+1.481216E+01,+1.730000E-04,+9.910000E+37,+1.227057E+04,+3.584400E+04,-9.212479E-03,+0.000000E+00,+9.910000E+37,+1.227064E+04,+3.584400E+04
12:35:46,0e0,+1.662394E+01,+1.930500E-04,+9.910000E+37,+1.227086E+04,+3.584400E+04,+1.661987E+01,+1.930500E-04,+9.910000E+37,+1.227092E+04,+3.584400E+04,+1.661166E+01,+1.930500E-04,+9.910000E+37,+1.227099E+04,+3.584400E+04,-8.894235E-03,+0.000000E+00,+9.910000E+37,+1.227106E+04,+3.584400E+04
12:35:46,0e0,+1.866113E+01,+2.154500E-04,+9.910000E+37,+1.227128E+04,+3.584400E+04,+1.864802E+01,+2.154500E-04,+9.910000E+37,+1.227134E+04,+3.584400E+04,+1.863920E+01,+2.154500E-04,+9.910000E+37,+1.227141E+04,+3.584400E+04,-1.030555E-02,+0.000000E+00,+9.910000E+37,+1.227148E+04,+3.584400E+04
12:35:46,0e0,+2.094705E+01,+2.404000E-04,+9.910000E+37,+1.227170E+04,+3.584400E+04,+2.092649E+01,+2.404000E-04,+9.910000E+37,+1.227176E+04,+3.584400E+04,+2.091099E+01,+2.404000E-04,+9.910000E+37,+1.227183E+04,+3.584400E+04,-9.849742E-03,+0.000000E+00,+9.910000E+37,+1.227190E+04,+3.584400E+04
12:35:46,0e0,+2.351342E+01,+2.682500E-04,+9.910000E+37,+1.227212E+04,+3.584400E+04,+2.348455E+01,+2.682500E-04,+9.910000E+37,+1.227219E+04,+3.584400E+04,+2.345654E+01,+2.682500E-04,+9.910000E+37,+1.227225E+04,+3.584400E+04,-9.986892E-03,+0.000000E+00,+9.910000E+37,+1.227232E+04,+3.584400E+04
12:35:46,0e0,+2.638539E+01,+2.993500E-04,+9.910000E+37,+1.227254E+04,+3.584400E+04,+2.634104E+01,+2.993500E-04,+9.910000E+37,+1.227261E+04,+3.584400E+04,+2.629956E+01,+2.993500E-04,+9.910000E+37,+1.227267E+04,+3.584400E+04,-7.983536E-03,+0.000000E+00,+9.910000E+37,+1.227274E+04,+3.584400E+04
12:35:46,0e0,+2.957945E+01,+3.340500E-04,+9.910000E+37,+1.227296E+04,+3.584400E+04,+2.951291E+01,+3.340500E-04,+9.910000E+37,+1.227303E+04,+3.584400E+04,+2.945386E+01,+3.340500E-04,+9.910000E+37,+1.227309E+04,+3.584400E+04,-5.934224E-03,+0.000000E+00,+9.910000E+37,+1.227316E+04,+3.584400E+04
12:35:46,0e0,+3.310536E+01,+3.727500E-04,+9.910000E+37,+1.227338E+04,+3.584400E+04,+3.301116E+01,+3.727500E-04,+9.910000E+37,+1.227345E+04,+3.584400E+04,+3.292859E+01,+3.727500E-04,+9.910000E+37,+1.227351E+04,+3.584400E+04,-7.755980E-03,+0.000000E+00,+9.910000E+37,+1.227358E+04,+3.584400E+04
12:35:46,0e0,+3.697532E+01,+4.159500E-04,+9.910000E+37,+1.227381E+04,+3.584400E+04,+3.684240E+01,+4.159500E-04,+9.910000E+37,+1.227388E+04,+3.584400E+04,+3.672793E+01,+4.159500E-04,+9.910000E+37,+1.227394E+04,+3.584400E+04,-7.528156E-03,+0.000000E+00,+9.910000E+37,+1.227401E+04,+3.584400E+04
12:35:46,0e0,+4.117137E+01,+4.641500E-04,+9.910000E+37,+1.227422E+04,+3.584400E+04,+4.098980E+01,+4.641500E-04,+9.910000E+37,+1.227429E+04,+3.584400E+04,+4.083385E+01,+4.641500E-04,+9.910000E+37,+1.227435E+04,+3.584400E+04,-8.165687E-03,+0.000000E+00,+9.910000E+37,+1.227442E+04,+3.584400E+04
12:35:46,0e0,+4.569902E+01,+5.179500E-04,+9.910000E+37,+1.227464E+04,+3.584400E+04,+4.544845E+01,+5.179500E-04,+9.910000E+37,+1.227471E+04,+3.584400E+04,+4.523699E+01,+5.179500E-04,+9.910000E+37,+1.227477E+04,+3.584400E+04,-7.710606E-03,+0.000000E+00,+9.910000E+37,+1.227484E+04,+3.584400E+04
12:35:46,0e0,+5.051675E+01,+5.779500E-04,+9.910000E+37,+1.227506E+04,+3.584400E+04,+5.018259E+01,+5.779500E-04,+9.910000E+37,+1.227513E+04,+3.584400E+04,+4.990017E+01,+5.779500E-04,+9.910000E+37,+1.227519E+04,+3.584400E+04,-7.619068E-03,+0.000000E+00,+9.910000E+37,+1.227526E+04,+3.584400E+04
12:35:46,0e0,+5.560291E+01,+6.449500E-04,+9.910000E+37,+1.227548E+04,+3.584400E+04,+5.516050E+01,+6.449500E-04,+9.910000E+37,+1.227555E+04,+3.584400E+04,+5.478865E+01,+6.449500E-04,+9.910000E+37,+1.227562E+04,+3.584400E+04,-7.391587E-03,+0.000000E+00,+9.910000E+37,+1.227568E+04,+3.584400E+04
12:35:46,0e0,+6.091732E+01,+7.197000E-04,+9.910000E+37,+1.227591E+04,+3.584400E+04,+6.031940E+01,+7.197000E-04,+9.910000E+37,+1.227597E+04,+3.584400E+04,+5.984113E+01,+7.197000E-04,+9.910000E+37,+1.227604E+04,+3.584400E+04,-1.344681E-02,+0.000000E+00,+9.910000E+37,+1.227611E+04,+3.584400E+04
12:35:46,0e0,+6.636470E+01,+8.031000E-04,+9.910000E+37,+1.227633E+04,+3.584400E+04,+6.560876E+01,+8.031000E-04,+9.910000E+37,+1.227639E+04,+3.584400E+04,+6.500387E+01,+8.031000E-04,+9.910000E+37,+1.227646E+04,+3.584400E+04,-1.476714E-02,+0.000000E+00,+9.910000E+37,+1.227653E+04,+3.584400E+04
12:35:46,0e0,+7.191015E+01,+8.961500E-04,+9.910000E+37,+1.227675E+04,+3.584400E+04,+7.096146E+01,+8.961500E-04,+9.910000E+37,+1.227681E+04,+3.584400E+04,+7.020216E+01,+8.961500E-04,+9.910000E+37,+1.227688E+04,+3.584400E+04,-1.340093E-02,+0.000000E+00,+9.910000E+37,+1.227695E+04,+3.584400E+04
12:35:46,0e0,+7.746816E+01,+1.000000E-03,+9.910000E+37,+1.227716E+04,+3.584400E+04,+7.629932E+01,+1.000000E-03,+9.910000E+37,+1.227723E+04,+3.584400E+04,+7.537032E+01,+1.000000E-03,+9.910000E+37,+1.227730E+04,+3.584400E+04,-1.276417E-02,+0.000000E+00,+9.910000E+37,+1.227736E+04,+3.584400E+04
12:35:46,0e0,+8.303660E+01,+1.116000E-03,+9.910000E+37,+1.227759E+04,+3.584400E+04,+8.159440E+01,+1.116000E-03,+9.910000E+37,+1.227766E+04,+3.584400E+04,+8.044933E+01,+1.116000E-03,+9.910000E+37,+1.227773E+04,+3.584400E+04,-3.602734E-02,+0.000000E+00,+9.910000E+37,+1.227779E+04,+3.584400E+04
12:35:46,0e0,+8.842220E+01,+1.245000E-03,+9.910000E+37,+1.227801E+04,+3.584400E+04,+8.668589E+01,+1.245000E-03,+9.910000E+37,+1.227808E+04,+3.584400E+04,+8.531933E+01,+1.245000E-03,+9.910000E+37,+1.227814E+04,+3.584400E+04,-3.657384E-02,+0.000000E+00,+9.910000E+37,+1.227821E+04,+3.584400E+04
12:35:46,0e0,+9.369336E+01,+1.389500E-03,+9.910000E+37,+1.227843E+04,+3.584400E+04,+9.161725E+01,+1.389500E-03,+9.910000E+37,+1.227850E+04,+3.584400E+04,+8.999203E+01,+1.389500E-03,+9.910000E+37,+1.227857E+04,+3.584400E+04,-3.621010E-02,+0.000000E+00,+9.910000E+37,+1.227863E+04,+3.584400E+04
12:35:46,0e0,+9.872925E+01,+1.550500E-03,+9.910000E+37,+1.227885E+04,+3.584400E+04,+9.626681E+01,+1.550500E-03,+9.910000E+37,+1.227892E+04,+3.584400E+04,+9.435293E+01,+1.550500E-03,+9.910000E+37,+1.227899E+04,+3.584400E+04,-3.406973E-02,+0.000000E+00,+9.910000E+37,+1.227905E+04,+3.584400E+04
12:35:46,0e0,+1.034366E+02,+1.730000E-03,+9.910000E+37,+1.227927E+04,+3.584400E+04,+1.005629E+02,+1.730000E-03,+9.910000E+37,+1.227934E+04,+3.584400E+04,+9.834027E+01,+1.730000E-03,+9.910000E+37,+1.227941E+04,+3.584400E+04,-3.111081E-02,+0.000000E+00,+9.910000E+37,+1.227947E+04,+3.584400E+04
12:35:46,0e0,+1.078199E+02,+1.930500E-03,+9.910000E+37,+1.227969E+04,+3.584400E+04,+1.044583E+02,+1.930500E-03,+9.910000E+37,+1.227976E+04,+3.584400E+04,+1.018898E+02,+1.930500E-03,+9.910000E+37,+1.227983E+04,+3.584400E+04,-2.997267E-02,+0.000000E+00,+9.910000E+37,+1.227989E+04,+3.584400E+04
12:35:46,0e0,+1.117937E+02,+2.154500E-03,+9.910000E+37,+1.228011E+04,+3.584400E+04,+1.079324E+02,+2.154500E-03,+9.910000E+37,+1.228018E+04,+3.584400E+04,+1.048875E+02,+2.154500E-03,+9.910000E+37,+1.228025E+04,+3.584400E+04,-2.874383E-02,+0.000000E+00,+9.910000E+37,+1.228032E+04,+3.584400E+04
12:35:46,0e0,+1.152433E+02,+2.404000E-03,+9.910000E+37,+1.228054E+04,+3.584400E+04,+1.108405E+02,+2.404000E-03,+9.910000E+37,+1.228060E+04,+3.584400E+04,+1.075036E+02,+2.404000E-03,+9.910000E+37,+1.228067E+04,+3.584400E+04,-2.514698E-02,+0.000000E+00,+9.910000E+37,+1.228074E+04,+3.584400E+04
12:35:46,0e0,+1.182790E+02,+2.682500E-03,+9.910000E+37,+1.228096E+04,+3.584400E+04,+1.132632E+02,+2.682500E-03,+9.910000E+37,+1.228102E+04,+3.584400E+04,+1.094878E+02,+2.682500E-03,+9.910000E+37,+1.228109E+04,+3.584400E+04,-2.523796E-02,+0.000000E+00,+9.910000E+37,+1.228116E+04,+3.584400E+04
12:35:46,0e0,+1.207832E+02,+2.993500E-03,+9.910000E+37,+1.228138E+04,+3.584400E+04,+1.151150E+02,+2.993500E-03,+9.910000E+37,+1.228144E+04,+3.584400E+04,+1.108791E+02,+2.993500E-03,+9.910000E+37,+1.228151E+04,+3.584400E+04,-2.236989E-02,+0.000000E+00,+9.910000E+37,+1.228158E+04,+3.584400E+04
12:35:46,0e0,+1.227484E+02,+3.340500E-03,+9.910000E+37,+1.228180E+04,+3.584400E+04,+1.163990E+02,+3.340500E-03,+9.910000E+37,+1.228186E+04,+3.584400E+04,+1.116750E+02,+3.340500E-03,+9.910000E+37,+1.228193E+04,+3.584400E+04,-2.127723E-02,+0.000000E+00,+9.910000E+37,+1.228200E+04,+3.584400E+04
12:35:46,0e0,+1.241072E+02,+3.727500E-03,+9.910000E+37,+1.228222E+04,+3.584400E+04,+1.170060E+02,+3.727500E-03,+9.910000E+37,+1.228229E+04,+3.584400E+04,+1.118000E+02,+3.727500E-03,+9.910000E+37,+1.228235E+04,+3.584400E+04,-1.909180E-02,+0.000000E+00,+9.910000E+37,+1.228242E+04,+3.584400E+04
12:35:46,0e0,+1.249110E+02,+4.159500E-03,+9.910000E+37,+1.228264E+04,+3.584400E+04,+1.170343E+02,+4.159500E-03,+9.910000E+37,+1.228271E+04,+3.584400E+04,+1.112992E+02,+4.159500E-03,+9.910000E+37,+1.228277E+04,+3.584400E+04,-1.654245E-02,+0.000000E+00,+9.910000E+37,+1.228284E+04,+3.584400E+04
12:35:46,0e0,+1.251028E+02,+4.641500E-03,+9.910000E+37,+1.228306E+04,+3.584400E+04,+1.163947E+02,+4.641500E-03,+9.910000E+37,+1.228313E+04,+3.584400E+04,+1.101406E+02,+4.641500E-03,+9.910000E+37,+1.228319E+04,+3.584400E+04,-1.595038E-02,+0.000000E+00,+9.910000E+37,+1.228326E+04,+3.584400E+04
12:35:46,0e0,+1.247364E+02,+5.179500E-03,+9.910000E+37,+1.228348E+04,+3.584400E+04,+1.151515E+02,+5.179500E-03,+9.910000E+37,+1.228355E+04,+3.584400E+04,+1.083636E+02,+5.179500E-03,+9.910000E+37,+1.228361E+04,+3.584400E+04,-1.499468E-02,+0.000000E+00,+9.910000E+37,+1.228368E+04,+3.584400E+04
12:35:46,0e0,+1.237789E+02,+5.779500E-03,+9.910000E+37,+1.228390E+04,+3.584400E+04,+1.132696E+02,+5.779500E-03,+9.910000E+37,+1.228397E+04,+3.584400E+04,+1.059619E+02,+5.779500E-03,+9.910000E+37,+1.228403E+04,+3.584400E+04,-1.226272E-02,+0.000000E+00,+9.910000E+37,+1.228410E+04,+3.584400E+04
12:35:46,0e0,+1.222981E+02,+6.449500E-03,+9.910000E+37,+1.228432E+04,+3.584400E+04,+1.108830E+02,+6.449500E-03,+9.910000E+37,+1.228439E+04,+3.584400E+04,+1.030967E+02,+6.449500E-03,+9.910000E+37,+1.228446E+04,+3.584400E+04,-1.112483E-02,+0.000000E+00,+9.910000E+37,+1.228452E+04,+3.584400E+04
12:35:46,0e0,+1.202234E+02,+7.197000E-03,+9.910000E+37,+1.228474E+04,+3.584400E+04,+1.079016E+02,+7.197000E-03,+9.910000E+37,+1.228481E+04,+3.584400E+04,+9.967151E+01,+7.197000E-03,+9.910000E+37,+1.228488E+04,+3.584400E+04,-1.162587E-02,+0.000000E+00,+9.910000E+37,+1.228494E+04,+3.584400E+04
12:35:46,0e0,+1.176707E+02,+8.031000E-03,+9.910000E+37,+1.228516E+04,+3.584400E+04,+1.044773E+02,+8.031000E-03,+9.910000E+37,+1.228523E+04,+3.584400E+04,+9.589134E+01,+8.031000E-03,+9.910000E+37,+1.228530E+04,+3.584400E+04,-1.062430E-02,+0.000000E+00,+9.910000E+37,+1.228536E+04,+3.584400E+04
12:35:46,0e0,+1.147485E+02,+8.961500E-03,+9.910000E+37,+1.228558E+04,+3.584400E+04,+1.006746E+02,+8.961500E-03,+9.910000E+37,+1.228565E+04,+3.584400E+04,+9.179755E+01,+8.961500E-03,+9.910000E+37,+1.228572E+04,+3.584400E+04,-1.094301E-02,+0.000000E+00,+9.910000E+37,+1.228578E+04,+3.584400E+04
