12:35:40,0e0,-2.461950E-02,+1.000000E-07,+9.910000E+37,+6.529883E+01,+3.584400E+04,-2.575785E-02,+1.000000E-07,+9.910000E+37,+6.536523E+01,+3.584400E+04,-2.461925E-02,+1.000000E-07,+9.910000E+37,+6.543164E+01,+3.584400E+04,-4.315151E-02,+0.000000E+00,+9.910000E+37,+6.549902E+01,+3.584400E+04
12:35:40,0e0,-2.402778E-02,+1.116000E-07,+9.910000E+37,+6.572168E+01,+3.584400E+04,-2.257048E-02,+1.116000E-07,+9.910000E+37,+6.578711E+01,+3.584400E+04,-2.375452E-02,+1.116000E-07,+9.910000E+37,+6.585352E+01,+3.584400E+04,-4.128429E-02,+0.000000E+00,+9.910000E+37,+6.592090E+01,+3.584400E+04
12:35:40,0e0,-2.102233E-02,+1.245000E-07,+9.910000E+37,+6.613965E+01,+3.584400E+04,-2.120443E-02,+1.245000E-07,+9.910000E+37,+6.620605E+01,+3.584400E+04,-1.933764E-02,+1.245000E-07,+9.910000E+37,+6.627344E+01,+3.584400E+04,-4.132971E-02,+0.000000E+00,+9.910000E+37,+6.634082E+01,+3.584400E+04
12:35:40,0e0,-1.874593E-02,+1.389500E-07,+9.910000E+37,+6.656152E+01,+3.584400E+04,-1.911026E-02,+1.389500E-07,+9.910000E+37,+6.662793E+01,+3.584400E+04,-1.938300E-02,+1.389500E-07,+9.910000E+37,+6.669531E+01,+3.584400E+04,-4.255934E-02,+0.000000E+00,+9.910000E+37,+6.676074E+01,+3.584400E+04
12:35:40,0e0,-1.733449E-02,+1.550500E-07,+9.910000E+37,+6.698340E+01,+3.584400E+04,-1.687893E-02,+1.550500E-07,+9.910000E+37,+6.704980E+01,+3.584400E+04,-1.551290E-02,+1.550500E-07,+9.910000E+37,+6.711719E+01,+3.584400E+04,-4.142104E-02,+0.000000E+00,+9.910000E+37,+6.718262E+01,+3.584400E+04
12:35:40,0e0,-1.314512E-02,+1.730000E-07,+9.910000E+37,+6.740625E+01,+3.584400E+04,-1.278140E-02,+1.730000E-07,+9.910000E+37,+6.747266E+01,+3.584400E+04,-1.241714E-02,+1.730000E-07,+9.910000E+37,+6.753906E+01,+3.584400E+04,-4.178511E-02,+0.000000E+00,+9.910000E+37,+6.760645E+01,+3.584400E+04
12:35:40,0e0,-1.018585E-02,+1.930500E-07,+9.910000E+37,+6.782617E+01,+3.584400E+04,-1.109689E-02,+1.930500E-07,+9.910000E+37,+6.789160E+01,+3.584400E+04,-1.132444E-02,+1.930500E-07,+9.910000E+37,+6.795801E+01,+3.584400E+04,-4.101099E-02,+0.000000E+00,+9.910000E+37,+6.802539E+01,+3.584400E+04
12:35:40,0e0,-6.861985E-03,+2.154500E-07,+9.910000E+37,+6.824707E+01,+3.584400E+04,-6.452203E-03,+2.154500E-07,+9.910000E+37,+6.831348E+01,+3.584400E+04,-6.133154E-03,+2.154500E-07,+9.910000E+37,+6.837988E+01,+3.584400E+04,-4.101081E-02,+0.000000E+00,+9.910000E+37,+6.844727E+01,+3.584400E+04
12:35:40,0e0,-2.354026E-03,+2.404000E-07,+9.910000E+37,+6.866602E+01,+3.584400E+04,-2.399549E-03,+2.404000E-07,+9.910000E+37,+6.873340E+01,+3.584400E+04,-2.400264E-03,+2.404000E-07,+9.910000E+37,+6.879980E+01,+3.584400E+04,-4.073781E-02,+0.000000E+00,+9.910000E+37,+6.886523E+01,+3.584400E+04
12:35:40,0e0,+2.426565E-03,+2.682500E-07,+9.910000E+37,+6.909180E+01,+3.584400E+04,+1.242355E-03,+2.682500E-07,+9.910000E+37,+6.915723E+01,+3.584400E+04,+2.881944E-03,+2.682500E-07,+9.910000E+37,+6.922363E+01,+3.584400E+04,-4.274112E-02,+0.000000E+00,+9.910000E+37,+6.929004E+01,+3.584400E+04
12:35:40,0e0,+8.664414E-03,+2.993500E-07,+9.910000E+37,+6.950977E+01,+3.584400E+04,+6.842941E-03,+2.993500E-07,+9.910000E+37,+6.957617E+01,+3.584400E+04,+7.116675E-03,+2.993500E-07,+9.910000E+37,+6.964160E+01,+3.584400E+04,-4.246856E-02,+0.000000E+00,+9.910000E+37,+6.970898E+01,+3.584400E+04
12:35:40,0e0,+1.294442E-02,+3.340500E-07,+9.910000E+37,+6.993359E+01,+3.584400E+04,+1.221584E-02,+3.340500E-07,+9.910000E+37,+6.999902E+01,+3.584400E+04,+1.189752E-02,+3.340500E-07,+9.910000E+37,+7.006543E+01,+3.584400E+04,-4.260474E-02,+0.000000E+00,+9.910000E+37,+7.013184E+01,+3.584400E+04
12:35:40,0e0,+1.872699E-02,+3.727500E-07,+9.910000E+37,+7.035938E+01,+3.584400E+04,+1.859075E-02,+3.727500E-07,+9.910000E+37,+7.042480E+01,+3.584400E+04,+1.886386E-02,+3.727500E-07,+9.910000E+37,+7.049121E+01,+3.584400E+04,-4.137529E-02,+0.000000E+00,+9.910000E+37,+7.055859E+01,+3.584400E+04
12:35:40,0e0,+2.528320E-02,+4.159500E-07,+9.910000E+37,+7.078125E+01,+3.584400E+04,+2.628544E-02,+4.159500E-07,+9.910000E+37,+7.084863E+01,+3.584400E+04,+2.469139E-02,+4.159500E-07,+9.910000E+37,+7.091504E+01,+3.584400E+04,-4.183051E-02,+0.000000E+00,+9.910000E+37,+7.098145E+01,+3.584400E+04
12:35:40,0e0,+3.429908E-02,+4.641500E-07,+9.910000E+37,+7.121680E+01,+3.584400E+04,+3.325197E-02,+4.641500E-07,+9.910000E+37,+7.128320E+01,+3.584400E+04,+3.307021E-02,+4.641500E-07,+9.910000E+37,+7.135059E+01,+3.584400E+04,-4.205847E-02,+0.000000E+00,+9.910000E+37,+7.141602E+01,+3.584400E+04
12:35:40,0e0,+4.258588E-02,+5.179500E-07,+9.910000E+37,+7.163574E+01,+3.584400E+04,+4.099193E-02,+5.179500E-07,+9.910000E+37,+7.170215E+01,+3.584400E+04,+4.176596E-02,+5.179500E-07,+9.910000E+37,+7.176953E+01,+3.584400E+04,-4.069223E-02,+0.000000E+00,+9.910000E+37,+7.183496E+01,+3.584400E+04
12:35:40,0e0,+5.191982E-02,+5.779500E-07,+9.910000E+37,+7.205859E+01,+3.584400E+04,+5.182892E-02,+5.779500E-07,+9.910000E+37,+7.212598E+01,+3.584400E+04,+5.191949E-02,+5.779500E-07,+9.910000E+37,+7.219141E+01,+3.584400E+04,-4.128402E-02,+0.000000E+00,+9.910000E+37,+7.225781E+01,+3.584400E+04
12:35:40,0e0,+6.384954E-02,+6.449500E-07,+9.910000E+37,+7.248242E+01,+3.584400E+04,+6.307524E-02,+6.449500E-07,+9.910000E+37,+7.254980E+01,+3.584400E+04,+6.189126E-02,+6.449500E-07,+9.910000E+37,+7.261523E+01,+3.584400E+04,-4.187644E-02,+0.000000E+00,+9.910000E+37,+7.268164E+01,+3.584400E+04
12:35:40,0e0,+7.495904E-02,+7.197000E-07,+9.910000E+37,+7.290137E+01,+3.584400E+04,+7.432172E-02,+7.197000E-07,+9.910000E+37,+7.296777E+01,+3.584400E+04,+7.409444E-02,+7.197000E-07,+9.910000E+37,+7.303418E+01,+3.584400E+04,-4.105663E-02,+0.000000E+00,+9.910000E+37,+7.310156E+01,+3.584400E+04
12:35:40,0e0,+8.729830E-02,+8.031000E-07,+9.910000E+37,+7.332324E+01,+3.584400E+04,+8.825496E-02,+8.031000E-07,+9.910000E+37,+7.338867E+01,+3.584400E+04,+8.807293E-02,+8.031000E-07,+9.910000E+37,+7.345508E+01,+3.584400E+04,-4.214923E-02,+0.000000E+00,+9.910000E+37,+7.352246E+01,+3.584400E+04
12:35:40,0e0,+1.037359E-01,+8.961500E-07,+9.910000E+37,+7.374121E+01,+3.584400E+04,+1.030979E-01,+8.961500E-07,+9.910000E+37,+7.380664E+01,+3.584400E+04,+1.020050E-01,+8.961500E-07,+9.910000E+37,+7.387305E+01,+3.584400E+04,-4.224032E-02,+0.000000E+00,+9.910000E+37,+7.394043E+01,+3.584400E+04
12:35:40,0e0,+1.202183E-01,+1.000000E-06,+9.910000E+37,+7.415918E+01,+3.584400E+04,+1.179866E-01,+1.000000E-06,+9.910000E+37,+7.422461E+01,+3.584400E+04,+1.181231E-01,+1.000000E-06,+9.910000E+37,+7.429102E+01,+3.584400E+04,-4.105686E-02,+0.000000E+00,+9.910000E+37,+7.435742E+01,+3.584400E+04
12:35:40,0e0,+1.258184E-01,+1.116000E-06,+9.910000E+37,+7.458301E+01,+3.584400E+04,+1.257275E-01,+1.116000E-06,+9.910000E+37,+7.464941E+01,+3.584400E+04,+1.256821E-01,+1.116000E-06,+9.910000E+37,+7.471680E+01,+3.584400E+04,-4.105674E-02,+0.000000E+00,+9.910000E+37,+7.478223E+01,+3.584400E+04
12:35:40,0e0,+1.444404E-01,+1.245000E-06,+9.910000E+37,+7.500684E+01,+3.584400E+04,+1.447599E-01,+1.245000E-06,+9.910000E+37,+7.507324E+01,+3.584400E+04,+1.447134E-01,+1.245000E-06,+9.910000E+37,+7.513965E+01,+3.584400E+04,-4.274167E-02,+0.000000E+00,+9.910000E+37,+7.520801E+01,+3.584400E+04
12:35:40,0e0,+1.670249E-01,+1.389500E-06,+9.910000E+37,+7.543262E+01,+3.584400E+04,+1.662974E-01,+1.389500E-06,+9.910000E+37,+7.550000E+01,+3.584400E+04,+1.655225E-01,+1.389500E-06,+9.910000E+37,+7.556543E+01,+3.584400E+04,-4.310599E-02,+0.000000E+00,+9.910000E+37,+7.563379E+01,+3.584400E+04
12:35:40,0e0,+1.901551E-01,+1.550500E-06,+9.910000E+37,+7.586035E+01,+3.584400E+04,+1.880602E-01,+1.550500E-06,+9.910000E+37,+7.592676E+01,+3.584400E+04,+1.889711E-01,+1.550500E-06,+9.910000E+37,+7.599316E+01,+3.584400E+04,-4.214953E-02,+0.000000E+00,+9.910000E+37,+7.606055E+01,+3.584400E+04
12:35:40,0e0,+2.155625E-01,+1.730000E-06,+9.910000E+37,+7.628516E+01,+3.584400E+04,+2.152900E-01,+1.730000E-06,+9.910000E+37,+7.635156E+01,+3.584400E+04,+2.150159E-01,+1.730000E-06,+9.910000E+37,+7.641797E+01,+3.584400E+04,-4.160288E-02,+0.000000E+00,+9.910000E+37,+7.648438E+01,+3.584400E+04
12:35:40,0e0,+2.446574E-01,+1.930500E-06,+9.910000E+37,+7.670898E+01,+3.584400E+04,+2.443387E-01,+1.930500E-06,+9.910000E+37,+7.677734E+01,+3.584400E+04,+2.442475E-01,+1.930500E-06,+9.910000E+37,+7.684277E+01,+3.584400E+04,-4.246828E-02,+0.000000E+00,+9.910000E+37,+7.690918E+01,+3.584400E+04
12:35:40,0e0,+2.761198E-01,+2.154500E-06,+9.910000E+37,+7.713086E+01,+3.584400E+04,+2.760285E-01,+2.154500E-06,+9.910000E+37,+7.719824E+01,+3.584400E+04,+2.776227E-01,+2.154500E-06,+9.910000E+37,+7.726367E+01,+3.584400E+04,-4.173970E-02,+0.000000E+00,+9.910000E+37,+7.733008E+01,+3.584400E+04
12:35:40,0e0,+3.134562E-01,+2.404000E-06,+9.910000E+37,+7.755078E+01,+3.584400E+04,+3.119076E-01,+2.404000E-06,+9.910000E+37,+7.761719E+01,+3.584400E+04,+3.133194E-01,+2.404000E-06,+9.910000E+37,+7.768457E+01,+3.584400E+04,-4.201324E-02,+0.000000E+00,+9.910000E+37,+7.775098E+01,+3.584400E+04
12:35:40,0e0,+3.527050E-01,+2.682500E-06,+9.910000E+37,+7.797656E+01,+3.584400E+04,+3.530236E-01,+2.682500E-06,+9.910000E+37,+7.804395E+01,+3.584400E+04,+3.536156E-01,+2.682500E-06,+9.910000E+37,+7.810938E+01,+3.584400E+04,-4.315145E-02,+0.000000E+00,+9.910000E+37,+7.817773E+01,+3.584400E+04
12:35:40,0e0,+3.972815E-01,+2.993500E-06,+9.910000E+37,+7.840430E+01,+3.584400E+04,+3.962781E-01,+2.993500E-06,+9.910000E+37,+7.847168E+01,+3.584400E+04,+3.960962E-01,+2.993500E-06,+9.910000E+37,+7.853711E+01,+3.584400E+04,-4.219496E-02,+0.000000E+00,+9.910000E+37,+7.860352E+01,+3.584400E+04
12:35:40,0e0,+4.458634E-01,+3.340500E-06,+9.910000E+37,+7.882422E+01,+3.584400E+04,+4.458172E-01,+3.340500E-06,+9.910000E+37,+7.889160E+01,+3.584400E+04,+4.459541E-01,+3.340500E-06,+9.910000E+37,+7.895703E+01,+3.584400E+04,-4.274176E-02,+0.000000E+00,+9.910000E+37,+7.902344E+01,+3.584400E+04
12:35:40,0e0,+5.011858E-01,+3.727500E-06,+9.910000E+37,+7.923828E+01,+3.584400E+04,+5.002736E-01,+3.727500E-06,+9.910000E+37,+7.930469E+01,+3.584400E+04,+5.012761E-01,+3.727500E-06,+9.910000E+37,+7.937012E+01,+3.584400E+04,-4.128407E-02,+0.000000E+00,+9.910000E+37,+7.943652E+01,+3.584400E+04
12:35:40,0e0,+5.620630E-01,+4.159500E-06,+9.910000E+37,+7.965430E+01,+3.584400E+04,+5.612863E-01,+4.159500E-06,+9.910000E+37,+7.972168E+01,+3.584400E+04,+5.607405E-01,+4.159500E-06,+9.910000E+37,+7.978711E+01,+3.584400E+04,-4.242299E-02,+0.000000E+00,+9.910000E+37,+7.985449E+01,+3.584400E+04
12:35:40,0e0,+6.299493E-01,+4.641500E-06,+9.910000E+37,+8.007422E+01,+3.584400E+04,+6.295398E-01,+4.641500E-06,+9.910000E+37,+8.014062E+01,+3.584400E+04,+6.295397E-01,+4.641500E-06,+9.910000E+37,+8.020801E+01,+3.584400E+04,-4.205886E-02,+0.000000E+00,+9.910000E+37,+8.027441E+01,+3.584400E+04
12:35:40,0e0,+7.063544E-01,+5.179500E-06,+9.910000E+37,+8.049609E+01,+3.584400E+04,+7.057592E-01,+5.179500E-06,+9.910000E+37,+8.056250E+01,+3.584400E+04,+7.057592E-01,+5.179500E-06,+9.910000E+37,+8.062988E+01,+3.584400E+04,-4.146628E-02,+0.000000E+00,+9.910000E+37,+8.069629E+01,+3.584400E+04
12:35:40,0e0,+7.898586E-01,+5.779500E-06,+9.910000E+37,+8.091895E+01,+3.584400E+04,+7.904038E-01,+5.779500E-06,+9.910000E+37,+8.098437E+01,+3.584400E+04,+7.909966E-01,+5.779500E-06,+9.910000E+37,+8.105078E+01,+3.584400E+04,-4.178561E-02,+0.000000E+00,+9.910000E+37,+8.111816E+01,+3.584400E+04
12:35:40,0e0,+8.826966E-01,+6.449500E-06,+9.910000E+37,+8.133984E+01,+3.584400E+04,+8.830158E-01,+6.449500E-06,+9.910000E+37,+8.140625E+01,+3.584400E+04,+8.832898E-01,+6.449500E-06,+9.910000E+37,+8.147363E+01,+3.584400E+04,-3.991862E-02,+0.000000E+00,+9.910000E+37,+8.153906E+01,+3.584400E+04
12:35:40,0e0,+9.869219E-01,+7.197000E-06,+9.910000E+37,+8.176074E+01,+3.584400E+04,+9.862849E-01,+7.197000E-06,+9.910000E+37,+8.182715E+01,+3.584400E+04,+9.867387E-01,+7.197000E-06,+9.910000E+37,+8.189453E+01,+3.584400E+04,-4.128407E-02,+0.000000E+00,+9.910000E+37,+8.195996E+01,+3.584400E+04
12:35:40,0e0,+1.101617E+00,+8.031000E-06,+9.910000E+37,+8.218164E+01,+3.584400E+04,+1.101023E+00,+8.031000E-06,+9.910000E+37,+8.224707E+01,+3.584400E+04,+1.101388E+00,+8.031000E-06,+9.910000E+37,+8.231348E+01,+3.584400E+04,-4.055586E-02,+0.000000E+00,+9.910000E+37,+8.237988E+01,+3.584400E+04
12:35:40,0e0,+1.230154E+00,+8.961500E-06,+9.910000E+37,+8.260254E+01,+3.584400E+04,+1.230063E+00,+8.961500E-06,+9.910000E+37,+8.266992E+01,+3.584400E+04,+1.229012E+00,+8.961500E-06,+9.910000E+37,+8.273633E+01,+3.584400E+04,-4.101163E-02,+0.000000E+00,+9.910000E+37,+8.280273E+01,+3.584400E+04
12:35:40,0e0,+1.371937E+00,+1.000000E-05,+9.910000E+37,+8.302051E+01,+3.584400E+04,+1.373899E+00,+1.000000E-05,+9.910000E+37,+8.308594E+01,+3.584400E+04,+1.372759E+00,+1.000000E-05,+9.910000E+37,+8.315234E+01,+3.584400E+04,-4.224101E-02,+0.000000E+00,+9.910000E+37,+8.321973E+01,+3.584400E+04
12:35:40,0e0,+1.520694E+00,+1.116000E-05,+9.910000E+37,+8.343848E+01,+3.584400E+04,+1.518961E+00,+1.116000E-05,+9.910000E+37,+8.350391E+01,+3.584400E+04,+1.521012E+00,+1.116000E-05,+9.910000E+37,+8.357129E+01,+3.584400E+04,-4.041941E-02,+0.000000E+00,+9.910000E+37,+8.364063E+01,+3.584400E+04
12:35:40,0e0,+1.694444E+00,+1.245000E-05,+9.910000E+37,+8.386035E+01,+3.584400E+04,+1.695719E+00,+1.245000E-05,+9.910000E+37,+8.392773E+01,+3.584400E+04,+1.696858E+00,+1.245000E-05,+9.910000E+37,+8.399316E+01,+3.584400E+04,-4.114783E-02,+0.000000E+00,+9.910000E+37,+8.406445E+01,+3.584400E+04
12:35:40,0e0,+1.891279E+00,+1.389500E-05,+9.910000E+37,+8.427637E+01,+3.584400E+04,+1.890732E+00,+1.389500E-05,+9.910000E+37,+8.434375E+01,+3.584400E+04,+1.889637E+00,+1.389500E-05,+9.910000E+37,+8.441113E+01,+3.584400E+04,-4.082924E-02,+0.000000E+00,+9.910000E+37,+8.447656E+01,+3.584400E+04
12:35:40,0e0,+2.107242E+00,+1.550500E-05,+9.910000E+37,+8.469336E+01,+3.584400E+04,+2.106965E+00,+1.550500E-05,+9.910000E+37,+8.475977E+01,+3.584400E+04,+2.106645E+00,+1.550500E-05,+9.910000E+37,+8.482617E+01,+3.584400E+04,-4.160328E-02,+0.000000E+00,+9.910000E+37,+8.489258E+01,+3.584400E+04
12:35:40,0e0,+2.347233E+00,+1.730000E-05,+9.910000E+37,+8.510449E+01,+3.584400E+04,+2.347055E+00,+1.730000E-05,+9.910000E+37,+8.517188E+01,+3.584400E+04,+2.346052E+00,+1.730000E-05,+9.910000E+37,+8.523730E+01,+3.584400E+04,-4.146679E-02,+0.000000E+00,+9.910000E+37,+8.530371E+01,+3.584400E+04
12:35:40,0e0,+2.613833E+00,+1.930500E-05,+9.910000E+37,+8.552051E+01,+3.584400E+04,+2.613282E+00,+1.930500E-05,+9.910000E+37,+8.558691E+01,+3.584400E+04,+2.612098E+00,+1.930500E-05,+9.910000E+37,+8.565430E+01,+3.584400E+04,-4.105668E-02,+0.000000E+00,+9.910000E+37,+8.571973E+01,+3.584400E+04
12:35:40,0e0,+2.909334E+00,+2.154500E-05,+9.910000E+37,+8.593555E+01,+3.584400E+04,+2.909557E+00,+2.154500E-05,+9.910000E+37,+8.600293E+01,+3.584400E+04,+2.908049E+00,+2.154500E-05,+9.910000E+37,+8.606836E+01,+3.584400E+04,-4.224098E-02,+0.000000E+00,+9.910000E+37,+8.613477E+01,+3.584400E+04
12:35:40,0e0,+3.236840E+00,+2.404000E-05,+9.910000E+37,+8.635156E+01,+3.584400E+04,+3.234557E+00,+2.404000E-05,+9.910000E+37,+8.641699E+01,+3.584400E+04,+3.238072E+00,+2.404000E-05,+9.910000E+37,+8.648438E+01,+3.584400E+04,-4.137558E-02,+0.000000E+00,+9.910000E+37,+8.655469E+01,+3.584400E+04
12:35:40,0e0,+3.599095E+00,+2.682500E-05,+9.910000E+37,+8.677051E+01,+3.584400E+04,+3.600460E+00,+2.682500E-05,+9.910000E+37,+8.683691E+01,+3.584400E+04,+3.600052E+00,+2.682500E-05,+9.910000E+37,+8.690332E+01,+3.584400E+04,-4.032843E-02,+0.000000E+00,+9.910000E+37,+8.697363E+01,+3.584400E+04
12:35:40,0e0,+4.005424E+00,+2.993500E-05,+9.910000E+37,+8.719238E+01,+3.584400E+04,+4.004148E+00,+2.993500E-05,+9.910000E+37,+8.725977E+01,+3.584400E+04,+4.003242E+00,+2.993500E-05,+9.910000E+37,+8.732520E+01,+3.584400E+04,-4.242332E-02,+0.000000E+00,+9.910000E+37,+8.739648E+01,+3.584400E+04
12:35:40,0e0,+4.450812E+00,+3.340500E-05,+9.910000E+37,+8.761914E+01,+3.584400E+04,+4.451142E+00,+3.340500E-05,+9.910000E+37,+8.768652E+01,+3.584400E+04,+4.450860E+00,+3.340500E-05,+9.910000E+37,+8.775195E+01,+3.584400E+04,-4.069240E-02,+0.000000E+00,+9.910000E+37,+8.782227E+01,+3.584400E+04
12:35:40,0e0,+4.949713E+00,+3.727500E-05,+9.910000E+37,+8.804395E+01,+3.584400E+04,+4.947929E+00,+3.727500E-05,+9.910000E+37,+8.811035E+01,+3.584400E+04,+4.948618E+00,+3.727500E-05,+9.910000E+37,+8.817773E+01,+3.584400E+04,-4.078379E-02,+0.000000E+00,+9.910000E+37,+8.824902E+01,+3.584400E+04
12:35:40,0e0,+5.501323E+00,+4.159500E-05,+9.910000E+37,+8.846094E+01,+3.584400E+04,+5.502693E+00,+4.159500E-05,+9.910000E+37,+8.852734E+01,+3.584400E+04,+5.500872E+00,+4.159500E-05,+9.910000E+37,+8.859375E+01,+3.584400E+04,-4.023744E-02,+0.000000E+00,+9.910000E+37,+8.866016E+01,+3.584400E+04
12:35:40,0e0,+6.116288E+00,+4.641500E-05,+9.910000E+37,+8.887500E+01,+3.584400E+04,+6.116380E+00,+4.641500E-05,+9.910000E+37,+8.894238E+01,+3.584400E+04,+6.117111E+00,+4.641500E-05,+9.910000E+37,+8.900977E+01,+3.584400E+04,-4.032855E-02,+0.000000E+00,+9.910000E+37,+8.907520E+01,+3.584400E+04
12:35:40,0e0,+6.800807E+00,+5.179500E-05,+9.910000E+37,+8.929199E+01,+3.584400E+04,+6.799028E+00,+5.179500E-05,+9.910000E+37,+8.935742E+01,+3.584400E+04,+6.799170E+00,+5.179500E-05,+9.910000E+37,+8.942480E+01,+3.584400E+04,-4.041956E-02,+0.000000E+00,+9.910000E+37,+8.949219E+01,+3.584400E+04
12:35:40,0e0,+7.561793E+00,+5.779500E-05,+9.910000E+37,+8.970801E+01,+3.584400E+04,+7.558964E+00,+5.779500E-05,+9.910000E+37,+8.977441E+01,+3.584400E+04,+7.557637E+00,+5.779500E-05,+9.910000E+37,+8.984180E+01,+3.584400E+04,-4.046500E-02,+0.000000E+00,+9.910000E+37,+8.990723E+01,+3.584400E+04
12:35:40,0e0,+8.407492E+00,+6.449500E-05,+9.910000E+37,+9.012500E+01,+3.584400E+04,+8.407644E+00,+6.449500E-05,+9.910000E+37,+9.019238E+01,+3.584400E+04,+8.404848E+00,+6.449500E-05,+9.910000E+37,+9.025781E+01,+3.584400E+04,-4.023740E-02,+0.000000E+00,+9.910000E+37,+9.032520E+01,+3.584400E+04
12:35:40,0e0,+9.351400E+00,+7.197000E-05,+9.910000E+37,+9.054199E+01,+3.584400E+04,+9.349318E+00,+7.197000E-05,+9.910000E+37,+9.060742E+01,+3.584400E+04,+9.349060E+00,+7.197000E-05,+9.910000E+37,+9.067480E+01,+3.584400E+04,-4.178573E-02,+0.000000E+00,+9.910000E+37,+9.074414E+01,+3.584400E+04
12:35:40,0e0,+1.040362E+01,+8.031000E-05,+9.910000E+37,+9.096191E+01,+3.584400E+04,+1.040127E+01,+8.031000E-05,+9.910000E+37,+9.102734E+01,+3.584400E+04,+1.039701E+01,+8.031000E-05,+9.910000E+37,+9.109473E+01,+3.584400E+04,-4.078414E-02,+0.000000E+00,+9.910000E+37,+9.116406E+01,+3.584400E+04
12:35:40,0e0,+1.157316E+01,+8.961500E-05,+9.910000E+37,+9.137695E+01,+3.584400E+04,+1.157130E+01,+8.961500E-05,+9.910000E+37,+9.144238E+01,+3.584400E+04,+1.157057E+01,+8.961500E-05,+9.910000E+37,+9.150879E+01,+3.584400E+04,-3.973649E-02,+0.000000E+00,+9.910000E+37,+9.157617E+01,+3.584400E+04
12:35:40,0e0,+1.287832E+01,+1.000000E-04,+9.910000E+37,+9.178516E+01,+3.584400E+04,+1.287484E+01,+1.000000E-04,+9.910000E+37,+9.185254E+01,+3.584400E+04,+1.287197E+01,+1.000000E-04,+9.910000E+37,+9.191992E+01,+3.584400E+04,-3.941789E-02,+0.000000E+00,+9.910000E+37,+9.198535E+01,+3.584400E+04
12:35:40,0e0,+1.431698E+01,+1.116000E-04,+9.910000E+37,+9.220508E+01,+3.584400E+04,+1.431347E+01,+1.116000E-04,+9.910000E+37,+9.227246E+01,+3.584400E+04,+1.430691E+01,+1.116000E-04,+9.910000E+37,+9.233789E+01,+3.584400E+04,-4.324253E-02,+0.000000E+00,+9.910000E+37,+9.240527E+01,+3.584400E+04
12:35:40,0e0,+1.592297E+01,+1.245000E-04,+9.910000E+37,+9.262402E+01,+3.584400E+04,+1.591489E+01,+1.245000E-04,+9.910000E+37,+9.269043E+01,+3.584400E+04,+1.590886E+01,+1.245000E-04,+9.910000E+37,+9.275684E+01,+3.584400E+04,-4.374345E-02,+0.000000E+00,+9.910000E+37,+9.282324E+01,+3.584400E+04
12:35:40,0e0,+1.771151E+01,+1.389500E-04,+9.910000E+37,+9.304395E+01,+3.584400E+04,+1.770506E+01,+1.389500E-04,+9.910000E+37,+9.311035E+01,+3.584400E+04,+1.769330E+01,+1.389500E-04,+9.910000E+37,+9.317676E+01,+3.584400E+04,-4.255949E-02,+0.000000E+00,+9.910000E+37,+9.324414E+01,+3.584400E+04
12:35:40,0e0,+1.968806E+01,+1.550500E-04,+9.910000E+37,+9.346484E+01,+3.584400E+04,+1.967819E+01,+1.550500E-04,+9.910000E+37,+9.353125E+01,+3.584400E+04,+1.966372E+01,+1.550500E-04,+9.910000E+37,+9.359863E+01,+3.584400E+04,-4.378894E-02,+0.000000E+00,+9.910000E+37,+9.366602E+01,+3.584400E+04
12:35:40,0e0,+2.186454E+01,+1.730000E-04,+9.910000E+37,+9.388477E+01,+3.584400E+04,+2.185047E+01,+1.730000E-04,+9.910000E+37,+9.395020E+01,+3.584400E+04,+2.183226E+01,+1.730000E-04,+9.910000E+37,+9.401758E+01,+3.584400E+04,-4.347025E-02,+0.000000E+00,+9.910000E+37,+9.408496E+01,+3.584400E+04
12:35:40,0e0,+2.425379E+01,+1.930500E-04,+9.910000E+37,+9.430469E+01,+3.584400E+04,+2.423709E+01,+1.930500E-04,+9.910000E+37,+9.437109E+01,+3.584400E+04,+2.421359E+01,+1.930500E-04,+9.910000E+37,+9.443848E+01,+3.584400E+04,-4.347025E-02,+0.000000E+00,+9.910000E+37,+9.450391E+01,+3.584400E+04
12:35:40,0e0,+2.686662E+01,+2.154500E-04,+9.910000E+37,+9.472656E+01,+3.584400E+04,+2.684154E+01,+2.154500E-04,+9.910000E+37,+9.479297E+01,+3.584400E+04,+2.681085E+01,+2.154500E-04,+9.910000E+37,+9.486035E+01,+3.584400E+04,-4.260504E-02,+0.000000E+00,+9.910000E+37,+9.492578E+01,+3.584400E+04
12:35:40,0e0,+2.969828E+01,+2.404000E-04,+9.910000E+37,+9.515039E+01,+3.584400E+04,+2.966232E+01,+2.404000E-04,+9.910000E+37,+9.521777E+01,+3.584400E+04,+2.962010E+01,+2.404000E-04,+9.910000E+37,+9.528320E+01,+3.584400E+04,-4.224089E-02,+0.000000E+00,+9.910000E+37,+9.534961E+01,+3.584400E+04
12:35:40,0e0,+3.275012E+01,+2.682500E-04,+9.910000E+37,+9.557227E+01,+3.584400E+04,+3.270163E+01,+2.682500E-04,+9.910000E+37,+9.563770E+01,+3.584400E+04,+3.264663E+01,+2.682500E-04,+9.910000E+37,+9.570508E+01,+3.584400E+04,-4.219532E-02,+0.000000E+00,+9.910000E+37,+9.577148E+01,+3.584400E+04
12:35:40,0e0,+3.601910E+01,+2.993500E-04,+9.910000E+37,+9.599707E+01,+3.584400E+04,+3.595813E+01,+2.993500E-04,+9.910000E+37,+9.606445E+01,+3.584400E+04,+3.588536E+01,+2.993500E-04,+9.910000E+37,+9.613086E+01,+3.584400E+04,-4.319665E-02,+0.000000E+00,+9.910000E+37,+9.619727E+01,+3.584400E+04
12:35:40,0e0,+3.948922E+01,+3.340500E-04,+9.910000E+37,+9.641895E+01,+3.584400E+04,+3.940434E+01,+3.340500E-04,+9.910000E+37,+9.648535E+01,+3.584400E+04,+3.930875E+01,+3.340500E-04,+9.910000E+37,+9.655176E+01,+3.584400E+04,-4.228653E-02,+0.000000E+00,+9.910000E+37,+9.661816E+01,+3.584400E+04
12:35:40,0e0,+4.314164E+01,+3.727500E-04,+9.910000E+37,+9.684375E+01,+3.584400E+04,+4.302833E+01,+3.727500E-04,+9.910000E+37,+9.691016E+01,+3.584400E+04,+4.290762E+01,+3.727500E-04,+9.910000E+37,+9.697754E+01,+3.584400E+04,-4.137574E-02,+0.000000E+00,+9.910000E+37,+9.704395E+01,+3.584400E+04
12:35:40,0e0,+4.695253E+01,+4.159500E-04,+9.910000E+37,+9.726855E+01,+3.584400E+04,+4.680638E+01,+4.159500E-04,+9.910000E+37,+9.733496E+01,+3.584400E+04,+4.664996E+01,+4.159500E-04,+9.910000E+37,+9.740234E+01,+3.584400E+04,-4.210435E-02,+0.000000E+00,+9.910000E+37,+9.746875E+01,+3.584400E+04
12:35:40,0e0,+5.089998E+01,+4.641500E-04,+9.910000E+37,+9.769434E+01,+3.584400E+04,+5.071000E+01,+4.641500E-04,+9.910000E+37,+9.776172E+01,+3.584400E+04,+5.051882E+01,+4.641500E-04,+9.910000E+37,+9.782715E+01,+3.584400E+04,-4.187649E-02,+0.000000E+00,+9.910000E+37,+9.789453E+01,+3.584400E+04
12:35:40,0e0,+5.495593E+01,+5.179500E-04,+9.910000E+37,+9.812012E+01,+3.584400E+04,+5.471268E+01,+5.179500E-04,+9.910000E+37,+9.818652E+01,+3.584400E+04,+5.447273E+01,+5.179500E-04,+9.910000E+37,+9.825293E+01,+3.584400E+04,-4.201333E-02,+0.000000E+00,+9.910000E+37,+9.832031E+01,+3.584400E+04
12:35:40,0e0,+5.908221E+01,+5.779500E-04,+9.910000E+37,+9.854102E+01,+3.584400E+04,+5.877710E+01,+5.779500E-04,+9.910000E+37,+9.860742E+01,+3.584400E+04,+5.848565E+01,+5.779500E-04,+9.910000E+37,+9.867383E+01,+3.584400E+04,-4.196766E-02,+0.000000E+00,+9.910000E+37,+9.874023E+01,+3.584400E+04
12:35:40,0e0,+6.326773E+01,+6.449500E-04,+9.910000E+37,+9.896680E+01,+3.584400E+04,+6.288895E+01,+6.449500E-04,+9.910000E+37,+9.903223E+01,+3.584400E+04,+6.253188E+01,+6.449500E-04,+9.910000E+37,+9.909961E+01,+3.584400E+04,-4.260521E-02,+0.000000E+00,+9.910000E+37,+9.916602E+01,+3.584400E+04
12:35:40,0e0,+6.747668E+01,+7.197000E-04,+9.910000E+37,+9.939160E+01,+3.584400E+04,+6.700613E+01,+7.197000E-04,+9.910000E+37,+9.945703E+01,+3.584400E+04,+6.657323E+01,+7.197000E-04,+9.910000E+37,+9.952344E+01,+3.584400E+04,-4.196768E-02,+0.000000E+00,+9.910000E+37,+9.959082E+01,+3.584400E+04
12:35:40,0e0,+7.167128E+01,+8.031000E-04,+9.910000E+37,+9.981055E+01,+3.584400E+04,+7.109758E+01,+8.031000E-04,+9.910000E+37,+9.987793E+01,+3.584400E+04,+7.058252E+01,+8.031000E-04,+9.910000E+37,+9.994336E+01,+3.584400E+04,-4.256009E-02,+0.000000E+00,+9.910000E+37,+1.000117E+02,+3.584400E+04
12:35:40,0e0,+7.585905E+01,+8.961500E-04,+9.910000E+37,+1.002383E+02,+3.584400E+04,+7.515963E+01,+8.961500E-04,+9.910000E+37,+1.003057E+02,+3.584400E+04,+7.454681E+01,+8.961500E-04,+9.910000E+37,+1.003711E+02,+3.584400E+04,-4.274212E-02,+0.000000E+00,+9.910000E+37,+1.004385E+02,+3.584400E+04
12:35:40,0e0,+7.996677E+01,+1.000000E-03,+9.910000E+37,+1.006563E+02,+3.584400E+04,+7.912705E+01,+1.000000E-03,+9.910000E+37,+1.007217E+02,+3.584400E+04,+7.840391E+01,+1.000000E-03,+9.910000E+37,+1.007891E+02,+3.584400E+04,-4.164907E-02,+0.000000E+00,+9.910000E+37,+1.008545E+02,+3.584400E+04
12:35:40,0e0,+8.401531E+01,+1.116000E-03,+9.910000E+37,+1.010830E+02,+3.584400E+04,+8.293466E+01,+1.116000E-03,+9.910000E+37,+1.011553E+02,+3.584400E+04,+8.209151E+01,+1.116000E-03,+9.910000E+37,+1.012207E+02,+3.584400E+04,-8.549638E-02,+0.000000E+00,+9.910000E+37,+1.012881E+02,+3.584400E+04
12:35:40,0e0,+8.786848E+01,+1.245000E-03,+9.910000E+37,+1.015029E+02,+3.584400E+04,+8.667554E+01,+1.245000E-03,+9.910000E+37,+1.015693E+02,+3.584400E+04,+8.567854E+01,+1.245000E-03,+9.910000E+37,+1.016367E+02,+3.584400E+04,-8.463125E-02,+0.000000E+00,+9.910000E+37,+1.017041E+02,+3.584400E+04
12:35:40,0e0,+9.167166E+01,+1.389500E-03,+9.910000E+37,+1.019229E+02,+3.584400E+04,+9.026125E+01,+1.389500E-03,+9.910000E+37,+1.019883E+02,+3.584400E+04,+8.910281E+01,+1.389500E-03,+9.910000E+37,+1.020557E+02,+3.584400E+04,-8.203596E-02,+0.000000E+00,+9.910000E+37,+1.021230E+02,+3.584400E+04
12:35:40,0e0,+9.532129E+01,+1.550500E-03,+9.910000E+37,+1.023447E+02,+3.584400E+04,+9.366451E+01,+1.550500E-03,+9.910000E+37,+1.024111E+02,+3.584400E+04,+9.230871E+01,+1.550500E-03,+9.910000E+37,+1.024775E+02,+3.584400E+04,-8.112518E-02,+0.000000E+00,+9.910000E+37,+1.025449E+02,+3.584400E+04
12:35:40,0e0,+9.872192E+01,+1.730000E-03,+9.910000E+37,+1.027666E+02,+3.584400E+04,+9.678606E+01,+1.730000E-03,+9.910000E+37,+1.028320E+02,+3.584400E+04,+9.523196E+01,+1.730000E-03,+9.910000E+37,+1.028984E+02,+3.584400E+04,-7.843894E-02,+0.000000E+00,+9.910000E+37,+1.029658E+02,+3.584400E+04
12:35:40,0e0,+1.018858E+02,+1.930500E-03,+9.910000E+37,+1.031865E+02,+3.584400E+04,+9.964995E+01,+1.930500E-03,+9.910000E+37,+1.032539E+02,+3.584400E+04,+9.786497E+01,+1.930500E-03,+9.910000E+37,+1.033193E+02,+3.584400E+04,-7.638997E-02,+0.000000E+00,+9.910000E+37,+1.033857E+02,+3.584400E+04
12:35:40,0e0,+1.047705E+02,+2.154500E-03,+9.910000E+37,+1.036074E+02,+3.584400E+04,+1.021992E+02,+2.154500E-03,+9.910000E+37,+1.036748E+02,+3.584400E+04,+1.001678E+02,+2.154500E-03,+9.910000E+37,+1.037402E+02,+3.584400E+04,-7.233770E-02,+0.000000E+00,+9.910000E+37,+1.038076E+02,+3.584400E+04
12:35:40,0e0,+1.073136E+02,+2.404000E-03,+9.910000E+37,+1.040273E+02,+3.584400E+04,+1.043750E+02,+2.404000E-03,+9.910000E+37,+1.040938E+02,+3.584400E+04,+1.020705E+02,+2.404000E-03,+9.910000E+37,+1.041602E+02,+3.584400E+04,-7.042509E-02,+0.000000E+00,+9.910000E+37,+1.042275E+02,+3.584400E+04
12:35:40,0e0,+1.095073E+02,+2.682500E-03,+9.910000E+37,+1.044482E+02,+3.584400E+04,+1.061488E+02,+2.682500E-03,+9.910000E+37,+1.045156E+02,+3.584400E+04,+1.035476E+02,+2.682500E-03,+9.910000E+37,+1.045820E+02,+3.584400E+04,-6.532574E-02,+0.000000E+00,+9.910000E+37,+1.046484E+02,+3.584400E+04
12:35:40,0e0,+1.113111E+02,+2.993500E-03,+9.910000E+37,+1.048711E+02,+3.584400E+04,+1.075162E+02,+2.993500E-03,+9.910000E+37,+1.049375E+02,+3.584400E+04,+1.045875E+02,+2.993500E-03,+9.910000E+37,+1.050039E+02,+3.584400E+04,-6.414196E-02,+0.000000E+00,+9.910000E+37,+1.050703E+02,+3.584400E+04
12:35:40,0e0,+1.126541E+02,+3.340500E-03,+9.910000E+37,+1.052910E+02,+3.584400E+04,+1.083893E+02,+3.340500E-03,+9.910000E+37,+1.053574E+02,+3.584400E+04,+1.051250E+02,+3.340500E-03,+9.910000E+37,+1.054238E+02,+3.584400E+04,-5.904247E-02,+0.000000E+00,+9.910000E+37,+1.054912E+02,+3.584400E+04
12:35:40,0e0,+1.136516E+02,+3.727500E-03,+9.910000E+37,+1.057178E+02,+3.584400E+04,+1.088787E+02,+3.727500E-03,+9.910000E+37,+1.057842E+02,+3.584400E+04,+1.052275E+02,+3.727500E-03,+9.910000E+37,+1.058506E+02,+3.584400E+04,-5.753966E-02,+0.000000E+00,+9.910000E+37,+1.059189E+02,+3.584400E+04
12:35:40,0e0,+1.141336E+02,+4.159500E-03,+9.910000E+37,+1.061436E+02,+3.584400E+04,+1.088092E+02,+4.159500E-03,+9.910000E+37,+1.062100E+02,+3.584400E+04,+1.047819E+02,+4.159500E-03,+9.910000E+37,+1.062773E+02,+3.584400E+04,-5.658394E-02,+0.000000E+00,+9.910000E+37,+1.063447E+02,+3.584400E+04
12:35:40,0e0,+1.141389E+02,+4.641500E-03,+9.910000E+37,+1.065713E+02,+3.584400E+04,+1.082102E+02,+4.641500E-03,+9.910000E+37,+1.066377E+02,+3.584400E+04,+1.037676E+02,+4.641500E-03,+9.910000E+37,+1.067031E+02,+3.584400E+04,-5.294086E-02,+0.000000E+00,+9.910000E+37,+1.067705E+02,+3.584400E+04
12:35:40,0e0,+1.134593E+02,+5.179500E-03,+9.910000E+37,+1.069912E+02,+3.584400E+04,+1.069565E+02,+5.179500E-03,+9.910000E+37,+1.070576E+02,+3.584400E+04,+1.021107E+02,+5.179500E-03,+9.910000E+37,+1.071240E+02,+3.584400E+04,-4.943517E-02,+0.000000E+00,+9.910000E+37,+1.071914E+02,+3.584400E+04
12:35:40,0e0,+1.124811E+02,+5.779500E-03,+9.910000E+37,+1.074170E+02,+3.584400E+04,+1.053062E+02,+5.779500E-03,+9.910000E+37,+1.074834E+02,+3.584400E+04,+1.000291E+02,+5.779500E-03,+9.910000E+37,+1.075508E+02,+3.584400E+04,-4.652111E-02,+0.000000E+00,+9.910000E+37,+1.076182E+02,+3.584400E+04
12:35:40,0e0,+1.109675E+02,+6.449500E-03,+9.910000E+37,+1.078447E+02,+3.584400E+04,+1.030985E+02,+6.449500E-03,+9.910000E+37,+1.079121E+02,+3.584400E+04,+9.740363E+01,+6.449500E-03,+9.910000E+37,+1.079775E+02,+3.584400E+04,-4.456323E-02,+0.000000E+00,+9.910000E+37,+1.080439E+02,+3.584400E+04
12:35:40,0e0,+1.087724E+02,+7.197000E-03,+9.910000E+37,+1.082666E+02,+3.584400E+04,+1.002644E+02,+7.197000E-03,+9.910000E+37,+1.083330E+02,+3.584400E+04,+9.418566E+01,+7.197000E-03,+9.910000E+37,+1.084004E+02,+3.584400E+04,-4.438090E-02,+0.000000E+00,+9.910000E+37,+1.084658E+02,+3.584400E+04
12:35:40,0e0,+1.061353E+02,+8.031000E-03,+9.910000E+37,+1.086875E+02,+3.584400E+04,+9.698940E+01,+8.031000E-03,+9.910000E+37,+1.087539E+02,+3.584400E+04,+9.053942E+01,+8.031000E-03,+9.910000E+37,+1.088203E+02,+3.584400E+04,-4.082960E-02,+0.000000E+00,+9.910000E+37,+1.088887E+02,+3.584400E+04
12:35:40,0e0,+1.032698E+02,+8.961500E-03,+9.910000E+37,+1.091133E+02,+3.584400E+04,+9.342534E+01,+8.961500E-03,+9.910000E+37,+1.091807E+02,+3.584400E+04,+8.664190E+01,+8.961500E-03,+9.910000E+37,+1.092461E+02,+3.584400E+04,-4.014643E-02,+0.000000E+00,+9.910000E+37,+1.093125E+02,+3.584400E+04
