12:26:06,0e0,-1.969799E-02,+1.000000E-07,+9.910000E+37,+2.334893E+02,+3.584400E+04,-2.147375E-02,+1.000000E-07,+9.910000E+37,+2.335566E+02,+3.584400E+04,-2.293102E-02,+1.000000E-07,+9.910000E+37,+2.336230E+02,+3.584400E+04,-3.618097E-02,+0.000000E+00,+9.910000E+37,+2.336895E+02,+3.584400E+04
12:26:06,0e0,-1.947027E-02,+1.116000E-07,+9.910000E+37,+2.339141E+02,+3.584400E+04,-1.910600E-02,+1.116000E-07,+9.910000E+37,+2.339795E+02,+3.584400E+04,-1.860525E-02,+1.116000E-07,+9.910000E+37,+2.340469E+02,+3.584400E+04,-3.804821E-02,+0.000000E+00,+9.910000E+37,+2.341143E+02,+3.584400E+04
12:26:06,0e0,-1.833209E-02,+1.245000E-07,+9.910000E+37,+2.343389E+02,+3.584400E+04,-1.805907E-02,+1.245000E-07,+9.910000E+37,+2.344043E+02,+3.584400E+04,-1.733032E-02,+1.245000E-07,+9.910000E+37,+2.344707E+02,+3.584400E+04,-3.536151E-02,+0.000000E+00,+9.910000E+37,+2.345381E+02,+3.584400E+04
12:26:06,0e0,-1.509902E-02,+1.389500E-07,+9.910000E+37,+2.347588E+02,+3.584400E+04,-1.487133E-02,+1.389500E-07,+9.910000E+37,+2.348242E+02,+3.584400E+04,-1.710318E-02,+1.389500E-07,+9.910000E+37,+2.348916E+02,+3.584400E+04,-3.654507E-02,+0.000000E+00,+9.910000E+37,+2.349590E+02,+3.584400E+04
12:26:06,0e0,-1.373348E-02,+1.550500E-07,+9.910000E+37,+2.351797E+02,+3.584400E+04,-1.277699E-02,+1.550500E-07,+9.910000E+37,+2.352461E+02,+3.584400E+04,-1.254922E-02,+1.550500E-07,+9.910000E+37,+2.353135E+02,+3.584400E+04,-3.577110E-02,+0.000000E+00,+9.910000E+37,+2.353799E+02,+3.584400E+04
12:26:06,0e0,-9.999558E-03,+1.730000E-07,+9.910000E+37,+2.356045E+02,+3.584400E+04,-9.407297E-03,+1.730000E-07,+9.910000E+37,+2.356709E+02,+3.584400E+04,-1.027235E-02,+1.730000E-07,+9.910000E+37,+2.357373E+02,+3.584400E+04,-3.508829E-02,+0.000000E+00,+9.910000E+37,+2.358047E+02,+3.584400E+04
12:26:06,0e0,-7.449701E-03,+1.930500E-07,+9.910000E+37,+2.360234E+02,+3.584400E+04,-8.269534E-03,+1.930500E-07,+9.910000E+37,+2.360908E+02,+3.584400E+04,-5.400628E-03,+1.930500E-07,+9.910000E+37,+2.361562E+02,+3.584400E+04,-3.472388E-02,+0.000000E+00,+9.910000E+37,+2.362227E+02,+3.584400E+04
12:26:06,0e0,-3.898352E-03,+2.154500E-07,+9.910000E+37,+2.364463E+02,+3.584400E+04,-3.397182E-03,+2.154500E-07,+9.910000E+37,+2.365117E+02,+3.584400E+04,-4.535839E-03,+2.154500E-07,+9.910000E+37,+2.365781E+02,+3.584400E+04,-3.508787E-02,+0.000000E+00,+9.910000E+37,+2.366455E+02,+3.584400E+04
12:26:06,0e0,+1.767278E-05,+2.404000E-07,+9.910000E+37,+2.368701E+02,+3.584400E+04,+4.279912E-04,+2.404000E-07,+9.910000E+37,+2.369365E+02,+3.584400E+04,-9.388477E-04,+2.404000E-07,+9.910000E+37,+2.370039E+02,+3.584400E+04,-3.704597E-02,+0.000000E+00,+9.910000E+37,+2.370693E+02,+3.584400E+04
12:26:06,0e0,+3.068104E-03,+2.682500E-07,+9.910000E+37,+2.372959E+02,+3.584400E+04,+5.800426E-03,+2.682500E-07,+9.910000E+37,+2.373633E+02,+3.584400E+04,+3.705487E-03,+2.682500E-07,+9.910000E+37,+2.374297E+02,+3.584400E+04,-3.604424E-02,+0.000000E+00,+9.910000E+37,+2.374961E+02,+3.584400E+04
12:26:06,0e0,+1.067235E-02,+2.993500E-07,+9.910000E+37,+2.377139E+02,+3.584400E+04,+9.762198E-03,+2.993500E-07,+9.910000E+37,+2.377803E+02,+3.584400E+04,+8.850724E-03,+2.993500E-07,+9.910000E+37,+2.378467E+02,+3.584400E+04,-3.745620E-02,+0.000000E+00,+9.910000E+37,+2.379141E+02,+3.584400E+04
12:26:06,0e0,+1.458831E-02,+3.340500E-07,+9.910000E+37,+2.381357E+02,+3.584400E+04,+1.431505E-02,+3.340500E-07,+9.910000E+37,+2.382021E+02,+3.584400E+04,+1.472485E-02,+3.340500E-07,+9.910000E+37,+2.382695E+02,+3.584400E+04,-3.504251E-02,+0.000000E+00,+9.910000E+37,+2.383350E+02,+3.584400E+04
12:26:06,0e0,+2.073535E-02,+3.727500E-07,+9.910000E+37,+2.385596E+02,+3.584400E+04,+1.859474E-02,+3.727500E-07,+9.910000E+37,+2.386260E+02,+3.584400E+04,+2.009758E-02,+3.727500E-07,+9.910000E+37,+2.386924E+02,+3.584400E+04,-3.517915E-02,+0.000000E+00,+9.910000E+37,+2.387598E+02,+3.584400E+04
12:26:06,0e0,+2.747464E-02,+4.159500E-07,+9.910000E+37,+2.389805E+02,+3.584400E+04,+2.729227E-02,+4.159500E-07,+9.910000E+37,+2.390469E+02,+3.584400E+04,+2.888551E-02,+4.159500E-07,+9.910000E+37,+2.391133E+02,+3.584400E+04,-3.554361E-02,+0.000000E+00,+9.910000E+37,+2.391797E+02,+3.584400E+04
12:26:06,0e0,+3.498712E-02,+4.641500E-07,+9.910000E+37,+2.394014E+02,+3.584400E+04,+3.471398E-02,+4.641500E-07,+9.910000E+37,+2.394687E+02,+3.584400E+04,+3.430414E-02,+4.641500E-07,+9.910000E+37,+2.395352E+02,+3.584400E+04,-3.650019E-02,+0.000000E+00,+9.910000E+37,+2.396016E+02,+3.584400E+04
12:26:06,0e0,+4.386643E-02,+5.179500E-07,+9.910000E+37,+2.398262E+02,+3.584400E+04,+4.359293E-02,+5.179500E-07,+9.910000E+37,+2.398926E+02,+3.584400E+04,+4.250032E-02,+5.179500E-07,+9.910000E+37,+2.399600E+02,+3.584400E+04,-3.536123E-02,+0.000000E+00,+9.910000E+37,+2.400273E+02,+3.584400E+04
12:26:06,0e0,+5.087754E-02,+5.779500E-07,+9.910000E+37,+2.402490E+02,+3.584400E+04,+5.142441E-02,+5.779500E-07,+9.910000E+37,+2.403154E+02,+3.584400E+04,+5.197078E-02,+5.779500E-07,+9.910000E+37,+2.403828E+02,+3.584400E+04,-3.467880E-02,+0.000000E+00,+9.910000E+37,+2.404502E+02,+3.584400E+04
12:26:06,0e0,+6.139615E-02,+6.449500E-07,+9.910000E+37,+2.406689E+02,+3.584400E+04,+6.125927E-02,+6.449500E-07,+9.910000E+37,+2.407354E+02,+3.584400E+04,+6.235242E-02,+6.449500E-07,+9.910000E+37,+2.408027E+02,+3.584400E+04,-3.435974E-02,+0.000000E+00,+9.910000E+37,+2.408682E+02,+3.584400E+04
12:26:06,0e0,+7.291654E-02,+7.197000E-07,+9.910000E+37,+2.410889E+02,+3.584400E+04,+7.323435E-02,+7.197000E-07,+9.910000E+37,+2.411543E+02,+3.584400E+04,+7.328051E-02,+7.197000E-07,+9.910000E+37,+2.412207E+02,+3.584400E+04,-3.486037E-02,+0.000000E+00,+9.910000E+37,+2.412861E+02,+3.584400E+04
12:26:06,0e0,+8.648455E-02,+8.031000E-07,+9.910000E+37,+2.415088E+02,+3.584400E+04,+8.575633E-02,+8.031000E-07,+9.910000E+37,+2.415752E+02,+3.584400E+04,+8.530107E-02,+8.031000E-07,+9.910000E+37,+2.416416E+02,+3.584400E+04,-3.613593E-02,+0.000000E+00,+9.910000E+37,+2.417090E+02,+3.584400E+04
12:26:06,0e0,+9.909743E-02,+8.961500E-07,+9.910000E+37,+2.419307E+02,+3.584400E+04,+9.886959E-02,+8.961500E-07,+9.910000E+37,+2.419971E+02,+3.584400E+04,+9.978107E-02,+8.961500E-07,+9.910000E+37,+2.420635E+02,+3.584400E+04,-3.540741E-02,+0.000000E+00,+9.910000E+37,+2.421309E+02,+3.584400E+04
12:26:06,0e0,+1.143504E-01,+1.000000E-06,+9.910000E+37,+2.423457E+02,+3.584400E+04,+1.146239E-01,+1.000000E-06,+9.910000E+37,+2.424121E+02,+3.584400E+04,+1.142602E-01,+1.000000E-06,+9.910000E+37,+2.424775E+02,+3.584400E+04,-3.385900E-02,+0.000000E+00,+9.910000E+37,+2.425479E+02,+3.584400E+04
12:26:06,0e0,+1.204980E-01,+1.116000E-06,+9.910000E+37,+2.427754E+02,+3.584400E+04,+1.215451E-01,+1.116000E-06,+9.910000E+37,+2.428418E+02,+3.584400E+04,+1.211802E-01,+1.116000E-06,+9.910000E+37,+2.429082E+02,+3.584400E+04,-3.363140E-02,+0.000000E+00,+9.910000E+37,+2.429756E+02,+3.584400E+04
12:26:06,0e0,+1.385743E-01,+1.245000E-06,+9.910000E+37,+2.431963E+02,+3.584400E+04,+1.384377E-01,+1.245000E-06,+9.910000E+37,+2.432627E+02,+3.584400E+04,+1.382564E-01,+1.245000E-06,+9.910000E+37,+2.433291E+02,+3.584400E+04,-3.563511E-02,+0.000000E+00,+9.910000E+37,+2.433965E+02,+3.584400E+04
12:26:06,0e0,+1.585636E-01,+1.389500E-06,+9.910000E+37,+2.436162E+02,+3.584400E+04,+1.579261E-01,+1.389500E-06,+9.910000E+37,+2.436836E+02,+3.584400E+04,+1.580172E-01,+1.389500E-06,+9.910000E+37,+2.437500E+02,+3.584400E+04,-3.422329E-02,+0.000000E+00,+9.910000E+37,+2.438174E+02,+3.584400E+04
12:26:06,0e0,+1.814215E-01,+1.550500E-06,+9.910000E+37,+2.440381E+02,+3.584400E+04,+1.794170E-01,+1.550500E-06,+9.910000E+37,+2.441055E+02,+3.584400E+04,+1.816031E-01,+1.550500E-06,+9.910000E+37,+2.441709E+02,+3.584400E+04,-3.472428E-02,+0.000000E+00,+9.910000E+37,+2.442383E+02,+3.584400E+04
12:26:06,0e0,+2.040963E-01,+1.730000E-06,+9.910000E+37,+2.444541E+02,+3.584400E+04,+2.043244E-01,+1.730000E-06,+9.910000E+37,+2.445215E+02,+3.584400E+04,+2.052801E-01,+1.730000E-06,+9.910000E+37,+2.445869E+02,+3.584400E+04,-3.508835E-02,+0.000000E+00,+9.910000E+37,+2.446543E+02,+3.584400E+04
12:26:06,0e0,+2.319627E-01,+1.930500E-06,+9.910000E+37,+2.448730E+02,+3.584400E+04,+2.315530E-01,+1.930500E-06,+9.910000E+37,+2.449395E+02,+3.584400E+04,+2.300497E-01,+1.930500E-06,+9.910000E+37,+2.450059E+02,+3.584400E+04,-3.527083E-02,+0.000000E+00,+9.910000E+37,+2.450732E+02,+3.584400E+04
12:26:06,0e0,+2.606480E-01,+2.154500E-06,+9.910000E+37,+2.452930E+02,+3.584400E+04,+2.600559E-01,+2.154500E-06,+9.910000E+37,+2.453594E+02,+3.584400E+04,+2.611491E-01,+2.154500E-06,+9.910000E+37,+2.454258E+02,+3.584400E+04,-3.545275E-02,+0.000000E+00,+9.910000E+37,+2.454932E+02,+3.584400E+04
12:26:06,0e0,+2.955731E-01,+2.404000E-06,+9.910000E+37,+2.457109E+02,+3.584400E+04,+2.954356E-01,+2.404000E-06,+9.910000E+37,+2.457783E+02,+3.584400E+04,+2.944333E-01,+2.404000E-06,+9.910000E+37,+2.458438E+02,+3.584400E+04,-3.449677E-02,+0.000000E+00,+9.910000E+37,+2.459102E+02,+3.584400E+04
12:26:06,0e0,+3.324545E-01,+2.682500E-06,+9.910000E+37,+2.461348E+02,+3.584400E+04,+3.322254E-01,+2.682500E-06,+9.910000E+37,+2.462002E+02,+3.584400E+04,+3.333647E-01,+2.682500E-06,+9.910000E+37,+2.462676E+02,+3.584400E+04,-3.440510E-02,+0.000000E+00,+9.910000E+37,+2.463330E+02,+3.584400E+04
12:26:06,0e0,+3.748001E-01,+2.993500E-06,+9.910000E+37,+2.465557E+02,+3.584400E+04,+3.731592E-01,+2.993500E-06,+9.910000E+37,+2.466211E+02,+3.584400E+04,+3.753004E-01,+2.993500E-06,+9.910000E+37,+2.466875E+02,+3.584400E+04,-3.308494E-02,+0.000000E+00,+9.910000E+37,+2.467549E+02,+3.584400E+04
12:26:06,0e0,+4.201960E-01,+3.340500E-06,+9.910000E+37,+2.469756E+02,+3.584400E+04,+4.196940E-01,+3.340500E-06,+9.910000E+37,+2.470410E+02,+3.584400E+04,+4.192842E-01,+3.340500E-06,+9.910000E+37,+2.471084E+02,+3.584400E+04,-3.340337E-02,+0.000000E+00,+9.910000E+37,+2.471738E+02,+3.584400E+04
12:26:06,0e0,+4.724680E-01,+3.727500E-06,+9.910000E+37,+2.473965E+02,+3.584400E+04,+4.720572E-01,+3.727500E-06,+9.910000E+37,+2.474629E+02,+3.584400E+04,+4.713287E-01,+3.727500E-06,+9.910000E+37,+2.475303E+02,+3.584400E+04,-3.467865E-02,+0.000000E+00,+9.910000E+37,+2.475977E+02,+3.584400E+04
12:26:06,0e0,+5.283809E-01,+4.159500E-06,+9.910000E+37,+2.478164E+02,+3.584400E+04,+5.287911E-01,+4.159500E-06,+9.910000E+37,+2.478838E+02,+3.584400E+04,+5.287910E-01,+4.159500E-06,+9.910000E+37,+2.479492E+02,+3.584400E+04,-3.499763E-02,+0.000000E+00,+9.910000E+37,+2.480166E+02,+3.584400E+04
12:26:06,0e0,+5.937232E-01,+4.641500E-06,+9.910000E+37,+2.482393E+02,+3.584400E+04,+5.935394E-01,+4.641500E-06,+9.910000E+37,+2.483047E+02,+3.584400E+04,+5.939954E-01,+4.641500E-06,+9.910000E+37,+2.483721E+02,+3.584400E+04,-3.253862E-02,+0.000000E+00,+9.910000E+37,+2.484395E+02,+3.584400E+04
12:26:06,0e0,+6.658921E-01,+5.179500E-06,+9.910000E+37,+2.486582E+02,+3.584400E+04,+6.653891E-01,+5.179500E-06,+9.910000E+37,+2.487246E+02,+3.584400E+04,+6.665270E-01,+5.179500E-06,+9.910000E+37,+2.487920E+02,+3.584400E+04,-3.390430E-02,+0.000000E+00,+9.910000E+37,+2.488574E+02,+3.584400E+04
12:26:06,0e0,+7.454364E-01,+5.779500E-06,+9.910000E+37,+2.490801E+02,+3.584400E+04,+7.459382E-01,+5.779500E-06,+9.910000E+37,+2.491465E+02,+3.584400E+04,+7.454375E-01,+5.779500E-06,+9.910000E+37,+2.492129E+02,+3.584400E+04,-3.408667E-02,+0.000000E+00,+9.910000E+37,+2.492793E+02,+3.584400E+04
12:26:06,0e0,+8.339094E-01,+6.449500E-06,+9.910000E+37,+2.495010E+02,+3.584400E+04,+8.329053E-01,+6.449500E-06,+9.910000E+37,+2.495664E+02,+3.584400E+04,+8.336803E-01,+6.449500E-06,+9.910000E+37,+2.496338E+02,+3.584400E+04,-3.376797E-02,+0.000000E+00,+9.910000E+37,+2.497002E+02,+3.584400E+04
12:26:06,0e0,+9.322588E-01,+7.197000E-06,+9.910000E+37,+2.499229E+02,+3.584400E+04,+9.308000E-01,+7.197000E-06,+9.910000E+37,+2.499902E+02,+3.584400E+04,+9.323504E-01,+7.197000E-06,+9.910000E+37,+2.500557E+02,+3.584400E+04,-3.490660E-02,+0.000000E+00,+9.910000E+37,+2.501211E+02,+3.584400E+04
12:26:06,0e0,+1.041176E+00,+8.031000E-06,+9.910000E+37,+2.503418E+02,+3.584400E+04,+1.041859E+00,+8.031000E-06,+9.910000E+37,+2.504082E+02,+3.584400E+04,+1.043043E+00,+8.031000E-06,+9.910000E+37,+2.504756E+02,+3.584400E+04,-3.372250E-02,+0.000000E+00,+9.910000E+37,+2.505420E+02,+3.584400E+04
12:26:06,0e0,+1.164978E+00,+8.961500E-06,+9.910000E+37,+2.507646E+02,+3.584400E+04,+1.164935E+00,+8.961500E-06,+9.910000E+37,+2.508320E+02,+3.584400E+04,+1.164112E+00,+8.961500E-06,+9.910000E+37,+2.508984E+02,+3.584400E+04,-3.436002E-02,+0.000000E+00,+9.910000E+37,+2.509658E+02,+3.584400E+04
12:26:06,0e0,+1.300026E+00,+1.000000E-05,+9.910000E+37,+2.511846E+02,+3.584400E+04,+1.302443E+00,+1.000000E-05,+9.910000E+37,+2.512520E+02,+3.584400E+04,+1.301210E+00,+1.000000E-05,+9.910000E+37,+2.513174E+02,+3.584400E+04,-3.249298E-02,+0.000000E+00,+9.910000E+37,+2.513838E+02,+3.584400E+04
12:26:06,0e0,+1.441133E+00,+1.116000E-05,+9.910000E+37,+2.516035E+02,+3.584400E+04,+1.441317E+00,+1.116000E-05,+9.910000E+37,+2.516699E+02,+3.584400E+04,+1.441727E+00,+1.116000E-05,+9.910000E+37,+2.517363E+02,+3.584400E+04,-3.677376E-02,+0.000000E+00,+9.910000E+37,+2.518037E+02,+3.584400E+04
12:26:06,0e0,+1.610063E+00,+1.245000E-05,+9.910000E+37,+2.520166E+02,+3.584400E+04,+1.609561E+00,+1.245000E-05,+9.910000E+37,+2.520820E+02,+3.584400E+04,+1.609788E+00,+1.245000E-05,+9.910000E+37,+2.521494E+02,+3.584400E+04,-3.613600E-02,+0.000000E+00,+9.910000E+37,+2.522187E+02,+3.584400E+04
12:26:06,0e0,+1.799707E+00,+1.389500E-05,+9.910000E+37,+2.524316E+02,+3.584400E+04,+1.797608E+00,+1.389500E-05,+9.910000E+37,+2.524990E+02,+3.584400E+04,+1.798111E+00,+1.389500E-05,+9.910000E+37,+2.525654E+02,+3.584400E+04,-3.445107E-02,+0.000000E+00,+9.910000E+37,+2.526328E+02,+3.584400E+04
12:26:06,0e0,+2.007565E+00,+1.550500E-05,+9.910000E+37,+2.528486E+02,+3.584400E+04,+2.008340E+00,+1.550500E-05,+9.910000E+37,+2.529150E+02,+3.584400E+04,+2.007515E+00,+1.550500E-05,+9.910000E+37,+2.529824E+02,+3.584400E+04,-3.458732E-02,+0.000000E+00,+9.910000E+37,+2.530488E+02,+3.584400E+04
12:26:06,0e0,+2.239924E+00,+1.730000E-05,+9.910000E+37,+2.532617E+02,+3.584400E+04,+2.240921E+00,+1.730000E-05,+9.910000E+37,+2.533291E+02,+3.584400E+04,+2.241468E+00,+1.730000E-05,+9.910000E+37,+2.533945E+02,+3.584400E+04,-3.458773E-02,+0.000000E+00,+9.910000E+37,+2.534619E+02,+3.584400E+04
12:26:06,0e0,+2.500870E+00,+1.930500E-05,+9.910000E+37,+2.536787E+02,+3.584400E+04,+2.498814E+00,+1.930500E-05,+9.910000E+37,+2.537441E+02,+3.584400E+04,+2.500867E+00,+1.930500E-05,+9.910000E+37,+2.538115E+02,+3.584400E+04,-3.449662E-02,+0.000000E+00,+9.910000E+37,+2.538779E+02,+3.584400E+04
12:26:06,0e0,+2.790278E+00,+2.154500E-05,+9.910000E+37,+2.540957E+02,+3.584400E+04,+2.790502E+00,+2.154500E-05,+9.910000E+37,+2.541611E+02,+3.584400E+04,+2.789543E+00,+2.154500E-05,+9.910000E+37,+2.542266E+02,+3.584400E+04,-3.408644E-02,+0.000000E+00,+9.910000E+37,+2.542949E+02,+3.584400E+04
12:26:06,0e0,+3.110919E+00,+2.404000E-05,+9.910000E+37,+2.545137E+02,+3.584400E+04,+3.112286E+00,+2.404000E-05,+9.910000E+37,+2.545811E+02,+3.584400E+04,+3.111967E+00,+2.404000E-05,+9.910000E+37,+2.546475E+02,+3.584400E+04,-3.517973E-02,+0.000000E+00,+9.910000E+37,+2.547178E+02,+3.584400E+04
12:26:06,0e0,+3.469666E+00,+2.682500E-05,+9.910000E+37,+2.549307E+02,+3.584400E+04,+3.470672E+00,+2.682500E-05,+9.910000E+37,+2.549961E+02,+3.584400E+04,+3.470591E+00,+2.682500E-05,+9.910000E+37,+2.550635E+02,+3.584400E+04,-3.540733E-02,+0.000000E+00,+9.910000E+37,+2.551299E+02,+3.584400E+04
12:26:06,0e0,+3.868177E+00,+2.993500E-05,+9.910000E+37,+2.553457E+02,+3.584400E+04,+3.869774E+00,+2.993500E-05,+9.910000E+37,+2.554131E+02,+3.584400E+04,+3.870499E+00,+2.993500E-05,+9.910000E+37,+2.554785E+02,+3.584400E+04,-3.367698E-02,+0.000000E+00,+9.910000E+37,+2.555459E+02,+3.584400E+04
12:26:06,0e0,+4.312070E+00,+3.340500E-05,+9.910000E+37,+2.557578E+02,+3.584400E+04,+4.315365E+00,+3.340500E-05,+9.910000E+37,+2.558252E+02,+3.584400E+04,+4.315629E+00,+3.340500E-05,+9.910000E+37,+2.558916E+02,+3.584400E+04,-3.285740E-02,+0.000000E+00,+9.910000E+37,+2.559590E+02,+3.584400E+04
12:26:06,0e0,+4.809572E+00,+3.727500E-05,+9.910000E+37,+2.561719E+02,+3.584400E+04,+4.809837E+00,+3.727500E-05,+9.910000E+37,+2.562373E+02,+3.584400E+04,+4.810799E+00,+3.727500E-05,+9.910000E+37,+2.563047E+02,+3.584400E+04,-3.495216E-02,+0.000000E+00,+9.910000E+37,+2.563701E+02,+3.584400E+04
12:26:06,0e0,+5.361613E+00,+4.159500E-05,+9.910000E+37,+2.565869E+02,+3.584400E+04,+5.363160E+00,+4.159500E-05,+9.910000E+37,+2.566543E+02,+3.584400E+04,+5.363763E+00,+4.159500E-05,+9.910000E+37,+2.567207E+02,+3.584400E+04,-3.395030E-02,+0.000000E+00,+9.910000E+37,+2.567881E+02,+3.584400E+04
12:26:06,0e0,+5.978905E+00,+4.641500E-05,+9.910000E+37,+2.570088E+02,+3.584400E+04,+5.979945E+00,+4.641500E-05,+9.910000E+37,+2.570752E+02,+3.584400E+04,+5.980133E+00,+4.641500E-05,+9.910000E+37,+2.571426E+02,+3.584400E+04,-3.404143E-02,+0.000000E+00,+9.910000E+37,+2.572139E+02,+3.584400E+04
12:26:06,0e0,+6.667905E+00,+5.179500E-05,+9.910000E+37,+2.574316E+02,+3.584400E+04,+6.668677E+00,+5.179500E-05,+9.910000E+37,+2.574980E+02,+3.584400E+04,+6.668763E+00,+5.179500E-05,+9.910000E+37,+2.575645E+02,+3.584400E+04,-3.549856E-02,+0.000000E+00,+9.910000E+37,+2.576357E+02,+3.584400E+04
12:26:06,0e0,+7.437307E+00,+5.779500E-05,+9.910000E+37,+2.578525E+02,+3.584400E+04,+7.439188E+00,+5.779500E-05,+9.910000E+37,+2.579199E+02,+3.584400E+04,+7.438355E+00,+5.779500E-05,+9.910000E+37,+2.579854E+02,+3.584400E+04,-3.417806E-02,+0.000000E+00,+9.910000E+37,+2.580566E+02,+3.584400E+04
12:26:06,0e0,+8.299320E+00,+6.449500E-05,+9.910000E+37,+2.582783E+02,+3.584400E+04,+8.299702E+00,+6.449500E-05,+9.910000E+37,+2.583447E+02,+3.584400E+04,+8.300669E+00,+6.449500E-05,+9.910000E+37,+2.584111E+02,+3.584400E+04,-3.476976E-02,+0.000000E+00,+9.910000E+37,+2.584795E+02,+3.584400E+04
12:26:06,0e0,+9.265654E+00,+7.197000E-05,+9.910000E+37,+2.586982E+02,+3.584400E+04,+9.266068E+00,+7.197000E-05,+9.910000E+37,+2.587646E+02,+3.584400E+04,+9.265292E+00,+7.197000E-05,+9.910000E+37,+2.588320E+02,+3.584400E+04,-3.285737E-02,+0.000000E+00,+9.910000E+37,+2.589033E+02,+3.584400E+04
12:26:06,0e0,+1.034660E+01,+8.031000E-05,+9.910000E+37,+2.591211E+02,+3.584400E+04,+1.034815E+01,+8.031000E-05,+9.910000E+37,+2.591885E+02,+3.584400E+04,+1.034869E+01,+8.031000E-05,+9.910000E+37,+2.592539E+02,+3.584400E+04,-3.426909E-02,+0.000000E+00,+9.910000E+37,+2.593252E+02,+3.584400E+04
12:26:06,0e0,+1.156246E+01,+8.961500E-05,+9.910000E+37,+2.595352E+02,+3.584400E+04,+1.156197E+01,+8.961500E-05,+9.910000E+37,+2.596016E+02,+3.584400E+04,+1.156043E+01,+8.961500E-05,+9.910000E+37,+2.596689E+02,+3.584400E+04,-3.303964E-02,+0.000000E+00,+9.910000E+37,+2.597344E+02,+3.584400E+04
12:26:06,0e0,+1.292567E+01,+1.000000E-04,+9.910000E+37,+2.599453E+02,+3.584400E+04,+1.292608E+01,+1.000000E-04,+9.910000E+37,+2.600127E+02,+3.584400E+04,+1.292222E+01,+1.000000E-04,+9.910000E+37,+2.600781E+02,+3.584400E+04,-3.235659E-02,+0.000000E+00,+9.910000E+37,+2.601445E+02,+3.584400E+04
12:26:06,0e0,+1.444384E+01,+1.116000E-04,+9.910000E+37,+2.603643E+02,+3.584400E+04,+1.444210E+01,+1.116000E-04,+9.910000E+37,+2.604307E+02,+3.584400E+04,+1.443956E+01,+1.116000E-04,+9.910000E+37,+2.604980E+02,+3.584400E+04,-3.750220E-02,+0.000000E+00,+9.910000E+37,+2.605635E+02,+3.584400E+04
12:26:06,0e0,+1.615582E+01,+1.245000E-04,+9.910000E+37,+2.607822E+02,+3.584400E+04,+1.615515E+01,+1.245000E-04,+9.910000E+37,+2.608477E+02,+3.584400E+04,+1.614777E+01,+1.245000E-04,+9.910000E+37,+2.609150E+02,+3.584400E+04,-3.795728E-02,+0.000000E+00,+9.910000E+37,+2.609805E+02,+3.584400E+04
12:26:06,0e0,+1.808459E+01,+1.389500E-04,+9.910000E+37,+2.612012E+02,+3.584400E+04,+1.808109E+01,+1.389500E-04,+9.910000E+37,+2.612686E+02,+3.584400E+04,+1.807139E+01,+1.389500E-04,+9.910000E+37,+2.613340E+02,+3.584400E+04,-3.772956E-02,+0.000000E+00,+9.910000E+37,+2.614004E+02,+3.584400E+04
12:26:06,0e0,+2.023844E+01,+1.550500E-04,+9.910000E+37,+2.616250E+02,+3.584400E+04,+2.023250E+01,+1.550500E-04,+9.910000E+37,+2.616914E+02,+3.584400E+04,+2.021959E+01,+1.550500E-04,+9.910000E+37,+2.617588E+02,+3.584400E+04,-3.950565E-02,+0.000000E+00,+9.910000E+37,+2.618242E+02,+3.584400E+04
12:26:06,0e0,+2.264049E+01,+1.730000E-04,+9.910000E+37,+2.620449E+02,+3.584400E+04,+2.262611E+01,+1.730000E-04,+9.910000E+37,+2.621123E+02,+3.584400E+04,+2.260874E+01,+1.730000E-04,+9.910000E+37,+2.621777E+02,+3.584400E+04,-3.713779E-02,+0.000000E+00,+9.910000E+37,+2.622451E+02,+3.584400E+04
12:26:06,0e0,+2.530234E+01,+1.930500E-04,+9.910000E+37,+2.624668E+02,+3.584400E+04,+2.528489E+01,+1.930500E-04,+9.910000E+37,+2.625332E+02,+3.584400E+04,+2.525986E+01,+1.930500E-04,+9.910000E+37,+2.625996E+02,+3.584400E+04,-3.558962E-02,+0.000000E+00,+9.910000E+37,+2.626670E+02,+3.584400E+04
12:26:06,0e0,+2.824914E+01,+2.154500E-04,+9.910000E+37,+2.628867E+02,+3.584400E+04,+2.821999E+01,+2.154500E-04,+9.910000E+37,+2.629531E+02,+3.584400E+04,+2.818503E+01,+2.154500E-04,+9.910000E+37,+2.630205E+02,+3.584400E+04,-3.545265E-02,+0.000000E+00,+9.910000E+37,+2.630879E+02,+3.584400E+04
12:26:06,0e0,+3.147035E+01,+2.404000E-04,+9.910000E+37,+2.633086E+02,+3.584400E+04,+3.143097E+01,+2.404000E-04,+9.910000E+37,+2.633740E+02,+3.584400E+04,+3.138302E+01,+2.404000E-04,+9.910000E+37,+2.634414E+02,+3.584400E+04,-3.854959E-02,+0.000000E+00,+9.910000E+37,+2.635068E+02,+3.584400E+04
12:26:06,0e0,+3.497860E+01,+2.682500E-04,+9.910000E+37,+2.637334E+02,+3.584400E+04,+3.492157E+01,+2.682500E-04,+9.910000E+37,+2.638008E+02,+3.584400E+04,+3.485523E+01,+2.682500E-04,+9.910000E+37,+2.638662E+02,+3.584400E+04,-3.700116E-02,+0.000000E+00,+9.910000E+37,+2.639326E+02,+3.584400E+04
12:26:06,0e0,+3.876423E+01,+2.993500E-04,+9.910000E+37,+2.641543E+02,+3.584400E+04,+3.868365E+01,+2.993500E-04,+9.910000E+37,+2.642217E+02,+3.584400E+04,+3.859460E+01,+2.993500E-04,+9.910000E+37,+2.642871E+02,+3.584400E+04,-3.622709E-02,+0.000000E+00,+9.910000E+37,+2.643535E+02,+3.584400E+04
12:26:06,0e0,+4.280941E+01,+3.340500E-04,+9.910000E+37,+2.645762E+02,+3.584400E+04,+4.269923E+01,+3.340500E-04,+9.910000E+37,+2.646436E+02,+3.584400E+04,+4.258125E+01,+3.340500E-04,+9.910000E+37,+2.647090E+02,+3.584400E+04,-3.695537E-02,+0.000000E+00,+9.910000E+37,+2.647764E+02,+3.584400E+04
12:26:06,0e0,+4.708419E+01,+3.727500E-04,+9.910000E+37,+2.649961E+02,+3.584400E+04,+4.693685E+01,+3.727500E-04,+9.910000E+37,+2.650635E+02,+3.584400E+04,+4.678588E+01,+3.727500E-04,+9.910000E+37,+2.651289E+02,+3.584400E+04,-3.595400E-02,+0.000000E+00,+9.910000E+37,+2.651953E+02,+3.584400E+04
12:26:06,0e0,+5.156661E+01,+4.159500E-04,+9.910000E+37,+2.654170E+02,+3.584400E+04,+5.137148E+01,+4.159500E-04,+9.910000E+37,+2.654844E+02,+3.584400E+04,+5.117503E+01,+4.159500E-04,+9.910000E+37,+2.655498E+02,+3.584400E+04,-3.622690E-02,+0.000000E+00,+9.910000E+37,+2.656172E+02,+3.584400E+04
12:26:06,0e0,+5.621557E+01,+4.641500E-04,+9.910000E+37,+2.658379E+02,+3.584400E+04,+5.596345E+01,+4.641500E-04,+9.910000E+37,+2.659043E+02,+3.584400E+04,+5.571467E+01,+4.641500E-04,+9.910000E+37,+2.659717E+02,+3.584400E+04,-3.590842E-02,+0.000000E+00,+9.910000E+37,+2.660391E+02,+3.584400E+04
12:26:06,0e0,+6.099584E+01,+5.179500E-04,+9.910000E+37,+2.662578E+02,+3.584400E+04,+6.067255E+01,+5.179500E-04,+9.910000E+37,+2.663242E+02,+3.584400E+04,+6.036135E+01,+5.179500E-04,+9.910000E+37,+2.663916E+02,+3.584400E+04,-3.686458E-02,+0.000000E+00,+9.910000E+37,+2.664580E+02,+3.584400E+04
12:26:06,0e0,+6.586579E+01,+5.779500E-04,+9.910000E+37,+2.666797E+02,+3.584400E+04,+6.545704E+01,+5.779500E-04,+9.910000E+37,+2.667451E+02,+3.584400E+04,+6.507404E+01,+5.779500E-04,+9.910000E+37,+2.668115E+02,+3.584400E+04,-3.549838E-02,+0.000000E+00,+9.910000E+37,+2.668779E+02,+3.584400E+04
12:26:06,0e0,+7.079781E+01,+6.449500E-04,+9.910000E+37,+2.671045E+02,+3.584400E+04,+7.028656E+01,+6.449500E-04,+9.910000E+37,+2.671709E+02,+3.584400E+04,+6.981770E+01,+6.449500E-04,+9.910000E+37,+2.672383E+02,+3.584400E+04,-3.672807E-02,+0.000000E+00,+9.910000E+37,+2.673037E+02,+3.584400E+04
12:26:06,0e0,+7.572523E+01,+7.197000E-04,+9.910000E+37,+2.675234E+02,+3.584400E+04,+7.509781E+01,+7.197000E-04,+9.910000E+37,+2.675908E+02,+3.584400E+04,+7.453504E+01,+7.197000E-04,+9.910000E+37,+2.676563E+02,+3.584400E+04,-3.513443E-02,+0.000000E+00,+9.910000E+37,+2.677236E+02,+3.584400E+04
12:26:06,0e0,+8.063590E+01,+8.031000E-04,+9.910000E+37,+2.679434E+02,+3.584400E+04,+7.987231E+01,+8.031000E-04,+9.910000E+37,+2.680098E+02,+3.584400E+04,+7.919773E+01,+8.031000E-04,+9.910000E+37,+2.680771E+02,+3.584400E+04,-3.613599E-02,+0.000000E+00,+9.910000E+37,+2.681436E+02,+3.584400E+04
12:26:06,0e0,+8.550943E+01,+8.961500E-04,+9.910000E+37,+2.683691E+02,+3.584400E+04,+8.458012E+01,+8.961500E-04,+9.910000E+37,+2.684355E+02,+3.584400E+04,+8.377307E+01,+8.961500E-04,+9.910000E+37,+2.685020E+02,+3.584400E+04,-3.572601E-02,+0.000000E+00,+9.910000E+37,+2.685693E+02,+3.584400E+04
12:26:06,0e0,+9.021700E+01,+1.000000E-03,+9.910000E+37,+2.687822E+02,+3.584400E+04,+8.904756E+01,+1.000000E-03,+9.910000E+37,+2.688535E+02,+3.584400E+04,+8.811949E+01,+1.000000E-03,+9.910000E+37,+2.689199E+02,+3.584400E+04,-3.458811E-02,+0.000000E+00,+9.910000E+37,+2.689873E+02,+3.584400E+04
12:26:06,0e0,+9.484357E+01,+1.116000E-03,+9.910000E+37,+2.692148E+02,+3.584400E+04,+9.343588E+01,+1.116000E-03,+9.910000E+37,+2.692871E+02,+3.584400E+04,+9.234328E+01,+1.116000E-03,+9.910000E+37,+2.693525E+02,+3.584400E+04,-7.843596E-02,+0.000000E+00,+9.910000E+37,+2.694189E+02,+3.584400E+04
12:26:06,0e0,+9.920116E+01,+1.245000E-03,+9.910000E+37,+2.696357E+02,+3.584400E+04,+9.766430E+01,+1.245000E-03,+9.910000E+37,+2.697021E+02,+3.584400E+04,+9.638359E+01,+1.245000E-03,+9.910000E+37,+2.697676E+02,+3.584400E+04,-7.593185E-02,+0.000000E+00,+9.910000E+37,+2.698340E+02,+3.584400E+04
12:26:06,0e0,+1.034232E+02,+1.389500E-03,+9.910000E+37,+2.700498E+02,+3.584400E+04,+1.016358E+02,+1.389500E-03,+9.910000E+37,+2.701152E+02,+3.584400E+04,+1.001642E+02,+1.389500E-03,+9.910000E+37,+2.701826E+02,+3.584400E+04,-7.520340E-02,+0.000000E+00,+9.910000E+37,+2.702490E+02,+3.584400E+04
12:26:06,0e0,+1.074417E+02,+1.550500E-03,+9.910000E+37,+2.704707E+02,+3.584400E+04,+1.053696E+02,+1.550500E-03,+9.910000E+37,+2.705381E+02,+3.584400E+04,+1.036797E+02,+1.550500E-03,+9.910000E+37,+2.706035E+02,+3.584400E+04,-7.324551E-02,+0.000000E+00,+9.910000E+37,+2.706709E+02,+3.584400E+04
12:26:06,0e0,+1.110967E+02,+1.730000E-03,+9.910000E+37,+2.708906E+02,+3.584400E+04,+1.087196E+02,+1.730000E-03,+9.910000E+37,+2.709580E+02,+3.584400E+04,+1.068004E+02,+1.730000E-03,+9.910000E+37,+2.710234E+02,+3.584400E+04,-7.014929E-02,+0.000000E+00,+9.910000E+37,+2.710908E+02,+3.584400E+04
12:26:06,0e0,+1.144235E+02,+1.930500E-03,+9.910000E+37,+2.713135E+02,+3.584400E+04,+1.117290E+02,+1.930500E-03,+9.910000E+37,+2.713809E+02,+3.584400E+04,+1.095589E+02,+1.930500E-03,+9.910000E+37,+2.714463E+02,+3.584400E+04,-7.024017E-02,+0.000000E+00,+9.910000E+37,+2.715137E+02,+3.584400E+04
12:26:06,0e0,+1.173508E+02,+2.154500E-03,+9.910000E+37,+2.717344E+02,+3.584400E+04,+1.143257E+02,+2.154500E-03,+9.910000E+37,+2.717998E+02,+3.584400E+04,+1.118936E+02,+2.154500E-03,+9.910000E+37,+2.718662E+02,+3.584400E+04,-6.486724E-02,+0.000000E+00,+9.910000E+37,+2.719336E+02,+3.584400E+04
12:26:06,0e0,+1.198673E+02,+2.404000E-03,+9.910000E+37,+2.721523E+02,+3.584400E+04,+1.164920E+02,+2.404000E-03,+9.910000E+37,+2.722188E+02,+3.584400E+04,+1.137870E+02,+2.404000E-03,+9.910000E+37,+2.722861E+02,+3.584400E+04,-6.413868E-02,+0.000000E+00,+9.910000E+37,+2.723516E+02,+3.584400E+04
12:26:06,0e0,+1.220049E+02,+2.682500E-03,+9.910000E+37,+2.725742E+02,+3.584400E+04,+1.182387E+02,+2.682500E-03,+9.910000E+37,+2.726416E+02,+3.584400E+04,+1.152341E+02,+2.682500E-03,+9.910000E+37,+2.727070E+02,+3.584400E+04,-5.976780E-02,+0.000000E+00,+9.910000E+37,+2.727734E+02,+3.584400E+04
12:26:06,0e0,+1.237017E+02,+2.993500E-03,+9.910000E+37,+2.729941E+02,+3.584400E+04,+1.195239E+02,+2.993500E-03,+9.910000E+37,+2.730605E+02,+3.584400E+04,+1.161936E+02,+2.993500E-03,+9.910000E+37,+2.731270E+02,+3.584400E+04,-5.831096E-02,+0.000000E+00,+9.910000E+37,+2.731943E+02,+3.584400E+04
12:26:06,0e0,+1.249658E+02,+3.340500E-03,+9.910000E+37,+2.734141E+02,+3.584400E+04,+1.203453E+02,+3.340500E-03,+9.910000E+37,+2.734814E+02,+3.584400E+04,+1.166607E+02,+3.340500E-03,+9.910000E+37,+2.735469E+02,+3.584400E+04,-5.521464E-02,+0.000000E+00,+9.910000E+37,+2.736143E+02,+3.584400E+04
12:26:06,0e0,+1.258813E+02,+3.727500E-03,+9.910000E+37,+2.738369E+02,+3.584400E+04,+1.207320E+02,+3.727500E-03,+9.910000E+37,+2.739033E+02,+3.584400E+04,+1.166441E+02,+3.727500E-03,+9.910000E+37,+2.739707E+02,+3.584400E+04,-5.189075E-02,+0.000000E+00,+9.910000E+37,+2.740381E+02,+3.584400E+04
12:26:06,0e0,+1.262867E+02,+4.159500E-03,+9.910000E+37,+2.742568E+02,+3.584400E+04,+1.205817E+02,+4.159500E-03,+9.910000E+37,+2.743232E+02,+3.584400E+04,+1.160669E+02,+4.159500E-03,+9.910000E+37,+2.743906E+02,+3.584400E+04,-5.020598E-02,+0.000000E+00,+9.910000E+37,+2.744561E+02,+3.584400E+04
12:26:06,0e0,+1.263248E+02,+4.641500E-03,+9.910000E+37,+2.746777E+02,+3.584400E+04,+1.199520E+02,+4.641500E-03,+9.910000E+37,+2.747441E+02,+3.584400E+04,+1.149587E+02,+4.641500E-03,+9.910000E+37,+2.748096E+02,+3.584400E+04,-4.669979E-02,+0.000000E+00,+9.910000E+37,+2.748760E+02,+3.584400E+04
12:26:06,0e0,+1.259185E+02,+5.179500E-03,+9.910000E+37,+2.750977E+02,+3.584400E+04,+1.188049E+02,+5.179500E-03,+9.910000E+37,+2.751641E+02,+3.584400E+04,+1.132740E+02,+5.179500E-03,+9.910000E+37,+2.752314E+02,+3.584400E+04,-4.537936E-02,+0.000000E+00,+9.910000E+37,+2.752969E+02,+3.584400E+04
12:26:06,0e0,+1.250233E+02,+5.779500E-03,+9.910000E+37,+2.755186E+02,+3.584400E+04,+1.170521E+02,+5.779500E-03,+9.910000E+37,+2.755859E+02,+3.584400E+04,+1.109691E+02,+5.779500E-03,+9.910000E+37,+2.756514E+02,+3.584400E+04,-4.191896E-02,+0.000000E+00,+9.910000E+37,+2.757178E+02,+3.584400E+04
12:26:06,0e0,+1.236455E+02,+6.449500E-03,+9.910000E+37,+2.759385E+02,+3.584400E+04,+1.147609E+02,+6.449500E-03,+9.910000E+37,+2.760059E+02,+3.584400E+04,+1.081022E+02,+6.449500E-03,+9.910000E+37,+2.760713E+02,+3.584400E+04,-4.146367E-02,+0.000000E+00,+9.910000E+37,+2.761387E+02,+3.584400E+04
12:26:06,0e0,+1.218161E+02,+7.197000E-03,+9.910000E+37,+2.763604E+02,+3.584400E+04,+1.119175E+02,+7.197000E-03,+9.910000E+37,+2.764277E+02,+3.584400E+04,+1.046822E+02,+7.197000E-03,+9.910000E+37,+2.764932E+02,+3.584400E+04,-3.845845E-02,+0.000000E+00,+9.910000E+37,+2.765605E+02,+3.584400E+04
12:26:06,0e0,+1.194582E+02,+8.031000E-03,+9.910000E+37,+2.767812E+02,+3.584400E+04,+1.085453E+02,+8.031000E-03,+9.910000E+37,+2.768467E+02,+3.584400E+04,+1.007535E+02,+8.031000E-03,+9.910000E+37,+2.769131E+02,+3.584400E+04,-3.859507E-02,+0.000000E+00,+9.910000E+37,+2.769795E+02,+3.584400E+04
12:26:06,0e0,+1.166803E+02,+8.961500E-03,+9.910000E+37,+2.772021E+02,+3.584400E+04,+1.046478E+02,+8.961500E-03,+9.910000E+37,+2.772695E+02,+3.584400E+04,+9.637475E+01,+8.961500E-03,+9.910000E+37,+2.773350E+02,+3.584400E+04,-3.727470E-02,+0.000000E+00,+9.910000E+37,+2.774014E+02,+3.584400E+04
