12:41:46,0e0,+3.148273E-03,+1.000000E-07,+9.910000E+37,+4.269199E+02,+3.584400E+04,+2.829775E-03,+1.000000E-07,+9.910000E+37,+4.269863E+02,+3.584400E+04,+2.283111E-03,+1.000000E-07,+9.910000E+37,+4.270537E+02,+3.584400E+04,-1.210429E-02,+0.000000E+00,+9.910000E+37,+4.271201E+02,+3.584400E+04
12:41:46,0e0,+3.512427E-03,+1.116000E-07,+9.910000E+37,+4.273457E+02,+3.584400E+04,+4.104242E-03,+1.116000E-07,+9.910000E+37,+4.274131E+02,+3.584400E+04,+4.514277E-03,+1.116000E-07,+9.910000E+37,+4.274785E+02,+3.584400E+04,-1.246873E-02,+0.000000E+00,+9.910000E+37,+4.275449E+02,+3.584400E+04
12:41:46,0e0,+7.155046E-03,+1.245000E-07,+9.910000E+37,+4.277637E+02,+3.584400E+04,+5.652100E-03,+1.245000E-07,+9.910000E+37,+4.278311E+02,+3.584400E+04,+5.834788E-03,+1.245000E-07,+9.910000E+37,+4.278975E+02,+3.584400E+04,-1.242317E-02,+0.000000E+00,+9.910000E+37,+4.279639E+02,+3.584400E+04
12:41:46,0e0,+8.247286E-03,+1.389500E-07,+9.910000E+37,+4.281875E+02,+3.584400E+04,+8.930638E-03,+1.389500E-07,+9.910000E+37,+4.282539E+02,+3.584400E+04,+7.701039E-03,+1.389500E-07,+9.910000E+37,+4.283203E+02,+3.584400E+04,-1.169491E-02,+0.000000E+00,+9.910000E+37,+4.283877E+02,+3.584400E+04
12:41:46,0e0,+1.143448E-02,+1.550500E-07,+9.910000E+37,+4.286094E+02,+3.584400E+04,+1.157142E-02,+1.550500E-07,+9.910000E+37,+4.286758E+02,+3.584400E+04,+1.239069E-02,+1.550500E-07,+9.910000E+37,+4.287432E+02,+3.584400E+04,-1.251440E-02,+0.000000E+00,+9.910000E+37,+4.288086E+02,+3.584400E+04
12:41:46,0e0,+1.325589E-02,+1.730000E-07,+9.910000E+37,+4.290381E+02,+3.584400E+04,+1.216285E-02,+1.730000E-07,+9.910000E+37,+4.291045E+02,+3.584400E+04,+1.375687E-02,+1.730000E-07,+9.910000E+37,+4.291719E+02,+3.584400E+04,-1.287889E-02,+0.000000E+00,+9.910000E+37,+4.292383E+02,+3.584400E+04
12:41:46,0e0,+1.726250E-02,+1.930500E-07,+9.910000E+37,+4.294609E+02,+3.584400E+04,+1.667066E-02,+1.930500E-07,+9.910000E+37,+4.295273E+02,+3.584400E+04,+1.612407E-02,+1.930500E-07,+9.910000E+37,+4.295947E+02,+3.584400E+04,-1.214965E-02,+0.000000E+00,+9.910000E+37,+4.296621E+02,+3.584400E+04
12:41:46,0e0,+2.049546E-02,+2.154500E-07,+9.910000E+37,+4.298828E+02,+3.584400E+04,+1.985770E-02,+2.154500E-07,+9.910000E+37,+4.299492E+02,+3.584400E+04,+1.949359E-02,+2.154500E-07,+9.910000E+37,+4.300166E+02,+3.584400E+04,-1.246892E-02,+0.000000E+00,+9.910000E+37,+4.300840E+02,+3.584400E+04
12:41:46,0e0,+2.336372E-02,+2.404000E-07,+9.910000E+37,+4.303057E+02,+3.584400E+04,+2.331825E-02,+2.404000E-07,+9.910000E+37,+4.303721E+02,+3.584400E+04,+2.473003E-02,+2.404000E-07,+9.910000E+37,+4.304385E+02,+3.584400E+04,-1.328857E-02,+0.000000E+00,+9.910000E+37,+4.305059E+02,+3.584400E+04
12:41:46,0e0,+2.714276E-02,+2.682500E-07,+9.910000E+37,+4.307256E+02,+3.584400E+04,+2.818978E-02,+2.682500E-07,+9.910000E+37,+4.307930E+02,+3.584400E+04,+2.632308E-02,+2.682500E-07,+9.910000E+37,+4.308604E+02,+3.584400E+04,-1.196784E-02,+0.000000E+00,+9.910000E+37,+4.309258E+02,+3.584400E+04
12:41:46,0e0,+3.201464E-02,+2.993500E-07,+9.910000E+37,+4.311465E+02,+3.584400E+04,+3.160459E-02,+2.993500E-07,+9.910000E+37,+4.312129E+02,+3.584400E+04,+3.306177E-02,+2.993500E-07,+9.910000E+37,+4.312793E+02,+3.584400E+04,-1.214987E-02,+0.000000E+00,+9.910000E+37,+4.313467E+02,+3.584400E+04
12:41:46,0e0,+3.797963E-02,+3.340500E-07,+9.910000E+37,+4.315693E+02,+3.584400E+04,+3.852540E-02,+3.340500E-07,+9.910000E+37,+4.316348E+02,+3.584400E+04,+3.766081E-02,+3.340500E-07,+9.910000E+37,+4.317021E+02,+3.584400E+04,-1.178579E-02,+0.000000E+00,+9.910000E+37,+4.317686E+02,+3.584400E+04
12:41:46,0e0,+4.367095E-02,+3.727500E-07,+9.910000E+37,+4.319893E+02,+3.584400E+04,+4.371586E-02,+3.727500E-07,+9.910000E+37,+4.320566E+02,+3.584400E+04,+4.362500E-02,+3.727500E-07,+9.910000E+37,+4.321240E+02,+3.584400E+04,-1.265095E-02,+0.000000E+00,+9.910000E+37,+4.321895E+02,+3.584400E+04
12:41:46,0e0,+4.977128E-02,+4.159500E-07,+9.910000E+37,+4.324092E+02,+3.584400E+04,+5.095598E-02,+4.159500E-07,+9.910000E+37,+4.324746E+02,+3.584400E+04,+5.027264E-02,+4.159500E-07,+9.910000E+37,+4.325410E+02,+3.584400E+04,-1.319765E-02,+0.000000E+00,+9.910000E+37,+4.326074E+02,+3.584400E+04
12:41:46,0e0,+5.778533E-02,+4.641500E-07,+9.910000E+37,+4.328350E+02,+3.584400E+04,+5.687380E-02,+4.641500E-07,+9.910000E+37,+4.329004E+02,+3.584400E+04,+5.751172E-02,+4.641500E-07,+9.910000E+37,+4.329678E+02,+3.584400E+04,-1.160389E-02,+0.000000E+00,+9.910000E+37,+4.330332E+02,+3.584400E+04
12:41:46,0e0,+6.534356E-02,+5.179500E-07,+9.910000E+37,+4.332539E+02,+3.584400E+04,+6.561622E-02,+5.179500E-07,+9.910000E+37,+4.333213E+02,+3.584400E+04,+6.634510E-02,+5.179500E-07,+9.910000E+37,+4.333887E+02,+3.584400E+04,-1.251455E-02,+0.000000E+00,+9.910000E+37,+4.334541E+02,+3.584400E+04
12:41:46,0e0,+7.517797E-02,+5.779500E-07,+9.910000E+37,+4.336846E+02,+3.584400E+04,+7.417575E-02,+5.779500E-07,+9.910000E+37,+4.337510E+02,+3.584400E+04,+7.495028E-02,+5.779500E-07,+9.910000E+37,+4.338184E+02,+3.584400E+04,-1.155822E-02,+0.000000E+00,+9.910000E+37,+4.338838E+02,+3.584400E+04
12:41:46,0e0,+8.473924E-02,+6.449500E-07,+9.910000E+37,+4.341094E+02,+3.584400E+04,+8.615071E-02,+6.449500E-07,+9.910000E+37,+4.341768E+02,+3.584400E+04,+8.537668E-02,+6.449500E-07,+9.910000E+37,+4.342422E+02,+3.584400E+04,-1.069321E-02,+0.000000E+00,+9.910000E+37,+4.343096E+02,+3.584400E+04
12:41:46,0e0,+9.639487E-02,+7.197000E-07,+9.910000E+37,+4.345342E+02,+3.584400E+04,+9.507421E-02,+7.197000E-07,+9.910000E+37,+4.346016E+02,+3.584400E+04,+9.548384E-02,+7.197000E-07,+9.910000E+37,+4.346680E+02,+3.584400E+04,-1.233241E-02,+0.000000E+00,+9.910000E+37,+4.347344E+02,+3.584400E+04
12:41:46,0e0,+1.088250E-01,+8.031000E-07,+9.910000E+37,+4.349551E+02,+3.584400E+04,+1.085977E-01,+8.031000E-07,+9.910000E+37,+4.350215E+02,+3.584400E+04,+1.082783E-01,+8.031000E-07,+9.910000E+37,+4.350879E+02,+3.584400E+04,-1.183167E-02,+0.000000E+00,+9.910000E+37,+4.351553E+02,+3.584400E+04
12:41:46,0e0,+1.222564E-01,+8.961500E-07,+9.910000E+37,+4.353760E+02,+3.584400E+04,+1.228030E-01,+8.961500E-07,+9.910000E+37,+4.354424E+02,+3.584400E+04,+1.220740E-01,+8.961500E-07,+9.910000E+37,+4.355098E+02,+3.584400E+04,-1.055656E-02,+0.000000E+00,+9.910000E+37,+4.355762E+02,+3.584400E+04
12:41:46,0e0,+1.381012E-01,+1.000000E-06,+9.910000E+37,+4.357939E+02,+3.584400E+04,+1.373265E-01,+1.000000E-06,+9.910000E+37,+4.358604E+02,+3.584400E+04,+1.376911E-01,+1.000000E-06,+9.910000E+37,+4.359277E+02,+3.584400E+04,-1.256020E-02,+0.000000E+00,+9.910000E+37,+4.359941E+02,+3.584400E+04
12:41:46,0e0,+1.423351E-01,+1.116000E-06,+9.910000E+37,+4.362168E+02,+3.584400E+04,+1.430181E-01,+1.116000E-06,+9.910000E+37,+4.362832E+02,+3.584400E+04,+1.431094E-01,+1.116000E-06,+9.910000E+37,+4.363506E+02,+3.584400E+04,-1.224138E-02,+0.000000E+00,+9.910000E+37,+4.364170E+02,+3.584400E+04
12:41:46,0e0,+1.612764E-01,+1.245000E-06,+9.910000E+37,+4.366377E+02,+3.584400E+04,+1.618229E-01,+1.245000E-06,+9.910000E+37,+4.367041E+02,+3.584400E+04,+1.611395E-01,+1.245000E-06,+9.910000E+37,+4.367705E+02,+3.584400E+04,-1.001002E-02,+0.000000E+00,+9.910000E+37,+4.368369E+02,+3.584400E+04
12:41:46,0e0,+1.813101E-01,+1.389500E-06,+9.910000E+37,+4.370596E+02,+3.584400E+04,+1.813100E-01,+1.389500E-06,+9.910000E+37,+4.371270E+02,+3.584400E+04,+1.813558E-01,+1.389500E-06,+9.910000E+37,+4.371924E+02,+3.584400E+04,-1.069303E-02,+0.000000E+00,+9.910000E+37,+4.372598E+02,+3.584400E+04
12:41:46,0e0,+2.026177E-01,+1.550500E-06,+9.910000E+37,+4.374785E+02,+3.584400E+04,+2.023447E-01,+1.550500E-06,+9.910000E+37,+4.375449E+02,+3.584400E+04,+2.017981E-01,+1.550500E-06,+9.910000E+37,+4.376113E+02,+3.584400E+04,-1.174077E-02,+0.000000E+00,+9.910000E+37,+4.376787E+02,+3.584400E+04
12:41:46,0e0,+2.271591E-01,+1.730000E-06,+9.910000E+37,+4.379014E+02,+3.584400E+04,+2.277051E-01,+1.730000E-06,+9.910000E+37,+4.379688E+02,+3.584400E+04,+2.265669E-01,+1.730000E-06,+9.910000E+37,+4.380342E+02,+3.584400E+04,-1.233265E-02,+0.000000E+00,+9.910000E+37,+4.381016E+02,+3.584400E+04
12:41:46,0e0,+2.540675E-01,+1.930500E-06,+9.910000E+37,+4.383223E+02,+3.584400E+04,+2.552064E-01,+1.930500E-06,+9.910000E+37,+4.383877E+02,+3.584400E+04,+2.543867E-01,+1.930500E-06,+9.910000E+37,+4.384551E+02,+3.584400E+04,-1.183185E-02,+0.000000E+00,+9.910000E+37,+4.385205E+02,+3.584400E+04
12:41:46,0e0,+2.855289E-01,+2.154500E-06,+9.910000E+37,+4.387441E+02,+3.584400E+04,+2.849834E-01,+2.154500E-06,+9.910000E+37,+4.388115E+02,+3.584400E+04,+2.835256E-01,+2.154500E-06,+9.910000E+37,+4.388770E+02,+3.584400E+04,-1.260591E-02,+0.000000E+00,+9.910000E+37,+4.389443E+02,+3.584400E+04
12:41:46,0e0,+3.173552E-01,+2.404000E-06,+9.910000E+37,+4.391641E+02,+3.584400E+04,+3.184025E-01,+2.404000E-06,+9.910000E+37,+4.392305E+02,+3.584400E+04,+3.181298E-01,+2.404000E-06,+9.910000E+37,+4.392969E+02,+3.584400E+04,-1.224160E-02,+0.000000E+00,+9.910000E+37,+4.393643E+02,+3.584400E+04
12:41:46,0e0,+3.558293E-01,+2.682500E-06,+9.910000E+37,+4.395879E+02,+3.584400E+04,+3.556014E-01,+2.682500E-06,+9.910000E+37,+4.396543E+02,+3.584400E+04,+3.554649E-01,+2.682500E-06,+9.910000E+37,+4.397207E+02,+3.584400E+04,-1.073895E-02,+0.000000E+00,+9.910000E+37,+4.397881E+02,+3.584400E+04
12:41:46,0e0,+3.972169E-01,+2.993500E-06,+9.910000E+37,+4.400068E+02,+3.584400E+04,+3.956220E-01,+2.993500E-06,+9.910000E+37,+4.400732E+02,+3.584400E+04,+3.977174E-01,+2.993500E-06,+9.910000E+37,+4.401396E+02,+3.584400E+04,-1.133111E-02,+0.000000E+00,+9.910000E+37,+4.402070E+02,+3.584400E+04
12:41:46,0e0,+4.619148E-01,+3.340500E-06,+9.910000E+37,+4.404297E+02,+3.584400E+04,+4.447044E-01,+3.340500E-06,+9.910000E+37,+4.404971E+02,+3.584400E+04,+4.435216E-01,+3.340500E-06,+9.910000E+37,+4.405625E+02,+3.584400E+04,-1.037447E-02,+0.000000E+00,+9.910000E+37,+4.406299E+02,+3.584400E+04
12:41:46,0e0,+4.948334E-01,+3.727500E-06,+9.910000E+37,+4.408555E+02,+3.584400E+04,+4.951527E-01,+3.727500E-06,+9.910000E+37,+4.409219E+02,+3.584400E+04,+4.952890E-01,+3.727500E-06,+9.910000E+37,+4.409883E+02,+3.584400E+04,-1.137640E-02,+0.000000E+00,+9.910000E+37,+4.410557E+02,+3.584400E+04
12:41:46,0e0,+5.527940E-01,+4.159500E-06,+9.910000E+37,+4.412773E+02,+3.584400E+04,+5.518394E-01,+4.159500E-06,+9.910000E+37,+4.413447E+02,+3.584400E+04,+5.523407E-01,+4.159500E-06,+9.910000E+37,+4.414102E+02,+3.584400E+04,-1.201417E-02,+0.000000E+00,+9.910000E+37,+4.414766E+02,+3.584400E+04
12:41:46,0e0,+6.166751E-01,+4.641500E-06,+9.910000E+37,+4.416973E+02,+3.584400E+04,+6.170379E-01,+4.641500E-06,+9.910000E+37,+4.417646E+02,+3.584400E+04,+6.175836E-01,+4.641500E-06,+9.910000E+37,+4.418311E+02,+3.584400E+04,-1.128501E-02,+0.000000E+00,+9.910000E+37,+4.418984E+02,+3.584400E+04
12:41:46,0e0,+8.996459E-01,+5.179500E-06,+9.910000E+37,+4.421182E+02,+3.584400E+04,+9.921660E-01,+5.179500E-06,+9.910000E+37,+4.421846E+02,+3.584400E+04,+7.984776E-01,+5.179500E-06,+9.910000E+37,+4.422510E+02,+3.584400E+04,-4.865333E-03,+0.000000E+00,+9.910000E+37,+4.423174E+02,+3.584400E+04
12:41:46,0e0,+7.878689E-01,+5.779500E-06,+9.910000E+37,+4.425449E+02,+3.584400E+04,+8.961879E-01,+5.779500E-06,+9.910000E+37,+4.426113E+02,+3.584400E+04,+1.742696E+00,+5.779500E-06,+9.910000E+37,+4.426777E+02,+3.584400E+04,-1.652156E-02,+0.000000E+00,+9.910000E+37,+4.427432E+02,+3.584400E+04
12:41:46,0e0,+1.167412E+00,+6.449500E-06,+9.910000E+37,+4.429639E+02,+3.584400E+04,+8.863066E-01,+6.449500E-06,+9.910000E+37,+4.430303E+02,+3.584400E+04,+8.948672E-01,+6.449500E-06,+9.910000E+37,+4.430967E+02,+3.584400E+04,-1.228675E-02,+0.000000E+00,+9.910000E+37,+4.431631E+02,+3.584400E+04
12:41:46,0e0,+1.372394E+00,+7.197000E-06,+9.910000E+37,+4.433828E+02,+3.584400E+04,+1.341157E+00,+7.197000E-06,+9.910000E+37,+4.434502E+02,+3.584400E+04,+1.415919E+00,+7.197000E-06,+9.910000E+37,+4.435166E+02,+3.584400E+04,-1.287915E-02,+0.000000E+00,+9.910000E+37,+4.435840E+02,+3.584400E+04
12:41:46,0e0,+1.066928E+00,+8.031000E-06,+9.910000E+37,+4.438047E+02,+3.584400E+04,+1.061419E+00,+8.031000E-06,+9.910000E+37,+4.438721E+02,+3.584400E+04,+1.061145E+00,+8.031000E-06,+9.910000E+37,+4.439385E+02,+3.584400E+04,-1.014709E-02,+0.000000E+00,+9.910000E+37,+4.440059E+02,+3.584400E+04
12:41:46,0e0,+1.182302E+00,+8.961500E-06,+9.910000E+37,+4.442285E+02,+3.584400E+04,+1.184124E+00,+8.961500E-06,+9.910000E+37,+4.442949E+02,+3.584400E+04,+1.181936E+00,+8.961500E-06,+9.910000E+37,+4.443623E+02,+3.584400E+04,-1.174067E-02,+0.000000E+00,+9.910000E+37,+4.444297E+02,+3.584400E+04
12:41:46,0e0,+1.318257E+00,+1.000000E-05,+9.910000E+37,+4.446445E+02,+3.584400E+04,+1.318302E+00,+1.000000E-05,+9.910000E+37,+4.447119E+02,+3.584400E+04,+1.318986E+00,+1.000000E-05,+9.910000E+37,+4.447793E+02,+3.584400E+04,-1.160417E-02,+0.000000E+00,+9.910000E+37,+4.448447E+02,+3.584400E+04
12:41:46,0e0,+1.457536E+00,+1.116000E-05,+9.910000E+37,+4.450586E+02,+3.584400E+04,+1.457171E+00,+1.116000E-05,+9.910000E+37,+4.451250E+02,+3.584400E+04,+1.456943E+00,+1.116000E-05,+9.910000E+37,+4.451924E+02,+3.584400E+04,-1.283377E-02,+0.000000E+00,+9.910000E+37,+4.452588E+02,+3.584400E+04
12:41:46,0e0,+1.624270E+00,+1.245000E-05,+9.910000E+37,+4.454756E+02,+3.584400E+04,+1.624268E+00,+1.245000E-05,+9.910000E+37,+4.455420E+02,+3.584400E+04,+1.623085E+00,+1.245000E-05,+9.910000E+37,+4.456084E+02,+3.584400E+04,-1.178578E-02,+0.000000E+00,+9.910000E+37,+4.456748E+02,+3.584400E+04
12:41:46,0e0,+1.810765E+00,+1.389500E-05,+9.910000E+37,+4.458926E+02,+3.584400E+04,+1.809394E+00,+1.389500E-05,+9.910000E+37,+4.459590E+02,+3.584400E+04,+1.809898E+00,+1.389500E-05,+9.910000E+37,+4.460264E+02,+3.584400E+04,-1.269689E-02,+0.000000E+00,+9.910000E+37,+4.460918E+02,+3.584400E+04
12:41:46,0e0,+2.016701E+00,+1.550500E-05,+9.910000E+37,+4.463096E+02,+3.584400E+04,+2.018292E+00,+1.550500E-05,+9.910000E+37,+4.463770E+02,+3.584400E+04,+2.015467E+00,+1.550500E-05,+9.910000E+37,+4.464434E+02,+3.584400E+04,-1.265109E-02,+0.000000E+00,+9.910000E+37,+4.465107E+02,+3.584400E+04
12:41:46,0e0,+2.246035E+00,+1.730000E-05,+9.910000E+37,+4.467295E+02,+3.584400E+04,+2.246311E+00,+1.730000E-05,+9.910000E+37,+4.467969E+02,+3.584400E+04,+2.246859E+00,+1.730000E-05,+9.910000E+37,+4.468623E+02,+3.584400E+04,-1.265140E-02,+0.000000E+00,+9.910000E+37,+4.469326E+02,+3.584400E+04
12:41:46,0e0,+2.501142E+00,+1.930500E-05,+9.910000E+37,+4.471523E+02,+3.584400E+04,+2.501686E+00,+1.930500E-05,+9.910000E+37,+4.472188E+02,+3.584400E+04,+2.503286E+00,+1.930500E-05,+9.910000E+37,+4.472861E+02,+3.584400E+04,-1.160383E-02,+0.000000E+00,+9.910000E+37,+4.473555E+02,+3.584400E+04
12:41:46,0e0,+2.800459E+00,+2.154500E-05,+9.910000E+37,+4.475742E+02,+3.584400E+04,+2.833104E+00,+2.154500E-05,+9.910000E+37,+4.476406E+02,+3.584400E+04,+3.000659E+00,+2.154500E-05,+9.910000E+37,+4.477080E+02,+3.584400E+04,-1.342554E-02,+0.000000E+00,+9.910000E+37,+4.477783E+02,+3.584400E+04
12:41:46,0e0,+3.104795E+00,+2.404000E-05,+9.910000E+37,+4.479902E+02,+3.584400E+04,+3.105970E+00,+2.404000E-05,+9.910000E+37,+4.480566E+02,+3.584400E+04,+3.108795E+00,+2.404000E-05,+9.910000E+37,+4.481240E+02,+3.584400E+04,-1.215042E-02,+0.000000E+00,+9.910000E+37,+4.481895E+02,+3.584400E+04
12:41:46,0e0,+3.456335E+00,+2.682500E-05,+9.910000E+37,+4.484043E+02,+3.584400E+04,+3.457929E+00,+2.682500E-05,+9.910000E+37,+4.484707E+02,+3.584400E+04,+3.457925E+00,+2.682500E-05,+9.910000E+37,+4.485381E+02,+3.584400E+04,-1.242344E-02,+0.000000E+00,+9.910000E+37,+4.486035E+02,+3.584400E+04
12:41:46,0e0,+3.849718E+00,+2.993500E-05,+9.910000E+37,+4.488184E+02,+3.584400E+04,+3.849535E+00,+2.993500E-05,+9.910000E+37,+4.488848E+02,+3.584400E+04,+3.883496E+00,+2.993500E-05,+9.910000E+37,+4.489521E+02,+3.584400E+04,-1.224171E-02,+0.000000E+00,+9.910000E+37,+4.490176E+02,+3.584400E+04
12:41:46,0e0,+4.286538E+00,+3.340500E-05,+9.910000E+37,+4.492344E+02,+3.584400E+04,+4.286355E+00,+3.340500E-05,+9.910000E+37,+4.493008E+02,+3.584400E+04,+4.286998E+00,+3.340500E-05,+9.910000E+37,+4.493672E+02,+3.584400E+04,-1.224187E-02,+0.000000E+00,+9.910000E+37,+4.494336E+02,+3.584400E+04
12:41:46,0e0,+4.772256E+00,+3.727500E-05,+9.910000E+37,+4.496504E+02,+3.584400E+04,+4.772114E+00,+3.727500E-05,+9.910000E+37,+4.497168E+02,+3.584400E+04,+4.772856E+00,+3.727500E-05,+9.910000E+37,+4.497832E+02,+3.584400E+04,-1.124007E-02,+0.000000E+00,+9.910000E+37,+4.498496E+02,+3.584400E+04
12:41:46,0e0,+5.312835E+00,+4.159500E-05,+9.910000E+37,+4.500664E+02,+3.584400E+04,+5.313519E+00,+4.159500E-05,+9.910000E+37,+4.501328E+02,+3.584400E+04,+5.312477E+00,+4.159500E-05,+9.910000E+37,+4.501992E+02,+3.584400E+04,-1.133052E-02,+0.000000E+00,+9.910000E+37,+4.502656E+02,+3.584400E+04
12:41:46,0e0,+5.916811E+00,+4.641500E-05,+9.910000E+37,+4.504854E+02,+3.584400E+04,+5.916800E+00,+4.641500E-05,+9.910000E+37,+4.505527E+02,+3.584400E+04,+5.919357E+00,+4.641500E-05,+9.910000E+37,+4.506182E+02,+3.584400E+04,-1.201369E-02,+0.000000E+00,+9.910000E+37,+4.506885E+02,+3.584400E+04
12:41:46,0e0,+6.590242E+00,+5.179500E-05,+9.910000E+37,+4.509072E+02,+3.584400E+04,+6.588830E+00,+5.179500E-05,+9.910000E+37,+4.509746E+02,+3.584400E+04,+6.589308E+00,+5.179500E-05,+9.910000E+37,+4.510400E+02,+3.584400E+04,-1.119396E-02,+0.000000E+00,+9.910000E+37,+4.511123E+02,+3.584400E+04
12:41:46,0e0,+7.338543E+00,+5.779500E-05,+9.910000E+37,+4.513242E+02,+3.584400E+04,+7.339459E+00,+5.779500E-05,+9.910000E+37,+4.513896E+02,+3.584400E+04,+7.339327E+00,+5.779500E-05,+9.910000E+37,+4.514570E+02,+3.584400E+04,-1.183160E-02,+0.000000E+00,+9.910000E+37,+4.515225E+02,+3.584400E+04
12:41:46,0e0,+8.177058E+00,+6.449500E-05,+9.910000E+37,+4.517393E+02,+3.584400E+04,+8.177412E+00,+6.449500E-05,+9.910000E+37,+4.518057E+02,+3.584400E+04,+8.178014E+00,+6.449500E-05,+9.910000E+37,+4.518721E+02,+3.584400E+04,-1.174045E-02,+0.000000E+00,+9.910000E+37,+4.519395E+02,+3.584400E+04
12:41:46,0e0,+9.112011E+00,+7.197000E-05,+9.910000E+37,+4.521572E+02,+3.584400E+04,+9.112298E+00,+7.197000E-05,+9.910000E+37,+4.522246E+02,+3.584400E+04,+9.109955E+00,+7.197000E-05,+9.910000E+37,+4.522900E+02,+3.584400E+04,-1.046555E-02,+0.000000E+00,+9.910000E+37,+4.523564E+02,+3.584400E+04
12:41:46,0e0,+1.015749E+01,+8.031000E-05,+9.910000E+37,+4.525723E+02,+3.584400E+04,+1.015810E+01,+8.031000E-05,+9.910000E+37,+4.526396E+02,+3.584400E+04,+1.015590E+01,+8.031000E-05,+9.910000E+37,+4.527061E+02,+3.584400E+04,-1.210493E-02,+0.000000E+00,+9.910000E+37,+4.527725E+02,+3.584400E+04
12:41:46,0e0,+1.132602E+01,+8.961500E-05,+9.910000E+37,+4.529893E+02,+3.584400E+04,+1.132515E+01,+8.961500E-05,+9.910000E+37,+4.530547E+02,+3.584400E+04,+1.132339E+01,+8.961500E-05,+9.910000E+37,+4.531211E+02,+3.584400E+04,-1.260613E-02,+0.000000E+00,+9.910000E+37,+4.531885E+02,+3.584400E+04
12:41:46,0e0,+1.263464E+01,+1.000000E-04,+9.910000E+37,+4.534004E+02,+3.584400E+04,+1.263269E+01,+1.000000E-04,+9.910000E+37,+4.534668E+02,+3.584400E+04,+1.262969E+01,+1.000000E-04,+9.910000E+37,+4.535342E+02,+3.584400E+04,-1.073900E-02,+0.000000E+00,+9.910000E+37,+4.536016E+02,+3.584400E+04
12:41:46,0e0,+1.408186E+01,+1.116000E-04,+9.910000E+37,+4.538174E+02,+3.584400E+04,+1.408091E+01,+1.116000E-04,+9.910000E+37,+4.538887E+02,+3.584400E+04,+1.407638E+01,+1.116000E-04,+9.910000E+37,+4.539551E+02,+3.584400E+04,-1.538283E-02,+0.000000E+00,+9.910000E+37,+4.540225E+02,+3.584400E+04
12:41:46,0e0,+1.570857E+01,+1.245000E-04,+9.910000E+37,+4.542393E+02,+3.584400E+04,+1.570649E+01,+1.245000E-04,+9.910000E+37,+4.543057E+02,+3.584400E+04,+1.569768E+01,+1.245000E-04,+9.910000E+37,+4.543730E+02,+3.584400E+04,-1.506443E-02,+0.000000E+00,+9.910000E+37,+4.544395E+02,+3.584400E+04
12:41:46,0e0,+1.753331E+01,+1.389500E-04,+9.910000E+37,+4.546602E+02,+3.584400E+04,+1.752715E+01,+1.389500E-04,+9.910000E+37,+4.547275E+02,+3.584400E+04,+1.751921E+01,+1.389500E-04,+9.910000E+37,+4.547939E+02,+3.584400E+04,-1.556520E-02,+0.000000E+00,+9.910000E+37,+4.548604E+02,+3.584400E+04
12:41:46,0e0,+1.956308E+01,+1.550500E-04,+9.910000E+37,+4.550801E+02,+3.584400E+04,+1.955417E+01,+1.550500E-04,+9.910000E+37,+4.551475E+02,+3.584400E+04,+1.954318E+01,+1.550500E-04,+9.910000E+37,+4.552129E+02,+3.584400E+04,-1.574729E-02,+0.000000E+00,+9.910000E+37,+4.552793E+02,+3.584400E+04
12:41:46,0e0,+2.181259E+01,+1.730000E-04,+9.910000E+37,+4.555000E+02,+3.584400E+04,+2.180010E+01,+1.730000E-04,+9.910000E+37,+4.555664E+02,+3.584400E+04,+2.178238E+01,+1.730000E-04,+9.910000E+37,+4.556328E+02,+3.584400E+04,-1.629385E-02,+0.000000E+00,+9.910000E+37,+4.557002E+02,+3.584400E+04
12:41:46,0e0,+2.430257E+01,+1.930500E-04,+9.910000E+37,+4.559209E+02,+3.584400E+04,+2.428276E+01,+1.930500E-04,+9.910000E+37,+4.559863E+02,+3.584400E+04,+2.426070E+01,+1.930500E-04,+9.910000E+37,+4.560537E+02,+3.584400E+04,-1.542896E-02,+0.000000E+00,+9.910000E+37,+4.561191E+02,+3.584400E+04
12:41:46,0e0,+2.704766E+01,+2.154500E-04,+9.910000E+37,+4.563418E+02,+3.584400E+04,+2.701958E+01,+2.154500E-04,+9.910000E+37,+4.564082E+02,+3.584400E+04,+2.698723E+01,+2.154500E-04,+9.910000E+37,+4.564756E+02,+3.584400E+04,-1.697709E-02,+0.000000E+00,+9.910000E+37,+4.565410E+02,+3.584400E+04
12:41:46,0e0,+3.004077E+01,+2.404000E-04,+9.910000E+37,+4.567607E+02,+3.584400E+04,+3.000148E+01,+2.404000E-04,+9.910000E+37,+4.568281E+02,+3.584400E+04,+2.995727E+01,+2.404000E-04,+9.910000E+37,+4.568945E+02,+3.584400E+04,-1.511011E-02,+0.000000E+00,+9.910000E+37,+4.569619E+02,+3.584400E+04
12:41:46,0e0,+3.329217E+01,+2.682500E-04,+9.910000E+37,+4.571846E+02,+3.584400E+04,+3.323648E+01,+2.682500E-04,+9.910000E+37,+4.572500E+02,+3.584400E+04,+3.317593E+01,+2.682500E-04,+9.910000E+37,+4.573174E+02,+3.584400E+04,-1.538311E-02,+0.000000E+00,+9.910000E+37,+4.573828E+02,+3.584400E+04
12:41:46,0e0,+3.678886E+01,+2.993500E-04,+9.910000E+37,+4.576045E+02,+3.584400E+04,+3.671494E+01,+2.993500E-04,+9.910000E+37,+4.576709E+02,+3.584400E+04,+3.663526E+01,+2.993500E-04,+9.910000E+37,+4.577383E+02,+3.584400E+04,-1.542851E-02,+0.000000E+00,+9.910000E+37,+4.578037E+02,+3.584400E+04
12:41:46,0e0,+4.051218E+01,+3.340500E-04,+9.910000E+37,+4.580244E+02,+3.584400E+04,+4.041460E+01,+3.340500E-04,+9.910000E+37,+4.580908E+02,+3.584400E+04,+4.031054E+01,+3.340500E-04,+9.910000E+37,+4.581572E+02,+3.584400E+04,-1.674914E-02,+0.000000E+00,+9.910000E+37,+4.582246E+02,+3.584400E+04
12:41:46,0e0,+4.444395E+01,+3.727500E-04,+9.910000E+37,+4.584463E+02,+3.584400E+04,+4.431518E+01,+3.727500E-04,+9.910000E+37,+4.585137E+02,+3.584400E+04,+4.418043E+01,+3.727500E-04,+9.910000E+37,+4.585791E+02,+3.584400E+04,-1.679505E-02,+0.000000E+00,+9.910000E+37,+4.586465E+02,+3.584400E+04
12:41:46,0e0,+4.855443E+01,+4.159500E-04,+9.910000E+37,+4.588691E+02,+3.584400E+04,+4.838465E+01,+4.159500E-04,+9.910000E+37,+4.589365E+02,+3.584400E+04,+4.821077E+01,+4.159500E-04,+9.910000E+37,+4.590020E+02,+3.584400E+04,-1.529212E-02,+0.000000E+00,+9.910000E+37,+4.590684E+02,+3.584400E+04
12:41:46,0e0,+5.280861E+01,+4.641500E-04,+9.910000E+37,+4.592891E+02,+3.584400E+04,+5.259090E+01,+4.641500E-04,+9.910000E+37,+4.593564E+02,+3.584400E+04,+5.237227E+01,+4.641500E-04,+9.910000E+37,+4.594229E+02,+3.584400E+04,-1.538306E-02,+0.000000E+00,+9.910000E+37,+4.594893E+02,+3.584400E+04
12:41:46,0e0,+5.717549E+01,+5.179500E-04,+9.910000E+37,+4.597119E+02,+3.584400E+04,+5.689647E+01,+5.179500E-04,+9.910000E+37,+4.597793E+02,+3.584400E+04,+5.662606E+01,+5.179500E-04,+9.910000E+37,+4.598447E+02,+3.584400E+04,-1.592979E-02,+0.000000E+00,+9.910000E+37,+4.599121E+02,+3.584400E+04
12:41:46,0e0,+6.161185E+01,+5.779500E-04,+9.910000E+37,+4.601309E+02,+3.584400E+04,+6.126208E+01,+5.779500E-04,+9.910000E+37,+4.601973E+02,+3.584400E+04,+6.092767E+01,+5.779500E-04,+9.910000E+37,+4.602646E+02,+3.584400E+04,-1.602086E-02,+0.000000E+00,+9.910000E+37,+4.603301E+02,+3.584400E+04
12:41:46,0e0,+6.609649E+01,+6.449500E-04,+9.910000E+37,+4.605537E+02,+3.584400E+04,+6.566130E+01,+6.449500E-04,+9.910000E+37,+4.606201E+02,+3.584400E+04,+6.525438E+01,+6.449500E-04,+9.910000E+37,+4.606875E+02,+3.584400E+04,-1.533736E-02,+0.000000E+00,+9.910000E+37,+4.607529E+02,+3.584400E+04
12:41:46,0e0,+7.057937E+01,+7.197000E-04,+9.910000E+37,+4.609727E+02,+3.584400E+04,+7.004358E+01,+7.197000E-04,+9.910000E+37,+4.610391E+02,+3.584400E+04,+6.955337E+01,+7.197000E-04,+9.910000E+37,+4.611055E+02,+3.584400E+04,-1.442701E-02,+0.000000E+00,+9.910000E+37,+4.611719E+02,+3.584400E+04
12:41:46,0e0,+7.504743E+01,+8.031000E-04,+9.910000E+37,+4.613945E+02,+3.584400E+04,+7.439522E+01,+8.031000E-04,+9.910000E+37,+4.614600E+02,+3.584400E+04,+7.380979E+01,+8.031000E-04,+9.910000E+37,+4.615273E+02,+3.584400E+04,-1.383512E-02,+0.000000E+00,+9.910000E+37,+4.615928E+02,+3.584400E+04
12:41:46,0e0,+7.945392E+01,+8.961500E-04,+9.910000E+37,+4.618145E+02,+3.584400E+04,+7.865987E+01,+8.961500E-04,+9.910000E+37,+4.618809E+02,+3.584400E+04,+7.796346E+01,+8.961500E-04,+9.910000E+37,+4.619473E+02,+3.584400E+04,-1.451822E-02,+0.000000E+00,+9.910000E+37,+4.620137E+02,+3.584400E+04
12:41:46,0e0,+8.374953E+01,+1.000000E-03,+9.910000E+37,+4.622314E+02,+3.584400E+04,+8.281008E+01,+1.000000E-03,+9.910000E+37,+4.622988E+02,+3.584400E+04,+8.199392E+01,+1.000000E-03,+9.910000E+37,+4.623652E+02,+3.584400E+04,-1.424505E-02,+0.000000E+00,+9.910000E+37,+4.624316E+02,+3.584400E+04
12:41:46,0e0,+8.797583E+01,+1.116000E-03,+9.910000E+37,+4.626680E+02,+3.584400E+04,+8.684638E+01,+1.116000E-03,+9.910000E+37,+4.627354E+02,+3.584400E+04,+8.587863E+01,+1.116000E-03,+9.910000E+37,+4.628008E+02,+3.584400E+04,-5.303717E-02,+0.000000E+00,+9.910000E+37,+4.628672E+02,+3.584400E+04
12:41:46,0e0,+9.194984E+01,+1.245000E-03,+9.910000E+37,+4.630859E+02,+3.584400E+04,+9.062884E+01,+1.245000E-03,+9.910000E+37,+4.631514E+02,+3.584400E+04,+8.951676E+01,+1.245000E-03,+9.910000E+37,+4.632187E+02,+3.584400E+04,-4.934938E-02,+0.000000E+00,+9.910000E+37,+4.632861E+02,+3.584400E+04
12:41:46,0e0,+9.576375E+01,+1.389500E-03,+9.910000E+37,+4.635068E+02,+3.584400E+04,+9.422363E+01,+1.389500E-03,+9.910000E+37,+4.635723E+02,+3.584400E+04,+9.293657E+01,+1.389500E-03,+9.910000E+37,+4.636387E+02,+3.584400E+04,-5.021425E-02,+0.000000E+00,+9.910000E+37,+4.637061E+02,+3.584400E+04
12:41:46,0e0,+9.932215E+01,+1.550500E-03,+9.910000E+37,+4.639277E+02,+3.584400E+04,+9.754916E+01,+1.550500E-03,+9.910000E+37,+4.639941E+02,+3.584400E+04,+9.607812E+01,+1.550500E-03,+9.910000E+37,+4.640615E+02,+3.584400E+04,-4.807426E-02,+0.000000E+00,+9.910000E+37,+4.641289E+02,+3.584400E+04
12:41:46,0e0,+1.025602E+02,+1.730000E-03,+9.910000E+37,+4.643486E+02,+3.584400E+04,+1.005383E+02,+1.730000E-03,+9.910000E+37,+4.644160E+02,+3.584400E+04,+9.888354E+01,+1.730000E-03,+9.910000E+37,+4.644814E+02,+3.584400E+04,-4.488711E-02,+0.000000E+00,+9.910000E+37,+4.645479E+02,+3.584400E+04
12:41:46,0e0,+1.054821E+02,+1.930500E-03,+9.910000E+37,+4.647695E+02,+3.584400E+04,+1.031961E+02,+1.930500E-03,+9.910000E+37,+4.648359E+02,+3.584400E+04,+1.013255E+02,+1.930500E-03,+9.910000E+37,+4.649023E+02,+3.584400E+04,-4.397653E-02,+0.000000E+00,+9.910000E+37,+4.649687E+02,+3.584400E+04
12:41:46,0e0,+1.080222E+02,+2.154500E-03,+9.910000E+37,+4.651904E+02,+3.584400E+04,+1.054565E+02,+2.154500E-03,+9.910000E+37,+4.652578E+02,+3.584400E+04,+1.033726E+02,+2.154500E-03,+9.910000E+37,+4.653242E+02,+3.584400E+04,-3.851260E-02,+0.000000E+00,+9.910000E+37,+4.653916E+02,+3.584400E+04
12:41:46,0e0,+1.101831E+02,+2.404000E-03,+9.910000E+37,+4.656123E+02,+3.584400E+04,+1.073374E+02,+2.404000E-03,+9.910000E+37,+4.656787E+02,+3.584400E+04,+1.050153E+02,+2.404000E-03,+9.910000E+37,+4.657461E+02,+3.584400E+04,-3.864942E-02,+0.000000E+00,+9.910000E+37,+4.658115E+02,+3.584400E+04
12:41:46,0e0,+1.119760E+02,+2.682500E-03,+9.910000E+37,+4.660332E+02,+3.584400E+04,+1.088113E+02,+2.682500E-03,+9.910000E+37,+4.660986E+02,+3.584400E+04,+1.062389E+02,+2.682500E-03,+9.910000E+37,+4.661650E+02,+3.584400E+04,-3.532539E-02,+0.000000E+00,+9.910000E+37,+4.662324E+02,+3.584400E+04
12:41:46,0e0,+1.134134E+02,+2.993500E-03,+9.910000E+37,+4.664541E+02,+3.584400E+04,+1.098875E+02,+2.993500E-03,+9.910000E+37,+4.665215E+02,+3.584400E+04,+1.070348E+02,+2.993500E-03,+9.910000E+37,+4.665869E+02,+3.584400E+04,-3.068157E-02,+0.000000E+00,+9.910000E+37,+4.666533E+02,+3.584400E+04
12:41:46,0e0,+1.143955E+02,+3.340500E-03,+9.910000E+37,+4.668740E+02,+3.584400E+04,+1.104764E+02,+3.340500E-03,+9.910000E+37,+4.669414E+02,+3.584400E+04,+1.073068E+02,+3.340500E-03,+9.910000E+37,+4.670068E+02,+3.584400E+04,-3.109135E-02,+0.000000E+00,+9.910000E+37,+4.670742E+02,+3.584400E+04
12:41:46,0e0,+1.150408E+02,+3.727500E-03,+9.910000E+37,+4.672949E+02,+3.584400E+04,+1.106596E+02,+3.727500E-03,+9.910000E+37,+4.673613E+02,+3.584400E+04,+1.071371E+02,+3.727500E-03,+9.910000E+37,+4.674287E+02,+3.584400E+04,-2.717571E-02,+0.000000E+00,+9.910000E+37,+4.674961E+02,+3.584400E+04
12:41:46,0e0,+1.152751E+02,+4.159500E-03,+9.910000E+37,+4.677158E+02,+3.584400E+04,+1.103815E+02,+4.159500E-03,+9.910000E+37,+4.677832E+02,+3.584400E+04,+1.064723E+02,+4.159500E-03,+9.910000E+37,+4.678486E+02,+3.584400E+04,-2.685724E-02,+0.000000E+00,+9.910000E+37,+4.679150E+02,+3.584400E+04
12:41:46,0e0,+1.150684E+02,+4.641500E-03,+9.910000E+37,+4.681367E+02,+3.584400E+04,+1.095879E+02,+4.641500E-03,+9.910000E+37,+4.682041E+02,+3.584400E+04,+1.052532E+02,+4.641500E-03,+9.910000E+37,+4.682695E+02,+3.584400E+04,-2.398862E-02,+0.000000E+00,+9.910000E+37,+4.683369E+02,+3.584400E+04
12:41:46,0e0,+1.144566E+02,+5.179500E-03,+9.910000E+37,+4.685586E+02,+3.584400E+04,+1.083097E+02,+5.179500E-03,+9.910000E+37,+4.686260E+02,+3.584400E+04,+1.035013E+02,+5.179500E-03,+9.910000E+37,+4.686914E+02,+3.584400E+04,-2.102891E-02,+0.000000E+00,+9.910000E+37,+4.687588E+02,+3.584400E+04
12:41:46,0e0,+1.133561E+02,+5.779500E-03,+9.910000E+37,+4.689795E+02,+3.584400E+04,+1.064638E+02,+5.779500E-03,+9.910000E+37,+4.690459E+02,+3.584400E+04,+1.011738E+02,+5.779500E-03,+9.910000E+37,+4.691133E+02,+3.584400E+04,-1.975414E-02,+0.000000E+00,+9.910000E+37,+4.691807E+02,+3.584400E+04
12:41:46,0e0,+1.117284E+02,+6.449500E-03,+9.910000E+37,+4.693994E+02,+3.584400E+04,+1.040470E+02,+6.449500E-03,+9.910000E+37,+4.694668E+02,+3.584400E+04,+9.827708E+01,+6.449500E-03,+9.910000E+37,+4.695322E+02,+3.584400E+04,-1.738667E-02,+0.000000E+00,+9.910000E+37,+4.695986E+02,+3.584400E+04
12:41:46,0e0,+1.096789E+02,+7.197000E-03,+9.910000E+37,+4.698232E+02,+3.584400E+04,+1.011773E+02,+7.197000E-03,+9.910000E+37,+4.698887E+02,+3.584400E+04,+9.490176E+01,+7.197000E-03,+9.910000E+37,+4.699551E+02,+3.584400E+04,-1.652163E-02,+0.000000E+00,+9.910000E+37,+4.700225E+02,+3.584400E+04
12:41:46,0e0,+1.073170E+02,+8.031000E-03,+9.910000E+37,+4.702510E+02,+3.584400E+04,+9.794202E+01,+8.031000E-03,+9.910000E+37,+4.703174E+02,+3.584400E+04,+9.117723E+01,+8.031000E-03,+9.910000E+37,+4.703838E+02,+3.584400E+04,-1.442719E-02,+0.000000E+00,+9.910000E+37,+4.704512E+02,+3.584400E+04
12:41:46,0e0,+1.040371E+02,+8.961500E-03,+9.910000E+37,+4.706709E+02,+3.584400E+04,+9.387137E+01,+8.961500E-03,+9.910000E+37,+4.707383E+02,+3.584400E+04,+8.681688E+01,+8.961500E-03,+9.910000E+37,+4.708037E+02,+3.584400E+04,-1.488218E-02,+0.000000E+00,+9.910000E+37,+4.708701E+02,+3.584400E+04
