12:38:42,0e0,-3.951430E-03,+1.000000E-07,+9.910000E+37,+2.446885E+02,+3.584400E+04,-2.448842E-03,+1.000000E-07,+9.910000E+37,+2.447559E+02,+3.584400E+04,-3.906026E-03,+1.000000E-07,+9.910000E+37,+2.448223E+02,+3.584400E+04,-1.961432E-02,+0.000000E+00,+9.910000E+37,+2.448887E+02,+3.584400E+04
12:38:42,0e0,-9.010434E-04,+1.116000E-07,+9.910000E+37,+2.451113E+02,+3.584400E+04,-3.177628E-03,+1.116000E-07,+9.910000E+37,+2.451777E+02,+3.584400E+04,-1.856983E-03,+1.116000E-07,+9.910000E+37,+2.452441E+02,+3.584400E+04,-1.815720E-02,+0.000000E+00,+9.910000E+37,+2.453105E+02,+3.584400E+04
12:38:42,0e0,-5.363822E-04,+1.245000E-07,+9.910000E+37,+2.455312E+02,+3.584400E+04,+2.828985E-04,+1.245000E-07,+9.910000E+37,+2.455977E+02,+3.584400E+04,-1.723617E-04,+1.245000E-07,+9.910000E+37,+2.456650E+02,+3.584400E+04,-1.993291E-02,+0.000000E+00,+9.910000E+37,+2.457305E+02,+3.584400E+04
12:38:42,0e0,+3.652155E-03,+1.389500E-07,+9.910000E+37,+2.459521E+02,+3.584400E+04,+2.104253E-03,+1.389500E-07,+9.910000E+37,+2.460195E+02,+3.584400E+04,+2.104208E-03,+1.389500E-07,+9.910000E+37,+2.460869E+02,+3.584400E+04,-2.002415E-02,+0.000000E+00,+9.910000E+37,+2.461523E+02,+3.584400E+04
12:38:42,0e0,+5.154848E-03,+1.550500E-07,+9.910000E+37,+2.463740E+02,+3.584400E+04,+6.065398E-03,+1.550500E-07,+9.910000E+37,+2.464404E+02,+3.584400E+04,+4.745036E-03,+1.550500E-07,+9.910000E+37,+2.465078E+02,+3.584400E+04,-2.061611E-02,+0.000000E+00,+9.910000E+37,+2.465732E+02,+3.584400E+04
12:38:42,0e0,+7.886767E-03,+1.730000E-07,+9.910000E+37,+2.467949E+02,+3.584400E+04,+9.070635E-03,+1.730000E-07,+9.910000E+37,+2.468604E+02,+3.584400E+04,+8.751780E-03,+1.730000E-07,+9.910000E+37,+2.469268E+02,+3.584400E+04,-1.943211E-02,+0.000000E+00,+9.910000E+37,+2.469932E+02,+3.584400E+04
12:38:42,0e0,+1.034585E-02,+1.930500E-07,+9.910000E+37,+2.472129E+02,+3.584400E+04,+1.029985E-02,+1.930500E-07,+9.910000E+37,+2.472793E+02,+3.584400E+04,+1.152924E-02,+1.930500E-07,+9.910000E+37,+2.473467E+02,+3.584400E+04,-1.952320E-02,+0.000000E+00,+9.910000E+37,+2.474121E+02,+3.584400E+04
12:38:42,0e0,+1.462534E-02,+2.154500E-07,+9.910000E+37,+2.476406E+02,+3.584400E+04,+1.462524E-02,+2.154500E-07,+9.910000E+37,+2.477061E+02,+3.584400E+04,+1.521726E-02,+2.154500E-07,+9.910000E+37,+2.477734E+02,+3.584400E+04,-1.952322E-02,+0.000000E+00,+9.910000E+37,+2.478398E+02,+3.584400E+04
12:38:42,0e0,+1.899646E-02,+2.404000E-07,+9.910000E+37,+2.480605E+02,+3.584400E+04,+1.813124E-02,+2.404000E-07,+9.910000E+37,+2.481260E+02,+3.584400E+04,+1.822229E-02,+2.404000E-07,+9.910000E+37,+2.481924E+02,+3.584400E+04,-2.052517E-02,+0.000000E+00,+9.910000E+37,+2.482598E+02,+3.584400E+04
12:38:42,0e0,+2.277543E-02,+2.682500E-07,+9.910000E+37,+2.484805E+02,+3.584400E+04,+2.272990E-02,+2.682500E-07,+9.910000E+37,+2.485459E+02,+3.584400E+04,+2.327617E-02,+2.682500E-07,+9.910000E+37,+2.486133E+02,+3.584400E+04,-1.943210E-02,+0.000000E+00,+9.910000E+37,+2.486787E+02,+3.584400E+04
12:38:42,0e0,+2.637233E-02,+2.993500E-07,+9.910000E+37,+2.489014E+02,+3.584400E+04,+2.719189E-02,+2.993500E-07,+9.910000E+37,+2.489688E+02,+3.584400E+04,+2.705538E-02,+2.993500E-07,+9.910000E+37,+2.490361E+02,+3.584400E+04,-1.861252E-02,+0.000000E+00,+9.910000E+37,+2.491016E+02,+3.584400E+04
12:38:42,0e0,+3.301993E-02,+3.340500E-07,+9.910000E+37,+2.493252E+02,+3.584400E+04,+3.361195E-02,+3.340500E-07,+9.910000E+37,+2.493916E+02,+3.584400E+04,+3.283790E-02,+3.340500E-07,+9.910000E+37,+2.494580E+02,+3.584400E+04,-2.057074E-02,+0.000000E+00,+9.910000E+37,+2.495254E+02,+3.584400E+04
12:38:42,0e0,+3.848374E-02,+3.727500E-07,+9.910000E+37,+2.497480E+02,+3.584400E+04,+3.912103E-02,+3.727500E-07,+9.910000E+37,+2.498145E+02,+3.584400E+04,+3.943989E-02,+3.727500E-07,+9.910000E+37,+2.498818E+02,+3.584400E+04,-1.970541E-02,+0.000000E+00,+9.910000E+37,+2.499473E+02,+3.584400E+04
12:38:42,0e0,+4.617840E-02,+4.159500E-07,+9.910000E+37,+2.501660E+02,+3.584400E+04,+4.731676E-02,+4.159500E-07,+9.910000E+37,+2.502324E+02,+3.584400E+04,+4.736239E-02,+4.159500E-07,+9.910000E+37,+2.502998E+02,+3.584400E+04,-1.979651E-02,+0.000000E+00,+9.910000E+37,+2.503652E+02,+3.584400E+04
12:38:42,0e0,+5.410132E-02,+4.641500E-07,+9.910000E+37,+2.505908E+02,+3.584400E+04,+5.419213E-02,+4.641500E-07,+9.910000E+37,+2.506572E+02,+3.584400E+04,+5.373690E-02,+4.641500E-07,+9.910000E+37,+2.507236E+02,+3.584400E+04,-1.979645E-02,+0.000000E+00,+9.910000E+37,+2.507900E+02,+3.584400E+04
12:38:42,0e0,+6.156790E-02,+5.179500E-07,+9.910000E+37,+2.510127E+02,+3.584400E+04,+6.134033E-02,+5.179500E-07,+9.910000E+37,+2.510791E+02,+3.584400E+04,+6.188664E-02,+5.179500E-07,+9.910000E+37,+2.511465E+02,+3.584400E+04,-1.924996E-02,+0.000000E+00,+9.910000E+37,+2.512119E+02,+3.584400E+04
12:38:42,0e0,+7.317853E-02,+5.779500E-07,+9.910000E+37,+2.514336E+02,+3.584400E+04,+7.153964E-02,+5.779500E-07,+9.910000E+37,+2.515010E+02,+3.584400E+04,+7.044664E-02,+5.779500E-07,+9.910000E+37,+2.515684E+02,+3.584400E+04,-1.993304E-02,+0.000000E+00,+9.910000E+37,+2.516338E+02,+3.584400E+04
12:38:42,0e0,+8.046302E-02,+6.449500E-07,+9.910000E+37,+2.518584E+02,+3.584400E+04,+8.182943E-02,+6.449500E-07,+9.910000E+37,+2.519258E+02,+3.584400E+04,+8.292219E-02,+6.449500E-07,+9.910000E+37,+2.519912E+02,+3.584400E+04,-2.025187E-02,+0.000000E+00,+9.910000E+37,+2.520586E+02,+3.584400E+04
12:38:42,0e0,+9.325832E-02,+7.197000E-07,+9.910000E+37,+2.522803E+02,+3.584400E+04,+9.180018E-02,+7.197000E-07,+9.910000E+37,+2.523467E+02,+3.584400E+04,+9.485126E-02,+7.197000E-07,+9.910000E+37,+2.524131E+02,+3.584400E+04,-1.915903E-02,+0.000000E+00,+9.910000E+37,+2.524795E+02,+3.584400E+04
12:38:42,0e0,+1.064627E-01,+8.031000E-07,+9.910000E+37,+2.527002E+02,+3.584400E+04,+1.069627E-01,+8.031000E-07,+9.910000E+37,+2.527656E+02,+3.584400E+04,+1.065074E-01,+8.031000E-07,+9.910000E+37,+2.528330E+02,+3.584400E+04,-1.965989E-02,+0.000000E+00,+9.910000E+37,+2.528984E+02,+3.584400E+04
12:38:42,0e0,+1.210782E-01,+8.961500E-07,+9.910000E+37,+2.531201E+02,+3.584400E+04,+1.204857E-01,+8.961500E-07,+9.910000E+37,+2.531865E+02,+3.584400E+04,+1.201666E-01,+8.961500E-07,+9.910000E+37,+2.532539E+02,+3.584400E+04,-1.906797E-02,+0.000000E+00,+9.910000E+37,+2.533193E+02,+3.584400E+04
12:38:42,0e0,+1.371045E-01,+1.000000E-06,+9.910000E+37,+2.535371E+02,+3.584400E+04,+1.377421E-01,+1.000000E-06,+9.910000E+37,+2.536045E+02,+3.584400E+04,+1.371500E-01,+1.000000E-06,+9.910000E+37,+2.536699E+02,+3.584400E+04,-1.961453E-02,+0.000000E+00,+9.910000E+37,+2.537363E+02,+3.584400E+04
12:38:42,0e0,+1.431147E-01,+1.116000E-06,+9.910000E+37,+2.539590E+02,+3.584400E+04,+1.430693E-01,+1.116000E-06,+9.910000E+37,+2.540264E+02,+3.584400E+04,+1.422950E-01,+1.116000E-06,+9.910000E+37,+2.540918E+02,+3.584400E+04,-1.997878E-02,+0.000000E+00,+9.910000E+37,+2.541582E+02,+3.584400E+04
12:38:42,0e0,+1.622379E-01,+1.245000E-06,+9.910000E+37,+2.543799E+02,+3.584400E+04,+1.615096E-01,+1.245000E-06,+9.910000E+37,+2.544463E+02,+3.584400E+04,+1.618738E-01,+1.245000E-06,+9.910000E+37,+2.545127E+02,+3.584400E+04,-1.988764E-02,+0.000000E+00,+9.910000E+37,+2.545801E+02,+3.584400E+04
12:38:42,0e0,+1.827272E-01,+1.389500E-06,+9.910000E+37,+2.548008E+02,+3.584400E+04,+1.830913E-01,+1.389500E-06,+9.910000E+37,+2.548672E+02,+3.584400E+04,+1.819528E-01,+1.389500E-06,+9.910000E+37,+2.549336E+02,+3.584400E+04,-1.888567E-02,+0.000000E+00,+9.910000E+37,+2.550000E+02,+3.584400E+04
12:38:42,0e0,+2.042637E-01,+1.550500E-06,+9.910000E+37,+2.552207E+02,+3.584400E+04,+2.047644E-01,+1.550500E-06,+9.910000E+37,+2.552871E+02,+3.584400E+04,+2.051741E-01,+1.550500E-06,+9.910000E+37,+2.553535E+02,+3.584400E+04,-1.820283E-02,+0.000000E+00,+9.910000E+37,+2.554209E+02,+3.584400E+04
12:38:42,0e0,+2.306716E-01,+1.730000E-06,+9.910000E+37,+2.556436E+02,+3.584400E+04,+2.320378E-01,+1.730000E-06,+9.910000E+37,+2.557100E+02,+3.584400E+04,+2.304443E-01,+1.730000E-06,+9.910000E+37,+2.557764E+02,+3.584400E+04,-2.011517E-02,+0.000000E+00,+9.910000E+37,+2.558438E+02,+3.584400E+04
12:38:42,0e0,+2.588103E-01,+1.930500E-06,+9.910000E+37,+2.560635E+02,+3.584400E+04,+2.578993E-01,+1.930500E-06,+9.910000E+37,+2.561299E+02,+3.584400E+04,+2.595848E-01,+1.930500E-06,+9.910000E+37,+2.561973E+02,+3.584400E+04,-1.984194E-02,+0.000000E+00,+9.910000E+37,+2.562637E+02,+3.584400E+04
12:38:42,0e0,+2.904083E-01,+2.154500E-06,+9.910000E+37,+2.564873E+02,+3.584400E+04,+2.900900E-01,+2.154500E-06,+9.910000E+37,+2.565547E+02,+3.584400E+04,+2.897262E-01,+2.154500E-06,+9.910000E+37,+2.566201E+02,+3.584400E+04,-2.038836E-02,+0.000000E+00,+9.910000E+37,+2.566875E+02,+3.584400E+04
12:38:42,0e0,+3.261961E-01,+2.404000E-06,+9.910000E+37,+2.569082E+02,+3.584400E+04,+3.261506E-01,+2.404000E-06,+9.910000E+37,+2.569756E+02,+3.584400E+04,+3.246033E-01,+2.404000E-06,+9.910000E+37,+2.570410E+02,+3.584400E+04,-1.952352E-02,+0.000000E+00,+9.910000E+37,+2.571084E+02,+3.584400E+04
12:38:42,0e0,+3.640332E-01,+2.682500E-06,+9.910000E+37,+2.573301E+02,+3.584400E+04,+3.654904E-01,+2.682500E-06,+9.910000E+37,+2.573975E+02,+3.584400E+04,+3.636684E-01,+2.682500E-06,+9.910000E+37,+2.574639E+02,+3.584400E+04,-2.016085E-02,+0.000000E+00,+9.910000E+37,+2.575303E+02,+3.584400E+04
12:38:42,0e0,+4.071507E-01,+2.993500E-06,+9.910000E+37,+2.577510E+02,+3.584400E+04,+4.065607E-01,+2.993500E-06,+9.910000E+37,+2.578174E+02,+3.584400E+04,+4.069691E-01,+2.993500E-06,+9.910000E+37,+2.578838E+02,+3.584400E+04,-1.997894E-02,+0.000000E+00,+9.910000E+37,+2.579512E+02,+3.584400E+04
12:38:42,0e0,+4.544578E-01,+3.340500E-06,+9.910000E+37,+2.581787E+02,+3.584400E+04,+4.541390E-01,+3.340500E-06,+9.910000E+37,+2.582461E+02,+3.584400E+04,+4.545950E-01,+3.340500E-06,+9.910000E+37,+2.583115E+02,+3.584400E+04,-1.993296E-02,+0.000000E+00,+9.910000E+37,+2.583789E+02,+3.584400E+04
12:38:42,0e0,+5.083667E-01,+3.727500E-06,+9.910000E+37,+2.586035E+02,+3.584400E+04,+5.074565E-01,+3.727500E-06,+9.910000E+37,+2.586709E+02,+3.584400E+04,+5.081397E-01,+3.727500E-06,+9.910000E+37,+2.587363E+02,+3.584400E+04,-2.006993E-02,+0.000000E+00,+9.910000E+37,+2.588037E+02,+3.584400E+04
12:38:42,0e0,+5.671934E-01,+4.159500E-06,+9.910000E+37,+2.590244E+02,+3.584400E+04,+5.674213E-01,+4.159500E-06,+9.910000E+37,+2.590918E+02,+3.584400E+04,+5.671489E-01,+4.159500E-06,+9.910000E+37,+2.591572E+02,+3.584400E+04,-2.038831E-02,+0.000000E+00,+9.910000E+37,+2.592236E+02,+3.584400E+04
12:38:42,0e0,+6.346707E-01,+4.641500E-06,+9.910000E+37,+2.594434E+02,+3.584400E+04,+6.336241E-01,+4.641500E-06,+9.910000E+37,+2.595088E+02,+3.584400E+04,+6.332135E-01,+4.641500E-06,+9.910000E+37,+2.595762E+02,+3.584400E+04,-1.911362E-02,+0.000000E+00,+9.910000E+37,+2.596416E+02,+3.584400E+04
12:38:42,0e0,+7.092057E-01,+5.179500E-06,+9.910000E+37,+2.598643E+02,+3.584400E+04,+7.088428E-01,+5.179500E-06,+9.910000E+37,+2.599307E+02,+3.584400E+04,+7.086141E-01,+5.179500E-06,+9.910000E+37,+2.599971E+02,+3.584400E+04,-2.075295E-02,+0.000000E+00,+9.910000E+37,+2.600635E+02,+3.584400E+04
12:38:42,0e0,+7.899330E-01,+5.779500E-06,+9.910000E+37,+2.602832E+02,+3.584400E+04,+7.900691E-01,+5.779500E-06,+9.910000E+37,+2.603506E+02,+3.584400E+04,+7.888846E-01,+5.779500E-06,+9.910000E+37,+2.604160E+02,+3.584400E+04,-2.102619E-02,+0.000000E+00,+9.910000E+37,+2.604834E+02,+3.584400E+04
12:38:42,0e0,+8.814503E-01,+6.449500E-06,+9.910000E+37,+2.607100E+02,+3.584400E+04,+8.803583E-01,+6.449500E-06,+9.910000E+37,+2.607754E+02,+3.584400E+04,+8.810860E-01,+6.449500E-06,+9.910000E+37,+2.608428E+02,+3.584400E+04,-1.947786E-02,+0.000000E+00,+9.910000E+37,+2.609092E+02,+3.584400E+04
12:38:42,0e0,+9.808917E-01,+7.197000E-06,+9.910000E+37,+2.611328E+02,+3.584400E+04,+9.807987E-01,+7.197000E-06,+9.910000E+37,+2.612002E+02,+3.584400E+04,+9.813918E-01,+7.197000E-06,+9.910000E+37,+2.612656E+02,+3.584400E+04,-1.870380E-02,+0.000000E+00,+9.910000E+37,+2.613330E+02,+3.584400E+04
12:38:42,0e0,+1.093990E+00,+8.031000E-06,+9.910000E+37,+2.615527E+02,+3.584400E+04,+1.093993E+00,+8.031000E-06,+9.910000E+37,+2.616201E+02,+3.584400E+04,+1.093718E+00,+8.031000E-06,+9.910000E+37,+2.616865E+02,+3.584400E+04,-1.993322E-02,+0.000000E+00,+9.910000E+37,+2.617539E+02,+3.584400E+04
12:38:42,0e0,+1.219840E+00,+8.961500E-06,+9.910000E+37,+2.619697E+02,+3.584400E+04,+1.220113E+00,+8.961500E-06,+9.910000E+37,+2.620371E+02,+3.584400E+04,+1.219474E+00,+8.961500E-06,+9.910000E+37,+2.621025E+02,+3.584400E+04,-1.997861E-02,+0.000000E+00,+9.910000E+37,+2.621699E+02,+3.584400E+04
12:38:42,0e0,+1.359665E+00,+1.000000E-05,+9.910000E+37,+2.623828E+02,+3.584400E+04,+1.358847E+00,+1.000000E-05,+9.910000E+37,+2.624502E+02,+3.584400E+04,+1.359029E+00,+1.000000E-05,+9.910000E+37,+2.625156E+02,+3.584400E+04,-1.774785E-02,+0.000000E+00,+9.910000E+37,+2.625820E+02,+3.584400E+04
12:38:42,0e0,+1.502361E+00,+1.116000E-05,+9.910000E+37,+2.628018E+02,+3.584400E+04,+1.502226E+00,+1.116000E-05,+9.910000E+37,+2.628672E+02,+3.584400E+04,+1.502452E+00,+1.116000E-05,+9.910000E+37,+2.629346E+02,+3.584400E+04,-2.034307E-02,+0.000000E+00,+9.910000E+37,+2.630000E+02,+3.584400E+04
12:38:42,0e0,+1.673377E+00,+1.245000E-05,+9.910000E+37,+2.632139E+02,+3.584400E+04,+1.673194E+00,+1.245000E-05,+9.910000E+37,+2.632813E+02,+3.584400E+04,+1.672329E+00,+1.245000E-05,+9.910000E+37,+2.633467E+02,+3.584400E+04,-1.997878E-02,+0.000000E+00,+9.910000E+37,+2.634141E+02,+3.584400E+04
12:38:42,0e0,+1.864563E+00,+1.389500E-05,+9.910000E+37,+2.636299E+02,+3.584400E+04,+1.865337E+00,+1.389500E-05,+9.910000E+37,+2.636953E+02,+3.584400E+04,+1.864154E+00,+1.389500E-05,+9.910000E+37,+2.637617E+02,+3.584400E+04,-1.961435E-02,+0.000000E+00,+9.910000E+37,+2.638291E+02,+3.584400E+04
12:38:42,0e0,+2.075964E+00,+1.550500E-05,+9.910000E+37,+2.640469E+02,+3.584400E+04,+2.078564E+00,+1.550500E-05,+9.910000E+37,+2.641123E+02,+3.584400E+04,+2.077057E+00,+1.550500E-05,+9.910000E+37,+2.641787E+02,+3.584400E+04,-2.011546E-02,+0.000000E+00,+9.910000E+37,+2.642500E+02,+3.584400E+04
12:38:42,0e0,+2.310951E+00,+1.730000E-05,+9.910000E+37,+2.644629E+02,+3.584400E+04,+2.313187E+00,+1.730000E-05,+9.910000E+37,+2.645283E+02,+3.584400E+04,+2.312819E+00,+1.730000E-05,+9.910000E+37,+2.645957E+02,+3.584400E+04,-1.988751E-02,+0.000000E+00,+9.910000E+37,+2.646621E+02,+3.584400E+04
12:38:42,0e0,+2.573623E+00,+1.930500E-05,+9.910000E+37,+2.648760E+02,+3.584400E+04,+2.574037E+00,+1.930500E-05,+9.910000E+37,+2.649424E+02,+3.584400E+04,+2.573075E+00,+1.930500E-05,+9.910000E+37,+2.650088E+02,+3.584400E+04,-2.139042E-02,+0.000000E+00,+9.910000E+37,+2.650752E+02,+3.584400E+04
12:38:42,0e0,+2.863748E+00,+2.154500E-05,+9.910000E+37,+2.652900E+02,+3.584400E+04,+2.864798E+00,+2.154500E-05,+9.910000E+37,+2.653564E+02,+3.584400E+04,+2.865938E+00,+2.154500E-05,+9.910000E+37,+2.654238E+02,+3.584400E+04,-2.098016E-02,+0.000000E+00,+9.910000E+37,+2.654902E+02,+3.584400E+04
12:38:42,0e0,+3.188256E+00,+2.404000E-05,+9.910000E+37,+2.657070E+02,+3.584400E+04,+3.186154E+00,+2.404000E-05,+9.910000E+37,+2.657744E+02,+3.584400E+04,+3.186517E+00,+2.404000E-05,+9.910000E+37,+2.658398E+02,+3.584400E+04,-2.016121E-02,+0.000000E+00,+9.910000E+37,+2.659072E+02,+3.584400E+04
12:38:42,0e0,+3.545078E+00,+2.682500E-05,+9.910000E+37,+2.661240E+02,+3.584400E+04,+3.544671E+00,+2.682500E-05,+9.910000E+37,+2.661895E+02,+3.584400E+04,+3.543890E+00,+2.682500E-05,+9.910000E+37,+2.662568E+02,+3.584400E+04,-2.006994E-02,+0.000000E+00,+9.910000E+37,+2.663242E+02,+3.584400E+04
12:38:42,0e0,+3.942202E+00,+2.993500E-05,+9.910000E+37,+2.665439E+02,+3.584400E+04,+3.942287E+00,+2.993500E-05,+9.910000E+37,+2.666094E+02,+3.584400E+04,+3.942793E+00,+2.993500E-05,+9.910000E+37,+2.666768E+02,+3.584400E+04,-2.098081E-02,+0.000000E+00,+9.910000E+37,+2.667471E+02,+3.584400E+04
12:38:42,0e0,+4.384495E+00,+3.340500E-05,+9.910000E+37,+2.669648E+02,+3.584400E+04,+4.384273E+00,+3.340500E-05,+9.910000E+37,+2.670322E+02,+3.584400E+04,+4.385642E+00,+3.340500E-05,+9.910000E+37,+2.670977E+02,+3.584400E+04,-2.020665E-02,+0.000000E+00,+9.910000E+37,+2.671689E+02,+3.584400E+04
12:38:42,0e0,+4.872902E+00,+3.727500E-05,+9.910000E+37,+2.673857E+02,+3.584400E+04,+4.872856E+00,+3.727500E-05,+9.910000E+37,+2.674531E+02,+3.584400E+04,+4.873363E+00,+3.727500E-05,+9.910000E+37,+2.675186E+02,+3.584400E+04,-2.079825E-02,+0.000000E+00,+9.910000E+37,+2.675889E+02,+3.584400E+04
12:38:42,0e0,+5.417548E+00,+4.159500E-05,+9.910000E+37,+2.678389E+02,+3.584400E+04,+5.418245E+00,+4.159500E-05,+9.910000E+37,+2.679053E+02,+3.584400E+04,+5.417414E+00,+4.159500E-05,+9.910000E+37,+2.679717E+02,+3.584400E+04,-2.038883E-02,+0.000000E+00,+9.910000E+37,+2.680391E+02,+3.584400E+04
12:38:42,0e0,+6.021255E+00,+4.641500E-05,+9.910000E+37,+2.682529E+02,+3.584400E+04,+6.021843E+00,+4.641500E-05,+9.910000E+37,+2.683193E+02,+3.584400E+04,+6.022305E+00,+4.641500E-05,+9.910000E+37,+2.683857E+02,+3.584400E+04,-1.979665E-02,+0.000000E+00,+9.910000E+37,+2.684531E+02,+3.584400E+04
12:38:42,0e0,+6.691967E+00,+5.179500E-05,+9.910000E+37,+2.686689E+02,+3.584400E+04,+6.691018E+00,+5.179500E-05,+9.910000E+37,+2.687363E+02,+3.584400E+04,+6.690562E+00,+5.179500E-05,+9.910000E+37,+2.688018E+02,+3.584400E+04,-2.002446E-02,+0.000000E+00,+9.910000E+37,+2.688711E+02,+3.584400E+04
12:38:42,0e0,+7.436774E+00,+5.779500E-05,+9.910000E+37,+2.690889E+02,+3.584400E+04,+7.436265E+00,+5.779500E-05,+9.910000E+37,+2.691562E+02,+3.584400E+04,+7.436006E+00,+5.779500E-05,+9.910000E+37,+2.692217E+02,+3.584400E+04,-1.911385E-02,+0.000000E+00,+9.910000E+37,+2.692939E+02,+3.584400E+04
12:38:42,0e0,+8.265304E+00,+6.449500E-05,+9.910000E+37,+2.695059E+02,+3.584400E+04,+8.265000E+00,+6.449500E-05,+9.910000E+37,+2.695732E+02,+3.584400E+04,+8.264171E+00,+6.449500E-05,+9.910000E+37,+2.696387E+02,+3.584400E+04,-2.061650E-02,+0.000000E+00,+9.910000E+37,+2.697061E+02,+3.584400E+04
12:38:42,0e0,+9.187595E+00,+7.197000E-05,+9.910000E+37,+2.699189E+02,+3.584400E+04,+9.186226E+00,+7.197000E-05,+9.910000E+37,+2.699844E+02,+3.584400E+04,+9.183441E+00,+7.197000E-05,+9.910000E+37,+2.700508E+02,+3.584400E+04,-1.897720E-02,+0.000000E+00,+9.910000E+37,+2.701172E+02,+3.584400E+04
12:38:42,0e0,+1.020932E+01,+8.031000E-05,+9.910000E+37,+2.703311E+02,+3.584400E+04,+1.020881E+01,+8.031000E-05,+9.910000E+37,+2.703984E+02,+3.584400E+04,+1.020712E+01,+8.031000E-05,+9.910000E+37,+2.704639E+02,+3.584400E+04,-1.947790E-02,+0.000000E+00,+9.910000E+37,+2.705312E+02,+3.584400E+04
12:38:42,0e0,+1.135012E+01,+8.961500E-05,+9.910000E+37,+2.707471E+02,+3.584400E+04,+1.134590E+01,+8.961500E-05,+9.910000E+37,+2.708125E+02,+3.584400E+04,+1.134527E+01,+8.961500E-05,+9.910000E+37,+2.708789E+02,+3.584400E+04,-1.811224E-02,+0.000000E+00,+9.910000E+37,+2.709453E+02,+3.584400E+04
12:38:42,0e0,+1.261426E+01,+1.000000E-04,+9.910000E+37,+2.711602E+02,+3.584400E+04,+1.261319E+01,+1.000000E-04,+9.910000E+37,+2.712256E+02,+3.584400E+04,+1.260849E+01,+1.000000E-04,+9.910000E+37,+2.712920E+02,+3.584400E+04,-1.966031E-02,+0.000000E+00,+9.910000E+37,+2.713623E+02,+3.584400E+04
12:38:42,0e0,+1.400890E+01,+1.116000E-04,+9.910000E+37,+2.715850E+02,+3.584400E+04,+1.400455E+01,+1.116000E-04,+9.910000E+37,+2.716523E+02,+3.584400E+04,+1.400015E+01,+1.116000E-04,+9.910000E+37,+2.717178E+02,+3.584400E+04,-2.302952E-02,+0.000000E+00,+9.910000E+37,+2.717842E+02,+3.584400E+04
12:38:42,0e0,+1.556712E+01,+1.245000E-04,+9.910000E+37,+2.720029E+02,+3.584400E+04,+1.556040E+01,+1.245000E-04,+9.910000E+37,+2.720703E+02,+3.584400E+04,+1.555469E+01,+1.245000E-04,+9.910000E+37,+2.721367E+02,+3.584400E+04,-2.316625E-02,+0.000000E+00,+9.910000E+37,+2.722041E+02,+3.584400E+04
12:38:42,0e0,+1.730546E+01,+1.389500E-04,+9.910000E+37,+2.724316E+02,+3.584400E+04,+1.729955E+01,+1.389500E-04,+9.910000E+37,+2.724990E+02,+3.584400E+04,+1.729090E+01,+1.389500E-04,+9.910000E+37,+2.725645E+02,+3.584400E+04,-2.302924E-02,+0.000000E+00,+9.910000E+37,+2.726309E+02,+3.584400E+04
12:38:42,0e0,+1.922985E+01,+1.550500E-04,+9.910000E+37,+2.728525E+02,+3.584400E+04,+1.922105E+01,+1.550500E-04,+9.910000E+37,+2.729180E+02,+3.584400E+04,+1.920912E+01,+1.550500E-04,+9.910000E+37,+2.729854E+02,+3.584400E+04,-2.498774E-02,+0.000000E+00,+9.910000E+37,+2.730527E+02,+3.584400E+04
12:38:42,0e0,+2.135663E+01,+1.730000E-04,+9.910000E+37,+2.732773E+02,+3.584400E+04,+2.134357E+01,+1.730000E-04,+9.910000E+37,+2.733447E+02,+3.584400E+04,+2.132798E+01,+1.730000E-04,+9.910000E+37,+2.734102E+02,+3.584400E+04,-2.421354E-02,+0.000000E+00,+9.910000E+37,+2.734766E+02,+3.584400E+04
12:38:42,0e0,+2.370624E+01,+1.930500E-04,+9.910000E+37,+2.736982E+02,+3.584400E+04,+2.368703E+01,+1.930500E-04,+9.910000E+37,+2.737646E+02,+3.584400E+04,+2.366631E+01,+1.930500E-04,+9.910000E+37,+2.738320E+02,+3.584400E+04,-2.193688E-02,+0.000000E+00,+9.910000E+37,+2.738975E+02,+3.584400E+04
12:38:42,0e0,+2.628949E+01,+2.154500E-04,+9.910000E+37,+2.741191E+02,+3.584400E+04,+2.626334E+01,+2.154500E-04,+9.910000E+37,+2.741846E+02,+3.584400E+04,+2.623492E+01,+2.154500E-04,+9.910000E+37,+2.742520E+02,+3.584400E+04,-2.234654E-02,+0.000000E+00,+9.910000E+37,+2.743174E+02,+3.584400E+04
12:38:42,0e0,+2.910906E+01,+2.404000E-04,+9.910000E+37,+2.745381E+02,+3.584400E+04,+2.907191E+01,+2.404000E-04,+9.910000E+37,+2.746055E+02,+3.584400E+04,+2.903158E+01,+2.404000E-04,+9.910000E+37,+2.746709E+02,+3.584400E+04,-2.298403E-02,+0.000000E+00,+9.910000E+37,+2.747373E+02,+3.584400E+04
12:38:42,0e0,+3.217417E+01,+2.682500E-04,+9.910000E+37,+2.749590E+02,+3.584400E+04,+3.212347E+01,+2.682500E-04,+9.910000E+37,+2.750254E+02,+3.584400E+04,+3.206920E+01,+2.682500E-04,+9.910000E+37,+2.750928E+02,+3.584400E+04,-2.302948E-02,+0.000000E+00,+9.910000E+37,+2.751650E+02,+3.584400E+04
12:38:42,0e0,+3.548745E+01,+2.993500E-04,+9.910000E+37,+2.753906E+02,+3.584400E+04,+3.541749E+01,+2.993500E-04,+9.910000E+37,+2.754570E+02,+3.584400E+04,+3.534676E+01,+2.993500E-04,+9.910000E+37,+2.755244E+02,+3.584400E+04,-2.289273E-02,+0.000000E+00,+9.910000E+37,+2.755898E+02,+3.584400E+04
12:38:42,0e0,+3.903137E+01,+3.340500E-04,+9.910000E+37,+2.758086E+02,+3.584400E+04,+3.893890E+01,+3.340500E-04,+9.910000E+37,+2.758750E+02,+3.584400E+04,+3.884445E+01,+3.340500E-04,+9.910000E+37,+2.759424E+02,+3.584400E+04,-2.302955E-02,+0.000000E+00,+9.910000E+37,+2.760078E+02,+3.584400E+04
12:38:42,0e0,+4.279632E+01,+3.727500E-04,+9.910000E+37,+2.762344E+02,+3.584400E+04,+4.267130E+01,+3.727500E-04,+9.910000E+37,+2.763008E+02,+3.584400E+04,+4.254891E+01,+3.727500E-04,+9.910000E+37,+2.763672E+02,+3.584400E+04,-2.334832E-02,+0.000000E+00,+9.910000E+37,+2.764336E+02,+3.584400E+04
12:38:42,0e0,+4.675776E+01,+4.159500E-04,+9.910000E+37,+2.766543E+02,+3.584400E+04,+4.659269E+01,+4.159500E-04,+9.910000E+37,+2.767217E+02,+3.584400E+04,+4.643567E+01,+4.159500E-04,+9.910000E+37,+2.767871E+02,+3.584400E+04,-2.293856E-02,+0.000000E+00,+9.910000E+37,+2.768535E+02,+3.584400E+04
12:38:42,0e0,+5.089438E+01,+4.641500E-04,+9.910000E+37,+2.770762E+02,+3.584400E+04,+5.068156E+01,+4.641500E-04,+9.910000E+37,+2.771416E+02,+3.584400E+04,+5.048021E+01,+4.641500E-04,+9.910000E+37,+2.772090E+02,+3.584400E+04,-2.398573E-02,+0.000000E+00,+9.910000E+37,+2.772744E+02,+3.584400E+04
12:38:42,0e0,+5.517225E+01,+5.179500E-04,+9.910000E+37,+2.774951E+02,+3.584400E+04,+5.489873E+01,+5.179500E-04,+9.910000E+37,+2.775625E+02,+3.584400E+04,+5.464608E+01,+5.179500E-04,+9.910000E+37,+2.776279E+02,+3.584400E+04,-2.275644E-02,+0.000000E+00,+9.910000E+37,+2.776943E+02,+3.584400E+04
12:38:42,0e0,+5.956712E+01,+5.779500E-04,+9.910000E+37,+2.779199E+02,+3.584400E+04,+5.921817E+01,+5.779500E-04,+9.910000E+37,+2.779863E+02,+3.584400E+04,+5.890456E+01,+5.779500E-04,+9.910000E+37,+2.780527E+02,+3.584400E+04,-2.257419E-02,+0.000000E+00,+9.910000E+37,+2.781191E+02,+3.584400E+04
12:38:42,0e0,+6.403420E+01,+6.449500E-04,+9.910000E+37,+2.783408E+02,+3.584400E+04,+6.359648E+01,+6.449500E-04,+9.910000E+37,+2.784072E+02,+3.584400E+04,+6.320738E+01,+6.449500E-04,+9.910000E+37,+2.784736E+02,+3.584400E+04,-2.316634E-02,+0.000000E+00,+9.910000E+37,+2.785410E+02,+3.584400E+04
12:38:42,0e0,+6.854869E+01,+7.197000E-04,+9.910000E+37,+2.787617E+02,+3.584400E+04,+6.800647E+01,+7.197000E-04,+9.910000E+37,+2.788271E+02,+3.584400E+04,+6.753107E+01,+7.197000E-04,+9.910000E+37,+2.788936E+02,+3.584400E+04,-2.239229E-02,+0.000000E+00,+9.910000E+37,+2.789609E+02,+3.584400E+04
12:38:42,0e0,+7.308411E+01,+8.031000E-04,+9.910000E+37,+2.791816E+02,+3.584400E+04,+7.241742E+01,+8.031000E-04,+9.910000E+37,+2.792480E+02,+3.584400E+04,+7.184114E+01,+8.031000E-04,+9.910000E+37,+2.793154E+02,+3.584400E+04,-2.330285E-02,+0.000000E+00,+9.910000E+37,+2.793809E+02,+3.584400E+04
12:38:42,0e0,+7.760738E+01,+8.961500E-04,+9.910000E+37,+2.796025E+02,+3.584400E+04,+7.678880E+01,+8.961500E-04,+9.910000E+37,+2.796689E+02,+3.584400E+04,+7.609183E+01,+8.961500E-04,+9.910000E+37,+2.797354E+02,+3.584400E+04,-2.257456E-02,+0.000000E+00,+9.910000E+37,+2.798018E+02,+3.584400E+04
12:38:42,0e0,+8.206535E+01,+1.000000E-03,+9.910000E+37,+2.800195E+02,+3.584400E+04,+8.107996E+01,+1.000000E-03,+9.910000E+37,+2.800869E+02,+3.584400E+04,+8.025439E+01,+1.000000E-03,+9.910000E+37,+2.801533E+02,+3.584400E+04,-2.221009E-02,+0.000000E+00,+9.910000E+37,+2.802207E+02,+3.584400E+04
12:38:42,0e0,+8.649458E+01,+1.116000E-03,+9.910000E+37,+2.804551E+02,+3.584400E+04,+8.529546E+01,+1.116000E-03,+9.910000E+37,+2.805205E+02,+3.584400E+04,+8.430492E+01,+1.116000E-03,+9.910000E+37,+2.805869E+02,+3.584400E+04,-6.806020E-02,+0.000000E+00,+9.910000E+37,+2.806533E+02,+3.584400E+04
12:38:42,0e0,+9.073319E+01,+1.245000E-03,+9.910000E+37,+2.808730E+02,+3.584400E+04,+8.930800E+01,+1.245000E-03,+9.910000E+37,+2.809395E+02,+3.584400E+04,+8.814612E+01,+1.245000E-03,+9.910000E+37,+2.810059E+02,+3.584400E+04,-6.186792E-02,+0.000000E+00,+9.910000E+37,+2.810723E+02,+3.584400E+04
12:38:42,0e0,+9.483922E+01,+1.389500E-03,+9.910000E+37,+2.812930E+02,+3.584400E+04,+9.315323E+01,+1.389500E-03,+9.910000E+37,+2.813604E+02,+3.584400E+04,+9.178893E+01,+1.389500E-03,+9.910000E+37,+2.814258E+02,+3.584400E+04,-6.205001E-02,+0.000000E+00,+9.910000E+37,+2.814922E+02,+3.584400E+04
12:38:42,0e0,+9.875397E+01,+1.550500E-03,+9.910000E+37,+2.817139E+02,+3.584400E+04,+9.676936E+01,+1.550500E-03,+9.910000E+37,+2.817803E+02,+3.584400E+04,+9.518332E+01,+1.550500E-03,+9.910000E+37,+2.818467E+02,+3.584400E+04,-5.986476E-02,+0.000000E+00,+9.910000E+37,+2.819141E+02,+3.584400E+04
12:38:42,0e0,+1.023995E+02,+1.730000E-03,+9.910000E+37,+2.821338E+02,+3.584400E+04,+1.000807E+02,+1.730000E-03,+9.910000E+37,+2.822002E+02,+3.584400E+04,+9.825440E+01,+1.730000E-03,+9.910000E+37,+2.822676E+02,+3.584400E+04,-5.635870E-02,+0.000000E+00,+9.910000E+37,+2.823350E+02,+3.584400E+04
12:38:42,0e0,+1.057500E+02,+1.930500E-03,+9.910000E+37,+2.825537E+02,+3.584400E+04,+1.030747E+02,+1.930500E-03,+9.910000E+37,+2.826211E+02,+3.584400E+04,+1.009702E+02,+1.930500E-03,+9.910000E+37,+2.826865E+02,+3.584400E+04,-5.380902E-02,+0.000000E+00,+9.910000E+37,+2.827529E+02,+3.584400E+04
12:38:42,0e0,+1.088432E+02,+2.154500E-03,+9.910000E+37,+2.829795E+02,+3.584400E+04,+1.057380E+02,+2.154500E-03,+9.910000E+37,+2.830459E+02,+3.584400E+04,+1.033272E+02,+2.154500E-03,+9.910000E+37,+2.831133E+02,+3.584400E+04,-5.230616E-02,+0.000000E+00,+9.910000E+37,+2.831787E+02,+3.584400E+04
12:38:42,0e0,+1.114525E+02,+2.404000E-03,+9.910000E+37,+2.834014E+02,+3.584400E+04,+1.079033E+02,+2.404000E-03,+9.910000E+37,+2.834668E+02,+3.584400E+04,+1.051680E+02,+2.404000E-03,+9.910000E+37,+2.835332E+02,+3.584400E+04,-4.766229E-02,+0.000000E+00,+9.910000E+37,+2.836006E+02,+3.584400E+04
12:38:42,0e0,+1.135755E+02,+2.682500E-03,+9.910000E+37,+2.838174E+02,+3.584400E+04,+1.095673E+02,+2.682500E-03,+9.910000E+37,+2.838828E+02,+3.584400E+04,+1.064845E+02,+2.682500E-03,+9.910000E+37,+2.839502E+02,+3.584400E+04,-4.547676E-02,+0.000000E+00,+9.910000E+37,+2.840166E+02,+3.584400E+04
12:38:42,0e0,+1.153573E+02,+2.993500E-03,+9.910000E+37,+2.842383E+02,+3.584400E+04,+1.108065E+02,+2.993500E-03,+9.910000E+37,+2.843047E+02,+3.584400E+04,+1.072753E+02,+2.993500E-03,+9.910000E+37,+2.843721E+02,+3.584400E+04,-4.374652E-02,+0.000000E+00,+9.910000E+37,+2.844443E+02,+3.584400E+04
12:38:42,0e0,+1.166706E+02,+3.340500E-03,+9.910000E+37,+2.846699E+02,+3.584400E+04,+1.115350E+02,+3.340500E-03,+9.910000E+37,+2.847373E+02,+3.584400E+04,+1.076689E+02,+3.340500E-03,+9.910000E+37,+2.848027E+02,+3.584400E+04,-4.128784E-02,+0.000000E+00,+9.910000E+37,+2.848691E+02,+3.584400E+04
12:38:42,0e0,+1.172889E+02,+3.727500E-03,+9.910000E+37,+2.850908E+02,+3.584400E+04,+1.115636E+02,+3.727500E-03,+9.910000E+37,+2.851572E+02,+3.584400E+04,+1.072907E+02,+3.727500E-03,+9.910000E+37,+2.852246E+02,+3.584400E+04,-3.810062E-02,+0.000000E+00,+9.910000E+37,+2.852920E+02,+3.584400E+04
12:38:42,0e0,+1.173926E+02,+4.159500E-03,+9.910000E+37,+2.855137E+02,+3.584400E+04,+1.110471E+02,+4.159500E-03,+9.910000E+37,+2.855811E+02,+3.584400E+04,+1.063629E+02,+4.159500E-03,+9.910000E+37,+2.856465E+02,+3.584400E+04,-3.423074E-02,+0.000000E+00,+9.910000E+37,+2.857139E+02,+3.584400E+04
12:38:42,0e0,+1.170041E+02,+4.641500E-03,+9.910000E+37,+2.859375E+02,+3.584400E+04,+1.100018E+02,+4.641500E-03,+9.910000E+37,+2.860039E+02,+3.584400E+04,+1.048811E+02,+4.641500E-03,+9.910000E+37,+2.860713E+02,+3.584400E+04,-3.190853E-02,+0.000000E+00,+9.910000E+37,+2.861367E+02,+3.584400E+04
12:38:42,0e0,+1.161064E+02,+5.179500E-03,+9.910000E+37,+2.863633E+02,+3.584400E+04,+1.084160E+02,+5.179500E-03,+9.910000E+37,+2.864307E+02,+3.584400E+04,+1.028501E+02,+5.179500E-03,+9.910000E+37,+2.864961E+02,+3.584400E+04,-3.186318E-02,+0.000000E+00,+9.910000E+37,+2.865635E+02,+3.584400E+04
12:38:42,0e0,+1.144273E+02,+5.779500E-03,+9.910000E+37,+2.867832E+02,+3.584400E+04,+1.060544E+02,+5.779500E-03,+9.910000E+37,+2.868496E+02,+3.584400E+04,+1.000949E+02,+5.779500E-03,+9.910000E+37,+2.869170E+02,+3.584400E+04,-2.867560E-02,+0.000000E+00,+9.910000E+37,+2.869844E+02,+3.584400E+04
12:38:42,0e0,+1.122258E+02,+6.449500E-03,+9.910000E+37,+2.872031E+02,+3.584400E+04,+1.031843E+02,+6.449500E-03,+9.910000E+37,+2.872705E+02,+3.584400E+04,+9.686182E+01,+6.449500E-03,+9.910000E+37,+2.873359E+02,+3.584400E+04,-2.589826E-02,+0.000000E+00,+9.910000E+37,+2.874023E+02,+3.584400E+04
12:38:42,0e0,+1.095870E+02,+7.197000E-03,+9.910000E+37,+2.876240E+02,+3.584400E+04,+9.987590E+01,+7.197000E-03,+9.910000E+37,+2.876904E+02,+3.584400E+04,+9.318545E+01,+7.197000E-03,+9.910000E+37,+2.877568E+02,+3.584400E+04,-2.489613E-02,+0.000000E+00,+9.910000E+37,+2.878242E+02,+3.584400E+04
12:38:42,0e0,+1.067232E+02,+8.031000E-03,+9.910000E+37,+2.880527E+02,+3.584400E+04,+9.635599E+01,+8.031000E-03,+9.910000E+37,+2.881191E+02,+3.584400E+04,+8.933012E+01,+8.031000E-03,+9.910000E+37,+2.881855E+02,+3.584400E+04,-2.389497E-02,+0.000000E+00,+9.910000E+37,+2.882529E+02,+3.584400E+04
12:38:42,0e0,+1.029690E+02,+8.961500E-03,+9.910000E+37,+2.884717E+02,+3.584400E+04,+9.205049E+01,+8.961500E-03,+9.910000E+37,+2.885381E+02,+3.584400E+04,+8.469381E+01,+8.961500E-03,+9.910000E+37,+2.886064E+02,+3.584400E+04,-2.339408E-02,+0.000000E+00,+9.910000E+37,+2.886768E+02,+3.584400E+04
