12:59:39,0e0,+8.105174E-03,+1.000000E-07,+9.910000E+37,+1.419786E+03,+3.584400E+04,+8.879393E-03,+1.000000E-07,+9.910000E+37,+1.419854E+03,+3.584400E+04,+8.150592E-03,+1.000000E-07,+9.910000E+37,+1.419920E+03,+3.584400E+04,-9.241536E-03,+0.000000E+00,+9.910000E+37,+1.419987E+03,+3.584400E+04
12:59:39,0e0,+1.042740E-02,+1.116000E-07,+9.910000E+37,+1.420212E+03,+3.584400E+04,+1.079164E-02,+1.116000E-07,+9.910000E+37,+1.420277E+03,+3.584400E+04,+1.042750E-02,+1.116000E-07,+9.910000E+37,+1.420344E+03,+3.584400E+04,-9.332612E-03,+0.000000E+00,+9.910000E+37,+1.420410E+03,+3.584400E+04
12:59:39,0e0,+1.138283E-02,+1.245000E-07,+9.910000E+37,+1.420635E+03,+3.584400E+04,+1.274934E-02,+1.245000E-07,+9.910000E+37,+1.420701E+03,+3.584400E+04,+1.256725E-02,+1.245000E-07,+9.910000E+37,+1.420768E+03,+3.584400E+04,-1.101752E-02,+0.000000E+00,+9.910000E+37,+1.420834E+03,+3.584400E+04
12:59:39,0e0,+1.484393E-02,+1.389500E-07,+9.910000E+37,+1.421061E+03,+3.584400E+04,+1.466179E-02,+1.389500E-07,+9.910000E+37,+1.421127E+03,+3.584400E+04,+1.520815E-02,+1.389500E-07,+9.910000E+37,+1.421192E+03,+3.584400E+04,-8.695126E-03,+0.000000E+00,+9.910000E+37,+1.421259E+03,+3.584400E+04
12:59:39,0e0,+1.762150E-02,+1.550500E-07,+9.910000E+37,+1.421486E+03,+3.584400E+04,+1.707460E-02,+1.550500E-07,+9.910000E+37,+1.421553E+03,+3.584400E+04,+1.866823E-02,+1.550500E-07,+9.910000E+37,+1.421619E+03,+3.584400E+04,-8.057341E-03,+0.000000E+00,+9.910000E+37,+1.421686E+03,+3.584400E+04
12:59:39,0e0,+2.053481E-02,+1.730000E-07,+9.910000E+37,+1.421908E+03,+3.584400E+04,+2.135496E-02,+1.730000E-07,+9.910000E+37,+1.421975E+03,+3.584400E+04,+2.026200E-02,+1.730000E-07,+9.910000E+37,+1.422042E+03,+3.584400E+04,-9.059310E-03,+0.000000E+00,+9.910000E+37,+1.422107E+03,+3.584400E+04
12:59:39,0e0,+2.476902E-02,+1.930500E-07,+9.910000E+37,+1.422332E+03,+3.584400E+04,+2.354017E-02,+1.930500E-07,+9.910000E+37,+1.422398E+03,+3.584400E+04,+2.408618E-02,+1.930500E-07,+9.910000E+37,+1.422465E+03,+3.584400E+04,-1.078984E-02,+0.000000E+00,+9.910000E+37,+1.422530E+03,+3.584400E+04
12:59:39,0e0,+2.709080E-02,+2.154500E-07,+9.910000E+37,+1.422756E+03,+3.584400E+04,+2.763762E-02,+2.154500E-07,+9.910000E+37,+1.422822E+03,+3.584400E+04,+2.654444E-02,+2.154500E-07,+9.910000E+37,+1.422888E+03,+3.584400E+04,-1.015241E-02,+0.000000E+00,+9.910000E+37,+1.422954E+03,+3.584400E+04
12:59:39,0e0,+3.141636E-02,+2.404000E-07,+9.910000E+37,+1.423179E+03,+3.584400E+04,+3.260052E-02,+2.404000E-07,+9.910000E+37,+1.423245E+03,+3.584400E+04,+3.055105E-02,+2.404000E-07,+9.910000E+37,+1.423312E+03,+3.584400E+04,-9.286866E-03,+0.000000E+00,+9.910000E+37,+1.423378E+03,+3.584400E+04
12:59:39,0e0,+3.751746E-02,+2.682500E-07,+9.910000E+37,+1.423603E+03,+3.584400E+04,+3.656140E-02,+2.682500E-07,+9.910000E+37,+1.423669E+03,+3.584400E+04,+3.624260E-02,+2.682500E-07,+9.910000E+37,+1.423735E+03,+3.584400E+04,-1.028882E-02,+0.000000E+00,+9.910000E+37,+1.423802E+03,+3.584400E+04
12:59:39,0e0,+4.225326E-02,+2.993500E-07,+9.910000E+37,+1.424028E+03,+3.584400E+04,+4.088652E-02,+2.993500E-07,+9.910000E+37,+1.424096E+03,+3.584400E+04,+4.043087E-02,+2.993500E-07,+9.910000E+37,+1.424162E+03,+3.584400E+04,-9.104729E-03,+0.000000E+00,+9.910000E+37,+1.424229E+03,+3.584400E+04
12:59:39,0e0,+4.748839E-02,+3.340500E-07,+9.910000E+37,+1.424454E+03,+3.584400E+04,+4.607666E-02,+3.340500E-07,+9.910000E+37,+1.424520E+03,+3.584400E+04,+4.689720E-02,+3.340500E-07,+9.910000E+37,+1.424586E+03,+3.584400E+04,-7.920906E-03,+0.000000E+00,+9.910000E+37,+1.424652E+03,+3.584400E+04
12:59:39,0e0,+5.340731E-02,+3.727500E-07,+9.910000E+37,+1.424879E+03,+3.584400E+04,+5.318007E-02,+3.727500E-07,+9.910000E+37,+1.424945E+03,+3.584400E+04,+5.290675E-02,+3.727500E-07,+9.910000E+37,+1.425012E+03,+3.584400E+04,-9.469464E-03,+0.000000E+00,+9.910000E+37,+1.425078E+03,+3.584400E+04
12:59:39,0e0,+5.955389E-02,+4.159500E-07,+9.910000E+37,+1.425302E+03,+3.584400E+04,+6.123826E-02,+4.159500E-07,+9.910000E+37,+1.425369E+03,+3.584400E+04,+5.996343E-02,+4.159500E-07,+9.910000E+37,+1.425435E+03,+3.584400E+04,-9.605750E-03,+0.000000E+00,+9.910000E+37,+1.425501E+03,+3.584400E+04
12:59:39,0e0,+6.779510E-02,+4.641500E-07,+9.910000E+37,+1.425726E+03,+3.584400E+04,+6.661078E-02,+4.641500E-07,+9.910000E+37,+1.425792E+03,+3.584400E+04,+6.756708E-02,+4.641500E-07,+9.910000E+37,+1.425858E+03,+3.584400E+04,-9.924546E-03,+0.000000E+00,+9.910000E+37,+1.425925E+03,+3.584400E+04
12:59:39,0e0,+7.612693E-02,+5.179500E-07,+9.910000E+37,+1.426147E+03,+3.584400E+04,+7.635421E-02,+5.179500E-07,+9.910000E+37,+1.426215E+03,+3.584400E+04,+7.562578E-02,+5.179500E-07,+9.910000E+37,+1.426282E+03,+3.584400E+04,-9.514719E-03,+0.000000E+00,+9.910000E+37,+1.426348E+03,+3.584400E+04
12:59:39,0e0,+8.450392E-02,+5.779500E-07,+9.910000E+37,+1.426573E+03,+3.584400E+04,+8.450404E-02,+5.779500E-07,+9.910000E+37,+1.426640E+03,+3.584400E+04,+8.482277E-02,+5.779500E-07,+9.910000E+37,+1.426706E+03,+3.584400E+04,-9.469166E-03,+0.000000E+00,+9.910000E+37,+1.426772E+03,+3.584400E+04
12:59:39,0e0,+9.461153E-02,+6.449500E-07,+9.910000E+37,+1.426998E+03,+3.584400E+04,+9.260765E-02,+6.449500E-07,+9.910000E+37,+1.427064E+03,+3.584400E+04,+9.333622E-02,+6.449500E-07,+9.910000E+37,+1.427131E+03,+3.584400E+04,-9.742394E-03,+0.000000E+00,+9.910000E+37,+1.427198E+03,+3.584400E+04
12:59:39,0e0,+1.053111E-01,+7.197000E-07,+9.910000E+37,+1.427423E+03,+3.584400E+04,+1.052654E-01,+7.197000E-07,+9.910000E+37,+1.427489E+03,+3.584400E+04,+1.060395E-01,+7.197000E-07,+9.910000E+37,+1.427557E+03,+3.584400E+04,-9.104893E-03,+0.000000E+00,+9.910000E+37,+1.427624E+03,+3.584400E+04
12:59:39,0e0,+1.172392E-01,+8.031000E-07,+9.910000E+37,+1.427849E+03,+3.584400E+04,+1.173307E-01,+8.031000E-07,+9.910000E+37,+1.427915E+03,+3.584400E+04,+1.172406E-01,+8.031000E-07,+9.910000E+37,+1.427981E+03,+3.584400E+04,-9.241506E-03,+0.000000E+00,+9.910000E+37,+1.428049E+03,+3.584400E+04
12:59:39,0e0,+1.307166E-01,+8.961500E-07,+9.910000E+37,+1.428274E+03,+3.584400E+04,+1.298513E-01,+8.961500E-07,+9.910000E+37,+1.428341E+03,+3.584400E+04,+1.295776E-01,+8.961500E-07,+9.910000E+37,+1.428407E+03,+3.584400E+04,-1.051655E-02,+0.000000E+00,+9.910000E+37,+1.428474E+03,+3.584400E+04
12:59:39,0e0,+1.448302E-01,+1.000000E-06,+9.910000E+37,+1.428695E+03,+3.584400E+04,+1.437373E-01,+1.000000E-06,+9.910000E+37,+1.428761E+03,+3.584400E+04,+1.446480E-01,+1.000000E-06,+9.910000E+37,+1.428827E+03,+3.584400E+04,-9.605750E-03,+0.000000E+00,+9.910000E+37,+1.428894E+03,+3.584400E+04
12:59:39,0e0,+1.482004E-01,+1.116000E-06,+9.910000E+37,+1.429118E+03,+3.584400E+04,+1.480635E-01,+1.116000E-06,+9.910000E+37,+1.429185E+03,+3.584400E+04,+1.475169E-01,+1.116000E-06,+9.910000E+37,+1.429252E+03,+3.584400E+04,-8.512944E-03,+0.000000E+00,+9.910000E+37,+1.429319E+03,+3.584400E+04
12:59:39,0e0,+1.639532E-01,+1.245000E-06,+9.910000E+37,+1.429547E+03,+3.584400E+04,+1.634067E-01,+1.245000E-06,+9.910000E+37,+1.429614E+03,+3.584400E+04,+1.629512E-01,+1.245000E-06,+9.910000E+37,+1.429680E+03,+3.584400E+04,-9.332612E-03,+0.000000E+00,+9.910000E+37,+1.429746E+03,+3.584400E+04
12:59:39,0e0,+1.823016E-01,+1.389500E-06,+9.910000E+37,+1.429968E+03,+3.584400E+04,+1.806630E-01,+1.389500E-06,+9.910000E+37,+1.430033E+03,+3.584400E+04,+1.814820E-01,+1.389500E-06,+9.910000E+37,+1.430100E+03,+3.584400E+04,-8.922920E-03,+0.000000E+00,+9.910000E+37,+1.430166E+03,+3.584400E+04
12:59:39,0e0,+2.009232E-01,+1.550500E-06,+9.910000E+37,+1.430388E+03,+3.584400E+04,+2.000580E-01,+1.550500E-06,+9.910000E+37,+1.430455E+03,+3.584400E+04,+2.000123E-01,+1.550500E-06,+9.910000E+37,+1.430521E+03,+3.584400E+04,-9.605676E-03,+0.000000E+00,+9.910000E+37,+1.430588E+03,+3.584400E+04
12:59:39,0e0,+2.209107E-01,+1.730000E-06,+9.910000E+37,+1.430814E+03,+3.584400E+04,+2.209105E-01,+1.730000E-06,+9.910000E+37,+1.430881E+03,+3.584400E+04,+2.208196E-01,+1.730000E-06,+9.910000E+37,+1.430947E+03,+3.584400E+04,-8.968398E-03,+0.000000E+00,+9.910000E+37,+1.431014E+03,+3.584400E+04
12:59:39,0e0,+2.429480E-01,+1.930500E-06,+9.910000E+37,+1.431238E+03,+3.584400E+04,+2.434933E-01,+1.930500E-06,+9.910000E+37,+1.431306E+03,+3.584400E+04,+2.427655E-01,+1.930500E-06,+9.910000E+37,+1.431371E+03,+3.584400E+04,-8.604124E-03,+0.000000E+00,+9.910000E+37,+1.431438E+03,+3.584400E+04
12:59:39,0e0,+2.688534E-01,+2.154500E-06,+9.910000E+37,+1.431663E+03,+3.584400E+04,+2.678526E-01,+2.154500E-06,+9.910000E+37,+1.431729E+03,+3.584400E+04,+2.693996E-01,+2.154500E-06,+9.910000E+37,+1.431795E+03,+3.584400E+04,-9.195998E-03,+0.000000E+00,+9.910000E+37,+1.431861E+03,+3.584400E+04
12:59:39,0e0,+2.950329E-01,+2.404000E-06,+9.910000E+37,+1.432086E+03,+3.584400E+04,+2.934839E-01,+2.404000E-06,+9.910000E+37,+1.432152E+03,+3.584400E+04,+2.948050E-01,+2.404000E-06,+9.910000E+37,+1.432219E+03,+3.584400E+04,-8.603692E-03,+0.000000E+00,+9.910000E+37,+1.432286E+03,+3.584400E+04
12:59:39,0e0,+3.230332E-01,+2.682500E-06,+9.910000E+37,+1.432512E+03,+3.584400E+04,+3.228967E-01,+2.682500E-06,+9.910000E+37,+1.432578E+03,+3.584400E+04,+3.231256E-01,+2.682500E-06,+9.910000E+37,+1.432646E+03,+3.584400E+04,-9.605631E-03,+0.000000E+00,+9.910000E+37,+1.432711E+03,+3.584400E+04
12:59:39,0e0,+3.545845E-01,+2.993500E-06,+9.910000E+37,+1.432937E+03,+3.584400E+04,+3.564067E-01,+2.993500E-06,+9.910000E+37,+1.433003E+03,+3.584400E+04,+3.558148E-01,+2.993500E-06,+9.910000E+37,+1.433070E+03,+3.584400E+04,-9.879068E-03,+0.000000E+00,+9.910000E+37,+1.433136E+03,+3.584400E+04
12:59:39,0e0,+3.900988E-01,+3.340500E-06,+9.910000E+37,+1.433362E+03,+3.584400E+04,+3.899624E-01,+3.340500E-06,+9.910000E+37,+1.433429E+03,+3.584400E+04,+3.902805E-01,+3.340500E-06,+9.910000E+37,+1.433495E+03,+3.584400E+04,-9.104967E-03,+0.000000E+00,+9.910000E+37,+1.433562E+03,+3.584400E+04
12:59:39,0e0,+4.292537E-01,+3.727500E-06,+9.910000E+37,+1.433787E+03,+3.584400E+04,+4.279791E-01,+3.727500E-06,+9.910000E+37,+1.433854E+03,+3.584400E+04,+4.267035E-01,+3.727500E-06,+9.910000E+37,+1.433922E+03,+3.584400E+04,-9.013966E-03,+0.000000E+00,+9.910000E+37,+1.433987E+03,+3.584400E+04
12:59:39,0e0,+4.704128E-01,+4.159500E-06,+9.910000E+37,+1.434213E+03,+3.584400E+04,+4.700939E-01,+4.159500E-06,+9.910000E+37,+1.434280E+03,+3.584400E+04,+4.688183E-01,+4.159500E-06,+9.910000E+37,+1.434346E+03,+3.584400E+04,-9.196043E-03,+0.000000E+00,+9.910000E+37,+1.434412E+03,+3.584400E+04
12:59:39,0e0,+5.150769E-01,+4.641500E-06,+9.910000E+37,+1.434636E+03,+3.584400E+04,+5.144400E-01,+4.641500E-06,+9.910000E+37,+1.434703E+03,+3.584400E+04,+5.141196E-01,+4.641500E-06,+9.910000E+37,+1.434769E+03,+3.584400E+04,-9.742662E-03,+0.000000E+00,+9.910000E+37,+1.434836E+03,+3.584400E+04
12:59:39,0e0,+5.632920E-01,+5.179500E-06,+9.910000E+37,+1.435059E+03,+3.584400E+04,+5.645680E-01,+5.179500E-06,+9.910000E+37,+1.435126E+03,+3.584400E+04,+5.638834E-01,+5.179500E-06,+9.910000E+37,+1.435191E+03,+3.584400E+04,-9.924591E-03,+0.000000E+00,+9.910000E+37,+1.435258E+03,+3.584400E+04
12:59:39,0e0,+6.189287E-01,+5.779500E-06,+9.910000E+37,+1.435483E+03,+3.584400E+04,+6.206148E-01,+5.779500E-06,+9.910000E+37,+1.435549E+03,+3.584400E+04,+6.189298E-01,+5.779500E-06,+9.910000E+37,+1.435615E+03,+3.584400E+04,-9.833947E-03,+0.000000E+00,+9.910000E+37,+1.435682E+03,+3.584400E+04
12:59:39,0e0,+6.798031E-01,+6.449500E-06,+9.910000E+37,+1.435908E+03,+3.584400E+04,+6.805772E-01,+6.449500E-06,+9.910000E+37,+1.435976E+03,+3.584400E+04,+6.799857E-01,+6.449500E-06,+9.910000E+37,+1.436041E+03,+3.584400E+04,-9.150431E-03,+0.000000E+00,+9.910000E+37,+1.436107E+03,+3.584400E+04
12:59:39,0e0,+7.450919E-01,+7.197000E-06,+9.910000E+37,+1.436333E+03,+3.584400E+04,+7.448190E-01,+7.197000E-06,+9.910000E+37,+1.436400E+03,+3.584400E+04,+7.453656E-01,+7.197000E-06,+9.910000E+37,+1.436466E+03,+3.584400E+04,-9.423643E-03,+0.000000E+00,+9.910000E+37,+1.436532E+03,+3.584400E+04
12:59:39,0e0,+8.174399E-01,+8.031000E-06,+9.910000E+37,+1.436757E+03,+3.584400E+04,+8.153906E-01,+8.031000E-06,+9.910000E+37,+1.436824E+03,+3.584400E+04,+8.158913E-01,+8.031000E-06,+9.910000E+37,+1.436891E+03,+3.584400E+04,-8.558273E-03,+0.000000E+00,+9.910000E+37,+1.436957E+03,+3.584400E+04
12:59:39,0e0,+8.926548E-01,+8.961500E-06,+9.910000E+37,+1.437184E+03,+3.584400E+04,+8.932003E-01,+8.961500E-06,+9.910000E+37,+1.437251E+03,+3.584400E+04,+8.927435E-01,+8.961500E-06,+9.910000E+37,+1.437317E+03,+3.584400E+04,-8.695200E-03,+0.000000E+00,+9.910000E+37,+1.437383E+03,+3.584400E+04
12:59:39,0e0,+9.771584E-01,+1.000000E-05,+9.910000E+37,+1.437604E+03,+3.584400E+04,+9.746054E-01,+1.000000E-05,+9.910000E+37,+1.437670E+03,+3.584400E+04,+9.760183E-01,+1.000000E-05,+9.910000E+37,+1.437736E+03,+3.584400E+04,-9.150550E-03,+0.000000E+00,+9.910000E+37,+1.437803E+03,+3.584400E+04
12:59:39,0e0,+1.053695E+00,+1.116000E-05,+9.910000E+37,+1.438022E+03,+3.584400E+04,+1.054694E+00,+1.116000E-05,+9.910000E+37,+1.438088E+03,+3.584400E+04,+1.053373E+00,+1.116000E-05,+9.910000E+37,+1.438154E+03,+3.584400E+04,-9.423152E-03,+0.000000E+00,+9.910000E+37,+1.438220E+03,+3.584400E+04
12:59:39,0e0,+1.148484E+00,+1.245000E-05,+9.910000E+37,+1.438438E+03,+3.584400E+04,+1.149487E+00,+1.245000E-05,+9.910000E+37,+1.438504E+03,+3.584400E+04,+1.149533E+00,+1.245000E-05,+9.910000E+37,+1.438570E+03,+3.584400E+04,-9.241357E-03,+0.000000E+00,+9.910000E+37,+1.438637E+03,+3.584400E+04
12:59:39,0e0,+1.251791E+00,+1.389500E-05,+9.910000E+37,+1.438853E+03,+3.584400E+04,+1.252429E+00,+1.389500E-05,+9.910000E+37,+1.438919E+03,+3.584400E+04,+1.252246E+00,+1.389500E-05,+9.910000E+37,+1.438986E+03,+3.584400E+04,-9.924278E-03,+0.000000E+00,+9.910000E+37,+1.439055E+03,+3.584400E+04
12:59:39,0e0,+1.360561E+00,+1.550500E-05,+9.910000E+37,+1.439270E+03,+3.584400E+04,+1.362611E+00,+1.550500E-05,+9.910000E+37,+1.439337E+03,+3.584400E+04,+1.361971E+00,+1.550500E-05,+9.910000E+37,+1.439402E+03,+3.584400E+04,-9.924933E-03,+0.000000E+00,+9.910000E+37,+1.439469E+03,+3.584400E+04
12:59:39,0e0,+1.475386E+00,+1.730000E-05,+9.910000E+37,+1.439680E+03,+3.584400E+04,+1.476662E+00,+1.730000E-05,+9.910000E+37,+1.439747E+03,+3.584400E+04,+1.476798E+00,+1.730000E-05,+9.910000E+37,+1.439812E+03,+3.584400E+04,-1.078978E-02,+0.000000E+00,+9.910000E+37,+1.439879E+03,+3.584400E+04
12:59:39,0e0,+1.597453E+00,+1.930500E-05,+9.910000E+37,+1.440095E+03,+3.584400E+04,+1.598410E+00,+1.930500E-05,+9.910000E+37,+1.440161E+03,+3.584400E+04,+1.597998E+00,+1.930500E-05,+9.910000E+37,+1.440229E+03,+3.584400E+04,-1.010650E-02,+0.000000E+00,+9.910000E+37,+1.440294E+03,+3.584400E+04
12:59:39,0e0,+1.724252E+00,+2.154500E-05,+9.910000E+37,+1.440512E+03,+3.584400E+04,+1.723474E+00,+2.154500E-05,+9.910000E+37,+1.440579E+03,+3.584400E+04,+1.726119E+00,+2.154500E-05,+9.910000E+37,+1.440645E+03,+3.584400E+04,-9.924486E-03,+0.000000E+00,+9.910000E+37,+1.440712E+03,+3.584400E+04
12:59:39,0e0,+1.857061E+00,+2.404000E-05,+9.910000E+37,+1.440927E+03,+3.584400E+04,+1.860250E+00,+2.404000E-05,+9.910000E+37,+1.440993E+03,+3.584400E+04,+1.860385E+00,+2.404000E-05,+9.910000E+37,+1.441061E+03,+3.584400E+04,-9.605706E-03,+0.000000E+00,+9.910000E+37,+1.441128E+03,+3.584400E+04
12:59:39,0e0,+1.996427E+00,+2.682500E-05,+9.910000E+37,+1.441350E+03,+3.584400E+04,+1.997975E+00,+2.682500E-05,+9.910000E+37,+1.441415E+03,+3.584400E+04,+1.997612E+00,+2.682500E-05,+9.910000E+37,+1.441481E+03,+3.584400E+04,-9.332672E-03,+0.000000E+00,+9.910000E+37,+1.441550E+03,+3.584400E+04
12:59:39,0e0,+2.139847E+00,+2.993500E-05,+9.910000E+37,+1.441771E+03,+3.584400E+04,+2.140800E+00,+2.993500E-05,+9.910000E+37,+1.441839E+03,+3.584400E+04,+2.141711E+00,+2.993500E-05,+9.910000E+37,+1.441904E+03,+3.584400E+04,-8.877352E-03,+0.000000E+00,+9.910000E+37,+1.441973E+03,+3.584400E+04
12:59:39,0e0,+2.288773E+00,+3.340500E-05,+9.910000E+37,+1.442192E+03,+3.584400E+04,+2.290229E+00,+3.340500E-05,+9.910000E+37,+1.442259E+03,+3.584400E+04,+2.293280E+00,+3.340500E-05,+9.910000E+37,+1.442326E+03,+3.584400E+04,-9.059265E-03,+0.000000E+00,+9.910000E+37,+1.442396E+03,+3.584400E+04
12:59:39,0e0,+2.442936E+00,+3.727500E-05,+9.910000E+37,+1.442620E+03,+3.584400E+04,+2.444394E+00,+3.727500E-05,+9.910000E+37,+1.442688E+03,+3.584400E+04,+2.444893E+00,+3.727500E-05,+9.910000E+37,+1.442753E+03,+3.584400E+04,-9.651452E-03,+0.000000E+00,+9.910000E+37,+1.442822E+03,+3.584400E+04
12:59:39,0e0,+2.601695E+00,+4.159500E-05,+9.910000E+37,+1.443042E+03,+3.584400E+04,+2.603934E+00,+4.159500E-05,+9.910000E+37,+1.443109E+03,+3.584400E+04,+2.604703E+00,+4.159500E-05,+9.910000E+37,+1.443182E+03,+3.584400E+04,-9.013832E-03,+0.000000E+00,+9.910000E+37,+1.443253E+03,+3.584400E+04
12:59:39,0e0,+2.766060E+00,+4.641500E-05,+9.910000E+37,+1.443473E+03,+3.584400E+04,+2.768109E+00,+4.641500E-05,+9.910000E+37,+1.443539E+03,+3.584400E+04,+2.768975E+00,+4.641500E-05,+9.910000E+37,+1.443606E+03,+3.584400E+04,-9.514600E-03,+0.000000E+00,+9.910000E+37,+1.443675E+03,+3.584400E+04
12:59:39,0e0,+2.937114E+00,+5.179500E-05,+9.910000E+37,+1.443890E+03,+3.584400E+04,+2.937888E+00,+5.179500E-05,+9.910000E+37,+1.443957E+03,+3.584400E+04,+2.938390E+00,+5.179500E-05,+9.910000E+37,+1.444022E+03,+3.584400E+04,-9.560332E-03,+0.000000E+00,+9.910000E+37,+1.444090E+03,+3.584400E+04
12:59:39,0e0,+3.110128E+00,+5.779500E-05,+9.910000E+37,+1.444302E+03,+3.584400E+04,+3.111804E+00,+5.779500E-05,+9.910000E+37,+1.444369E+03,+3.584400E+04,+3.113093E+00,+5.779500E-05,+9.910000E+37,+1.444435E+03,+3.584400E+04,-9.514898E-03,+0.000000E+00,+9.910000E+37,+1.444501E+03,+3.584400E+04
12:59:39,0e0,+3.289967E+00,+6.449500E-05,+9.910000E+37,+1.444720E+03,+3.584400E+04,+3.292789E+00,+6.449500E-05,+9.910000E+37,+1.444786E+03,+3.584400E+04,+3.293335E+00,+6.449500E-05,+9.910000E+37,+1.444854E+03,+3.584400E+04,-9.287000E-03,+0.000000E+00,+9.910000E+37,+1.444919E+03,+3.584400E+04
12:59:39,0e0,+3.474817E+00,+7.197000E-05,+9.910000E+37,+1.445137E+03,+3.584400E+04,+3.477961E+00,+7.197000E-05,+9.910000E+37,+1.445202E+03,+3.584400E+04,+3.478364E+00,+7.197000E-05,+9.910000E+37,+1.445270E+03,+3.584400E+04,-9.924859E-03,+0.000000E+00,+9.910000E+37,+1.445335E+03,+3.584400E+04
12:59:39,0e0,+3.664677E+00,+8.031000E-05,+9.910000E+37,+1.445552E+03,+3.584400E+04,+3.667537E+00,+8.031000E-05,+9.910000E+37,+1.445619E+03,+3.584400E+04,+3.670232E+00,+8.031000E-05,+9.910000E+37,+1.445685E+03,+3.584400E+04,-1.024334E-02,+0.000000E+00,+9.910000E+37,+1.445751E+03,+3.584400E+04
12:59:39,0e0,+3.859581E+00,+8.961500E-05,+9.910000E+37,+1.445967E+03,+3.584400E+04,+3.864190E+00,+8.961500E-05,+9.910000E+37,+1.446032E+03,+3.584400E+04,+3.864873E+00,+8.961500E-05,+9.910000E+37,+1.446099E+03,+3.584400E+04,-9.651139E-03,+0.000000E+00,+9.910000E+37,+1.446168E+03,+3.584400E+04
12:59:39,0e0,+4.060638E+00,+1.000000E-04,+9.910000E+37,+1.446378E+03,+3.584400E+04,+4.066565E+00,+1.000000E-04,+9.910000E+37,+1.446450E+03,+3.584400E+04,+4.064416E+00,+1.000000E-04,+9.910000E+37,+1.446517E+03,+3.584400E+04,-1.042534E-02,+0.000000E+00,+9.910000E+37,+1.446584E+03,+3.584400E+04
12:59:39,0e0,+4.253692E+00,+1.116000E-04,+9.910000E+37,+1.446800E+03,+3.584400E+04,+4.258522E+00,+1.116000E-04,+9.910000E+37,+1.446865E+03,+3.584400E+04,+4.259884E+00,+1.116000E-04,+9.910000E+37,+1.446933E+03,+3.584400E+04,-1.675409E-02,+0.000000E+00,+9.910000E+37,+1.446999E+03,+3.584400E+04
12:59:39,0e0,+4.462310E+00,+1.245000E-04,+9.910000E+37,+1.447219E+03,+3.584400E+04,+4.465497E+00,+1.245000E-04,+9.910000E+37,+1.447285E+03,+3.584400E+04,+4.467451E+00,+1.245000E-04,+9.910000E+37,+1.447353E+03,+3.584400E+04,-1.570669E-02,+0.000000E+00,+9.910000E+37,+1.447418E+03,+3.584400E+04
12:59:39,0e0,+4.674840E+00,+1.389500E-04,+9.910000E+37,+1.447639E+03,+3.584400E+04,+4.678156E+00,+1.389500E-04,+9.910000E+37,+1.447706E+03,+3.584400E+04,+4.680895E+00,+1.389500E-04,+9.910000E+37,+1.447771E+03,+3.584400E+04,-1.629876E-02,+0.000000E+00,+9.910000E+37,+1.447839E+03,+3.584400E+04
12:59:39,0e0,+4.890010E+00,+1.550500E-04,+9.910000E+37,+1.448061E+03,+3.584400E+04,+4.895750E+00,+1.550500E-04,+9.910000E+37,+1.448127E+03,+3.584400E+04,+4.896569E+00,+1.550500E-04,+9.910000E+37,+1.448193E+03,+3.584400E+04,-1.607130E-02,+0.000000E+00,+9.910000E+37,+1.448261E+03,+3.584400E+04
12:59:39,0e0,+5.109644E+00,+1.730000E-04,+9.910000E+37,+1.448479E+03,+3.584400E+04,+5.113289E+00,+1.730000E-04,+9.910000E+37,+1.448547E+03,+3.584400E+04,+5.114563E+00,+1.730000E-04,+9.910000E+37,+1.448613E+03,+3.584400E+04,-1.648092E-02,+0.000000E+00,+9.910000E+37,+1.448680E+03,+3.584400E+04
12:59:39,0e0,+5.327050E+00,+1.930500E-04,+9.910000E+37,+1.448899E+03,+3.584400E+04,+5.331652E+00,+1.930500E-04,+9.910000E+37,+1.448967E+03,+3.584400E+04,+5.333193E+00,+1.930500E-04,+9.910000E+37,+1.449032E+03,+3.584400E+04,-1.707304E-02,+0.000000E+00,+9.910000E+37,+1.449100E+03,+3.584400E+04
12:59:39,0e0,+5.545044E+00,+2.154500E-04,+9.910000E+37,+1.449323E+03,+3.584400E+04,+5.549727E+00,+2.154500E-04,+9.910000E+37,+1.449390E+03,+3.584400E+04,+5.551194E+00,+2.154500E-04,+9.910000E+37,+1.449457E+03,+3.584400E+04,-1.629883E-02,+0.000000E+00,+9.910000E+37,+1.449522E+03,+3.584400E+04
12:59:39,0e0,+5.758313E+00,+2.404000E-04,+9.910000E+37,+1.449743E+03,+3.584400E+04,+5.764138E+00,+2.404000E-04,+9.910000E+37,+1.449811E+03,+3.584400E+04,+5.764500E+00,+2.404000E-04,+9.910000E+37,+1.449877E+03,+3.584400E+04,-1.620759E-02,+0.000000E+00,+9.910000E+37,+1.449943E+03,+3.584400E+04
12:59:39,0e0,+5.964999E+00,+2.682500E-04,+9.910000E+37,+1.450165E+03,+3.584400E+04,+5.971980E+00,+2.682500E-04,+9.910000E+37,+1.450230E+03,+3.584400E+04,+5.972122E+00,+2.682500E-04,+9.910000E+37,+1.450297E+03,+3.584400E+04,-1.584332E-02,+0.000000E+00,+9.910000E+37,+1.450364E+03,+3.584400E+04
12:59:39,0e0,+6.162880E+00,+2.993500E-04,+9.910000E+37,+1.450584E+03,+3.584400E+04,+6.168798E+00,+2.993500E-04,+9.910000E+37,+1.450651E+03,+3.584400E+04,+6.168673E+00,+2.993500E-04,+9.910000E+37,+1.450717E+03,+3.584400E+04,-1.579790E-02,+0.000000E+00,+9.910000E+37,+1.450783E+03,+3.584400E+04
12:59:39,0e0,+6.347413E+00,+3.340500E-04,+9.910000E+37,+1.451012E+03,+3.584400E+04,+6.353065E+00,+3.340500E-04,+9.910000E+37,+1.451077E+03,+3.584400E+04,+6.353888E+00,+3.340500E-04,+9.910000E+37,+1.451144E+03,+3.584400E+04,-1.616253E-02,+0.000000E+00,+9.910000E+37,+1.451210E+03,+3.584400E+04
12:59:39,0e0,+6.517605E+00,+3.727500E-04,+9.910000E+37,+1.451437E+03,+3.584400E+04,+6.522475E+00,+3.727500E-04,+9.910000E+37,+1.451504E+03,+3.584400E+04,+6.521291E+00,+3.727500E-04,+9.910000E+37,+1.451570E+03,+3.584400E+04,-1.429532E-02,+0.000000E+00,+9.910000E+37,+1.451637E+03,+3.584400E+04
12:59:39,0e0,+6.675365E+00,+4.159500E-04,+9.910000E+37,+1.451856E+03,+3.584400E+04,+6.680235E+00,+4.159500E-04,+9.910000E+37,+1.451924E+03,+3.584400E+04,+6.677215E+00,+4.159500E-04,+9.910000E+37,+1.451989E+03,+3.584400E+04,-1.461415E-02,+0.000000E+00,+9.910000E+37,+1.452057E+03,+3.584400E+04
12:59:39,0e0,+6.824152E+00,+4.641500E-04,+9.910000E+37,+1.452283E+03,+3.584400E+04,+6.828250E+00,+4.641500E-04,+9.910000E+37,+1.452351E+03,+3.584400E+04,+6.825515E+00,+4.641500E-04,+9.910000E+37,+1.452418E+03,+3.584400E+04,-1.520605E-02,+0.000000E+00,+9.910000E+37,+1.452483E+03,+3.584400E+04
12:59:39,0e0,+6.964252E+00,+5.179500E-04,+9.910000E+37,+1.452710E+03,+3.584400E+04,+6.969257E+00,+5.179500E-04,+9.910000E+37,+1.452777E+03,+3.584400E+04,+6.966069E+00,+5.179500E-04,+9.910000E+37,+1.452845E+03,+3.584400E+04,-1.561579E-02,+0.000000E+00,+9.910000E+37,+1.452910E+03,+3.584400E+04
12:59:39,0e0,+7.098744E+00,+5.779500E-04,+9.910000E+37,+1.453136E+03,+3.584400E+04,+7.104666E+00,+5.779500E-04,+9.910000E+37,+1.453202E+03,+3.584400E+04,+7.101748E+00,+5.779500E-04,+9.910000E+37,+1.453270E+03,+3.584400E+04,-1.538807E-02,+0.000000E+00,+9.910000E+37,+1.453335E+03,+3.584400E+04
12:59:39,0e0,+7.229594E+00,+6.449500E-04,+9.910000E+37,+1.453557E+03,+3.584400E+04,+7.232328E+00,+6.449500E-04,+9.910000E+37,+1.453624E+03,+3.584400E+04,+7.230680E+00,+6.449500E-04,+9.910000E+37,+1.453689E+03,+3.584400E+04,-1.593465E-02,+0.000000E+00,+9.910000E+37,+1.453757E+03,+3.584400E+04
12:59:39,0e0,+7.353056E+00,+7.197000E-04,+9.910000E+37,+1.453978E+03,+3.584400E+04,+7.358759E+00,+7.197000E-04,+9.910000E+37,+1.454043E+03,+3.584400E+04,+7.357082E+00,+7.197000E-04,+9.910000E+37,+1.454109E+03,+3.584400E+04,-1.570673E-02,+0.000000E+00,+9.910000E+37,+1.454177E+03,+3.584400E+04
12:59:39,0e0,+7.478820E+00,+8.031000E-04,+9.910000E+37,+1.454404E+03,+3.584400E+04,+7.482147E+00,+8.031000E-04,+9.910000E+37,+1.454470E+03,+3.584400E+04,+7.481138E+00,+8.031000E-04,+9.910000E+37,+1.454537E+03,+3.584400E+04,-1.511516E-02,+0.000000E+00,+9.910000E+37,+1.454603E+03,+3.584400E+04
12:59:39,0e0,+7.602349E+00,+8.961500E-04,+9.910000E+37,+1.454828E+03,+3.584400E+04,+7.605814E+00,+8.961500E-04,+9.910000E+37,+1.454895E+03,+3.584400E+04,+7.603399E+00,+8.961500E-04,+9.910000E+37,+1.454961E+03,+3.584400E+04,-1.488705E-02,+0.000000E+00,+9.910000E+37,+1.455027E+03,+3.584400E+04
12:59:39,0e0,+7.726461E+00,+1.000000E-03,+9.910000E+37,+1.455250E+03,+3.584400E+04,+7.728961E+00,+1.000000E-03,+9.910000E+37,+1.455317E+03,+3.584400E+04,+7.726544E+00,+1.000000E-03,+9.910000E+37,+1.455383E+03,+3.584400E+04,-1.479641E-02,+0.000000E+00,+9.910000E+37,+1.455450E+03,+3.584400E+04
12:59:39,0e0,+7.834629E+00,+1.116000E-03,+9.910000E+37,+1.455673E+03,+3.584400E+04,+7.839601E+00,+1.116000E-03,+9.910000E+37,+1.455738E+03,+3.584400E+04,+7.836556E+00,+1.116000E-03,+9.910000E+37,+1.455805E+03,+3.584400E+04,-1.284381E-01,+0.000000E+00,+9.910000E+37,+1.455873E+03,+3.584400E+04
12:59:39,0e0,+7.957700E+00,+1.245000E-03,+9.910000E+37,+1.456100E+03,+3.584400E+04,+7.961299E+00,+1.245000E-03,+9.910000E+37,+1.456165E+03,+3.584400E+04,+7.960929E+00,+1.245000E-03,+9.910000E+37,+1.456231E+03,+3.584400E+04,-1.293487E-01,+0.000000E+00,+9.910000E+37,+1.456298E+03,+3.584400E+04
12:59:39,0e0,+8.081904E+00,+1.389500E-03,+9.910000E+37,+1.456520E+03,+3.584400E+04,+8.084596E+00,+1.389500E-03,+9.910000E+37,+1.456586E+03,+3.584400E+04,+8.081903E+00,+1.389500E-03,+9.910000E+37,+1.456652E+03,+3.584400E+04,-1.286202E-01,+0.000000E+00,+9.910000E+37,+1.456718E+03,+3.584400E+04
12:59:39,0e0,+8.206523E+00,+1.550500E-03,+9.910000E+37,+1.456943E+03,+3.584400E+04,+8.209853E+00,+1.550500E-03,+9.910000E+37,+1.457009E+03,+3.584400E+04,+8.206661E+00,+1.550500E-03,+9.910000E+37,+1.457075E+03,+3.584400E+04,-1.239762E-01,+0.000000E+00,+9.910000E+37,+1.457142E+03,+3.584400E+04
12:59:39,0e0,+8.334136E+00,+1.730000E-03,+9.910000E+37,+1.457363E+03,+3.584400E+04,+8.336919E+00,+1.730000E-03,+9.910000E+37,+1.457430E+03,+3.584400E+04,+8.334682E+00,+1.730000E-03,+9.910000E+37,+1.457496E+03,+3.584400E+04,-1.265714E-01,+0.000000E+00,+9.910000E+37,+1.457562E+03,+3.584400E+04
12:59:39,0e0,+8.467352E+00,+1.930500E-03,+9.910000E+37,+1.457786E+03,+3.584400E+04,+8.470587E+00,+1.930500E-03,+9.910000E+37,+1.457854E+03,+3.584400E+04,+8.467497E+00,+1.930500E-03,+9.910000E+37,+1.457920E+03,+3.584400E+04,-1.192411E-01,+0.000000E+00,+9.910000E+37,+1.457986E+03,+3.584400E+04
12:59:39,0e0,+8.606728E+00,+2.154500E-03,+9.910000E+37,+1.458214E+03,+3.584400E+04,+8.608044E+00,+2.154500E-03,+9.910000E+37,+1.458281E+03,+3.584400E+04,+8.606006E+00,+2.154500E-03,+9.910000E+37,+1.458349E+03,+3.584400E+04,-1.197420E-01,+0.000000E+00,+9.910000E+37,+1.458414E+03,+3.584400E+04
12:59:39,0e0,+8.752150E+00,+2.404000E-03,+9.910000E+37,+1.458636E+03,+3.584400E+04,+8.753465E+00,+2.404000E-03,+9.910000E+37,+1.458702E+03,+3.584400E+04,+8.751324E+00,+2.404000E-03,+9.910000E+37,+1.458770E+03,+3.584400E+04,-1.236121E-01,+0.000000E+00,+9.910000E+37,+1.458835E+03,+3.584400E+04
12:59:39,0e0,+8.905217E+00,+2.682500E-03,+9.910000E+37,+1.459060E+03,+3.584400E+04,+8.906459E+00,+2.682500E-03,+9.910000E+37,+1.459127E+03,+3.584400E+04,+8.902121E+00,+2.682500E-03,+9.910000E+37,+1.459193E+03,+3.584400E+04,-1.165548E-01,+0.000000E+00,+9.910000E+37,+1.459259E+03,+3.584400E+04
12:59:39,0e0,+9.064479E+00,+2.993500E-03,+9.910000E+37,+1.459479E+03,+3.584400E+04,+9.063984E+00,+2.993500E-03,+9.910000E+37,+1.459546E+03,+3.584400E+04,+9.061440E+00,+2.993500E-03,+9.910000E+37,+1.459612E+03,+3.584400E+04,-1.166914E-01,+0.000000E+00,+9.910000E+37,+1.459679E+03,+3.584400E+04
12:59:39,0e0,+9.228771E+00,+3.340500E-03,+9.910000E+37,+1.459898E+03,+3.584400E+04,+9.229393E+00,+3.340500E-03,+9.910000E+37,+1.459966E+03,+3.584400E+04,+9.225828E+00,+3.340500E-03,+9.910000E+37,+1.460033E+03,+3.584400E+04,-1.166459E-01,+0.000000E+00,+9.910000E+37,+1.460099E+03,+3.584400E+04
12:59:39,0e0,+9.401165E+00,+3.727500E-03,+9.910000E+37,+1.460318E+03,+3.584400E+04,+9.399022E+00,+3.727500E-03,+9.910000E+37,+1.460386E+03,+3.584400E+04,+9.395668E+00,+3.727500E-03,+9.910000E+37,+1.460452E+03,+3.584400E+04,-1.159176E-01,+0.000000E+00,+9.910000E+37,+1.460518E+03,+3.584400E+04
12:59:39,0e0,+9.577388E+00,+4.159500E-03,+9.910000E+37,+1.460745E+03,+3.584400E+04,+9.575132E+00,+4.159500E-03,+9.910000E+37,+1.460811E+03,+3.584400E+04,+9.570825E+00,+4.159500E-03,+9.910000E+37,+1.460877E+03,+3.584400E+04,-1.142782E-01,+0.000000E+00,+9.910000E+37,+1.460943E+03,+3.584400E+04
12:59:39,0e0,+9.756171E+00,+4.641500E-03,+9.910000E+37,+1.461166E+03,+3.584400E+04,+9.752522E+00,+4.641500E-03,+9.910000E+37,+1.461232E+03,+3.584400E+04,+9.747460E+00,+4.641500E-03,+9.910000E+37,+1.461299E+03,+3.584400E+04,-1.155078E-01,+0.000000E+00,+9.910000E+37,+1.461365E+03,+3.584400E+04
12:59:39,0e0,+9.934886E+00,+5.179500E-03,+9.910000E+37,+1.461589E+03,+3.584400E+04,+9.932086E+00,+5.179500E-03,+9.910000E+37,+1.461656E+03,+3.584400E+04,+9.923853E+00,+5.179500E-03,+9.910000E+37,+1.461723E+03,+3.584400E+04,-1.102721E-01,+0.000000E+00,+9.910000E+37,+1.461788E+03,+3.584400E+04
12:59:39,0e0,+1.011990E+01,+5.779500E-03,+9.910000E+37,+1.462014E+03,+3.584400E+04,+1.011348E+01,+5.779500E-03,+9.910000E+37,+1.462080E+03,+3.584400E+04,+1.010535E+01,+5.779500E-03,+9.910000E+37,+1.462147E+03,+3.584400E+04,-1.096345E-01,+0.000000E+00,+9.910000E+37,+1.462213E+03,+3.584400E+04
12:59:39,0e0,+1.030881E+01,+6.449500E-03,+9.910000E+37,+1.462433E+03,+3.584400E+04,+1.030020E+01,+6.449500E-03,+9.910000E+37,+1.462498E+03,+3.584400E+04,+1.029083E+01,+6.449500E-03,+9.910000E+37,+1.462565E+03,+3.584400E+04,-1.064474E-01,+0.000000E+00,+9.910000E+37,+1.462633E+03,+3.584400E+04
12:59:39,0e0,+1.050307E+01,+7.197000E-03,+9.910000E+37,+1.462854E+03,+3.584400E+04,+1.049298E+01,+7.197000E-03,+9.910000E+37,+1.462922E+03,+3.584400E+04,+1.048073E+01,+7.197000E-03,+9.910000E+37,+1.462987E+03,+3.584400E+04,-1.034424E-01,+0.000000E+00,+9.910000E+37,+1.463054E+03,+3.584400E+04
12:59:39,0e0,+1.070601E+01,+8.031000E-03,+9.910000E+37,+1.463279E+03,+3.584400E+04,+1.069106E+01,+8.031000E-03,+9.910000E+37,+1.463345E+03,+3.584400E+04,+1.067836E+01,+8.031000E-03,+9.910000E+37,+1.463411E+03,+3.584400E+04,-9.857085E-02,+0.000000E+00,+9.910000E+37,+1.463479E+03,+3.584400E+04
12:59:39,0e0,+1.091445E+01,+8.961500E-03,+9.910000E+37,+1.463699E+03,+3.584400E+04,+1.089786E+01,+8.961500E-03,+9.910000E+37,+1.463766E+03,+3.584400E+04,+1.088101E+01,+8.961500E-03,+9.910000E+37,+1.463832E+03,+3.584400E+04,-9.838855E-02,+0.000000E+00,+9.910000E+37,+1.463899E+03,+3.584400E+04
