12:41:17,0e0,-3.170174E+00,+1.000000E-07,+9.910000E+37,+3.391064E+02,+3.584400E+04,+1.344976E-02,+1.000000E-07,+9.910000E+37,+3.391729E+02,+3.584400E+04,+1.508924E-02,+1.000000E-07,+9.910000E+37,+3.392402E+02,+3.584400E+04,-3.126325E-02,+0.000000E+00,+9.910000E+37,+3.393066E+02,+3.584400E+04
12:41:17,0e0,-2.476437E+00,+1.116000E-07,+9.910000E+37,+3.395293E+02,+3.584400E+04,+1.599953E-02,+1.116000E-07,+9.910000E+37,+3.395967E+02,+3.584400E+04,+1.786713E-02,+1.116000E-07,+9.910000E+37,+3.396631E+02,+3.584400E+04,-3.185554E-02,+0.000000E+00,+9.910000E+37,+3.397295E+02,+3.584400E+04
12:41:17,0e0,-2.172578E+00,+1.245000E-07,+9.910000E+37,+3.399512E+02,+3.584400E+04,+1.941445E-02,+1.245000E-07,+9.910000E+37,+3.400166E+02,+3.584400E+04,+2.028002E-02,+1.245000E-07,+9.910000E+37,+3.400840E+02,+3.584400E+04,-3.399533E-02,+0.000000E+00,+9.910000E+37,+3.401494E+02,+3.584400E+04
12:41:17,0e0,-1.376108E+00,+1.389500E-07,+9.910000E+37,+3.403730E+02,+3.584400E+04,+2.492446E-02,+1.389500E-07,+9.910000E+37,+3.404385E+02,+3.584400E+04,+2.223754E-02,+1.389500E-07,+9.910000E+37,+3.405059E+02,+3.584400E+04,-3.085354E-02,+0.000000E+00,+9.910000E+37,+3.405713E+02,+3.584400E+04
12:41:17,0e0,-9.693816E-01,+1.550500E-07,+9.910000E+37,+3.407998E+02,+3.584400E+04,+2.729259E-02,+1.550500E-07,+9.910000E+37,+3.408672E+02,+3.584400E+04,+2.629010E-02,+1.550500E-07,+9.910000E+37,+3.409326E+02,+3.584400E+04,-3.117231E-02,+0.000000E+00,+9.910000E+37,+3.410000E+02,+3.584400E+04
12:41:17,0e0,-3.738176E-01,+1.730000E-07,+9.910000E+37,+3.412246E+02,+3.584400E+04,+3.102598E-02,+1.730000E-07,+9.910000E+37,+3.412910E+02,+3.584400E+04,+3.075263E-02,+1.730000E-07,+9.910000E+37,+3.413584E+02,+3.584400E+04,-3.144586E-02,+0.000000E+00,+9.910000E+37,+3.414238E+02,+3.584400E+04
12:41:17,0e0,-9.132150E-02,+1.930500E-07,+9.910000E+37,+3.416484E+02,+3.584400E+04,+3.357521E-02,+1.930500E-07,+9.910000E+37,+3.417148E+02,+3.584400E+04,+3.293791E-02,+1.930500E-07,+9.910000E+37,+3.417813E+02,+3.584400E+04,-3.067163E-02,+0.000000E+00,+9.910000E+37,+3.418486E+02,+3.584400E+04
12:41:17,0e0,+1.791289E-02,+2.154500E-07,+9.910000E+37,+3.420713E+02,+3.584400E+04,+3.808349E-02,+2.154500E-07,+9.910000E+37,+3.421377E+02,+3.584400E+04,+3.648943E-02,+2.154500E-07,+9.910000E+37,+3.422041E+02,+3.584400E+04,-3.176424E-02,+0.000000E+00,+9.910000E+37,+3.422695E+02,+3.584400E+04
12:41:17,0e0,+3.985888E-02,+2.404000E-07,+9.910000E+37,+3.424932E+02,+3.584400E+04,+4.017738E-02,+2.404000E-07,+9.910000E+37,+3.425596E+02,+3.584400E+04,+4.026887E-02,+2.404000E-07,+9.910000E+37,+3.426260E+02,+3.584400E+04,-3.130861E-02,+0.000000E+00,+9.910000E+37,+3.426914E+02,+3.584400E+04
12:41:17,0e0,+4.423031E-02,+2.682500E-07,+9.910000E+37,+3.429150E+02,+3.584400E+04,+4.527774E-02,+2.682500E-07,+9.910000E+37,+3.429824E+02,+3.584400E+04,+4.404798E-02,+2.682500E-07,+9.910000E+37,+3.430488E+02,+3.584400E+04,-3.144555E-02,+0.000000E+00,+9.910000E+37,+3.431152E+02,+3.584400E+04
12:41:17,0e0,+4.823714E-02,+2.993500E-07,+9.910000E+37,+3.433428E+02,+3.584400E+04,+4.810023E-02,+2.993500E-07,+9.910000E+37,+3.434092E+02,+3.584400E+04,+4.878363E-02,+2.993500E-07,+9.910000E+37,+3.434766E+02,+3.584400E+04,-3.080814E-02,+0.000000E+00,+9.910000E+37,+3.435439E+02,+3.584400E+04
12:41:17,0e0,+5.288151E-02,+3.340500E-07,+9.910000E+37,+3.437676E+02,+3.584400E+04,+5.101436E-02,+3.340500E-07,+9.910000E+37,+3.438350E+02,+3.584400E+04,+5.283606E-02,+3.340500E-07,+9.910000E+37,+3.439004E+02,+3.584400E+04,-3.071705E-02,+0.000000E+00,+9.910000E+37,+3.439678E+02,+3.584400E+04
12:41:17,0e0,+5.593204E-02,+3.727500E-07,+9.910000E+37,+3.441895E+02,+3.584400E+04,+5.565909E-02,+3.727500E-07,+9.910000E+37,+3.442559E+02,+3.584400E+04,+5.675241E-02,+3.727500E-07,+9.910000E+37,+3.443232E+02,+3.584400E+04,-3.076261E-02,+0.000000E+00,+9.910000E+37,+3.443887E+02,+3.584400E+04
12:41:17,0e0,+6.034878E-02,+4.159500E-07,+9.910000E+37,+3.446143E+02,+3.584400E+04,+6.025803E-02,+4.159500E-07,+9.910000E+37,+3.446807E+02,+3.584400E+04,+5.998462E-02,+4.159500E-07,+9.910000E+37,+3.447480E+02,+3.584400E+04,-6.941989E-02,+0.000000E+00,+9.910000E+37,+3.448135E+02,+3.584400E+04
12:41:17,0e0,+6.321725E-02,+4.641500E-07,+9.910000E+37,+3.450361E+02,+3.584400E+04,+6.576756E-02,+4.641500E-07,+9.910000E+37,+3.451035E+02,+3.584400E+04,+6.544870E-02,+4.641500E-07,+9.910000E+37,+3.451709E+02,+3.584400E+04,-1.423641E-01,+0.000000E+00,+9.910000E+37,+3.452363E+02,+3.584400E+04
12:41:17,0e0,+6.968293E-02,+5.179500E-07,+9.910000E+37,+3.454609E+02,+3.584400E+04,+6.886384E-02,+5.179500E-07,+9.910000E+37,+3.455273E+02,+3.584400E+04,+6.913736E-02,+5.179500E-07,+9.910000E+37,+3.455947E+02,+3.584400E+04,-4.259568E-01,+0.000000E+00,+9.910000E+37,+3.456602E+02,+3.584400E+04
12:41:17,0e0,+7.241502E-02,+5.779500E-07,+9.910000E+37,+3.458828E+02,+3.584400E+04,+7.141292E-02,+5.779500E-07,+9.910000E+37,+3.459482E+02,+3.584400E+04,+7.346255E-02,+5.779500E-07,+9.910000E+37,+3.460146E+02,+3.584400E+04,-1.106264E+00,+0.000000E+00,+9.910000E+37,+3.460820E+02,+3.584400E+04
12:41:17,0e0,+7.724118E-02,+6.449500E-07,+9.910000E+37,+3.463047E+02,+3.584400E+04,+7.710499E-02,+6.449500E-07,+9.910000E+37,+3.463711E+02,+3.584400E+04,+7.778823E-02,+6.449500E-07,+9.910000E+37,+3.464385E+02,+3.584400E+04,-2.078544E+00,+0.000000E+00,+9.910000E+37,+3.465039E+02,+3.584400E+04
12:41:17,0e0,+8.247820E-02,+7.197000E-07,+9.910000E+37,+3.467285E+02,+3.584400E+04,+8.229569E-02,+7.197000E-07,+9.910000E+37,+3.467959E+02,+3.584400E+04,+8.211330E-02,+7.197000E-07,+9.910000E+37,+3.468633E+02,+3.584400E+04,-3.388702E+00,+0.000000E+00,+9.910000E+37,+3.469287E+02,+3.584400E+04
12:41:17,0e0,+8.716822E-02,+8.031000E-07,+9.910000E+37,+3.471533E+02,+3.584400E+04,+8.625662E-02,+8.031000E-07,+9.910000E+37,+3.472207E+02,+3.584400E+04,+8.771437E-02,+8.031000E-07,+9.910000E+37,+3.472861E+02,+3.584400E+04,-5.213740E+00,+0.000000E+00,+9.910000E+37,+3.473535E+02,+3.584400E+04
12:41:17,0e0,+9.258652E-02,+8.961500E-07,+9.910000E+37,+3.475762E+02,+3.584400E+04,+9.213093E-02,+8.961500E-07,+9.910000E+37,+3.476426E+02,+3.584400E+04,+9.336057E-02,+8.961500E-07,+9.910000E+37,+3.477080E+02,+3.584400E+04,-7.093175E+00,+0.000000E+00,+9.910000E+37,+3.477744E+02,+3.584400E+04
12:41:17,0e0,+9.686592E-02,+1.000000E-06,+9.910000E+37,+3.479932E+02,+3.584400E+04,+9.732127E-02,+1.000000E-06,+9.910000E+37,+3.480605E+02,+3.584400E+04,+9.900638E-02,+1.000000E-06,+9.910000E+37,+3.481279E+02,+3.584400E+04,-9.013018E+00,+0.000000E+00,+9.910000E+37,+3.481953E+02,+3.584400E+04
12:41:17,0e0,+9.194848E-02,+1.116000E-06,+9.910000E+37,+3.484238E+02,+3.584400E+04,+9.226757E-02,+1.116000E-06,+9.910000E+37,+3.484893E+02,+3.584400E+04,+9.076431E-02,+1.116000E-06,+9.910000E+37,+3.485566E+02,+3.584400E+04,-3.180997E-02,+0.000000E+00,+9.910000E+37,+3.486221E+02,+3.584400E+04
12:41:17,0e0,+9.613791E-02,+1.245000E-06,+9.910000E+37,+3.488447E+02,+3.584400E+04,+9.600151E-02,+1.245000E-06,+9.910000E+37,+3.489111E+02,+3.584400E+04,+9.663871E-02,+1.245000E-06,+9.910000E+37,+3.489775E+02,+3.584400E+04,-3.108121E-02,+0.000000E+00,+9.910000E+37,+3.490449E+02,+3.584400E+04
12:41:17,0e0,+1.002808E-01,+1.389500E-06,+9.910000E+37,+3.492695E+02,+3.584400E+04,+1.000074E-01,+1.389500E-06,+9.910000E+37,+3.493359E+02,+3.584400E+04,+1.011009E-01,+1.389500E-06,+9.910000E+37,+3.494033E+02,+3.584400E+04,-3.130904E-02,+0.000000E+00,+9.910000E+37,+3.494687E+02,+3.584400E+04
12:41:17,0e0,+1.062459E-01,+1.550500E-06,+9.910000E+37,+3.496914E+02,+3.584400E+04,+1.047890E-01,+1.550500E-06,+9.910000E+37,+3.497578E+02,+3.584400E+04,+1.057456E-01,+1.550500E-06,+9.910000E+37,+3.498252E+02,+3.584400E+04,-3.089939E-02,+0.000000E+00,+9.910000E+37,+3.498916E+02,+3.584400E+04
12:41:17,0e0,+1.103903E-01,+1.730000E-06,+9.910000E+37,+3.501152E+02,+3.584400E+04,+1.096614E-01,+1.730000E-06,+9.910000E+37,+3.501807E+02,+3.584400E+04,+1.100710E-01,+1.730000E-06,+9.910000E+37,+3.502480E+02,+3.584400E+04,-3.026170E-02,+0.000000E+00,+9.910000E+37,+3.503135E+02,+3.584400E+04
12:41:17,0e0,+1.146705E-01,+1.930500E-06,+9.910000E+37,+3.505391E+02,+3.584400E+04,+1.154899E-01,+1.930500E-06,+9.910000E+37,+3.506055E+02,+3.584400E+04,+1.141226E-01,+1.930500E-06,+9.910000E+37,+3.506729E+02,+3.584400E+04,-3.221984E-02,+0.000000E+00,+9.910000E+37,+3.507383E+02,+3.584400E+04
12:41:17,0e0,+1.199521E-01,+2.154500E-06,+9.910000E+37,+3.509600E+02,+3.584400E+04,+1.184484E-01,+2.154500E-06,+9.910000E+37,+3.510254E+02,+3.584400E+04,+1.196329E-01,+2.154500E-06,+9.910000E+37,+3.510918E+02,+3.584400E+04,-3.058025E-02,+0.000000E+00,+9.910000E+37,+3.511582E+02,+3.584400E+04
12:41:17,0e0,+1.249608E-01,+2.404000E-06,+9.910000E+37,+3.513799E+02,+3.584400E+04,+1.247787E-01,+2.404000E-06,+9.910000E+37,+3.514453E+02,+3.584400E+04,+1.250512E-01,+2.404000E-06,+9.910000E+37,+3.515117E+02,+3.584400E+04,-3.285763E-02,+0.000000E+00,+9.910000E+37,+3.515781E+02,+3.584400E+04
12:41:17,0e0,+1.301509E-01,+2.682500E-06,+9.910000E+37,+3.517998E+02,+3.584400E+04,+1.295128E-01,+2.682500E-06,+9.910000E+37,+3.518672E+02,+3.584400E+04,+1.311526E-01,+2.682500E-06,+9.910000E+37,+3.519336E+02,+3.584400E+04,-3.158233E-02,+0.000000E+00,+9.910000E+37,+3.520020E+02,+3.584400E+04
12:41:17,0e0,+1.357510E-01,+2.993500E-06,+9.910000E+37,+3.522275E+02,+3.584400E+04,+1.362981E-01,+2.993500E-06,+9.910000E+37,+3.522939E+02,+3.584400E+04,+1.359793E-01,+2.993500E-06,+9.910000E+37,+3.523604E+02,+3.584400E+04,-3.135474E-02,+0.000000E+00,+9.910000E+37,+3.524268E+02,+3.584400E+04
12:41:17,0e0,+1.424907E-01,+3.340500E-06,+9.910000E+37,+3.526484E+02,+3.584400E+04,+1.419896E-01,+3.340500E-06,+9.910000E+37,+3.527158E+02,+3.584400E+04,+1.414426E-01,+3.340500E-06,+9.910000E+37,+3.527813E+02,+3.584400E+04,-3.117253E-02,+0.000000E+00,+9.910000E+37,+3.528486E+02,+3.584400E+04
12:41:17,0e0,+1.471797E-01,+3.727500E-06,+9.910000E+37,+3.530762E+02,+3.584400E+04,+1.469524E-01,+3.727500E-06,+9.910000E+37,+3.531426E+02,+3.584400E+04,+1.469521E-01,+3.727500E-06,+9.910000E+37,+3.532100E+02,+3.584400E+04,-3.221990E-02,+0.000000E+00,+9.910000E+37,+3.532754E+02,+3.584400E+04
12:41:17,0e0,+1.542384E-01,+4.159500E-06,+9.910000E+37,+3.535029E+02,+3.584400E+04,+1.546028E-01,+4.159500E-06,+9.910000E+37,+3.535703E+02,+3.584400E+04,+1.549210E-01,+4.159500E-06,+9.910000E+37,+3.536357E+02,+3.584400E+04,-4.178147E-02,+0.000000E+00,+9.910000E+37,+3.537031E+02,+3.584400E+04
12:41:17,0e0,+1.597920E-01,+4.641500E-06,+9.910000E+37,+3.539297E+02,+3.584400E+04,+1.592458E-01,+4.641500E-06,+9.910000E+37,+3.539961E+02,+3.584400E+04,+1.593824E-01,+4.641500E-06,+9.910000E+37,+3.540635E+02,+3.584400E+04,-2.057461E-01,+0.000000E+00,+9.910000E+37,+3.541299E+02,+3.584400E+04
12:41:17,0e0,+1.670775E-01,+5.179500E-06,+9.910000E+37,+3.543574E+02,+3.584400E+04,+1.673057E-01,+5.179500E-06,+9.910000E+37,+3.544238E+02,+3.584400E+04,+1.669410E-01,+5.179500E-06,+9.910000E+37,+3.544912E+02,+3.584400E+04,-4.522299E-01,+0.000000E+00,+9.910000E+37,+3.545566E+02,+3.584400E+04
12:41:17,0e0,+1.739540E-01,+5.779500E-06,+9.910000E+37,+3.547871E+02,+3.584400E+04,+1.739542E-01,+5.779500E-06,+9.910000E+37,+3.548535E+02,+3.584400E+04,+1.760489E-01,+5.779500E-06,+9.910000E+37,+3.549199E+02,+3.584400E+04,-1.143236E+00,+0.000000E+00,+9.910000E+37,+3.549863E+02,+3.584400E+04
12:41:17,0e0,+1.817399E-01,+6.449500E-06,+9.910000E+37,+3.552139E+02,+3.584400E+04,+1.813754E-01,+6.449500E-06,+9.910000E+37,+3.552793E+02,+3.584400E+04,+1.823322E-01,+6.449500E-06,+9.910000E+37,+3.553467E+02,+3.584400E+04,-2.103994E+00,+0.000000E+00,+9.910000E+37,+3.554121E+02,+3.584400E+04
12:41:17,0e0,+1.885696E-01,+7.197000E-06,+9.910000E+37,+3.556348E+02,+3.584400E+04,+1.892073E-01,+7.197000E-06,+9.910000E+37,+3.557021E+02,+3.584400E+04,+1.892528E-01,+7.197000E-06,+9.910000E+37,+3.557676E+02,+3.584400E+04,-3.543564E+00,+0.000000E+00,+9.910000E+37,+3.558350E+02,+3.584400E+04
12:41:17,0e0,+1.957175E-01,+8.031000E-06,+9.910000E+37,+3.560615E+02,+3.584400E+04,+1.964019E-01,+8.031000E-06,+9.910000E+37,+3.561289E+02,+3.584400E+04,+1.966290E-01,+8.031000E-06,+9.910000E+37,+3.561943E+02,+3.584400E+04,-5.096883E+00,+0.000000E+00,+9.910000E+37,+3.562607E+02,+3.584400E+04
12:41:17,0e0,+2.056901E-01,+8.961500E-06,+9.910000E+37,+3.564854E+02,+3.584400E+04,+2.040050E-01,+8.961500E-06,+9.910000E+37,+3.565518E+02,+3.584400E+04,+2.051435E-01,+8.961500E-06,+9.910000E+37,+3.566191E+02,+3.584400E+04,-7.262522E+00,+0.000000E+00,+9.910000E+37,+3.566846E+02,+3.584400E+04
12:41:17,0e0,+2.137953E-01,+1.000000E-05,+9.910000E+37,+3.569043E+02,+3.584400E+04,+2.137499E-01,+1.000000E-05,+9.910000E+37,+3.569717E+02,+3.584400E+04,+2.128844E-01,+1.000000E-05,+9.910000E+37,+3.570371E+02,+3.584400E+04,-9.214643E+00,+0.000000E+00,+9.910000E+37,+3.571035E+02,+3.584400E+04
12:41:17,0e0,+2.108350E-01,+1.116000E-05,+9.910000E+37,+3.573281E+02,+3.584400E+04,+2.118374E-01,+1.116000E-05,+9.910000E+37,+3.573955E+02,+3.584400E+04,+2.117459E-01,+1.116000E-05,+9.910000E+37,+3.574609E+02,+3.584400E+04,-3.882216E-02,+0.000000E+00,+9.910000E+37,+3.575283E+02,+3.584400E+04
12:41:17,0e0,+2.187580E-01,+1.245000E-05,+9.910000E+37,+3.577480E+02,+3.584400E+04,+2.179831E-01,+1.245000E-05,+9.910000E+37,+3.578154E+02,+3.584400E+04,+2.192134E-01,+1.245000E-05,+9.910000E+37,+3.578809E+02,+3.584400E+04,-3.941412E-02,+0.000000E+00,+9.910000E+37,+3.579482E+02,+3.584400E+04
12:41:17,0e0,+2.288211E-01,+1.389500E-05,+9.910000E+37,+3.581650E+02,+3.584400E+04,+2.270905E-01,+1.389500E-05,+9.910000E+37,+3.582324E+02,+3.584400E+04,+2.258150E-01,+1.389500E-05,+9.910000E+37,+3.582979E+02,+3.584400E+04,-4.000631E-02,+0.000000E+00,+9.910000E+37,+3.583652E+02,+3.584400E+04
12:41:17,0e0,+2.371531E-01,+1.550500E-05,+9.910000E+37,+3.585820E+02,+3.584400E+04,+2.359239E-01,+1.550500E-05,+9.910000E+37,+3.586494E+02,+3.584400E+04,+2.360604E-01,+1.550500E-05,+9.910000E+37,+3.587158E+02,+3.584400E+04,-4.037017E-02,+0.000000E+00,+9.910000E+37,+3.587852E+02,+3.584400E+04
12:41:17,0e0,+2.455776E-01,+1.730000E-05,+9.910000E+37,+3.590088E+02,+3.584400E+04,+2.447573E-01,+1.730000E-05,+9.910000E+37,+3.590752E+02,+3.584400E+04,+2.467607E-01,+1.730000E-05,+9.910000E+37,+3.591416E+02,+3.584400E+04,-3.982386E-02,+0.000000E+00,+9.910000E+37,+3.592090E+02,+3.584400E+04
12:41:17,0e0,+2.542289E-01,+1.930500E-05,+9.910000E+37,+3.594268E+02,+3.584400E+04,+2.555949E-01,+1.930500E-05,+9.910000E+37,+3.594932E+02,+3.584400E+04,+2.534530E-01,+1.930500E-05,+9.910000E+37,+3.595605E+02,+3.584400E+04,-3.936832E-02,+0.000000E+00,+9.910000E+37,+3.596328E+02,+3.584400E+04
12:41:17,0e0,+2.641540E-01,+2.154500E-05,+9.910000E+37,+3.598555E+02,+3.584400E+04,+2.636989E-01,+2.154500E-05,+9.910000E+37,+3.599229E+02,+3.584400E+04,+2.652026E-01,+2.154500E-05,+9.910000E+37,+3.599883E+02,+3.584400E+04,-3.964154E-02,+0.000000E+00,+9.910000E+37,+3.600566E+02,+3.584400E+04
12:41:17,0e0,+2.733974E-01,+2.404000E-05,+9.910000E+37,+3.602764E+02,+3.584400E+04,+2.731243E-01,+2.404000E-05,+9.910000E+37,+3.603428E+02,+3.584400E+04,+2.733972E-01,+2.404000E-05,+9.910000E+37,+3.604102E+02,+3.584400E+04,-3.973280E-02,+0.000000E+00,+9.910000E+37,+3.604814E+02,+3.584400E+04
12:41:17,0e0,+2.825949E-01,+2.682500E-05,+9.910000E+37,+3.607021E+02,+3.584400E+04,+2.835968E-01,+2.682500E-05,+9.910000E+37,+3.607695E+02,+3.584400E+04,+2.842801E-01,+2.682500E-05,+9.910000E+37,+3.608350E+02,+3.584400E+04,-3.873092E-02,+0.000000E+00,+9.910000E+37,+3.609043E+02,+3.584400E+04
12:41:17,0e0,+2.946155E-01,+2.993500E-05,+9.910000E+37,+3.611270E+02,+3.584400E+04,+2.938862E-01,+2.993500E-05,+9.910000E+37,+3.611943E+02,+3.584400E+04,+2.929752E-01,+2.993500E-05,+9.910000E+37,+3.612598E+02,+3.584400E+04,-3.918649E-02,+0.000000E+00,+9.910000E+37,+3.613281E+02,+3.584400E+04
12:41:17,0e0,+3.047700E-01,+3.340500E-05,+9.910000E+37,+3.615469E+02,+3.584400E+04,+3.056352E-01,+3.340500E-05,+9.910000E+37,+3.616143E+02,+3.584400E+04,+3.058171E-01,+3.340500E-05,+9.910000E+37,+3.616797E+02,+3.584400E+04,-4.000610E-02,+0.000000E+00,+9.910000E+37,+3.617490E+02,+3.584400E+04
12:41:17,0e0,+3.168814E-01,+3.727500E-05,+9.910000E+37,+3.619688E+02,+3.584400E+04,+3.165172E-01,+3.727500E-05,+9.910000E+37,+3.620352E+02,+3.584400E+04,+3.171089E-01,+3.727500E-05,+9.910000E+37,+3.621016E+02,+3.584400E+04,-3.882200E-02,+0.000000E+00,+9.910000E+37,+3.621719E+02,+3.584400E+04
12:41:17,0e0,+3.283103E-01,+4.159500E-05,+9.910000E+37,+3.623945E+02,+3.584400E+04,+3.267154E-01,+4.159500E-05,+9.910000E+37,+3.624619E+02,+3.584400E+04,+3.279005E-01,+4.159500E-05,+9.910000E+37,+3.625273E+02,+3.584400E+04,-3.955059E-02,+0.000000E+00,+9.910000E+37,+3.625957E+02,+3.584400E+04
12:41:17,0e0,+3.411053E-01,+4.641500E-05,+9.910000E+37,+3.628145E+02,+3.584400E+04,+3.403307E-01,+4.641500E-05,+9.910000E+37,+3.628809E+02,+3.584400E+04,+3.408325E-01,+4.641500E-05,+9.910000E+37,+3.629463E+02,+3.584400E+04,-4.128134E-02,+0.000000E+00,+9.910000E+37,+3.630166E+02,+3.584400E+04
12:41:17,0e0,+3.522147E-01,+5.179500E-05,+9.910000E+37,+3.632344E+02,+3.584400E+04,+3.511220E-01,+5.179500E-05,+9.910000E+37,+3.633008E+02,+3.584400E+04,+3.520784E-01,+5.179500E-05,+9.910000E+37,+3.633691E+02,+3.584400E+04,-1.248795E-01,+0.000000E+00,+9.910000E+37,+3.634395E+02,+3.584400E+04
12:41:17,0e0,+3.637347E-01,+5.779500E-05,+9.910000E+37,+3.636602E+02,+3.584400E+04,+3.635070E-01,+5.779500E-05,+9.910000E+37,+3.637275E+02,+3.584400E+04,+3.639166E-01,+5.779500E-05,+9.910000E+37,+3.637930E+02,+3.584400E+04,-3.484542E-01,+0.000000E+00,+9.910000E+37,+3.638652E+02,+3.584400E+04
12:41:17,0e0,+3.767116E-01,+6.449500E-05,+9.910000E+37,+3.640889E+02,+3.584400E+04,+3.761652E-01,+6.449500E-05,+9.910000E+37,+3.641553E+02,+3.584400E+04,+3.757104E-01,+6.449500E-05,+9.910000E+37,+3.642227E+02,+3.584400E+04,-1.221239E+00,+0.000000E+00,+9.910000E+37,+3.642900E+02,+3.584400E+04
12:41:17,0e0,+3.887784E-01,+7.197000E-05,+9.910000E+37,+3.645137E+02,+3.584400E+04,+3.873653E-01,+7.197000E-05,+9.910000E+37,+3.645811E+02,+3.584400E+04,+3.897336E-01,+7.197000E-05,+9.910000E+37,+3.646465E+02,+3.584400E+04,-2.234048E+00,+0.000000E+00,+9.910000E+37,+3.647158E+02,+3.584400E+04
12:41:17,0e0,+4.016185E-01,+8.031000E-05,+9.910000E+37,+3.649355E+02,+3.584400E+04,+4.015279E-01,+8.031000E-05,+9.910000E+37,+3.650029E+02,+3.584400E+04,+4.004806E-01,+8.031000E-05,+9.910000E+37,+3.650742E+02,+3.584400E+04,-2.981242E+00,+0.000000E+00,+9.910000E+37,+3.651455E+02,+3.584400E+04
12:41:17,0e0,+4.153228E-01,+8.961500E-05,+9.910000E+37,+3.653662E+02,+3.584400E+04,+4.140028E-01,+8.961500E-05,+9.910000E+37,+3.654336E+02,+3.584400E+04,+4.140937E-01,+8.961500E-05,+9.910000E+37,+3.654990E+02,+3.584400E+04,-4.456051E+00,+0.000000E+00,+9.910000E+37,+3.655713E+02,+3.584400E+04
12:41:17,0e0,+4.287107E-01,+1.000000E-04,+9.910000E+37,+3.657900E+02,+3.584400E+04,+4.279356E-01,+1.000000E-04,+9.910000E+37,+3.658564E+02,+3.584400E+04,+4.261136E-01,+1.000000E-04,+9.910000E+37,+3.659238E+02,+3.584400E+04,-5.695224E+00,+0.000000E+00,+9.910000E+37,+3.659951E+02,+3.584400E+04
12:41:17,0e0,+4.292566E-01,+1.116000E-04,+9.910000E+37,+3.662207E+02,+3.584400E+04,+4.288012E-01,+1.116000E-04,+9.910000E+37,+3.662881E+02,+3.584400E+04,+4.292107E-01,+1.116000E-04,+9.910000E+37,+3.663555E+02,+3.584400E+04,-4.675761E-01,+0.000000E+00,+9.910000E+37,+3.664209E+02,+3.584400E+04
12:41:17,0e0,+4.405937E-01,+1.245000E-04,+9.910000E+37,+3.666455E+02,+3.584400E+04,+4.390901E-01,+1.245000E-04,+9.910000E+37,+3.667129E+02,+3.584400E+04,+4.423698E-01,+1.245000E-04,+9.910000E+37,+3.667783E+02,+3.584400E+04,-4.765008E-01,+0.000000E+00,+9.910000E+37,+3.668447E+02,+3.584400E+04
12:41:17,0e0,+4.538440E-01,+1.389500E-04,+9.910000E+37,+3.670664E+02,+3.584400E+04,+4.533437E-01,+1.389500E-04,+9.910000E+37,+3.671338E+02,+3.584400E+04,+4.515664E-01,+1.389500E-04,+9.910000E+37,+3.671992E+02,+3.584400E+04,-5.020013E-01,+0.000000E+00,+9.910000E+37,+3.672656E+02,+3.584400E+04
12:41:17,0e0,+4.655458E-01,+1.550500E-04,+9.910000E+37,+3.674893E+02,+3.584400E+04,+4.653190E-01,+1.550500E-04,+9.910000E+37,+3.675566E+02,+3.584400E+04,+4.643621E-01,+1.550500E-04,+9.910000E+37,+3.676221E+02,+3.584400E+04,-4.806898E-01,+0.000000E+00,+9.910000E+37,+3.676885E+02,+3.584400E+04
12:41:17,0e0,+4.777943E-01,+1.730000E-04,+9.910000E+37,+3.679131E+02,+3.584400E+04,+4.777943E-01,+1.730000E-04,+9.910000E+37,+3.679795E+02,+3.584400E+04,+4.772481E-01,+1.730000E-04,+9.910000E+37,+3.680459E+02,+3.584400E+04,-4.873375E-01,+0.000000E+00,+9.910000E+37,+3.681143E+02,+3.584400E+04
12:41:17,0e0,+4.899069E-01,+1.930500E-04,+9.910000E+37,+3.683389E+02,+3.584400E+04,+4.897698E-01,+1.930500E-04,+9.910000E+37,+3.684043E+02,+3.584400E+04,+4.906800E-01,+1.930500E-04,+9.910000E+37,+3.684707E+02,+3.584400E+04,-4.998151E-01,+0.000000E+00,+9.910000E+37,+3.685381E+02,+3.584400E+04
12:41:17,0e0,+5.014247E-01,+2.154500E-04,+9.910000E+37,+3.687646E+02,+3.584400E+04,+5.020634E-01,+2.154500E-04,+9.910000E+37,+3.688320E+02,+3.584400E+04,+5.016535E-01,+2.154500E-04,+9.910000E+37,+3.688984E+02,+3.584400E+04,-4.869743E-01,+0.000000E+00,+9.910000E+37,+3.689658E+02,+3.584400E+04
12:41:17,0e0,+5.142663E-01,+2.404000E-04,+9.910000E+37,+3.691924E+02,+3.584400E+04,+5.147221E-01,+2.404000E-04,+9.910000E+37,+3.692588E+02,+3.584400E+04,+5.145398E-01,+2.404000E-04,+9.910000E+37,+3.693252E+02,+3.584400E+04,-4.892508E-01,+0.000000E+00,+9.910000E+37,+3.693926E+02,+3.584400E+04
12:41:17,0e0,+5.271519E-01,+2.682500E-04,+9.910000E+37,+3.696162E+02,+3.584400E+04,+5.264223E-01,+2.682500E-04,+9.910000E+37,+3.696816E+02,+3.584400E+04,+5.277897E-01,+2.682500E-04,+9.910000E+37,+3.697490E+02,+3.584400E+04,-4.756809E-01,+0.000000E+00,+9.910000E+37,+3.698145E+02,+3.584400E+04
12:41:17,0e0,+5.389893E-01,+2.993500E-04,+9.910000E+37,+3.700371E+02,+3.584400E+04,+5.420871E-01,+2.993500E-04,+9.910000E+37,+3.701045E+02,+3.584400E+04,+5.407218E-01,+2.993500E-04,+9.910000E+37,+3.701699E+02,+3.584400E+04,-5.066912E-01,+0.000000E+00,+9.910000E+37,+3.702373E+02,+3.584400E+04
12:41:17,0e0,+5.541077E-01,+3.340500E-04,+9.910000E+37,+3.704590E+02,+3.584400E+04,+5.528308E-01,+3.340500E-04,+9.910000E+37,+3.705264E+02,+3.584400E+04,+5.538812E-01,+3.340500E-04,+9.910000E+37,+3.705918E+02,+3.584400E+04,-4.876568E-01,+0.000000E+00,+9.910000E+37,+3.706592E+02,+3.584400E+04
12:41:17,0e0,+5.668112E-01,+3.727500E-04,+9.910000E+37,+3.708828E+02,+3.584400E+04,+5.658985E-01,+3.727500E-04,+9.910000E+37,+3.709502E+02,+3.584400E+04,+5.661279E-01,+3.727500E-04,+9.910000E+37,+3.710156E+02,+3.584400E+04,-4.749524E-01,+0.000000E+00,+9.910000E+37,+3.710830E+02,+3.584400E+04
12:41:17,0e0,+5.801976E-01,+4.159500E-04,+9.910000E+37,+3.713037E+02,+3.584400E+04,+5.788754E-01,+4.159500E-04,+9.910000E+37,+3.713701E+02,+3.584400E+04,+5.801972E-01,+4.159500E-04,+9.910000E+37,+3.714365E+02,+3.584400E+04,-5.071009E-01,+0.000000E+00,+9.910000E+37,+3.715029E+02,+3.584400E+04
12:41:17,0e0,+5.940398E-01,+4.641500E-04,+9.910000E+37,+3.717256E+02,+3.584400E+04,+5.941320E-01,+4.641500E-04,+9.910000E+37,+3.717920E+02,+3.584400E+04,+5.948136E-01,+4.641500E-04,+9.910000E+37,+3.718584E+02,+3.584400E+04,-5.001336E-01,+0.000000E+00,+9.910000E+37,+3.719258E+02,+3.584400E+04
12:41:17,0e0,+6.093838E-01,+5.179500E-04,+9.910000E+37,+3.721514E+02,+3.584400E+04,+6.086555E-01,+5.179500E-04,+9.910000E+37,+3.722168E+02,+3.584400E+04,+6.096571E-01,+5.179500E-04,+9.910000E+37,+3.722842E+02,+3.584400E+04,-5.142038E-01,+0.000000E+00,+9.910000E+37,+3.723506E+02,+3.584400E+04
12:41:17,0e0,+6.239549E-01,+5.779500E-04,+9.910000E+37,+3.725723E+02,+3.584400E+04,+6.237270E-01,+5.779500E-04,+9.910000E+37,+3.726387E+02,+3.584400E+04,+6.219050E-01,+5.779500E-04,+9.910000E+37,+3.727051E+02,+3.584400E+04,-8.014432E-01,+0.000000E+00,+9.910000E+37,+3.727715E+02,+3.584400E+04
12:41:17,0e0,+6.406192E-01,+6.449500E-04,+9.910000E+37,+3.729941E+02,+3.584400E+04,+6.380681E-01,+6.449500E-04,+9.910000E+37,+3.730605E+02,+3.584400E+04,+6.388446E-01,+6.449500E-04,+9.910000E+37,+3.731270E+02,+3.584400E+04,-1.132990E+00,+0.000000E+00,+9.910000E+37,+3.731934E+02,+3.584400E+04
12:41:17,0e0,+6.563281E-01,+7.197000E-04,+9.910000E+37,+3.734131E+02,+3.584400E+04,+6.544141E-01,+7.197000E-04,+9.910000E+37,+3.734805E+02,+3.584400E+04,+6.553720E-01,+7.197000E-04,+9.910000E+37,+3.735469E+02,+3.584400E+04,-1.447097E+00,+0.000000E+00,+9.910000E+37,+3.736143E+02,+3.584400E+04
12:41:17,0e0,+6.725383E-01,+8.031000E-04,+9.910000E+37,+3.738389E+02,+3.584400E+04,+6.722646E-01,+8.031000E-04,+9.910000E+37,+3.739053E+02,+3.584400E+04,+6.732665E-01,+8.031000E-04,+9.910000E+37,+3.739727E+02,+3.584400E+04,-1.778461E+00,+0.000000E+00,+9.910000E+37,+3.740391E+02,+3.584400E+04
12:41:17,0e0,+6.893864E-01,+8.961500E-04,+9.910000E+37,+3.742705E+02,+3.584400E+04,+6.887915E-01,+8.961500E-04,+9.910000E+37,+3.743369E+02,+3.584400E+04,+6.885211E-01,+8.961500E-04,+9.910000E+37,+3.744043E+02,+3.584400E+04,-2.038103E+00,+0.000000E+00,+9.910000E+37,+3.744697E+02,+3.584400E+04
12:41:17,0e0,+7.049549E-01,+1.000000E-03,+9.910000E+37,+3.746924E+02,+3.584400E+04,+7.059590E-01,+1.000000E-03,+9.910000E+37,+3.747588E+02,+3.584400E+04,+7.073702E-01,+1.000000E-03,+9.910000E+37,+3.748252E+02,+3.584400E+04,-2.507624E+00,+0.000000E+00,+9.910000E+37,+3.748926E+02,+3.584400E+04
12:41:17,0e0,+7.122880E-01,+1.116000E-03,+9.910000E+37,+3.751152E+02,+3.584400E+04,+7.114668E-01,+1.116000E-03,+9.910000E+37,+3.751816E+02,+3.584400E+04,+7.123352E-01,+1.116000E-03,+9.910000E+37,+3.752480E+02,+3.584400E+04,-1.935921E+00,+0.000000E+00,+9.910000E+37,+3.753145E+02,+3.584400E+04
12:41:17,0e0,+7.290910E-01,+1.245000E-03,+9.910000E+37,+3.755420E+02,+3.584400E+04,+7.277670E-01,+1.245000E-03,+9.910000E+37,+3.756084E+02,+3.584400E+04,+7.301814E-01,+1.245000E-03,+9.910000E+37,+3.756748E+02,+3.584400E+04,-1.883782E+00,+0.000000E+00,+9.910000E+37,+3.757412E+02,+3.584400E+04
12:41:17,0e0,+7.466176E-01,+1.389500E-03,+9.910000E+37,+3.759658E+02,+3.584400E+04,+7.471203E-01,+1.389500E-03,+9.910000E+37,+3.760313E+02,+3.584400E+04,+7.478035E-01,+1.389500E-03,+9.910000E+37,+3.760986E+02,+3.584400E+04,-1.913475E+00,+0.000000E+00,+9.910000E+37,+3.761650E+02,+3.584400E+04
12:41:17,0e0,+7.683841E-01,+1.550500E-03,+9.910000E+37,+3.763926E+02,+3.584400E+04,+7.675193E-01,+1.550500E-03,+9.910000E+37,+3.764600E+02,+3.584400E+04,+7.656521E-01,+1.550500E-03,+9.910000E+37,+3.765254E+02,+3.584400E+04,-1.900764E+00,+0.000000E+00,+9.910000E+37,+3.765918E+02,+3.584400E+04
12:41:17,0e0,+7.855957E-01,+1.730000E-03,+9.910000E+37,+3.768125E+02,+3.584400E+04,+7.847289E-01,+1.730000E-03,+9.910000E+37,+3.768789E+02,+3.584400E+04,+7.852771E-01,+1.730000E-03,+9.910000E+37,+3.769453E+02,+3.584400E+04,-1.921164E+00,+0.000000E+00,+9.910000E+37,+3.770127E+02,+3.584400E+04
12:41:17,0e0,+8.051767E-01,+1.930500E-03,+9.910000E+37,+3.772334E+02,+3.584400E+04,+8.041710E-01,+1.930500E-03,+9.910000E+37,+3.773008E+02,+3.584400E+04,+8.055845E-01,+1.930500E-03,+9.910000E+37,+3.773662E+02,+3.584400E+04,-1.870710E+00,+0.000000E+00,+9.910000E+37,+3.774336E+02,+3.584400E+04
12:41:17,0e0,+8.267130E-01,+2.154500E-03,+9.910000E+37,+3.776543E+02,+3.584400E+04,+8.252542E-01,+2.154500E-03,+9.910000E+37,+3.777217E+02,+3.584400E+04,+8.257089E-01,+2.154500E-03,+9.910000E+37,+3.777871E+02,+3.584400E+04,-1.883187E+00,+0.000000E+00,+9.910000E+37,+3.778535E+02,+3.584400E+04
12:41:17,0e0,+8.476559E-01,+2.404000E-03,+9.910000E+37,+3.780742E+02,+3.584400E+04,+8.483855E-01,+2.404000E-03,+9.910000E+37,+3.781406E+02,+3.584400E+04,+8.488863E-01,+2.404000E-03,+9.910000E+37,+3.782080E+02,+3.584400E+04,-1.877769E+00,+0.000000E+00,+9.910000E+37,+3.782734E+02,+3.584400E+04
12:41:17,0e0,+8.711987E-01,+2.682500E-03,+9.910000E+37,+3.784932E+02,+3.584400E+04,+8.709236E-01,+2.682500E-03,+9.910000E+37,+3.785596E+02,+3.584400E+04,+8.710164E-01,+2.682500E-03,+9.910000E+37,+3.786270E+02,+3.584400E+04,-1.897305E+00,+0.000000E+00,+9.910000E+37,+3.786924E+02,+3.584400E+04
12:41:17,0e0,+8.961493E-01,+2.993500E-03,+9.910000E+37,+3.789131E+02,+3.584400E+04,+8.941013E-01,+2.993500E-03,+9.910000E+37,+3.789795E+02,+3.584400E+04,+8.939160E-01,+2.993500E-03,+9.910000E+37,+3.790469E+02,+3.584400E+04,-1.865613E+00,+0.000000E+00,+9.910000E+37,+3.791123E+02,+3.584400E+04
12:41:17,0e0,+9.194176E-01,+3.340500E-03,+9.910000E+37,+3.793350E+02,+3.584400E+04,+9.183249E-01,+3.340500E-03,+9.910000E+37,+3.794014E+02,+3.584400E+04,+9.187793E-01,+3.340500E-03,+9.910000E+37,+3.794688E+02,+3.584400E+04,-1.844487E+00,+0.000000E+00,+9.910000E+37,+3.795342E+02,+3.584400E+04
12:41:17,0e0,+9.447321E-01,+3.727500E-03,+9.910000E+37,+3.797588E+02,+3.584400E+04,+9.445068E-01,+3.727500E-03,+9.910000E+37,+3.798252E+02,+3.584400E+04,+9.459169E-01,+3.727500E-03,+9.910000E+37,+3.798926E+02,+3.584400E+04,-1.814658E+00,+0.000000E+00,+9.910000E+37,+3.799580E+02,+3.584400E+04
12:41:17,0e0,+9.711869E-01,+4.159500E-03,+9.910000E+37,+3.801826E+02,+3.584400E+04,+9.728719E-01,+4.159500E-03,+9.910000E+37,+3.802490E+02,+3.584400E+04,+9.714143E-01,+4.159500E-03,+9.910000E+37,+3.803154E+02,+3.584400E+04,-1.914063E+00,+0.000000E+00,+9.910000E+37,+3.803828E+02,+3.584400E+04
12:41:17,0e0,+9.986423E-01,+4.641500E-03,+9.910000E+37,+3.806055E+02,+3.584400E+04,+9.993715E-01,+4.641500E-03,+9.910000E+37,+3.806719E+02,+3.584400E+04,+9.989613E-01,+4.641500E-03,+9.910000E+37,+3.807373E+02,+3.584400E+04,-1.875312E+00,+0.000000E+00,+9.910000E+37,+3.808047E+02,+3.584400E+04
12:41:17,0e0,+1.028695E+00,+5.179500E-03,+9.910000E+37,+3.810303E+02,+3.584400E+04,+1.028333E+00,+5.179500E-03,+9.910000E+37,+3.810977E+02,+3.584400E+04,+1.028697E+00,+5.179500E-03,+9.910000E+37,+3.811641E+02,+3.584400E+04,-1.824859E+00,+0.000000E+00,+9.910000E+37,+3.812314E+02,+3.584400E+04
12:41:17,0e0,+1.060112E+00,+5.779500E-03,+9.910000E+37,+3.814521E+02,+3.584400E+04,+1.060112E+00,+5.779500E-03,+9.910000E+37,+3.815186E+02,+3.584400E+04,+1.058747E+00,+5.779500E-03,+9.910000E+37,+3.815850E+02,+3.584400E+04,-1.858782E+00,+0.000000E+00,+9.910000E+37,+3.816523E+02,+3.584400E+04
12:41:17,0e0,+1.091072E+00,+6.449500E-03,+9.910000E+37,+3.818760E+02,+3.584400E+04,+1.088658E+00,+6.449500E-03,+9.910000E+37,+3.819424E+02,+3.584400E+04,+1.091166E+00,+6.449500E-03,+9.910000E+37,+3.820098E+02,+3.584400E+04,-1.846717E+00,+0.000000E+00,+9.910000E+37,+3.820762E+02,+3.584400E+04
12:41:17,0e0,+1.124724E+00,+7.197000E-03,+9.910000E+37,+3.822988E+02,+3.584400E+04,+1.124315E+00,+7.197000E-03,+9.910000E+37,+3.823652E+02,+3.584400E+04,+1.123265E+00,+7.197000E-03,+9.910000E+37,+3.824326E+02,+3.584400E+04,-1.884096E+00,+0.000000E+00,+9.910000E+37,+3.824980E+02,+3.584400E+04
12:41:17,0e0,+1.158919E+00,+8.031000E-03,+9.910000E+37,+3.827188E+02,+3.584400E+04,+1.159967E+00,+8.031000E-03,+9.910000E+37,+3.827861E+02,+3.584400E+04,+1.159329E+00,+8.031000E-03,+9.910000E+37,+3.828525E+02,+3.584400E+04,-1.844940E+00,+0.000000E+00,+9.910000E+37,+3.829199E+02,+3.584400E+04
12:41:17,0e0,+1.195894E+00,+8.961500E-03,+9.910000E+37,+3.831416E+02,+3.584400E+04,+1.194981E+00,+8.961500E-03,+9.910000E+37,+3.832090E+02,+3.584400E+04,+1.195527E+00,+8.961500E-03,+9.910000E+37,+3.832744E+02,+3.584400E+04,-1.852679E+00,+0.000000E+00,+9.910000E+37,+3.833418E+02,+3.584400E+04
