12:50:58,0e0,-1.009488E+01,+1.000000E-07,+9.910000E+37,+9.096387E+02,+3.584400E+04,+9.421071E-02,+1.000000E-07,+9.910000E+37,+9.097061E+02,+3.584400E+04,+9.503043E-02,+1.000000E-07,+9.910000E+37,+9.097715E+02,+3.584400E+04,-2.649157E-02,+0.000000E+00,+9.910000E+37,+9.098389E+02,+3.584400E+04
12:50:58,0e0,-1.130528E+01,+1.116000E-07,+9.910000E+37,+9.100625E+02,+3.584400E+04,+9.712434E-02,+1.116000E-07,+9.910000E+37,+9.101289E+02,+3.584400E+04,+9.817201E-02,+1.116000E-07,+9.910000E+37,+9.101953E+02,+3.584400E+04,-4.342917E-02,+0.000000E+00,+9.910000E+37,+9.102617E+02,+3.584400E+04
12:50:58,0e0,-9.396554E+00,+1.245000E-07,+9.910000E+37,+9.104854E+02,+3.584400E+04,+1.020424E-01,+1.245000E-07,+9.910000E+37,+9.105527E+02,+3.584400E+04,+1.020421E-01,+1.245000E-07,+9.910000E+37,+9.106182E+02,+3.584400E+04,-2.476153E-02,+0.000000E+00,+9.910000E+37,+9.106846E+02,+3.584400E+04
12:50:58,0e0,-5.639421E+00,+1.389500E-07,+9.910000E+37,+9.109063E+02,+3.584400E+04,+1.050017E-01,+1.389500E-07,+9.910000E+37,+9.109727E+02,+3.584400E+04,+1.045003E-01,+1.389500E-07,+9.910000E+37,+9.110391E+02,+3.584400E+04,-3.209186E-02,+0.000000E+00,+9.910000E+37,+9.111055E+02,+3.584400E+04
12:50:58,0e0,-4.760757E+00,+1.550500E-07,+9.910000E+37,+9.113301E+02,+3.584400E+04,+1.101011E-01,+1.550500E-07,+9.910000E+37,+9.113965E+02,+3.584400E+04,+1.090538E-01,+1.550500E-07,+9.910000E+37,+9.114629E+02,+3.584400E+04,-5.003084E-02,+0.000000E+00,+9.910000E+37,+9.115293E+02,+3.584400E+04
12:50:58,0e0,-2.075133E+00,+1.730000E-07,+9.910000E+37,+9.117549E+02,+3.584400E+04,+1.128332E-01,+1.730000E-07,+9.910000E+37,+9.118223E+02,+3.584400E+04,+1.124229E-01,+1.730000E-07,+9.910000E+37,+9.118887E+02,+3.584400E+04,-5.485731E-02,+0.000000E+00,+9.910000E+37,+9.119561E+02,+3.584400E+04
12:50:58,0e0,-1.151891E+00,+1.930500E-07,+9.910000E+37,+9.121816E+02,+3.584400E+04,+1.173860E-01,+1.930500E-07,+9.910000E+37,+9.122480E+02,+3.584400E+04,+1.171584E-01,+1.930500E-07,+9.910000E+37,+9.123145E+02,+3.584400E+04,-7.762280E-02,+0.000000E+00,+9.910000E+37,+9.123809E+02,+3.584400E+04
12:50:58,0e0,-2.944457E-01,+2.154500E-07,+9.910000E+37,+9.126045E+02,+3.584400E+04,+1.204367E-01,+2.154500E-07,+9.910000E+37,+9.126709E+02,+3.584400E+04,+1.202549E-01,+2.154500E-07,+9.910000E+37,+9.127383E+02,+3.584400E+04,-3.450511E-02,+0.000000E+00,+9.910000E+37,+9.128057E+02,+3.584400E+04
12:50:58,0e0,+1.208921E-01,+2.404000E-07,+9.910000E+37,+9.130303E+02,+3.584400E+04,+1.249442E-01,+2.404000E-07,+9.910000E+37,+9.130977E+02,+3.584400E+04,+1.240337E-01,+2.404000E-07,+9.910000E+37,+9.131631E+02,+3.584400E+04,-1.612632E-01,+0.000000E+00,+9.910000E+37,+9.132295E+02,+3.584400E+04
12:50:58,0e0,+1.283130E-01,+2.682500E-07,+9.910000E+37,+9.134551E+02,+3.584400E+04,+1.283591E-01,+2.682500E-07,+9.910000E+37,+9.135215E+02,+3.584400E+04,+1.276305E-01,+2.682500E-07,+9.910000E+37,+9.135879E+02,+3.584400E+04,-6.838007E-02,+0.000000E+00,+9.910000E+37,+9.136543E+02,+3.584400E+04
12:50:58,0e0,+1.314097E-01,+2.993500E-07,+9.910000E+37,+9.138789E+02,+3.584400E+04,+1.321836E-01,+2.993500E-07,+9.910000E+37,+9.139453E+02,+3.584400E+04,+1.324119E-01,+2.993500E-07,+9.910000E+37,+9.140117E+02,+3.584400E+04,-3.688021E-01,+0.000000E+00,+9.910000E+37,+9.140781E+02,+3.584400E+04
12:50:58,0e0,+1.366000E-01,+3.340500E-07,+9.910000E+37,+9.143037E+02,+3.584400E+04,+1.348695E-01,+3.340500E-07,+9.910000E+37,+9.143711E+02,+3.584400E+04,+1.368279E-01,+3.340500E-07,+9.910000E+37,+9.144385E+02,+3.584400E+04,-3.722626E-01,+0.000000E+00,+9.910000E+37,+9.145059E+02,+3.584400E+04
12:50:58,0e0,+1.395147E-01,+3.727500E-07,+9.910000E+37,+9.147305E+02,+3.584400E+04,+1.392406E-01,+3.727500E-07,+9.910000E+37,+9.147979E+02,+3.584400E+04,+1.399238E-01,+3.727500E-07,+9.910000E+37,+9.148643E+02,+3.584400E+04,-9.810042E-01,+0.000000E+00,+9.910000E+37,+9.149316E+02,+3.584400E+04
12:50:58,0e0,+1.435669E-01,+4.159500E-07,+9.910000E+37,+9.151553E+02,+3.584400E+04,+1.451145E-01,+4.159500E-07,+9.910000E+37,+9.152217E+02,+3.584400E+04,+1.455243E-01,+4.159500E-07,+9.910000E+37,+9.152881E+02,+3.584400E+04,-1.467710E+00,+0.000000E+00,+9.910000E+37,+9.153545E+02,+3.584400E+04
12:50:58,0e0,+1.482104E-01,+4.641500E-07,+9.910000E+37,+9.155811E+02,+3.584400E+04,+1.485748E-01,+4.641500E-07,+9.910000E+37,+9.156475E+02,+3.584400E+04,+1.485298E-01,+4.641500E-07,+9.910000E+37,+9.157139E+02,+3.584400E+04,-2.514807E+00,+0.000000E+00,+9.910000E+37,+9.157813E+02,+3.584400E+04
12:50:58,0e0,+1.517617E-01,+5.179500E-07,+9.910000E+37,+9.160068E+02,+3.584400E+04,+1.508505E-01,+5.179500E-07,+9.910000E+37,+9.160732E+02,+3.584400E+04,+1.517162E-01,+5.179500E-07,+9.910000E+37,+9.161406E+02,+3.584400E+04,-3.593000E+00,+0.000000E+00,+9.910000E+37,+9.162080E+02,+3.584400E+04
12:50:58,0e0,+1.565880E-01,+5.779500E-07,+9.910000E+37,+9.164316E+02,+3.584400E+04,+1.559512E-01,+5.779500E-07,+9.910000E+37,+9.164990E+02,+3.584400E+04,+1.567247E-01,+5.779500E-07,+9.910000E+37,+9.165645E+02,+3.584400E+04,-5.455826E+00,+0.000000E+00,+9.910000E+37,+9.166309E+02,+3.584400E+04
12:50:58,0e0,+1.615060E-01,+6.449500E-07,+9.910000E+37,+9.168555E+02,+3.584400E+04,+1.618697E-01,+6.449500E-07,+9.910000E+37,+9.169219E+02,+3.584400E+04,+1.620061E-01,+6.449500E-07,+9.910000E+37,+9.169883E+02,+3.584400E+04,-7.234106E+00,+0.000000E+00,+9.910000E+37,+9.170547E+02,+3.584400E+04
12:50:58,0e0,+1.645564E-01,+7.197000E-07,+9.910000E+37,+9.172803E+02,+3.584400E+04,+1.640997E-01,+7.197000E-07,+9.910000E+37,+9.173467E+02,+3.584400E+04,+1.651483E-01,+7.197000E-07,+9.910000E+37,+9.174131E+02,+3.584400E+04,-9.733589E+00,+0.000000E+00,+9.910000E+37,+9.174795E+02,+3.584400E+04
12:50:58,0e0,+1.688353E-01,+8.031000E-07,+9.910000E+37,+9.177041E+02,+3.584400E+04,+1.704297E-01,+8.031000E-07,+9.910000E+37,+9.177705E+02,+3.584400E+04,+1.708849E-01,+8.031000E-07,+9.910000E+37,+9.178379E+02,+3.584400E+04,-1.227291E+01,+0.000000E+00,+9.910000E+37,+9.179053E+02,+3.584400E+04
12:50:58,0e0,+1.745730E-01,+8.961500E-07,+9.910000E+37,+9.181299E+02,+3.584400E+04,+1.752103E-01,+8.961500E-07,+9.910000E+37,+9.181963E+02,+3.584400E+04,+1.745270E-01,+8.961500E-07,+9.910000E+37,+9.182627E+02,+3.584400E+04,-1.513920E+01,+0.000000E+00,+9.910000E+37,+9.183301E+02,+3.584400E+04
12:50:58,0e0,+1.795807E-01,+1.000000E-06,+9.910000E+37,+9.185518E+02,+3.584400E+04,+1.796721E-01,+1.000000E-06,+9.910000E+37,+9.186182E+02,+3.584400E+04,+1.794447E-01,+1.000000E-06,+9.910000E+37,+9.186846E+02,+3.584400E+04,-1.808288E+01,+0.000000E+00,+9.910000E+37,+9.187510E+02,+3.584400E+04
12:50:58,0e0,+1.733436E-01,+1.116000E-06,+9.910000E+37,+9.189736E+02,+3.584400E+04,+1.714760E-01,+1.116000E-06,+9.910000E+37,+9.190400E+02,+3.584400E+04,+1.737079E-01,+1.116000E-06,+9.910000E+37,+9.191064E+02,+3.584400E+04,-4.019646E-02,+0.000000E+00,+9.910000E+37,+9.191738E+02,+3.584400E+04
12:50:58,0e0,+1.760753E-01,+1.245000E-06,+9.910000E+37,+9.193975E+02,+3.584400E+04,+1.765304E-01,+1.245000E-06,+9.910000E+37,+9.194639E+02,+3.584400E+04,+1.769859E-01,+1.245000E-06,+9.910000E+37,+9.195303E+02,+3.584400E+04,-5.312729E-02,+0.000000E+00,+9.910000E+37,+9.195967E+02,+3.584400E+04
12:50:58,0e0,+1.800362E-01,+1.389500E-06,+9.910000E+37,+9.198223E+02,+3.584400E+04,+1.805829E-01,+1.389500E-06,+9.910000E+37,+9.198887E+02,+3.584400E+04,+1.807193E-01,+1.389500E-06,+9.910000E+37,+9.199561E+02,+3.584400E+04,-4.015094E-02,+0.000000E+00,+9.910000E+37,+9.200234E+02,+3.584400E+04
12:50:58,0e0,+1.854999E-01,+1.550500E-06,+9.910000E+37,+9.202490E+02,+3.584400E+04,+1.848627E-01,+1.550500E-06,+9.910000E+37,+9.203164E+02,+3.584400E+04,+1.844986E-01,+1.550500E-06,+9.910000E+37,+9.203818E+02,+3.584400E+04,-6.819803E-02,+0.000000E+00,+9.910000E+37,+9.204482E+02,+3.584400E+04
12:50:58,0e0,+1.872759E-01,+1.730000E-06,+9.910000E+37,+9.206729E+02,+3.584400E+04,+1.877311E-01,+1.730000E-06,+9.910000E+37,+9.207393E+02,+3.584400E+04,+1.872304E-01,+1.730000E-06,+9.910000E+37,+9.208066E+02,+3.584400E+04,-4.037865E-02,+0.000000E+00,+9.910000E+37,+9.208740E+02,+3.584400E+04
12:50:58,0e0,+1.919656E-01,+1.930500E-06,+9.910000E+37,+9.210996E+02,+3.584400E+04,+1.901891E-01,+1.930500E-06,+9.910000E+37,+9.211660E+02,+3.584400E+04,+1.919655E-01,+1.930500E-06,+9.910000E+37,+9.212334E+02,+3.584400E+04,-8.704779E-02,+0.000000E+00,+9.910000E+37,+9.212998E+02,+3.584400E+04
12:50:58,0e0,+1.946964E-01,+2.154500E-06,+9.910000E+37,+9.215264E+02,+3.584400E+04,+1.960179E-01,+2.154500E-06,+9.910000E+37,+9.215928E+02,+3.584400E+04,+1.961543E-01,+2.154500E-06,+9.910000E+37,+9.216582E+02,+3.584400E+04,-4.133475E-02,+0.000000E+00,+9.910000E+37,+9.217246E+02,+3.584400E+04
12:50:58,0e0,+1.993413E-01,+2.404000E-06,+9.910000E+37,+9.219473E+02,+3.584400E+04,+2.001607E-01,+2.404000E-06,+9.910000E+37,+9.220137E+02,+3.584400E+04,+1.995697E-01,+2.404000E-06,+9.910000E+37,+9.220801E+02,+3.584400E+04,-1.326697E-01,+0.000000E+00,+9.910000E+37,+9.221465E+02,+3.584400E+04
12:50:58,0e0,+2.035304E-01,+2.682500E-06,+9.910000E+37,+9.223730E+02,+3.584400E+04,+2.039401E-01,+2.682500E-06,+9.910000E+37,+9.224395E+02,+3.584400E+04,+2.044864E-01,+2.682500E-06,+9.910000E+37,+9.225068E+02,+3.584400E+04,-5.531275E-02,+0.000000E+00,+9.910000E+37,+9.225723E+02,+3.584400E+04
12:50:58,0e0,+2.089948E-01,+2.993500E-06,+9.910000E+37,+9.227969E+02,+3.584400E+04,+2.068075E-01,+2.993500E-06,+9.910000E+37,+9.228633E+02,+3.584400E+04,+2.083564E-01,+2.993500E-06,+9.910000E+37,+9.229297E+02,+3.584400E+04,-2.681725E-01,+0.000000E+00,+9.910000E+37,+9.229961E+02,+3.584400E+04
12:50:58,0e0,+2.130007E-01,+3.340500E-06,+9.910000E+37,+9.232227E+02,+3.584400E+04,+2.128641E-01,+3.340500E-06,+9.910000E+37,+9.232900E+02,+3.584400E+04,+2.141848E-01,+3.340500E-06,+9.910000E+37,+9.233555E+02,+3.584400E+04,-3.261369E-01,+0.000000E+00,+9.910000E+37,+9.234219E+02,+3.584400E+04
12:50:58,0e0,+2.170986E-01,+3.727500E-06,+9.910000E+37,+9.236445E+02,+3.584400E+04,+2.174626E-01,+3.727500E-06,+9.910000E+37,+9.237109E+02,+3.584400E+04,+2.172352E-01,+3.727500E-06,+9.910000E+37,+9.237773E+02,+3.584400E+04,-8.445382E-01,+0.000000E+00,+9.910000E+37,+9.238438E+02,+3.584400E+04
12:50:58,0e0,+2.216068E-01,+4.159500E-06,+9.910000E+37,+9.240703E+02,+3.584400E+04,+2.214700E-01,+4.159500E-06,+9.910000E+37,+9.241377E+02,+3.584400E+04,+2.210141E-01,+4.159500E-06,+9.910000E+37,+9.242031E+02,+3.584400E+04,-1.356019E+00,+0.000000E+00,+9.910000E+37,+9.242695E+02,+3.584400E+04
12:50:58,0e0,+2.255217E-01,+4.641500E-06,+9.910000E+37,+9.244961E+02,+3.584400E+04,+2.270700E-01,+4.641500E-06,+9.910000E+37,+9.245635E+02,+3.584400E+04,+2.261137E-01,+4.641500E-06,+9.910000E+37,+9.246289E+02,+3.584400E+04,-2.370374E+00,+0.000000E+00,+9.910000E+37,+9.246953E+02,+3.584400E+04
12:50:58,0e0,+2.307577E-01,+5.179500E-06,+9.910000E+37,+9.249219E+02,+3.584400E+04,+2.300745E-01,+5.179500E-06,+9.910000E+37,+9.249893E+02,+3.584400E+04,+2.304388E-01,+5.179500E-06,+9.910000E+37,+9.250547E+02,+3.584400E+04,-3.452753E+00,+0.000000E+00,+9.910000E+37,+9.251211E+02,+3.584400E+04
12:50:58,0e0,+2.350831E-01,+5.779500E-06,+9.910000E+37,+9.253477E+02,+3.584400E+04,+2.359937E-01,+5.779500E-06,+9.910000E+37,+9.254150E+02,+3.584400E+04,+2.350372E-01,+5.779500E-06,+9.910000E+37,+9.254805E+02,+3.584400E+04,-5.128386E+00,+0.000000E+00,+9.910000E+37,+9.255469E+02,+3.584400E+04
12:50:58,0e0,+2.403649E-01,+6.449500E-06,+9.910000E+37,+9.257715E+02,+3.584400E+04,+2.405921E-01,+6.449500E-06,+9.910000E+37,+9.258379E+02,+3.584400E+04,+2.406377E-01,+6.449500E-06,+9.910000E+37,+9.259053E+02,+3.584400E+04,-6.927204E+00,+0.000000E+00,+9.910000E+37,+9.259707E+02,+3.584400E+04
12:50:58,0e0,+2.452821E-01,+7.197000E-06,+9.910000E+37,+9.261953E+02,+3.584400E+04,+2.454643E-01,+7.197000E-06,+9.910000E+37,+9.262617E+02,+3.584400E+04,+2.447358E-01,+7.197000E-06,+9.910000E+37,+9.263281E+02,+3.584400E+04,-9.169562E+00,+0.000000E+00,+9.910000E+37,+9.263936E+02,+3.584400E+04
12:50:58,0e0,+2.501994E-01,+8.031000E-06,+9.910000E+37,+9.266191E+02,+3.584400E+04,+2.504273E-01,+8.031000E-06,+9.910000E+37,+9.266855E+02,+3.584400E+04,+2.488780E-01,+8.031000E-06,+9.910000E+37,+9.267520E+02,+3.584400E+04,-1.191087E+01,+0.000000E+00,+9.910000E+37,+9.268184E+02,+3.584400E+04
12:50:58,0e0,+2.561187E-01,+8.961500E-06,+9.910000E+37,+9.270430E+02,+3.584400E+04,+2.554814E-01,+8.961500E-06,+9.910000E+37,+9.271104E+02,+3.584400E+04,+2.556187E-01,+8.961500E-06,+9.910000E+37,+9.271758E+02,+3.584400E+04,-1.444392E+01,+0.000000E+00,+9.910000E+37,+9.272422E+02,+3.584400E+04
12:50:58,0e0,+2.613089E-01,+1.000000E-05,+9.910000E+37,+9.274639E+02,+3.584400E+04,+2.606260E-01,+1.000000E-05,+9.910000E+37,+9.275303E+02,+3.584400E+04,+2.613544E-01,+1.000000E-05,+9.910000E+37,+9.275967E+02,+3.584400E+04,-1.746102E+01,+0.000000E+00,+9.910000E+37,+9.276631E+02,+3.584400E+04
12:50:58,0e0,+2.561641E-01,+1.116000E-05,+9.910000E+37,+9.278828E+02,+3.584400E+04,+2.542972E-01,+1.116000E-05,+9.910000E+37,+9.279502E+02,+3.584400E+04,+2.545705E-01,+1.116000E-05,+9.910000E+37,+9.280176E+02,+3.584400E+04,-1.183730E-01,+0.000000E+00,+9.910000E+37,+9.280830E+02,+3.584400E+04
12:50:58,0e0,+2.583947E-01,+1.245000E-05,+9.910000E+37,+9.282998E+02,+3.584400E+04,+2.588502E-01,+1.245000E-05,+9.910000E+37,+9.283672E+02,+3.584400E+04,+2.582125E-01,+1.245000E-05,+9.910000E+37,+9.284326E+02,+3.584400E+04,-1.330340E-01,+0.000000E+00,+9.910000E+37,+9.285020E+02,+3.584400E+04
12:50:58,0e0,+2.630391E-01,+1.389500E-05,+9.910000E+37,+9.287217E+02,+3.584400E+04,+2.629934E-01,+1.389500E-05,+9.910000E+37,+9.287871E+02,+3.584400E+04,+2.624928E-01,+1.389500E-05,+9.910000E+37,+9.288545E+02,+3.584400E+04,-1.642682E-01,+0.000000E+00,+9.910000E+37,+9.289268E+02,+3.584400E+04
12:50:58,0e0,+2.676833E-01,+1.550500E-05,+9.910000E+37,+9.291475E+02,+3.584400E+04,+2.678655E-01,+1.550500E-05,+9.910000E+37,+9.292139E+02,+3.584400E+04,+2.675920E-01,+1.550500E-05,+9.910000E+37,+9.292803E+02,+3.584400E+04,-1.662260E-01,+0.000000E+00,+9.910000E+37,+9.293486E+02,+3.584400E+04
12:50:58,0e0,+2.722816E-01,+1.730000E-05,+9.910000E+37,+9.295654E+02,+3.584400E+04,+2.720539E-01,+1.730000E-05,+9.910000E+37,+9.296318E+02,+3.584400E+04,+2.728281E-01,+1.730000E-05,+9.910000E+37,+9.296992E+02,+3.584400E+04,-1.474673E-01,+0.000000E+00,+9.910000E+37,+9.297705E+02,+3.584400E+04
12:50:58,0e0,+2.763335E-01,+1.930500E-05,+9.910000E+37,+9.299902E+02,+3.584400E+04,+2.773357E-01,+1.930500E-05,+9.910000E+37,+9.300566E+02,+3.584400E+04,+2.770624E-01,+1.930500E-05,+9.910000E+37,+9.301230E+02,+3.584400E+04,-1.726003E-01,+0.000000E+00,+9.910000E+37,+9.301934E+02,+3.584400E+04
12:50:58,0e0,+2.818434E-01,+2.154500E-05,+9.910000E+37,+9.304150E+02,+3.584400E+04,+2.820257E-01,+2.154500E-05,+9.910000E+37,+9.304814E+02,+3.584400E+04,+2.804759E-01,+2.154500E-05,+9.910000E+37,+9.305479E+02,+3.584400E+04,-1.267052E-01,+0.000000E+00,+9.910000E+37,+9.306152E+02,+3.584400E+04
12:50:58,0e0,+2.870337E-01,+2.404000E-05,+9.910000E+37,+9.308340E+02,+3.584400E+04,+2.862138E-01,+2.404000E-05,+9.910000E+37,+9.309004E+02,+3.584400E+04,+2.881720E-01,+2.404000E-05,+9.910000E+37,+9.309678E+02,+3.584400E+04,-1.501537E-01,+0.000000E+00,+9.910000E+37,+9.310371E+02,+3.584400E+04
12:50:58,0e0,+2.923152E-01,+2.682500E-05,+9.910000E+37,+9.312607E+02,+3.584400E+04,+2.915866E-01,+2.682500E-05,+9.910000E+37,+9.313271E+02,+3.584400E+04,+2.912678E-01,+2.682500E-05,+9.910000E+37,+9.313926E+02,+3.584400E+04,-1.694587E-01,+0.000000E+00,+9.910000E+37,+9.314600E+02,+3.584400E+04
12:50:58,0e0,+2.973236E-01,+2.993500E-05,+9.910000E+37,+9.316807E+02,+3.584400E+04,+2.963216E-01,+2.993500E-05,+9.910000E+37,+9.317471E+02,+3.584400E+04,+2.960485E-01,+2.993500E-05,+9.910000E+37,+9.318125E+02,+3.584400E+04,-1.472397E-01,+0.000000E+00,+9.910000E+37,+9.318818E+02,+3.584400E+04
12:50:58,0e0,+3.030612E-01,+3.340500E-05,+9.910000E+37,+9.321055E+02,+3.584400E+04,+3.018766E-01,+3.340500E-05,+9.910000E+37,+9.321729E+02,+3.584400E+04,+3.017406E-01,+3.340500E-05,+9.910000E+37,+9.322393E+02,+3.584400E+04,-1.617184E-01,+0.000000E+00,+9.910000E+37,+9.323076E+02,+3.584400E+04
12:50:58,0e0,+3.070214E-01,+3.727500E-05,+9.910000E+37,+9.325283E+02,+3.584400E+04,+3.060198E-01,+3.727500E-05,+9.910000E+37,+9.325947E+02,+3.584400E+04,+3.072950E-01,+3.727500E-05,+9.910000E+37,+9.326621E+02,+3.584400E+04,-3.097903E-01,+0.000000E+00,+9.910000E+37,+9.327305E+02,+3.584400E+04
12:50:58,0e0,+3.127130E-01,+4.159500E-05,+9.910000E+37,+9.329512E+02,+3.584400E+04,+3.125312E-01,+4.159500E-05,+9.910000E+37,+9.330176E+02,+3.584400E+04,+3.127587E-01,+4.159500E-05,+9.910000E+37,+9.330850E+02,+3.584400E+04,-5.336795E-01,+0.000000E+00,+9.910000E+37,+9.331523E+02,+3.584400E+04
12:50:58,0e0,+3.173121E-01,+4.641500E-05,+9.910000E+37,+9.333740E+02,+3.584400E+04,+3.178121E-01,+4.641500E-05,+9.910000E+37,+9.334395E+02,+3.584400E+04,+3.173123E-01,+4.641500E-05,+9.910000E+37,+9.335059E+02,+3.584400E+04,-1.256071E+00,+0.000000E+00,+9.910000E+37,+9.335752E+02,+3.584400E+04
12:50:58,0e0,+3.233216E-01,+5.179500E-05,+9.910000E+37,+9.337939E+02,+3.584400E+04,+3.235946E-01,+5.179500E-05,+9.910000E+37,+9.338613E+02,+3.584400E+04,+3.234133E-01,+5.179500E-05,+9.910000E+37,+9.339268E+02,+3.584400E+04,-2.219066E+00,+0.000000E+00,+9.910000E+37,+9.339941E+02,+3.584400E+04
12:50:58,0e0,+3.290591E-01,+5.779500E-05,+9.910000E+37,+9.342139E+02,+3.584400E+04,+3.293318E-01,+5.779500E-05,+9.910000E+37,+9.342803E+02,+3.584400E+04,+3.288769E-01,+5.779500E-05,+9.910000E+37,+9.343457E+02,+3.584400E+04,-3.291519E+00,+0.000000E+00,+9.910000E+37,+9.344141E+02,+3.584400E+04
12:50:58,0e0,+3.345227E-01,+6.449500E-05,+9.910000E+37,+9.346318E+02,+3.584400E+04,+3.350230E-01,+6.449500E-05,+9.910000E+37,+9.346973E+02,+3.584400E+04,+3.347942E-01,+6.449500E-05,+9.910000E+37,+9.347656E+02,+3.584400E+04,-4.543513E+00,+0.000000E+00,+9.910000E+37,+9.348379E+02,+3.584400E+04
12:50:58,0e0,+3.414427E-01,+7.197000E-05,+9.910000E+37,+9.350586E+02,+3.584400E+04,+3.417163E-01,+7.197000E-05,+9.910000E+37,+9.351260E+02,+3.584400E+04,+3.428546E-01,+7.197000E-05,+9.910000E+37,+9.351914E+02,+3.584400E+04,-6.647488E+00,+0.000000E+00,+9.910000E+37,+9.352598E+02,+3.584400E+04
12:50:58,0e0,+3.481812E-01,+8.031000E-05,+9.910000E+37,+9.354844E+02,+3.584400E+04,+3.485914E-01,+8.031000E-05,+9.910000E+37,+9.355508E+02,+3.584400E+04,+3.477260E-01,+8.031000E-05,+9.910000E+37,+9.356182E+02,+3.584400E+04,-8.595472E+00,+0.000000E+00,+9.910000E+37,+9.356836E+02,+3.584400E+04
12:50:58,0e0,+3.544650E-01,+8.961500E-05,+9.910000E+37,+9.359043E+02,+3.584400E+04,+3.539178E-01,+8.961500E-05,+9.910000E+37,+9.359717E+02,+3.584400E+04,+3.546013E-01,+8.961500E-05,+9.910000E+37,+9.360371E+02,+3.584400E+04,-1.110342E+01,+0.000000E+00,+9.910000E+37,+9.361055E+02,+3.584400E+04
12:50:58,0e0,+3.618866E-01,+1.000000E-04,+9.910000E+37,+9.363242E+02,+3.584400E+04,+3.613855E-01,+1.000000E-04,+9.910000E+37,+9.363906E+02,+3.584400E+04,+3.621598E-01,+1.000000E-04,+9.910000E+37,+9.364561E+02,+3.584400E+04,-1.365539E+01,+0.000000E+00,+9.910000E+37,+9.365273E+02,+3.584400E+04
12:50:58,0e0,+3.569237E-01,+1.116000E-04,+9.910000E+37,+9.367441E+02,+3.584400E+04,+3.579706E-01,+1.116000E-04,+9.910000E+37,+9.368164E+02,+3.584400E+04,+3.561042E-01,+1.116000E-04,+9.910000E+37,+9.368828E+02,+3.584400E+04,-1.183628E+00,+0.000000E+00,+9.910000E+37,+9.369502E+02,+3.584400E+04
12:50:58,0e0,+3.636615E-01,+1.245000E-04,+9.910000E+37,+9.371680E+02,+3.584400E+04,+3.625234E-01,+1.245000E-04,+9.910000E+37,+9.372334E+02,+3.584400E+04,+3.629335E-01,+1.245000E-04,+9.910000E+37,+9.372998E+02,+3.584400E+04,-1.144013E+00,+0.000000E+00,+9.910000E+37,+9.373672E+02,+3.584400E+04
12:50:58,0e0,+3.687165E-01,+1.389500E-04,+9.910000E+37,+9.375869E+02,+3.584400E+04,+3.698540E-01,+1.389500E-04,+9.910000E+37,+9.376543E+02,+3.584400E+04,+3.690797E-01,+1.389500E-04,+9.910000E+37,+9.377217E+02,+3.584400E+04,-1.255661E+00,+0.000000E+00,+9.910000E+37,+9.377871E+02,+3.584400E+04
12:50:58,0e0,+3.765469E-01,+1.550500E-04,+9.910000E+37,+9.380107E+02,+3.584400E+04,+3.737688E-01,+1.550500E-04,+9.910000E+37,+9.380781E+02,+3.584400E+04,+3.744528E-01,+1.550500E-04,+9.910000E+37,+9.381455E+02,+3.584400E+04,-1.265179E+00,+0.000000E+00,+9.910000E+37,+9.382109E+02,+3.584400E+04
12:50:58,0e0,+3.808721E-01,+1.730000E-04,+9.910000E+37,+9.384346E+02,+3.584400E+04,+3.812370E-01,+1.730000E-04,+9.910000E+37,+9.385010E+02,+3.584400E+04,+3.810548E-01,+1.730000E-04,+9.910000E+37,+9.385674E+02,+3.584400E+04,-1.165322E+00,+0.000000E+00,+9.910000E+37,+9.386348E+02,+3.584400E+04
12:50:58,0e0,+3.882026E-01,+1.930500E-04,+9.910000E+37,+9.388545E+02,+3.584400E+04,+3.870190E-01,+1.930500E-04,+9.910000E+37,+9.389209E+02,+3.584400E+04,+3.866081E-01,+1.930500E-04,+9.910000E+37,+9.389873E+02,+3.584400E+04,-1.267590E+00,+0.000000E+00,+9.910000E+37,+9.390547E+02,+3.584400E+04
12:50:58,0e0,+3.948044E-01,+2.154500E-04,+9.910000E+37,+9.392734E+02,+3.584400E+04,+3.947592E-01,+2.154500E-04,+9.910000E+37,+9.393398E+02,+3.584400E+04,+3.951698E-01,+2.154500E-04,+9.910000E+37,+9.394072E+02,+3.584400E+04,-1.307159E+00,+0.000000E+00,+9.910000E+37,+9.394736E+02,+3.584400E+04
12:50:58,0e0,+4.012707E-01,+2.404000E-04,+9.910000E+37,+9.396934E+02,+3.584400E+04,+4.001778E-01,+2.404000E-04,+9.910000E+37,+9.397588E+02,+3.584400E+04,+4.001775E-01,+2.404000E-04,+9.910000E+37,+9.398262E+02,+3.584400E+04,-1.251563E+00,+0.000000E+00,+9.910000E+37,+9.398936E+02,+3.584400E+04
12:50:58,0e0,+4.082820E-01,+2.682500E-04,+9.910000E+37,+9.401143E+02,+3.584400E+04,+4.071893E-01,+2.682500E-04,+9.910000E+37,+9.401807E+02,+3.584400E+04,+4.075989E-01,+2.682500E-04,+9.910000E+37,+9.402480E+02,+3.584400E+04,-1.176796E+00,+0.000000E+00,+9.910000E+37,+9.403154E+02,+3.584400E+04
12:50:58,0e0,+4.151568E-01,+2.993500E-04,+9.910000E+37,+9.405371E+02,+3.584400E+04,+4.143377E-01,+2.993500E-04,+9.910000E+37,+9.406045E+02,+3.584400E+04,+4.158856E-01,+2.993500E-04,+9.910000E+37,+9.406719E+02,+3.584400E+04,-1.260624E+00,+0.000000E+00,+9.910000E+37,+9.407373E+02,+3.584400E+04
12:50:58,0e0,+4.237174E-01,+3.340500E-04,+9.910000E+37,+9.409619E+02,+3.584400E+04,+4.222606E-01,+3.340500E-04,+9.910000E+37,+9.410293E+02,+3.584400E+04,+4.215767E-01,+3.340500E-04,+9.910000E+37,+9.410947E+02,+3.584400E+04,-1.243504E+00,+0.000000E+00,+9.910000E+37,+9.411611E+02,+3.584400E+04
12:50:58,0e0,+4.294545E-01,+3.727500E-04,+9.910000E+37,+9.413887E+02,+3.584400E+04,+4.300005E-01,+3.727500E-04,+9.910000E+37,+9.414561E+02,+3.584400E+04,+4.297733E-01,+3.727500E-04,+9.910000E+37,+9.415234E+02,+3.584400E+04,-1.294000E+00,+0.000000E+00,+9.910000E+37,+9.415908E+02,+3.584400E+04
12:50:58,0e0,+4.373316E-01,+4.159500E-04,+9.910000E+37,+9.418154E+02,+3.584400E+04,+4.383789E-01,+4.159500E-04,+9.910000E+37,+9.418828E+02,+3.584400E+04,+4.379677E-01,+4.159500E-04,+9.910000E+37,+9.419492E+02,+3.584400E+04,-1.214772E+00,+0.000000E+00,+9.910000E+37,+9.420156E+02,+3.584400E+04
12:50:58,0e0,+4.453893E-01,+4.641500E-04,+9.910000E+37,+9.422393E+02,+3.584400E+04,+4.456634E-01,+4.641500E-04,+9.910000E+37,+9.423057E+02,+3.584400E+04,+4.450709E-01,+4.641500E-04,+9.910000E+37,+9.423730E+02,+3.584400E+04,-1.245826E+00,+0.000000E+00,+9.910000E+37,+9.424404E+02,+3.584400E+04
12:50:58,0e0,+4.538128E-01,+5.179500E-04,+9.910000E+37,+9.426650E+02,+3.584400E+04,+4.537222E-01,+5.179500E-04,+9.910000E+37,+9.427314E+02,+3.584400E+04,+4.549056E-01,+5.179500E-04,+9.910000E+37,+9.427988E+02,+3.584400E+04,-1.253066E+00,+0.000000E+00,+9.910000E+37,+9.428643E+02,+3.584400E+04
12:50:58,0e0,+4.623728E-01,+5.779500E-04,+9.910000E+37,+9.430889E+02,+3.584400E+04,+4.622819E-01,+5.779500E-04,+9.910000E+37,+9.431563E+02,+3.584400E+04,+4.622823E-01,+5.779500E-04,+9.910000E+37,+9.432217E+02,+3.584400E+04,-1.246599E+00,+0.000000E+00,+9.910000E+37,+9.432881E+02,+3.584400E+04
12:50:58,0e0,+4.716608E-01,+6.449500E-04,+9.910000E+37,+9.435137E+02,+3.584400E+04,+4.717975E-01,+6.449500E-04,+9.910000E+37,+9.435811E+02,+3.584400E+04,+4.718882E-01,+6.449500E-04,+9.910000E+37,+9.436465E+02,+3.584400E+04,-1.673568E+00,+0.000000E+00,+9.910000E+37,+9.437129E+02,+3.584400E+04
12:50:58,0e0,+4.811776E-01,+7.197000E-04,+9.910000E+37,+9.439385E+02,+3.584400E+04,+4.801748E-01,+7.197000E-04,+9.910000E+37,+9.440049E+02,+3.584400E+04,+4.805836E-01,+7.197000E-04,+9.910000E+37,+9.440723E+02,+3.584400E+04,-1.972318E+00,+0.000000E+00,+9.910000E+37,+9.441396E+02,+3.584400E+04
12:50:58,0e0,+4.906482E-01,+8.031000E-04,+9.910000E+37,+9.443652E+02,+3.584400E+04,+4.903746E-01,+8.031000E-04,+9.910000E+37,+9.444307E+02,+3.584400E+04,+4.910566E-01,+8.031000E-04,+9.910000E+37,+9.444980E+02,+3.584400E+04,-2.359988E+00,+0.000000E+00,+9.910000E+37,+9.445635E+02,+3.584400E+04
12:50:58,0e0,+5.011188E-01,+8.961500E-04,+9.910000E+37,+9.447852E+02,+3.584400E+04,+5.009381E-01,+8.961500E-04,+9.910000E+37,+9.448516E+02,+3.584400E+04,+5.008457E-01,+8.961500E-04,+9.910000E+37,+9.449189E+02,+3.584400E+04,-2.563752E+00,+0.000000E+00,+9.910000E+37,+9.449844E+02,+3.584400E+04
12:50:58,0e0,+5.117737E-01,+1.000000E-03,+9.910000E+37,+9.452012E+02,+3.584400E+04,+5.109081E-01,+1.000000E-03,+9.910000E+37,+9.452686E+02,+3.584400E+04,+5.128673E-01,+1.000000E-03,+9.910000E+37,+9.453350E+02,+3.584400E+04,-3.174221E+00,+0.000000E+00,+9.910000E+37,+9.454023E+02,+3.584400E+04
12:50:58,0e0,+5.102248E-01,+1.116000E-03,+9.910000E+37,+9.456289E+02,+3.584400E+04,+5.089507E-01,+1.116000E-03,+9.910000E+37,+9.456943E+02,+3.584400E+04,+5.107720E-01,+1.116000E-03,+9.910000E+37,+9.457617E+02,+3.584400E+04,-1.826519E+00,+0.000000E+00,+9.910000E+37,+9.458291E+02,+3.584400E+04
12:50:58,0e0,+5.191949E-01,+1.245000E-03,+9.910000E+37,+9.460508E+02,+3.584400E+04,+5.183284E-01,+1.245000E-03,+9.910000E+37,+9.461172E+02,+3.584400E+04,+5.196967E-01,+1.245000E-03,+9.910000E+37,+9.461846E+02,+3.584400E+04,-1.841313E+00,+0.000000E+00,+9.910000E+37,+9.462520E+02,+3.584400E+04
12:50:58,0e0,+5.300319E-01,+1.389500E-03,+9.910000E+37,+9.464727E+02,+3.584400E+04,+5.303500E-01,+1.389500E-03,+9.910000E+37,+9.465391E+02,+3.584400E+04,+5.298951E-01,+1.389500E-03,+9.910000E+37,+9.466045E+02,+3.584400E+04,-1.845188E+00,+0.000000E+00,+9.910000E+37,+9.466709E+02,+3.584400E+04
12:50:58,0e0,+5.409124E-01,+1.550500E-03,+9.910000E+37,+9.468916E+02,+3.584400E+04,+5.410954E-01,+1.550500E-03,+9.910000E+37,+9.469570E+02,+3.584400E+04,+5.407761E-01,+1.550500E-03,+9.910000E+37,+9.470234E+02,+3.584400E+04,-1.866405E+00,+0.000000E+00,+9.910000E+37,+9.470898E+02,+3.584400E+04
12:50:58,0e0,+5.511131E-01,+1.730000E-03,+9.910000E+37,+9.473086E+02,+3.584400E+04,+5.507015E-01,+1.730000E-03,+9.910000E+37,+9.473750E+02,+3.584400E+04,+5.534353E-01,+1.730000E-03,+9.910000E+37,+9.474414E+02,+3.584400E+04,-1.831386E+00,+0.000000E+00,+9.910000E+37,+9.475088E+02,+3.584400E+04
12:50:58,0e0,+5.635878E-01,+1.930500E-03,+9.910000E+37,+9.477383E+02,+3.584400E+04,+5.626306E-01,+1.930500E-03,+9.910000E+37,+9.478047E+02,+3.584400E+04,+5.630867E-01,+1.930500E-03,+9.910000E+37,+9.478711E+02,+3.584400E+04,-1.865401E+00,+0.000000E+00,+9.910000E+37,+9.479385E+02,+3.584400E+04
12:50:58,0e0,+5.751062E-01,+2.154500E-03,+9.910000E+37,+9.481611E+02,+3.584400E+04,+5.761093E-01,+2.154500E-03,+9.910000E+37,+9.482275E+02,+3.584400E+04,+5.748343E-01,+2.154500E-03,+9.910000E+37,+9.482949E+02,+3.584400E+04,-1.859209E+00,+0.000000E+00,+9.910000E+37,+9.483623E+02,+3.584400E+04
12:50:58,0e0,+5.878565E-01,+2.404000E-03,+9.910000E+37,+9.485859E+02,+3.584400E+04,+5.872638E-01,+2.404000E-03,+9.910000E+37,+9.486523E+02,+3.584400E+04,+5.868976E-01,+2.404000E-03,+9.910000E+37,+9.487197E+02,+3.584400E+04,-1.820550E+00,+0.000000E+00,+9.910000E+37,+9.487871E+02,+3.584400E+04
12:50:58,0e0,+6.001030E-01,+2.682500E-03,+9.910000E+37,+9.490078E+02,+3.584400E+04,+5.994655E-01,+2.682500E-03,+9.910000E+37,+9.490742E+02,+3.584400E+04,+5.998751E-01,+2.682500E-03,+9.910000E+37,+9.491416E+02,+3.584400E+04,-1.788678E+00,+0.000000E+00,+9.910000E+37,+9.492080E+02,+3.584400E+04
12:50:58,0e0,+6.135800E-01,+2.993500E-03,+9.910000E+37,+9.494287E+02,+3.584400E+04,+6.126253E-01,+2.993500E-03,+9.910000E+37,+9.494961E+02,+3.584400E+04,+6.133980E-01,+2.993500E-03,+9.910000E+37,+9.495615E+02,+3.584400E+04,-1.824560E+00,+0.000000E+00,+9.910000E+37,+9.496279E+02,+3.584400E+04
12:50:58,0e0,+6.265556E-01,+3.340500E-03,+9.910000E+37,+9.498516E+02,+3.584400E+04,+6.268753E-01,+3.340500E-03,+9.910000E+37,+9.499180E+02,+3.584400E+04,+6.260093E-01,+3.340500E-03,+9.910000E+37,+9.499854E+02,+3.584400E+04,-1.832162E+00,+0.000000E+00,+9.910000E+37,+9.500508E+02,+3.584400E+04
12:50:58,0e0,+6.404422E-01,+3.727500E-03,+9.910000E+37,+9.502715E+02,+3.584400E+04,+6.403053E-01,+3.727500E-03,+9.910000E+37,+9.503369E+02,+3.584400E+04,+6.404438E-01,+3.727500E-03,+9.910000E+37,+9.504033E+02,+3.584400E+04,-1.836079E+00,+0.000000E+00,+9.910000E+37,+9.504697E+02,+3.584400E+04
12:50:58,0e0,+6.550142E-01,+4.159500E-03,+9.910000E+37,+9.506904E+02,+3.584400E+04,+6.547850E-01,+4.159500E-03,+9.910000E+37,+9.507568E+02,+3.584400E+04,+6.546011E-01,+4.159500E-03,+9.910000E+37,+9.508242E+02,+3.584400E+04,-1.818458E+00,+0.000000E+00,+9.910000E+37,+9.508896E+02,+3.584400E+04
12:50:58,0e0,+6.694912E-01,+4.641500E-03,+9.910000E+37,+9.511172E+02,+3.584400E+04,+6.699024E-01,+4.641500E-03,+9.910000E+37,+9.511826E+02,+3.584400E+04,+6.696745E-01,+4.641500E-03,+9.910000E+37,+9.512490E+02,+3.584400E+04,-1.820643E+00,+0.000000E+00,+9.910000E+37,+9.513164E+02,+3.584400E+04
12:50:58,0e0,+6.846074E-01,+5.179500E-03,+9.910000E+37,+9.515410E+02,+3.584400E+04,+6.837897E-01,+5.179500E-03,+9.910000E+37,+9.516074E+02,+3.584400E+04,+6.844258E-01,+5.179500E-03,+9.910000E+37,+9.516738E+02,+3.584400E+04,-1.812536E+00,+0.000000E+00,+9.910000E+37,+9.517402E+02,+3.584400E+04
12:50:58,0e0,+6.989948E-01,+5.779500E-03,+9.910000E+37,+9.519658E+02,+3.584400E+04,+7.003613E-01,+5.779500E-03,+9.910000E+37,+9.520332E+02,+3.584400E+04,+6.989504E-01,+5.779500E-03,+9.910000E+37,+9.521006E+02,+3.584400E+04,-1.796099E+00,+0.000000E+00,+9.910000E+37,+9.521660E+02,+3.584400E+04
12:50:58,0e0,+7.148403E-01,+6.449500E-03,+9.910000E+37,+9.523896E+02,+3.584400E+04,+7.132925E-01,+6.449500E-03,+9.910000E+37,+9.524561E+02,+3.584400E+04,+7.148401E-01,+6.449500E-03,+9.910000E+37,+9.525225E+02,+3.584400E+04,-1.797146E+00,+0.000000E+00,+9.910000E+37,+9.525898E+02,+3.584400E+04
12:50:58,0e0,+7.281796E-01,+7.197000E-03,+9.910000E+37,+9.528105E+02,+3.584400E+04,+7.275426E-01,+7.197000E-03,+9.910000E+37,+9.528779E+02,+3.584400E+04,+7.280889E-01,+7.197000E-03,+9.910000E+37,+9.529434E+02,+3.584400E+04,-1.824194E+00,+0.000000E+00,+9.910000E+37,+9.530098E+02,+3.584400E+04
12:50:58,0e0,+7.438439E-01,+8.031000E-03,+9.910000E+37,+9.532363E+02,+3.584400E+04,+7.424332E-01,+8.031000E-03,+9.910000E+37,+9.533037E+02,+3.584400E+04,+7.431142E-01,+8.031000E-03,+9.910000E+37,+9.533691E+02,+3.584400E+04,-1.746648E+00,+0.000000E+00,+9.910000E+37,+9.534365E+02,+3.584400E+04
12:50:58,0e0,+7.591422E-01,+8.961500E-03,+9.910000E+37,+9.536592E+02,+3.584400E+04,+7.577752E-01,+8.961500E-03,+9.910000E+37,+9.537256E+02,+3.584400E+04,+7.586406E-01,+8.961500E-03,+9.910000E+37,+9.537930E+02,+3.584400E+04,-1.792366E+00,+0.000000E+00,+9.910000E+37,+9.538594E+02,+3.584400E+04
