12:54:47,0e0,-2.305160E-01,+1.000000E-07,+9.910000E+37,+1.132451E+03,+3.584400E+04,+1.753339E-02,+1.000000E-07,+9.910000E+37,+1.132518E+03,+3.584400E+04,+1.839854E-02,+1.000000E-07,+9.910000E+37,+1.132585E+03,+3.584400E+04,-1.046783E-02,+0.000000E+00,+9.910000E+37,+1.132652E+03,+3.584400E+04
12:54:47,0e0,-2.660318E-01,+1.116000E-07,+9.910000E+37,+1.132874E+03,+3.584400E+04,+1.926340E-02,+1.116000E-07,+9.910000E+37,+1.132940E+03,+3.584400E+04,+1.926361E-02,+1.116000E-07,+9.910000E+37,+1.133007E+03,+3.584400E+04,-1.042220E-02,+0.000000E+00,+9.910000E+37,+1.133074E+03,+3.584400E+04
12:54:47,0e0,-1.166899E-01,+1.245000E-07,+9.910000E+37,+1.133300E+03,+3.584400E+04,+2.327049E-02,+1.245000E-07,+9.910000E+37,+1.133366E+03,+3.584400E+04,+2.217777E-02,+1.245000E-07,+9.910000E+37,+1.133433E+03,+3.584400E+04,-1.197048E-02,+0.000000E+00,+9.910000E+37,+1.133500E+03,+3.584400E+04
12:54:47,0e0,-2.512853E-02,+1.389500E-07,+9.910000E+37,+1.133723E+03,+3.584400E+04,+2.481841E-02,+1.389500E-07,+9.910000E+37,+1.133789E+03,+3.584400E+04,+2.504598E-02,+1.389500E-07,+9.910000E+37,+1.133856E+03,+3.584400E+04,-1.051323E-02,+0.000000E+00,+9.910000E+37,+1.133923E+03,+3.584400E+04
12:54:47,0e0,+1.375432E-02,+1.550500E-07,+9.910000E+37,+1.134148E+03,+3.584400E+04,+2.868834E-02,+1.550500E-07,+9.910000E+37,+1.134215E+03,+3.584400E+04,+2.809641E-02,+1.550500E-07,+9.910000E+37,+1.134281E+03,+3.584400E+04,-9.147242E-03,+0.000000E+00,+9.910000E+37,+1.134348E+03,+3.584400E+04
12:54:47,0e0,+3.000858E-02,+1.730000E-07,+9.910000E+37,+1.134572E+03,+3.584400E+04,+3.050929E-02,+1.730000E-07,+9.910000E+37,+1.134639E+03,+3.584400E+04,+3.128365E-02,+1.730000E-07,+9.910000E+37,+1.134706E+03,+3.584400E+04,-1.092325E-02,+0.000000E+00,+9.910000E+37,+1.134771E+03,+3.584400E+04
12:54:47,0e0,+3.447071E-02,+1.930500E-07,+9.910000E+37,+1.134997E+03,+3.584400E+04,+3.383330E-02,+1.930500E-07,+9.910000E+37,+1.135064E+03,+3.584400E+04,+3.501698E-02,+1.930500E-07,+9.910000E+37,+1.135132E+03,+3.584400E+04,-1.169711E-02,+0.000000E+00,+9.910000E+37,+1.135197E+03,+3.584400E+04
12:54:47,0e0,+3.743005E-02,+2.154500E-07,+9.910000E+37,+1.135424E+03,+3.584400E+04,+3.688362E-02,+2.154500E-07,+9.910000E+37,+1.135490E+03,+3.584400E+04,+3.774840E-02,+2.154500E-07,+9.910000E+37,+1.135556E+03,+3.584400E+04,-1.124209E-02,+0.000000E+00,+9.910000E+37,+1.135623E+03,+3.584400E+04
12:54:47,0e0,+4.057199E-02,+2.404000E-07,+9.910000E+37,+1.135846E+03,+3.584400E+04,+4.166454E-02,+2.404000E-07,+9.910000E+37,+1.135912E+03,+3.584400E+04,+4.125464E-02,+2.404000E-07,+9.910000E+37,+1.135979E+03,+3.584400E+04,-1.110519E-02,+0.000000E+00,+9.910000E+37,+1.136045E+03,+3.584400E+04
12:54:47,0e0,+4.571664E-02,+2.682500E-07,+9.910000E+37,+1.136270E+03,+3.584400E+04,+4.598975E-02,+2.682500E-07,+9.910000E+37,+1.136337E+03,+3.584400E+04,+4.485139E-02,+2.682500E-07,+9.910000E+37,+1.136404E+03,+3.584400E+04,-1.101407E-02,+0.000000E+00,+9.910000E+37,+1.136472E+03,+3.584400E+04
12:54:47,0e0,+4.940465E-02,+2.993500E-07,+9.910000E+37,+1.136696E+03,+3.584400E+04,+4.935902E-02,+2.993500E-07,+9.910000E+37,+1.136764E+03,+3.584400E+04,+4.790160E-02,+2.993500E-07,+9.910000E+37,+1.136831E+03,+3.584400E+04,-1.033111E-02,+0.000000E+00,+9.910000E+37,+1.136896E+03,+3.584400E+04
12:54:47,0e0,+5.300173E-02,+3.340500E-07,+9.910000E+37,+1.137118E+03,+3.584400E+04,+5.272847E-02,+3.340500E-07,+9.910000E+37,+1.137185E+03,+3.584400E+04,+5.318353E-02,+3.340500E-07,+9.910000E+37,+1.137251E+03,+3.584400E+04,-1.178858E-02,+0.000000E+00,+9.910000E+37,+1.137318E+03,+3.584400E+04
12:54:47,0e0,+5.559650E-02,+3.727500E-07,+9.910000E+37,+1.137543E+03,+3.584400E+04,+5.746332E-02,+3.727500E-07,+9.910000E+37,+1.137609E+03,+3.584400E+04,+5.714455E-02,+3.727500E-07,+9.910000E+37,+1.137676E+03,+3.584400E+04,-1.096860E-02,+0.000000E+00,+9.910000E+37,+1.137742E+03,+3.584400E+04
12:54:47,0e0,+6.165224E-02,+4.159500E-07,+9.910000E+37,+1.137969E+03,+3.584400E+04,+6.288147E-02,+4.159500E-07,+9.910000E+37,+1.138035E+03,+3.584400E+04,+6.033140E-02,+4.159500E-07,+9.910000E+37,+1.138103E+03,+3.584400E+04,-1.096860E-02,+0.000000E+00,+9.910000E+37,+1.138168E+03,+3.584400E+04
12:54:47,0e0,+6.634182E-02,+4.641500E-07,+9.910000E+37,+1.138393E+03,+3.584400E+04,+6.538549E-02,+4.641500E-07,+9.910000E+37,+1.138459E+03,+3.584400E+04,+6.647855E-02,+4.641500E-07,+9.910000E+37,+1.138525E+03,+3.584400E+04,-1.042226E-02,+0.000000E+00,+9.910000E+37,+1.138592E+03,+3.584400E+04
12:54:47,0e0,+7.048497E-02,+5.179500E-07,+9.910000E+37,+1.138817E+03,+3.584400E+04,+7.002950E-02,+5.179500E-07,+9.910000E+37,+1.138884E+03,+3.584400E+04,+7.098591E-02,+5.179500E-07,+9.910000E+37,+1.138950E+03,+3.584400E+04,-1.197049E-02,+0.000000E+00,+9.910000E+37,+1.139018E+03,+3.584400E+04
12:54:47,0e0,+7.581195E-02,+5.779500E-07,+9.910000E+37,+1.139243E+03,+3.584400E+04,+7.585812E-02,+5.779500E-07,+9.910000E+37,+1.139311E+03,+3.584400E+04,+7.617605E-02,+5.779500E-07,+9.910000E+37,+1.139378E+03,+3.584400E+04,-1.456568E-02,+0.000000E+00,+9.910000E+37,+1.139444E+03,+3.584400E+04
12:54:47,0e0,+8.154866E-02,+6.449500E-07,+9.910000E+37,+1.139669E+03,+3.584400E+04,+8.141208E-02,+6.449500E-07,+9.910000E+37,+1.139735E+03,+3.584400E+04,+8.113971E-02,+6.449500E-07,+9.910000E+37,+1.139802E+03,+3.584400E+04,-1.044422E-01,+0.000000E+00,+9.910000E+37,+1.139868E+03,+3.584400E+04
12:54:47,0e0,+8.664820E-02,+7.197000E-07,+9.910000E+37,+1.140094E+03,+3.584400E+04,+8.787775E-02,+7.197000E-07,+9.910000E+37,+1.140160E+03,+3.584400E+04,+8.860606E-02,+7.197000E-07,+9.910000E+37,+1.140227E+03,+3.584400E+04,-2.818774E-01,+0.000000E+00,+9.910000E+37,+1.140294E+03,+3.584400E+04
12:54:47,0e0,+9.366003E-02,+8.031000E-07,+9.910000E+37,+1.140519E+03,+3.584400E+04,+9.284043E-02,+8.031000E-07,+9.910000E+37,+1.140584E+03,+3.584400E+04,+9.306788E-02,+8.031000E-07,+9.910000E+37,+1.140650E+03,+3.584400E+04,-7.584723E-01,+0.000000E+00,+9.910000E+37,+1.140717E+03,+3.584400E+04
12:54:47,0e0,+9.944254E-02,+8.961500E-07,+9.910000E+37,+1.140944E+03,+3.584400E+04,+9.848565E-02,+8.961500E-07,+9.910000E+37,+1.141012E+03,+3.584400E+04,+9.889588E-02,+8.961500E-07,+9.910000E+37,+1.141078E+03,+3.584400E+04,-1.187302E+00,+0.000000E+00,+9.910000E+37,+1.141146E+03,+3.584400E+04
12:54:47,0e0,+1.059985E-01,+1.000000E-06,+9.910000E+37,+1.141366E+03,+3.584400E+04,+1.050882E-01,+1.000000E-06,+9.910000E+37,+1.141433E+03,+3.584400E+04,+1.061805E-01,+1.000000E-06,+9.910000E+37,+1.141499E+03,+3.584400E+04,-2.042321E+00,+0.000000E+00,+9.910000E+37,+1.141566E+03,+3.584400E+04
12:54:47,0e0,+9.903267E-02,+1.116000E-06,+9.910000E+37,+1.141787E+03,+3.584400E+04,+1.002618E-01,+1.116000E-06,+9.910000E+37,+1.141854E+03,+3.584400E+04,+1.002617E-01,+1.116000E-06,+9.910000E+37,+1.141920E+03,+3.584400E+04,-1.146957E-02,+0.000000E+00,+9.910000E+37,+1.141987E+03,+3.584400E+04
12:54:47,0e0,+1.049055E-01,+1.245000E-06,+9.910000E+37,+1.142207E+03,+3.584400E+04,+1.043588E-01,+1.245000E-06,+9.910000E+37,+1.142273E+03,+3.584400E+04,+1.059073E-01,+1.245000E-06,+9.910000E+37,+1.142340E+03,+3.584400E+04,-1.115075E-02,+0.000000E+00,+9.910000E+37,+1.142407E+03,+3.584400E+04
12:54:47,0e0,+1.119631E-01,+1.389500E-06,+9.910000E+37,+1.142628E+03,+3.584400E+04,+1.118265E-01,+1.389500E-06,+9.910000E+37,+1.142695E+03,+3.584400E+04,+1.124184E-01,+1.389500E-06,+9.910000E+37,+1.142761E+03,+3.584400E+04,-1.119633E-02,+0.000000E+00,+9.910000E+37,+1.142827E+03,+3.584400E+04
12:54:47,0e0,+1.178819E-01,+1.550500E-06,+9.910000E+37,+1.143055E+03,+3.584400E+04,+1.180186E-01,+1.550500E-06,+9.910000E+37,+1.143121E+03,+3.584400E+04,+1.170624E-01,+1.550500E-06,+9.910000E+37,+1.143188E+03,+3.584400E+04,-1.101422E-02,+0.000000E+00,+9.910000E+37,+1.143254E+03,+3.584400E+04
12:54:47,0e0,+1.241194E-01,+1.730000E-06,+9.910000E+37,+1.143478E+03,+3.584400E+04,+1.249847E-01,+1.730000E-06,+9.910000E+37,+1.143544E+03,+3.584400E+04,+1.246662E-01,+1.730000E-06,+9.910000E+37,+1.143610E+03,+3.584400E+04,-1.069538E-02,+0.000000E+00,+9.910000E+37,+1.143677E+03,+3.584400E+04
12:54:47,0e0,+1.309490E-01,+1.930500E-06,+9.910000E+37,+1.143902E+03,+3.584400E+04,+1.314046E-01,+1.930500E-06,+9.910000E+37,+1.143969E+03,+3.584400E+04,+1.318598E-01,+1.930500E-06,+9.910000E+37,+1.144035E+03,+3.584400E+04,-1.156056E-02,+0.000000E+00,+9.910000E+37,+1.144102E+03,+3.584400E+04
12:54:47,0e0,+1.373235E-01,+2.154500E-06,+9.910000E+37,+1.144329E+03,+3.584400E+04,+1.385527E-01,+2.154500E-06,+9.910000E+37,+1.144395E+03,+3.584400E+04,+1.395084E-01,+2.154500E-06,+9.910000E+37,+1.144461E+03,+3.584400E+04,-1.224372E-02,+0.000000E+00,+9.910000E+37,+1.144528E+03,+3.584400E+04
12:54:47,0e0,+1.451094E-01,+2.404000E-06,+9.910000E+37,+1.144749E+03,+3.584400E+04,+1.453817E-01,+2.404000E-06,+9.910000E+37,+1.144815E+03,+3.584400E+04,+1.458830E-01,+2.404000E-06,+9.910000E+37,+1.144883E+03,+3.584400E+04,-9.784713E-03,+0.000000E+00,+9.910000E+37,+1.144950E+03,+3.584400E+04
12:54:47,0e0,+1.540327E-01,+2.682500E-06,+9.910000E+37,+1.145171E+03,+3.584400E+04,+1.533043E-01,+2.682500E-06,+9.910000E+37,+1.145237E+03,+3.584400E+04,+1.527579E-01,+2.682500E-06,+9.910000E+37,+1.145305E+03,+3.584400E+04,-1.042192E-02,+0.000000E+00,+9.910000E+37,+1.145370E+03,+3.584400E+04
12:54:47,0e0,+1.610444E-01,+2.993500E-06,+9.910000E+37,+1.145592E+03,+3.584400E+04,+1.618186E-01,+2.993500E-06,+9.910000E+37,+1.145659E+03,+3.584400E+04,+1.613175E-01,+2.993500E-06,+9.910000E+37,+1.145725E+03,+3.584400E+04,-1.228903E-02,+0.000000E+00,+9.910000E+37,+1.145791E+03,+3.584400E+04
12:54:47,0e0,+1.703787E-01,+3.340500E-06,+9.910000E+37,+1.146015E+03,+3.584400E+04,+1.696954E-01,+3.340500E-06,+9.910000E+37,+1.146081E+03,+3.584400E+04,+1.700589E-01,+3.340500E-06,+9.910000E+37,+1.146147E+03,+3.584400E+04,-1.128736E-02,+0.000000E+00,+9.910000E+37,+1.146214E+03,+3.584400E+04
12:54:47,0e0,+1.779357E-01,+3.727500E-06,+9.910000E+37,+1.146436E+03,+3.584400E+04,+1.783003E-01,+3.727500E-06,+9.910000E+37,+1.146501E+03,+3.584400E+04,+1.790741E-01,+3.727500E-06,+9.910000E+37,+1.146567E+03,+3.584400E+04,-1.146950E-02,+0.000000E+00,+9.910000E+37,+1.146634E+03,+3.584400E+04
12:54:47,0e0,+1.896375E-01,+4.159500E-06,+9.910000E+37,+1.146859E+03,+3.584400E+04,+1.883166E-01,+4.159500E-06,+9.910000E+37,+1.146925E+03,+3.584400E+04,+1.881352E-01,+4.159500E-06,+9.910000E+37,+1.146991E+03,+3.584400E+04,-1.105997E-02,+0.000000E+00,+9.910000E+37,+1.147058E+03,+3.584400E+04
12:54:47,0e0,+1.967405E-01,+4.641500E-06,+9.910000E+37,+1.147284E+03,+3.584400E+04,+1.981972E-01,+4.641500E-06,+9.910000E+37,+1.147352E+03,+3.584400E+04,+1.976054E-01,+4.641500E-06,+9.910000E+37,+1.147418E+03,+3.584400E+04,-1.105992E-02,+0.000000E+00,+9.910000E+37,+1.147484E+03,+3.584400E+04
12:54:47,0e0,+2.078040E-01,+5.179500E-06,+9.910000E+37,+1.147708E+03,+3.584400E+04,+2.086239E-01,+5.179500E-06,+9.910000E+37,+1.147775E+03,+3.584400E+04,+2.091248E-01,+5.179500E-06,+9.910000E+37,+1.147841E+03,+3.584400E+04,-1.115085E-02,+0.000000E+00,+9.910000E+37,+1.147907E+03,+3.584400E+04
12:54:47,0e0,+2.196877E-01,+5.779500E-06,+9.910000E+37,+1.148135E+03,+3.584400E+04,+2.185946E-01,+5.779500E-06,+9.910000E+37,+1.148202E+03,+3.584400E+04,+2.190955E-01,+5.779500E-06,+9.910000E+37,+1.148268E+03,+3.584400E+04,-2.326208E-02,+0.000000E+00,+9.910000E+37,+1.148334E+03,+3.584400E+04
12:54:47,0e0,+2.310700E-01,+6.449500E-06,+9.910000E+37,+1.148558E+03,+3.584400E+04,+2.303415E-01,+6.449500E-06,+9.910000E+37,+1.148624E+03,+3.584400E+04,+2.299311E-01,+6.449500E-06,+9.910000E+37,+1.148690E+03,+3.584400E+04,-1.198316E-01,+0.000000E+00,+9.910000E+37,+1.148757E+03,+3.584400E+04
12:54:47,0e0,+2.412686E-01,+7.197000E-06,+9.910000E+37,+1.148983E+03,+3.584400E+04,+2.420427E-01,+7.197000E-06,+9.910000E+37,+1.149050E+03,+3.584400E+04,+2.426345E-01,+7.197000E-06,+9.910000E+37,+1.149117E+03,+3.584400E+04,-3.540472E-01,+0.000000E+00,+9.910000E+37,+1.149183E+03,+3.584400E+04
12:54:47,0e0,+2.540173E-01,+8.031000E-06,+9.910000E+37,+1.149407E+03,+3.584400E+04,+2.524683E-01,+8.031000E-06,+9.910000E+37,+1.149474E+03,+3.584400E+04,+2.533792E-01,+8.031000E-06,+9.910000E+37,+1.149540E+03,+3.584400E+04,-7.415339E-01,+0.000000E+00,+9.910000E+37,+1.149607E+03,+3.584400E+04
12:54:47,0e0,+2.676309E-01,+8.961500E-06,+9.910000E+37,+1.149833E+03,+3.584400E+04,+2.660365E-01,+8.961500E-06,+9.910000E+37,+1.149900E+03,+3.584400E+04,+2.662644E-01,+8.961500E-06,+9.910000E+37,+1.149967E+03,+3.584400E+04,-1.306234E+00,+0.000000E+00,+9.910000E+37,+1.150032E+03,+3.584400E+04
12:54:47,0e0,+2.805149E-01,+1.000000E-05,+9.910000E+37,+1.150256E+03,+3.584400E+04,+2.809258E-01,+1.000000E-05,+9.910000E+37,+1.150322E+03,+3.584400E+04,+2.807434E-01,+1.000000E-05,+9.910000E+37,+1.150389E+03,+3.584400E+04,-2.067911E+00,+0.000000E+00,+9.910000E+37,+1.150455E+03,+3.584400E+04
12:54:47,0e0,+2.829289E-01,+1.116000E-05,+9.910000E+37,+1.150674E+03,+3.584400E+04,+2.821094E-01,+1.116000E-05,+9.910000E+37,+1.150740E+03,+3.584400E+04,+2.824281E-01,+1.116000E-05,+9.910000E+37,+1.150808E+03,+3.584400E+04,-1.288112E-02,+0.000000E+00,+9.910000E+37,+1.150875E+03,+3.584400E+04
12:54:47,0e0,+2.951767E-01,+1.245000E-05,+9.910000E+37,+1.151091E+03,+3.584400E+04,+2.939008E-01,+1.245000E-05,+9.910000E+37,+1.151157E+03,+3.584400E+04,+2.951309E-01,+1.245000E-05,+9.910000E+37,+1.151225E+03,+3.584400E+04,-1.306318E-02,+0.000000E+00,+9.910000E+37,+1.151290E+03,+3.584400E+04
12:54:47,0e0,+3.089268E-01,+1.389500E-05,+9.910000E+37,+1.151507E+03,+3.584400E+04,+3.091084E-01,+1.389500E-05,+9.910000E+37,+1.151574E+03,+3.584400E+04,+3.084712E-01,+1.389500E-05,+9.910000E+37,+1.151640E+03,+3.584400E+04,-1.256239E-02,+0.000000E+00,+9.910000E+37,+1.151711E+03,+3.584400E+04
12:54:47,0e0,+3.231780E-01,+1.550500E-05,+9.910000E+37,+1.151933E+03,+3.584400E+04,+3.232688E-01,+1.550500E-05,+9.910000E+37,+1.151999E+03,+3.584400E+04,+3.218111E-01,+1.550500E-05,+9.910000E+37,+1.152066E+03,+3.584400E+04,-1.178829E-02,+0.000000E+00,+9.910000E+37,+1.152134E+03,+3.584400E+04
12:54:47,0e0,+3.368357E-01,+1.730000E-05,+9.910000E+37,+1.152354E+03,+3.584400E+04,+3.370185E-01,+1.730000E-05,+9.910000E+37,+1.152420E+03,+3.584400E+04,+3.373375E-01,+1.730000E-05,+9.910000E+37,+1.152486E+03,+3.584400E+04,-1.370075E-02,+0.000000E+00,+9.910000E+37,+1.152557E+03,+3.584400E+04
12:54:47,0e0,+3.517702E-01,+1.930500E-05,+9.910000E+37,+1.152778E+03,+3.584400E+04,+3.511778E-01,+1.930500E-05,+9.910000E+37,+1.152846E+03,+3.584400E+04,+3.521345E-01,+1.930500E-05,+9.910000E+37,+1.152911E+03,+3.584400E+04,-1.374562E-02,+0.000000E+00,+9.910000E+37,+1.152980E+03,+3.584400E+04
12:54:47,0e0,+3.673423E-01,+2.154500E-05,+9.910000E+37,+1.153199E+03,+3.584400E+04,+3.672518E-01,+2.154500E-05,+9.910000E+37,+1.153267E+03,+3.584400E+04,+3.671593E-01,+2.154500E-05,+9.910000E+37,+1.153332E+03,+3.584400E+04,-1.265343E-02,+0.000000E+00,+9.910000E+37,+1.153401E+03,+3.584400E+04
12:54:47,0e0,+3.831862E-01,+2.404000E-05,+9.910000E+37,+1.153620E+03,+3.584400E+04,+3.835955E-01,+2.404000E-05,+9.910000E+37,+1.153687E+03,+3.584400E+04,+3.833680E-01,+2.404000E-05,+9.910000E+37,+1.153753E+03,+3.584400E+04,-1.392801E-02,+0.000000E+00,+9.910000E+37,+1.153823E+03,+3.584400E+04
12:54:47,0e0,+3.997586E-01,+2.682500E-05,+9.910000E+37,+1.154045E+03,+3.584400E+04,+4.006699E-01,+2.682500E-05,+9.910000E+37,+1.154111E+03,+3.584400E+04,+4.018087E-01,+2.682500E-05,+9.910000E+37,+1.154178E+03,+3.584400E+04,-1.201577E-02,+0.000000E+00,+9.910000E+37,+1.154248E+03,+3.584400E+04
12:54:47,0e0,+4.159674E-01,+2.993500E-05,+9.910000E+37,+1.154460E+03,+3.584400E+04,+4.182901E-01,+2.993500E-05,+9.910000E+37,+1.154526E+03,+3.584400E+04,+4.164233E-01,+2.993500E-05,+9.910000E+37,+1.154593E+03,+3.584400E+04,-1.329082E-02,+0.000000E+00,+9.910000E+37,+1.154660E+03,+3.584400E+04
12:54:47,0e0,+4.338152E-01,+3.340500E-05,+9.910000E+37,+1.154871E+03,+3.584400E+04,+4.328134E-01,+3.340500E-05,+9.910000E+37,+1.154937E+03,+3.584400E+04,+4.334965E-01,+3.340500E-05,+9.910000E+37,+1.155004E+03,+3.584400E+04,-1.251687E-02,+0.000000E+00,+9.910000E+37,+1.155069E+03,+3.584400E+04
12:54:47,0e0,+4.518462E-01,+3.727500E-05,+9.910000E+37,+1.155287E+03,+3.584400E+04,+4.512082E-01,+3.727500E-05,+9.910000E+37,+1.155354E+03,+3.584400E+04,+4.524835E-01,+3.727500E-05,+9.910000E+37,+1.155420E+03,+3.584400E+04,-1.374632E-02,+0.000000E+00,+9.910000E+37,+1.155486E+03,+3.584400E+04
12:54:47,0e0,+4.689646E-01,+4.159500E-05,+9.910000E+37,+1.155704E+03,+3.584400E+04,+4.690108E-01,+4.159500E-05,+9.910000E+37,+1.155770E+03,+3.584400E+04,+4.692380E-01,+4.159500E-05,+9.910000E+37,+1.155836E+03,+3.584400E+04,-1.288106E-02,+0.000000E+00,+9.910000E+37,+1.155903E+03,+3.584400E+04
12:54:47,0e0,+4.856292E-01,+4.641500E-05,+9.910000E+37,+1.156124E+03,+3.584400E+04,+4.874505E-01,+4.641500E-05,+9.910000E+37,+1.156190E+03,+3.584400E+04,+4.872679E-01,+4.641500E-05,+9.910000E+37,+1.156257E+03,+3.584400E+04,-1.438379E-02,+0.000000E+00,+9.910000E+37,+1.156324E+03,+3.584400E+04
12:54:47,0e0,+5.059358E-01,+5.179500E-05,+9.910000E+37,+1.156541E+03,+3.584400E+04,+5.040694E-01,+5.179500E-05,+9.910000E+37,+1.156608E+03,+3.584400E+04,+5.044316E-01,+5.179500E-05,+9.910000E+37,+1.156674E+03,+3.584400E+04,-1.233457E-02,+0.000000E+00,+9.910000E+37,+1.156741E+03,+3.584400E+04
12:54:47,0e0,+5.250582E-01,+5.779500E-05,+9.910000E+37,+1.156957E+03,+3.584400E+04,+5.241932E-01,+5.779500E-05,+9.910000E+37,+1.157023E+03,+3.584400E+04,+5.243289E-01,+5.779500E-05,+9.910000E+37,+1.157091E+03,+3.584400E+04,-1.315436E-02,+0.000000E+00,+9.910000E+37,+1.157161E+03,+3.584400E+04
12:54:47,0e0,+5.443171E-01,+6.449500E-05,+9.910000E+37,+1.157381E+03,+3.584400E+04,+5.425411E-01,+6.449500E-05,+9.910000E+37,+1.157447E+03,+3.584400E+04,+5.436803E-01,+6.449500E-05,+9.910000E+37,+1.157515E+03,+3.584400E+04,-1.948307E-02,+0.000000E+00,+9.910000E+37,+1.157582E+03,+3.584400E+04
12:54:47,0e0,+5.617093E-01,+7.197000E-05,+9.910000E+37,+1.157802E+03,+3.584400E+04,+5.638964E-01,+7.197000E-05,+9.910000E+37,+1.157868E+03,+3.584400E+04,+5.626658E-01,+7.197000E-05,+9.910000E+37,+1.157935E+03,+3.584400E+04,-7.471104E-02,+0.000000E+00,+9.910000E+37,+1.158004E+03,+3.584400E+04
12:54:47,0e0,+5.815611E-01,+8.031000E-05,+9.910000E+37,+1.158224E+03,+3.584400E+04,+5.816072E-01,+8.031000E-05,+9.910000E+37,+1.158289E+03,+3.584400E+04,+5.837016E-01,+8.031000E-05,+9.910000E+37,+1.158356E+03,+3.584400E+04,-1.153695E-01,+0.000000E+00,+9.910000E+37,+1.158428E+03,+3.584400E+04
12:54:47,0e0,+6.018678E-01,+8.961500E-05,+9.910000E+37,+1.158650E+03,+3.584400E+04,+6.021416E-01,+8.961500E-05,+9.910000E+37,+1.158718E+03,+3.584400E+04,+6.005008E-01,+8.961500E-05,+9.910000E+37,+1.158784E+03,+3.584400E+04,-7.065178E-01,+0.000000E+00,+9.910000E+37,+1.158854E+03,+3.584400E+04
12:54:47,0e0,+6.222201E-01,+1.000000E-04,+9.910000E+37,+1.159063E+03,+3.584400E+04,+6.229478E-01,+1.000000E-04,+9.910000E+37,+1.159135E+03,+3.584400E+04,+6.219011E-01,+1.000000E-04,+9.910000E+37,+1.159200E+03,+3.584400E+04,-1.636896E+00,+0.000000E+00,+9.910000E+37,+1.159267E+03,+3.584400E+04
12:54:47,0e0,+6.296862E-01,+1.116000E-04,+9.910000E+37,+1.159484E+03,+3.584400E+04,+6.298690E-01,+1.116000E-04,+9.910000E+37,+1.159552E+03,+3.584400E+04,+6.299596E-01,+1.116000E-04,+9.910000E+37,+1.159619E+03,+3.584400E+04,-4.106437E-02,+0.000000E+00,+9.910000E+37,+1.159685E+03,+3.584400E+04
12:54:47,0e0,+6.508591E-01,+1.245000E-04,+9.910000E+37,+1.159904E+03,+3.584400E+04,+6.501745E-01,+1.245000E-04,+9.910000E+37,+1.159971E+03,+3.584400E+04,+6.503576E-01,+1.245000E-04,+9.910000E+37,+1.160038E+03,+3.584400E+04,-3.988051E-02,+0.000000E+00,+9.910000E+37,+1.160104E+03,+3.584400E+04
12:54:47,0e0,+6.696627E-01,+1.389500E-04,+9.910000E+37,+1.160328E+03,+3.584400E+04,+6.703444E-01,+1.389500E-04,+9.910000E+37,+1.160395E+03,+3.584400E+04,+6.696622E-01,+1.389500E-04,+9.910000E+37,+1.160462E+03,+3.584400E+04,-4.284020E-02,+0.000000E+00,+9.910000E+37,+1.160527E+03,+3.584400E+04
12:54:47,0e0,+6.898770E-01,+1.550500E-04,+9.910000E+37,+1.160750E+03,+3.584400E+04,+6.882369E-01,+1.550500E-04,+9.910000E+37,+1.160816E+03,+3.584400E+04,+6.889672E-01,+1.550500E-04,+9.910000E+37,+1.160884E+03,+3.584400E+04,-4.079111E-02,+0.000000E+00,+9.910000E+37,+1.160949E+03,+3.584400E+04
12:54:47,0e0,+7.090910E-01,+1.730000E-04,+9.910000E+37,+1.161174E+03,+3.584400E+04,+7.097749E-01,+1.730000E-04,+9.910000E+37,+1.161240E+03,+3.584400E+04,+7.088176E-01,+1.730000E-04,+9.910000E+37,+1.161308E+03,+3.584400E+04,-4.229397E-02,+0.000000E+00,+9.910000E+37,+1.161374E+03,+3.584400E+04
12:54:47,0e0,+7.283954E-01,+1.930500E-04,+9.910000E+37,+1.161599E+03,+3.584400E+04,+7.290805E-01,+1.930500E-04,+9.910000E+37,+1.161665E+03,+3.584400E+04,+7.290778E-01,+1.930500E-04,+9.910000E+37,+1.161732E+03,+3.584400E+04,-4.293136E-02,+0.000000E+00,+9.910000E+37,+1.161798E+03,+3.584400E+04
12:54:47,0e0,+7.490675E-01,+2.154500E-04,+9.910000E+37,+1.162021E+03,+3.584400E+04,+7.490669E-01,+2.154500E-04,+9.910000E+37,+1.162088E+03,+3.584400E+04,+7.480642E-01,+2.154500E-04,+9.910000E+37,+1.162154E+03,+3.584400E+04,-4.106437E-02,+0.000000E+00,+9.910000E+37,+1.162220E+03,+3.584400E+04
12:54:47,0e0,+7.680508E-01,+2.404000E-04,+9.910000E+37,+1.162445E+03,+3.584400E+04,+7.682343E-01,+2.404000E-04,+9.910000E+37,+1.162513E+03,+3.584400E+04,+7.693736E-01,+2.404000E-04,+9.910000E+37,+1.162578E+03,+3.584400E+04,-4.188389E-02,+0.000000E+00,+9.910000E+37,+1.162645E+03,+3.584400E+04
12:54:47,0e0,+7.901353E-01,+2.682500E-04,+9.910000E+37,+1.162869E+03,+3.584400E+04,+7.887235E-01,+2.682500E-04,+9.910000E+37,+1.162936E+03,+3.584400E+04,+7.892703E-01,+2.682500E-04,+9.910000E+37,+1.163002E+03,+3.584400E+04,-4.156506E-02,+0.000000E+00,+9.910000E+37,+1.163068E+03,+3.584400E+04
12:54:47,0e0,+8.103960E-01,+2.993500E-04,+9.910000E+37,+1.163294E+03,+3.584400E+04,+8.107144E-01,+2.993500E-04,+9.910000E+37,+1.163360E+03,+3.584400E+04,+8.108066E-01,+2.993500E-04,+9.910000E+37,+1.163427E+03,+3.584400E+04,-4.220285E-02,+0.000000E+00,+9.910000E+37,+1.163494E+03,+3.584400E+04
12:54:47,0e0,+8.315219E-01,+3.340500E-04,+9.910000E+37,+1.163721E+03,+3.584400E+04,+8.322960E-01,+3.340500E-04,+9.910000E+37,+1.163787E+03,+3.584400E+04,+8.326612E-01,+3.340500E-04,+9.910000E+37,+1.163854E+03,+3.584400E+04,-4.311340E-02,+0.000000E+00,+9.910000E+37,+1.163920E+03,+3.584400E+04
12:54:47,0e0,+8.535122E-01,+3.727500E-04,+9.910000E+37,+1.164146E+03,+3.584400E+04,+8.527381E-01,+3.727500E-04,+9.910000E+37,+1.164212E+03,+3.584400E+04,+8.534211E-01,+3.727500E-04,+9.910000E+37,+1.164279E+03,+3.584400E+04,-4.229388E-02,+0.000000E+00,+9.910000E+37,+1.164347E+03,+3.584400E+04
12:54:47,0e0,+8.768700E-01,+4.159500E-04,+9.910000E+37,+1.164572E+03,+3.584400E+04,+8.735898E-01,+4.159500E-04,+9.910000E+37,+1.164639E+03,+3.584400E+04,+8.754121E-01,+4.159500E-04,+9.910000E+37,+1.164705E+03,+3.584400E+04,-4.129186E-02,+0.000000E+00,+9.910000E+37,+1.164772E+03,+3.584400E+04
12:54:47,0e0,+8.974944E-01,+4.641500E-04,+9.910000E+37,+1.164997E+03,+3.584400E+04,+8.980865E-01,+4.641500E-04,+9.910000E+37,+1.165063E+03,+3.584400E+04,+8.962182E-01,+4.641500E-04,+9.910000E+37,+1.165130E+03,+3.584400E+04,-4.279475E-02,+0.000000E+00,+9.910000E+37,+1.165197E+03,+3.584400E+04
12:54:47,0e0,+9.210325E-01,+5.179500E-04,+9.910000E+37,+1.165419E+03,+3.584400E+04,+9.218079E-01,+5.179500E-04,+9.910000E+37,+1.165484E+03,+3.584400E+04,+9.212162E-01,+5.179500E-04,+9.910000E+37,+1.165552E+03,+3.584400E+04,-4.115538E-02,+0.000000E+00,+9.910000E+37,+1.165617E+03,+3.584400E+04
12:54:47,0e0,+9.449360E-01,+5.779500E-04,+9.910000E+37,+1.165838E+03,+3.584400E+04,+9.449369E-01,+5.779500E-04,+9.910000E+37,+1.165904E+03,+3.584400E+04,+9.450290E-01,+5.779500E-04,+9.910000E+37,+1.165972E+03,+3.584400E+04,-4.211186E-02,+0.000000E+00,+9.910000E+37,+1.166037E+03,+3.584400E+04
12:54:47,0e0,+9.685222E-01,+6.449500E-04,+9.910000E+37,+1.166264E+03,+3.584400E+04,+9.683396E-01,+6.449500E-04,+9.910000E+37,+1.166329E+03,+3.584400E+04,+9.691137E-01,+6.449500E-04,+9.910000E+37,+1.166396E+03,+3.584400E+04,-9.333315E-02,+0.000000E+00,+9.910000E+37,+1.166463E+03,+3.584400E+04
12:54:47,0e0,+9.928349E-01,+7.197000E-04,+9.910000E+37,+1.166685E+03,+3.584400E+04,+9.931992E-01,+7.197000E-04,+9.910000E+37,+1.166752E+03,+3.584400E+04,+9.947020E-01,+7.197000E-04,+9.910000E+37,+1.166817E+03,+3.584400E+04,-1.733751E-01,+0.000000E+00,+9.910000E+37,+1.166885E+03,+3.584400E+04
12:54:47,0e0,+1.018832E+00,+8.031000E-04,+9.910000E+37,+1.167110E+03,+3.584400E+04,+1.018285E+00,+8.031000E-04,+9.910000E+37,+1.167178E+03,+3.584400E+04,+1.017830E+00,+8.031000E-04,+9.910000E+37,+1.167243E+03,+3.584400E+04,-2.651666E-01,+0.000000E+00,+9.910000E+37,+1.167310E+03,+3.584400E+04
12:54:47,0e0,+1.045377E+00,+8.961500E-04,+9.910000E+37,+1.167531E+03,+3.584400E+04,+1.044465E+00,+8.961500E-04,+9.910000E+37,+1.167598E+03,+3.584400E+04,+1.044833E+00,+8.961500E-04,+9.910000E+37,+1.167665E+03,+3.584400E+04,-3.796365E-01,+0.000000E+00,+9.910000E+37,+1.167731E+03,+3.584400E+04
12:54:47,0e0,+1.072193E+00,+1.000000E-03,+9.910000E+37,+1.167955E+03,+3.584400E+04,+1.071602E+00,+1.000000E-03,+9.910000E+37,+1.168021E+03,+3.584400E+04,+1.071237E+00,+1.000000E-03,+9.910000E+37,+1.168089E+03,+3.584400E+04,-5.717407E-01,+0.000000E+00,+9.910000E+37,+1.168154E+03,+3.584400E+04
12:54:47,0e0,+1.086491E+00,+1.116000E-03,+9.910000E+37,+1.168378E+03,+3.584400E+04,+1.087403E+00,+1.116000E-03,+9.910000E+37,+1.168444E+03,+3.584400E+04,+1.085579E+00,+1.116000E-03,+9.910000E+37,+1.168511E+03,+3.584400E+04,-1.549742E+00,+0.000000E+00,+9.910000E+37,+1.168578E+03,+3.584400E+04
12:54:47,0e0,+1.113991E+00,+1.245000E-03,+9.910000E+37,+1.168798E+03,+3.584400E+04,+1.113764E+00,+1.245000E-03,+9.910000E+37,+1.168864E+03,+3.584400E+04,+1.113492E+00,+1.245000E-03,+9.910000E+37,+1.168932E+03,+3.584400E+04,-1.524564E+00,+0.000000E+00,+9.910000E+37,+1.168997E+03,+3.584400E+04
12:54:47,0e0,+1.141536E+00,+1.389500E-03,+9.910000E+37,+1.169224E+03,+3.584400E+04,+1.141763E+00,+1.389500E-03,+9.910000E+37,+1.169290E+03,+3.584400E+04,+1.140944E+00,+1.389500E-03,+9.910000E+37,+1.169356E+03,+3.584400E+04,-1.541323E+00,+0.000000E+00,+9.910000E+37,+1.169424E+03,+3.584400E+04
12:54:47,0e0,+1.169717E+00,+1.550500E-03,+9.910000E+37,+1.169646E+03,+3.584400E+04,+1.170951E+00,+1.550500E-03,+9.910000E+37,+1.169711E+03,+3.584400E+04,+1.170721E+00,+1.550500E-03,+9.910000E+37,+1.169778E+03,+3.584400E+04,-1.561719E+00,+0.000000E+00,+9.910000E+37,+1.169844E+03,+3.584400E+04
12:54:47,0e0,+1.201137E+00,+1.730000E-03,+9.910000E+37,+1.170070E+03,+3.584400E+04,+1.200271E+00,+1.730000E-03,+9.910000E+37,+1.170136E+03,+3.584400E+04,+1.200907E+00,+1.730000E-03,+9.910000E+37,+1.170202E+03,+3.584400E+04,-1.546147E+00,+0.000000E+00,+9.910000E+37,+1.170269E+03,+3.584400E+04
12:54:47,0e0,+1.231776E+00,+1.930500E-03,+9.910000E+37,+1.170496E+03,+3.584400E+04,+1.230227E+00,+1.930500E-03,+9.910000E+37,+1.170563E+03,+3.584400E+04,+1.231959E+00,+1.930500E-03,+9.910000E+37,+1.170629E+03,+3.584400E+04,-1.516368E+00,+0.000000E+00,+9.910000E+37,+1.170696E+03,+3.584400E+04
12:54:47,0e0,+1.264787E+00,+2.154500E-03,+9.910000E+37,+1.170922E+03,+3.584400E+04,+1.264380E+00,+2.154500E-03,+9.910000E+37,+1.170989E+03,+3.584400E+04,+1.263145E+00,+2.154500E-03,+9.910000E+37,+1.171056E+03,+3.584400E+04,-1.575788E+00,+0.000000E+00,+9.910000E+37,+1.171122E+03,+3.584400E+04
12:54:47,0e0,+1.296430E+00,+2.404000E-03,+9.910000E+37,+1.171349E+03,+3.584400E+04,+1.296747E+00,+2.404000E-03,+9.910000E+37,+1.171416E+03,+3.584400E+04,+1.297614E+00,+2.404000E-03,+9.910000E+37,+1.171481E+03,+3.584400E+04,-1.533714E+00,+0.000000E+00,+9.910000E+37,+1.171548E+03,+3.584400E+04
12:54:47,0e0,+1.332125E+00,+2.682500E-03,+9.910000E+37,+1.171772E+03,+3.584400E+04,+1.330759E+00,+2.682500E-03,+9.910000E+37,+1.171839E+03,+3.584400E+04,+1.330122E+00,+2.682500E-03,+9.910000E+37,+1.171905E+03,+3.584400E+04,-1.504757E+00,+0.000000E+00,+9.910000E+37,+1.171971E+03,+3.584400E+04
12:54:47,0e0,+1.367184E+00,+2.993500E-03,+9.910000E+37,+1.172195E+03,+3.584400E+04,+1.367550E+00,+2.993500E-03,+9.910000E+37,+1.172262E+03,+3.584400E+04,+1.365497E+00,+2.993500E-03,+9.910000E+37,+1.172329E+03,+3.584400E+04,-1.543098E+00,+0.000000E+00,+9.910000E+37,+1.172395E+03,+3.584400E+04
12:54:47,0e0,+1.402876E+00,+3.340500E-03,+9.910000E+37,+1.172616E+03,+3.584400E+04,+1.404293E+00,+3.340500E-03,+9.910000E+37,+1.172682E+03,+3.584400E+04,+1.403609E+00,+3.340500E-03,+9.910000E+37,+1.172749E+03,+3.584400E+04,-1.535631E+00,+0.000000E+00,+9.910000E+37,+1.172816E+03,+3.584400E+04
12:54:47,0e0,+1.443083E+00,+3.727500E-03,+9.910000E+37,+1.173042E+03,+3.584400E+04,+1.442174E+00,+3.727500E-03,+9.910000E+37,+1.173109E+03,+3.584400E+04,+1.442763E+00,+3.727500E-03,+9.910000E+37,+1.173175E+03,+3.584400E+04,-1.580160E+00,+0.000000E+00,+9.910000E+37,+1.173241E+03,+3.584400E+04
12:54:47,0e0,+1.480277E+00,+4.159500E-03,+9.910000E+37,+1.173463E+03,+3.584400E+04,+1.481145E+00,+4.159500E-03,+9.910000E+37,+1.173528E+03,+3.584400E+04,+1.482468E+00,+4.159500E-03,+9.910000E+37,+1.173596E+03,+3.584400E+04,-1.594141E+00,+0.000000E+00,+9.910000E+37,+1.173663E+03,+3.584400E+04
12:54:47,0e0,+1.523215E+00,+4.641500E-03,+9.910000E+37,+1.173883E+03,+3.584400E+04,+1.523489E+00,+4.641500E-03,+9.910000E+37,+1.173950E+03,+3.584400E+04,+1.522622E+00,+4.641500E-03,+9.910000E+37,+1.174016E+03,+3.584400E+04,-1.577747E+00,+0.000000E+00,+9.910000E+37,+1.174082E+03,+3.584400E+04
12:54:47,0e0,+1.565012E+00,+5.179500E-03,+9.910000E+37,+1.174304E+03,+3.584400E+04,+1.566514E+00,+5.179500E-03,+9.910000E+37,+1.174371E+03,+3.584400E+04,+1.567837E+00,+5.179500E-03,+9.910000E+37,+1.174437E+03,+3.584400E+04,-1.545874E+00,+0.000000E+00,+9.910000E+37,+1.174504E+03,+3.584400E+04
12:54:47,0e0,+1.610449E+00,+5.779500E-03,+9.910000E+37,+1.174727E+03,+3.584400E+04,+1.611180E+00,+5.779500E-03,+9.910000E+37,+1.174792E+03,+3.584400E+04,+1.610633E+00,+5.779500E-03,+9.910000E+37,+1.174859E+03,+3.584400E+04,-1.529894E+00,+0.000000E+00,+9.910000E+37,+1.174926E+03,+3.584400E+04
12:54:47,0e0,+1.656574E+00,+6.449500E-03,+9.910000E+37,+1.175150E+03,+3.584400E+04,+1.658079E+00,+6.449500E-03,+9.910000E+37,+1.175218E+03,+3.584400E+04,+1.657940E+00,+6.449500E-03,+9.910000E+37,+1.175283E+03,+3.584400E+04,-1.507853E+00,+0.000000E+00,+9.910000E+37,+1.175351E+03,+3.584400E+04
12:54:47,0e0,+1.706795E+00,+7.197000E-03,+9.910000E+37,+1.175577E+03,+3.584400E+04,+1.707613E+00,+7.197000E-03,+9.910000E+37,+1.175644E+03,+3.584400E+04,+1.707069E+00,+7.197000E-03,+9.910000E+37,+1.175711E+03,+3.584400E+04,-1.532896E+00,+0.000000E+00,+9.910000E+37,+1.175777E+03,+3.584400E+04
12:54:47,0e0,+1.756235E+00,+8.031000E-03,+9.910000E+37,+1.176004E+03,+3.584400E+04,+1.757602E+00,+8.031000E-03,+9.910000E+37,+1.176070E+03,+3.584400E+04,+1.757649E+00,+8.031000E-03,+9.910000E+37,+1.176137E+03,+3.584400E+04,-1.542595E+00,+0.000000E+00,+9.910000E+37,+1.176204E+03,+3.584400E+04
12:54:47,0e0,+1.810692E+00,+8.961500E-03,+9.910000E+37,+1.176428E+03,+3.584400E+04,+1.811061E+00,+8.961500E-03,+9.910000E+37,+1.176495E+03,+3.584400E+04,+1.810735E+00,+8.961500E-03,+9.910000E+37,+1.176561E+03,+3.584400E+04,-1.497333E+00,+0.000000E+00,+9.910000E+37,+1.176627E+03,+3.584400E+04
