12:49:39,0e0,-8.676262E+00,+1.000000E-07,+9.910000E+37,+8.325762E+02,+3.584400E+04,+7.085511E-02,+1.000000E-07,+9.910000E+37,+8.326426E+02,+3.584400E+04,+7.126486E-02,+1.000000E-07,+9.910000E+37,+8.327100E+02,+3.584400E+04,-2.084473E-02,+0.000000E+00,+9.910000E+37,+8.327754E+02,+3.584400E+04
12:49:39,0e0,-9.253531E+00,+1.116000E-07,+9.910000E+37,+8.329980E+02,+3.584400E+04,+7.477075E-02,+1.116000E-07,+9.910000E+37,+8.330645E+02,+3.584400E+04,+7.404220E-02,+1.116000E-07,+9.910000E+37,+8.331309E+02,+3.584400E+04,-1.984313E-02,+0.000000E+00,+9.910000E+37,+8.331982E+02,+3.584400E+04
12:49:39,0e0,-6.481512E+00,+1.245000E-07,+9.910000E+37,+8.334219E+02,+3.584400E+04,+7.768482E-02,+1.245000E-07,+9.910000E+37,+8.334873E+02,+3.584400E+04,+7.827669E-02,+1.245000E-07,+9.910000E+37,+8.335547E+02,+3.584400E+04,-2.166396E-02,+0.000000E+00,+9.910000E+37,+8.336201E+02,+3.584400E+04
12:49:39,0e0,-5.255288E+00,+1.389500E-07,+9.910000E+37,+8.338398E+02,+3.584400E+04,+8.109966E-02,+1.389500E-07,+9.910000E+37,+8.339072E+02,+3.584400E+04,+8.005169E-02,+1.389500E-07,+9.910000E+37,+8.339727E+02,+3.584400E+04,-2.025273E-02,+0.000000E+00,+9.910000E+37,+8.340391E+02,+3.584400E+04
12:49:39,0e0,-3.512379E+00,+1.550500E-07,+9.910000E+37,+8.342676E+02,+3.584400E+04,+8.615360E-02,+1.550500E-07,+9.910000E+37,+8.343330E+02,+3.584400E+04,+8.496973E-02,+1.550500E-07,+9.910000E+37,+8.343994E+02,+3.584400E+04,-2.403183E-02,+0.000000E+00,+9.910000E+37,+8.344658E+02,+3.584400E+04
12:49:39,0e0,-1.875200E+00,+1.730000E-07,+9.910000E+37,+8.346904E+02,+3.584400E+04,+8.861175E-02,+1.730000E-07,+9.910000E+37,+8.347578E+02,+3.584400E+04,+8.965996E-02,+1.730000E-07,+9.910000E+37,+8.348242E+02,+3.584400E+04,-2.184629E-02,+0.000000E+00,+9.910000E+37,+8.348906E+02,+3.584400E+04
12:49:39,0e0,-8.669443E-01,+1.930500E-07,+9.910000E+37,+8.351104E+02,+3.584400E+04,+9.266433E-02,+1.930500E-07,+9.910000E+37,+8.351758E+02,+3.584400E+04,+9.280095E-02,+1.930500E-07,+9.910000E+37,+8.352422E+02,+3.584400E+04,-2.107237E-02,+0.000000E+00,+9.910000E+37,+8.353086E+02,+3.584400E+04
12:49:39,0e0,-2.050182E-01,+2.154500E-07,+9.910000E+37,+8.355361E+02,+3.584400E+04,+9.589747E-02,+2.154500E-07,+9.910000E+37,+8.356035E+02,+3.584400E+04,+9.703547E-02,+2.154500E-07,+9.910000E+37,+8.356709E+02,+3.584400E+04,-5.248880E-02,+0.000000E+00,+9.910000E+37,+8.357373E+02,+3.584400E+04
12:49:39,0e0,+9.762725E-02,+2.404000E-07,+9.910000E+37,+8.359609E+02,+3.584400E+04,+1.001315E-01,+2.404000E-07,+9.910000E+37,+8.360273E+02,+3.584400E+04,+1.004048E-01,+2.404000E-07,+9.910000E+37,+8.360947E+02,+3.584400E+04,-2.945064E-02,+0.000000E+00,+9.910000E+37,+8.361602E+02,+3.584400E+04
12:49:39,0e0,+1.058686E-01,+2.682500E-07,+9.910000E+37,+8.363857E+02,+3.584400E+04,+1.039561E-01,+2.682500E-07,+9.910000E+37,+8.364521E+02,+3.584400E+04,+1.038647E-01,+2.682500E-07,+9.910000E+37,+8.365186E+02,+3.584400E+04,-4.697958E-02,+0.000000E+00,+9.910000E+37,+8.365859E+02,+3.584400E+04
12:49:39,0e0,+1.081911E-01,+2.993500E-07,+9.910000E+37,+8.368125E+02,+3.584400E+04,+1.101028E-01,+2.993500E-07,+9.910000E+37,+8.368789E+02,+3.584400E+04,+1.087824E-01,+2.993500E-07,+9.910000E+37,+8.369463E+02,+3.584400E+04,-1.139107E-01,+0.000000E+00,+9.910000E+37,+8.370127E+02,+3.584400E+04
12:49:39,0e0,+1.121063E-01,+3.340500E-07,+9.910000E+37,+8.372373E+02,+3.584400E+04,+1.119699E-01,+3.340500E-07,+9.910000E+37,+8.373057E+02,+3.584400E+04,+1.126980E-01,+3.340500E-07,+9.910000E+37,+8.373721E+02,+3.584400E+04,-2.290591E-01,+0.000000E+00,+9.910000E+37,+8.374375E+02,+3.584400E+04
12:49:39,0e0,+1.177975E-01,+3.727500E-07,+9.910000E+37,+8.376621E+02,+3.584400E+04,+1.168414E-01,+3.727500E-07,+9.910000E+37,+8.377295E+02,+3.584400E+04,+1.161129E-01,+3.727500E-07,+9.910000E+37,+8.377969E+02,+3.584400E+04,-6.596739E-01,+0.000000E+00,+9.910000E+37,+8.378623E+02,+3.584400E+04
12:49:39,0e0,+1.200749E-01,+4.159500E-07,+9.910000E+37,+8.380879E+02,+3.584400E+04,+1.207572E-01,+4.159500E-07,+9.910000E+37,+8.381543E+02,+3.584400E+04,+1.218499E-01,+4.159500E-07,+9.910000E+37,+8.382197E+02,+3.584400E+04,-1.006597E+00,+0.000000E+00,+9.910000E+37,+8.382861E+02,+3.584400E+04
12:49:39,0e0,+1.248549E-01,+4.641500E-07,+9.910000E+37,+8.385127E+02,+3.584400E+04,+1.248547E-01,+4.641500E-07,+9.910000E+37,+8.385791E+02,+3.584400E+04,+1.256290E-01,+4.641500E-07,+9.910000E+37,+8.386455E+02,+3.584400E+04,-1.977565E+00,+0.000000E+00,+9.910000E+37,+8.387119E+02,+3.584400E+04
12:49:39,0e0,+1.291803E-01,+5.179500E-07,+9.910000E+37,+8.389365E+02,+3.584400E+04,+1.305918E-01,+5.179500E-07,+9.910000E+37,+8.390029E+02,+3.584400E+04,+1.281784E-01,+5.179500E-07,+9.910000E+37,+8.390703E+02,+3.584400E+04,-2.908416E+00,+0.000000E+00,+9.910000E+37,+8.391357E+02,+3.584400E+04
12:49:39,0e0,+1.334602E-01,+5.779500E-07,+9.910000E+37,+8.393613E+02,+3.584400E+04,+1.325951E-01,+5.779500E-07,+9.910000E+37,+8.394277E+02,+3.584400E+04,+1.345072E-01,+5.779500E-07,+9.910000E+37,+8.394941E+02,+3.584400E+04,-4.611474E+00,+0.000000E+00,+9.910000E+37,+8.395615E+02,+3.584400E+04
12:49:39,0e0,+1.372395E-01,+6.449500E-07,+9.910000E+37,+8.397861E+02,+3.584400E+04,+1.373755E-01,+6.449500E-07,+9.910000E+37,+8.398535E+02,+3.584400E+04,+1.372850E-01,+6.449500E-07,+9.910000E+37,+8.399199E+02,+3.584400E+04,-6.470943E+00,+0.000000E+00,+9.910000E+37,+8.399854E+02,+3.584400E+04
12:49:39,0e0,+1.423388E-01,+7.197000E-07,+9.910000E+37,+8.402080E+02,+3.584400E+04,+1.432495E-01,+7.197000E-07,+9.910000E+37,+8.402734E+02,+3.584400E+04,+1.412914E-01,+7.197000E-07,+9.910000E+37,+8.403398E+02,+3.584400E+04,-8.462691E+00,+0.000000E+00,+9.910000E+37,+8.404063E+02,+3.584400E+04
12:49:39,0e0,+1.468008E-01,+8.031000E-07,+9.910000E+37,+8.406299E+02,+3.584400E+04,+1.466186E-01,+8.031000E-07,+9.910000E+37,+8.406963E+02,+3.584400E+04,+1.469379E-01,+8.031000E-07,+9.910000E+37,+8.407627E+02,+3.584400E+04,-1.123230E+01,+0.000000E+00,+9.910000E+37,+8.408301E+02,+3.584400E+04
12:49:39,0e0,+1.519006E-01,+8.961500E-07,+9.910000E+37,+8.410557E+02,+3.584400E+04,+1.514453E-01,+8.961500E-07,+9.910000E+37,+8.411211E+02,+3.584400E+04,+1.501240E-01,+8.961500E-07,+9.910000E+37,+8.411875E+02,+3.584400E+04,-1.360713E+01,+0.000000E+00,+9.910000E+37,+8.412539E+02,+3.584400E+04
12:49:39,0e0,+1.563165E-01,+1.000000E-06,+9.910000E+37,+8.414736E+02,+3.584400E+04,+1.559070E-01,+1.000000E-06,+9.910000E+37,+8.415400E+02,+3.584400E+04,+1.575462E-01,+1.000000E-06,+9.910000E+37,+8.416064E+02,+3.584400E+04,-1.627180E+01,+0.000000E+00,+9.910000E+37,+8.416729E+02,+3.584400E+04
12:49:39,0e0,+1.495335E-01,+1.116000E-06,+9.910000E+37,+8.418965E+02,+3.584400E+04,+1.510809E-01,+1.116000E-06,+9.910000E+37,+8.419629E+02,+3.584400E+04,+1.496693E-01,+1.116000E-06,+9.910000E+37,+8.420293E+02,+3.584400E+04,-2.721921E-02,+0.000000E+00,+9.910000E+37,+8.420957E+02,+3.584400E+04
12:49:39,0e0,+1.537217E-01,+1.245000E-06,+9.910000E+37,+8.423213E+02,+3.584400E+04,+1.549056E-01,+1.245000E-06,+9.910000E+37,+8.423887E+02,+3.584400E+04,+1.547234E-01,+1.245000E-06,+9.910000E+37,+8.424541E+02,+3.584400E+04,-2.571692E-02,+0.000000E+00,+9.910000E+37,+8.425205E+02,+3.584400E+04
12:49:39,0e0,+1.569082E-01,+1.389500E-06,+9.910000E+37,+8.427480E+02,+3.584400E+04,+1.580468E-01,+1.389500E-06,+9.910000E+37,+8.428135E+02,+3.584400E+04,+1.572274E-01,+1.389500E-06,+9.910000E+37,+8.428799E+02,+3.584400E+04,-2.945018E-02,+0.000000E+00,+9.910000E+37,+8.429463E+02,+3.584400E+04
12:49:39,0e0,+1.620535E-01,+1.550500E-06,+9.910000E+37,+8.431699E+02,+3.584400E+04,+1.621903E-01,+1.550500E-06,+9.910000E+37,+8.432363E+02,+3.584400E+04,+1.615983E-01,+1.550500E-06,+9.910000E+37,+8.433027E+02,+3.584400E+04,-3.154467E-02,+0.000000E+00,+9.910000E+37,+8.433691E+02,+3.584400E+04
12:49:39,0e0,+1.652863E-01,+1.730000E-06,+9.910000E+37,+8.435947E+02,+3.584400E+04,+1.644213E-01,+1.730000E-06,+9.910000E+37,+8.436611E+02,+3.584400E+04,+1.650589E-01,+1.730000E-06,+9.910000E+37,+8.437275E+02,+3.584400E+04,-4.060523E-02,+0.000000E+00,+9.910000E+37,+8.437939E+02,+3.584400E+04
12:49:39,0e0,+1.700681E-01,+1.930500E-06,+9.910000E+37,+8.440176E+02,+3.584400E+04,+1.707502E-01,+1.930500E-06,+9.910000E+37,+8.440840E+02,+3.584400E+04,+1.688377E-01,+1.930500E-06,+9.910000E+37,+8.441504E+02,+3.584400E+04,-4.670651E-02,+0.000000E+00,+9.910000E+37,+8.442168E+02,+3.584400E+04
12:49:39,0e0,+1.732998E-01,+2.154500E-06,+9.910000E+37,+8.444424E+02,+3.584400E+04,+1.730721E-01,+2.154500E-06,+9.910000E+37,+8.445088E+02,+3.584400E+04,+1.738463E-01,+2.154500E-06,+9.910000E+37,+8.445752E+02,+3.584400E+04,-4.028638E-02,+0.000000E+00,+9.910000E+37,+8.446416E+02,+3.584400E+04
12:49:39,0e0,+1.768054E-01,+2.404000E-06,+9.910000E+37,+8.448662E+02,+3.584400E+04,+1.772610E-01,+2.404000E-06,+9.910000E+37,+8.449316E+02,+3.584400E+04,+1.772157E-01,+2.404000E-06,+9.910000E+37,+8.449980E+02,+3.584400E+04,-1.770167E-01,+0.000000E+00,+9.910000E+37,+8.450645E+02,+3.584400E+04
12:49:39,0e0,+1.809035E-01,+2.682500E-06,+9.910000E+37,+8.452891E+02,+3.584400E+04,+1.817238E-01,+2.682500E-06,+9.910000E+37,+8.453555E+02,+3.584400E+04,+1.822694E-01,+2.682500E-06,+9.910000E+37,+8.454219E+02,+3.584400E+04,-4.060538E-02,+0.000000E+00,+9.910000E+37,+8.454893E+02,+3.584400E+04
12:49:39,0e0,+1.860032E-01,+2.993500E-06,+9.910000E+37,+8.457158E+02,+3.584400E+04,+1.859575E-01,+2.993500E-06,+9.910000E+37,+8.457822E+02,+3.584400E+04,+1.877789E-01,+2.993500E-06,+9.910000E+37,+8.458477E+02,+3.584400E+04,-1.487873E-01,+0.000000E+00,+9.910000E+37,+8.459141E+02,+3.584400E+04
12:49:39,0e0,+1.906015E-01,+3.340500E-06,+9.910000E+37,+8.461406E+02,+3.584400E+04,+1.906928E-01,+3.340500E-06,+9.910000E+37,+8.462070E+02,+3.584400E+04,+1.906473E-01,+3.340500E-06,+9.910000E+37,+8.462734E+02,+3.584400E+04,-1.782461E-01,+0.000000E+00,+9.910000E+37,+8.463389E+02,+3.584400E+04
12:49:39,0e0,+1.954279E-01,+3.727500E-06,+9.910000E+37,+8.465654E+02,+3.584400E+04,+1.956103E-01,+3.727500E-06,+9.910000E+37,+8.466318E+02,+3.584400E+04,+1.951546E-01,+3.727500E-06,+9.910000E+37,+8.466982E+02,+3.584400E+04,-6.177834E-01,+0.000000E+00,+9.910000E+37,+8.467646E+02,+3.584400E+04
12:49:39,0e0,+2.006186E-01,+4.159500E-06,+9.910000E+37,+8.469883E+02,+3.584400E+04,+2.006642E-01,+4.159500E-06,+9.910000E+37,+8.470547E+02,+3.584400E+04,+2.003917E-01,+4.159500E-06,+9.910000E+37,+8.471201E+02,+3.584400E+04,-1.078267E+00,+0.000000E+00,+9.910000E+37,+8.471865E+02,+3.584400E+04
12:49:39,0e0,+2.045341E-01,+4.641500E-06,+9.910000E+37,+8.474131E+02,+3.584400E+04,+2.053084E-01,+4.641500E-06,+9.910000E+37,+8.474805E+02,+3.584400E+04,+2.055360E-01,+4.641500E-06,+9.910000E+37,+8.475459E+02,+3.584400E+04,-1.777624E+00,+0.000000E+00,+9.910000E+37,+8.476123E+02,+3.584400E+04
12:49:39,0e0,+2.113644E-01,+5.179500E-06,+9.910000E+37,+8.478379E+02,+3.584400E+04,+2.091336E-01,+5.179500E-06,+9.910000E+37,+8.479033E+02,+3.584400E+04,+2.085404E-01,+5.179500E-06,+9.910000E+37,+8.479697E+02,+3.584400E+04,-3.007586E+00,+0.000000E+00,+9.910000E+37,+8.480371E+02,+3.584400E+04
12:49:39,0e0,+2.150065E-01,+5.779500E-06,+9.910000E+37,+8.482646E+02,+3.584400E+04,+2.136856E-01,+5.779500E-06,+9.910000E+37,+8.483311E+02,+3.584400E+04,+2.154163E-01,+5.779500E-06,+9.910000E+37,+8.483975E+02,+3.584400E+04,-4.275483E+00,+0.000000E+00,+9.910000E+37,+8.484639E+02,+3.584400E+04
12:49:39,0e0,+2.193771E-01,+6.449500E-06,+9.910000E+37,+8.486885E+02,+3.584400E+04,+2.193771E-01,+6.449500E-06,+9.910000E+37,+8.487549E+02,+3.584400E+04,+2.213352E-01,+6.449500E-06,+9.910000E+37,+8.488203E+02,+3.584400E+04,-6.226342E+00,+0.000000E+00,+9.910000E+37,+8.488867E+02,+3.584400E+04
12:49:39,0e0,+2.256151E-01,+7.197000E-06,+9.910000E+37,+8.491113E+02,+3.584400E+04,+2.265257E-01,+7.197000E-06,+9.910000E+37,+8.491777E+02,+3.584400E+04,+2.246586E-01,+7.197000E-06,+9.910000E+37,+8.492451E+02,+3.584400E+04,-8.212681E+00,+0.000000E+00,+9.910000E+37,+8.493105E+02,+3.584400E+04
12:49:39,0e0,+2.311695E-01,+8.031000E-06,+9.910000E+37,+8.495332E+02,+3.584400E+04,+2.304415E-01,+8.031000E-06,+9.910000E+37,+8.496006E+02,+3.584400E+04,+2.312616E-01,+8.031000E-06,+9.910000E+37,+8.496680E+02,+3.584400E+04,-1.065624E+01,+0.000000E+00,+9.910000E+37,+8.497334E+02,+3.584400E+04
12:49:39,0e0,+2.362687E-01,+8.961500E-06,+9.910000E+37,+8.499580E+02,+3.584400E+04,+2.359504E-01,+8.961500E-06,+9.910000E+37,+8.500244E+02,+3.584400E+04,+2.368613E-01,+8.961500E-06,+9.910000E+37,+8.500908E+02,+3.584400E+04,-1.336388E+01,+0.000000E+00,+9.910000E+37,+8.501582E+02,+3.584400E+04
12:49:39,0e0,+2.413686E-01,+1.000000E-05,+9.910000E+37,+8.503799E+02,+3.584400E+04,+2.427347E-01,+1.000000E-05,+9.910000E+37,+8.504463E+02,+3.584400E+04,+2.418697E-01,+1.000000E-05,+9.910000E+37,+8.505127E+02,+3.584400E+04,-1.593330E+01,+0.000000E+00,+9.910000E+37,+8.505791E+02,+3.584400E+04
12:49:39,0e0,+2.357234E-01,+1.116000E-05,+9.910000E+37,+8.507988E+02,+3.584400E+04,+2.359507E-01,+1.116000E-05,+9.910000E+37,+8.508643E+02,+3.584400E+04,+2.362238E-01,+1.116000E-05,+9.910000E+37,+8.509316E+02,+3.584400E+04,-1.073540E-01,+0.000000E+00,+9.910000E+37,+8.509971E+02,+3.584400E+04
12:49:39,0e0,+2.400932E-01,+1.245000E-05,+9.910000E+37,+8.512148E+02,+3.584400E+04,+2.409135E-01,+1.245000E-05,+9.910000E+37,+8.512803E+02,+3.584400E+04,+2.403219E-01,+1.245000E-05,+9.910000E+37,+8.513467E+02,+3.584400E+04,-1.083557E-01,+0.000000E+00,+9.910000E+37,+8.514160E+02,+3.584400E+04
12:49:39,0e0,+2.459674E-01,+1.389500E-05,+9.910000E+37,+8.516328E+02,+3.584400E+04,+2.465594E-01,+1.389500E-05,+9.910000E+37,+8.516992E+02,+3.584400E+04,+2.460586E-01,+1.389500E-05,+9.910000E+37,+8.517656E+02,+3.584400E+04,-1.087198E-01,+0.000000E+00,+9.910000E+37,+8.518369E+02,+3.584400E+04
12:49:39,0e0,+2.503838E-01,+1.550500E-05,+9.910000E+37,+8.520596E+02,+3.584400E+04,+2.525243E-01,+1.550500E-05,+9.910000E+37,+8.521270E+02,+3.584400E+04,+2.518412E-01,+1.550500E-05,+9.910000E+37,+8.521924E+02,+3.584400E+04,-1.021634E-01,+0.000000E+00,+9.910000E+37,+8.522607E+02,+3.584400E+04
12:49:39,0e0,+2.560296E-01,+1.730000E-05,+9.910000E+37,+8.524785E+02,+3.584400E+04,+2.566216E-01,+1.730000E-05,+9.910000E+37,+8.525449E+02,+3.584400E+04,+2.572596E-01,+1.730000E-05,+9.910000E+37,+8.526113E+02,+3.584400E+04,-1.063521E-01,+0.000000E+00,+9.910000E+37,+8.526826E+02,+3.584400E+04
12:49:39,0e0,+2.618578E-01,+1.930500E-05,+9.910000E+37,+8.529043E+02,+3.584400E+04,+2.626325E-01,+1.930500E-05,+9.910000E+37,+8.529717E+02,+3.584400E+04,+2.616754E-01,+1.930500E-05,+9.910000E+37,+8.530371E+02,+3.584400E+04,-1.078547E-01,+0.000000E+00,+9.910000E+37,+8.531045E+02,+3.584400E+04
12:49:39,0e0,+2.679593E-01,+2.154500E-05,+9.910000E+37,+8.533232E+02,+3.584400E+04,+2.683239E-01,+2.154500E-05,+9.910000E+37,+8.533906E+02,+3.584400E+04,+2.670029E-01,+2.154500E-05,+9.910000E+37,+8.534561E+02,+3.584400E+04,-1.099493E-01,+0.000000E+00,+9.910000E+37,+8.535273E+02,+3.584400E+04
12:49:39,0e0,+2.739239E-01,+2.404000E-05,+9.910000E+37,+8.537480E+02,+3.584400E+04,+2.734686E-01,+2.404000E-05,+9.910000E+37,+8.538154E+02,+3.584400E+04,+2.719653E-01,+2.404000E-05,+9.910000E+37,+8.538809E+02,+3.584400E+04,-1.073084E-01,+0.000000E+00,+9.910000E+37,+8.539492E+02,+3.584400E+04
12:49:39,0e0,+2.781122E-01,+2.682500E-05,+9.910000E+37,+8.541670E+02,+3.584400E+04,+2.788861E-01,+2.682500E-05,+9.910000E+37,+8.542334E+02,+3.584400E+04,+2.796603E-01,+2.682500E-05,+9.910000E+37,+8.542998E+02,+3.584400E+04,-1.096305E-01,+0.000000E+00,+9.910000E+37,+8.543711E+02,+3.584400E+04
12:49:39,0e0,+2.840312E-01,+2.993500E-05,+9.910000E+37,+8.545918E+02,+3.584400E+04,+2.843955E-01,+2.993500E-05,+9.910000E+37,+8.546582E+02,+3.584400E+04,+2.848510E-01,+2.993500E-05,+9.910000E+37,+8.547246E+02,+3.584400E+04,-1.081282E-01,+0.000000E+00,+9.910000E+37,+8.547930E+02,+3.584400E+04
12:49:39,0e0,+2.908150E-01,+3.340500E-05,+9.910000E+37,+8.550166E+02,+3.584400E+04,+2.899509E-01,+3.340500E-05,+9.910000E+37,+8.550840E+02,+3.584400E+04,+2.903145E-01,+3.340500E-05,+9.910000E+37,+8.551514E+02,+3.584400E+04,-1.092663E-01,+0.000000E+00,+9.910000E+37,+8.552187E+02,+3.584400E+04
12:49:39,0e0,+2.957326E-01,+3.727500E-05,+9.910000E+37,+8.554424E+02,+3.584400E+04,+2.966890E-01,+3.727500E-05,+9.910000E+37,+8.555098E+02,+3.584400E+04,+2.966889E-01,+3.727500E-05,+9.910000E+37,+8.555762E+02,+3.584400E+04,-2.713146E-01,+0.000000E+00,+9.910000E+37,+8.556436E+02,+3.584400E+04
12:49:39,0e0,+3.021066E-01,+4.159500E-05,+9.910000E+37,+8.558672E+02,+3.584400E+04,+3.027901E-01,+4.159500E-05,+9.910000E+37,+8.559336E+02,+3.584400E+04,+3.031999E-01,+4.159500E-05,+9.910000E+37,+8.560010E+02,+3.584400E+04,-4.703891E-01,+0.000000E+00,+9.910000E+37,+8.560684E+02,+3.584400E+04
12:49:39,0e0,+3.093005E-01,+4.641500E-05,+9.910000E+37,+8.562910E+02,+3.584400E+04,+3.094372E-01,+4.641500E-05,+9.910000E+37,+8.563574E+02,+3.584400E+04,+3.094375E-01,+4.641500E-05,+9.910000E+37,+8.564248E+02,+3.584400E+04,-1.157632E+00,+0.000000E+00,+9.910000E+37,+8.564922E+02,+3.584400E+04
12:49:39,0e0,+3.160397E-01,+5.179500E-05,+9.910000E+37,+8.567119E+02,+3.584400E+04,+3.156749E-01,+5.179500E-05,+9.910000E+37,+8.567773E+02,+3.584400E+04,+3.150840E-01,+5.179500E-05,+9.910000E+37,+8.568447E+02,+3.584400E+04,-1.966361E+00,+0.000000E+00,+9.910000E+37,+8.569131E+02,+3.584400E+04
12:49:39,0e0,+3.224592E-01,+5.779500E-05,+9.910000E+37,+8.571357E+02,+3.584400E+04,+3.225967E-01,+5.779500E-05,+9.910000E+37,+8.572021E+02,+3.584400E+04,+3.233704E-01,+5.779500E-05,+9.910000E+37,+8.572695E+02,+3.584400E+04,-2.864066E+00,+0.000000E+00,+9.910000E+37,+8.573379E+02,+3.584400E+04
12:49:39,0e0,+3.302457E-01,+6.449500E-05,+9.910000E+37,+8.575625E+02,+3.584400E+04,+3.297901E-01,+6.449500E-05,+9.910000E+37,+8.576299E+02,+3.584400E+04,+3.305189E-01,+6.449500E-05,+9.910000E+37,+8.576953E+02,+3.584400E+04,-4.421776E+00,+0.000000E+00,+9.910000E+37,+8.577637E+02,+3.584400E+04
12:49:39,0e0,+3.379399E-01,+7.197000E-05,+9.910000E+37,+8.579854E+02,+3.584400E+04,+3.372568E-01,+7.197000E-05,+9.910000E+37,+8.580527E+02,+3.584400E+04,+3.379864E-01,+7.197000E-05,+9.910000E+37,+8.581201E+02,+3.584400E+04,-6.013187E+00,+0.000000E+00,+9.910000E+37,+8.581875E+02,+3.584400E+04
12:49:39,0e0,+3.442239E-01,+8.031000E-05,+9.910000E+37,+8.584072E+02,+3.584400E+04,+3.438585E-01,+8.031000E-05,+9.910000E+37,+8.584746E+02,+3.584400E+04,+3.450428E-01,+8.031000E-05,+9.910000E+37,+8.585400E+02,+3.584400E+04,-7.641986E+00,+0.000000E+00,+9.910000E+37,+8.586113E+02,+3.584400E+04
12:49:39,0e0,+3.514172E-01,+8.961500E-05,+9.910000E+37,+8.588350E+02,+3.584400E+04,+3.525100E-01,+8.961500E-05,+9.910000E+37,+8.589023E+02,+3.584400E+04,+3.526925E-01,+8.961500E-05,+9.910000E+37,+8.589688E+02,+3.584400E+04,-1.029812E+01,+0.000000E+00,+9.910000E+37,+8.590361E+02,+3.584400E+04
12:49:39,0e0,+3.598855E-01,+1.000000E-04,+9.910000E+37,+8.592539E+02,+3.584400E+04,+3.597499E-01,+1.000000E-04,+9.910000E+37,+8.593203E+02,+3.584400E+04,+3.607967E-01,+1.000000E-04,+9.910000E+37,+8.593877E+02,+3.584400E+04,-1.215534E+01,+0.000000E+00,+9.910000E+37,+8.594580E+02,+3.584400E+04
12:49:39,0e0,+3.562897E-01,+1.116000E-04,+9.910000E+37,+8.596846E+02,+3.584400E+04,+3.567894E-01,+1.116000E-04,+9.910000E+37,+8.597520E+02,+3.584400E+04,+3.561977E-01,+1.116000E-04,+9.910000E+37,+8.598193E+02,+3.584400E+04,-1.172796E+00,+0.000000E+00,+9.910000E+37,+8.598848E+02,+3.584400E+04
12:49:39,0e0,+3.644851E-01,+1.245000E-04,+9.910000E+37,+8.601084E+02,+3.584400E+04,+3.643934E-01,+1.245000E-04,+9.910000E+37,+8.601748E+02,+3.584400E+04,+3.640292E-01,+1.245000E-04,+9.910000E+37,+8.602412E+02,+3.584400E+04,-1.081091E+00,+0.000000E+00,+9.910000E+37,+8.603086E+02,+3.584400E+04
12:49:39,0e0,+3.716783E-01,+1.389500E-04,+9.910000E+37,+8.605313E+02,+3.584400E+04,+3.705394E-01,+1.389500E-04,+9.910000E+37,+8.605986E+02,+3.584400E+04,+3.716338E-01,+1.389500E-04,+9.910000E+37,+8.606660E+02,+3.584400E+04,-1.072757E+00,+0.000000E+00,+9.910000E+37,+8.607314E+02,+3.584400E+04
12:49:39,0e0,+3.780991E-01,+1.550500E-04,+9.910000E+37,+8.609570E+02,+3.584400E+04,+3.790094E-01,+1.550500E-04,+9.910000E+37,+8.610244E+02,+3.584400E+04,+3.786448E-01,+1.550500E-04,+9.910000E+37,+8.610898E+02,+3.584400E+04,-1.176029E+00,+0.000000E+00,+9.910000E+37,+8.611562E+02,+3.584400E+04
12:49:39,0e0,+3.860653E-01,+1.730000E-04,+9.910000E+37,+8.613809E+02,+3.584400E+04,+3.868866E-01,+1.730000E-04,+9.910000E+37,+8.614473E+02,+3.584400E+04,+3.859753E-01,+1.730000E-04,+9.910000E+37,+8.615146E+02,+3.584400E+04,-1.066656E+00,+0.000000E+00,+9.910000E+37,+8.615801E+02,+3.584400E+04
12:49:39,0e0,+3.938060E-01,+1.930500E-04,+9.910000E+37,+8.617998E+02,+3.584400E+04,+3.939883E-01,+1.930500E-04,+9.910000E+37,+8.618662E+02,+3.584400E+04,+3.938985E-01,+1.930500E-04,+9.910000E+37,+8.619326E+02,+3.584400E+04,-1.081045E+00,+0.000000E+00,+9.910000E+37,+8.620000E+02,+3.584400E+04
12:49:39,0e0,+4.025030E-01,+2.154500E-04,+9.910000E+37,+8.622217E+02,+3.584400E+04,+4.017743E-01,+2.154500E-04,+9.910000E+37,+8.622891E+02,+3.584400E+04,+4.015927E-01,+2.154500E-04,+9.910000E+37,+8.623545E+02,+3.584400E+04,-1.153169E+00,+0.000000E+00,+9.910000E+37,+8.624219E+02,+3.584400E+04
12:49:39,0e0,+4.095135E-01,+2.404000E-04,+9.910000E+37,+8.626416E+02,+3.584400E+04,+4.095603E-01,+2.404000E-04,+9.910000E+37,+8.627080E+02,+3.584400E+04,+4.100611E-01,+2.404000E-04,+9.910000E+37,+8.627754E+02,+3.584400E+04,-1.175709E+00,+0.000000E+00,+9.910000E+37,+8.628408E+02,+3.584400E+04
12:49:39,0e0,+4.174373E-01,+2.682500E-04,+9.910000E+37,+8.630684E+02,+3.584400E+04,+4.197143E-01,+2.682500E-04,+9.910000E+37,+8.631338E+02,+3.584400E+04,+4.188028E-01,+2.682500E-04,+9.910000E+37,+8.632002E+02,+3.584400E+04,-1.066200E+00,+0.000000E+00,+9.910000E+37,+8.632676E+02,+3.584400E+04
12:49:39,0e0,+4.278194E-01,+2.993500E-04,+9.910000E+37,+8.634902E+02,+3.584400E+04,+4.274994E-01,+2.993500E-04,+9.910000E+37,+8.635576E+02,+3.584400E+04,+4.266798E-01,+2.993500E-04,+9.910000E+37,+8.636230E+02,+3.584400E+04,-1.146248E+00,+0.000000E+00,+9.910000E+37,+8.636895E+02,+3.584400E+04
12:49:39,0e0,+4.358771E-01,+3.340500E-04,+9.910000E+37,+8.639131E+02,+3.584400E+04,+4.359689E-01,+3.340500E-04,+9.910000E+37,+8.639795E+02,+3.584400E+04,+4.367890E-01,+3.340500E-04,+9.910000E+37,+8.640459E+02,+3.584400E+04,-1.158270E+00,+0.000000E+00,+9.910000E+37,+8.641113E+02,+3.584400E+04
12:49:39,0e0,+4.463040E-01,+3.727500E-04,+9.910000E+37,+8.643320E+02,+3.584400E+04,+4.455751E-01,+3.727500E-04,+9.910000E+37,+8.643994E+02,+3.584400E+04,+4.453477E-01,+3.727500E-04,+9.910000E+37,+8.644648E+02,+3.584400E+04,-1.124712E+00,+0.000000E+00,+9.910000E+37,+8.645312E+02,+3.584400E+04
12:49:39,0e0,+4.553187E-01,+4.159500E-04,+9.910000E+37,+8.647568E+02,+3.584400E+04,+4.555467E-01,+4.159500E-04,+9.910000E+37,+8.648232E+02,+3.584400E+04,+4.560024E-01,+4.159500E-04,+9.910000E+37,+8.648896E+02,+3.584400E+04,-1.155719E+00,+0.000000E+00,+9.910000E+37,+8.649570E+02,+3.584400E+04
12:49:39,0e0,+4.650166E-01,+4.641500E-04,+9.910000E+37,+8.651758E+02,+3.584400E+04,+4.640142E-01,+4.641500E-04,+9.910000E+37,+8.652422E+02,+3.584400E+04,+4.657009E-01,+4.641500E-04,+9.910000E+37,+8.653096E+02,+3.584400E+04,-1.187047E+00,+0.000000E+00,+9.910000E+37,+8.653750E+02,+3.584400E+04
12:49:39,0e0,+4.751705E-01,+5.179500E-04,+9.910000E+37,+8.656035E+02,+3.584400E+04,+4.751251E-01,+5.179500E-04,+9.910000E+37,+8.656689E+02,+3.584400E+04,+4.755343E-01,+5.179500E-04,+9.910000E+37,+8.657354E+02,+3.584400E+04,-1.152352E+00,+0.000000E+00,+9.910000E+37,+8.658018E+02,+3.584400E+04
12:49:39,0e0,+4.865984E-01,+5.779500E-04,+9.910000E+37,+8.660283E+02,+3.584400E+04,+4.859160E-01,+5.779500E-04,+9.910000E+37,+8.660947E+02,+3.584400E+04,+4.860529E-01,+5.779500E-04,+9.910000E+37,+8.661602E+02,+3.584400E+04,-1.634055E+00,+0.000000E+00,+9.910000E+37,+8.662266E+02,+3.584400E+04
12:49:39,0e0,+4.974804E-01,+6.449500E-04,+9.910000E+37,+8.664512E+02,+3.584400E+04,+4.980270E-01,+6.449500E-04,+9.910000E+37,+8.665176E+02,+3.584400E+04,+4.974349E-01,+6.449500E-04,+9.910000E+37,+8.665840E+02,+3.584400E+04,-2.004064E+00,+0.000000E+00,+9.910000E+37,+8.666514E+02,+3.584400E+04
12:49:39,0e0,+5.104113E-01,+7.197000E-04,+9.910000E+37,+8.668760E+02,+3.584400E+04,+5.088629E-01,+7.197000E-04,+9.910000E+37,+8.669434E+02,+3.584400E+04,+5.095006E-01,+7.197000E-04,+9.910000E+37,+8.670107E+02,+3.584400E+04,-2.447834E+00,+0.000000E+00,+9.910000E+37,+8.670762E+02,+3.584400E+04
12:49:39,0e0,+5.223402E-01,+8.031000E-04,+9.910000E+37,+8.672979E+02,+3.584400E+04,+5.230702E-01,+8.031000E-04,+9.910000E+37,+8.673633E+02,+3.584400E+04,+5.218394E-01,+8.031000E-04,+9.910000E+37,+8.674297E+02,+3.584400E+04,-2.908914E+00,+0.000000E+00,+9.910000E+37,+8.674961E+02,+3.584400E+04
12:49:39,0e0,+5.348625E-01,+8.961500E-04,+9.910000E+37,+8.677168E+02,+3.584400E+04,+5.349074E-01,+8.961500E-04,+9.910000E+37,+8.677842E+02,+3.584400E+04,+5.346348E-01,+8.961500E-04,+9.910000E+37,+8.678516E+02,+3.584400E+04,-3.202970E+00,+0.000000E+00,+9.910000E+37,+8.679170E+02,+3.584400E+04
12:49:39,0e0,+5.481113E-01,+1.000000E-03,+9.910000E+37,+8.681396E+02,+3.584400E+04,+5.469736E-01,+1.000000E-03,+9.910000E+37,+8.682070E+02,+3.584400E+04,+5.480198E-01,+1.000000E-03,+9.910000E+37,+8.682725E+02,+3.584400E+04,-3.603212E+00,+0.000000E+00,+9.910000E+37,+8.683398E+02,+3.584400E+04
12:49:39,0e0,+5.486591E-01,+1.116000E-03,+9.910000E+37,+8.685625E+02,+3.584400E+04,+5.481574E-01,+1.116000E-03,+9.910000E+37,+8.686299E+02,+3.584400E+04,+5.475190E-01,+1.116000E-03,+9.910000E+37,+8.686973E+02,+3.584400E+04,-1.886445E+00,+0.000000E+00,+9.910000E+37,+8.687646E+02,+3.584400E+04
12:49:39,0e0,+5.618614E-01,+1.245000E-03,+9.910000E+37,+8.689844E+02,+3.584400E+04,+5.617260E-01,+1.245000E-03,+9.910000E+37,+8.690508E+02,+3.584400E+04,+5.617265E-01,+1.245000E-03,+9.910000E+37,+8.691172E+02,+3.584400E+04,-1.852617E+00,+0.000000E+00,+9.910000E+37,+8.691846E+02,+3.584400E+04
12:49:39,0e0,+5.754296E-01,+1.389500E-03,+9.910000E+37,+8.694092E+02,+3.584400E+04,+5.764312E-01,+1.389500E-03,+9.910000E+37,+8.694746E+02,+3.584400E+04,+5.747012E-01,+1.389500E-03,+9.910000E+37,+8.695410E+02,+3.584400E+04,-1.850066E+00,+0.000000E+00,+9.910000E+37,+8.696074E+02,+3.584400E+04
12:49:39,0e0,+5.892710E-01,+1.550500E-03,+9.910000E+37,+8.698340E+02,+3.584400E+04,+5.896358E-01,+1.550500E-03,+9.910000E+37,+8.698994E+02,+3.584400E+04,+5.902286E-01,+1.550500E-03,+9.910000E+37,+8.699658E+02,+3.584400E+04,-1.889134E+00,+0.000000E+00,+9.910000E+37,+8.700322E+02,+3.584400E+04
12:49:39,0e0,+6.032930E-01,+1.730000E-03,+9.910000E+37,+8.702578E+02,+3.584400E+04,+6.035241E-01,+1.730000E-03,+9.910000E+37,+8.703252E+02,+3.584400E+04,+6.040683E-01,+1.730000E-03,+9.910000E+37,+8.703926E+02,+3.584400E+04,-1.798886E+00,+0.000000E+00,+9.910000E+37,+8.704580E+02,+3.584400E+04
12:49:39,0e0,+6.211442E-01,+1.930500E-03,+9.910000E+37,+8.706787E+02,+3.584400E+04,+6.204598E-01,+1.930500E-03,+9.910000E+37,+8.707451E+02,+3.584400E+04,+6.202331E-01,+1.930500E-03,+9.910000E+37,+8.708125E+02,+3.584400E+04,-1.816233E+00,+0.000000E+00,+9.910000E+37,+8.708779E+02,+3.584400E+04
12:49:39,0e0,+6.351198E-01,+2.154500E-03,+9.910000E+37,+8.711035E+02,+3.584400E+04,+6.357126E-01,+2.154500E-03,+9.910000E+37,+8.711699E+02,+3.584400E+04,+6.354856E-01,+2.154500E-03,+9.910000E+37,+8.712373E+02,+3.584400E+04,-1.907666E+00,+0.000000E+00,+9.910000E+37,+8.713047E+02,+3.584400E+04
12:49:39,0e0,+6.536974E-01,+2.404000E-03,+9.910000E+37,+8.715283E+02,+3.584400E+04,+6.517844E-01,+2.404000E-03,+9.910000E+37,+8.715947E+02,+3.584400E+04,+6.543809E-01,+2.404000E-03,+9.910000E+37,+8.716611E+02,+3.584400E+04,-1.854757E+00,+0.000000E+00,+9.910000E+37,+8.717275E+02,+3.584400E+04
12:49:39,0e0,+6.708620E-01,+2.682500E-03,+9.910000E+37,+8.719541E+02,+3.584400E+04,+6.703166E-01,+2.682500E-03,+9.910000E+37,+8.720195E+02,+3.584400E+04,+6.709080E-01,+2.682500E-03,+9.910000E+37,+8.720859E+02,+3.584400E+04,-1.862906E+00,+0.000000E+00,+9.910000E+37,+8.721523E+02,+3.584400E+04
12:49:39,0e0,+6.884371E-01,+2.993500E-03,+9.910000E+37,+8.723760E+02,+3.584400E+04,+6.892114E-01,+2.993500E-03,+9.910000E+37,+8.724424E+02,+3.584400E+04,+6.888931E-01,+2.993500E-03,+9.910000E+37,+8.725088E+02,+3.584400E+04,-1.882076E+00,+0.000000E+00,+9.910000E+37,+8.725752E+02,+3.584400E+04
12:49:39,0e0,+7.063310E-01,+3.340500E-03,+9.910000E+37,+8.727959E+02,+3.584400E+04,+7.089714E-01,+3.340500E-03,+9.910000E+37,+8.728613E+02,+3.584400E+04,+7.069665E-01,+3.340500E-03,+9.910000E+37,+8.729277E+02,+3.584400E+04,-1.845237E+00,+0.000000E+00,+9.910000E+37,+8.729951E+02,+3.584400E+04
12:49:39,0e0,+7.278666E-01,+3.727500E-03,+9.910000E+37,+8.732188E+02,+3.584400E+04,+7.272767E-01,+3.727500E-03,+9.910000E+37,+8.732852E+02,+3.584400E+04,+7.270470E-01,+3.727500E-03,+9.910000E+37,+8.733516E+02,+3.584400E+04,-1.838181E+00,+0.000000E+00,+9.910000E+37,+8.734189E+02,+3.584400E+04
12:49:39,0e0,+7.485377E-01,+4.159500E-03,+9.910000E+37,+8.736396E+02,+3.584400E+04,+7.474459E-01,+4.159500E-03,+9.910000E+37,+8.737051E+02,+3.584400E+04,+7.479001E-01,+4.159500E-03,+9.910000E+37,+8.737715E+02,+3.584400E+04,-1.825521E+00,+0.000000E+00,+9.910000E+37,+8.738379E+02,+3.584400E+04
12:49:39,0e0,+7.684363E-01,+4.641500E-03,+9.910000E+37,+8.740625E+02,+3.584400E+04,+7.697552E-01,+4.641500E-03,+9.910000E+37,+8.741299E+02,+3.584400E+04,+7.699834E-01,+4.641500E-03,+9.910000E+37,+8.741963E+02,+3.584400E+04,-1.880436E+00,+0.000000E+00,+9.910000E+37,+8.742617E+02,+3.584400E+04
12:49:39,0e0,+7.905654E-01,+5.179500E-03,+9.910000E+37,+8.744824E+02,+3.584400E+04,+7.914283E-01,+5.179500E-03,+9.910000E+37,+8.745488E+02,+3.584400E+04,+7.917010E-01,+5.179500E-03,+9.910000E+37,+8.746152E+02,+3.584400E+04,-1.874835E+00,+0.000000E+00,+9.910000E+37,+8.746826E+02,+3.584400E+04
12:49:39,0e0,+8.133743E-01,+5.779500E-03,+9.910000E+37,+8.749072E+02,+3.584400E+04,+8.144677E-01,+5.779500E-03,+9.910000E+37,+8.749736E+02,+3.584400E+04,+8.150605E-01,+5.779500E-03,+9.910000E+37,+8.750410E+02,+3.584400E+04,-1.856713E+00,+0.000000E+00,+9.910000E+37,+8.751074E+02,+3.584400E+04
12:49:39,0e0,+8.380064E-01,+6.449500E-03,+9.910000E+37,+8.753320E+02,+3.584400E+04,+8.371854E-01,+6.449500E-03,+9.910000E+37,+8.753984E+02,+3.584400E+04,+8.379627E-01,+6.449500E-03,+9.910000E+37,+8.754648E+02,+3.584400E+04,-1.850976E+00,+0.000000E+00,+9.910000E+37,+8.755313E+02,+3.584400E+04
12:49:39,0e0,+8.616375E-01,+7.197000E-03,+9.910000E+37,+8.757568E+02,+3.584400E+04,+8.625484E-01,+7.197000E-03,+9.910000E+37,+8.758223E+02,+3.584400E+04,+8.624581E-01,+7.197000E-03,+9.910000E+37,+8.758887E+02,+3.584400E+04,-1.918459E+00,+0.000000E+00,+9.910000E+37,+8.759551E+02,+3.584400E+04
12:49:39,0e0,+8.876367E-01,+8.031000E-03,+9.910000E+37,+8.761816E+02,+3.584400E+04,+8.891832E-01,+8.031000E-03,+9.910000E+37,+8.762490E+02,+3.584400E+04,+8.899575E-01,+8.031000E-03,+9.910000E+37,+8.763164E+02,+3.584400E+04,-1.847789E+00,+0.000000E+00,+9.910000E+37,+8.763818E+02,+3.584400E+04
12:49:39,0e0,+9.131758E-01,+8.961500E-03,+9.910000E+37,+8.766074E+02,+3.584400E+04,+9.148651E-01,+8.961500E-03,+9.910000E+37,+8.766729E+02,+3.584400E+04,+9.144543E-01,+8.961500E-03,+9.910000E+37,+8.767393E+02,+3.584400E+04,-1.849200E+00,+0.000000E+00,+9.910000E+37,+8.768057E+02,+3.584400E+04
