12:56:20,0e0,+1.320669E-02,+1.000000E-07,+9.910000E+37,+1.223238E+03,+3.584400E+04,+1.261489E-02,+1.000000E-07,+9.910000E+37,+1.223305E+03,+3.584400E+04,+1.243258E-02,+1.000000E-07,+9.910000E+37,+1.223372E+03,+3.584400E+04,-8.829266E-03,+0.000000E+00,+9.910000E+37,+1.223437E+03,+3.584400E+04
12:56:20,0e0,+1.593912E-02,+1.116000E-07,+9.910000E+37,+1.223661E+03,+3.584400E+04,+1.366232E-02,+1.116000E-07,+9.910000E+37,+1.223728E+03,+3.584400E+04,+1.493698E-02,+1.116000E-07,+9.910000E+37,+1.223794E+03,+3.584400E+04,-1.115203E-02,+0.000000E+00,+9.910000E+37,+1.223860E+03,+3.584400E+04
12:56:20,0e0,+1.826088E-02,+1.245000E-07,+9.910000E+37,+1.224084E+03,+3.584400E+04,+1.766868E-02,+1.245000E-07,+9.910000E+37,+1.224150E+03,+3.584400E+04,+1.721354E-02,+1.245000E-07,+9.910000E+37,+1.224218E+03,+3.584400E+04,-8.920252E-03,+0.000000E+00,+9.910000E+37,+1.224284E+03,+3.584400E+04
12:56:20,0e0,+1.880729E-02,+1.389500E-07,+9.910000E+37,+1.224510E+03,+3.584400E+04,+1.967192E-02,+1.389500E-07,+9.910000E+37,+1.224576E+03,+3.584400E+04,+1.989992E-02,+1.389500E-07,+9.910000E+37,+1.224644E+03,+3.584400E+04,-9.011760E-03,+0.000000E+00,+9.910000E+37,+1.224710E+03,+3.584400E+04
12:56:20,0e0,+2.153851E-02,+1.550500E-07,+9.910000E+37,+1.224936E+03,+3.584400E+04,+2.417955E-02,+1.550500E-07,+9.910000E+37,+1.225003E+03,+3.584400E+04,+2.427052E-02,+1.550500E-07,+9.910000E+37,+1.225070E+03,+3.584400E+04,-9.876966E-03,+0.000000E+00,+9.910000E+37,+1.225138E+03,+3.584400E+04
12:56:20,0e0,+2.654760E-02,+1.730000E-07,+9.910000E+37,+1.225362E+03,+3.584400E+04,+2.586424E-02,+1.730000E-07,+9.910000E+37,+1.225429E+03,+3.584400E+04,+2.545436E-02,+1.730000E-07,+9.910000E+37,+1.225495E+03,+3.584400E+04,-9.102881E-03,+0.000000E+00,+9.910000E+37,+1.225562E+03,+3.584400E+04
12:56:20,0e0,+2.814084E-02,+1.930500E-07,+9.910000E+37,+1.225787E+03,+3.584400E+04,+2.946100E-02,+1.930500E-07,+9.910000E+37,+1.225854E+03,+3.584400E+04,+2.927953E-02,+1.930500E-07,+9.910000E+37,+1.225920E+03,+3.584400E+04,-9.147823E-03,+0.000000E+00,+9.910000E+37,+1.225986E+03,+3.584400E+04
12:56:20,0e0,+3.114527E-02,+2.154500E-07,+9.910000E+37,+1.226211E+03,+3.584400E+04,+3.187397E-02,+2.154500E-07,+9.910000E+37,+1.226277E+03,+3.584400E+04,+3.251144E-02,+2.154500E-07,+9.910000E+37,+1.226344E+03,+3.584400E+04,-1.015027E-02,+0.000000E+00,+9.910000E+37,+1.226411E+03,+3.584400E+04
12:56:20,0e0,+3.569841E-02,+2.404000E-07,+9.910000E+37,+1.226636E+03,+3.584400E+04,+3.697342E-02,+2.404000E-07,+9.910000E+37,+1.226702E+03,+3.584400E+04,+3.538021E-02,+2.404000E-07,+9.910000E+37,+1.226769E+03,+3.584400E+04,-9.102911E-03,+0.000000E+00,+9.910000E+37,+1.226835E+03,+3.584400E+04
12:56:20,0e0,+4.093477E-02,+2.682500E-07,+9.910000E+37,+1.227061E+03,+3.584400E+04,+4.116219E-02,+2.682500E-07,+9.910000E+37,+1.227126E+03,+3.584400E+04,+3.970537E-02,+2.682500E-07,+9.910000E+37,+1.227192E+03,+3.584400E+04,-1.042348E-02,+0.000000E+00,+9.910000E+37,+1.227259E+03,+3.584400E+04
12:56:20,0e0,+4.375762E-02,+2.993500E-07,+9.910000E+37,+1.227485E+03,+3.584400E+04,+4.362077E-02,+2.993500E-07,+9.910000E+37,+1.227552E+03,+3.584400E+04,+4.403082E-02,+2.993500E-07,+9.910000E+37,+1.227618E+03,+3.584400E+04,-8.966312E-03,+0.000000E+00,+9.910000E+37,+1.227685E+03,+3.584400E+04
12:56:20,0e0,+4.912996E-02,+3.340500E-07,+9.910000E+37,+1.227908E+03,+3.584400E+04,+4.821944E-02,+3.340500E-07,+9.910000E+37,+1.227975E+03,+3.584400E+04,+4.740006E-02,+3.340500E-07,+9.910000E+37,+1.228041E+03,+3.584400E+04,-8.875251E-03,+0.000000E+00,+9.910000E+37,+1.228108E+03,+3.584400E+04
12:56:20,0e0,+5.372855E-02,+3.727500E-07,+9.910000E+37,+1.228334E+03,+3.584400E+04,+5.313665E-02,+3.727500E-07,+9.910000E+37,+1.228400E+03,+3.584400E+04,+5.290902E-02,+3.727500E-07,+9.910000E+37,+1.228467E+03,+3.584400E+04,-9.831697E-03,+0.000000E+00,+9.910000E+37,+1.228534E+03,+3.584400E+04
12:56:20,0e0,+5.741671E-02,+4.159500E-07,+9.910000E+37,+1.228759E+03,+3.584400E+04,+5.782610E-02,+4.159500E-07,+9.910000E+37,+1.228826E+03,+3.584400E+04,+5.828169E-02,+4.159500E-07,+9.910000E+37,+1.228894E+03,+3.584400E+04,-8.556649E-03,+0.000000E+00,+9.910000E+37,+1.228960E+03,+3.584400E+04
12:56:20,0e0,+6.269783E-02,+4.641500E-07,+9.910000E+37,+1.229185E+03,+3.584400E+04,+6.196922E-02,+4.641500E-07,+9.910000E+37,+1.229251E+03,+3.584400E+04,+6.265280E-02,+4.641500E-07,+9.910000E+37,+1.229317E+03,+3.584400E+04,-9.831265E-03,+0.000000E+00,+9.910000E+37,+1.229384E+03,+3.584400E+04
12:56:20,0e0,+6.829867E-02,+5.179500E-07,+9.910000E+37,+1.229608E+03,+3.584400E+04,+6.893545E-02,+5.179500E-07,+9.910000E+37,+1.229675E+03,+3.584400E+04,+6.802496E-02,+5.179500E-07,+9.910000E+37,+1.229741E+03,+3.584400E+04,-9.376407E-03,+0.000000E+00,+9.910000E+37,+1.229808E+03,+3.584400E+04
12:56:20,0e0,+7.490012E-02,+5.779500E-07,+9.910000E+37,+1.230032E+03,+3.584400E+04,+7.576516E-02,+5.779500E-07,+9.910000E+37,+1.230099E+03,+3.584400E+04,+7.403472E-02,+5.779500E-07,+9.910000E+37,+1.230165E+03,+3.584400E+04,-9.421736E-03,+0.000000E+00,+9.910000E+37,+1.230232E+03,+3.584400E+04
12:56:20,0e0,+8.063716E-02,+6.449500E-07,+9.910000E+37,+1.230460E+03,+3.584400E+04,+8.063686E-02,+6.449500E-07,+9.910000E+37,+1.230525E+03,+3.584400E+04,+8.100095E-02,+6.449500E-07,+9.910000E+37,+1.230592E+03,+3.584400E+04,-8.647457E-03,+0.000000E+00,+9.910000E+37,+1.230658E+03,+3.584400E+04
12:56:20,0e0,+8.591810E-02,+7.197000E-07,+9.910000E+37,+1.230883E+03,+3.584400E+04,+8.655560E-02,+7.197000E-07,+9.910000E+37,+1.230950E+03,+3.584400E+04,+8.623689E-02,+7.197000E-07,+9.910000E+37,+1.231017E+03,+3.584400E+04,-9.239301E-03,+0.000000E+00,+9.910000E+37,+1.231084E+03,+3.584400E+04
12:56:20,0e0,+9.297603E-02,+8.031000E-07,+9.910000E+37,+1.231309E+03,+3.584400E+04,+9.302160E-02,+8.031000E-07,+9.910000E+37,+1.231376E+03,+3.584400E+04,+9.315738E-02,+8.031000E-07,+9.910000E+37,+1.231443E+03,+3.584400E+04,-2.426444E-02,+0.000000E+00,+9.910000E+37,+1.231511E+03,+3.584400E+04
12:56:20,0e0,+1.006697E-01,+8.961500E-07,+9.910000E+37,+1.231734E+03,+3.584400E+04,+1.000781E-01,+8.961500E-07,+9.910000E+37,+1.231801E+03,+3.584400E+04,+1.013983E-01,+8.961500E-07,+9.910000E+37,+1.231867E+03,+3.584400E+04,-1.037143E-01,+0.000000E+00,+9.910000E+37,+1.231934E+03,+3.584400E+04
12:56:20,0e0,+1.090021E-01,+1.000000E-06,+9.910000E+37,+1.232157E+03,+3.584400E+04,+1.088656E-01,+1.000000E-06,+9.910000E+37,+1.232224E+03,+3.584400E+04,+1.076358E-01,+1.000000E-06,+9.910000E+37,+1.232290E+03,+3.584400E+04,-2.447222E-01,+0.000000E+00,+9.910000E+37,+1.232356E+03,+3.584400E+04
12:56:20,0e0,+1.047221E-01,+1.116000E-06,+9.910000E+37,+1.232579E+03,+3.584400E+04,+1.035381E-01,+1.116000E-06,+9.910000E+37,+1.232646E+03,+3.584400E+04,+1.039483E-01,+1.116000E-06,+9.910000E+37,+1.232711E+03,+3.584400E+04,-7.327378E-03,+0.000000E+00,+9.910000E+37,+1.232777E+03,+3.584400E+04
12:56:20,0e0,+1.094112E-01,+1.245000E-06,+9.910000E+37,+1.233004E+03,+3.584400E+04,+1.111872E-01,+1.245000E-06,+9.910000E+37,+1.233070E+03,+3.584400E+04,+1.107318E-01,+1.245000E-06,+9.910000E+37,+1.233138E+03,+3.584400E+04,-9.786263E-03,+0.000000E+00,+9.910000E+37,+1.233203E+03,+3.584400E+04
12:56:20,0e0,+1.179720E-01,+1.389500E-06,+9.910000E+37,+1.233429E+03,+3.584400E+04,+1.180169E-01,+1.389500E-06,+9.910000E+37,+1.233495E+03,+3.584400E+04,+1.185631E-01,+1.389500E-06,+9.910000E+37,+1.233563E+03,+3.584400E+04,-9.102941E-03,+0.000000E+00,+9.910000E+37,+1.233628E+03,+3.584400E+04
12:56:20,0e0,+1.257112E-01,+1.550500E-06,+9.910000E+37,+1.233854E+03,+3.584400E+04,+1.271691E-01,+1.550500E-06,+9.910000E+37,+1.233921E+03,+3.584400E+04,+1.261666E-01,+1.550500E-06,+9.910000E+37,+1.233986E+03,+3.584400E+04,-9.148851E-03,+0.000000E+00,+9.910000E+37,+1.234053E+03,+3.584400E+04
12:56:20,0e0,+1.354552E-01,+1.730000E-06,+9.910000E+37,+1.234278E+03,+3.584400E+04,+1.347717E-01,+1.730000E-06,+9.910000E+37,+1.234345E+03,+3.584400E+04,+1.349086E-01,+1.730000E-06,+9.910000E+37,+1.234412E+03,+3.584400E+04,-9.421825E-03,+0.000000E+00,+9.910000E+37,+1.234479E+03,+3.584400E+04
12:56:20,0e0,+1.440595E-01,+1.930500E-06,+9.910000E+37,+1.234703E+03,+3.584400E+04,+1.431036E-01,+1.930500E-06,+9.910000E+37,+1.234771E+03,+3.584400E+04,+1.443335E-01,+1.930500E-06,+9.910000E+37,+1.234836E+03,+3.584400E+04,-8.192375E-03,+0.000000E+00,+9.910000E+37,+1.234902E+03,+3.584400E+04
12:56:20,0e0,+1.533939E-01,+2.154500E-06,+9.910000E+37,+1.235126E+03,+3.584400E+04,+1.522097E-01,+2.154500E-06,+9.910000E+37,+1.235193E+03,+3.584400E+04,+1.538499E-01,+2.154500E-06,+9.910000E+37,+1.235259E+03,+3.584400E+04,-9.695187E-03,+0.000000E+00,+9.910000E+37,+1.235326E+03,+3.584400E+04
12:56:20,0e0,+1.633647E-01,+2.404000E-06,+9.910000E+37,+1.235551E+03,+3.584400E+04,+1.623631E-01,+2.404000E-06,+9.910000E+37,+1.235617E+03,+3.584400E+04,+1.622718E-01,+2.404000E-06,+9.910000E+37,+1.235684E+03,+3.584400E+04,-9.786293E-03,+0.000000E+00,+9.910000E+37,+1.235750E+03,+3.584400E+04
12:56:20,0e0,+1.726525E-01,+2.682500E-06,+9.910000E+37,+1.235972E+03,+3.584400E+04,+1.720611E-01,+2.682500E-06,+9.910000E+37,+1.236038E+03,+3.584400E+04,+1.721520E-01,+2.682500E-06,+9.910000E+37,+1.236105E+03,+3.584400E+04,-8.511022E-03,+0.000000E+00,+9.910000E+37,+1.236173E+03,+3.584400E+04
12:56:20,0e0,+1.845815E-01,+2.993500E-06,+9.910000E+37,+1.236398E+03,+3.584400E+04,+1.832153E-01,+2.993500E-06,+9.910000E+37,+1.236466E+03,+3.584400E+04,+1.831702E-01,+2.993500E-06,+9.910000E+37,+1.236531E+03,+3.584400E+04,-9.102747E-03,+0.000000E+00,+9.910000E+37,+1.236598E+03,+3.584400E+04
12:56:20,0e0,+1.944157E-01,+3.340500E-06,+9.910000E+37,+1.236823E+03,+3.584400E+04,+1.949624E-01,+3.340500E-06,+9.910000E+37,+1.236889E+03,+3.584400E+04,+1.969658E-01,+3.340500E-06,+9.910000E+37,+1.236955E+03,+3.584400E+04,-1.005912E-02,+0.000000E+00,+9.910000E+37,+1.237022E+03,+3.584400E+04
12:56:20,0e0,+2.086220E-01,+3.727500E-06,+9.910000E+37,+1.237247E+03,+3.584400E+04,+2.065732E-01,+3.727500E-06,+9.910000E+37,+1.237313E+03,+3.584400E+04,+2.068003E-01,+3.727500E-06,+9.910000E+37,+1.237381E+03,+3.584400E+04,-9.603485E-03,+0.000000E+00,+9.910000E+37,+1.237448E+03,+3.584400E+04
12:56:20,0e0,+2.201868E-01,+4.159500E-06,+9.910000E+37,+1.237675E+03,+3.584400E+04,+2.188653E-01,+4.159500E-06,+9.910000E+37,+1.237741E+03,+3.584400E+04,+2.194574E-01,+4.159500E-06,+9.910000E+37,+1.237809E+03,+3.584400E+04,-9.057462E-03,+0.000000E+00,+9.910000E+37,+1.237876E+03,+3.584400E+04
12:56:20,0e0,+2.339363E-01,+4.641500E-06,+9.910000E+37,+1.238100E+03,+3.584400E+04,+2.335718E-01,+4.641500E-06,+9.910000E+37,+1.238166E+03,+3.584400E+04,+2.325699E-01,+4.641500E-06,+9.910000E+37,+1.238232E+03,+3.584400E+04,-8.419752E-03,+0.000000E+00,+9.910000E+37,+1.238299E+03,+3.584400E+04
12:56:20,0e0,+2.476864E-01,+5.179500E-06,+9.910000E+37,+1.238523E+03,+3.584400E+04,+2.469119E-01,+5.179500E-06,+9.910000E+37,+1.238589E+03,+3.584400E+04,+2.465935E-01,+5.179500E-06,+9.910000E+37,+1.238655E+03,+3.584400E+04,-9.831667E-03,+0.000000E+00,+9.910000E+37,+1.238723E+03,+3.584400E+04
12:56:20,0e0,+2.617999E-01,+5.779500E-06,+9.910000E+37,+1.238944E+03,+3.584400E+04,+2.628470E-01,+5.779500E-06,+9.910000E+37,+1.239011E+03,+3.584400E+04,+2.626656E-01,+5.779500E-06,+9.910000E+37,+1.239077E+03,+3.584400E+04,-1.001361E-02,+0.000000E+00,+9.910000E+37,+1.239145E+03,+3.584400E+04
12:56:20,0e0,+2.782373E-01,+6.449500E-06,+9.910000E+37,+1.239370E+03,+3.584400E+04,+2.765517E-01,+6.449500E-06,+9.910000E+37,+1.239437E+03,+3.584400E+04,+2.781000E-01,+6.449500E-06,+9.910000E+37,+1.239503E+03,+3.584400E+04,-1.092462E-02,+0.000000E+00,+9.910000E+37,+1.239570E+03,+3.584400E+04
12:56:20,0e0,+2.953562E-01,+7.197000E-06,+9.910000E+37,+1.239796E+03,+3.584400E+04,+2.948101E-01,+7.197000E-06,+9.910000E+37,+1.239863E+03,+3.584400E+04,+2.944456E-01,+7.197000E-06,+9.910000E+37,+1.239929E+03,+3.584400E+04,-1.106097E-02,+0.000000E+00,+9.910000E+37,+1.239995E+03,+3.584400E+04
12:56:20,0e0,+3.119296E-01,+8.031000E-06,+9.910000E+37,+1.240221E+03,+3.584400E+04,+3.115192E-01,+8.031000E-06,+9.910000E+37,+1.240288E+03,+3.584400E+04,+3.117011E-01,+8.031000E-06,+9.910000E+37,+1.240354E+03,+3.584400E+04,-3.969909E-02,+0.000000E+00,+9.910000E+37,+1.240421E+03,+3.584400E+04
12:56:20,0e0,+3.302317E-01,+8.961500E-06,+9.910000E+37,+1.240647E+03,+3.584400E+04,+3.286831E-01,+8.961500E-06,+9.910000E+37,+1.240713E+03,+3.584400E+04,+3.295035E-01,+8.961500E-06,+9.910000E+37,+1.240779E+03,+3.584400E+04,-1.145049E-01,+0.000000E+00,+9.910000E+37,+1.240846E+03,+3.584400E+04
12:56:20,0e0,+3.491725E-01,+1.000000E-05,+9.910000E+37,+1.241067E+03,+3.584400E+04,+3.476241E-01,+1.000000E-05,+9.910000E+37,+1.241135E+03,+3.584400E+04,+3.488526E-01,+1.000000E-05,+9.910000E+37,+1.241200E+03,+3.584400E+04,-2.600667E-01,+0.000000E+00,+9.910000E+37,+1.241267E+03,+3.584400E+04
12:56:20,0e0,+3.561840E-01,+1.116000E-05,+9.910000E+37,+1.241485E+03,+3.584400E+04,+3.565943E-01,+1.116000E-05,+9.910000E+37,+1.241551E+03,+3.584400E+04,+3.555016E-01,+1.116000E-05,+9.910000E+37,+1.241617E+03,+3.584400E+04,-1.224491E-02,+0.000000E+00,+9.910000E+37,+1.241684E+03,+3.584400E+04
12:56:20,0e0,+3.752610E-01,+1.245000E-05,+9.910000E+37,+1.241903E+03,+3.584400E+04,+3.761718E-01,+1.245000E-05,+9.910000E+37,+1.241971E+03,+3.584400E+04,+3.760360E-01,+1.245000E-05,+9.910000E+37,+1.242036E+03,+3.584400E+04,-1.156160E-02,+0.000000E+00,+9.910000E+37,+1.242104E+03,+3.584400E+04
12:56:20,0e0,+3.944744E-01,+1.389500E-05,+9.910000E+37,+1.242323E+03,+3.584400E+04,+3.956144E-01,+1.389500E-05,+9.910000E+37,+1.242390E+03,+3.584400E+04,+3.958867E-01,+1.389500E-05,+9.910000E+37,+1.242456E+03,+3.584400E+04,-1.128806E-02,+0.000000E+00,+9.910000E+37,+1.242525E+03,+3.584400E+04
12:56:20,0e0,+4.156458E-01,+1.550500E-05,+9.910000E+37,+1.242745E+03,+3.584400E+04,+4.170132E-01,+1.550500E-05,+9.910000E+37,+1.242813E+03,+3.584400E+04,+4.161940E-01,+1.550500E-05,+9.910000E+37,+1.242878E+03,+3.584400E+04,-1.028693E-02,+0.000000E+00,+9.910000E+37,+1.242950E+03,+3.584400E+04
12:56:20,0e0,+4.386397E-01,+1.730000E-05,+9.910000E+37,+1.243171E+03,+3.584400E+04,+4.373182E-01,+1.730000E-05,+9.910000E+37,+1.243238E+03,+3.584400E+04,+4.381384E-01,+1.730000E-05,+9.910000E+37,+1.243304E+03,+3.584400E+04,-1.188061E-02,+0.000000E+00,+9.910000E+37,+1.243375E+03,+3.584400E+04
12:56:20,0e0,+4.609489E-01,+1.930500E-05,+9.910000E+37,+1.243596E+03,+3.584400E+04,+4.604491E-01,+1.930500E-05,+9.910000E+37,+1.243662E+03,+3.584400E+04,+4.596732E-01,+1.930500E-05,+9.910000E+37,+1.243729E+03,+3.584400E+04,-1.210825E-02,+0.000000E+00,+9.910000E+37,+1.243801E+03,+3.584400E+04
12:56:20,0e0,+4.838048E-01,+2.154500E-05,+9.910000E+37,+1.244017E+03,+3.584400E+04,+4.834409E-01,+2.154500E-05,+9.910000E+37,+1.244082E+03,+3.584400E+04,+4.828941E-01,+2.154500E-05,+9.910000E+37,+1.244148E+03,+3.584400E+04,-1.115179E-02,+0.000000E+00,+9.910000E+37,+1.244216E+03,+3.584400E+04
12:56:20,0e0,+5.082547E-01,+2.404000E-05,+9.910000E+37,+1.244429E+03,+3.584400E+04,+5.070712E-01,+2.404000E-05,+9.910000E+37,+1.244496E+03,+3.584400E+04,+5.071620E-01,+2.404000E-05,+9.910000E+37,+1.244562E+03,+3.584400E+04,-1.192634E-02,+0.000000E+00,+9.910000E+37,+1.244629E+03,+3.584400E+04
12:56:20,0e0,+5.321568E-01,+2.682500E-05,+9.910000E+37,+1.244842E+03,+3.584400E+04,+5.316570E-01,+2.682500E-05,+9.910000E+37,+1.244909E+03,+3.584400E+04,+5.323856E-01,+2.682500E-05,+9.910000E+37,+1.244977E+03,+3.584400E+04,-1.128833E-02,+0.000000E+00,+9.910000E+37,+1.245042E+03,+3.584400E+04
12:56:20,0e0,+5.581560E-01,+2.993500E-05,+9.910000E+37,+1.245259E+03,+3.584400E+04,+5.577910E-01,+2.993500E-05,+9.910000E+37,+1.245324E+03,+3.584400E+04,+5.566059E-01,+2.993500E-05,+9.910000E+37,+1.245391E+03,+3.584400E+04,-1.156148E-02,+0.000000E+00,+9.910000E+37,+1.245458E+03,+3.584400E+04
12:56:20,0e0,+5.838790E-01,+3.340500E-05,+9.910000E+37,+1.245673E+03,+3.584400E+04,+5.850178E-01,+3.340500E-05,+9.910000E+37,+1.245740E+03,+3.584400E+04,+5.841997E-01,+3.340500E-05,+9.910000E+37,+1.245806E+03,+3.584400E+04,-1.288252E-02,+0.000000E+00,+9.910000E+37,+1.245876E+03,+3.584400E+04
12:56:20,0e0,+6.120178E-01,+3.727500E-05,+9.910000E+37,+1.246099E+03,+3.584400E+04,+6.120639E-01,+3.727500E-05,+9.910000E+37,+1.246166E+03,+3.584400E+04,+6.117902E-01,+3.727500E-05,+9.910000E+37,+1.246231E+03,+3.584400E+04,-1.069658E-02,+0.000000E+00,+9.910000E+37,+1.246300E+03,+3.584400E+04
12:56:20,0e0,+6.398823E-01,+4.159500E-05,+9.910000E+37,+1.246518E+03,+3.584400E+04,+6.409292E-01,+4.159500E-05,+9.910000E+37,+1.246584E+03,+3.584400E+04,+6.407918E-01,+4.159500E-05,+9.910000E+37,+1.246651E+03,+3.584400E+04,-1.087840E-02,+0.000000E+00,+9.910000E+37,+1.246722E+03,+3.584400E+04
12:56:20,0e0,+6.697484E-01,+4.641500E-05,+9.910000E+37,+1.246944E+03,+3.584400E+04,+6.708419E-01,+4.641500E-05,+9.910000E+37,+1.247012E+03,+3.584400E+04,+6.712967E-01,+4.641500E-05,+9.910000E+37,+1.247077E+03,+3.584400E+04,-1.329215E-02,+0.000000E+00,+9.910000E+37,+1.247145E+03,+3.584400E+04
12:56:20,0e0,+7.000710E-01,+5.179500E-05,+9.910000E+37,+1.247366E+03,+3.584400E+04,+7.008927E-01,+5.179500E-05,+9.910000E+37,+1.247434E+03,+3.584400E+04,+7.008001E-01,+5.179500E-05,+9.910000E+37,+1.247499E+03,+3.584400E+04,-1.106046E-02,+0.000000E+00,+9.910000E+37,+1.247571E+03,+3.584400E+04
12:56:20,0e0,+7.332633E-01,+5.779500E-05,+9.910000E+37,+1.247790E+03,+3.584400E+04,+7.321701E-01,+5.779500E-05,+9.910000E+37,+1.247856E+03,+3.584400E+04,+7.318500E-01,+5.779500E-05,+9.910000E+37,+1.247924E+03,+3.584400E+04,-1.069625E-02,+0.000000E+00,+9.910000E+37,+1.247993E+03,+3.584400E+04
12:56:20,0e0,+7.649996E-01,+6.449500E-05,+9.910000E+37,+1.248215E+03,+3.584400E+04,+7.653154E-01,+6.449500E-05,+9.910000E+37,+1.248281E+03,+3.584400E+04,+7.639040E-01,+6.449500E-05,+9.910000E+37,+1.248349E+03,+3.584400E+04,-1.183462E-02,+0.000000E+00,+9.910000E+37,+1.248421E+03,+3.584400E+04
12:56:20,0e0,+7.975049E-01,+7.197000E-05,+9.910000E+37,+1.248643E+03,+3.584400E+04,+7.964113E-01,+7.197000E-05,+9.910000E+37,+1.248708E+03,+3.584400E+04,+7.974600E-01,+7.197000E-05,+9.910000E+37,+1.248774E+03,+3.584400E+04,-1.001365E-02,+0.000000E+00,+9.910000E+37,+1.248847E+03,+3.584400E+04
12:56:20,0e0,+8.318347E-01,+8.031000E-05,+9.910000E+37,+1.249068E+03,+3.584400E+04,+8.322456E-01,+8.031000E-05,+9.910000E+37,+1.249136E+03,+3.584400E+04,+8.324277E-01,+8.031000E-05,+9.910000E+37,+1.249201E+03,+3.584400E+04,-1.283675E-02,+0.000000E+00,+9.910000E+37,+1.249271E+03,+3.584400E+04
12:56:20,0e0,+8.689448E-01,+8.961500E-05,+9.910000E+37,+1.249495E+03,+3.584400E+04,+8.684417E-01,+8.961500E-05,+9.910000E+37,+1.249561E+03,+3.584400E+04,+8.680339E-01,+8.961500E-05,+9.910000E+37,+1.249627E+03,+3.584400E+04,-2.130491E-02,+0.000000E+00,+9.910000E+37,+1.249695E+03,+3.584400E+04
12:56:20,0e0,+9.034522E-01,+1.000000E-04,+9.910000E+37,+1.249915E+03,+3.584400E+04,+9.040468E-01,+1.000000E-04,+9.910000E+37,+1.249980E+03,+3.584400E+04,+9.048202E-01,+1.000000E-04,+9.910000E+37,+1.250047E+03,+3.584400E+04,-1.206282E-02,+0.000000E+00,+9.910000E+37,+1.250119E+03,+3.584400E+04
12:56:20,0e0,+9.296778E-01,+1.116000E-04,+9.910000E+37,+1.250340E+03,+3.584400E+04,+9.314575E-01,+1.116000E-04,+9.910000E+37,+1.250405E+03,+3.584400E+04,+9.291322E-01,+1.116000E-04,+9.910000E+37,+1.250473E+03,+3.584400E+04,-2.458335E-02,+0.000000E+00,+9.910000E+37,+1.250540E+03,+3.584400E+04
12:56:20,0e0,+9.697467E-01,+1.245000E-04,+9.910000E+37,+1.250769E+03,+3.584400E+04,+9.657843E-01,+1.245000E-04,+9.910000E+37,+1.250834E+03,+3.584400E+04,+9.675158E-01,+1.245000E-04,+9.910000E+37,+1.250901E+03,+3.584400E+04,-2.526648E-02,+0.000000E+00,+9.910000E+37,+1.250967E+03,+3.584400E+04
12:56:20,0e0,+1.006487E+00,+1.389500E-04,+9.910000E+37,+1.251193E+03,+3.584400E+04,+1.006809E+00,+1.389500E-04,+9.910000E+37,+1.251260E+03,+3.584400E+04,+1.007263E+00,+1.389500E-04,+9.910000E+37,+1.251327E+03,+3.584400E+04,-2.608608E-02,+0.000000E+00,+9.910000E+37,+1.251393E+03,+3.584400E+04
12:56:20,0e0,+1.045782E+00,+1.550500E-04,+9.910000E+37,+1.251617E+03,+3.584400E+04,+1.045780E+00,+1.550500E-04,+9.910000E+37,+1.251684E+03,+3.584400E+04,+1.046054E+00,+1.550500E-04,+9.910000E+37,+1.251751E+03,+3.584400E+04,-2.690548E-02,+0.000000E+00,+9.910000E+37,+1.251816E+03,+3.584400E+04
12:56:20,0e0,+1.086894E+00,+1.730000E-04,+9.910000E+37,+1.252040E+03,+3.584400E+04,+1.085071E+00,+1.730000E-04,+9.910000E+37,+1.252105E+03,+3.584400E+04,+1.086392E+00,+1.730000E-04,+9.910000E+37,+1.252173E+03,+3.584400E+04,-2.567580E-02,+0.000000E+00,+9.910000E+37,+1.252238E+03,+3.584400E+04
12:56:20,0e0,+1.128509E+00,+1.930500E-04,+9.910000E+37,+1.252460E+03,+3.584400E+04,+1.127644E+00,+1.930500E-04,+9.910000E+37,+1.252526E+03,+3.584400E+04,+1.129465E+00,+1.930500E-04,+9.910000E+37,+1.252594E+03,+3.584400E+04,-2.672334E-02,+0.000000E+00,+9.910000E+37,+1.252659E+03,+3.584400E+04
12:56:20,0e0,+1.171308E+00,+2.154500E-04,+9.910000E+37,+1.252883E+03,+3.584400E+04,+1.172446E+00,+2.154500E-04,+9.910000E+37,+1.252948E+03,+3.584400E+04,+1.172037E+00,+2.154500E-04,+9.910000E+37,+1.253016E+03,+3.584400E+04,-2.708779E-02,+0.000000E+00,+9.910000E+37,+1.253081E+03,+3.584400E+04
12:56:20,0e0,+1.216063E+00,+2.404000E-04,+9.910000E+37,+1.253308E+03,+3.584400E+04,+1.214924E+00,+2.404000E-04,+9.910000E+37,+1.253375E+03,+3.584400E+04,+1.214468E+00,+2.404000E-04,+9.910000E+37,+1.253440E+03,+3.584400E+04,-2.572151E-02,+0.000000E+00,+9.910000E+37,+1.253508E+03,+3.584400E+04
12:56:20,0e0,+1.259544E+00,+2.682500E-04,+9.910000E+37,+1.253729E+03,+3.584400E+04,+1.259590E+00,+2.682500E-04,+9.910000E+37,+1.253795E+03,+3.584400E+04,+1.259179E+00,+2.682500E-04,+9.910000E+37,+1.253862E+03,+3.584400E+04,-2.617656E-02,+0.000000E+00,+9.910000E+37,+1.253929E+03,+3.584400E+04
12:56:20,0e0,+1.305073E+00,+2.993500E-04,+9.910000E+37,+1.254156E+03,+3.584400E+04,+1.303842E+00,+2.993500E-04,+9.910000E+37,+1.254224E+03,+3.584400E+04,+1.303616E+00,+2.993500E-04,+9.910000E+37,+1.254289E+03,+3.584400E+04,-2.622251E-02,+0.000000E+00,+9.910000E+37,+1.254355E+03,+3.584400E+04
12:56:20,0e0,+1.350514E+00,+3.340500E-04,+9.910000E+37,+1.254582E+03,+3.584400E+04,+1.349829E+00,+3.340500E-04,+9.910000E+37,+1.254648E+03,+3.584400E+04,+1.352152E+00,+3.340500E-04,+9.910000E+37,+1.254716E+03,+3.584400E+04,-2.590370E-02,+0.000000E+00,+9.910000E+37,+1.254781E+03,+3.584400E+04
12:56:20,0e0,+1.397002E+00,+3.727500E-04,+9.910000E+37,+1.255009E+03,+3.584400E+04,+1.396679E+00,+3.727500E-04,+9.910000E+37,+1.255076E+03,+3.584400E+04,+1.398460E+00,+3.727500E-04,+9.910000E+37,+1.255142E+03,+3.584400E+04,-2.713348E-02,+0.000000E+00,+9.910000E+37,+1.255209E+03,+3.584400E+04
12:56:20,0e0,+1.443756E+00,+4.159500E-04,+9.910000E+37,+1.255433E+03,+3.584400E+04,+1.444442E+00,+4.159500E-04,+9.910000E+37,+1.255499E+03,+3.584400E+04,+1.443989E+00,+4.159500E-04,+9.910000E+37,+1.255565E+03,+3.584400E+04,-2.490212E-02,+0.000000E+00,+9.910000E+37,+1.255632E+03,+3.584400E+04
12:56:20,0e0,+1.491837E+00,+4.641500E-04,+9.910000E+37,+1.255854E+03,+3.584400E+04,+1.492112E+00,+4.641500E-04,+9.910000E+37,+1.255921E+03,+3.584400E+04,+1.492842E+00,+4.641500E-04,+9.910000E+37,+1.255987E+03,+3.584400E+04,-2.631362E-02,+0.000000E+00,+9.910000E+37,+1.256055E+03,+3.584400E+04
12:56:20,0e0,+1.539010E+00,+5.179500E-04,+9.910000E+37,+1.256279E+03,+3.584400E+04,+1.539368E+00,+5.179500E-04,+9.910000E+37,+1.256347E+03,+3.584400E+04,+1.540328E+00,+5.179500E-04,+9.910000E+37,+1.256413E+03,+3.584400E+04,-2.667756E-02,+0.000000E+00,+9.910000E+37,+1.256480E+03,+3.584400E+04
12:56:20,0e0,+1.588089E+00,+5.779500E-04,+9.910000E+37,+1.256701E+03,+3.584400E+04,+1.588678E+00,+5.779500E-04,+9.910000E+37,+1.256769E+03,+3.584400E+04,+1.589090E+00,+5.779500E-04,+9.910000E+37,+1.256835E+03,+3.584400E+04,-2.704220E-02,+0.000000E+00,+9.910000E+37,+1.256901E+03,+3.584400E+04
12:56:20,0e0,+1.639400E+00,+6.449500E-04,+9.910000E+37,+1.257128E+03,+3.584400E+04,+1.637258E+00,+6.449500E-04,+9.910000E+37,+1.257194E+03,+3.584400E+04,+1.638718E+00,+6.449500E-04,+9.910000E+37,+1.257262E+03,+3.584400E+04,-2.663195E-02,+0.000000E+00,+9.910000E+37,+1.257327E+03,+3.584400E+04
12:56:20,0e0,+1.689438E+00,+7.197000E-04,+9.910000E+37,+1.257553E+03,+3.584400E+04,+1.689077E+00,+7.197000E-04,+9.910000E+37,+1.257618E+03,+3.584400E+04,+1.687979E+00,+7.197000E-04,+9.910000E+37,+1.257686E+03,+3.584400E+04,-2.572177E-02,+0.000000E+00,+9.910000E+37,+1.257751E+03,+3.584400E+04
12:56:20,0e0,+1.740248E+00,+8.031000E-04,+9.910000E+37,+1.257973E+03,+3.584400E+04,+1.740386E+00,+8.031000E-04,+9.910000E+37,+1.258039E+03,+3.584400E+04,+1.739750E+00,+8.031000E-04,+9.910000E+37,+1.258106E+03,+3.584400E+04,-3.154990E-02,+0.000000E+00,+9.910000E+37,+1.258172E+03,+3.584400E+04
12:56:20,0e0,+1.791971E+00,+8.961500E-04,+9.910000E+37,+1.258394E+03,+3.584400E+04,+1.790649E+00,+8.961500E-04,+9.910000E+37,+1.258460E+03,+3.584400E+04,+1.790787E+00,+8.961500E-04,+9.910000E+37,+1.258527E+03,+3.584400E+04,-4.447997E-02,+0.000000E+00,+9.910000E+37,+1.258593E+03,+3.584400E+04
12:56:20,0e0,+1.843964E+00,+1.000000E-03,+9.910000E+37,+1.258815E+03,+3.584400E+04,+1.843965E+00,+1.000000E-03,+9.910000E+37,+1.258882E+03,+3.584400E+04,+1.843921E+00,+1.000000E-03,+9.910000E+37,+1.258949E+03,+3.584400E+04,-7.275416E-02,+0.000000E+00,+9.910000E+37,+1.259015E+03,+3.584400E+04
12:56:20,0e0,+1.883255E+00,+1.116000E-03,+9.910000E+37,+1.259240E+03,+3.584400E+04,+1.884989E+00,+1.116000E-03,+9.910000E+37,+1.259307E+03,+3.584400E+04,+1.884171E+00,+1.116000E-03,+9.910000E+37,+1.259374E+03,+3.584400E+04,-1.300493E+00,+0.000000E+00,+9.910000E+37,+1.259439E+03,+3.584400E+04
12:56:20,0e0,+1.936251E+00,+1.245000E-03,+9.910000E+37,+1.259665E+03,+3.584400E+04,+1.937253E+00,+1.245000E-03,+9.910000E+37,+1.259732E+03,+3.584400E+04,+1.937897E+00,+1.245000E-03,+9.910000E+37,+1.259798E+03,+3.584400E+04,-1.294664E+00,+0.000000E+00,+9.910000E+37,+1.259864E+03,+3.584400E+04
12:56:20,0e0,+1.991986E+00,+1.389500E-03,+9.910000E+37,+1.260085E+03,+3.584400E+04,+1.990714E+00,+1.389500E-03,+9.910000E+37,+1.260152E+03,+3.584400E+04,+1.991898E+00,+1.389500E-03,+9.910000E+37,+1.260218E+03,+3.584400E+04,-1.315516E+00,+0.000000E+00,+9.910000E+37,+1.260284E+03,+3.584400E+04
12:56:20,0e0,+2.046438E+00,+1.550500E-03,+9.910000E+37,+1.260506E+03,+3.584400E+04,+2.046526E+00,+1.550500E-03,+9.910000E+37,+1.260573E+03,+3.584400E+04,+2.045207E+00,+1.550500E-03,+9.910000E+37,+1.260639E+03,+3.584400E+04,-1.285283E+00,+0.000000E+00,+9.910000E+37,+1.260705E+03,+3.584400E+04
12:56:20,0e0,+2.102528E+00,+1.730000E-03,+9.910000E+37,+1.260928E+03,+3.584400E+04,+2.101254E+00,+1.730000E-03,+9.910000E+37,+1.260993E+03,+3.584400E+04,+2.102117E+00,+1.730000E-03,+9.910000E+37,+1.261061E+03,+3.584400E+04,-1.303997E+00,+0.000000E+00,+9.910000E+37,+1.261126E+03,+3.584400E+04
12:56:20,0e0,+2.160626E+00,+1.930500E-03,+9.910000E+37,+1.261354E+03,+3.584400E+04,+2.159762E+00,+1.930500E-03,+9.910000E+37,+1.261421E+03,+3.584400E+04,+2.159121E+00,+1.930500E-03,+9.910000E+37,+1.261488E+03,+3.584400E+04,-1.268025E+00,+0.000000E+00,+9.910000E+37,+1.261554E+03,+3.584400E+04
12:56:20,0e0,+2.219456E+00,+2.154500E-03,+9.910000E+37,+1.261773E+03,+3.584400E+04,+2.218721E+00,+2.154500E-03,+9.910000E+37,+1.261840E+03,+3.584400E+04,+2.218589E+00,+2.154500E-03,+9.910000E+37,+1.261907E+03,+3.584400E+04,-1.298715E+00,+0.000000E+00,+9.910000E+37,+1.261973E+03,+3.584400E+04
12:56:20,0e0,+2.279637E+00,+2.404000E-03,+9.910000E+37,+1.262198E+03,+3.584400E+04,+2.279501E+00,+2.404000E-03,+9.910000E+37,+1.262265E+03,+3.584400E+04,+2.279830E+00,+2.404000E-03,+9.910000E+37,+1.262332E+03,+3.584400E+04,-1.335142E+00,+0.000000E+00,+9.910000E+37,+1.262397E+03,+3.584400E+04
12:56:20,0e0,+2.342296E+00,+2.682500E-03,+9.910000E+37,+1.262623E+03,+3.584400E+04,+2.342474E+00,+2.682500E-03,+9.910000E+37,+1.262688E+03,+3.584400E+04,+2.341834E+00,+2.682500E-03,+9.910000E+37,+1.262755E+03,+3.584400E+04,-1.259056E+00,+0.000000E+00,+9.910000E+37,+1.262822E+03,+3.584400E+04
12:56:20,0e0,+2.406625E+00,+2.993500E-03,+9.910000E+37,+1.263049E+03,+3.584400E+04,+2.405947E+00,+2.993500E-03,+9.910000E+37,+1.263116E+03,+3.584400E+04,+2.405441E+00,+2.993500E-03,+9.910000E+37,+1.263182E+03,+3.584400E+04,-1.305044E+00,+0.000000E+00,+9.910000E+37,+1.263248E+03,+3.584400E+04
12:56:20,0e0,+2.472324E+00,+3.340500E-03,+9.910000E+37,+1.263476E+03,+3.584400E+04,+2.471870E+00,+3.340500E-03,+9.910000E+37,+1.263542E+03,+3.584400E+04,+2.471550E+00,+3.340500E-03,+9.910000E+37,+1.263609E+03,+3.584400E+04,-1.308140E+00,+0.000000E+00,+9.910000E+37,+1.263677E+03,+3.584400E+04
12:56:20,0e0,+2.540758E+00,+3.727500E-03,+9.910000E+37,+1.263899E+03,+3.584400E+04,+2.539433E+00,+3.727500E-03,+9.910000E+37,+1.263966E+03,+3.584400E+04,+2.540573E+00,+3.727500E-03,+9.910000E+37,+1.264032E+03,+3.584400E+04,-1.299852E+00,+0.000000E+00,+9.910000E+37,+1.264100E+03,+3.584400E+04
12:56:20,0e0,+2.609866E+00,+4.159500E-03,+9.910000E+37,+1.264319E+03,+3.584400E+04,+2.610511E+00,+4.159500E-03,+9.910000E+37,+1.264386E+03,+3.584400E+04,+2.611278E+00,+4.159500E-03,+9.910000E+37,+1.264453E+03,+3.584400E+04,-1.283508E+00,+0.000000E+00,+9.910000E+37,+1.264519E+03,+3.584400E+04
12:56:20,0e0,+2.684133E+00,+4.641500E-03,+9.910000E+37,+1.264740E+03,+3.584400E+04,+2.683632E+00,+4.641500E-03,+9.910000E+37,+1.264808E+03,+3.584400E+04,+2.683812E+00,+4.641500E-03,+9.910000E+37,+1.264875E+03,+3.584400E+04,-1.322303E+00,+0.000000E+00,+9.910000E+37,+1.264940E+03,+3.584400E+04
12:56:20,0e0,+2.759569E+00,+5.179500E-03,+9.910000E+37,+1.265165E+03,+3.584400E+04,+2.757477E+00,+5.179500E-03,+9.910000E+37,+1.265231E+03,+3.584400E+04,+2.758116E+00,+5.179500E-03,+9.910000E+37,+1.265299E+03,+3.584400E+04,-1.305681E+00,+0.000000E+00,+9.910000E+37,+1.265364E+03,+3.584400E+04
12:56:20,0e0,+2.838160E+00,+5.779500E-03,+9.910000E+37,+1.265586E+03,+3.584400E+04,+2.837064E+00,+5.779500E-03,+9.910000E+37,+1.265651E+03,+3.584400E+04,+2.837206E+00,+5.779500E-03,+9.910000E+37,+1.265718E+03,+3.584400E+04,-1.312419E+00,+0.000000E+00,+9.910000E+37,+1.265785E+03,+3.584400E+04
12:56:20,0e0,+2.916828E+00,+6.449500E-03,+9.910000E+37,+1.266011E+03,+3.584400E+04,+2.919791E+00,+6.449500E-03,+9.910000E+37,+1.266078E+03,+3.584400E+04,+2.917376E+00,+6.449500E-03,+9.910000E+37,+1.266144E+03,+3.584400E+04,-1.316654E+00,+0.000000E+00,+9.910000E+37,+1.266210E+03,+3.584400E+04
12:56:20,0e0,+3.001013E+00,+7.197000E-03,+9.910000E+37,+1.266436E+03,+3.584400E+04,+3.003479E+00,+7.197000E-03,+9.910000E+37,+1.266502E+03,+3.584400E+04,+3.002662E+00,+7.197000E-03,+9.910000E+37,+1.266568E+03,+3.584400E+04,-1.294890E+00,+0.000000E+00,+9.910000E+37,+1.266635E+03,+3.584400E+04
12:56:20,0e0,+3.090939E+00,+8.031000E-03,+9.910000E+37,+1.266854E+03,+3.584400E+04,+3.090438E+00,+8.031000E-03,+9.910000E+37,+1.266922E+03,+3.584400E+04,+3.089985E+00,+8.031000E-03,+9.910000E+37,+1.266987E+03,+3.584400E+04,-1.265520E+00,+0.000000E+00,+9.910000E+37,+1.267053E+03,+3.584400E+04
12:56:20,0e0,+3.181002E+00,+8.961500E-03,+9.910000E+37,+1.267274E+03,+3.584400E+04,+3.182046E+00,+8.961500E-03,+9.910000E+37,+1.267342E+03,+3.584400E+04,+3.181266E+00,+8.961500E-03,+9.910000E+37,+1.267407E+03,+3.584400E+04,-1.262289E+00,+0.000000E+00,+9.910000E+37,+1.267474E+03,+3.584400E+04
