11:38:11,0e0,+6.013125E-03,+1.000000E-07,+9.910000E+37,+1.278705E+03,+3.584400E+04,+6.696463E-03,+1.000000E-07,+9.910000E+37,+1.278772E+03,+3.584400E+04,+7.152081E-03,+1.000000E-07,+9.910000E+37,+1.278839E+03,+3.584400E+04,-8.282617E-03,+0.000000E+00,+9.910000E+37,+1.278906E+03,+3.584400E+04
11:38:11,0e0,+8.244574E-03,+1.116000E-07,+9.910000E+37,+1.279131E+03,+3.584400E+04,+7.515758E-03,+1.116000E-07,+9.910000E+37,+1.279198E+03,+3.584400E+04,+8.016631E-03,+1.116000E-07,+9.910000E+37,+1.279264E+03,+3.584400E+04,-9.056941E-03,+0.000000E+00,+9.910000E+37,+1.279330E+03,+3.584400E+04
11:38:11,0e0,+1.129510E-02,+1.245000E-07,+9.910000E+37,+1.279557E+03,+3.584400E+04,+1.056658E-02,+1.245000E-07,+9.910000E+37,+1.279624E+03,+3.584400E+04,+1.065762E-02,+1.245000E-07,+9.910000E+37,+1.279689E+03,+3.584400E+04,-8.783743E-03,+0.000000E+00,+9.910000E+37,+1.279756E+03,+3.584400E+04
11:38:11,0e0,+1.375352E-02,+1.389500E-07,+9.910000E+37,+1.279980E+03,+3.584400E+04,+1.238729E-02,+1.389500E-07,+9.910000E+37,+1.280047E+03,+3.584400E+04,+1.256989E-02,+1.389500E-07,+9.910000E+37,+1.280113E+03,+3.584400E+04,-9.057105E-03,+0.000000E+00,+9.910000E+37,+1.280180E+03,+3.584400E+04
11:38:11,0e0,+1.511937E-02,+1.550500E-07,+9.910000E+37,+1.280404E+03,+3.584400E+04,+1.443630E-02,+1.550500E-07,+9.910000E+37,+1.280471E+03,+3.584400E+04,+1.589361E-02,+1.550500E-07,+9.910000E+37,+1.280537E+03,+3.584400E+04,-8.829102E-03,+0.000000E+00,+9.910000E+37,+1.280604E+03,+3.584400E+04
11:38:11,0e0,+1.903506E-02,+1.730000E-07,+9.910000E+37,+1.280830E+03,+3.584400E+04,+1.698631E-02,+1.730000E-07,+9.910000E+37,+1.280897E+03,+3.584400E+04,+1.876236E-02,+1.730000E-07,+9.910000E+37,+1.280965E+03,+3.584400E+04,-8.100405E-03,+0.000000E+00,+9.910000E+37,+1.281031E+03,+3.584400E+04
11:38:11,0e0,+2.222227E-02,+1.930500E-07,+9.910000E+37,+1.281256E+03,+3.584400E+04,+2.062823E-02,+1.930500E-07,+9.910000E+37,+1.281322E+03,+3.584400E+04,+2.099282E-02,+1.930500E-07,+9.910000E+37,+1.281389E+03,+3.584400E+04,-8.328587E-03,+0.000000E+00,+9.910000E+37,+1.281456E+03,+3.584400E+04
11:38:11,0e0,+2.404322E-02,+2.154500E-07,+9.910000E+37,+1.281682E+03,+3.584400E+04,+2.609235E-02,+2.154500E-07,+9.910000E+37,+1.281748E+03,+3.584400E+04,+2.540940E-02,+2.154500E-07,+9.910000E+37,+1.281814E+03,+3.584400E+04,-8.738205E-03,+0.000000E+00,+9.910000E+37,+1.281881E+03,+3.584400E+04
11:38:11,0e0,+2.927956E-02,+2.404000E-07,+9.910000E+37,+1.282105E+03,+3.584400E+04,+2.914330E-02,+2.404000E-07,+9.910000E+37,+1.282172E+03,+3.584400E+04,+2.946121E-02,+2.404000E-07,+9.910000E+37,+1.282238E+03,+3.584400E+04,-7.918701E-03,+0.000000E+00,+9.910000E+37,+1.282306E+03,+3.584400E+04
11:38:11,0e0,+3.378701E-02,+2.682500E-07,+9.910000E+37,+1.282530E+03,+3.584400E+04,+3.542641E-02,+2.682500E-07,+9.910000E+37,+1.282597E+03,+3.584400E+04,+3.478873E-02,+2.682500E-07,+9.910000E+37,+1.282663E+03,+3.584400E+04,-7.281229E-03,+0.000000E+00,+9.910000E+37,+1.282730E+03,+3.584400E+04
11:38:11,0e0,+3.811231E-02,+2.993500E-07,+9.910000E+37,+1.282958E+03,+3.584400E+04,+4.002485E-02,+2.993500E-07,+9.910000E+37,+1.283024E+03,+3.584400E+04,+3.875023E-02,+2.993500E-07,+9.910000E+37,+1.283092E+03,+3.584400E+04,-8.920789E-03,+0.000000E+00,+9.910000E+37,+1.283158E+03,+3.584400E+04
11:38:11,0e0,+4.489630E-02,+3.340500E-07,+9.910000E+37,+1.283382E+03,+3.584400E+04,+4.280156E-02,+3.340500E-07,+9.910000E+37,+1.283449E+03,+3.584400E+04,+4.330215E-02,+3.340500E-07,+9.910000E+37,+1.283517E+03,+3.584400E+04,-8.191884E-03,+0.000000E+00,+9.910000E+37,+1.283582E+03,+3.584400E+04
11:38:11,0e0,+5.026889E-02,+3.727500E-07,+9.910000E+37,+1.283808E+03,+3.584400E+04,+4.835624E-02,+3.727500E-07,+9.910000E+37,+1.283874E+03,+3.584400E+04,+4.899383E-02,+3.727500E-07,+9.910000E+37,+1.283940E+03,+3.584400E+04,-7.417738E-03,+0.000000E+00,+9.910000E+37,+1.284007E+03,+3.584400E+04
11:38:11,0e0,+5.463919E-02,+4.159500E-07,+9.910000E+37,+1.284230E+03,+3.584400E+04,+5.677962E-02,+4.159500E-07,+9.910000E+37,+1.284297E+03,+3.584400E+04,+5.746254E-02,+4.159500E-07,+9.910000E+37,+1.284364E+03,+3.584400E+04,-8.373886E-03,+0.000000E+00,+9.910000E+37,+1.284431E+03,+3.584400E+04
11:38:11,0e0,+6.383675E-02,+4.641500E-07,+9.910000E+37,+1.284658E+03,+3.584400E+04,+6.406456E-02,+4.641500E-07,+9.910000E+37,+1.284725E+03,+3.584400E+04,+6.397334E-02,+4.641500E-07,+9.910000E+37,+1.284791E+03,+3.584400E+04,-8.374110E-03,+0.000000E+00,+9.910000E+37,+1.284857E+03,+3.584400E+04
11:38:11,0e0,+7.225972E-02,+5.179500E-07,+9.910000E+37,+1.285079E+03,+3.584400E+04,+7.262427E-02,+5.179500E-07,+9.910000E+37,+1.285146E+03,+3.584400E+04,+7.080284E-02,+5.179500E-07,+9.910000E+37,+1.285214E+03,+3.584400E+04,-6.461769E-03,+0.000000E+00,+9.910000E+37,+1.285279E+03,+3.584400E+04
11:38:11,0e0,+8.086467E-02,+5.779500E-07,+9.910000E+37,+1.285501E+03,+3.584400E+04,+7.945353E-02,+5.779500E-07,+9.910000E+37,+1.285568E+03,+3.584400E+04,+8.191279E-02,+5.779500E-07,+9.910000E+37,+1.285635E+03,+3.584400E+04,-7.008046E-03,+0.000000E+00,+9.910000E+37,+1.285702E+03,+3.584400E+04
11:38:11,0e0,+9.038055E-02,+6.449500E-07,+9.910000E+37,+1.285927E+03,+3.584400E+04,+9.106407E-02,+6.449500E-07,+9.910000E+37,+1.285993E+03,+3.584400E+04,+9.051767E-02,+6.449500E-07,+9.910000E+37,+1.286060E+03,+3.584400E+04,-8.146599E-03,+0.000000E+00,+9.910000E+37,+1.286127E+03,+3.584400E+04
11:38:11,0e0,+1.014448E-01,+7.197000E-07,+9.910000E+37,+1.286351E+03,+3.584400E+04,+1.018550E-01,+7.197000E-07,+9.910000E+37,+1.286416E+03,+3.584400E+04,+1.014446E-01,+7.197000E-07,+9.910000E+37,+1.286482E+03,+3.584400E+04,-1.010437E-02,+0.000000E+00,+9.910000E+37,+1.286550E+03,+3.584400E+04
11:38:11,0e0,+1.133735E-01,+8.031000E-07,+9.910000E+37,+1.286771E+03,+3.584400E+04,+1.133282E-01,+8.031000E-07,+9.910000E+37,+1.286838E+03,+3.584400E+04,+1.136010E-01,+8.031000E-07,+9.910000E+37,+1.286905E+03,+3.584400E+04,-8.328229E-03,+0.000000E+00,+9.910000E+37,+1.286971E+03,+3.584400E+04
11:38:11,0e0,+1.270319E-01,+8.961500E-07,+9.910000E+37,+1.287196E+03,+3.584400E+04,+1.270787E-01,+8.961500E-07,+9.910000E+37,+1.287263E+03,+3.584400E+04,+1.289909E-01,+8.961500E-07,+9.910000E+37,+1.287329E+03,+3.584400E+04,-7.918596E-03,+0.000000E+00,+9.910000E+37,+1.287396E+03,+3.584400E+04
11:38:11,0e0,+1.416021E-01,+1.000000E-06,+9.910000E+37,+1.287620E+03,+3.584400E+04,+1.422400E-01,+1.000000E-06,+9.910000E+37,+1.287686E+03,+3.584400E+04,+1.411470E-01,+1.000000E-06,+9.910000E+37,+1.287752E+03,+3.584400E+04,-9.239390E-03,+0.000000E+00,+9.910000E+37,+1.287818E+03,+3.584400E+04
11:38:11,0e0,+1.476577E-01,+1.116000E-06,+9.910000E+37,+1.288040E+03,+3.584400E+04,+1.465651E-01,+1.116000E-06,+9.910000E+37,+1.288107E+03,+3.584400E+04,+1.452443E-01,+1.116000E-06,+9.910000E+37,+1.288173E+03,+3.584400E+04,-6.962568E-03,+0.000000E+00,+9.910000E+37,+1.288239E+03,+3.584400E+04
11:38:11,0e0,+1.630012E-01,+1.245000E-06,+9.910000E+37,+1.288465E+03,+3.584400E+04,+1.638215E-01,+1.245000E-06,+9.910000E+37,+1.288532E+03,+3.584400E+04,+1.632750E-01,+1.245000E-06,+9.910000E+37,+1.288598E+03,+3.584400E+04,-7.782146E-03,+0.000000E+00,+9.910000E+37,+1.288664E+03,+3.584400E+04
11:38:11,0e0,+1.818505E-01,+1.389500E-06,+9.910000E+37,+1.288890E+03,+3.584400E+04,+1.814415E-01,+1.389500E-06,+9.910000E+37,+1.288955E+03,+3.584400E+04,+1.818050E-01,+1.389500E-06,+9.910000E+37,+1.289021E+03,+3.584400E+04,-6.871447E-03,+0.000000E+00,+9.910000E+37,+1.289089E+03,+3.584400E+04
11:38:11,0e0,+2.019746E-01,+1.550500E-06,+9.910000E+37,+1.289314E+03,+3.584400E+04,+2.032501E-01,+1.550500E-06,+9.910000E+37,+1.289382E+03,+3.584400E+04,+2.018839E-01,+1.550500E-06,+9.910000E+37,+1.289447E+03,+3.584400E+04,-7.007658E-03,+0.000000E+00,+9.910000E+37,+1.289515E+03,+3.584400E+04
11:38:11,0e0,+2.249226E-01,+1.730000E-06,+9.910000E+37,+1.289736E+03,+3.584400E+04,+2.251047E-01,+1.730000E-06,+9.910000E+37,+1.289803E+03,+3.584400E+04,+2.248770E-01,+1.730000E-06,+9.910000E+37,+1.289870E+03,+3.584400E+04,-7.281512E-03,+0.000000E+00,+9.910000E+37,+1.289937E+03,+3.584400E+04
11:38:11,0e0,+2.501926E-01,+1.930500E-06,+9.910000E+37,+1.290163E+03,+3.584400E+04,+2.488256E-01,+1.930500E-06,+9.910000E+37,+1.290230E+03,+3.584400E+04,+2.491449E-01,+1.930500E-06,+9.910000E+37,+1.290296E+03,+3.584400E+04,-7.144481E-03,+0.000000E+00,+9.910000E+37,+1.290362E+03,+3.584400E+04
11:38:11,0e0,+2.764623E-01,+2.154500E-06,+9.910000E+37,+1.290587E+03,+3.584400E+04,+2.778736E-01,+2.154500E-06,+9.910000E+37,+1.290653E+03,+3.584400E+04,+2.773277E-01,+2.154500E-06,+9.910000E+37,+1.290721E+03,+3.584400E+04,-7.007986E-03,+0.000000E+00,+9.910000E+37,+1.290788E+03,+3.584400E+04
11:38:11,0e0,+3.060113E-01,+2.404000E-06,+9.910000E+37,+1.291012E+03,+3.584400E+04,+3.078786E-01,+2.404000E-06,+9.910000E+37,+1.291078E+03,+3.584400E+04,+3.071044E-01,+2.404000E-06,+9.910000E+37,+1.291146E+03,+3.584400E+04,-5.459934E-03,+0.000000E+00,+9.910000E+37,+1.291211E+03,+3.584400E+04
11:38:11,0e0,+3.400216E-01,+2.682500E-06,+9.910000E+37,+1.291432E+03,+3.584400E+04,+3.383822E-01,+2.682500E-06,+9.910000E+37,+1.291498E+03,+3.584400E+04,+3.408418E-01,+2.682500E-06,+9.910000E+37,+1.291564E+03,+3.584400E+04,-8.100793E-03,+0.000000E+00,+9.910000E+37,+1.291631E+03,+3.584400E+04
11:38:11,0e0,+3.774032E-01,+2.993500E-06,+9.910000E+37,+1.291857E+03,+3.584400E+04,+3.771297E-01,+2.993500E-06,+9.910000E+37,+1.291925E+03,+3.584400E+04,+3.771303E-01,+2.993500E-06,+9.910000E+37,+1.291992E+03,+3.584400E+04,-5.186960E-03,+0.000000E+00,+9.910000E+37,+1.292060E+03,+3.584400E+04
11:38:11,0e0,+4.172414E-01,+3.340500E-06,+9.910000E+37,+1.292284E+03,+3.584400E+04,+4.174690E-01,+3.340500E-06,+9.910000E+37,+1.292352E+03,+3.584400E+04,+4.179696E-01,+3.340500E-06,+9.910000E+37,+1.292417E+03,+3.584400E+04,-8.328751E-03,+0.000000E+00,+9.910000E+37,+1.292484E+03,+3.584400E+04
11:38:11,0e0,+4.619977E-01,+3.727500E-06,+9.910000E+37,+1.292710E+03,+3.584400E+04,+4.629076E-01,+3.727500E-06,+9.910000E+37,+1.292776E+03,+3.584400E+04,+4.635469E-01,+3.727500E-06,+9.910000E+37,+1.292844E+03,+3.584400E+04,-7.417917E-03,+0.000000E+00,+9.910000E+37,+1.292911E+03,+3.584400E+04
11:38:11,0e0,+5.129905E-01,+4.159500E-06,+9.910000E+37,+1.293136E+03,+3.584400E+04,+5.122178E-01,+4.159500E-06,+9.910000E+37,+1.293202E+03,+3.584400E+04,+5.127183E-01,+4.159500E-06,+9.910000E+37,+1.293270E+03,+3.584400E+04,-6.006479E-03,+0.000000E+00,+9.910000E+37,+1.293335E+03,+3.584400E+04
11:38:11,0e0,+5.672179E-01,+4.641500E-06,+9.910000E+37,+1.293559E+03,+3.584400E+04,+5.661703E-01,+4.641500E-06,+9.910000E+37,+1.293625E+03,+3.584400E+04,+5.668080E-01,+4.641500E-06,+9.910000E+37,+1.293692E+03,+3.584400E+04,-9.148210E-03,+0.000000E+00,+9.910000E+37,+1.293760E+03,+3.584400E+04
11:38:11,0e0,+6.279535E-01,+5.179500E-06,+9.910000E+37,+1.293980E+03,+3.584400E+04,+6.290032E-01,+5.179500E-06,+9.910000E+37,+1.294048E+03,+3.584400E+04,+6.286377E-01,+5.179500E-06,+9.910000E+37,+1.294113E+03,+3.584400E+04,-6.734654E-03,+0.000000E+00,+9.910000E+37,+1.294180E+03,+3.584400E+04
11:38:11,0e0,+6.993455E-01,+5.779500E-06,+9.910000E+37,+1.294409E+03,+3.584400E+04,+6.992090E-01,+5.779500E-06,+9.910000E+37,+1.294476E+03,+3.584400E+04,+6.987540E-01,+5.779500E-06,+9.910000E+37,+1.294542E+03,+3.584400E+04,-7.281512E-03,+0.000000E+00,+9.910000E+37,+1.294608E+03,+3.584400E+04
11:38:11,0e0,+7.736038E-01,+6.449500E-06,+9.910000E+37,+1.294831E+03,+3.584400E+04,+7.736517E-01,+6.449500E-06,+9.910000E+37,+1.294898E+03,+3.584400E+04,+7.739701E-01,+6.449500E-06,+9.910000E+37,+1.294964E+03,+3.584400E+04,-6.097510E-03,+0.000000E+00,+9.910000E+37,+1.295030E+03,+3.584400E+04
11:38:11,0e0,+8.577883E-01,+7.197000E-06,+9.910000E+37,+1.295254E+03,+3.584400E+04,+8.582002E-01,+7.197000E-06,+9.910000E+37,+1.295320E+03,+3.584400E+04,+8.584290E-01,+7.197000E-06,+9.910000E+37,+1.295388E+03,+3.584400E+04,-7.235572E-03,+0.000000E+00,+9.910000E+37,+1.295453E+03,+3.584400E+04
11:38:11,0e0,+9.513991E-01,+8.031000E-06,+9.910000E+37,+1.295675E+03,+3.584400E+04,+9.534042E-01,+8.031000E-06,+9.910000E+37,+1.295742E+03,+3.584400E+04,+9.515831E-01,+8.031000E-06,+9.910000E+37,+1.295809E+03,+3.584400E+04,-7.008150E-03,+0.000000E+00,+9.910000E+37,+1.295875E+03,+3.584400E+04
11:38:11,0e0,+1.057667E+00,+8.961500E-06,+9.910000E+37,+1.296102E+03,+3.584400E+04,+1.057304E+00,+8.961500E-06,+9.910000E+37,+1.296169E+03,+3.584400E+04,+1.056166E+00,+8.961500E-06,+9.910000E+37,+1.296234E+03,+3.584400E+04,-7.554680E-03,+0.000000E+00,+9.910000E+37,+1.296301E+03,+3.584400E+04
11:38:11,0e0,+1.174452E+00,+1.000000E-05,+9.910000E+37,+1.296522E+03,+3.584400E+04,+1.174090E+00,+1.000000E-05,+9.910000E+37,+1.296590E+03,+3.584400E+04,+1.173587E+00,+1.000000E-05,+9.910000E+37,+1.296657E+03,+3.584400E+04,-6.962717E-03,+0.000000E+00,+9.910000E+37,+1.296724E+03,+3.584400E+04
11:38:11,0e0,+1.294792E+00,+1.116000E-05,+9.910000E+37,+1.296945E+03,+3.584400E+04,+1.292014E+00,+1.116000E-05,+9.910000E+37,+1.297012E+03,+3.584400E+04,+1.292375E+00,+1.116000E-05,+9.910000E+37,+1.297078E+03,+3.584400E+04,-9.284571E-03,+0.000000E+00,+9.910000E+37,+1.297145E+03,+3.584400E+04
11:38:11,0e0,+1.435888E+00,+1.245000E-05,+9.910000E+37,+1.297360E+03,+3.584400E+04,+1.436387E+00,+1.245000E-05,+9.910000E+37,+1.297427E+03,+3.584400E+04,+1.436934E+00,+1.245000E-05,+9.910000E+37,+1.297493E+03,+3.584400E+04,-8.920327E-03,+0.000000E+00,+9.910000E+37,+1.297561E+03,+3.584400E+04
11:38:11,0e0,+1.596333E+00,+1.389500E-05,+9.910000E+37,+1.297781E+03,+3.584400E+04,+1.596063E+00,+1.389500E-05,+9.910000E+37,+1.297849E+03,+3.584400E+04,+1.596608E+00,+1.389500E-05,+9.910000E+37,+1.297914E+03,+3.584400E+04,-8.055270E-03,+0.000000E+00,+9.910000E+37,+1.297983E+03,+3.584400E+04
11:38:11,0e0,+1.772489E+00,+1.550500E-05,+9.910000E+37,+1.298203E+03,+3.584400E+04,+1.773172E+00,+1.550500E-05,+9.910000E+37,+1.298271E+03,+3.584400E+04,+1.770762E+00,+1.550500E-05,+9.910000E+37,+1.298336E+03,+3.584400E+04,-8.282885E-03,+0.000000E+00,+9.910000E+37,+1.298404E+03,+3.584400E+04
11:38:11,0e0,+1.966088E+00,+1.730000E-05,+9.910000E+37,+1.298623E+03,+3.584400E+04,+1.963990E+00,+1.730000E-05,+9.910000E+37,+1.298688E+03,+3.584400E+04,+1.961712E+00,+1.730000E-05,+9.910000E+37,+1.298755E+03,+3.584400E+04,-7.463261E-03,+0.000000E+00,+9.910000E+37,+1.298824E+03,+3.584400E+04
11:38:11,0e0,+2.175569E+00,+1.930500E-05,+9.910000E+37,+1.299038E+03,+3.584400E+04,+2.171244E+00,+1.930500E-05,+9.910000E+37,+1.299104E+03,+3.584400E+04,+2.170471E+00,+1.930500E-05,+9.910000E+37,+1.299171E+03,+3.584400E+04,-7.782042E-03,+0.000000E+00,+9.910000E+37,+1.299238E+03,+3.584400E+04
11:38:11,0e0,+2.401033E+00,+2.154500E-05,+9.910000E+37,+1.299450E+03,+3.584400E+04,+2.396891E+00,+2.154500E-05,+9.910000E+37,+1.299516E+03,+3.584400E+04,+2.394571E+00,+2.154500E-05,+9.910000E+37,+1.299583E+03,+3.584400E+04,-8.009568E-03,+0.000000E+00,+9.910000E+37,+1.299648E+03,+3.584400E+04
11:38:11,0e0,+2.639430E+00,+2.404000E-05,+9.910000E+37,+1.299864E+03,+3.584400E+04,+2.634465E+00,+2.404000E-05,+9.910000E+37,+1.299930E+03,+3.584400E+04,+2.632644E+00,+2.404000E-05,+9.910000E+37,+1.299997E+03,+3.584400E+04,-9.102985E-03,+0.000000E+00,+9.910000E+37,+1.300063E+03,+3.584400E+04
11:38:11,0e0,+2.892435E+00,+2.682500E-05,+9.910000E+37,+1.300279E+03,+3.584400E+04,+2.888571E+00,+2.682500E-05,+9.910000E+37,+1.300346E+03,+3.584400E+04,+2.886018E+00,+2.682500E-05,+9.910000E+37,+1.300413E+03,+3.584400E+04,-9.785697E-03,+0.000000E+00,+9.910000E+37,+1.300479E+03,+3.584400E+04
11:38:11,0e0,+3.160157E+00,+2.993500E-05,+9.910000E+37,+1.300696E+03,+3.584400E+04,+3.151325E+00,+2.993500E-05,+9.910000E+37,+1.300763E+03,+3.584400E+04,+3.149683E+00,+2.993500E-05,+9.910000E+37,+1.300828E+03,+3.584400E+04,-8.419335E-03,+0.000000E+00,+9.910000E+37,+1.300895E+03,+3.584400E+04
11:38:11,0e0,+3.438254E+00,+3.340500E-05,+9.910000E+37,+1.301115E+03,+3.584400E+04,+3.428828E+00,+3.340500E-05,+9.910000E+37,+1.301183E+03,+3.584400E+04,+3.425457E+00,+3.340500E-05,+9.910000E+37,+1.301248E+03,+3.584400E+04,-8.101016E-03,+0.000000E+00,+9.910000E+37,+1.301317E+03,+3.584400E+04
11:38:11,0e0,+3.726782E+00,+3.727500E-05,+9.910000E+37,+1.301534E+03,+3.584400E+04,+3.715941E+00,+3.727500E-05,+9.910000E+37,+1.301601E+03,+3.584400E+04,+3.712350E+00,+3.727500E-05,+9.910000E+37,+1.301669E+03,+3.584400E+04,-9.102523E-03,+0.000000E+00,+9.910000E+37,+1.301740E+03,+3.584400E+04
11:38:11,0e0,+4.021955E+00,+4.159500E-05,+9.910000E+37,+1.301960E+03,+3.584400E+04,+4.011712E+00,+4.159500E-05,+9.910000E+37,+1.302026E+03,+3.584400E+04,+4.008837E+00,+4.159500E-05,+9.910000E+37,+1.302094E+03,+3.584400E+04,-7.827789E-03,+0.000000E+00,+9.910000E+37,+1.302162E+03,+3.584400E+04
11:38:11,0e0,+4.326089E+00,+4.641500E-05,+9.910000E+37,+1.302386E+03,+3.584400E+04,+4.314981E+00,+4.641500E-05,+9.910000E+37,+1.302451E+03,+3.584400E+04,+4.311065E+00,+4.641500E-05,+9.910000E+37,+1.302519E+03,+3.584400E+04,-8.237436E-03,+0.000000E+00,+9.910000E+37,+1.302586E+03,+3.584400E+04
11:38:11,0e0,+4.638472E+00,+5.179500E-05,+9.910000E+37,+1.302799E+03,+3.584400E+04,+4.625503E+00,+5.179500E-05,+9.910000E+37,+1.302866E+03,+3.584400E+04,+4.621080E+00,+5.179500E-05,+9.910000E+37,+1.302932E+03,+3.584400E+04,-8.647069E-03,+0.000000E+00,+9.910000E+37,+1.302999E+03,+3.584400E+04
11:38:11,0e0,+4.954084E+00,+5.779500E-05,+9.910000E+37,+1.303211E+03,+3.584400E+04,+4.940977E+00,+5.779500E-05,+9.910000E+37,+1.303277E+03,+3.584400E+04,+4.936652E+00,+5.779500E-05,+9.910000E+37,+1.303345E+03,+3.584400E+04,-7.918581E-03,+0.000000E+00,+9.910000E+37,+1.303412E+03,+3.584400E+04
11:38:11,0e0,+5.279582E+00,+6.449500E-05,+9.910000E+37,+1.303627E+03,+3.584400E+04,+5.262725E+00,+6.449500E-05,+9.910000E+37,+1.303692E+03,+3.584400E+04,+5.258041E+00,+6.449500E-05,+9.910000E+37,+1.303759E+03,+3.584400E+04,-7.645518E-03,+0.000000E+00,+9.910000E+37,+1.303825E+03,+3.584400E+04
11:38:11,0e0,+5.608087E+00,+7.197000E-05,+9.910000E+37,+1.304042E+03,+3.584400E+04,+5.591050E+00,+7.197000E-05,+9.910000E+37,+1.304108E+03,+3.584400E+04,+5.586998E+00,+7.197000E-05,+9.910000E+37,+1.304176E+03,+3.584400E+04,-8.101106E-03,+0.000000E+00,+9.910000E+37,+1.304241E+03,+3.584400E+04
11:38:11,0e0,+5.944276E+00,+8.031000E-05,+9.910000E+37,+1.304457E+03,+3.584400E+04,+5.924017E+00,+8.031000E-05,+9.910000E+37,+1.304523E+03,+3.584400E+04,+5.917497E+00,+8.031000E-05,+9.910000E+37,+1.304590E+03,+3.584400E+04,-7.145017E-03,+0.000000E+00,+9.910000E+37,+1.304658E+03,+3.584400E+04
11:38:11,0e0,+6.282885E+00,+8.961500E-05,+9.910000E+37,+1.304877E+03,+3.584400E+04,+6.261031E+00,+8.961500E-05,+9.910000E+37,+1.304944E+03,+3.584400E+04,+6.254285E+00,+8.961500E-05,+9.910000E+37,+1.305017E+03,+3.584400E+04,-9.421185E-03,+0.000000E+00,+9.910000E+37,+1.305088E+03,+3.584400E+04
11:38:11,0e0,+6.627454E+00,+1.000000E-04,+9.910000E+37,+1.305305E+03,+3.584400E+04,+6.605875E+00,+1.000000E-04,+9.910000E+37,+1.305375E+03,+3.584400E+04,+6.598226E+00,+1.000000E-04,+9.910000E+37,+1.305446E+03,+3.584400E+04,-8.328930E-03,+0.000000E+00,+9.910000E+37,+1.305518E+03,+3.584400E+04
11:38:11,0e0,+6.966020E+00,+1.116000E-04,+9.910000E+37,+1.305742E+03,+3.584400E+04,+6.939372E+00,+1.116000E-04,+9.910000E+37,+1.305808E+03,+3.584400E+04,+6.935551E+00,+1.116000E-04,+9.910000E+37,+1.305875E+03,+3.584400E+04,-1.365575E-02,+0.000000E+00,+9.910000E+37,+1.305940E+03,+3.584400E+04
11:38:11,0e0,+7.318223E+00,+1.245000E-04,+9.910000E+37,+1.306166E+03,+3.584400E+04,+7.293688E+00,+1.245000E-04,+9.910000E+37,+1.306231E+03,+3.584400E+04,+7.287904E+00,+1.245000E-04,+9.910000E+37,+1.306298E+03,+3.584400E+04,-1.260839E-02,+0.000000E+00,+9.910000E+37,+1.306364E+03,+3.584400E+04
11:38:11,0e0,+7.680918E+00,+1.389500E-04,+9.910000E+37,+1.306585E+03,+3.584400E+04,+7.653929E+00,+1.389500E-04,+9.910000E+37,+1.306651E+03,+3.584400E+04,+7.647602E+00,+1.389500E-04,+9.910000E+37,+1.306721E+03,+3.584400E+04,-1.442975E-02,+0.000000E+00,+9.910000E+37,+1.306792E+03,+3.584400E+04
11:38:11,0e0,+8.049752E+00,+1.550500E-04,+9.910000E+37,+1.307018E+03,+3.584400E+04,+8.018620E+00,+1.550500E-04,+9.910000E+37,+1.307085E+03,+3.584400E+04,+8.014170E+00,+1.550500E-04,+9.910000E+37,+1.307150E+03,+3.584400E+04,-1.315472E-02,+0.000000E+00,+9.910000E+37,+1.307217E+03,+3.584400E+04
11:38:11,0e0,+8.423100E+00,+1.730000E-04,+9.910000E+37,+1.307441E+03,+3.584400E+04,+8.393023E+00,+1.730000E-04,+9.910000E+37,+1.307508E+03,+3.584400E+04,+8.385692E+00,+1.730000E-04,+9.910000E+37,+1.307576E+03,+3.584400E+04,-1.461199E-02,+0.000000E+00,+9.910000E+37,+1.307646E+03,+3.584400E+04
11:38:11,0e0,+8.805718E+00,+1.930500E-04,+9.910000E+37,+1.307870E+03,+3.584400E+04,+8.770509E+00,+1.930500E-04,+9.910000E+37,+1.307937E+03,+3.584400E+04,+8.765091E+00,+1.930500E-04,+9.910000E+37,+1.308003E+03,+3.584400E+04,-1.402025E-02,+0.000000E+00,+9.910000E+37,+1.308071E+03,+3.584400E+04
11:38:11,0e0,+9.193618E+00,+2.154500E-04,+9.910000E+37,+1.308298E+03,+3.584400E+04,+9.158653E+00,+2.154500E-04,+9.910000E+37,+1.308363E+03,+3.584400E+04,+9.152383E+00,+2.154500E-04,+9.910000E+37,+1.308430E+03,+3.584400E+04,-1.379265E-02,+0.000000E+00,+9.910000E+37,+1.308497E+03,+3.584400E+04
11:38:11,0e0,+9.586063E+00,+2.404000E-04,+9.910000E+37,+1.308720E+03,+3.584400E+04,+9.549208E+00,+2.404000E-04,+9.910000E+37,+1.308786E+03,+3.584400E+04,+9.545253E+00,+2.404000E-04,+9.910000E+37,+1.308853E+03,+3.584400E+04,-1.402003E-02,+0.000000E+00,+9.910000E+37,+1.308920E+03,+3.584400E+04
11:38:11,0e0,+9.985340E+00,+2.682500E-04,+9.910000E+37,+1.309146E+03,+3.584400E+04,+9.945489E+00,+2.682500E-04,+9.910000E+37,+1.309214E+03,+3.584400E+04,+9.943496E+00,+2.682500E-04,+9.910000E+37,+1.309281E+03,+3.584400E+04,-1.329114E-02,+0.000000E+00,+9.910000E+37,+1.309347E+03,+3.584400E+04
11:38:11,0e0,+1.038896E+01,+2.993500E-04,+9.910000E+37,+1.309572E+03,+3.584400E+04,+1.035037E+01,+2.993500E-04,+9.910000E+37,+1.309640E+03,+3.584400E+04,+1.034641E+01,+2.993500E-04,+9.910000E+37,+1.309707E+03,+3.584400E+04,-1.374698E-02,+0.000000E+00,+9.910000E+37,+1.309772E+03,+3.584400E+04
11:38:11,0e0,+1.079578E+01,+3.340500E-04,+9.910000E+37,+1.309995E+03,+3.584400E+04,+1.075686E+01,+3.340500E-04,+9.910000E+37,+1.310061E+03,+3.584400E+04,+1.075525E+01,+3.340500E-04,+9.910000E+37,+1.310127E+03,+3.584400E+04,-1.301774E-02,+0.000000E+00,+9.910000E+37,+1.310193E+03,+3.584400E+04
11:38:11,0e0,+1.120393E+01,+3.727500E-04,+9.910000E+37,+1.310420E+03,+3.584400E+04,+1.116753E+01,+3.727500E-04,+9.910000E+37,+1.310485E+03,+3.584400E+04,+1.116402E+01,+3.727500E-04,+9.910000E+37,+1.310552E+03,+3.584400E+04,-1.238084E-02,+0.000000E+00,+9.910000E+37,+1.310618E+03,+3.584400E+04
11:38:11,0e0,+1.161168E+01,+4.159500E-04,+9.910000E+37,+1.310844E+03,+3.584400E+04,+1.157495E+01,+4.159500E-04,+9.910000E+37,+1.310909E+03,+3.584400E+04,+1.157422E+01,+4.159500E-04,+9.910000E+37,+1.310976E+03,+3.584400E+04,-1.424760E-02,+0.000000E+00,+9.910000E+37,+1.311043E+03,+3.584400E+04
11:38:11,0e0,+1.201448E+01,+4.641500E-04,+9.910000E+37,+1.311264E+03,+3.584400E+04,+1.197973E+01,+4.641500E-04,+9.910000E+37,+1.311331E+03,+3.584400E+04,+1.197948E+01,+4.641500E-04,+9.910000E+37,+1.311397E+03,+3.584400E+04,-1.392871E-02,+0.000000E+00,+9.910000E+37,+1.311464E+03,+3.584400E+04
11:38:11,0e0,+1.239202E+01,+5.179500E-04,+9.910000E+37,+1.311690E+03,+3.584400E+04,+1.236028E+01,+5.179500E-04,+9.910000E+37,+1.311757E+03,+3.584400E+04,+1.235924E+01,+5.179500E-04,+9.910000E+37,+1.311824E+03,+3.584400E+04,-1.279069E-02,+0.000000E+00,+9.910000E+37,+1.311892E+03,+3.584400E+04
11:38:11,0e0,+1.275658E+01,+5.779500E-04,+9.910000E+37,+1.312117E+03,+3.584400E+04,+1.272800E+01,+5.779500E-04,+9.910000E+37,+1.312184E+03,+3.584400E+04,+1.272646E+01,+5.779500E-04,+9.910000E+37,+1.312250E+03,+3.584400E+04,-1.306389E-02,+0.000000E+00,+9.910000E+37,+1.312316E+03,+3.584400E+04
11:38:11,0e0,+1.309191E+01,+6.449500E-04,+9.910000E+37,+1.312541E+03,+3.584400E+04,+1.307164E+01,+6.449500E-04,+9.910000E+37,+1.312608E+03,+3.584400E+04,+1.306815E+01,+6.449500E-04,+9.910000E+37,+1.312675E+03,+3.584400E+04,-1.538604E-02,+0.000000E+00,+9.910000E+37,+1.312741E+03,+3.584400E+04
11:38:11,0e0,+1.341257E+01,+7.197000E-04,+9.910000E+37,+1.312970E+03,+3.584400E+04,+1.339237E+01,+7.197000E-04,+9.910000E+37,+1.313037E+03,+3.584400E+04,+1.339165E+01,+7.197000E-04,+9.910000E+37,+1.313103E+03,+3.584400E+04,-1.474886E-02,+0.000000E+00,+9.910000E+37,+1.313169E+03,+3.584400E+04
11:38:11,0e0,+1.372801E+01,+8.031000E-04,+9.910000E+37,+1.313391E+03,+3.584400E+04,+1.371192E+01,+8.031000E-04,+9.910000E+37,+1.313457E+03,+3.584400E+04,+1.371101E+01,+8.031000E-04,+9.910000E+37,+1.313524E+03,+3.584400E+04,-1.242642E-02,+0.000000E+00,+9.910000E+37,+1.313590E+03,+3.584400E+04
11:38:11,0e0,+1.403203E+01,+8.961500E-04,+9.910000E+37,+1.313812E+03,+3.584400E+04,+1.402040E+01,+8.961500E-04,+9.910000E+37,+1.313878E+03,+3.584400E+04,+1.401862E+01,+8.961500E-04,+9.910000E+37,+1.313945E+03,+3.584400E+04,-1.310934E-02,+0.000000E+00,+9.910000E+37,+1.314011E+03,+3.584400E+04
11:38:11,0e0,+1.432421E+01,+1.000000E-03,+9.910000E+37,+1.314229E+03,+3.584400E+04,+1.431462E+01,+1.000000E-03,+9.910000E+37,+1.314296E+03,+3.584400E+04,+1.431223E+01,+1.000000E-03,+9.910000E+37,+1.314362E+03,+3.584400E+04,-1.388361E-02,+0.000000E+00,+9.910000E+37,+1.314430E+03,+3.584400E+04
11:38:11,0e0,+1.458933E+01,+1.116000E-03,+9.910000E+37,+1.314653E+03,+3.584400E+04,+1.458176E+01,+1.116000E-03,+9.910000E+37,+1.314720E+03,+3.584400E+04,+1.458046E+01,+1.116000E-03,+9.910000E+37,+1.314787E+03,+3.584400E+04,-1.013920E-01,+0.000000E+00,+9.910000E+37,+1.314854E+03,+3.584400E+04
11:38:11,0e0,+1.485333E+01,+1.245000E-03,+9.910000E+37,+1.315073E+03,+3.584400E+04,+1.484755E+01,+1.245000E-03,+9.910000E+37,+1.315141E+03,+3.584400E+04,+1.484624E+01,+1.245000E-03,+9.910000E+37,+1.315206E+03,+3.584400E+04,-9.888805E-02,+0.000000E+00,+9.910000E+37,+1.315272E+03,+3.584400E+04
11:38:11,0e0,+1.510141E+01,+1.389500E-03,+9.910000E+37,+1.315494E+03,+3.584400E+04,+1.509834E+01,+1.389500E-03,+9.910000E+37,+1.315562E+03,+3.584400E+04,+1.509567E+01,+1.389500E-03,+9.910000E+37,+1.315627E+03,+3.584400E+04,-1.007546E-01,+0.000000E+00,+9.910000E+37,+1.315693E+03,+3.584400E+04
11:38:11,0e0,+1.533263E+01,+1.550500E-03,+9.910000E+37,+1.315917E+03,+3.584400E+04,+1.533520E+01,+1.550500E-03,+9.910000E+37,+1.315982E+03,+3.584400E+04,+1.533027E+01,+1.550500E-03,+9.910000E+37,+1.316049E+03,+3.584400E+04,-1.020752E-01,+0.000000E+00,+9.910000E+37,+1.316116E+03,+3.584400E+04
11:38:11,0e0,+1.555441E+01,+1.730000E-03,+9.910000E+37,+1.316335E+03,+3.584400E+04,+1.555580E+01,+1.730000E-03,+9.910000E+37,+1.316402E+03,+3.584400E+04,+1.555010E+01,+1.730000E-03,+9.910000E+37,+1.316469E+03,+3.584400E+04,-1.015744E-01,+0.000000E+00,+9.910000E+37,+1.316535E+03,+3.584400E+04
11:38:11,0e0,+1.576286E+01,+1.930500E-03,+9.910000E+37,+1.316750E+03,+3.584400E+04,+1.576444E+01,+1.930500E-03,+9.910000E+37,+1.316816E+03,+3.584400E+04,+1.575606E+01,+1.930500E-03,+9.910000E+37,+1.316883E+03,+3.584400E+04,-9.697595E-02,+0.000000E+00,+9.910000E+37,+1.316948E+03,+3.584400E+04
11:38:11,0e0,+1.595860E+01,+2.154500E-03,+9.910000E+37,+1.317171E+03,+3.584400E+04,+1.596103E+01,+2.154500E-03,+9.910000E+37,+1.317238E+03,+3.584400E+04,+1.595368E+01,+2.154500E-03,+9.910000E+37,+1.317305E+03,+3.584400E+04,-9.770434E-02,+0.000000E+00,+9.910000E+37,+1.317370E+03,+3.584400E+04
11:38:11,0e0,+1.614821E+01,+2.404000E-03,+9.910000E+37,+1.317594E+03,+3.584400E+04,+1.615208E+01,+2.404000E-03,+9.910000E+37,+1.317660E+03,+3.584400E+04,+1.614236E+01,+2.404000E-03,+9.910000E+37,+1.317728E+03,+3.584400E+04,-9.697601E-02,+0.000000E+00,+9.910000E+37,+1.317795E+03,+3.584400E+04
11:38:11,0e0,+1.633351E+01,+2.682500E-03,+9.910000E+37,+1.318018E+03,+3.584400E+04,+1.633714E+01,+2.682500E-03,+9.910000E+37,+1.318084E+03,+3.584400E+04,+1.632669E+01,+2.682500E-03,+9.910000E+37,+1.318150E+03,+3.584400E+04,-9.538232E-02,+0.000000E+00,+9.910000E+37,+1.318217E+03,+3.584400E+04
11:38:11,0e0,+1.651658E+01,+2.993500E-03,+9.910000E+37,+1.318439E+03,+3.584400E+04,+1.651995E+01,+2.993500E-03,+9.910000E+37,+1.318507E+03,+3.584400E+04,+1.650723E+01,+2.993500E-03,+9.910000E+37,+1.318574E+03,+3.584400E+04,-9.488152E-02,+0.000000E+00,+9.910000E+37,+1.318640E+03,+3.584400E+04
11:38:11,0e0,+1.669918E+01,+3.340500E-03,+9.910000E+37,+1.318862E+03,+3.584400E+04,+1.670007E+01,+3.340500E-03,+9.910000E+37,+1.318929E+03,+3.584400E+04,+1.668813E+01,+3.340500E-03,+9.910000E+37,+1.318995E+03,+3.584400E+04,-9.196727E-02,+0.000000E+00,+9.910000E+37,+1.319062E+03,+3.584400E+04
11:38:11,0e0,+1.688141E+01,+3.727500E-03,+9.910000E+37,+1.319284E+03,+3.584400E+04,+1.688273E+01,+3.727500E-03,+9.910000E+37,+1.319352E+03,+3.584400E+04,+1.686925E+01,+3.727500E-03,+9.910000E+37,+1.319418E+03,+3.584400E+04,-9.187657E-02,+0.000000E+00,+9.910000E+37,+1.319483E+03,+3.584400E+04
11:38:11,0e0,+1.706848E+01,+4.159500E-03,+9.910000E+37,+1.319707E+03,+3.584400E+04,+1.706758E+01,+4.159500E-03,+9.910000E+37,+1.319774E+03,+3.584400E+04,+1.705338E+01,+4.159500E-03,+9.910000E+37,+1.319841E+03,+3.584400E+04,-8.727789E-02,+0.000000E+00,+9.910000E+37,+1.319906E+03,+3.584400E+04
11:38:11,0e0,+1.725893E+01,+4.641500E-03,+9.910000E+37,+1.320126E+03,+3.584400E+04,+1.725839E+01,+4.641500E-03,+9.910000E+37,+1.320192E+03,+3.584400E+04,+1.724235E+01,+4.641500E-03,+9.910000E+37,+1.320259E+03,+3.584400E+04,-8.563903E-02,+0.000000E+00,+9.910000E+37,+1.320326E+03,+3.584400E+04
11:38:11,0e0,+1.745595E+01,+5.179500E-03,+9.910000E+37,+1.320547E+03,+3.584400E+04,+1.745334E+01,+5.179500E-03,+9.910000E+37,+1.320614E+03,+3.584400E+04,+1.743778E+01,+5.179500E-03,+9.910000E+37,+1.320681E+03,+3.584400E+04,-8.313477E-02,+0.000000E+00,+9.910000E+37,+1.320746E+03,+3.584400E+04
11:38:11,0e0,+1.765900E+01,+5.779500E-03,+9.910000E+37,+1.320967E+03,+3.584400E+04,+1.765479E+01,+5.779500E-03,+9.910000E+37,+1.321033E+03,+3.584400E+04,+1.763997E+01,+5.779500E-03,+9.910000E+37,+1.321100E+03,+3.584400E+04,-7.994756E-02,+0.000000E+00,+9.910000E+37,+1.321166E+03,+3.584400E+04
11:38:11,0e0,+1.786975E+01,+6.449500E-03,+9.910000E+37,+1.321390E+03,+3.584400E+04,+1.786566E+01,+6.449500E-03,+9.910000E+37,+1.321456E+03,+3.584400E+04,+1.784791E+01,+6.449500E-03,+9.910000E+37,+1.321522E+03,+3.584400E+04,-7.580437E-02,+0.000000E+00,+9.910000E+37,+1.321589E+03,+3.584400E+04
11:38:11,0e0,+1.808943E+01,+7.197000E-03,+9.910000E+37,+1.321810E+03,+3.584400E+04,+1.808230E+01,+7.197000E-03,+9.910000E+37,+1.321876E+03,+3.584400E+04,+1.806427E+01,+7.197000E-03,+9.910000E+37,+1.321943E+03,+3.584400E+04,-7.284483E-02,+0.000000E+00,+9.910000E+37,+1.322011E+03,+3.584400E+04
11:38:11,0e0,+1.831668E+01,+8.031000E-03,+9.910000E+37,+1.322233E+03,+3.584400E+04,+1.830709E+01,+8.031000E-03,+9.910000E+37,+1.322301E+03,+3.584400E+04,+1.828654E+01,+8.031000E-03,+9.910000E+37,+1.322366E+03,+3.584400E+04,-7.275389E-02,+0.000000E+00,+9.910000E+37,+1.322433E+03,+3.584400E+04
11:38:11,0e0,+1.855273E+01,+8.961500E-03,+9.910000E+37,+1.322660E+03,+3.584400E+04,+1.853978E+01,+8.961500E-03,+9.910000E+37,+1.322727E+03,+3.584400E+04,+1.851772E+01,+8.961500E-03,+9.910000E+37,+1.322793E+03,+3.584400E+04,-7.020399E-02,+0.000000E+00,+9.910000E+37,+1.322859E+03,+3.584400E+04
