11:41:47,0e0,+1.356927E-02,+1.000000E-07,+9.910000E+37,+1.489752E+03,+3.584400E+04,+1.338711E-02,+1.000000E-07,+9.910000E+37,+1.489819E+03,+3.584400E+04,+1.229516E-02,+1.000000E-07,+9.910000E+37,+1.489886E+03,+3.584400E+04,-6.236002E-03,+0.000000E+00,+9.910000E+37,+1.489952E+03,+3.584400E+04
11:41:47,0e0,+1.388790E-02,+1.116000E-07,+9.910000E+37,+1.490177E+03,+3.584400E+04,+1.274943E-02,+1.116000E-07,+9.910000E+37,+1.490243E+03,+3.584400E+04,+1.429793E-02,+1.116000E-07,+9.910000E+37,+1.490311E+03,+3.584400E+04,-5.097821E-03,+0.000000E+00,+9.910000E+37,+1.490376E+03,+3.584400E+04
11:41:47,0e0,+1.825882E-02,+1.245000E-07,+9.910000E+37,+1.490602E+03,+3.584400E+04,+1.634710E-02,+1.245000E-07,+9.910000E+37,+1.490669E+03,+3.584400E+04,+1.648308E-02,+1.245000E-07,+9.910000E+37,+1.490736E+03,+3.584400E+04,-5.097806E-03,+0.000000E+00,+9.910000E+37,+1.490802E+03,+3.584400E+04
11:41:47,0e0,+1.853175E-02,+1.389500E-07,+9.910000E+37,+1.491038E+03,+3.584400E+04,+1.889671E-02,+1.389500E-07,+9.910000E+37,+1.491104E+03,+3.584400E+04,+1.998906E-02,+1.389500E-07,+9.910000E+37,+1.491171E+03,+3.584400E+04,-4.642636E-03,+0.000000E+00,+9.910000E+37,+1.491237E+03,+3.584400E+04
11:41:47,0e0,+2.290303E-02,+1.550500E-07,+9.910000E+37,+1.491463E+03,+3.584400E+04,+2.285719E-02,+1.550500E-07,+9.910000E+37,+1.491529E+03,+3.584400E+04,+2.062614E-02,+1.550500E-07,+9.910000E+37,+1.491596E+03,+3.584400E+04,-5.598634E-03,+0.000000E+00,+9.910000E+37,+1.491662E+03,+3.584400E+04
11:41:47,0e0,+2.431397E-02,+1.730000E-07,+9.910000E+37,+1.491885E+03,+3.584400E+04,+2.536146E-02,+1.730000E-07,+9.910000E+37,+1.491951E+03,+3.584400E+04,+2.435932E-02,+1.730000E-07,+9.910000E+37,+1.492018E+03,+3.584400E+04,-5.507618E-03,+0.000000E+00,+9.910000E+37,+1.492084E+03,+3.584400E+04
11:41:47,0e0,+2.877662E-02,+1.930500E-07,+9.910000E+37,+1.492309E+03,+3.584400E+04,+2.832091E-02,+1.930500E-07,+9.910000E+37,+1.492375E+03,+3.584400E+04,+2.968687E-02,+1.930500E-07,+9.910000E+37,+1.492441E+03,+3.584400E+04,-5.507484E-03,+0.000000E+00,+9.910000E+37,+1.492509E+03,+3.584400E+04
11:41:47,0e0,+3.150800E-02,+2.154500E-07,+9.910000E+37,+1.492734E+03,+3.584400E+04,+3.187212E-02,+2.154500E-07,+9.910000E+37,+1.492802E+03,+3.584400E+04,+3.096119E-02,+2.154500E-07,+9.910000E+37,+1.492867E+03,+3.584400E+04,-5.963087E-03,+0.000000E+00,+9.910000E+37,+1.492934E+03,+3.584400E+04
11:41:47,0e0,+3.551412E-02,+2.404000E-07,+9.910000E+37,+1.493161E+03,+3.584400E+04,+3.615236E-02,+2.404000E-07,+9.910000E+37,+1.493229E+03,+3.584400E+04,+3.706262E-02,+2.404000E-07,+9.910000E+37,+1.493296E+03,+3.584400E+04,-6.190360E-03,+0.000000E+00,+9.910000E+37,+1.493363E+03,+3.584400E+04
11:41:47,0e0,+4.102376E-02,+2.682500E-07,+9.910000E+37,+1.493586E+03,+3.584400E+04,+4.097816E-02,+2.682500E-07,+9.910000E+37,+1.493653E+03,+3.584400E+04,+4.024974E-02,+2.682500E-07,+9.910000E+37,+1.493719E+03,+3.584400E+04,-6.190807E-03,+0.000000E+00,+9.910000E+37,+1.493785E+03,+3.584400E+04
11:41:47,0e0,+4.425594E-02,+2.993500E-07,+9.910000E+37,+1.494030E+03,+3.584400E+04,+4.398254E-02,+2.993500E-07,+9.910000E+37,+1.494098E+03,+3.584400E+04,+4.603189E-02,+2.993500E-07,+9.910000E+37,+1.494164E+03,+3.584400E+04,-5.416662E-03,+0.000000E+00,+9.910000E+37,+1.494229E+03,+3.584400E+04
11:41:47,0e0,+5.003819E-02,+3.340500E-07,+9.910000E+37,+1.494458E+03,+3.584400E+04,+5.085823E-02,+3.340500E-07,+9.910000E+37,+1.494525E+03,+3.584400E+04,+5.053914E-02,+3.340500E-07,+9.910000E+37,+1.494591E+03,+3.584400E+04,-6.281704E-03,+0.000000E+00,+9.910000E+37,+1.494657E+03,+3.584400E+04
11:41:47,0e0,+5.682278E-02,+3.727500E-07,+9.910000E+37,+1.494881E+03,+3.584400E+04,+5.645841E-02,+3.727500E-07,+9.910000E+37,+1.494948E+03,+3.584400E+04,+5.454555E-02,+3.727500E-07,+9.910000E+37,+1.495014E+03,+3.584400E+04,-6.145105E-03,+0.000000E+00,+9.910000E+37,+1.495080E+03,+3.584400E+04
11:41:47,0e0,+6.237710E-02,+4.159500E-07,+9.910000E+37,+1.495307E+03,+3.584400E+04,+6.224018E-02,+4.159500E-07,+9.910000E+37,+1.495374E+03,+3.584400E+04,+6.091973E-02,+4.159500E-07,+9.910000E+37,+1.495439E+03,+3.584400E+04,-5.052432E-03,+0.000000E+00,+9.910000E+37,+1.495506E+03,+3.584400E+04
11:41:47,0e0,+6.952542E-02,+4.641500E-07,+9.910000E+37,+1.495730E+03,+3.584400E+04,+6.902441E-02,+4.641500E-07,+9.910000E+37,+1.495797E+03,+3.584400E+04,+6.975287E-02,+4.641500E-07,+9.910000E+37,+1.495863E+03,+3.584400E+04,-6.190687E-03,+0.000000E+00,+9.910000E+37,+1.495931E+03,+3.584400E+04
11:41:47,0e0,+7.685554E-02,+5.179500E-07,+9.910000E+37,+1.496155E+03,+3.584400E+04,+7.826686E-02,+5.179500E-07,+9.910000E+37,+1.496222E+03,+3.584400E+04,+7.694671E-02,+5.179500E-07,+9.910000E+37,+1.496289E+03,+3.584400E+04,-4.597023E-03,+0.000000E+00,+9.910000E+37,+1.496355E+03,+3.584400E+04
11:41:47,0e0,+8.582494E-02,+5.779500E-07,+9.910000E+37,+1.496576E+03,+3.584400E+04,+8.496028E-02,+5.779500E-07,+9.910000E+37,+1.496643E+03,+3.584400E+04,+8.541566E-02,+5.779500E-07,+9.910000E+37,+1.496709E+03,+3.584400E+04,-6.190941E-03,+0.000000E+00,+9.910000E+37,+1.496775E+03,+3.584400E+04
11:41:47,0e0,+9.301808E-02,+6.449500E-07,+9.910000E+37,+1.497000E+03,+3.584400E+04,+9.552270E-02,+6.449500E-07,+9.910000E+37,+1.497067E+03,+3.584400E+04,+9.461212E-02,+6.449500E-07,+9.910000E+37,+1.497134E+03,+3.584400E+04,-6.828070E-03,+0.000000E+00,+9.910000E+37,+1.497199E+03,+3.584400E+04
11:41:47,0e0,+1.038094E-01,+7.197000E-07,+9.910000E+37,+1.497425E+03,+3.584400E+04,+1.036272E-01,+7.197000E-07,+9.910000E+37,+1.497491E+03,+3.584400E+04,+1.044010E-01,+7.197000E-07,+9.910000E+37,+1.497558E+03,+3.584400E+04,-5.826473E-03,+0.000000E+00,+9.910000E+37,+1.497624E+03,+3.584400E+04
11:41:47,0e0,+1.158292E-01,+8.031000E-07,+9.910000E+37,+1.497847E+03,+3.584400E+04,+1.142810E-01,+8.031000E-07,+9.910000E+37,+1.497913E+03,+3.584400E+04,+1.147362E-01,+8.031000E-07,+9.910000E+37,+1.497980E+03,+3.584400E+04,-6.190702E-03,+0.000000E+00,+9.910000E+37,+1.498046E+03,+3.584400E+04
11:41:47,0e0,+1.259822E-01,+8.961500E-07,+9.910000E+37,+1.498270E+03,+3.584400E+04,+1.262096E-01,+8.961500E-07,+9.910000E+37,+1.498337E+03,+3.584400E+04,+1.273487E-01,+8.961500E-07,+9.910000E+37,+1.498404E+03,+3.584400E+04,-6.509304E-03,+0.000000E+00,+9.910000E+37,+1.498470E+03,+3.584400E+04
11:41:47,0e0,+1.385939E-01,+1.000000E-06,+9.910000E+37,+1.498690E+03,+3.584400E+04,+1.394134E-01,+1.000000E-06,+9.910000E+37,+1.498758E+03,+3.584400E+04,+1.387760E-01,+1.000000E-06,+9.910000E+37,+1.498824E+03,+3.584400E+04,-6.828025E-03,+0.000000E+00,+9.910000E+37,+1.498890E+03,+3.584400E+04
11:41:47,0e0,+1.401871E-01,+1.116000E-06,+9.910000E+37,+1.499112E+03,+3.584400E+04,+1.405515E-01,+1.116000E-06,+9.910000E+37,+1.499179E+03,+3.584400E+04,+1.406427E-01,+1.116000E-06,+9.910000E+37,+1.499246E+03,+3.584400E+04,-6.144941E-03,+0.000000E+00,+9.910000E+37,+1.499312E+03,+3.584400E+04
11:41:47,0e0,+1.529355E-01,+1.245000E-06,+9.910000E+37,+1.499537E+03,+3.584400E+04,+1.536189E-01,+1.245000E-06,+9.910000E+37,+1.499604E+03,+3.584400E+04,+1.522518E-01,+1.245000E-06,+9.910000E+37,+1.499670E+03,+3.584400E+04,-6.918997E-03,+0.000000E+00,+9.910000E+37,+1.499736E+03,+3.584400E+04
11:41:47,0e0,+1.686898E-01,+1.389500E-06,+9.910000E+37,+1.499960E+03,+3.584400E+04,+1.683253E-01,+1.389500E-06,+9.910000E+37,+1.500026E+03,+3.584400E+04,+1.695994E-01,+1.389500E-06,+9.910000E+37,+1.500093E+03,+3.584400E+04,-6.600127E-03,+0.000000E+00,+9.910000E+37,+1.500159E+03,+3.584400E+04
11:41:47,0e0,+1.832134E-01,+1.550500E-06,+9.910000E+37,+1.500382E+03,+3.584400E+04,+1.837599E-01,+1.550500E-06,+9.910000E+37,+1.500448E+03,+3.584400E+04,+1.846239E-01,+1.550500E-06,+9.910000E+37,+1.500515E+03,+3.584400E+04,-7.010058E-03,+0.000000E+00,+9.910000E+37,+1.500581E+03,+3.584400E+04
11:41:47,0e0,+2.011517E-01,+1.730000E-06,+9.910000E+37,+1.500804E+03,+3.584400E+04,+2.006962E-01,+1.730000E-06,+9.910000E+37,+1.500870E+03,+3.584400E+04,+1.999227E-01,+1.730000E-06,+9.910000E+37,+1.500937E+03,+3.584400E+04,-6.372556E-03,+0.000000E+00,+9.910000E+37,+1.501003E+03,+3.584400E+04
11:41:47,0e0,+2.187261E-01,+1.930500E-06,+9.910000E+37,+1.501224E+03,+3.584400E+04,+2.183626E-01,+1.930500E-06,+9.910000E+37,+1.501290E+03,+3.584400E+04,+2.174957E-01,+1.930500E-06,+9.910000E+37,+1.501357E+03,+3.584400E+04,-5.280092E-03,+0.000000E+00,+9.910000E+37,+1.501423E+03,+3.584400E+04
11:41:47,0e0,+2.381670E-01,+2.154500E-06,+9.910000E+37,+1.501645E+03,+3.584400E+04,+2.371646E-01,+2.154500E-06,+9.910000E+37,+1.501711E+03,+3.584400E+04,+2.384404E-01,+2.154500E-06,+9.910000E+37,+1.501778E+03,+3.584400E+04,-6.509364E-03,+0.000000E+00,+9.910000E+37,+1.501844E+03,+3.584400E+04
11:41:47,0e0,+2.582449E-01,+2.404000E-06,+9.910000E+37,+1.502069E+03,+3.584400E+04,+2.587919E-01,+2.404000E-06,+9.910000E+37,+1.502137E+03,+3.584400E+04,+2.593388E-01,+2.404000E-06,+9.910000E+37,+1.502202E+03,+3.584400E+04,-6.008089E-03,+0.000000E+00,+9.910000E+37,+1.502269E+03,+3.584400E+04
11:41:47,0e0,+2.814203E-01,+2.682500E-06,+9.910000E+37,+1.502492E+03,+3.584400E+04,+2.830135E-01,+2.682500E-06,+9.910000E+37,+1.502559E+03,+3.584400E+04,+2.821028E-01,+2.682500E-06,+9.910000E+37,+1.502625E+03,+3.584400E+04,-6.281748E-03,+0.000000E+00,+9.910000E+37,+1.502691E+03,+3.584400E+04
11:41:47,0e0,+3.066902E-01,+2.993500E-06,+9.910000E+37,+1.502913E+03,+3.584400E+04,+3.077365E-01,+2.993500E-06,+9.910000E+37,+1.502980E+03,+3.584400E+04,+3.058688E-01,+2.993500E-06,+9.910000E+37,+1.503048E+03,+3.584400E+04,-4.824758E-03,+0.000000E+00,+9.910000E+37,+1.503113E+03,+3.584400E+04
11:41:47,0e0,+3.326869E-01,+3.340500E-06,+9.910000E+37,+1.503337E+03,+3.584400E+04,+3.323689E-01,+3.340500E-06,+9.910000E+37,+1.503403E+03,+3.584400E+04,+3.325964E-01,+3.340500E-06,+9.910000E+37,+1.503470E+03,+3.584400E+04,-5.780950E-03,+0.000000E+00,+9.910000E+37,+1.503537E+03,+3.584400E+04
11:41:47,0e0,+3.591847E-01,+3.727500E-06,+9.910000E+37,+1.503758E+03,+3.584400E+04,+3.601872E-01,+3.727500E-06,+9.910000E+37,+1.503825E+03,+3.584400E+04,+3.605052E-01,+3.727500E-06,+9.910000E+37,+1.503891E+03,+3.584400E+04,-7.009745E-03,+0.000000E+00,+9.910000E+37,+1.503957E+03,+3.584400E+04
11:41:47,0e0,+3.904182E-01,+4.159500E-06,+9.910000E+37,+1.504179E+03,+3.584400E+04,+3.905107E-01,+4.159500E-06,+9.910000E+37,+1.504244E+03,+3.584400E+04,+3.896433E-01,+4.159500E-06,+9.910000E+37,+1.504311E+03,+3.584400E+04,-5.371198E-03,+0.000000E+00,+9.910000E+37,+1.504378E+03,+3.584400E+04
11:41:47,0e0,+4.222899E-01,+4.641500E-06,+9.910000E+37,+1.504604E+03,+3.584400E+04,+4.225613E-01,+4.641500E-06,+9.910000E+37,+1.504671E+03,+3.584400E+04,+4.224269E-01,+4.641500E-06,+9.910000E+37,+1.504737E+03,+3.584400E+04,-6.008044E-03,+0.000000E+00,+9.910000E+37,+1.504805E+03,+3.584400E+04
11:41:47,0e0,+4.558901E-01,+5.179500E-06,+9.910000E+37,+1.505030E+03,+3.584400E+04,+4.565275E-01,+5.179500E-06,+9.910000E+37,+1.505098E+03,+3.584400E+04,+4.563457E-01,+5.179500E-06,+9.910000E+37,+1.505163E+03,+3.584400E+04,-5.462170E-03,+0.000000E+00,+9.910000E+37,+1.505230E+03,+3.584400E+04
11:41:47,0e0,+4.903548E-01,+5.779500E-06,+9.910000E+37,+1.505454E+03,+3.584400E+04,+4.922229E-01,+5.779500E-06,+9.910000E+37,+1.505521E+03,+3.584400E+04,+4.908103E-01,+5.779500E-06,+9.910000E+37,+1.505587E+03,+3.584400E+04,-6.281704E-03,+0.000000E+00,+9.910000E+37,+1.505653E+03,+3.584400E+04
11:41:47,0e0,+5.308331E-01,+6.449500E-06,+9.910000E+37,+1.505877E+03,+3.584400E+04,+5.302403E-01,+6.449500E-06,+9.910000E+37,+1.505944E+03,+3.584400E+04,+5.303292E-01,+6.449500E-06,+9.910000E+37,+1.506010E+03,+3.584400E+04,-6.008521E-03,+0.000000E+00,+9.910000E+37,+1.506077E+03,+3.584400E+04
11:41:47,0e0,+5.721282E-01,+7.197000E-06,+9.910000E+37,+1.506303E+03,+3.584400E+04,+5.718542E-01,+7.197000E-06,+9.910000E+37,+1.506368E+03,+3.584400E+04,+5.708079E-01,+7.197000E-06,+9.910000E+37,+1.506435E+03,+3.584400E+04,-6.054118E-03,+0.000000E+00,+9.910000E+37,+1.506502E+03,+3.584400E+04
11:41:47,0e0,+6.143794E-01,+8.031000E-06,+9.910000E+37,+1.506729E+03,+3.584400E+04,+6.133768E-01,+8.031000E-06,+9.910000E+37,+1.506795E+03,+3.584400E+04,+6.129656E-01,+8.031000E-06,+9.910000E+37,+1.506861E+03,+3.584400E+04,-6.372511E-03,+0.000000E+00,+9.910000E+37,+1.506928E+03,+3.584400E+04
11:41:47,0e0,+6.599059E-01,+8.961500E-06,+9.910000E+37,+1.507153E+03,+3.584400E+04,+6.606368E-01,+8.961500E-06,+9.910000E+37,+1.507221E+03,+3.584400E+04,+6.608636E-01,+8.961500E-06,+9.910000E+37,+1.507286E+03,+3.584400E+04,-5.690008E-03,+0.000000E+00,+9.910000E+37,+1.507353E+03,+3.584400E+04
11:41:47,0e0,+7.091246E-01,+1.000000E-05,+9.910000E+37,+1.507575E+03,+3.584400E+04,+7.102182E-01,+1.000000E-05,+9.910000E+37,+1.507642E+03,+3.584400E+04,+7.085781E-01,+1.000000E-05,+9.910000E+37,+1.507708E+03,+3.584400E+04,-6.873727E-03,+0.000000E+00,+9.910000E+37,+1.507774E+03,+3.584400E+04
11:41:47,0e0,+7.486453E-01,+1.116000E-05,+9.910000E+37,+1.507994E+03,+3.584400E+04,+7.489638E-01,+1.116000E-05,+9.910000E+37,+1.508060E+03,+3.584400E+04,+7.480091E-01,+1.116000E-05,+9.910000E+37,+1.508127E+03,+3.584400E+04,-9.287164E-03,+0.000000E+00,+9.910000E+37,+1.508192E+03,+3.584400E+04
11:41:47,0e0,+8.014597E-01,+1.245000E-05,+9.910000E+37,+1.508411E+03,+3.584400E+04,+8.000944E-01,+1.245000E-05,+9.910000E+37,+1.508477E+03,+3.584400E+04,+8.013688E-01,+1.245000E-05,+9.910000E+37,+1.508544E+03,+3.584400E+04,-7.829398E-03,+0.000000E+00,+9.910000E+37,+1.508611E+03,+3.584400E+04
11:41:47,0e0,+8.561407E-01,+1.389500E-05,+9.910000E+37,+1.508834E+03,+3.584400E+04,+8.549107E-01,+1.389500E-05,+9.910000E+37,+1.508899E+03,+3.584400E+04,+8.551389E-01,+1.389500E-05,+9.910000E+37,+1.508966E+03,+3.584400E+04,-6.054133E-03,+0.000000E+00,+9.910000E+37,+1.509035E+03,+3.584400E+04
11:41:47,0e0,+9.146920E-01,+1.550500E-05,+9.910000E+37,+1.509257E+03,+3.584400E+04,+9.127369E-01,+1.550500E-05,+9.910000E+37,+1.509322E+03,+3.584400E+04,+9.128716E-01,+1.550500E-05,+9.910000E+37,+1.509390E+03,+3.584400E+04,-7.283464E-03,+0.000000E+00,+9.910000E+37,+1.509457E+03,+3.584400E+04
11:41:47,0e0,+9.751555E-01,+1.730000E-05,+9.910000E+37,+1.509676E+03,+3.584400E+04,+9.737891E-01,+1.730000E-05,+9.910000E+37,+1.509742E+03,+3.584400E+04,+9.736526E-01,+1.730000E-05,+9.910000E+37,+1.509809E+03,+3.584400E+04,-7.146373E-03,+0.000000E+00,+9.910000E+37,+1.509881E+03,+3.584400E+04
11:41:47,0e0,+1.040079E+00,+1.930500E-05,+9.910000E+37,+1.510101E+03,+3.584400E+04,+1.037986E+00,+1.930500E-05,+9.910000E+37,+1.510168E+03,+3.584400E+04,+1.035844E+00,+1.930500E-05,+9.910000E+37,+1.510233E+03,+3.584400E+04,-9.013861E-03,+0.000000E+00,+9.910000E+37,+1.510304E+03,+3.584400E+04
11:41:47,0e0,+1.107103E+00,+2.154500E-05,+9.910000E+37,+1.510516E+03,+3.584400E+04,+1.106144E+00,+2.154500E-05,+9.910000E+37,+1.510583E+03,+3.584400E+04,+1.106235E+00,+2.154500E-05,+9.910000E+37,+1.510648E+03,+3.584400E+04,-8.194104E-03,+0.000000E+00,+9.910000E+37,+1.510715E+03,+3.584400E+04
11:41:47,0e0,+1.178993E+00,+2.404000E-05,+9.910000E+37,+1.510927E+03,+3.584400E+04,+1.178901E+00,+2.404000E-05,+9.910000E+37,+1.510993E+03,+3.584400E+04,+1.177672E+00,+2.404000E-05,+9.910000E+37,+1.511061E+03,+3.584400E+04,-8.103102E-03,+0.000000E+00,+9.910000E+37,+1.511126E+03,+3.584400E+04
11:41:47,0e0,+1.254253E+00,+2.682500E-05,+9.910000E+37,+1.511343E+03,+3.584400E+04,+1.252385E+00,+2.682500E-05,+9.910000E+37,+1.511409E+03,+3.584400E+04,+1.250607E+00,+2.682500E-05,+9.910000E+37,+1.511476E+03,+3.584400E+04,-7.966369E-03,+0.000000E+00,+9.910000E+37,+1.511541E+03,+3.584400E+04
11:41:47,0e0,+1.332788E+00,+2.993500E-05,+9.910000E+37,+1.511756E+03,+3.584400E+04,+1.331291E+00,+2.993500E-05,+9.910000E+37,+1.511822E+03,+3.584400E+04,+1.331061E+00,+2.993500E-05,+9.910000E+37,+1.511889E+03,+3.584400E+04,-8.330792E-03,+0.000000E+00,+9.910000E+37,+1.511955E+03,+3.584400E+04
11:41:47,0e0,+1.416608E+00,+3.340500E-05,+9.910000E+37,+1.512173E+03,+3.584400E+04,+1.415747E+00,+3.340500E-05,+9.910000E+37,+1.512239E+03,+3.584400E+04,+1.413789E+00,+3.340500E-05,+9.910000E+37,+1.512306E+03,+3.584400E+04,-7.374540E-03,+0.000000E+00,+9.910000E+37,+1.512371E+03,+3.584400E+04
11:41:47,0e0,+1.506031E+00,+3.727500E-05,+9.910000E+37,+1.512594E+03,+3.584400E+04,+1.504118E+00,+3.727500E-05,+9.910000E+37,+1.512659E+03,+3.584400E+04,+1.502252E+00,+3.727500E-05,+9.910000E+37,+1.512727E+03,+3.584400E+04,-7.511079E-03,+0.000000E+00,+9.910000E+37,+1.512795E+03,+3.584400E+04
11:41:47,0e0,+1.598961E+00,+4.159500E-05,+9.910000E+37,+1.513010E+03,+3.584400E+04,+1.596635E+00,+4.159500E-05,+9.910000E+37,+1.513075E+03,+3.584400E+04,+1.595043E+00,+4.159500E-05,+9.910000E+37,+1.513142E+03,+3.584400E+04,-6.463960E-03,+0.000000E+00,+9.910000E+37,+1.513209E+03,+3.584400E+04
11:41:47,0e0,+1.697762E+00,+4.641500E-05,+9.910000E+37,+1.513418E+03,+3.584400E+04,+1.692655E+00,+4.641500E-05,+9.910000E+37,+1.513484E+03,+3.584400E+04,+1.693522E+00,+4.641500E-05,+9.910000E+37,+1.513552E+03,+3.584400E+04,-6.099567E-03,+0.000000E+00,+9.910000E+37,+1.513617E+03,+3.584400E+04
11:41:47,0e0,+1.801291E+00,+5.179500E-05,+9.910000E+37,+1.513834E+03,+3.584400E+04,+1.797649E+00,+5.179500E-05,+9.910000E+37,+1.513901E+03,+3.584400E+04,+1.797285E+00,+5.179500E-05,+9.910000E+37,+1.513969E+03,+3.584400E+04,-7.693291E-03,+0.000000E+00,+9.910000E+37,+1.514034E+03,+3.584400E+04
11:41:47,0e0,+1.911928E+00,+5.779500E-05,+9.910000E+37,+1.514251E+03,+3.584400E+04,+1.906648E+00,+5.779500E-05,+9.910000E+37,+1.514316E+03,+3.584400E+04,+1.904825E+00,+5.779500E-05,+9.910000E+37,+1.514384E+03,+3.584400E+04,-8.376479E-03,+0.000000E+00,+9.910000E+37,+1.514449E+03,+3.584400E+04
11:41:47,0e0,+2.026303E+00,+6.449500E-05,+9.910000E+37,+1.514665E+03,+3.584400E+04,+2.020971E+00,+6.449500E-05,+9.910000E+37,+1.514732E+03,+3.584400E+04,+2.019878E+00,+6.449500E-05,+9.910000E+37,+1.514798E+03,+3.584400E+04,-7.101402E-03,+0.000000E+00,+9.910000E+37,+1.514865E+03,+3.584400E+04
11:41:47,0e0,+2.148408E+00,+7.197000E-05,+9.910000E+37,+1.515080E+03,+3.584400E+04,+2.142995E+00,+7.197000E-05,+9.910000E+37,+1.515146E+03,+3.584400E+04,+2.141305E+00,+7.197000E-05,+9.910000E+37,+1.515213E+03,+3.584400E+04,-7.784560E-03,+0.000000E+00,+9.910000E+37,+1.515282E+03,+3.584400E+04
11:41:47,0e0,+2.277667E+00,+8.031000E-05,+9.910000E+37,+1.515500E+03,+3.584400E+04,+2.271385E+00,+8.031000E-05,+9.910000E+37,+1.515565E+03,+3.584400E+04,+2.268106E+00,+8.031000E-05,+9.910000E+37,+1.515634E+03,+3.584400E+04,-7.784158E-03,+0.000000E+00,+9.910000E+37,+1.515704E+03,+3.584400E+04
11:41:47,0e0,+2.413392E+00,+8.961500E-05,+9.910000E+37,+1.515926E+03,+3.584400E+04,+2.405238E+00,+8.961500E-05,+9.910000E+37,+1.515992E+03,+3.584400E+04,+2.403603E+00,+8.961500E-05,+9.910000E+37,+1.516060E+03,+3.584400E+04,-6.646141E-03,+0.000000E+00,+9.910000E+37,+1.516127E+03,+3.584400E+04
11:41:47,0e0,+2.556491E+00,+1.000000E-04,+9.910000E+37,+1.516337E+03,+3.584400E+04,+2.549527E+00,+1.000000E-04,+9.910000E+37,+1.516409E+03,+3.584400E+04,+2.546106E+00,+1.000000E-04,+9.910000E+37,+1.516475E+03,+3.584400E+04,-6.509468E-03,+0.000000E+00,+9.910000E+37,+1.516542E+03,+3.584400E+04
11:41:47,0e0,+2.694263E+00,+1.116000E-04,+9.910000E+37,+1.516759E+03,+3.584400E+04,+2.684793E+00,+1.116000E-04,+9.910000E+37,+1.516826E+03,+3.584400E+04,+2.684840E+00,+1.116000E-04,+9.910000E+37,+1.516892E+03,+3.584400E+04,-1.488701E-02,+0.000000E+00,+9.910000E+37,+1.516958E+03,+3.584400E+04
11:41:47,0e0,+2.850709E+00,+1.245000E-04,+9.910000E+37,+1.517182E+03,+3.584400E+04,+2.841185E+00,+1.245000E-04,+9.910000E+37,+1.517247E+03,+3.584400E+04,+2.839823E+00,+1.245000E-04,+9.910000E+37,+1.517314E+03,+3.584400E+04,-1.547848E-02,+0.000000E+00,+9.910000E+37,+1.517380E+03,+3.584400E+04
11:41:47,0e0,+3.015609E+00,+1.389500E-04,+9.910000E+37,+1.517603E+03,+3.584400E+04,+3.006506E+00,+1.389500E-04,+9.910000E+37,+1.517670E+03,+3.584400E+04,+3.003594E+00,+1.389500E-04,+9.910000E+37,+1.517736E+03,+3.584400E+04,-1.447681E-02,+0.000000E+00,+9.910000E+37,+1.517804E+03,+3.584400E+04
11:41:47,0e0,+3.189225E+00,+1.550500E-04,+9.910000E+37,+1.518025E+03,+3.584400E+04,+3.177377E+00,+1.550500E-04,+9.910000E+37,+1.518093E+03,+3.584400E+04,+3.175559E+00,+1.550500E-04,+9.910000E+37,+1.518158E+03,+3.584400E+04,-1.479587E-02,+0.000000E+00,+9.910000E+37,+1.518226E+03,+3.584400E+04
11:41:47,0e0,+3.368239E+00,+1.730000E-04,+9.910000E+37,+1.518449E+03,+3.584400E+04,+3.357904E+00,+1.730000E-04,+9.910000E+37,+1.518517E+03,+3.584400E+04,+3.353617E+00,+1.730000E-04,+9.910000E+37,+1.518583E+03,+3.584400E+04,-1.566099E-02,+0.000000E+00,+9.910000E+37,+1.518650E+03,+3.584400E+04
11:41:47,0e0,+3.556139E+00,+1.930500E-04,+9.910000E+37,+1.518872E+03,+3.584400E+04,+3.544668E+00,+1.930500E-04,+9.910000E+37,+1.518939E+03,+3.584400E+04,+3.540976E+00,+1.930500E-04,+9.910000E+37,+1.519007E+03,+3.584400E+04,-1.561548E-02,+0.000000E+00,+9.910000E+37,+1.519072E+03,+3.584400E+04
11:41:47,0e0,+3.750005E+00,+2.154500E-04,+9.910000E+37,+1.519295E+03,+3.584400E+04,+3.737172E+00,+2.154500E-04,+9.910000E+37,+1.519360E+03,+3.584400E+04,+3.736574E+00,+2.154500E-04,+9.910000E+37,+1.519428E+03,+3.584400E+04,-1.456837E-02,+0.000000E+00,+9.910000E+37,+1.519493E+03,+3.584400E+04
11:41:47,0e0,+3.950563E+00,+2.404000E-04,+9.910000E+37,+1.519720E+03,+3.584400E+04,+3.936399E+00,+2.404000E-04,+9.910000E+37,+1.519786E+03,+3.584400E+04,+3.935537E+00,+2.404000E-04,+9.910000E+37,+1.519853E+03,+3.584400E+04,-1.566100E-02,+0.000000E+00,+9.910000E+37,+1.519920E+03,+3.584400E+04
11:41:47,0e0,+4.155901E+00,+2.682500E-04,+9.910000E+37,+1.520140E+03,+3.584400E+04,+4.141827E+00,+2.682500E-04,+9.910000E+37,+1.520205E+03,+3.584400E+04,+4.141329E+00,+2.682500E-04,+9.910000E+37,+1.520272E+03,+3.584400E+04,-1.634400E-02,+0.000000E+00,+9.910000E+37,+1.520338E+03,+3.584400E+04
11:41:47,0e0,+4.366790E+00,+2.993500E-04,+9.910000E+37,+1.520564E+03,+3.584400E+04,+4.353136E+00,+2.993500E-04,+9.910000E+37,+1.520631E+03,+3.584400E+04,+4.351630E+00,+2.993500E-04,+9.910000E+37,+1.520698E+03,+3.584400E+04,-1.588906E-02,+0.000000E+00,+9.910000E+37,+1.520764E+03,+3.584400E+04
11:41:47,0e0,+4.579873E+00,+3.340500E-04,+9.910000E+37,+1.520985E+03,+3.584400E+04,+4.566768E+00,+3.340500E-04,+9.910000E+37,+1.521053E+03,+3.584400E+04,+4.566580E+00,+3.340500E-04,+9.910000E+37,+1.521118E+03,+3.584400E+04,-1.502356E-02,+0.000000E+00,+9.910000E+37,+1.521185E+03,+3.584400E+04
11:41:47,0e0,+4.792815E+00,+3.727500E-04,+9.910000E+37,+1.521413E+03,+3.584400E+04,+4.780203E+00,+3.727500E-04,+9.910000E+37,+1.521479E+03,+3.584400E+04,+4.780197E+00,+3.727500E-04,+9.910000E+37,+1.521546E+03,+3.584400E+04,-1.529673E-02,+0.000000E+00,+9.910000E+37,+1.521611E+03,+3.584400E+04
11:41:47,0e0,+5.006485E+00,+4.159500E-04,+9.910000E+37,+1.521838E+03,+3.584400E+04,+4.995566E+00,+4.159500E-04,+9.910000E+37,+1.521904E+03,+3.584400E+04,+4.994054E+00,+4.159500E-04,+9.910000E+37,+1.521971E+03,+3.584400E+04,-1.461385E-02,+0.000000E+00,+9.910000E+37,+1.522036E+03,+3.584400E+04
11:41:47,0e0,+5.218973E+00,+4.641500E-04,+9.910000E+37,+1.522262E+03,+3.584400E+04,+5.207190E+00,+4.641500E-04,+9.910000E+37,+1.522328E+03,+3.584400E+04,+5.207181E+00,+4.641500E-04,+9.910000E+37,+1.522395E+03,+3.584400E+04,-1.493257E-02,+0.000000E+00,+9.910000E+37,+1.522460E+03,+3.584400E+04
11:41:47,0e0,+5.424768E+00,+5.179500E-04,+9.910000E+37,+1.522684E+03,+3.584400E+04,+5.414701E+00,+5.179500E-04,+9.910000E+37,+1.522749E+03,+3.584400E+04,+5.414071E+00,+5.179500E-04,+9.910000E+37,+1.522815E+03,+3.584400E+04,-1.315674E-02,+0.000000E+00,+9.910000E+37,+1.522882E+03,+3.584400E+04
11:41:47,0e0,+5.625315E+00,+5.779500E-04,+9.910000E+37,+1.523104E+03,+3.584400E+04,+5.617355E+00,+5.779500E-04,+9.910000E+37,+1.523171E+03,+3.584400E+04,+5.616991E+00,+5.779500E-04,+9.910000E+37,+1.523236E+03,+3.584400E+04,-1.429509E-02,+0.000000E+00,+9.910000E+37,+1.523304E+03,+3.584400E+04
11:41:47,0e0,+5.822057E+00,+6.449500E-04,+9.910000E+37,+1.523524E+03,+3.584400E+04,+5.813351E+00,+6.449500E-04,+9.910000E+37,+1.523591E+03,+3.584400E+04,+5.815411E+00,+6.449500E-04,+9.910000E+37,+1.523658E+03,+3.584400E+04,-1.534252E-02,+0.000000E+00,+9.910000E+37,+1.523724E+03,+3.584400E+04
11:41:47,0e0,+6.012372E+00,+7.197000E-04,+9.910000E+37,+1.523949E+03,+3.584400E+04,+6.006404E+00,+7.197000E-04,+9.910000E+37,+1.524015E+03,+3.584400E+04,+6.004363E+00,+7.197000E-04,+9.910000E+37,+1.524081E+03,+3.584400E+04,-1.324801E-02,+0.000000E+00,+9.910000E+37,+1.524148E+03,+3.584400E+04
11:41:47,0e0,+6.197449E+00,+8.031000E-04,+9.910000E+37,+1.524372E+03,+3.584400E+04,+6.190434E+00,+8.031000E-04,+9.910000E+37,+1.524438E+03,+3.584400E+04,+6.187875E+00,+8.031000E-04,+9.910000E+37,+1.524505E+03,+3.584400E+04,-1.438619E-02,+0.000000E+00,+9.910000E+37,+1.524570E+03,+3.584400E+04
11:41:47,0e0,+6.373957E+00,+8.961500E-04,+9.910000E+37,+1.524791E+03,+3.584400E+04,+6.370463E+00,+8.961500E-04,+9.910000E+37,+1.524857E+03,+3.584400E+04,+6.368866E+00,+8.961500E-04,+9.910000E+37,+1.524925E+03,+3.584400E+04,-1.479566E-02,+0.000000E+00,+9.910000E+37,+1.524990E+03,+3.584400E+04
11:41:47,0e0,+6.549164E+00,+1.000000E-03,+9.910000E+37,+1.525201E+03,+3.584400E+04,+6.545027E+00,+1.000000E-03,+9.910000E+37,+1.525273E+03,+3.584400E+04,+6.543794E+00,+1.000000E-03,+9.910000E+37,+1.525340E+03,+3.584400E+04,-1.529685E-02,+0.000000E+00,+9.910000E+37,+1.525406E+03,+3.584400E+04
11:41:47,0e0,+6.705786E+00,+1.116000E-03,+9.910000E+37,+1.525623E+03,+3.584400E+04,+6.700820E+00,+1.116000E-03,+9.910000E+37,+1.525688E+03,+3.584400E+04,+6.699923E+00,+1.116000E-03,+9.910000E+37,+1.525756E+03,+3.584400E+04,-2.373458E-01,+0.000000E+00,+9.910000E+37,+1.525821E+03,+3.584400E+04
11:41:47,0e0,+6.873014E+00,+1.245000E-03,+9.910000E+37,+1.526042E+03,+3.584400E+04,+6.868104E+00,+1.245000E-03,+9.910000E+37,+1.526109E+03,+3.584400E+04,+6.866343E+00,+1.245000E-03,+9.910000E+37,+1.526175E+03,+3.584400E+04,-2.468621E-01,+0.000000E+00,+9.910000E+37,+1.526242E+03,+3.584400E+04
11:41:47,0e0,+7.036726E+00,+1.389500E-03,+9.910000E+37,+1.526463E+03,+3.584400E+04,+7.033740E+00,+1.389500E-03,+9.910000E+37,+1.526530E+03,+3.584400E+04,+7.031001E+00,+1.389500E-03,+9.910000E+37,+1.526596E+03,+3.584400E+04,-2.368904E-01,+0.000000E+00,+9.910000E+37,+1.526663E+03,+3.584400E+04
11:41:47,0e0,+7.200880E+00,+1.550500E-03,+9.910000E+37,+1.526884E+03,+3.584400E+04,+7.196444E+00,+1.550500E-03,+9.910000E+37,+1.526951E+03,+3.584400E+04,+7.196414E+00,+1.550500E-03,+9.910000E+37,+1.527017E+03,+3.584400E+04,-2.335210E-01,+0.000000E+00,+9.910000E+37,+1.527084E+03,+3.584400E+04
11:41:47,0e0,+7.363917E+00,+1.730000E-03,+9.910000E+37,+1.527304E+03,+3.584400E+04,+7.359996E+00,+1.730000E-03,+9.910000E+37,+1.527371E+03,+3.584400E+04,+7.358422E+00,+1.730000E-03,+9.910000E+37,+1.527438E+03,+3.584400E+04,-2.320640E-01,+0.000000E+00,+9.910000E+37,+1.527504E+03,+3.584400E+04
11:41:47,0e0,+7.525762E+00,+1.930500E-03,+9.910000E+37,+1.527723E+03,+3.584400E+04,+7.522674E+00,+1.930500E-03,+9.910000E+37,+1.527789E+03,+3.584400E+04,+7.521034E+00,+1.930500E-03,+9.910000E+37,+1.527855E+03,+3.584400E+04,-2.324283E-01,+0.000000E+00,+9.910000E+37,+1.527923E+03,+3.584400E+04
11:41:47,0e0,+7.688955E+00,+2.154500E-03,+9.910000E+37,+1.528145E+03,+3.584400E+04,+7.686630E+00,+2.154500E-03,+9.910000E+37,+1.528212E+03,+3.584400E+04,+7.685356E+00,+2.154500E-03,+9.910000E+37,+1.528278E+03,+3.584400E+04,-2.356611E-01,+0.000000E+00,+9.910000E+37,+1.528345E+03,+3.584400E+04
11:41:47,0e0,+7.851949E+00,+2.404000E-03,+9.910000E+37,+1.528565E+03,+3.584400E+04,+7.849246E+00,+2.404000E-03,+9.910000E+37,+1.528632E+03,+3.584400E+04,+7.849156E+00,+2.404000E-03,+9.910000E+37,+1.528698E+03,+3.584400E+04,-2.368905E-01,+0.000000E+00,+9.910000E+37,+1.528766E+03,+3.584400E+04
11:41:47,0e0,+8.018175E+00,+2.682500E-03,+9.910000E+37,+1.528985E+03,+3.584400E+04,+8.017087E+00,+2.682500E-03,+9.910000E+37,+1.529053E+03,+3.584400E+04,+8.015262E+00,+2.682500E-03,+9.910000E+37,+1.529120E+03,+3.584400E+04,-2.312444E-01,+0.000000E+00,+9.910000E+37,+1.529186E+03,+3.584400E+04
11:41:47,0e0,+8.185818E+00,+2.993500E-03,+9.910000E+37,+1.529407E+03,+3.584400E+04,+8.183982E+00,+2.993500E-03,+9.910000E+37,+1.529475E+03,+3.584400E+04,+8.182953E+00,+2.993500E-03,+9.910000E+37,+1.529541E+03,+3.584400E+04,-2.224111E-01,+0.000000E+00,+9.910000E+37,+1.529606E+03,+3.584400E+04
11:41:47,0e0,+8.356641E+00,+3.340500E-03,+9.910000E+37,+1.529833E+03,+3.584400E+04,+8.356284E+00,+3.340500E-03,+9.910000E+37,+1.529899E+03,+3.584400E+04,+8.353275E+00,+3.340500E-03,+9.910000E+37,+1.529966E+03,+3.584400E+04,-2.217282E-01,+0.000000E+00,+9.910000E+37,+1.530031E+03,+3.584400E+04
11:41:47,0e0,+8.529877E+00,+3.727500E-03,+9.910000E+37,+1.530259E+03,+3.584400E+04,+8.528017E+00,+3.727500E-03,+9.910000E+37,+1.530325E+03,+3.584400E+04,+8.527025E+00,+3.727500E-03,+9.910000E+37,+1.530391E+03,+3.584400E+04,-2.065213E-01,+0.000000E+00,+9.910000E+37,+1.530457E+03,+3.584400E+04
11:41:47,0e0,+8.705132E+00,+4.159500E-03,+9.910000E+37,+1.530682E+03,+3.584400E+04,+8.704535E+00,+4.159500E-03,+9.910000E+37,+1.530748E+03,+3.584400E+04,+8.702760E+00,+4.159500E-03,+9.910000E+37,+1.530814E+03,+3.584400E+04,-2.026968E-01,+0.000000E+00,+9.910000E+37,+1.530882E+03,+3.584400E+04
11:41:47,0e0,+8.883711E+00,+4.641500E-03,+9.910000E+37,+1.531102E+03,+3.584400E+04,+8.883008E+00,+4.641500E-03,+9.910000E+37,+1.531168E+03,+3.584400E+04,+8.881144E+00,+4.641500E-03,+9.910000E+37,+1.531234E+03,+3.584400E+04,-1.901307E-01,+0.000000E+00,+9.910000E+37,+1.531301E+03,+3.584400E+04
11:41:47,0e0,+9.065905E+00,+5.179500E-03,+9.910000E+37,+1.531525E+03,+3.584400E+04,+9.065769E+00,+5.179500E-03,+9.910000E+37,+1.531593E+03,+3.584400E+04,+9.063854E+00,+5.179500E-03,+9.910000E+37,+1.531660E+03,+3.584400E+04,-1.888558E-01,+0.000000E+00,+9.910000E+37,+1.531726E+03,+3.584400E+04
11:41:47,0e0,+9.251899E+00,+5.779500E-03,+9.910000E+37,+1.531951E+03,+3.584400E+04,+9.252251E+00,+5.779500E-03,+9.910000E+37,+1.532018E+03,+3.584400E+04,+9.250615E+00,+5.779500E-03,+9.910000E+37,+1.532084E+03,+3.584400E+04,-1.820719E-01,+0.000000E+00,+9.910000E+37,+1.532149E+03,+3.584400E+04
11:41:47,0e0,+9.441928E+00,+6.449500E-03,+9.910000E+37,+1.532369E+03,+3.584400E+04,+9.442431E+00,+6.449500E-03,+9.910000E+37,+1.532436E+03,+3.584400E+04,+9.441298E+00,+6.449500E-03,+9.910000E+37,+1.532503E+03,+3.584400E+04,-1.768815E-01,+0.000000E+00,+9.910000E+37,+1.532568E+03,+3.584400E+04
11:41:47,0e0,+9.635708E+00,+7.197000E-03,+9.910000E+37,+1.532788E+03,+3.584400E+04,+9.637435E+00,+7.197000E-03,+9.910000E+37,+1.532854E+03,+3.584400E+04,+9.633910E+00,+7.197000E-03,+9.910000E+37,+1.532921E+03,+3.584400E+04,-1.672293E-01,+0.000000E+00,+9.910000E+37,+1.532987E+03,+3.584400E+04
11:41:47,0e0,+9.834904E+00,+8.031000E-03,+9.910000E+37,+1.533208E+03,+3.584400E+04,+9.835743E+00,+8.031000E-03,+9.910000E+37,+1.533275E+03,+3.584400E+04,+9.834170E+00,+8.031000E-03,+9.910000E+37,+1.533342E+03,+3.584400E+04,-1.577135E-01,+0.000000E+00,+9.910000E+37,+1.533407E+03,+3.584400E+04
11:41:47,0e0,+1.003869E+01,+8.961500E-03,+9.910000E+37,+1.533625E+03,+3.584400E+04,+1.003933E+01,+8.961500E-03,+9.910000E+37,+1.533690E+03,+3.584400E+04,+1.003800E+01,+8.961500E-03,+9.910000E+37,+1.533758E+03,+3.584400E+04,-1.473328E-01,+0.000000E+00,+9.910000E+37,+1.533825E+03,+3.584400E+04
