11:55:20,0e0,-3.932335E+00,+1.000000E-07,+9.910000E+37,+2.927275E+02,+3.584400E+04,+1.003684E-02,+1.000000E-07,+9.910000E+37,+2.927949E+02,+3.584400E+04,+1.030974E-02,+1.000000E-07,+9.910000E+37,+2.928613E+02,+3.584400E+04,-3.522339E-02,+0.000000E+00,+9.910000E+37,+2.929277E+02,+3.584400E+04
11:55:20,0e0,-2.625900E+00,+1.116000E-07,+9.910000E+37,+2.931514E+02,+3.584400E+04,+1.322365E-02,+1.116000E-07,+9.910000E+37,+2.932168E+02,+3.584400E+04,+1.509094E-02,+1.116000E-07,+9.910000E+37,+2.932832E+02,+3.584400E+04,-3.613444E-02,+0.000000E+00,+9.910000E+37,+2.933496E+02,+3.584400E+04
11:55:20,0e0,-2.164118E+00,+1.245000E-07,+9.910000E+37,+2.935713E+02,+3.584400E+04,+1.768658E-02,+1.245000E-07,+9.910000E+37,+2.936367E+02,+3.584400E+04,+1.713966E-02,+1.245000E-07,+9.910000E+37,+2.937041E+02,+3.584400E+04,-3.613456E-02,+0.000000E+00,+9.910000E+37,+2.937695E+02,+3.584400E+04
11:55:20,0e0,-1.183817E+00,+1.389500E-07,+9.910000E+37,+2.939951E+02,+3.584400E+04,+2.014495E-02,+1.389500E-07,+9.910000E+37,+2.940605E+02,+3.584400E+04,+1.905213E-02,+1.389500E-07,+9.910000E+37,+2.941279E+02,+3.584400E+04,-3.577018E-02,+0.000000E+00,+9.910000E+37,+2.941953E+02,+3.584400E+04
11:55:20,0e0,-7.306867E-01,+1.550500E-07,+9.910000E+37,+2.944160E+02,+3.584400E+04,+2.287693E-02,+1.550500E-07,+9.910000E+37,+2.944824E+02,+3.584400E+04,+2.305883E-02,+1.550500E-07,+9.910000E+37,+2.945498E+02,+3.584400E+04,-3.490457E-02,+0.000000E+00,+9.910000E+37,+2.946152E+02,+3.584400E+04
11:55:20,0e0,-2.837485E-01,+1.730000E-07,+9.910000E+37,+2.948369E+02,+3.584400E+04,+2.469836E-02,+1.730000E-07,+9.910000E+37,+2.949033E+02,+3.584400E+04,+2.556340E-02,+1.730000E-07,+9.910000E+37,+2.949697E+02,+3.584400E+04,-3.422195E-02,+0.000000E+00,+9.910000E+37,+2.950371E+02,+3.584400E+04
11:55:20,0e0,-7.114953E-02,+1.930500E-07,+9.910000E+37,+2.952617E+02,+3.584400E+04,+2.888715E-02,+1.930500E-07,+9.910000E+37,+2.953291E+02,+3.584400E+04,+2.829510E-02,+1.930500E-07,+9.910000E+37,+2.953945E+02,+3.584400E+04,-3.659001E-02,+0.000000E+00,+9.910000E+37,+2.954609E+02,+3.584400E+04
11:55:20,0e0,+3.221142E-02,+2.154500E-07,+9.910000E+37,+2.956885E+02,+3.584400E+04,+3.253007E-02,+2.154500E-07,+9.910000E+37,+2.957539E+02,+3.584400E+04,+3.257561E-02,+2.154500E-07,+9.910000E+37,+2.958203E+02,+3.584400E+04,-3.709103E-02,+0.000000E+00,+9.910000E+37,+2.958867E+02,+3.584400E+04
11:55:20,0e0,+3.507933E-02,+2.404000E-07,+9.910000E+37,+2.961133E+02,+3.584400E+04,+3.690150E-02,+2.404000E-07,+9.910000E+37,+2.961807E+02,+3.584400E+04,+3.585356E-02,+2.404000E-07,+9.910000E+37,+2.962480E+02,+3.584400E+04,-3.590669E-02,+0.000000E+00,+9.910000E+37,+2.963135E+02,+3.584400E+04
11:55:20,0e0,+4.140931E-02,+2.682500E-07,+9.910000E+37,+2.965342E+02,+3.584400E+04,+4.068038E-02,+2.682500E-07,+9.910000E+37,+2.965996E+02,+3.584400E+04,+4.022467E-02,+2.682500E-07,+9.910000E+37,+2.966670E+02,+3.584400E+04,-3.554225E-02,+0.000000E+00,+9.910000E+37,+2.967324E+02,+3.584400E+04
11:55:20,0e0,+4.523396E-02,+2.993500E-07,+9.910000E+37,+2.969551E+02,+3.584400E+04,+4.450548E-02,+2.993500E-07,+9.910000E+37,+2.970205E+02,+3.584400E+04,+4.364035E-02,+2.993500E-07,+9.910000E+37,+2.970869E+02,+3.584400E+04,-3.485934E-02,+0.000000E+00,+9.910000E+37,+2.971543E+02,+3.584400E+04
11:55:20,0e0,+4.901347E-02,+3.340500E-07,+9.910000E+37,+2.973828E+02,+3.584400E+04,+4.696372E-02,+3.340500E-07,+9.910000E+37,+2.974502E+02,+3.584400E+04,+4.846677E-02,+3.340500E-07,+9.910000E+37,+2.975176E+02,+3.584400E+04,-3.535998E-02,+0.000000E+00,+9.910000E+37,+2.975830E+02,+3.584400E+04
11:55:20,0e0,+5.297431E-02,+3.727500E-07,+9.910000E+37,+2.978086E+02,+3.584400E+04,+5.274674E-02,+3.727500E-07,+9.910000E+37,+2.978760E+02,+3.584400E+04,+5.133468E-02,+3.727500E-07,+9.910000E+37,+2.979434E+02,+3.584400E+04,-3.581540E-02,+0.000000E+00,+9.910000E+37,+2.980088E+02,+3.584400E+04
11:55:20,0e0,+5.616173E-02,+4.159500E-07,+9.910000E+37,+2.982363E+02,+3.584400E+04,+5.616164E-02,+4.159500E-07,+9.910000E+37,+2.983027E+02,+3.584400E+04,+5.452204E-02,+4.159500E-07,+9.910000E+37,+2.983691E+02,+3.584400E+04,-3.645289E-02,+0.000000E+00,+9.910000E+37,+2.984355E+02,+3.584400E+04
11:55:20,0e0,+5.980435E-02,+4.641500E-07,+9.910000E+37,+2.986562E+02,+3.584400E+04,+6.062403E-02,+4.641500E-07,+9.910000E+37,+2.987227E+02,+3.584400E+04,+6.126136E-02,+4.641500E-07,+9.910000E+37,+2.987900E+02,+3.584400E+04,-1.697291E-01,+0.000000E+00,+9.910000E+37,+2.988555E+02,+3.584400E+04
11:55:20,0e0,+6.403875E-02,+5.179500E-07,+9.910000E+37,+2.990771E+02,+3.584400E+04,+6.467643E-02,+5.179500E-07,+9.910000E+37,+2.991426E+02,+3.584400E+04,+6.513211E-02,+5.179500E-07,+9.910000E+37,+2.992090E+02,+3.584400E+04,-3.898931E-01,+0.000000E+00,+9.910000E+37,+2.992764E+02,+3.584400E+04
11:55:20,0e0,+6.822780E-02,+5.779500E-07,+9.910000E+37,+2.995020E+02,+3.584400E+04,+7.036784E-02,+5.779500E-07,+9.910000E+37,+2.995684E+02,+3.584400E+04,+6.950292E-02,+5.779500E-07,+9.910000E+37,+2.996357E+02,+3.584400E+04,-9.166540E-01,+0.000000E+00,+9.910000E+37,+2.997031E+02,+3.584400E+04
11:55:20,0e0,+7.442033E-02,+6.449500E-07,+9.910000E+37,+2.999277E+02,+3.584400E+04,+7.401079E-02,+6.449500E-07,+9.910000E+37,+2.999941E+02,+3.584400E+04,+7.319099E-02,+6.449500E-07,+9.910000E+37,+3.000605E+02,+3.584400E+04,-1.907109E+00,+0.000000E+00,+9.910000E+37,+3.001279E+02,+3.584400E+04
11:55:20,0e0,+7.838190E-02,+7.197000E-07,+9.910000E+37,+3.003525E+02,+3.584400E+04,+7.833648E-02,+7.197000E-07,+9.910000E+37,+3.004189E+02,+3.584400E+04,+7.874596E-02,+7.197000E-07,+9.910000E+37,+3.004863E+02,+3.584400E+04,-3.288451E+00,+0.000000E+00,+9.910000E+37,+3.005518E+02,+3.584400E+04
11:55:20,0e0,+8.243424E-02,+8.031000E-07,+9.910000E+37,+3.007734E+02,+3.584400E+04,+8.279851E-02,+8.031000E-07,+9.910000E+37,+3.008398E+02,+3.584400E+04,+8.425558E-02,+8.031000E-07,+9.910000E+37,+3.009063E+02,+3.584400E+04,-5.023968E+00,+0.000000E+00,+9.910000E+37,+3.009727E+02,+3.584400E+04
11:55:20,0e0,+8.826253E-02,+8.961500E-07,+9.910000E+37,+3.011953E+02,+3.584400E+04,+8.808041E-02,+8.961500E-07,+9.910000E+37,+3.012617E+02,+3.584400E+04,+8.675951E-02,+8.961500E-07,+9.910000E+37,+3.013281E+02,+3.584400E+04,-6.812809E+00,+0.000000E+00,+9.910000E+37,+3.013955E+02,+3.584400E+04
11:55:20,0e0,+9.313464E-02,+1.000000E-06,+9.910000E+37,+3.016172E+02,+3.584400E+04,+9.163132E-02,+1.000000E-06,+9.910000E+37,+3.016846E+02,+3.584400E+04,+9.263361E-02,+1.000000E-06,+9.910000E+37,+3.017500E+02,+3.584400E+04,-8.829375E+00,+0.000000E+00,+9.910000E+37,+3.018174E+02,+3.584400E+04
11:55:20,0e0,+8.744299E-02,+1.116000E-06,+9.910000E+37,+3.020410E+02,+3.584400E+04,+8.794358E-02,+1.116000E-06,+9.910000E+37,+3.021084E+02,+3.584400E+04,+8.571202E-02,+1.116000E-06,+9.910000E+37,+3.021738E+02,+3.584400E+04,-3.586131E-02,+0.000000E+00,+9.910000E+37,+3.022412E+02,+3.584400E+04
11:55:20,0e0,+9.245163E-02,+1.245000E-06,+9.910000E+37,+3.024668E+02,+3.584400E+04,+9.204176E-02,+1.245000E-06,+9.910000E+37,+3.025332E+02,+3.584400E+04,+9.181416E-02,+1.245000E-06,+9.910000E+37,+3.025996E+02,+3.584400E+04,-3.517789E-02,+0.000000E+00,+9.910000E+37,+3.026670E+02,+3.584400E+04
11:55:20,0e0,+9.440911E-02,+1.389500E-06,+9.910000E+37,+3.028887E+02,+3.584400E+04,+9.682289E-02,+1.389500E-06,+9.910000E+37,+3.029551E+02,+3.584400E+04,+9.659475E-02,+1.389500E-06,+9.910000E+37,+3.030225E+02,+3.584400E+04,-3.536056E-02,+0.000000E+00,+9.910000E+37,+3.030879E+02,+3.584400E+04
11:55:20,0e0,+1.002829E-01,+1.550500E-06,+9.910000E+37,+3.033135E+02,+3.584400E+04,+1.013759E-01,+1.550500E-06,+9.910000E+37,+3.033809E+02,+3.584400E+04,+1.011940E-01,+1.550500E-06,+9.910000E+37,+3.034473E+02,+3.584400E+04,-3.522404E-02,+0.000000E+00,+9.910000E+37,+3.035137E+02,+3.584400E+04
11:55:20,0e0,+1.061115E-01,+1.730000E-06,+9.910000E+37,+3.037354E+02,+3.584400E+04,+1.045182E-01,+1.730000E-06,+9.910000E+37,+3.038018E+02,+3.584400E+04,+1.058838E-01,+1.730000E-06,+9.910000E+37,+3.038691E+02,+3.584400E+04,-3.649913E-02,+0.000000E+00,+9.910000E+37,+3.039346E+02,+3.584400E+04
11:55:20,0e0,+1.121221E-01,+1.930500E-06,+9.910000E+37,+3.041582E+02,+3.584400E+04,+1.120761E-01,+1.930500E-06,+9.910000E+37,+3.042236E+02,+3.584400E+04,+1.106648E-01,+1.930500E-06,+9.910000E+37,+3.042900E+02,+3.584400E+04,-3.522398E-02,+0.000000E+00,+9.910000E+37,+3.043564E+02,+3.584400E+04
11:55:20,0e0,+1.160378E-01,+2.154500E-06,+9.910000E+37,+3.045820E+02,+3.584400E+04,+1.164020E-01,+2.154500E-06,+9.910000E+37,+3.046484E+02,+3.584400E+04,+1.159008E-01,+2.154500E-06,+9.910000E+37,+3.047158E+02,+3.584400E+04,-3.577015E-02,+0.000000E+00,+9.910000E+37,+3.047822E+02,+3.584400E+04
11:55:20,0e0,+1.212745E-01,+2.404000E-06,+9.910000E+37,+3.050059E+02,+3.584400E+04,+1.215473E-01,+2.404000E-06,+9.910000E+37,+3.050713E+02,+3.584400E+04,+1.204085E-01,+2.404000E-06,+9.910000E+37,+3.051387E+02,+3.584400E+04,-3.649889E-02,+0.000000E+00,+9.910000E+37,+3.052051E+02,+3.584400E+04
11:55:20,0e0,+1.265557E-01,+2.682500E-06,+9.910000E+37,+3.054316E+02,+3.584400E+04,+1.264642E-01,+2.682500E-06,+9.910000E+37,+3.054980E+02,+3.584400E+04,+1.264198E-01,+2.682500E-06,+9.910000E+37,+3.055654E+02,+3.584400E+04,-3.640790E-02,+0.000000E+00,+9.910000E+37,+3.056318E+02,+3.584400E+04
11:55:20,0e0,+1.323846E-01,+2.993500E-06,+9.910000E+37,+3.058652E+02,+3.584400E+04,+1.315643E-01,+2.993500E-06,+9.910000E+37,+3.059316E+02,+3.584400E+04,+1.320655E-01,+2.993500E-06,+9.910000E+37,+3.059980E+02,+3.584400E+04,-3.508732E-02,+0.000000E+00,+9.910000E+37,+3.060645E+02,+3.584400E+04
11:55:20,0e0,+1.366637E-01,+3.340500E-06,+9.910000E+37,+3.062900E+02,+3.584400E+04,+1.373922E-01,+3.340500E-06,+9.910000E+37,+3.063564E+02,+3.584400E+04,+1.381212E-01,+3.340500E-06,+9.910000E+37,+3.064238E+02,+3.584400E+04,-3.458644E-02,+0.000000E+00,+9.910000E+37,+3.064893E+02,+3.584400E+04
11:55:20,0e0,+1.434485E-01,+3.727500E-06,+9.910000E+37,+3.067197E+02,+3.584400E+04,+1.431296E-01,+3.727500E-06,+9.910000E+37,+3.067861E+02,+3.584400E+04,+1.440862E-01,+3.727500E-06,+9.910000E+37,+3.068525E+02,+3.584400E+04,-3.476866E-02,+0.000000E+00,+9.910000E+37,+3.069199E+02,+3.584400E+04
11:55:20,0e0,+1.501421E-01,+4.159500E-06,+9.910000E+37,+3.071406E+02,+3.584400E+04,+1.499143E-01,+4.159500E-06,+9.910000E+37,+3.072070E+02,+3.584400E+04,+1.503246E-01,+4.159500E-06,+9.910000E+37,+3.072744E+02,+3.584400E+04,-7.165071E-02,+0.000000E+00,+9.910000E+37,+3.073398E+02,+3.584400E+04
11:55:20,0e0,+1.565164E-01,+4.641500E-06,+9.910000E+37,+3.075625E+02,+3.584400E+04,+1.573816E-01,+4.641500E-06,+9.910000E+37,+3.076299E+02,+3.584400E+04,+1.562435E-01,+4.641500E-06,+9.910000E+37,+3.076953E+02,+3.584400E+04,-1.409066E-01,+0.000000E+00,+9.910000E+37,+3.077617E+02,+3.584400E+04
11:55:20,0e0,+1.633925E-01,+5.179500E-06,+9.910000E+37,+3.079834E+02,+3.584400E+04,+1.652590E-01,+5.179500E-06,+9.910000E+37,+3.080498E+02,+3.584400E+04,+1.641662E-01,+5.179500E-06,+9.910000E+37,+3.081172E+02,+3.584400E+04,-4.038267E-01,+0.000000E+00,+9.910000E+37,+3.081826E+02,+3.584400E+04
11:55:20,0e0,+1.712236E-01,+5.779500E-06,+9.910000E+37,+3.084043E+02,+3.584400E+04,+1.701765E-01,+5.779500E-06,+9.910000E+37,+3.084707E+02,+3.584400E+04,+1.711326E-01,+5.779500E-06,+9.910000E+37,+3.085381E+02,+3.584400E+04,-9.518545E-01,+0.000000E+00,+9.910000E+37,+3.086055E+02,+3.584400E+04
11:55:20,0e0,+1.767786E-01,+6.449500E-06,+9.910000E+37,+3.088301E+02,+3.584400E+04,+1.777805E-01,+6.449500E-06,+9.910000E+37,+3.088975E+02,+3.584400E+04,+1.785097E-01,+6.449500E-06,+9.910000E+37,+3.089629E+02,+3.584400E+04,-1.940532E+00,+0.000000E+00,+9.910000E+37,+3.090303E+02,+3.584400E+04
11:55:20,0e0,+1.857030E-01,+7.197000E-06,+9.910000E+37,+3.092520E+02,+3.584400E+04,+1.860217E-01,+7.197000E-06,+9.910000E+37,+3.093193E+02,+3.584400E+04,+1.861133E-01,+7.197000E-06,+9.910000E+37,+3.093848E+02,+3.584400E+04,-3.161535E+00,+0.000000E+00,+9.910000E+37,+3.094521E+02,+3.584400E+04
11:55:20,0e0,+1.939904E-01,+8.031000E-06,+9.910000E+37,+3.096729E+02,+3.584400E+04,+1.937168E-01,+8.031000E-06,+9.910000E+37,+3.097393E+02,+3.584400E+04,+1.939450E-01,+8.031000E-06,+9.910000E+37,+3.098057E+02,+3.584400E+04,-5.068856E+00,+0.000000E+00,+9.910000E+37,+3.098711E+02,+3.584400E+04
11:55:20,0e0,+2.032335E-01,+8.961500E-06,+9.910000E+37,+3.100938E+02,+3.584400E+04,+2.018226E-01,+8.961500E-06,+9.910000E+37,+3.101592E+02,+3.584400E+04,+2.023231E-01,+8.961500E-06,+9.910000E+37,+3.102266E+02,+3.584400E+04,-6.967798E+00,+0.000000E+00,+9.910000E+37,+3.102920E+02,+3.584400E+04
11:55:20,0e0,+2.109285E-01,+1.000000E-05,+9.910000E+37,+3.105146E+02,+3.584400E+04,+2.109289E-01,+1.000000E-05,+9.910000E+37,+3.105801E+02,+3.584400E+04,+2.105192E-01,+1.000000E-05,+9.910000E+37,+3.106465E+02,+3.584400E+04,-8.759413E+00,+0.000000E+00,+9.910000E+37,+3.107139E+02,+3.584400E+04
11:55:20,0e0,+2.078320E-01,+1.116000E-05,+9.910000E+37,+3.109385E+02,+3.584400E+04,+2.082875E-01,+1.116000E-05,+9.910000E+37,+3.110049E+02,+3.584400E+04,+2.082422E-01,+1.116000E-05,+9.910000E+37,+3.110723E+02,+3.584400E+04,-4.433073E-02,+0.000000E+00,+9.910000E+37,+3.111377E+02,+3.584400E+04
11:55:20,0e0,+2.162103E-01,+1.245000E-05,+9.910000E+37,+3.113525E+02,+3.584400E+04,+2.175309E-01,+1.245000E-05,+9.910000E+37,+3.114180E+02,+3.584400E+04,+2.162099E-01,+1.245000E-05,+9.910000E+37,+3.114854E+02,+3.584400E+04,-4.501367E-02,+0.000000E+00,+9.910000E+37,+3.115537E+02,+3.584400E+04
11:55:20,0e0,+2.238145E-01,+1.389500E-05,+9.910000E+37,+3.117734E+02,+3.584400E+04,+2.239960E-01,+1.389500E-05,+9.910000E+37,+3.118398E+02,+3.584400E+04,+2.258643E-01,+1.389500E-05,+9.910000E+37,+3.119063E+02,+3.584400E+04,-4.478610E-02,+0.000000E+00,+9.910000E+37,+3.119766E+02,+3.584400E+04
11:55:20,0e0,+2.351978E-01,+1.550500E-05,+9.910000E+37,+3.121934E+02,+3.584400E+04,+2.346053E-01,+1.550500E-05,+9.910000E+37,+3.122598E+02,+3.584400E+04,+2.334218E-01,+1.550500E-05,+9.910000E+37,+3.123271E+02,+3.584400E+04,-4.437622E-02,+0.000000E+00,+9.910000E+37,+3.123975E+02,+3.584400E+04
11:55:20,0e0,+2.452151E-01,+1.730000E-05,+9.910000E+37,+3.126201E+02,+3.584400E+04,+2.426195E-01,+1.730000E-05,+9.910000E+37,+3.126865E+02,+3.584400E+04,+2.432113E-01,+1.730000E-05,+9.910000E+37,+3.127529E+02,+3.584400E+04,-4.451269E-02,+0.000000E+00,+9.910000E+37,+3.128223E+02,+3.584400E+04
11:55:20,0e0,+2.530925E-01,+1.930500E-05,+9.910000E+37,+3.130400E+02,+3.584400E+04,+2.542762E-01,+1.930500E-05,+9.910000E+37,+3.131074E+02,+3.584400E+04,+2.531378E-01,+1.930500E-05,+9.910000E+37,+3.131729E+02,+3.584400E+04,-4.515044E-02,+0.000000E+00,+9.910000E+37,+3.132441E+02,+3.584400E+04
11:55:20,0e0,+2.625172E-01,+2.154500E-05,+9.910000E+37,+3.134668E+02,+3.584400E+04,+2.629732E-01,+2.154500E-05,+9.910000E+37,+3.135342E+02,+3.584400E+04,+2.628828E-01,+2.154500E-05,+9.910000E+37,+3.135996E+02,+3.584400E+04,-4.405746E-02,+0.000000E+00,+9.910000E+37,+3.136689E+02,+3.584400E+04
11:55:20,0e0,+2.739924E-01,+2.404000E-05,+9.910000E+37,+3.138877E+02,+3.584400E+04,+2.722608E-01,+2.404000E-05,+9.910000E+37,+3.139541E+02,+3.584400E+04,+2.733547E-01,+2.404000E-05,+9.910000E+37,+3.140205E+02,+3.584400E+04,-4.442176E-02,+0.000000E+00,+9.910000E+37,+3.140908E+02,+3.584400E+04
11:55:20,0e0,+2.830075E-01,+2.682500E-05,+9.910000E+37,+3.143145E+02,+3.584400E+04,+2.843289E-01,+2.682500E-05,+9.910000E+37,+3.143809E+02,+3.584400E+04,+2.830992E-01,+2.682500E-05,+9.910000E+37,+3.144482E+02,+3.584400E+04,-4.396614E-02,+0.000000E+00,+9.910000E+37,+3.145156E+02,+3.584400E+04
11:55:20,0e0,+2.944365E-01,+2.993500E-05,+9.910000E+37,+3.147344E+02,+3.584400E+04,+2.940717E-01,+2.993500E-05,+9.910000E+37,+3.147998E+02,+3.584400E+04,+2.947551E-01,+2.993500E-05,+9.910000E+37,+3.148672E+02,+3.584400E+04,-4.328328E-02,+0.000000E+00,+9.910000E+37,+3.149385E+02,+3.584400E+04
11:55:20,0e0,+3.063214E-01,+3.340500E-05,+9.910000E+37,+3.151602E+02,+3.584400E+04,+3.065938E-01,+3.340500E-05,+9.910000E+37,+3.152256E+02,+3.584400E+04,+3.059563E-01,+3.340500E-05,+9.910000E+37,+3.152930E+02,+3.584400E+04,-4.469495E-02,+0.000000E+00,+9.910000E+37,+3.153613E+02,+3.584400E+04
11:55:20,0e0,+3.170670E-01,+3.727500E-05,+9.910000E+37,+3.155830E+02,+3.584400E+04,+3.186601E-01,+3.727500E-05,+9.910000E+37,+3.156494E+02,+3.584400E+04,+3.175215E-01,+3.727500E-05,+9.910000E+37,+3.157168E+02,+3.584400E+04,-4.478623E-02,+0.000000E+00,+9.910000E+37,+3.157871E+02,+3.584400E+04
11:55:20,0e0,+3.271284E-01,+4.159500E-05,+9.910000E+37,+3.160068E+02,+3.584400E+04,+3.286774E-01,+4.159500E-05,+9.910000E+37,+3.160742E+02,+3.584400E+04,+3.279943E-01,+4.159500E-05,+9.910000E+37,+3.161396E+02,+3.584400E+04,-4.428479E-02,+0.000000E+00,+9.910000E+37,+3.162109E+02,+3.584400E+04
11:55:20,0e0,+3.406075E-01,+4.641500E-05,+9.910000E+37,+3.164336E+02,+3.584400E+04,+3.403334E-01,+4.641500E-05,+9.910000E+37,+3.165010E+02,+3.584400E+04,+3.402882E-01,+4.641500E-05,+9.910000E+37,+3.165664E+02,+3.584400E+04,-7.356308E-02,+0.000000E+00,+9.910000E+37,+3.166348E+02,+3.584400E+04
11:55:20,0e0,+3.513523E-01,+5.179500E-05,+9.910000E+37,+3.168555E+02,+3.584400E+04,+3.529014E-01,+5.179500E-05,+9.910000E+37,+3.169219E+02,+3.584400E+04,+3.532655E-01,+5.179500E-05,+9.910000E+37,+3.169883E+02,+3.584400E+04,-9.405312E-02,+0.000000E+00,+9.910000E+37,+3.170596E+02,+3.584400E+04
11:55:20,0e0,+3.649221E-01,+5.779500E-05,+9.910000E+37,+3.172822E+02,+3.584400E+04,+3.652406E-01,+5.779500E-05,+9.910000E+37,+3.173496E+02,+3.584400E+04,+3.653318E-01,+5.779500E-05,+9.910000E+37,+3.174150E+02,+3.584400E+04,-3.500943E-01,+0.000000E+00,+9.910000E+37,+3.174863E+02,+3.584400E+04
11:55:20,0e0,+3.769876E-01,+6.449500E-05,+9.910000E+37,+3.177109E+02,+3.584400E+04,+3.765777E-01,+6.449500E-05,+9.910000E+37,+3.177764E+02,+3.584400E+04,+3.776257E-01,+6.449500E-05,+9.910000E+37,+3.178437E+02,+3.584400E+04,-1.051121E+00,+0.000000E+00,+9.910000E+37,+3.179111E+02,+3.584400E+04
11:55:20,0e0,+3.898740E-01,+7.197000E-05,+9.910000E+37,+3.181348E+02,+3.584400E+04,+3.912401E-01,+7.197000E-05,+9.910000E+37,+3.182021E+02,+3.584400E+04,+3.903754E-01,+7.197000E-05,+9.910000E+37,+3.182676E+02,+3.584400E+04,-2.086928E+00,+0.000000E+00,+9.910000E+37,+3.183369E+02,+3.584400E+04
11:55:20,0e0,+4.023954E-01,+8.031000E-05,+9.910000E+37,+3.185557E+02,+3.584400E+04,+4.043990E-01,+8.031000E-05,+9.910000E+37,+3.186221E+02,+3.584400E+04,+4.033062E-01,+8.031000E-05,+9.910000E+37,+3.186895E+02,+3.584400E+04,-2.701440E+00,+0.000000E+00,+9.910000E+37,+3.187617E+02,+3.584400E+04
11:55:20,0e0,+4.164661E-01,+8.961500E-05,+9.910000E+37,+3.189824E+02,+3.584400E+04,+4.162382E-01,+8.961500E-05,+9.910000E+37,+3.190498E+02,+3.584400E+04,+4.161471E-01,+8.961500E-05,+9.910000E+37,+3.191152E+02,+3.584400E+04,-4.109148E+00,+0.000000E+00,+9.910000E+37,+3.191875E+02,+3.584400E+04
11:55:20,0e0,+4.288969E-01,+1.000000E-04,+9.910000E+37,+3.194062E+02,+3.584400E+04,+4.308090E-01,+1.000000E-04,+9.910000E+37,+3.194736E+02,+3.584400E+04,+4.303070E-01,+1.000000E-04,+9.910000E+37,+3.195449E+02,+3.584400E+04,-5.538603E+00,+0.000000E+00,+9.910000E+37,+3.196162E+02,+3.584400E+04
11:55:20,0e0,+4.307169E-01,+1.116000E-04,+9.910000E+37,+3.198418E+02,+3.584400E+04,+4.312190E-01,+1.116000E-04,+9.910000E+37,+3.199092E+02,+3.584400E+04,+4.316279E-01,+1.116000E-04,+9.910000E+37,+3.199756E+02,+3.584400E+04,-4.550552E-01,+0.000000E+00,+9.910000E+37,+3.200430E+02,+3.584400E+04
11:55:20,0e0,+4.434662E-01,+1.245000E-04,+9.910000E+37,+3.202656E+02,+3.584400E+04,+4.431484E-01,+1.245000E-04,+9.910000E+37,+3.203320E+02,+3.584400E+04,+4.430560E-01,+1.245000E-04,+9.910000E+37,+3.203994E+02,+3.584400E+04,-4.854731E-01,+0.000000E+00,+9.910000E+37,+3.204648E+02,+3.584400E+04
11:55:20,0e0,+4.550307E-01,+1.389500E-04,+9.910000E+37,+3.206875E+02,+3.584400E+04,+4.548950E-01,+1.389500E-04,+9.910000E+37,+3.207529E+02,+3.584400E+04,+4.545754E-01,+1.389500E-04,+9.910000E+37,+3.208193E+02,+3.584400E+04,-5.135684E-01,+0.000000E+00,+9.910000E+37,+3.208857E+02,+3.584400E+04
11:55:20,0e0,+4.679627E-01,+1.550500E-04,+9.910000E+37,+3.211064E+02,+3.584400E+04,+4.679179E-01,+1.550500E-04,+9.910000E+37,+3.211738E+02,+3.584400E+04,+4.680995E-01,+1.550500E-04,+9.910000E+37,+3.212393E+02,+3.584400E+04,-4.596995E-01,+0.000000E+00,+9.910000E+37,+3.213057E+02,+3.584400E+04
11:55:20,0e0,+4.811227E-01,+1.730000E-04,+9.910000E+37,+3.215264E+02,+3.584400E+04,+4.806671E-01,+1.730000E-04,+9.910000E+37,+3.215928E+02,+3.584400E+04,+4.797109E-01,+1.730000E-04,+9.910000E+37,+3.216592E+02,+3.584400E+04,-4.656645E-01,+0.000000E+00,+9.910000E+37,+3.217266E+02,+3.584400E+04
11:55:20,0e0,+4.926425E-01,+1.930500E-04,+9.910000E+37,+3.219482E+02,+3.584400E+04,+4.930059E-01,+1.930500E-04,+9.910000E+37,+3.220137E+02,+3.584400E+04,+4.933255E-01,+1.930500E-04,+9.910000E+37,+3.220811E+02,+3.584400E+04,-5.069203E-01,+0.000000E+00,+9.910000E+37,+3.221465E+02,+3.584400E+04
11:55:20,0e0,+5.053004E-01,+2.154500E-04,+9.910000E+37,+3.223701E+02,+3.584400E+04,+5.054374E-01,+2.154500E-04,+9.910000E+37,+3.224365E+02,+3.584400E+04,+5.064845E-01,+2.154500E-04,+9.910000E+37,+3.225039E+02,+3.584400E+04,-4.634786E-01,+0.000000E+00,+9.910000E+37,+3.225693E+02,+3.584400E+04
11:55:20,0e0,+5.171841E-01,+2.404000E-04,+9.910000E+37,+3.227949E+02,+3.584400E+04,+5.177773E-01,+2.404000E-04,+9.910000E+37,+3.228623E+02,+3.584400E+04,+5.177306E-01,+2.404000E-04,+9.910000E+37,+3.229287E+02,+3.584400E+04,-4.971753E-01,+0.000000E+00,+9.910000E+37,+3.229951E+02,+3.584400E+04
11:55:20,0e0,+5.314820E-01,+2.682500E-04,+9.910000E+37,+3.232178E+02,+3.584400E+04,+5.306626E-01,+2.682500E-04,+9.910000E+37,+3.232842E+02,+3.584400E+04,+5.300241E-01,+2.682500E-04,+9.910000E+37,+3.233516E+02,+3.584400E+04,-5.068752E-01,+0.000000E+00,+9.910000E+37,+3.234170E+02,+3.584400E+04
11:55:20,0e0,+5.436379E-01,+2.993500E-04,+9.910000E+37,+3.236396E+02,+3.584400E+04,+5.441401E-01,+2.993500E-04,+9.910000E+37,+3.237070E+02,+3.584400E+04,+5.439593E-01,+2.993500E-04,+9.910000E+37,+3.237734E+02,+3.584400E+04,-4.663931E-01,+0.000000E+00,+9.910000E+37,+3.238408E+02,+3.584400E+04
11:55:20,0e0,+5.560689E-01,+3.340500E-04,+9.910000E+37,+3.240625E+02,+3.584400E+04,+5.569351E-01,+3.340500E-04,+9.910000E+37,+3.241289E+02,+3.584400E+04,+5.565698E-01,+3.340500E-04,+9.910000E+37,+3.241953E+02,+3.584400E+04,-4.952171E-01,+0.000000E+00,+9.910000E+37,+3.242627E+02,+3.584400E+04
11:55:20,0e0,+5.705499E-01,+3.727500E-04,+9.910000E+37,+3.244893E+02,+3.584400E+04,+5.712339E-01,+3.727500E-04,+9.910000E+37,+3.245557E+02,+3.584400E+04,+5.705485E-01,+3.727500E-04,+9.910000E+37,+3.246221E+02,+3.584400E+04,-4.775951E-01,+0.000000E+00,+9.910000E+37,+3.246895E+02,+3.584400E+04
11:55:20,0e0,+5.839797E-01,+4.159500E-04,+9.910000E+37,+3.249131E+02,+3.584400E+04,+5.836621E-01,+4.159500E-04,+9.910000E+37,+3.249795E+02,+3.584400E+04,+5.829331E-01,+4.159500E-04,+9.910000E+37,+3.250459E+02,+3.584400E+04,-5.114739E-01,+0.000000E+00,+9.910000E+37,+3.251123E+02,+3.584400E+04
11:55:20,0e0,+5.979148E-01,+4.641500E-04,+9.910000E+37,+3.253340E+02,+3.584400E+04,+5.980067E-01,+4.641500E-04,+9.910000E+37,+3.254014E+02,+3.584400E+04,+5.984617E-01,+4.641500E-04,+9.910000E+37,+3.254678E+02,+3.584400E+04,-5.057366E-01,+0.000000E+00,+9.910000E+37,+3.255352E+02,+3.584400E+04
11:55:20,0e0,+6.125762E-01,+5.179500E-04,+9.910000E+37,+3.257568E+02,+3.584400E+04,+6.122568E-01,+5.179500E-04,+9.910000E+37,+3.258232E+02,+3.584400E+04,+6.122133E-01,+5.179500E-04,+9.910000E+37,+3.258896E+02,+3.584400E+04,-5.038234E-01,+0.000000E+00,+9.910000E+37,+3.259570E+02,+3.584400E+04
11:55:20,0e0,+6.272830E-01,+5.779500E-04,+9.910000E+37,+3.261797E+02,+3.584400E+04,+6.282397E-01,+5.779500E-04,+9.910000E+37,+3.262461E+02,+3.584400E+04,+6.282404E-01,+5.779500E-04,+9.910000E+37,+3.263135E+02,+3.584400E+04,-7.244456E-01,+0.000000E+00,+9.910000E+37,+3.263789E+02,+3.584400E+04
11:55:20,0e0,+6.437196E-01,+6.449500E-04,+9.910000E+37,+3.266006E+02,+3.584400E+04,+6.454970E-01,+6.449500E-04,+9.910000E+37,+3.266670E+02,+3.584400E+04,+6.451341E-01,+6.449500E-04,+9.910000E+37,+3.267334E+02,+3.584400E+04,-1.085227E+00,+0.000000E+00,+9.910000E+37,+3.268008E+02,+3.584400E+04
11:55:20,0e0,+6.607960E-01,+7.197000E-04,+9.910000E+37,+3.270234E+02,+3.584400E+04,+6.607500E-01,+7.197000E-04,+9.910000E+37,+3.270898E+02,+3.584400E+04,+6.612509E-01,+7.197000E-04,+9.910000E+37,+3.271562E+02,+3.584400E+04,-1.423377E+00,+0.000000E+00,+9.910000E+37,+3.272236E+02,+3.584400E+04
11:55:20,0e0,+6.766408E-01,+8.031000E-04,+9.910000E+37,+3.274463E+02,+3.584400E+04,+6.764584E-01,+8.031000E-04,+9.910000E+37,+3.275117E+02,+3.584400E+04,+6.773718E-01,+8.031000E-04,+9.910000E+37,+3.275791E+02,+3.584400E+04,-1.674827E+00,+0.000000E+00,+9.910000E+37,+3.276455E+02,+3.584400E+04
11:55:20,0e0,+6.927122E-01,+8.961500E-04,+9.910000E+37,+3.278672E+02,+3.584400E+04,+6.952651E-01,+8.961500E-04,+9.910000E+37,+3.279346E+02,+3.584400E+04,+6.941713E-01,+8.961500E-04,+9.910000E+37,+3.280000E+02,+3.584400E+04,-2.027189E+00,+0.000000E+00,+9.910000E+37,+3.280664E+02,+3.584400E+04
11:55:20,0e0,+7.107897E-01,+1.000000E-03,+9.910000E+37,+3.282871E+02,+3.584400E+04,+7.101080E-01,+1.000000E-03,+9.910000E+37,+3.283535E+02,+3.584400E+04,+7.097883E-01,+1.000000E-03,+9.910000E+37,+3.284199E+02,+3.584400E+04,-2.496161E+00,+0.000000E+00,+9.910000E+37,+3.284873E+02,+3.584400E+04
11:55:20,0e0,+7.188520E-01,+1.116000E-03,+9.910000E+37,+3.287109E+02,+3.584400E+04,+7.161624E-01,+1.116000E-03,+9.910000E+37,+3.287783E+02,+3.584400E+04,+7.168025E-01,+1.116000E-03,+9.910000E+37,+3.288447E+02,+3.584400E+04,-1.932608E+00,+0.000000E+00,+9.910000E+37,+3.289111E+02,+3.584400E+04
11:55:20,0e0,+7.348325E-01,+1.245000E-03,+9.910000E+37,+3.291318E+02,+3.584400E+04,+7.353791E-01,+1.245000E-03,+9.910000E+37,+3.291982E+02,+3.584400E+04,+7.346488E-01,+1.245000E-03,+9.910000E+37,+3.292646E+02,+3.584400E+04,-1.878556E+00,+0.000000E+00,+9.910000E+37,+3.293311E+02,+3.584400E+04
11:55:20,0e0,+7.535020E-01,+1.389500E-03,+9.910000E+37,+3.295576E+02,+3.584400E+04,+7.527258E-01,+1.389500E-03,+9.910000E+37,+3.296240E+02,+3.584400E+04,+7.529092E-01,+1.389500E-03,+9.910000E+37,+3.296904E+02,+3.584400E+04,-1.920675E+00,+0.000000E+00,+9.910000E+37,+3.297578E+02,+3.584400E+04
11:55:20,0e0,+7.728072E-01,+1.550500E-03,+9.910000E+37,+3.299805E+02,+3.584400E+04,+7.727151E-01,+1.550500E-03,+9.910000E+37,+3.300469E+02,+3.584400E+04,+7.723050E-01,+1.550500E-03,+9.910000E+37,+3.301133E+02,+3.584400E+04,-1.916803E+00,+0.000000E+00,+9.910000E+37,+3.301797E+02,+3.584400E+04
11:55:20,0e0,+7.919765E-01,+1.730000E-03,+9.910000E+37,+3.304072E+02,+3.584400E+04,+7.920669E-01,+1.730000E-03,+9.910000E+37,+3.304746E+02,+3.584400E+04,+7.917494E-01,+1.730000E-03,+9.910000E+37,+3.305400E+02,+3.584400E+04,-1.951185E+00,+0.000000E+00,+9.910000E+37,+3.306074E+02,+3.584400E+04
11:55:20,0e0,+8.112352E-01,+1.930500E-03,+9.910000E+37,+3.308311E+02,+3.584400E+04,+8.127400E-01,+1.930500E-03,+9.910000E+37,+3.308965E+02,+3.584400E+04,+8.118279E-01,+1.930500E-03,+9.910000E+37,+3.309639E+02,+3.584400E+04,-1.921948E+00,+0.000000E+00,+9.910000E+37,+3.310293E+02,+3.584400E+04
11:55:20,0e0,+8.330920E-01,+2.154500E-03,+9.910000E+37,+3.312520E+02,+3.584400E+04,+8.325902E-01,+2.154500E-03,+9.910000E+37,+3.313193E+02,+3.584400E+04,+8.335934E-01,+2.154500E-03,+9.910000E+37,+3.313848E+02,+3.584400E+04,-1.913615E+00,+0.000000E+00,+9.910000E+37,+3.314521E+02,+3.584400E+04
11:55:20,0e0,+8.556775E-01,+2.404000E-03,+9.910000E+37,+3.316709E+02,+3.584400E+04,+8.556312E-01,+2.404000E-03,+9.910000E+37,+3.317373E+02,+3.584400E+04,+8.549478E-01,+2.404000E-03,+9.910000E+37,+3.318047E+02,+3.584400E+04,-1.940802E+00,+0.000000E+00,+9.910000E+37,+3.318701E+02,+3.584400E+04
11:55:20,0e0,+8.790355E-01,+2.682500E-03,+9.910000E+37,+3.320937E+02,+3.584400E+04,+8.782150E-01,+2.682500E-03,+9.910000E+37,+3.321602E+02,+3.584400E+04,+8.779869E-01,+2.682500E-03,+9.910000E+37,+3.322266E+02,+3.584400E+04,-1.903279E+00,+0.000000E+00,+9.910000E+37,+3.322939E+02,+3.584400E+04
11:55:20,0e0,+9.021648E-01,+2.993500E-03,+9.910000E+37,+3.325156E+02,+3.584400E+04,+9.027133E-01,+2.993500E-03,+9.910000E+37,+3.325830E+02,+3.584400E+04,+9.018010E-01,+2.993500E-03,+9.910000E+37,+3.326484E+02,+3.584400E+04,-1.893902E+00,+0.000000E+00,+9.910000E+37,+3.327139E+02,+3.584400E+04
11:55:20,0e0,+9.268891E-01,+3.340500E-03,+9.910000E+37,+3.329355E+02,+3.584400E+04,+9.270725E-01,+3.340500E-03,+9.910000E+37,+3.330020E+02,+3.584400E+04,+9.285294E-01,+3.340500E-03,+9.910000E+37,+3.330693E+02,+3.584400E+04,-1.941576E+00,+0.000000E+00,+9.910000E+37,+3.331348E+02,+3.584400E+04
11:55:20,0e0,+9.527093E-01,+3.727500E-03,+9.910000E+37,+3.333574E+02,+3.584400E+04,+9.533902E-01,+3.727500E-03,+9.910000E+37,+3.334229E+02,+3.584400E+04,+9.531616E-01,+3.727500E-03,+9.910000E+37,+3.334902E+02,+3.584400E+04,-1.881013E+00,+0.000000E+00,+9.910000E+37,+3.335557E+02,+3.584400E+04
11:55:20,0e0,+9.808033E-01,+4.159500E-03,+9.910000E+37,+3.337773E+02,+3.584400E+04,+9.796615E-01,+4.159500E-03,+9.910000E+37,+3.338437E+02,+3.584400E+04,+9.803900E-01,+4.159500E-03,+9.910000E+37,+3.339102E+02,+3.584400E+04,-1.907971E+00,+0.000000E+00,+9.910000E+37,+3.339766E+02,+3.584400E+04
11:55:20,0e0,+1.009488E+00,+4.641500E-03,+9.910000E+37,+3.341992E+02,+3.584400E+04,+1.010899E+00,+4.641500E-03,+9.910000E+37,+3.342656E+02,+3.584400E+04,+1.009577E+00,+4.641500E-03,+9.910000E+37,+3.343330E+02,+3.584400E+04,-1.895535E+00,+0.000000E+00,+9.910000E+37,+3.343984E+02,+3.584400E+04
11:55:20,0e0,+1.039950E+00,+5.179500E-03,+9.910000E+37,+3.346191E+02,+3.584400E+04,+1.037671E+00,+5.179500E-03,+9.910000E+37,+3.346865E+02,+3.584400E+04,+1.039221E+00,+5.179500E-03,+9.910000E+37,+3.347529E+02,+3.584400E+04,-1.905649E+00,+0.000000E+00,+9.910000E+37,+3.348193E+02,+3.584400E+04
11:55:20,0e0,+1.069226E+00,+5.779500E-03,+9.910000E+37,+3.350410E+02,+3.584400E+04,+1.070183E+00,+5.779500E-03,+9.910000E+37,+3.351074E+02,+3.584400E+04,+1.069999E+00,+5.779500E-03,+9.910000E+37,+3.351748E+02,+3.584400E+04,-1.872498E+00,+0.000000E+00,+9.910000E+37,+3.352402E+02,+3.584400E+04
11:55:20,0e0,+1.102466E+00,+6.449500E-03,+9.910000E+37,+3.354678E+02,+3.584400E+04,+1.102739E+00,+6.449500E-03,+9.910000E+37,+3.355332E+02,+3.584400E+04,+1.101781E+00,+6.449500E-03,+9.910000E+37,+3.355996E+02,+3.584400E+04,-1.927001E+00,+0.000000E+00,+9.910000E+37,+3.356660E+02,+3.584400E+04
11:55:20,0e0,+1.135794E+00,+7.197000E-03,+9.910000E+37,+3.358887E+02,+3.584400E+04,+1.136617E+00,+7.197000E-03,+9.910000E+37,+3.359541E+02,+3.584400E+04,+1.137708E+00,+7.197000E-03,+9.910000E+37,+3.360205E+02,+3.584400E+04,-1.870449E+00,+0.000000E+00,+9.910000E+37,+3.360869E+02,+3.584400E+04
11:55:20,0e0,+1.172543E+00,+8.031000E-03,+9.910000E+37,+3.363086E+02,+3.584400E+04,+1.172951E+00,+8.031000E-03,+9.910000E+37,+3.363740E+02,+3.584400E+04,+1.173726E+00,+8.031000E-03,+9.910000E+37,+3.364414E+02,+3.584400E+04,-1.875408E+00,+0.000000E+00,+9.910000E+37,+3.365078E+02,+3.584400E+04
11:55:20,0e0,+1.208101E+00,+8.961500E-03,+9.910000E+37,+3.367334E+02,+3.584400E+04,+1.208466E+00,+8.961500E-03,+9.910000E+37,+3.367988E+02,+3.584400E+04,+1.209241E+00,+8.961500E-03,+9.910000E+37,+3.368662E+02,+3.584400E+04,-1.886751E+00,+0.000000E+00,+9.910000E+37,+3.369316E+02,+3.584400E+04
