12:08:50,0e0,+5.514324E-03,+1.000000E-07,+9.910000E+37,+1.079081E+03,+3.584400E+04,+6.379157E-03,+1.000000E-07,+9.910000E+37,+1.079147E+03,+3.584400E+04,+5.241066E-03,+1.000000E-07,+9.910000E+37,+1.079215E+03,+3.584400E+04,-8.463651E-03,+0.000000E+00,+9.910000E+37,+1.079280E+03,+3.584400E+04
12:08:50,0e0,+7.836372E-03,+1.116000E-07,+9.910000E+37,+1.079504E+03,+3.584400E+04,+8.200482E-03,+1.116000E-07,+9.910000E+37,+1.079570E+03,+3.584400E+04,+7.972866E-03,+1.116000E-07,+9.910000E+37,+1.079637E+03,+3.584400E+04,-9.738386E-03,+0.000000E+00,+9.910000E+37,+1.079704E+03,+3.584400E+04
12:08:50,0e0,+9.247810E-03,+1.245000E-07,+9.910000E+37,+1.079930E+03,+3.584400E+04,+9.293452E-03,+1.245000E-07,+9.910000E+37,+1.079996E+03,+3.584400E+04,+1.052283E-02,+1.245000E-07,+9.910000E+37,+1.080062E+03,+3.584400E+04,-8.827701E-03,+0.000000E+00,+9.910000E+37,+1.080130E+03,+3.584400E+04
12:08:50,0e0,+1.170649E-02,+1.389500E-07,+9.910000E+37,+1.080354E+03,+3.584400E+04,+1.202494E-02,+1.389500E-07,+9.910000E+37,+1.080421E+03,+3.584400E+04,+1.161550E-02,+1.389500E-07,+9.910000E+37,+1.080488E+03,+3.584400E+04,-9.146437E-03,+0.000000E+00,+9.910000E+37,+1.080554E+03,+3.584400E+04
12:08:50,0e0,+1.480252E-02,+1.550500E-07,+9.910000E+37,+1.080779E+03,+3.584400E+04,+1.516676E-02,+1.550500E-07,+9.910000E+37,+1.080846E+03,+3.584400E+04,+1.493907E-02,+1.550500E-07,+9.910000E+37,+1.080912E+03,+3.584400E+04,-9.328514E-03,+0.000000E+00,+9.910000E+37,+1.080979E+03,+3.584400E+04
12:08:50,0e0,+1.844513E-02,+1.730000E-07,+9.910000E+37,+1.081204E+03,+3.584400E+04,+1.776215E-02,+1.730000E-07,+9.910000E+37,+1.081271E+03,+3.584400E+04,+1.803517E-02,+1.730000E-07,+9.910000E+37,+1.081338E+03,+3.584400E+04,-9.693027E-03,+0.000000E+00,+9.910000E+37,+1.081404E+03,+3.584400E+04
12:08:50,0e0,+2.044815E-02,+1.930500E-07,+9.910000E+37,+1.081629E+03,+3.584400E+04,+2.154122E-02,+1.930500E-07,+9.910000E+37,+1.081695E+03,+3.584400E+04,+2.012923E-02,+1.930500E-07,+9.910000E+37,+1.081762E+03,+3.584400E+04,-9.283230E-03,+0.000000E+00,+9.910000E+37,+1.081828E+03,+3.584400E+04
12:08:50,0e0,+2.563879E-02,+2.154500E-07,+9.910000E+37,+1.082052E+03,+3.584400E+04,+2.518377E-02,+2.154500E-07,+9.910000E+37,+1.082118E+03,+3.584400E+04,+2.399966E-02,+2.154500E-07,+9.910000E+37,+1.082186E+03,+3.584400E+04,-8.190110E-03,+0.000000E+00,+9.910000E+37,+1.082251E+03,+3.584400E+04
12:08:50,0e0,+2.750517E-02,+2.404000E-07,+9.910000E+37,+1.082477E+03,+3.584400E+04,+2.823392E-02,+2.404000E-07,+9.910000E+37,+1.082543E+03,+3.584400E+04,+2.750546E-02,+2.404000E-07,+9.910000E+37,+1.082609E+03,+3.584400E+04,-9.283215E-03,+0.000000E+00,+9.910000E+37,+1.082677E+03,+3.584400E+04
12:08:50,0e0,+3.237718E-02,+2.682500E-07,+9.910000E+37,+1.082900E+03,+3.584400E+04,+3.233179E-02,+2.682500E-07,+9.910000E+37,+1.082967E+03,+3.584400E+04,+3.269598E-02,+2.682500E-07,+9.910000E+37,+1.083033E+03,+3.584400E+04,-1.037605E-02,+0.000000E+00,+9.910000E+37,+1.083101E+03,+3.584400E+04
12:08:50,0e0,+3.779507E-02,+2.993500E-07,+9.910000E+37,+1.083326E+03,+3.584400E+04,+3.706715E-02,+2.993500E-07,+9.910000E+37,+1.083393E+03,+3.584400E+04,+3.838736E-02,+2.993500E-07,+9.910000E+37,+1.083459E+03,+3.584400E+04,-9.647325E-03,+0.000000E+00,+9.910000E+37,+1.083525E+03,+3.584400E+04
12:08:50,0e0,+4.066390E-02,+3.340500E-07,+9.910000E+37,+1.083749E+03,+3.584400E+04,+4.248518E-02,+3.340500E-07,+9.910000E+37,+1.083815E+03,+3.584400E+04,+4.230317E-02,+3.340500E-07,+9.910000E+37,+1.083882E+03,+3.584400E+04,-9.192169E-03,+0.000000E+00,+9.910000E+37,+1.083949E+03,+3.584400E+04
12:08:50,0e0,+4.717457E-02,+3.727500E-07,+9.910000E+37,+1.084176E+03,+3.584400E+04,+4.735669E-02,+3.727500E-07,+9.910000E+37,+1.084242E+03,+3.584400E+04,+4.822189E-02,+3.727500E-07,+9.910000E+37,+1.084309E+03,+3.584400E+04,-1.069464E-02,+0.000000E+00,+9.910000E+37,+1.084375E+03,+3.584400E+04
12:08:50,0e0,+5.491465E-02,+4.159500E-07,+9.910000E+37,+1.084600E+03,+3.584400E+04,+5.409566E-02,+4.159500E-07,+9.910000E+37,+1.084666E+03,+3.584400E+04,+5.400425E-02,+4.159500E-07,+9.910000E+37,+1.084732E+03,+3.584400E+04,-9.283260E-03,+0.000000E+00,+9.910000E+37,+1.084800E+03,+3.584400E+04
12:08:50,0e0,+5.937642E-02,+4.641500E-07,+9.910000E+37,+1.085024E+03,+3.584400E+04,+6.074277E-02,+4.641500E-07,+9.910000E+37,+1.085091E+03,+3.584400E+04,+6.110689E-02,+4.641500E-07,+9.910000E+37,+1.085158E+03,+3.584400E+04,-8.008093E-03,+0.000000E+00,+9.910000E+37,+1.085225E+03,+3.584400E+04
12:08:50,0e0,+6.893811E-02,+5.179500E-07,+9.910000E+37,+1.085450E+03,+3.584400E+04,+6.666115E-02,+5.179500E-07,+9.910000E+37,+1.085517E+03,+3.584400E+04,+6.834605E-02,+5.179500E-07,+9.910000E+37,+1.085583E+03,+3.584400E+04,-8.964315E-03,+0.000000E+00,+9.910000E+37,+1.085649E+03,+3.584400E+04
12:08:50,0e0,+7.590407E-02,+5.779500E-07,+9.910000E+37,+1.085873E+03,+3.584400E+04,+7.713380E-02,+5.779500E-07,+9.910000E+37,+1.085939E+03,+3.584400E+04,+7.590428E-02,+5.779500E-07,+9.910000E+37,+1.086006E+03,+3.584400E+04,-9.283230E-03,+0.000000E+00,+9.910000E+37,+1.086072E+03,+3.584400E+04
12:08:50,0e0,+8.573893E-02,+6.449500E-07,+9.910000E+37,+1.086297E+03,+3.584400E+04,+8.496487E-02,+6.449500E-07,+9.910000E+37,+1.086363E+03,+3.584400E+04,+8.555678E-02,+6.449500E-07,+9.910000E+37,+1.086430E+03,+3.584400E+04,-9.556249E-03,+0.000000E+00,+9.910000E+37,+1.086496E+03,+3.584400E+04
12:08:50,0e0,+9.589210E-02,+7.197000E-07,+9.910000E+37,+1.086722E+03,+3.584400E+04,+9.452623E-02,+7.197000E-07,+9.910000E+37,+1.086788E+03,+3.584400E+04,+9.548235E-02,+7.197000E-07,+9.910000E+37,+1.086854E+03,+3.584400E+04,-8.964434E-03,+0.000000E+00,+9.910000E+37,+1.086921E+03,+3.584400E+04
12:08:50,0e0,+1.046792E-01,+8.031000E-07,+9.910000E+37,+1.087146E+03,+3.584400E+04,+1.068199E-01,+8.031000E-07,+9.910000E+37,+1.087212E+03,+3.584400E+04,+1.048162E-01,+8.031000E-07,+9.910000E+37,+1.087279E+03,+3.584400E+04,-9.055495E-03,+0.000000E+00,+9.910000E+37,+1.087345E+03,+3.584400E+04
12:08:50,0e0,+1.176558E-01,+8.961500E-07,+9.910000E+37,+1.087570E+03,+3.584400E+04,+1.164258E-01,+8.961500E-07,+9.910000E+37,+1.087637E+03,+3.584400E+04,+1.181565E-01,+8.961500E-07,+9.910000E+37,+1.087703E+03,+3.584400E+04,-9.510666E-03,+0.000000E+00,+9.910000E+37,+1.087770E+03,+3.584400E+04
12:08:50,0e0,+1.292661E-01,+1.000000E-06,+9.910000E+37,+1.087991E+03,+3.584400E+04,+1.307679E-01,+1.000000E-06,+9.910000E+37,+1.088058E+03,+3.584400E+04,+1.297665E-01,+1.000000E-06,+9.910000E+37,+1.088124E+03,+3.584400E+04,-9.556308E-03,+0.000000E+00,+9.910000E+37,+1.088190E+03,+3.584400E+04
12:08:50,0e0,+1.321335E-01,+1.116000E-06,+9.910000E+37,+1.088414E+03,+3.584400E+04,+1.323166E-01,+1.116000E-06,+9.910000E+37,+1.088480E+03,+3.584400E+04,+1.313143E-01,+1.116000E-06,+9.910000E+37,+1.088548E+03,+3.584400E+04,-1.033071E-02,+0.000000E+00,+9.910000E+37,+1.088613E+03,+3.584400E+04
12:08:50,0e0,+1.457933E-01,+1.245000E-06,+9.910000E+37,+1.088841E+03,+3.584400E+04,+1.453377E-01,+1.245000E-06,+9.910000E+37,+1.088906E+03,+3.584400E+04,+1.462945E-01,+1.245000E-06,+9.910000E+37,+1.088974E+03,+3.584400E+04,-1.069474E-02,+0.000000E+00,+9.910000E+37,+1.089040E+03,+3.584400E+04
12:08:50,0e0,+1.613193E-01,+1.389500E-06,+9.910000E+37,+1.089264E+03,+3.584400E+04,+1.597254E-01,+1.389500E-06,+9.910000E+37,+1.089330E+03,+3.584400E+04,+1.628220E-01,+1.389500E-06,+9.910000E+37,+1.089397E+03,+3.584400E+04,-1.014860E-02,+0.000000E+00,+9.910000E+37,+1.089464E+03,+3.584400E+04
12:08:50,0e0,+1.781656E-01,+1.550500E-06,+9.910000E+37,+1.089686E+03,+3.584400E+04,+1.770273E-01,+1.550500E-06,+9.910000E+37,+1.089753E+03,+3.584400E+04,+1.772550E-01,+1.550500E-06,+9.910000E+37,+1.089818E+03,+3.584400E+04,-1.051262E-02,+0.000000E+00,+9.910000E+37,+1.089885E+03,+3.584400E+04
12:08:50,0e0,+1.952392E-01,+1.730000E-06,+9.910000E+37,+1.090110E+03,+3.584400E+04,+1.953761E-01,+1.730000E-06,+9.910000E+37,+1.090178E+03,+3.584400E+04,+1.951028E-01,+1.730000E-06,+9.910000E+37,+1.090245E+03,+3.584400E+04,-9.829789E-03,+0.000000E+00,+9.910000E+37,+1.090313E+03,+3.584400E+04
12:08:50,0e0,+2.144080E-01,+1.930500E-06,+9.910000E+37,+1.090536E+03,+3.584400E+04,+2.143626E-01,+1.930500E-06,+9.910000E+37,+1.090603E+03,+3.584400E+04,+2.139982E-01,+1.930500E-06,+9.910000E+37,+1.090669E+03,+3.584400E+04,-1.014814E-02,+0.000000E+00,+9.910000E+37,+1.090735E+03,+3.584400E+04
12:08:50,0e0,+2.348506E-01,+2.154500E-06,+9.910000E+37,+1.090959E+03,+3.584400E+04,+2.354884E-01,+2.154500E-06,+9.910000E+37,+1.091024E+03,+3.584400E+04,+2.366723E-01,+2.154500E-06,+9.910000E+37,+1.091091E+03,+3.584400E+04,-9.328321E-03,+0.000000E+00,+9.910000E+37,+1.091158E+03,+3.584400E+04
12:08:50,0e0,+2.595749E-01,+2.404000E-06,+9.910000E+37,+1.091382E+03,+3.584400E+04,+2.578901E-01,+2.404000E-06,+9.910000E+37,+1.091449E+03,+3.584400E+04,+2.572518E-01,+2.404000E-06,+9.910000E+37,+1.091515E+03,+3.584400E+04,-9.328455E-03,+0.000000E+00,+9.910000E+37,+1.091582E+03,+3.584400E+04
12:08:50,0e0,+2.815186E-01,+2.682500E-06,+9.910000E+37,+1.091804E+03,+3.584400E+04,+2.824755E-01,+2.682500E-06,+9.910000E+37,+1.091869E+03,+3.584400E+04,+2.828857E-01,+2.682500E-06,+9.910000E+37,+1.091936E+03,+3.584400E+04,-9.738624E-03,+0.000000E+00,+9.910000E+37,+1.092002E+03,+3.584400E+04
12:08:50,0e0,+3.082912E-01,+2.993500E-06,+9.910000E+37,+1.092225E+03,+3.584400E+04,+3.065607E-01,+2.993500E-06,+9.910000E+37,+1.092290E+03,+3.584400E+04,+3.088377E-01,+2.993500E-06,+9.910000E+37,+1.092356E+03,+3.584400E+04,-9.328857E-03,+0.000000E+00,+9.910000E+37,+1.092424E+03,+3.584400E+04
12:08:50,0e0,+3.356553E-01,+3.340500E-06,+9.910000E+37,+1.092647E+03,+3.584400E+04,+3.356544E-01,+3.340500E-06,+9.910000E+37,+1.092714E+03,+3.584400E+04,+3.378870E-01,+3.340500E-06,+9.910000E+37,+1.092780E+03,+3.584400E+04,-9.738609E-03,+0.000000E+00,+9.910000E+37,+1.092848E+03,+3.584400E+04
12:08:50,0e0,+3.664335E-01,+3.727500E-06,+9.910000E+37,+1.093076E+03,+3.584400E+04,+3.663878E-01,+3.727500E-06,+9.910000E+37,+1.093144E+03,+3.584400E+04,+3.664335E-01,+3.727500E-06,+9.910000E+37,+1.093209E+03,+3.584400E+04,-9.237751E-03,+0.000000E+00,+9.910000E+37,+1.093275E+03,+3.584400E+04
12:08:50,0e0,+3.994887E-01,+4.159500E-06,+9.910000E+37,+1.093498E+03,+3.584400E+04,+3.994443E-01,+4.159500E-06,+9.910000E+37,+1.093565E+03,+3.584400E+04,+3.985773E-01,+4.159500E-06,+9.910000E+37,+1.093632E+03,+3.584400E+04,-8.964613E-03,+0.000000E+00,+9.910000E+37,+1.093697E+03,+3.584400E+04
12:08:50,0e0,+4.350027E-01,+4.641500E-06,+9.910000E+37,+1.093923E+03,+3.584400E+04,+4.343647E-01,+4.641500E-06,+9.910000E+37,+1.093989E+03,+3.584400E+04,+4.329535E-01,+4.641500E-06,+9.910000E+37,+1.094056E+03,+3.584400E+04,-1.033068E-02,+0.000000E+00,+9.910000E+37,+1.094122E+03,+3.584400E+04
12:08:50,0e0,+4.718369E-01,+5.179500E-06,+9.910000E+37,+1.094349E+03,+3.584400E+04,+4.713811E-01,+5.179500E-06,+9.910000E+37,+1.094415E+03,+3.584400E+04,+4.722462E-01,+5.179500E-06,+9.910000E+37,+1.094482E+03,+3.584400E+04,-1.110491E-02,+0.000000E+00,+9.910000E+37,+1.094548E+03,+3.584400E+04
12:08:50,0e0,+5.111740E-01,+5.779500E-06,+9.910000E+37,+1.094772E+03,+3.584400E+04,+5.123132E-01,+5.779500E-06,+9.910000E+37,+1.094840E+03,+3.584400E+04,+5.124493E-01,+5.779500E-06,+9.910000E+37,+1.094905E+03,+3.584400E+04,-9.283349E-03,+0.000000E+00,+9.910000E+37,+1.094972E+03,+3.584400E+04
12:08:50,0e0,+5.555670E-01,+6.449500E-06,+9.910000E+37,+1.095198E+03,+3.584400E+04,+5.551570E-01,+6.449500E-06,+9.910000E+37,+1.095266E+03,+3.584400E+04,+5.542914E-01,+6.449500E-06,+9.910000E+37,+1.095331E+03,+3.584400E+04,-1.083119E-02,+0.000000E+00,+9.910000E+37,+1.095398E+03,+3.584400E+04
12:08:50,0e0,+6.000953E-01,+7.197000E-06,+9.910000E+37,+1.095624E+03,+3.584400E+04,+6.001877E-01,+7.197000E-06,+9.910000E+37,+1.095690E+03,+3.584400E+04,+6.000515E-01,+7.197000E-06,+9.910000E+37,+1.095757E+03,+3.584400E+04,-7.917270E-03,+0.000000E+00,+9.910000E+37,+1.095824E+03,+3.584400E+04
12:08:50,0e0,+6.505890E-01,+8.031000E-06,+9.910000E+37,+1.096045E+03,+3.584400E+04,+6.484935E-01,+8.031000E-06,+9.910000E+37,+1.096110E+03,+3.584400E+04,+6.484024E-01,+8.031000E-06,+9.910000E+37,+1.096178E+03,+3.584400E+04,-7.553026E-03,+0.000000E+00,+9.910000E+37,+1.096243E+03,+3.584400E+04
12:08:50,0e0,+7.017195E-01,+8.961500E-06,+9.910000E+37,+1.096466E+03,+3.584400E+04,+7.009469E-01,+8.961500E-06,+9.910000E+37,+1.096532E+03,+3.584400E+04,+7.011723E-01,+8.961500E-06,+9.910000E+37,+1.096598E+03,+3.584400E+04,-8.099481E-03,+0.000000E+00,+9.910000E+37,+1.096664E+03,+3.584400E+04
12:08:50,0e0,+7.552179E-01,+1.000000E-05,+9.910000E+37,+1.096887E+03,+3.584400E+04,+7.545336E-01,+1.000000E-05,+9.910000E+37,+1.096953E+03,+3.584400E+04,+7.557642E-01,+1.000000E-05,+9.910000E+37,+1.097020E+03,+3.584400E+04,-1.083155E-02,+0.000000E+00,+9.910000E+37,+1.097086E+03,+3.584400E+04
12:08:50,0e0,+7.994276E-01,+1.116000E-05,+9.910000E+37,+1.097306E+03,+3.584400E+04,+8.005658E-01,+1.116000E-05,+9.910000E+37,+1.097373E+03,+3.584400E+04,+8.002925E-01,+1.116000E-05,+9.910000E+37,+1.097438E+03,+3.584400E+04,-1.033013E-02,+0.000000E+00,+9.910000E+37,+1.097505E+03,+3.584400E+04
12:08:50,0e0,+8.582988E-01,+1.245000E-05,+9.910000E+37,+1.097725E+03,+3.584400E+04,+8.583900E-01,+1.245000E-05,+9.910000E+37,+1.097791E+03,+3.584400E+04,+8.584810E-01,+1.245000E-05,+9.910000E+37,+1.097858E+03,+3.584400E+04,-1.055801E-02,+0.000000E+00,+9.910000E+37,+1.097925E+03,+3.584400E+04
12:08:50,0e0,+9.193527E-01,+1.389500E-05,+9.910000E+37,+1.098146E+03,+3.584400E+04,+9.205394E-01,+1.389500E-05,+9.910000E+37,+1.098213E+03,+3.584400E+04,+9.212214E-01,+1.389500E-05,+9.910000E+37,+1.098278E+03,+3.584400E+04,-1.010278E-02,+0.000000E+00,+9.910000E+37,+1.098346E+03,+3.584400E+04
12:08:50,0e0,+9.871491E-01,+1.550500E-05,+9.910000E+37,+1.098565E+03,+3.584400E+04,+9.847795E-01,+1.550500E-05,+9.910000E+37,+1.098633E+03,+3.584400E+04,+9.866492E-01,+1.550500E-05,+9.910000E+37,+1.098698E+03,+3.584400E+04,-1.137781E-02,+0.000000E+00,+9.910000E+37,+1.098770E+03,+3.584400E+04
12:08:50,0e0,+1.053443E+00,+1.730000E-05,+9.910000E+37,+1.098989E+03,+3.584400E+04,+1.054852E+00,+1.730000E-05,+9.910000E+37,+1.099057E+03,+3.584400E+04,+1.054305E+00,+1.730000E-05,+9.910000E+37,+1.099122E+03,+3.584400E+04,-1.124124E-02,+0.000000E+00,+9.910000E+37,+1.099194E+03,+3.584400E+04
12:08:50,0e0,+1.126199E+00,+1.930500E-05,+9.910000E+37,+1.099417E+03,+3.584400E+04,+1.124968E+00,+1.930500E-05,+9.910000E+37,+1.099483E+03,+3.584400E+04,+1.125969E+00,+1.930500E-05,+9.910000E+37,+1.099551E+03,+3.584400E+04,-1.206090E-02,+0.000000E+00,+9.910000E+37,+1.099618E+03,+3.584400E+04
12:08:50,0e0,+1.202690E+00,+2.154500E-05,+9.910000E+37,+1.099836E+03,+3.584400E+04,+1.202325E+00,+2.154500E-05,+9.910000E+37,+1.099905E+03,+3.584400E+04,+1.202736E+00,+2.154500E-05,+9.910000E+37,+1.099978E+03,+3.584400E+04,-1.206094E-02,+0.000000E+00,+9.910000E+37,+1.100048E+03,+3.584400E+04
12:08:50,0e0,+1.281640E+00,+2.404000E-05,+9.910000E+37,+1.100269E+03,+3.584400E+04,+1.282098E+00,+2.404000E-05,+9.910000E+37,+1.100334E+03,+3.584400E+04,+1.281732E+00,+2.404000E-05,+9.910000E+37,+1.100401E+03,+3.584400E+04,-9.920642E-03,+0.000000E+00,+9.910000E+37,+1.100473E+03,+3.584400E+04
12:08:50,0e0,+1.366008E+00,+2.682500E-05,+9.910000E+37,+1.100694E+03,+3.584400E+04,+1.365233E+00,+2.682500E-05,+9.910000E+37,+1.100761E+03,+3.584400E+04,+1.365049E+00,+2.682500E-05,+9.910000E+37,+1.100827E+03,+3.584400E+04,-1.092224E-02,+0.000000E+00,+9.910000E+37,+1.100896E+03,+3.584400E+04
12:08:50,0e0,+1.453379E+00,+2.993500E-05,+9.910000E+37,+1.101114E+03,+3.584400E+04,+1.454929E+00,+2.993500E-05,+9.910000E+37,+1.101182E+03,+3.584400E+04,+1.454974E+00,+2.993500E-05,+9.910000E+37,+1.101247E+03,+3.584400E+04,-1.146874E-02,+0.000000E+00,+9.910000E+37,+1.101318E+03,+3.584400E+04
12:08:50,0e0,+1.547538E+00,+3.340500E-05,+9.910000E+37,+1.101541E+03,+3.584400E+04,+1.546854E+00,+3.340500E-05,+9.910000E+37,+1.101608E+03,+3.584400E+04,+1.545852E+00,+3.340500E-05,+9.910000E+37,+1.101674E+03,+3.584400E+04,-1.151434E-02,+0.000000E+00,+9.910000E+37,+1.101742E+03,+3.584400E+04
12:08:50,0e0,+1.642925E+00,+3.727500E-05,+9.910000E+37,+1.101962E+03,+3.584400E+04,+1.643606E+00,+3.727500E-05,+9.910000E+37,+1.102029E+03,+3.584400E+04,+1.643243E+00,+3.727500E-05,+9.910000E+37,+1.102095E+03,+3.584400E+04,-1.224275E-02,+0.000000E+00,+9.910000E+37,+1.102166E+03,+3.584400E+04
12:08:50,0e0,+1.745459E+00,+4.159500E-05,+9.910000E+37,+1.102387E+03,+3.584400E+04,+1.744729E+00,+4.159500E-05,+9.910000E+37,+1.102454E+03,+3.584400E+04,+1.745320E+00,+4.159500E-05,+9.910000E+37,+1.102520E+03,+3.584400E+04,-1.269850E-02,+0.000000E+00,+9.910000E+37,+1.102591E+03,+3.584400E+04
12:08:50,0e0,+1.853137E+00,+4.641500E-05,+9.910000E+37,+1.102802E+03,+3.584400E+04,+1.854184E+00,+4.641500E-05,+9.910000E+37,+1.102869E+03,+3.584400E+04,+1.853367E+00,+4.641500E-05,+9.910000E+37,+1.102935E+03,+3.584400E+04,-1.306222E-02,+0.000000E+00,+9.910000E+37,+1.103002E+03,+3.584400E+04
12:08:50,0e0,+1.966686E+00,+5.179500E-05,+9.910000E+37,+1.103213E+03,+3.584400E+04,+1.967326E+00,+5.179500E-05,+9.910000E+37,+1.103279E+03,+3.584400E+04,+1.967557E+00,+5.179500E-05,+9.910000E+37,+1.103347E+03,+3.584400E+04,-1.092210E-02,+0.000000E+00,+9.910000E+37,+1.103412E+03,+3.584400E+04
12:08:50,0e0,+2.087440E+00,+5.779500E-05,+9.910000E+37,+1.103627E+03,+3.584400E+04,+2.087756E+00,+5.779500E-05,+9.910000E+37,+1.103693E+03,+3.584400E+04,+2.086209E+00,+5.779500E-05,+9.910000E+37,+1.103760E+03,+3.584400E+04,-1.023938E-02,+0.000000E+00,+9.910000E+37,+1.103827E+03,+3.584400E+04
12:08:50,0e0,+2.213920E+00,+6.449500E-05,+9.910000E+37,+1.104045E+03,+3.584400E+04,+2.215105E+00,+6.449500E-05,+9.910000E+37,+1.104110E+03,+3.584400E+04,+2.214555E+00,+6.449500E-05,+9.910000E+37,+1.104178E+03,+3.584400E+04,-1.101348E-02,+0.000000E+00,+9.910000E+37,+1.104243E+03,+3.584400E+04
12:08:50,0e0,+2.347416E+00,+7.197000E-05,+9.910000E+37,+1.104460E+03,+3.584400E+04,+2.348965E+00,+7.197000E-05,+9.910000E+37,+1.104527E+03,+3.584400E+04,+2.349419E+00,+7.197000E-05,+9.910000E+37,+1.104593E+03,+3.584400E+04,-1.233390E-02,+0.000000E+00,+9.910000E+37,+1.104660E+03,+3.584400E+04
12:08:50,0e0,+2.489652E+00,+8.031000E-05,+9.910000E+37,+1.104875E+03,+3.584400E+04,+2.489607E+00,+8.031000E-05,+9.910000E+37,+1.104941E+03,+3.584400E+04,+2.488371E+00,+8.031000E-05,+9.910000E+37,+1.105008E+03,+3.584400E+04,-1.046737E-02,+0.000000E+00,+9.910000E+37,+1.105079E+03,+3.584400E+04
12:08:50,0e0,+2.637533E+00,+8.961500E-05,+9.910000E+37,+1.105300E+03,+3.584400E+04,+2.638677E+00,+8.961500E-05,+9.910000E+37,+1.105366E+03,+3.584400E+04,+2.638399E+00,+8.961500E-05,+9.910000E+37,+1.105434E+03,+3.584400E+04,-1.183316E-02,+0.000000E+00,+9.910000E+37,+1.105505E+03,+3.584400E+04
12:08:50,0e0,+2.796072E+00,+1.000000E-04,+9.910000E+37,+1.105718E+03,+3.584400E+04,+2.797074E+00,+1.000000E-04,+9.910000E+37,+1.105790E+03,+3.584400E+04,+2.796027E+00,+1.000000E-04,+9.910000E+37,+1.105857E+03,+3.584400E+04,-9.920463E-03,+0.000000E+00,+9.910000E+37,+1.105923E+03,+3.584400E+04
12:08:50,0e0,+2.948688E+00,+1.116000E-04,+9.910000E+37,+1.106141E+03,+3.584400E+04,+2.949510E+00,+1.116000E-04,+9.910000E+37,+1.106207E+03,+3.584400E+04,+2.949141E+00,+1.116000E-04,+9.910000E+37,+1.106273E+03,+3.584400E+04,-1.884483E-02,+0.000000E+00,+9.910000E+37,+1.106340E+03,+3.584400E+04
12:08:50,0e0,+3.121979E+00,+1.245000E-04,+9.910000E+37,+1.106564E+03,+3.584400E+04,+3.120790E+00,+1.245000E-04,+9.910000E+37,+1.106632E+03,+3.584400E+04,+3.121571E+00,+1.245000E-04,+9.910000E+37,+1.106697E+03,+3.584400E+04,-1.848058E-02,+0.000000E+00,+9.910000E+37,+1.106765E+03,+3.584400E+04
12:08:50,0e0,+3.305053E+00,+1.389500E-04,+9.910000E+37,+1.106983E+03,+3.584400E+04,+3.304962E+00,+1.389500E-04,+9.910000E+37,+1.107051E+03,+3.584400E+04,+3.305654E+00,+1.389500E-04,+9.910000E+37,+1.107116E+03,+3.584400E+04,-1.920934E-02,+0.000000E+00,+9.910000E+37,+1.107184E+03,+3.584400E+04
12:08:50,0e0,+3.494689E+00,+1.550500E-04,+9.910000E+37,+1.107405E+03,+3.584400E+04,+3.495641E+00,+1.550500E-04,+9.910000E+37,+1.107473E+03,+3.584400E+04,+3.495783E+00,+1.550500E-04,+9.910000E+37,+1.107539E+03,+3.584400E+04,-1.752432E-02,+0.000000E+00,+9.910000E+37,+1.107605E+03,+3.584400E+04
12:08:50,0e0,+3.696207E+00,+1.730000E-04,+9.910000E+37,+1.107830E+03,+3.584400E+04,+3.697300E+00,+1.730000E-04,+9.910000E+37,+1.107896E+03,+3.584400E+04,+3.698210E+00,+1.730000E-04,+9.910000E+37,+1.107964E+03,+3.584400E+04,-1.697809E-02,+0.000000E+00,+9.910000E+37,+1.108031E+03,+3.584400E+04
12:08:50,0e0,+3.907240E+00,+1.930500E-04,+9.910000E+37,+1.108257E+03,+3.584400E+04,+3.906784E+00,+1.930500E-04,+9.910000E+37,+1.108324E+03,+3.584400E+04,+3.907008E+00,+1.930500E-04,+9.910000E+37,+1.108392E+03,+3.584400E+04,-1.879959E-02,+0.000000E+00,+9.910000E+37,+1.108457E+03,+3.584400E+04
12:08:50,0e0,+4.127108E+00,+2.154500E-04,+9.910000E+37,+1.108683E+03,+3.584400E+04,+4.127788E+00,+2.154500E-04,+9.910000E+37,+1.108750E+03,+3.584400E+04,+4.127380E+00,+2.154500E-04,+9.910000E+37,+1.108816E+03,+3.584400E+04,-1.788892E-02,+0.000000E+00,+9.910000E+37,+1.108883E+03,+3.584400E+04
12:08:50,0e0,+4.354298E+00,+2.404000E-04,+9.910000E+37,+1.109103E+03,+3.584400E+04,+4.356533E+00,+2.404000E-04,+9.910000E+37,+1.109168E+03,+3.584400E+04,+4.356033E+00,+2.404000E-04,+9.910000E+37,+1.109235E+03,+3.584400E+04,-1.857123E-02,+0.000000E+00,+9.910000E+37,+1.109301E+03,+3.584400E+04
12:08:50,0e0,+4.591057E+00,+2.682500E-04,+9.910000E+37,+1.109523E+03,+3.584400E+04,+4.590831E+00,+2.682500E-04,+9.910000E+37,+1.109590E+03,+3.584400E+04,+4.591475E+00,+2.682500E-04,+9.910000E+37,+1.109656E+03,+3.584400E+04,-1.829837E-02,+0.000000E+00,+9.910000E+37,+1.109722E+03,+3.584400E+04
12:08:50,0e0,+4.835017E+00,+2.993500E-04,+9.910000E+37,+1.109944E+03,+3.584400E+04,+4.835834E+00,+2.993500E-04,+9.910000E+37,+1.110011E+03,+3.584400E+04,+4.835968E+00,+2.993500E-04,+9.910000E+37,+1.110077E+03,+3.584400E+04,-1.784283E-02,+0.000000E+00,+9.910000E+37,+1.110145E+03,+3.584400E+04
12:08:50,0e0,+5.084886E+00,+3.340500E-04,+9.910000E+37,+1.110369E+03,+3.584400E+04,+5.086657E+00,+3.340500E-04,+9.910000E+37,+1.110437E+03,+3.584400E+04,+5.086982E+00,+3.340500E-04,+9.910000E+37,+1.110503E+03,+3.584400E+04,-1.838949E-02,+0.000000E+00,+9.910000E+37,+1.110570E+03,+3.584400E+04
12:08:50,0e0,+5.339485E+00,+3.727500E-04,+9.910000E+37,+1.110792E+03,+3.584400E+04,+5.339402E+00,+3.727500E-04,+9.910000E+37,+1.110857E+03,+3.584400E+04,+5.340165E+00,+3.727500E-04,+9.910000E+37,+1.110925E+03,+3.584400E+04,-1.879941E-02,+0.000000E+00,+9.910000E+37,+1.110990E+03,+3.584400E+04
12:08:50,0e0,+5.593638E+00,+4.159500E-04,+9.910000E+37,+1.111212E+03,+3.584400E+04,+5.594778E+00,+4.159500E-04,+9.910000E+37,+1.111278E+03,+3.584400E+04,+5.595688E+00,+4.159500E-04,+9.910000E+37,+1.111346E+03,+3.584400E+04,-1.893592E-02,+0.000000E+00,+9.910000E+37,+1.111411E+03,+3.584400E+04
12:08:50,0e0,+5.845779E+00,+4.641500E-04,+9.910000E+37,+1.111639E+03,+3.584400E+04,+5.848882E+00,+4.641500E-04,+9.910000E+37,+1.111704E+03,+3.584400E+04,+5.848017E+00,+4.641500E-04,+9.910000E+37,+1.111771E+03,+3.584400E+04,-1.920922E-02,+0.000000E+00,+9.910000E+37,+1.111837E+03,+3.584400E+04
12:08:50,0e0,+6.094237E+00,+5.179500E-04,+9.910000E+37,+1.112060E+03,+3.584400E+04,+6.095744E+00,+5.179500E-04,+9.910000E+37,+1.112127E+03,+3.584400E+04,+6.095103E+00,+5.179500E-04,+9.910000E+37,+1.112193E+03,+3.584400E+04,-1.597644E-02,+0.000000E+00,+9.910000E+37,+1.112261E+03,+3.584400E+04
12:08:50,0e0,+6.333368E+00,+5.779500E-04,+9.910000E+37,+1.112482E+03,+3.584400E+04,+6.333642E+00,+5.779500E-04,+9.910000E+37,+1.112549E+03,+3.584400E+04,+6.332319E+00,+5.779500E-04,+9.910000E+37,+1.112615E+03,+3.584400E+04,-1.656829E-02,+0.000000E+00,+9.910000E+37,+1.112683E+03,+3.584400E+04
12:08:50,0e0,+6.559979E+00,+6.449500E-04,+9.910000E+37,+1.112906E+03,+3.584400E+04,+6.561210E+00,+6.449500E-04,+9.910000E+37,+1.112973E+03,+3.584400E+04,+6.560463E+00,+6.449500E-04,+9.910000E+37,+1.113040E+03,+3.584400E+04,-1.879969E-02,+0.000000E+00,+9.910000E+37,+1.113105E+03,+3.584400E+04
12:08:50,0e0,+6.772635E+00,+7.197000E-04,+9.910000E+37,+1.113329E+03,+3.584400E+04,+6.775016E+00,+7.197000E-04,+9.910000E+37,+1.113396E+03,+3.584400E+04,+6.773376E+00,+7.197000E-04,+9.910000E+37,+1.113462E+03,+3.584400E+04,-1.811628E-02,+0.000000E+00,+9.910000E+37,+1.113529E+03,+3.584400E+04
12:08:50,0e0,+6.977216E+00,+8.031000E-04,+9.910000E+37,+1.113753E+03,+3.584400E+04,+6.976986E+00,+8.031000E-04,+9.910000E+37,+1.113819E+03,+3.584400E+04,+6.975578E+00,+8.031000E-04,+9.910000E+37,+1.113886E+03,+3.584400E+04,-1.720569E-02,+0.000000E+00,+9.910000E+37,+1.113953E+03,+3.584400E+04
12:08:50,0e0,+7.169934E+00,+8.961500E-04,+9.910000E+37,+1.114180E+03,+3.584400E+04,+7.171035E+00,+8.961500E-04,+9.910000E+37,+1.114245E+03,+3.584400E+04,+7.166628E+00,+8.961500E-04,+9.910000E+37,+1.114313E+03,+3.584400E+04,-1.670507E-02,+0.000000E+00,+9.910000E+37,+1.114378E+03,+3.584400E+04
12:08:50,0e0,+7.353390E+00,+1.000000E-03,+9.910000E+37,+1.114597E+03,+3.584400E+04,+7.352430E+00,+1.000000E-03,+9.910000E+37,+1.114664E+03,+3.584400E+04,+7.351381E+00,+1.000000E-03,+9.910000E+37,+1.114730E+03,+3.584400E+04,-1.788841E-02,+0.000000E+00,+9.910000E+37,+1.114797E+03,+3.584400E+04
12:08:50,0e0,+7.514831E+00,+1.116000E-03,+9.910000E+37,+1.115021E+03,+3.584400E+04,+7.515298E+00,+1.116000E-03,+9.910000E+37,+1.115087E+03,+3.584400E+04,+7.512239E+00,+1.116000E-03,+9.910000E+37,+1.115154E+03,+3.584400E+04,-1.842567E-01,+0.000000E+00,+9.910000E+37,+1.115220E+03,+3.584400E+04
12:08:50,0e0,+7.684250E+00,+1.245000E-03,+9.910000E+37,+1.115446E+03,+3.584400E+04,+7.682804E+00,+1.245000E-03,+9.910000E+37,+1.115513E+03,+3.584400E+04,+7.680833E+00,+1.245000E-03,+9.910000E+37,+1.115579E+03,+3.584400E+04,-1.854860E-01,+0.000000E+00,+9.910000E+37,+1.115646E+03,+3.584400E+04
12:08:50,0e0,+7.848393E+00,+1.389500E-03,+9.910000E+37,+1.115870E+03,+3.584400E+04,+7.848972E+00,+1.389500E-03,+9.910000E+37,+1.115938E+03,+3.584400E+04,+7.843793E+00,+1.389500E-03,+9.910000E+37,+1.116003E+03,+3.584400E+04,-1.827997E-01,+0.000000E+00,+9.910000E+37,+1.116070E+03,+3.584400E+04
12:08:50,0e0,+8.009657E+00,+1.550500E-03,+9.910000E+37,+1.116291E+03,+3.584400E+04,+8.010111E+00,+1.550500E-03,+9.910000E+37,+1.116357E+03,+3.584400E+04,+8.005696E+00,+1.550500E-03,+9.910000E+37,+1.116424E+03,+3.584400E+04,-1.786565E-01,+0.000000E+00,+9.910000E+37,+1.116491E+03,+3.584400E+04
12:08:50,0e0,+8.168927E+00,+1.730000E-03,+9.910000E+37,+1.116716E+03,+3.584400E+04,+8.169697E+00,+1.730000E-03,+9.910000E+37,+1.116782E+03,+3.584400E+04,+8.164736E+00,+1.730000E-03,+9.910000E+37,+1.116849E+03,+3.584400E+04,-1.809785E-01,+0.000000E+00,+9.910000E+37,+1.116915E+03,+3.584400E+04
12:08:50,0e0,+8.330874E+00,+1.930500E-03,+9.910000E+37,+1.117136E+03,+3.584400E+04,+8.329190E+00,+1.930500E-03,+9.910000E+37,+1.117208E+03,+3.584400E+04,+8.326136E+00,+1.930500E-03,+9.910000E+37,+1.117273E+03,+3.584400E+04,-1.808420E-01,+0.000000E+00,+9.910000E+37,+1.117341E+03,+3.584400E+04
12:08:50,0e0,+8.491515E+00,+2.154500E-03,+9.910000E+37,+1.117560E+03,+3.584400E+04,+8.490548E+00,+2.154500E-03,+9.910000E+37,+1.117626E+03,+3.584400E+04,+8.488039E+00,+2.154500E-03,+9.910000E+37,+1.117692E+03,+3.584400E+04,-1.797491E-01,+0.000000E+00,+9.910000E+37,+1.117760E+03,+3.584400E+04
12:08:50,0e0,+8.654595E+00,+2.404000E-03,+9.910000E+37,+1.117979E+03,+3.584400E+04,+8.656686E+00,+2.404000E-03,+9.910000E+37,+1.118046E+03,+3.584400E+04,+8.652805E+00,+2.404000E-03,+9.910000E+37,+1.118111E+03,+3.584400E+04,-1.739213E-01,+0.000000E+00,+9.910000E+37,+1.118178E+03,+3.584400E+04
12:08:50,0e0,+8.821323E+00,+2.682500E-03,+9.910000E+37,+1.118398E+03,+3.584400E+04,+8.822419E+00,+2.682500E-03,+9.910000E+37,+1.118465E+03,+3.584400E+04,+8.820182E+00,+2.682500E-03,+9.910000E+37,+1.118531E+03,+3.584400E+04,-1.730106E-01,+0.000000E+00,+9.910000E+37,+1.118598E+03,+3.584400E+04
12:08:50,0e0,+8.989711E+00,+2.993500E-03,+9.910000E+37,+1.118820E+03,+3.584400E+04,+8.989557E+00,+2.993500E-03,+9.910000E+37,+1.118887E+03,+3.584400E+04,+8.987059E+00,+2.993500E-03,+9.910000E+37,+1.118954E+03,+3.584400E+04,-1.694138E-01,+0.000000E+00,+9.910000E+37,+1.119021E+03,+3.584400E+04
12:08:50,0e0,+9.158477E+00,+3.340500E-03,+9.910000E+37,+1.119244E+03,+3.584400E+04,+9.158664E+00,+3.340500E-03,+9.910000E+37,+1.119311E+03,+3.584400E+04,+9.156663E+00,+3.340500E-03,+9.910000E+37,+1.119377E+03,+3.584400E+04,-1.627664E-01,+0.000000E+00,+9.910000E+37,+1.119443E+03,+3.584400E+04
12:08:50,0e0,+9.332036E+00,+3.727500E-03,+9.910000E+37,+1.119668E+03,+3.584400E+04,+9.334355E+00,+3.727500E-03,+9.910000E+37,+1.119735E+03,+3.584400E+04,+9.331036E+00,+3.727500E-03,+9.910000E+37,+1.119802E+03,+3.584400E+04,-1.604443E-01,+0.000000E+00,+9.910000E+37,+1.119868E+03,+3.584400E+04
12:08:50,0e0,+9.511114E+00,+4.159500E-03,+9.910000E+37,+1.120094E+03,+3.584400E+04,+9.512248E+00,+4.159500E-03,+9.910000E+37,+1.120160E+03,+3.584400E+04,+9.509254E+00,+4.159500E-03,+9.910000E+37,+1.120227E+03,+3.584400E+04,-1.587142E-01,+0.000000E+00,+9.910000E+37,+1.120293E+03,+3.584400E+04
12:08:50,0e0,+9.692752E+00,+4.641500E-03,+9.910000E+37,+1.120520E+03,+3.584400E+04,+9.693960E+00,+4.641500E-03,+9.910000E+37,+1.120586E+03,+3.584400E+04,+9.692114E+00,+4.641500E-03,+9.910000E+37,+1.120652E+03,+3.584400E+04,-1.530230E-01,+0.000000E+00,+9.910000E+37,+1.120719E+03,+3.584400E+04
12:08:50,0e0,+9.878866E+00,+5.179500E-03,+9.910000E+37,+1.120942E+03,+3.584400E+04,+9.881374E+00,+5.179500E-03,+9.910000E+37,+1.121009E+03,+3.584400E+04,+9.878632E+00,+5.179500E-03,+9.910000E+37,+1.121075E+03,+3.584400E+04,-1.499270E-01,+0.000000E+00,+9.910000E+37,+1.121142E+03,+3.584400E+04
12:08:50,0e0,+1.007323E+01,+5.779500E-03,+9.910000E+37,+1.121367E+03,+3.584400E+04,+1.007312E+01,+5.779500E-03,+9.910000E+37,+1.121435E+03,+3.584400E+04,+1.007036E+01,+5.779500E-03,+9.910000E+37,+1.121500E+03,+3.584400E+04,-1.438713E-01,+0.000000E+00,+9.910000E+37,+1.121566E+03,+3.584400E+04
12:08:50,0e0,+1.026886E+01,+6.449500E-03,+9.910000E+37,+1.121787E+03,+3.584400E+04,+1.027092E+01,+6.449500E-03,+9.910000E+37,+1.121854E+03,+3.584400E+04,+1.026727E+01,+6.449500E-03,+9.910000E+37,+1.121920E+03,+3.584400E+04,-1.384077E-01,+0.000000E+00,+9.910000E+37,+1.121986E+03,+3.584400E+04
12:08:50,0e0,+1.047231E+01,+7.197000E-03,+9.910000E+37,+1.122207E+03,+3.584400E+04,+1.047265E+01,+7.197000E-03,+9.910000E+37,+1.122273E+03,+3.584400E+04,+1.047093E+01,+7.197000E-03,+9.910000E+37,+1.122341E+03,+3.584400E+04,-1.323066E-01,+0.000000E+00,+9.910000E+37,+1.122406E+03,+3.584400E+04
12:08:50,0e0,+1.068138E+01,+8.031000E-03,+9.910000E+37,+1.122631E+03,+3.584400E+04,+1.068146E+01,+8.031000E-03,+9.910000E+37,+1.122697E+03,+3.584400E+04,+1.067708E+01,+8.031000E-03,+9.910000E+37,+1.122764E+03,+3.584400E+04,-1.232005E-01,+0.000000E+00,+9.910000E+37,+1.122829E+03,+3.584400E+04
12:08:50,0e0,+1.089489E+01,+8.961500E-03,+9.910000E+37,+1.123050E+03,+3.584400E+04,+1.089473E+01,+8.961500E-03,+9.910000E+37,+1.123117E+03,+3.584400E+04,+1.088881E+01,+8.961500E-03,+9.910000E+37,+1.123183E+03,+3.584400E+04,-1.160523E-01,+0.000000E+00,+9.910000E+37,+1.123249E+03,+3.584400E+04
