12:02:45,0e0,-4.419325E-01,+1.000000E-07,+9.910000E+37,+7.248242E+02,+3.584400E+04,+1.339675E-02,+1.000000E-07,+9.910000E+37,+7.248916E+02,+3.584400E+04,+1.294109E-02,+1.000000E-07,+9.910000E+37,+7.249570E+02,+3.584400E+04,-1.410401E-02,+0.000000E+00,+9.910000E+37,+7.250234E+02,+3.584400E+04
12:02:45,0e0,-3.963070E-01,+1.116000E-07,+9.910000E+37,+7.252441E+02,+3.584400E+04,+1.644740E-02,+1.116000E-07,+9.910000E+37,+7.253105E+02,+3.584400E+04,+1.653852E-02,+1.116000E-07,+9.910000E+37,+7.253770E+02,+3.584400E+04,-1.501486E-02,+0.000000E+00,+9.910000E+37,+7.254434E+02,+3.584400E+04
12:02:45,0e0,-1.276145E-01,+1.245000E-07,+9.910000E+37,+7.256699E+02,+3.584400E+04,+1.990791E-02,+1.245000E-07,+9.910000E+37,+7.257363E+02,+3.584400E+04,+1.999885E-02,+1.245000E-07,+9.910000E+37,+7.258027E+02,+3.584400E+04,-1.628986E-02,+0.000000E+00,+9.910000E+37,+7.258701E+02,+3.584400E+04
12:02:45,0e0,-1.098571E-01,+1.389500E-07,+9.910000E+37,+7.260937E+02,+3.584400E+04,+2.145545E-02,+1.389500E-07,+9.910000E+37,+7.261602E+02,+3.584400E+04,+2.250285E-02,+1.389500E-07,+9.910000E+37,+7.262266E+02,+3.584400E+04,-1.451407E-02,+0.000000E+00,+9.910000E+37,+7.262939E+02,+3.584400E+04
12:02:45,0e0,+5.428568E-03,+1.550500E-07,+9.910000E+37,+7.265156E+02,+3.584400E+04,+2.573638E-02,+1.550500E-07,+9.910000E+37,+7.265820E+02,+3.584400E+04,+2.523503E-02,+1.550500E-07,+9.910000E+37,+7.266484E+02,+3.584400E+04,-1.565224E-02,+0.000000E+00,+9.910000E+37,+7.267148E+02,+3.584400E+04
12:02:45,0e0,+2.910492E-02,+1.730000E-07,+9.910000E+37,+7.269404E+02,+3.584400E+04,+2.860430E-02,+1.730000E-07,+9.910000E+37,+7.270078E+02,+3.584400E+04,+2.851334E-02,+1.730000E-07,+9.910000E+37,+7.270742E+02,+3.584400E+04,-1.460513E-02,+0.000000E+00,+9.910000E+37,+7.271406E+02,+3.584400E+04
12:02:45,0e0,+3.133625E-02,+1.930500E-07,+9.910000E+37,+7.273643E+02,+3.584400E+04,+3.065288E-02,+1.930500E-07,+9.910000E+37,+7.274316E+02,+3.584400E+04,+3.115386E-02,+1.930500E-07,+9.910000E+37,+7.274990E+02,+3.584400E+04,-1.656349E-02,+0.000000E+00,+9.910000E+37,+7.275654E+02,+3.584400E+04
12:02:45,0e0,+3.384045E-02,+2.154500E-07,+9.910000E+37,+7.277900E+02,+3.584400E+04,+3.338471E-02,+2.154500E-07,+9.910000E+37,+7.278564E+02,+3.584400E+04,+3.420430E-02,+2.154500E-07,+9.910000E+37,+7.279238E+02,+3.584400E+04,-1.492387E-02,+0.000000E+00,+9.910000E+37,+7.279893E+02,+3.584400E+04
12:02:45,0e0,+3.734654E-02,+2.404000E-07,+9.910000E+37,+7.282129E+02,+3.584400E+04,+3.925890E-02,+2.404000E-07,+9.910000E+37,+7.282793E+02,+3.584400E+04,+3.907618E-02,+2.404000E-07,+9.910000E+37,+7.283457E+02,+3.584400E+04,-1.706412E-02,+0.000000E+00,+9.910000E+37,+7.284121E+02,+3.584400E+04
12:02:45,0e0,+4.126161E-02,+2.682500E-07,+9.910000E+37,+7.286318E+02,+3.584400E+04,+4.112515E-02,+2.682500E-07,+9.910000E+37,+7.286982E+02,+3.584400E+04,+4.239997E-02,+2.682500E-07,+9.910000E+37,+7.287646E+02,+3.584400E+04,-1.446861E-02,+0.000000E+00,+9.910000E+37,+7.288320E+02,+3.584400E+04
12:02:45,0e0,+4.504102E-02,+2.993500E-07,+9.910000E+37,+7.290537E+02,+3.584400E+04,+4.627055E-02,+2.993500E-07,+9.910000E+37,+7.291201E+02,+3.584400E+04,+4.658929E-02,+2.993500E-07,+9.910000E+37,+7.291865E+02,+3.584400E+04,-1.556137E-02,+0.000000E+00,+9.910000E+37,+7.292520E+02,+3.584400E+04
12:02:45,0e0,+4.968497E-02,+3.340500E-07,+9.910000E+37,+7.294766E+02,+3.584400E+04,+4.959401E-02,+3.340500E-07,+9.910000E+37,+7.295430E+02,+3.584400E+04,+5.018628E-02,+3.340500E-07,+9.910000E+37,+7.296094E+02,+3.584400E+04,-1.519707E-02,+0.000000E+00,+9.910000E+37,+7.296768E+02,+3.584400E+04
12:02:45,0e0,+5.455735E-02,+3.727500E-07,+9.910000E+37,+7.299014E+02,+3.584400E+04,+5.332768E-02,+3.727500E-07,+9.910000E+37,+7.299668E+02,+3.584400E+04,+5.551335E-02,+3.727500E-07,+9.910000E+37,+7.300332E+02,+3.584400E+04,-1.537956E-02,+0.000000E+00,+9.910000E+37,+7.300996E+02,+3.584400E+04
12:02:45,0e0,+5.806291E-02,+4.159500E-07,+9.910000E+37,+7.303252E+02,+3.584400E+04,+5.897358E-02,+4.159500E-07,+9.910000E+37,+7.303916E+02,+3.584400E+04,+5.856395E-02,+4.159500E-07,+9.910000E+37,+7.304580E+02,+3.584400E+04,-1.638120E-02,+0.000000E+00,+9.910000E+37,+7.305234E+02,+3.584400E+04
12:02:45,0e0,+6.257036E-02,+4.641500E-07,+9.910000E+37,+7.307480E+02,+3.584400E+04,+6.384575E-02,+4.641500E-07,+9.910000E+37,+7.308145E+02,+3.584400E+04,+6.475651E-02,+4.641500E-07,+9.910000E+37,+7.308809E+02,+3.584400E+04,-1.551579E-02,+0.000000E+00,+9.910000E+37,+7.309463E+02,+3.584400E+04
12:02:45,0e0,+6.871739E-02,+5.179500E-07,+9.910000E+37,+7.311738E+02,+3.584400E+04,+6.903639E-02,+5.179500E-07,+9.910000E+37,+7.312412E+02,+3.584400E+04,+6.757894E-02,+5.179500E-07,+9.910000E+37,+7.313076E+02,+3.584400E+04,-1.474190E-02,+0.000000E+00,+9.910000E+37,+7.313740E+02,+3.584400E+04
12:02:45,0e0,+7.331645E-02,+5.779500E-07,+9.910000E+37,+7.315967E+02,+3.584400E+04,+7.377180E-02,+5.779500E-07,+9.910000E+37,+7.316631E+02,+3.584400E+04,+7.331616E-02,+5.779500E-07,+9.910000E+37,+7.317305E+02,+3.584400E+04,-1.861228E-02,+0.000000E+00,+9.910000E+37,+7.317959E+02,+3.584400E+04
12:02:45,0e0,+7.855216E-02,+6.449500E-07,+9.910000E+37,+7.320205E+02,+3.584400E+04,+7.873404E-02,+6.449500E-07,+9.910000E+37,+7.320869E+02,+3.584400E+04,+7.955417E-02,+6.449500E-07,+9.910000E+37,+7.321533E+02,+3.584400E+04,-9.747260E-02,+0.000000E+00,+9.910000E+37,+7.322197E+02,+3.584400E+04
12:02:45,0e0,+8.347011E-02,+7.197000E-07,+9.910000E+37,+7.324443E+02,+3.584400E+04,+8.351472E-02,+7.197000E-07,+9.910000E+37,+7.325107E+02,+3.584400E+04,+8.328694E-02,+7.197000E-07,+9.910000E+37,+7.325771E+02,+3.584400E+04,-2.775533E-01,+0.000000E+00,+9.910000E+37,+7.326445E+02,+3.584400E+04
12:02:45,0e0,+9.039059E-02,+8.031000E-07,+9.910000E+37,+7.328691E+02,+3.584400E+04,+9.039035E-02,+8.031000E-07,+9.910000E+37,+7.329346E+02,+3.584400E+04,+8.993536E-02,+8.031000E-07,+9.910000E+37,+7.330010E+02,+3.584400E+04,-6.782556E-01,+0.000000E+00,+9.910000E+37,+7.330674E+02,+3.584400E+04
12:02:45,0e0,+9.617281E-02,+8.961500E-07,+9.910000E+37,+7.332920E+02,+3.584400E+04,+9.457886E-02,+8.961500E-07,+9.910000E+37,+7.333584E+02,+3.584400E+04,+9.685597E-02,+8.961500E-07,+9.910000E+37,+7.334248E+02,+3.584400E+04,-1.155864E+00,+0.000000E+00,+9.910000E+37,+7.334912E+02,+3.584400E+04
12:02:45,0e0,+1.020002E-01,+1.000000E-06,+9.910000E+37,+7.337139E+02,+3.584400E+04,+1.016362E-01,+1.000000E-06,+9.910000E+37,+7.337803E+02,+3.584400E+04,+1.037767E-01,+1.000000E-06,+9.910000E+37,+7.338457E+02,+3.584400E+04,-1.957362E+00,+0.000000E+00,+9.910000E+37,+7.339121E+02,+3.584400E+04
12:02:45,0e0,+9.621793E-02,+1.116000E-06,+9.910000E+37,+7.341348E+02,+3.584400E+04,+9.776655E-02,+1.116000E-06,+9.910000E+37,+7.342021E+02,+3.584400E+04,+9.908733E-02,+1.116000E-06,+9.910000E+37,+7.342695E+02,+3.584400E+04,-1.515158E-02,+0.000000E+00,+9.910000E+37,+7.343350E+02,+3.584400E+04
12:02:45,0e0,+1.025469E-01,+1.245000E-06,+9.910000E+37,+7.345605E+02,+3.584400E+04,+1.038680E-01,+1.245000E-06,+9.910000E+37,+7.346270E+02,+3.584400E+04,+1.034581E-01,+1.245000E-06,+9.910000E+37,+7.346934E+02,+3.584400E+04,-1.565278E-02,+0.000000E+00,+9.910000E+37,+7.347598E+02,+3.584400E+04
12:02:45,0e0,+1.101512E-01,+1.389500E-06,+9.910000E+37,+7.349844E+02,+3.584400E+04,+1.084202E-01,+1.389500E-06,+9.910000E+37,+7.350518E+02,+3.584400E+04,+1.088301E-01,+1.389500E-06,+9.910000E+37,+7.351172E+02,+3.584400E+04,-1.578905E-02,+0.000000E+00,+9.910000E+37,+7.351836E+02,+3.584400E+04
12:02:45,0e0,+1.167531E-01,+1.550500E-06,+9.910000E+37,+7.354043E+02,+3.584400E+04,+1.153872E-01,+1.550500E-06,+9.910000E+37,+7.354707E+02,+3.584400E+04,+1.155234E-01,+1.550500E-06,+9.910000E+37,+7.355371E+02,+3.584400E+04,-1.601659E-02,+0.000000E+00,+9.910000E+37,+7.356045E+02,+3.584400E+04
12:02:45,0e0,+1.224904E-01,+1.730000E-06,+9.910000E+37,+7.358301E+02,+3.584400E+04,+1.218978E-01,+1.730000E-06,+9.910000E+37,+7.358975E+02,+3.584400E+04,+1.208503E-01,+1.730000E-06,+9.910000E+37,+7.359639E+02,+3.584400E+04,-1.560690E-02,+0.000000E+00,+9.910000E+37,+7.360293E+02,+3.584400E+04
12:02:45,0e0,+1.280452E-01,+1.930500E-06,+9.910000E+37,+7.362539E+02,+3.584400E+04,+1.286821E-01,+1.930500E-06,+9.910000E+37,+7.363203E+02,+3.584400E+04,+1.299573E-01,+1.930500E-06,+9.910000E+37,+7.363877E+02,+3.584400E+04,-1.701869E-02,+0.000000E+00,+9.910000E+37,+7.364551E+02,+3.584400E+04
12:02:45,0e0,+1.366049E-01,+2.154500E-06,+9.910000E+37,+7.366807E+02,+3.584400E+04,+1.372872E-01,+2.154500E-06,+9.910000E+37,+7.367461E+02,+3.584400E+04,+1.370604E-01,+2.154500E-06,+9.910000E+37,+7.368125E+02,+3.584400E+04,-1.405855E-02,+0.000000E+00,+9.910000E+37,+7.368789E+02,+3.584400E+04
12:02:45,0e0,+1.442551E-01,+2.404000E-06,+9.910000E+37,+7.370996E+02,+3.584400E+04,+1.437984E-01,+2.404000E-06,+9.910000E+37,+7.371670E+02,+3.584400E+04,+1.446638E-01,+2.404000E-06,+9.910000E+37,+7.372324E+02,+3.584400E+04,-1.647228E-02,+0.000000E+00,+9.910000E+37,+7.372988E+02,+3.584400E+04
12:02:45,0e0,+1.524498E-01,+2.682500E-06,+9.910000E+37,+7.375195E+02,+3.584400E+04,+1.527686E-01,+2.682500E-06,+9.910000E+37,+7.375859E+02,+3.584400E+04,+1.530874E-01,+2.682500E-06,+9.910000E+37,+7.376523E+02,+3.584400E+04,-1.583467E-02,+0.000000E+00,+9.910000E+37,+7.377187E+02,+3.584400E+04
12:02:45,0e0,+1.613733E-01,+2.993500E-06,+9.910000E+37,+7.379443E+02,+3.584400E+04,+1.600530E-01,+2.993500E-06,+9.910000E+37,+7.380098E+02,+3.584400E+04,+1.607366E-01,+2.993500E-06,+9.910000E+37,+7.380762E+02,+3.584400E+04,-1.510628E-02,+0.000000E+00,+9.910000E+37,+7.381426E+02,+3.584400E+04
12:02:45,0e0,+1.689785E-01,+3.340500E-06,+9.910000E+37,+7.383672E+02,+3.584400E+04,+1.694331E-01,+3.340500E-06,+9.910000E+37,+7.384346E+02,+3.584400E+04,+1.697063E-01,+3.340500E-06,+9.910000E+37,+7.385010E+02,+3.584400E+04,-1.460524E-02,+0.000000E+00,+9.910000E+37,+7.385674E+02,+3.584400E+04
12:02:45,0e0,+1.782200E-01,+3.727500E-06,+9.910000E+37,+7.387930E+02,+3.584400E+04,+1.788129E-01,+3.727500E-06,+9.910000E+37,+7.388604E+02,+3.584400E+04,+1.781750E-01,+3.727500E-06,+9.910000E+37,+7.389268E+02,+3.584400E+04,-1.656350E-02,+0.000000E+00,+9.910000E+37,+7.389922E+02,+3.584400E+04
12:02:45,0e0,+1.876002E-01,+4.159500E-06,+9.910000E+37,+7.392168E+02,+3.584400E+04,+1.886472E-01,+4.159500E-06,+9.910000E+37,+7.392832E+02,+3.584400E+04,+1.887384E-01,+4.159500E-06,+9.910000E+37,+7.393496E+02,+3.584400E+04,-1.556145E-02,+0.000000E+00,+9.910000E+37,+7.394160E+02,+3.584400E+04
12:02:45,0e0,+1.980260E-01,+4.641500E-06,+9.910000E+37,+7.396406E+02,+3.584400E+04,+1.975254E-01,+4.641500E-06,+9.910000E+37,+7.397070E+02,+3.584400E+04,+1.974803E-01,+4.641500E-06,+9.910000E+37,+7.397734E+02,+3.584400E+04,-1.501518E-02,+0.000000E+00,+9.910000E+37,+7.398398E+02,+3.584400E+04
12:02:45,0e0,+2.073145E-01,+5.179500E-06,+9.910000E+37,+7.400645E+02,+3.584400E+04,+2.069500E-01,+5.179500E-06,+9.910000E+37,+7.401309E+02,+3.584400E+04,+2.079517E-01,+5.179500E-06,+9.910000E+37,+7.401973E+02,+3.584400E+04,-1.665463E-02,+0.000000E+00,+9.910000E+37,+7.402646E+02,+3.584400E+04
12:02:45,0e0,+2.191527E-01,+5.779500E-06,+9.910000E+37,+7.404912E+02,+3.584400E+04,+2.196544E-01,+5.779500E-06,+9.910000E+37,+7.405586E+02,+3.584400E+04,+2.178777E-01,+5.779500E-06,+9.910000E+37,+7.406250E+02,+3.584400E+04,-2.261874E-02,+0.000000E+00,+9.910000E+37,+7.406914E+02,+3.584400E+04
12:02:45,0e0,+2.309008E-01,+6.449500E-06,+9.910000E+37,+7.409150E+02,+3.584400E+04,+2.306273E-01,+6.449500E-06,+9.910000E+37,+7.409824E+02,+3.584400E+04,+2.301717E-01,+6.449500E-06,+9.910000E+37,+7.410479E+02,+3.584400E+04,-6.805968E-02,+0.000000E+00,+9.910000E+37,+7.411143E+02,+3.584400E+04
12:02:45,0e0,+2.431487E-01,+7.197000E-06,+9.910000E+37,+7.413408E+02,+3.584400E+04,+2.427840E-01,+7.197000E-06,+9.910000E+37,+7.414072E+02,+3.584400E+04,+2.424648E-01,+7.197000E-06,+9.910000E+37,+7.414736E+02,+3.584400E+04,-3.094274E-01,+0.000000E+00,+9.910000E+37,+7.415410E+02,+3.584400E+04
12:02:45,0e0,+2.554867E-01,+8.031000E-06,+9.910000E+37,+7.417646E+02,+3.584400E+04,+2.548955E-01,+8.031000E-06,+9.910000E+37,+7.418320E+02,+3.584400E+04,+2.538021E-01,+8.031000E-06,+9.910000E+37,+7.418994E+02,+3.584400E+04,-6.440594E-01,+0.000000E+00,+9.910000E+37,+7.419648E+02,+3.584400E+04
12:02:45,0e0,+2.689648E-01,+8.961500E-06,+9.910000E+37,+7.421875E+02,+3.584400E+04,+2.664595E-01,+8.961500E-06,+9.910000E+37,+7.422539E+02,+3.584400E+04,+2.678264E-01,+8.961500E-06,+9.910000E+37,+7.423193E+02,+3.584400E+04,-1.162149E+00,+0.000000E+00,+9.910000E+37,+7.423857E+02,+3.584400E+04
12:02:45,0e0,+2.806656E-01,+1.000000E-05,+9.910000E+37,+7.426084E+02,+3.584400E+04,+2.818049E-01,+1.000000E-05,+9.910000E+37,+7.426748E+02,+3.584400E+04,+2.817138E-01,+1.000000E-05,+9.910000E+37,+7.427412E+02,+3.584400E+04,-1.810012E+00,+0.000000E+00,+9.910000E+37,+7.428076E+02,+3.584400E+04
12:02:45,0e0,+2.830790E-01,+1.116000E-05,+9.910000E+37,+7.430254E+02,+3.584400E+04,+2.844455E-01,+1.116000E-05,+9.910000E+37,+7.430918E+02,+3.584400E+04,+2.843546E-01,+1.116000E-05,+9.910000E+37,+7.431592E+02,+3.584400E+04,-1.733737E-02,+0.000000E+00,+9.910000E+37,+7.432246E+02,+3.584400E+04
12:02:45,0e0,+2.979232E-01,+1.245000E-05,+9.910000E+37,+7.434434E+02,+3.584400E+04,+2.971945E-01,+1.245000E-05,+9.910000E+37,+7.435107E+02,+3.584400E+04,+2.977871E-01,+1.245000E-05,+9.910000E+37,+7.435762E+02,+3.584400E+04,-1.806568E-02,+0.000000E+00,+9.910000E+37,+7.436475E+02,+3.584400E+04
12:02:45,0e0,+3.100787E-01,+1.389500E-05,+9.910000E+37,+7.438672E+02,+3.584400E+04,+3.124474E-01,+1.389500E-05,+9.910000E+37,+7.439336E+02,+3.584400E+04,+3.123569E-01,+1.389500E-05,+9.910000E+37,+7.440010E+02,+3.584400E+04,-1.806575E-02,+0.000000E+00,+9.910000E+37,+7.440684E+02,+3.584400E+04
12:02:45,0e0,+3.266989E-01,+1.550500E-05,+9.910000E+37,+7.442871E+02,+3.584400E+04,+3.254228E-01,+1.550500E-05,+9.910000E+37,+7.443535E+02,+3.584400E+04,+3.264706E-01,+1.550500E-05,+9.910000E+37,+7.444209E+02,+3.584400E+04,-1.706396E-02,+0.000000E+00,+9.910000E+37,+7.444902E+02,+3.584400E+04
12:02:45,0e0,+3.414507E-01,+1.730000E-05,+9.910000E+37,+7.447129E+02,+3.584400E+04,+3.407674E-01,+1.730000E-05,+9.910000E+37,+7.447803E+02,+3.584400E+04,+3.420889E-01,+1.730000E-05,+9.910000E+37,+7.448457E+02,+3.584400E+04,-1.888566E-02,+0.000000E+00,+9.910000E+37,+7.449141E+02,+3.584400E+04
12:02:45,0e0,+3.570681E-01,+1.930500E-05,+9.910000E+37,+7.451348E+02,+3.584400E+04,+3.564759E-01,+1.930500E-05,+9.910000E+37,+7.452012E+02,+3.584400E+04,+3.560663E-01,+1.930500E-05,+9.910000E+37,+7.452676E+02,+3.584400E+04,-1.802017E-02,+0.000000E+00,+9.910000E+37,+7.453379E+02,+3.584400E+04
12:02:45,0e0,+3.725943E-01,+2.154500E-05,+9.910000E+37,+7.455576E+02,+3.584400E+04,+3.734154E-01,+2.154500E-05,+9.910000E+37,+7.456250E+02,+3.584400E+04,+3.732321E-01,+2.154500E-05,+9.910000E+37,+7.456914E+02,+3.584400E+04,-1.802032E-02,+0.000000E+00,+9.910000E+37,+7.457578E+02,+3.584400E+04
12:02:45,0e0,+3.896231E-01,+2.404000E-05,+9.910000E+37,+7.459707E+02,+3.584400E+04,+3.897598E-01,+2.404000E-05,+9.910000E+37,+7.460371E+02,+3.584400E+04,+3.892130E-01,+2.404000E-05,+9.910000E+37,+7.461035E+02,+3.584400E+04,-1.701826E-02,+0.000000E+00,+9.910000E+37,+7.461699E+02,+3.584400E+04
12:02:45,0e0,+4.043284E-01,+2.682500E-05,+9.910000E+37,+7.463809E+02,+3.584400E+04,+4.050584E-01,+2.682500E-05,+9.910000E+37,+7.464463E+02,+3.584400E+04,+4.052860E-01,+2.682500E-05,+9.910000E+37,+7.465137E+02,+3.584400E+04,-1.747371E-02,+0.000000E+00,+9.910000E+37,+7.465811E+02,+3.584400E+04
12:02:45,0e0,+4.214938E-01,+2.993500E-05,+9.910000E+37,+7.467969E+02,+3.584400E+04,+4.221326E-01,+2.993500E-05,+9.910000E+37,+7.468633E+02,+3.584400E+04,+4.231341E-01,+2.993500E-05,+9.910000E+37,+7.469297E+02,+3.584400E+04,-1.756495E-02,+0.000000E+00,+9.910000E+37,+7.469961E+02,+3.584400E+04
12:02:45,0e0,+4.417115E-01,+3.340500E-05,+9.910000E+37,+7.472158E+02,+3.584400E+04,+4.389321E-01,+3.340500E-05,+9.910000E+37,+7.472832E+02,+3.584400E+04,+4.397083E-01,+3.340500E-05,+9.910000E+37,+7.473506E+02,+3.584400E+04,-1.692756E-02,+0.000000E+00,+9.910000E+37,+7.474160E+02,+3.584400E+04
12:02:45,0e0,+4.581937E-01,+3.727500E-05,+9.910000E+37,+7.476318E+02,+3.584400E+04,+4.581025E-01,+3.727500E-05,+9.910000E+37,+7.476982E+02,+3.584400E+04,+4.584668E-01,+3.727500E-05,+9.910000E+37,+7.477656E+02,+3.584400E+04,-1.765609E-02,+0.000000E+00,+9.910000E+37,+7.478311E+02,+3.584400E+04
12:02:45,0e0,+4.737188E-01,+4.159500E-05,+9.910000E+37,+7.480459E+02,+3.584400E+04,+4.756330E-01,+4.159500E-05,+9.910000E+37,+7.481123E+02,+3.584400E+04,+4.755868E-01,+4.159500E-05,+9.910000E+37,+7.481797E+02,+3.584400E+04,-1.788364E-02,+0.000000E+00,+9.910000E+37,+7.482510E+02,+3.584400E+04
12:02:45,0e0,+4.942079E-01,+4.641500E-05,+9.910000E+37,+7.484658E+02,+3.584400E+04,+4.937993E-01,+4.641500E-05,+9.910000E+37,+7.485332E+02,+3.584400E+04,+4.943913E-01,+4.641500E-05,+9.910000E+37,+7.486006E+02,+3.584400E+04,-1.729175E-02,+0.000000E+00,+9.910000E+37,+7.486660E+02,+3.584400E+04
12:02:45,0e0,+5.129232E-01,+5.179500E-05,+9.910000E+37,+7.488770E+02,+3.584400E+04,+5.120556E-01,+5.179500E-05,+9.910000E+37,+7.489443E+02,+3.584400E+04,+5.133781E-01,+5.179500E-05,+9.910000E+37,+7.490098E+02,+3.584400E+04,-1.833892E-02,+0.000000E+00,+9.910000E+37,+7.490762E+02,+3.584400E+04
12:02:45,0e0,+5.309072E-01,+5.779500E-05,+9.910000E+37,+7.492939E+02,+3.584400E+04,+5.302232E-01,+5.779500E-05,+9.910000E+37,+7.493604E+02,+3.584400E+04,+5.311799E-01,+5.779500E-05,+9.910000E+37,+7.494277E+02,+3.584400E+04,-1.765609E-02,+0.000000E+00,+9.910000E+37,+7.494951E+02,+3.584400E+04
12:02:45,0e0,+5.515800E-01,+6.449500E-05,+9.910000E+37,+7.497129E+02,+3.584400E+04,+5.506231E-01,+6.449500E-05,+9.910000E+37,+7.497803E+02,+3.584400E+04,+5.507587E-01,+6.449500E-05,+9.910000E+37,+7.498457E+02,+3.584400E+04,-3.659728E-02,+0.000000E+00,+9.910000E+37,+7.499121E+02,+3.584400E+04
12:02:45,0e0,+5.720224E-01,+7.197000E-05,+9.910000E+37,+7.501289E+02,+3.584400E+04,+5.696996E-01,+7.197000E-05,+9.910000E+37,+7.501963E+02,+3.584400E+04,+5.702011E-01,+7.197000E-05,+9.910000E+37,+7.502617E+02,+3.584400E+04,-1.355370E-01,+0.000000E+00,+9.910000E+37,+7.503281E+02,+3.584400E+04
12:02:45,0e0,+5.898262E-01,+8.031000E-05,+9.910000E+37,+7.505439E+02,+3.584400E+04,+5.886402E-01,+8.031000E-05,+9.910000E+37,+7.506113E+02,+3.584400E+04,+5.897787E-01,+8.031000E-05,+9.910000E+37,+7.506768E+02,+3.584400E+04,-2.082509E-01,+0.000000E+00,+9.910000E+37,+7.507451E+02,+3.584400E+04
12:02:45,0e0,+6.098144E-01,+8.961500E-05,+9.910000E+37,+7.509580E+02,+3.584400E+04,+6.103147E-01,+8.961500E-05,+9.910000E+37,+7.510234E+02,+3.584400E+04,+6.102685E-01,+8.961500E-05,+9.910000E+37,+7.510898E+02,+3.584400E+04,-8.577507E-01,+0.000000E+00,+9.910000E+37,+7.511572E+02,+3.584400E+04
12:02:45,0e0,+6.304390E-01,+1.000000E-04,+9.910000E+37,+7.513662E+02,+3.584400E+04,+6.312147E-01,+1.000000E-04,+9.910000E+37,+7.514326E+02,+3.584400E+04,+6.308501E-01,+1.000000E-04,+9.910000E+37,+7.514990E+02,+3.584400E+04,-1.469869E+00,+0.000000E+00,+9.910000E+37,+7.515664E+02,+3.584400E+04
12:02:45,0e0,+6.403648E-01,+1.116000E-04,+9.910000E+37,+7.517861E+02,+3.584400E+04,+6.400469E-01,+1.116000E-04,+9.910000E+37,+7.518525E+02,+3.584400E+04,+6.383601E-01,+1.116000E-04,+9.910000E+37,+7.519199E+02,+3.584400E+04,-4.620408E-02,+0.000000E+00,+9.910000E+37,+7.519873E+02,+3.584400E+04
12:02:45,0e0,+6.586671E-01,+1.245000E-04,+9.910000E+37,+7.522090E+02,+3.584400E+04,+6.600350E-01,+1.245000E-04,+9.910000E+37,+7.522764E+02,+3.584400E+04,+6.598985E-01,+1.245000E-04,+9.910000E+37,+7.523438E+02,+3.584400E+04,-4.538445E-02,+0.000000E+00,+9.910000E+37,+7.524092E+02,+3.584400E+04
12:02:45,0e0,+6.793407E-01,+1.389500E-04,+9.910000E+37,+7.526299E+02,+3.584400E+04,+6.797038E-01,+1.389500E-04,+9.910000E+37,+7.526973E+02,+3.584400E+04,+6.799784E-01,+1.389500E-04,+9.910000E+37,+7.527646E+02,+3.584400E+04,-4.738817E-02,+0.000000E+00,+9.910000E+37,+7.528301E+02,+3.584400E+04
12:02:45,0e0,+6.979603E-01,+1.550500E-04,+9.910000E+37,+7.530518E+02,+3.584400E+04,+6.987804E-01,+1.550500E-04,+9.910000E+37,+7.531191E+02,+3.584400E+04,+6.989172E-01,+1.550500E-04,+9.910000E+37,+7.531846E+02,+3.584400E+04,-4.679628E-02,+0.000000E+00,+9.910000E+37,+7.532510E+02,+3.584400E+04
12:02:45,0e0,+7.192252E-01,+1.730000E-04,+9.910000E+37,+7.534736E+02,+3.584400E+04,+7.193164E-01,+1.730000E-04,+9.910000E+37,+7.535400E+02,+3.584400E+04,+7.189987E-01,+1.730000E-04,+9.910000E+37,+7.536064E+02,+3.584400E+04,-4.652303E-02,+0.000000E+00,+9.910000E+37,+7.536738E+02,+3.584400E+04
12:02:45,0e0,+7.391220E-01,+1.930500E-04,+9.910000E+37,+7.538936E+02,+3.584400E+04,+7.384828E-01,+1.930500E-04,+9.910000E+37,+7.539600E+02,+3.584400E+04,+7.392142E-01,+1.930500E-04,+9.910000E+37,+7.540264E+02,+3.584400E+04,-4.665965E-02,+0.000000E+00,+9.910000E+37,+7.540938E+02,+3.584400E+04
12:02:45,0e0,+7.578340E-01,+2.154500E-04,+9.910000E+37,+7.543154E+02,+3.584400E+04,+7.596121E-01,+2.154500E-04,+9.910000E+37,+7.543809E+02,+3.584400E+04,+7.597496E-01,+2.154500E-04,+9.910000E+37,+7.544473E+02,+3.584400E+04,-4.798001E-02,+0.000000E+00,+9.910000E+37,+7.545146E+02,+3.584400E+04
12:02:45,0e0,+7.798746E-01,+2.404000E-04,+9.910000E+37,+7.547363E+02,+3.584400E+04,+7.811023E-01,+2.404000E-04,+9.910000E+37,+7.548027E+02,+3.584400E+04,+7.801923E-01,+2.404000E-04,+9.910000E+37,+7.548701E+02,+3.584400E+04,-4.716092E-02,+0.000000E+00,+9.910000E+37,+7.549355E+02,+3.584400E+04
12:02:45,0e0,+8.008604E-01,+2.682500E-04,+9.910000E+37,+7.551582E+02,+3.584400E+04,+8.002701E-01,+2.682500E-04,+9.910000E+37,+7.552246E+02,+3.584400E+04,+8.020008E-01,+2.682500E-04,+9.910000E+37,+7.552910E+02,+3.584400E+04,-4.624990E-02,+0.000000E+00,+9.910000E+37,+7.553584E+02,+3.584400E+04
12:02:45,0e0,+8.209405E-01,+2.993500E-04,+9.910000E+37,+7.555801E+02,+3.584400E+04,+8.226272E-01,+2.993500E-04,+9.910000E+37,+7.556465E+02,+3.584400E+04,+8.204390E-01,+2.993500E-04,+9.910000E+37,+7.557139E+02,+3.584400E+04,-4.624958E-02,+0.000000E+00,+9.910000E+37,+7.557793E+02,+3.584400E+04
12:02:45,0e0,+8.439370E-01,+3.340500E-04,+9.910000E+37,+7.560020E+02,+3.584400E+04,+8.443456E-01,+3.340500E-04,+9.910000E+37,+7.560674E+02,+3.584400E+04,+8.448479E-01,+3.340500E-04,+9.910000E+37,+7.561348E+02,+3.584400E+04,-4.693288E-02,+0.000000E+00,+9.910000E+37,+7.562002E+02,+3.584400E+04
12:02:45,0e0,+8.662916E-01,+3.727500E-04,+9.910000E+37,+7.564268E+02,+3.584400E+04,+8.658812E-01,+3.727500E-04,+9.910000E+37,+7.564941E+02,+3.584400E+04,+8.658819E-01,+3.727500E-04,+9.910000E+37,+7.565596E+02,+3.584400E+04,-4.570362E-02,+0.000000E+00,+9.910000E+37,+7.566260E+02,+3.584400E+04
12:02:45,0e0,+8.879187E-01,+4.159500E-04,+9.910000E+37,+7.568506E+02,+3.584400E+04,+8.884654E-01,+4.159500E-04,+9.910000E+37,+7.569160E+02,+3.584400E+04,+8.886472E-01,+4.159500E-04,+9.910000E+37,+7.569834E+02,+3.584400E+04,-4.757033E-02,+0.000000E+00,+9.910000E+37,+7.570488E+02,+3.584400E+04
12:02:45,0e0,+9.113683E-01,+4.641500E-04,+9.910000E+37,+7.572695E+02,+3.584400E+04,+9.119587E-01,+4.641500E-04,+9.910000E+37,+7.573350E+02,+3.584400E+04,+9.109566E-01,+4.641500E-04,+9.910000E+37,+7.574014E+02,+3.584400E+04,-4.752472E-02,+0.000000E+00,+9.910000E+37,+7.574688E+02,+3.584400E+04
12:02:45,0e0,+9.349991E-01,+5.179500E-04,+9.910000E+37,+7.576963E+02,+3.584400E+04,+9.337690E-01,+5.179500E-04,+9.910000E+37,+7.577617E+02,+3.584400E+04,+9.334949E-01,+5.179500E-04,+9.910000E+37,+7.578281E+02,+3.584400E+04,-4.556698E-02,+0.000000E+00,+9.910000E+37,+7.578945E+02,+3.584400E+04
12:02:45,0e0,+9.587660E-01,+5.779500E-04,+9.910000E+37,+7.581191E+02,+3.584400E+04,+9.595398E-01,+5.779500E-04,+9.910000E+37,+7.581855E+02,+3.584400E+04,+9.586302E-01,+5.779500E-04,+9.910000E+37,+7.582529E+02,+3.584400E+04,-4.752484E-02,+0.000000E+00,+9.910000E+37,+7.583184E+02,+3.584400E+04
12:02:45,0e0,+9.844460E-01,+6.449500E-04,+9.910000E+37,+7.585430E+02,+3.584400E+04,+9.841712E-01,+6.449500E-04,+9.910000E+37,+7.586104E+02,+3.584400E+04,+9.847642E-01,+6.449500E-04,+9.910000E+37,+7.586758E+02,+3.584400E+04,-5.940896E-02,+0.000000E+00,+9.910000E+37,+7.587432E+02,+3.584400E+04
12:02:45,0e0,+1.009125E+00,+7.197000E-04,+9.910000E+37,+7.589707E+02,+3.584400E+04,+1.008987E+00,+7.197000E-04,+9.910000E+37,+7.590371E+02,+3.584400E+04,+1.009125E+00,+7.197000E-04,+9.910000E+37,+7.591035E+02,+3.584400E+04,-1.382235E-01,+0.000000E+00,+9.910000E+37,+7.591709E+02,+3.584400E+04
12:02:45,0e0,+1.035304E+00,+8.031000E-04,+9.910000E+37,+7.593975E+02,+3.584400E+04,+1.034894E+00,+8.031000E-04,+9.910000E+37,+7.594629E+02,+3.584400E+04,+1.036077E+00,+8.031000E-04,+9.910000E+37,+7.595293E+02,+3.584400E+04,-2.175393E-01,+0.000000E+00,+9.910000E+37,+7.595957E+02,+3.584400E+04
12:02:45,0e0,+1.062577E+00,+8.961500E-04,+9.910000E+37,+7.598164E+02,+3.584400E+04,+1.061939E+00,+8.961500E-04,+9.910000E+37,+7.598818E+02,+3.584400E+04,+1.061987E+00,+8.961500E-04,+9.910000E+37,+7.599492E+02,+3.584400E+04,-2.831993E-01,+0.000000E+00,+9.910000E+37,+7.600156E+02,+3.584400E+04
12:02:45,0e0,+1.090988E+00,+1.000000E-03,+9.910000E+37,+7.602393E+02,+3.584400E+04,+1.089759E+00,+1.000000E-03,+9.910000E+37,+7.603066E+02,+3.584400E+04,+1.091218E+00,+1.000000E-03,+9.910000E+37,+7.603730E+02,+3.584400E+04,-4.702090E-01,+0.000000E+00,+9.910000E+37,+7.604395E+02,+3.584400E+04
12:02:45,0e0,+1.106242E+00,+1.116000E-03,+9.910000E+37,+7.606670E+02,+3.584400E+04,+1.106882E+00,+1.116000E-03,+9.910000E+37,+7.607334E+02,+3.584400E+04,+1.104921E+00,+1.116000E-03,+9.910000E+37,+7.607998E+02,+3.584400E+04,-1.597272E+00,+0.000000E+00,+9.910000E+37,+7.608672E+02,+3.584400E+04
12:02:45,0e0,+1.133014E+00,+1.245000E-03,+9.910000E+37,+7.610869E+02,+3.584400E+04,+1.133926E+00,+1.245000E-03,+9.910000E+37,+7.611533E+02,+3.584400E+04,+1.133835E+00,+1.245000E-03,+9.910000E+37,+7.612197E+02,+3.584400E+04,-1.604879E+00,+0.000000E+00,+9.910000E+37,+7.612871E+02,+3.584400E+04
12:02:45,0e0,+1.162473E+00,+1.389500E-03,+9.910000E+37,+7.615078E+02,+3.584400E+04,+1.162886E+00,+1.389500E-03,+9.910000E+37,+7.615732E+02,+3.584400E+04,+1.162974E+00,+1.389500E-03,+9.910000E+37,+7.616396E+02,+3.584400E+04,-1.599276E+00,+0.000000E+00,+9.910000E+37,+7.617061E+02,+3.584400E+04
12:02:45,0e0,+1.191565E+00,+1.550500E-03,+9.910000E+37,+7.619316E+02,+3.584400E+04,+1.192524E+00,+1.550500E-03,+9.910000E+37,+7.619980E+02,+3.584400E+04,+1.192660E+00,+1.550500E-03,+9.910000E+37,+7.620654E+02,+3.584400E+04,-1.574781E+00,+0.000000E+00,+9.910000E+37,+7.621309E+02,+3.584400E+04
12:02:45,0e0,+1.224124E+00,+1.730000E-03,+9.910000E+37,+7.623545E+02,+3.584400E+04,+1.223758E+00,+1.730000E-03,+9.910000E+37,+7.624219E+02,+3.584400E+04,+1.222803E+00,+1.730000E-03,+9.910000E+37,+7.624873E+02,+3.584400E+04,-1.587481E+00,+0.000000E+00,+9.910000E+37,+7.625537E+02,+3.584400E+04
12:02:45,0e0,+1.254626E+00,+1.930500E-03,+9.910000E+37,+7.627764E+02,+3.584400E+04,+1.254767E+00,+1.930500E-03,+9.910000E+37,+7.628418E+02,+3.584400E+04,+1.255356E+00,+1.930500E-03,+9.910000E+37,+7.629082E+02,+3.584400E+04,-1.568586E+00,+0.000000E+00,+9.910000E+37,+7.629756E+02,+3.584400E+04
12:02:45,0e0,+1.288324E+00,+2.154500E-03,+9.910000E+37,+7.631982E+02,+3.584400E+04,+1.287959E+00,+2.154500E-03,+9.910000E+37,+7.632646E+02,+3.584400E+04,+1.287226E+00,+2.154500E-03,+9.910000E+37,+7.633320E+02,+3.584400E+04,-1.560846E+00,+0.000000E+00,+9.910000E+37,+7.633975E+02,+3.584400E+04
12:02:45,0e0,+1.323334E+00,+2.404000E-03,+9.910000E+37,+7.636172E+02,+3.584400E+04,+1.321647E+00,+2.404000E-03,+9.910000E+37,+7.636836E+02,+3.584400E+04,+1.323245E+00,+2.404000E-03,+9.910000E+37,+7.637510E+02,+3.584400E+04,-1.585023E+00,+0.000000E+00,+9.910000E+37,+7.638164E+02,+3.584400E+04
12:02:45,0e0,+1.357621E+00,+2.682500E-03,+9.910000E+37,+7.640371E+02,+3.584400E+04,+1.357621E+00,+2.682500E-03,+9.910000E+37,+7.641035E+02,+3.584400E+04,+1.357668E+00,+2.682500E-03,+9.910000E+37,+7.641689E+02,+3.584400E+04,-1.626961E+00,+0.000000E+00,+9.910000E+37,+7.642363E+02,+3.584400E+04
12:02:45,0e0,+1.395050E+00,+2.993500E-03,+9.910000E+37,+7.644629E+02,+3.584400E+04,+1.392403E+00,+2.993500E-03,+9.910000E+37,+7.645293E+02,+3.584400E+04,+1.394726E+00,+2.993500E-03,+9.910000E+37,+7.645967E+02,+3.584400E+04,-1.545820E+00,+0.000000E+00,+9.910000E+37,+7.646621E+02,+3.584400E+04
12:02:45,0e0,+1.433705E+00,+3.340500E-03,+9.910000E+37,+7.648867E+02,+3.584400E+04,+1.433387E+00,+3.340500E-03,+9.910000E+37,+7.649521E+02,+3.584400E+04,+1.431700E+00,+3.340500E-03,+9.910000E+37,+7.650195E+02,+3.584400E+04,-1.565221E+00,+0.000000E+00,+9.910000E+37,+7.650850E+02,+3.584400E+04
12:02:45,0e0,+1.471858E+00,+3.727500E-03,+9.910000E+37,+7.653086E+02,+3.584400E+04,+1.473179E+00,+3.727500E-03,+9.910000E+37,+7.653740E+02,+3.584400E+04,+1.471813E+00,+3.727500E-03,+9.910000E+37,+7.654404E+02,+3.584400E+04,-1.575052E+00,+0.000000E+00,+9.910000E+37,+7.655078E+02,+3.584400E+04
12:02:45,0e0,+1.513475E+00,+4.159500E-03,+9.910000E+37,+7.657344E+02,+3.584400E+04,+1.513111E+00,+4.159500E-03,+9.910000E+37,+7.658018E+02,+3.584400E+04,+1.513246E+00,+4.159500E-03,+9.910000E+37,+7.658672E+02,+3.584400E+04,-1.576828E+00,+0.000000E+00,+9.910000E+37,+7.659336E+02,+3.584400E+04
12:02:45,0e0,+1.555317E+00,+4.641500E-03,+9.910000E+37,+7.661592E+02,+3.584400E+04,+1.556320E+00,+4.641500E-03,+9.910000E+37,+7.662256E+02,+3.584400E+04,+1.557366E+00,+4.641500E-03,+9.910000E+37,+7.662930E+02,+3.584400E+04,-1.562031E+00,+0.000000E+00,+9.910000E+37,+7.663584E+02,+3.584400E+04
12:02:45,0e0,+1.600940E+00,+5.179500E-03,+9.910000E+37,+7.665830E+02,+3.584400E+04,+1.600485E+00,+5.179500E-03,+9.910000E+37,+7.666494E+02,+3.584400E+04,+1.601577E+00,+5.179500E-03,+9.910000E+37,+7.667158E+02,+3.584400E+04,-1.572410E+00,+0.000000E+00,+9.910000E+37,+7.667822E+02,+3.584400E+04
12:02:45,0e0,+1.647655E+00,+5.779500E-03,+9.910000E+37,+7.670107E+02,+3.584400E+04,+1.646698E+00,+5.779500E-03,+9.910000E+37,+7.670771E+02,+3.584400E+04,+1.647111E+00,+5.779500E-03,+9.910000E+37,+7.671445E+02,+3.584400E+04,-1.537076E+00,+0.000000E+00,+9.910000E+37,+7.672100E+02,+3.584400E+04
12:02:45,0e0,+1.696057E+00,+6.449500E-03,+9.910000E+37,+7.674316E+02,+3.584400E+04,+1.694959E+00,+6.449500E-03,+9.910000E+37,+7.674990E+02,+3.584400E+04,+1.695693E+00,+6.449500E-03,+9.910000E+37,+7.675645E+02,+3.584400E+04,-1.567266E+00,+0.000000E+00,+9.910000E+37,+7.676309E+02,+3.584400E+04
12:02:45,0e0,+1.747596E+00,+7.197000E-03,+9.910000E+37,+7.678516E+02,+3.584400E+04,+1.746504E+00,+7.197000E-03,+9.910000E+37,+7.679180E+02,+3.584400E+04,+1.746321E+00,+7.197000E-03,+9.910000E+37,+7.679844E+02,+3.584400E+04,-1.600004E+00,+0.000000E+00,+9.910000E+37,+7.680508E+02,+3.584400E+04
12:02:45,0e0,+1.799731E+00,+8.031000E-03,+9.910000E+37,+7.682715E+02,+3.584400E+04,+1.799867E+00,+8.031000E-03,+9.910000E+37,+7.683389E+02,+3.584400E+04,+1.800185E+00,+8.031000E-03,+9.910000E+37,+7.684043E+02,+3.584400E+04,-1.558021E+00,+0.000000E+00,+9.910000E+37,+7.684717E+02,+3.584400E+04
12:02:45,0e0,+1.854911E+00,+8.961500E-03,+9.910000E+37,+7.686934E+02,+3.584400E+04,+1.855783E+00,+8.961500E-03,+9.910000E+37,+7.687607E+02,+3.584400E+04,+1.855235E+00,+8.961500E-03,+9.910000E+37,+7.688271E+02,+3.584400E+04,-1.584795E+00,+0.000000E+00,+9.910000E+37,+7.688936E+02,+3.584400E+04
