11:52:47,0e0,-8.481989E+00,+1.000000E-07,+9.910000E+37,+1.443682E+02,+3.584400E+04,+1.445712E-02,+1.000000E-07,+9.910000E+37,+1.444336E+02,+3.584400E+04,+1.422952E-02,+1.000000E-07,+9.910000E+37,+1.445010E+02,+3.584400E+04,-6.244990E-02,+0.000000E+00,+9.910000E+37,+1.445674E+02,+3.584400E+04
11:52:47,0e0,-7.875863E+00,+1.116000E-07,+9.910000E+37,+1.447930E+02,+3.584400E+04,+1.618703E-02,+1.116000E-07,+9.910000E+37,+1.448594E+02,+3.584400E+04,+1.664257E-02,+1.116000E-07,+9.910000E+37,+1.449268E+02,+3.584400E+04,-6.208569E-02,+0.000000E+00,+9.910000E+37,+1.449922E+02,+3.584400E+04
11:52:47,0e0,-6.379813E+00,+1.245000E-07,+9.910000E+37,+1.452197E+02,+3.584400E+04,+2.001213E-02,+1.245000E-07,+9.910000E+37,+1.452852E+02,+3.584400E+04,+2.178825E-02,+1.245000E-07,+9.910000E+37,+1.453525E+02,+3.584400E+04,-6.723112E-02,+0.000000E+00,+9.910000E+37,+1.454189E+02,+3.584400E+04
11:52:47,0e0,-4.450830E+00,+1.389500E-07,+9.910000E+37,+1.456465E+02,+3.584400E+04,+2.483906E-02,+1.389500E-07,+9.910000E+37,+1.457139E+02,+3.584400E+04,+2.360921E-02,+1.389500E-07,+9.910000E+37,+1.457793E+02,+3.584400E+04,-6.244980E-02,+0.000000E+00,+9.910000E+37,+1.458467E+02,+3.584400E+04
11:52:47,0e0,-3.122656E+00,+1.550500E-07,+9.910000E+37,+1.460703E+02,+3.584400E+04,+2.629603E-02,+1.550500E-07,+9.910000E+37,+1.461367E+02,+3.584400E+04,+2.688786E-02,+1.550500E-07,+9.910000E+37,+1.462031E+02,+3.584400E+04,-6.577398E-02,+0.000000E+00,+9.910000E+37,+1.462705E+02,+3.584400E+04
11:52:47,0e0,-1.834237E+00,+1.730000E-07,+9.910000E+37,+1.464932E+02,+3.584400E+04,+2.952850E-02,+1.730000E-07,+9.910000E+37,+1.465605E+02,+3.584400E+04,+3.034860E-02,+1.730000E-07,+9.910000E+37,+1.466260E+02,+3.584400E+04,-6.299643E-02,+0.000000E+00,+9.910000E+37,+1.466924E+02,+3.584400E+04
11:52:47,0e0,-7.458578E-01,+1.930500E-07,+9.910000E+37,+1.469180E+02,+3.584400E+04,+3.399107E-02,+1.930500E-07,+9.910000E+37,+1.469854E+02,+3.584400E+04,+3.248811E-02,+1.930500E-07,+9.910000E+37,+1.470518E+02,+3.584400E+04,-6.859706E-02,+0.000000E+00,+9.910000E+37,+1.471182E+02,+3.584400E+04
11:52:47,0e0,-1.967299E-01,+2.154500E-07,+9.910000E+37,+1.473457E+02,+3.584400E+04,+3.667745E-02,+2.154500E-07,+9.910000E+37,+1.474121E+02,+3.584400E+04,+3.672299E-02,+2.154500E-07,+9.910000E+37,+1.474785E+02,+3.584400E+04,-6.445342E-02,+0.000000E+00,+9.910000E+37,+1.475459E+02,+3.584400E+04
11:52:47,0e0,+3.066733E-02,+2.404000E-07,+9.910000E+37,+1.477695E+02,+3.584400E+04,+4.127651E-02,+2.404000E-07,+9.910000E+37,+1.478369E+02,+3.584400E+04,+3.995600E-02,+2.404000E-07,+9.910000E+37,+1.479033E+02,+3.584400E+04,-7.428870E-02,+0.000000E+00,+9.910000E+37,+1.479707E+02,+3.584400E+04
11:52:47,0e0,+4.487389E-02,+2.682500E-07,+9.910000E+37,+1.481953E+02,+3.584400E+04,+4.441831E-02,+2.682500E-07,+9.910000E+37,+1.482627E+02,+3.584400E+04,+4.655859E-02,+2.682500E-07,+9.910000E+37,+1.483281E+02,+3.584400E+04,-6.440809E-02,+0.000000E+00,+9.910000E+37,+1.483955E+02,+3.584400E+04
11:52:47,0e0,+4.869857E-02,+2.993500E-07,+9.910000E+37,+1.486191E+02,+3.584400E+04,+4.951832E-02,+2.993500E-07,+9.910000E+37,+1.486855E+02,+3.584400E+04,+4.860732E-02,+2.993500E-07,+9.910000E+37,+1.487529E+02,+3.584400E+04,-9.641851E-02,+0.000000E+00,+9.910000E+37,+1.488184E+02,+3.584400E+04
11:52:47,0e0,+5.243221E-02,+3.340500E-07,+9.910000E+37,+1.490420E+02,+3.584400E+04,+5.202267E-02,+3.340500E-07,+9.910000E+37,+1.491084E+02,+3.584400E+04,+5.188581E-02,+3.340500E-07,+9.910000E+37,+1.491748E+02,+3.584400E+04,-7.333259E-02,+0.000000E+00,+9.910000E+37,+1.492412E+02,+3.584400E+04
11:52:47,0e0,+5.630311E-02,+3.727500E-07,+9.910000E+37,+1.494648E+02,+3.584400E+04,+5.666709E-02,+3.727500E-07,+9.910000E+37,+1.495313E+02,+3.584400E+04,+5.607504E-02,+3.727500E-07,+9.910000E+37,+1.495986E+02,+3.584400E+04,-1.950452E-01,+0.000000E+00,+9.910000E+37,+1.496641E+02,+3.584400E+04
11:52:47,0e0,+5.976325E-02,+4.159500E-07,+9.910000E+37,+1.498896E+02,+3.584400E+04,+6.058282E-02,+4.159500E-07,+9.910000E+37,+1.499561E+02,+3.584400E+04,+6.076515E-02,+4.159500E-07,+9.910000E+37,+1.500234E+02,+3.584400E+04,-4.024189E-01,+0.000000E+00,+9.910000E+37,+1.500889E+02,+3.584400E+04
11:52:47,0e0,+6.322381E-02,+4.641500E-07,+9.910000E+37,+1.503125E+02,+3.584400E+04,+6.399786E-02,+4.641500E-07,+9.910000E+37,+1.503789E+02,+3.584400E+04,+6.317821E-02,+4.641500E-07,+9.910000E+37,+1.504463E+02,+3.584400E+04,-7.734080E-01,+0.000000E+00,+9.910000E+37,+1.505117E+02,+3.584400E+04
11:52:47,0e0,+6.886983E-02,+5.179500E-07,+9.910000E+37,+1.507373E+02,+3.584400E+04,+6.786814E-02,+5.179500E-07,+9.910000E+37,+1.508047E+02,+3.584400E+04,+6.932563E-02,+5.179500E-07,+9.910000E+37,+1.508701E+02,+3.584400E+04,-1.748032E+00,+0.000000E+00,+9.910000E+37,+1.509365E+02,+3.584400E+04
11:52:47,0e0,+7.264885E-02,+5.779500E-07,+9.910000E+37,+1.511611E+02,+3.584400E+04,+7.387909E-02,+5.779500E-07,+9.910000E+37,+1.512275E+02,+3.584400E+04,+7.287708E-02,+5.779500E-07,+9.910000E+37,+1.512949E+02,+3.584400E+04,-2.671928E+00,+0.000000E+00,+9.910000E+37,+1.513604E+02,+3.584400E+04
11:52:47,0e0,+7.865995E-02,+6.449500E-07,+9.910000E+37,+1.515820E+02,+3.584400E+04,+7.692957E-02,+6.449500E-07,+9.910000E+37,+1.516494E+02,+3.584400E+04,+7.674730E-02,+6.449500E-07,+9.910000E+37,+1.517168E+02,+3.584400E+04,-4.301516E+00,+0.000000E+00,+9.910000E+37,+1.517822E+02,+3.584400E+04
11:52:47,0e0,+8.157408E-02,+7.197000E-07,+9.910000E+37,+1.520039E+02,+3.584400E+04,+8.239374E-02,+7.197000E-07,+9.910000E+37,+1.520713E+02,+3.584400E+04,+8.216608E-02,+7.197000E-07,+9.910000E+37,+1.521387E+02,+3.584400E+04,-6.216933E+00,+0.000000E+00,+9.910000E+37,+1.522041E+02,+3.584400E+04
11:52:47,0e0,+8.662808E-02,+8.031000E-07,+9.910000E+37,+1.524307E+02,+3.584400E+04,+8.653757E-02,+8.031000E-07,+9.910000E+37,+1.524980E+02,+3.584400E+04,+8.790374E-02,+8.031000E-07,+9.910000E+37,+1.525635E+02,+3.584400E+04,-8.173371E+00,+0.000000E+00,+9.910000E+37,+1.526299E+02,+3.584400E+04
11:52:47,0e0,+9.086284E-02,+8.961500E-07,+9.910000E+37,+1.528555E+02,+3.584400E+04,+9.049839E-02,+8.961500E-07,+9.910000E+37,+1.529209E+02,+3.584400E+04,+9.099925E-02,+8.961500E-07,+9.910000E+37,+1.529873E+02,+3.584400E+04,-1.088031E+01,+0.000000E+00,+9.910000E+37,+1.530537E+02,+3.584400E+04
11:52:47,0e0,+9.691933E-02,+1.000000E-06,+9.910000E+37,+1.532783E+02,+3.584400E+04,+9.637246E-02,+1.000000E-06,+9.910000E+37,+1.533447E+02,+3.584400E+04,+9.623608E-02,+1.000000E-06,+9.910000E+37,+1.534121E+02,+3.584400E+04,-1.316417E+01,+0.000000E+00,+9.910000E+37,+1.534795E+02,+3.584400E+04
11:52:47,0e0,+8.977008E-02,+1.116000E-06,+9.910000E+37,+1.537002E+02,+3.584400E+04,+9.040770E-02,+1.116000E-06,+9.910000E+37,+1.537676E+02,+3.584400E+04,+9.277558E-02,+1.116000E-06,+9.910000E+37,+1.538330E+02,+3.584400E+04,-6.827855E-02,+0.000000E+00,+9.910000E+37,+1.539004E+02,+3.584400E+04
11:52:47,0e0,+9.564468E-02,+1.245000E-06,+9.910000E+37,+1.541201E+02,+3.584400E+04,+9.459645E-02,+1.245000E-06,+9.910000E+37,+1.541855E+02,+3.584400E+04,+9.546193E-02,+1.245000E-06,+9.910000E+37,+1.542529E+02,+3.584400E+04,-6.572855E-02,+0.000000E+00,+9.910000E+37,+1.543203E+02,+3.584400E+04
11:52:47,0e0,+9.796581E-02,+1.389500E-06,+9.910000E+37,+1.545420E+02,+3.584400E+04,+9.810275E-02,+1.389500E-06,+9.910000E+37,+1.546084E+02,+3.584400E+04,+9.915078E-02,+1.389500E-06,+9.910000E+37,+1.546758E+02,+3.584400E+04,-6.431696E-02,+0.000000E+00,+9.910000E+37,+1.547412E+02,+3.584400E+04
11:52:47,0e0,+1.030661E-01,+1.550500E-06,+9.910000E+37,+1.549678E+02,+3.584400E+04,+1.022009E-01,+1.550500E-06,+9.910000E+37,+1.550352E+02,+3.584400E+04,+1.017908E-01,+1.550500E-06,+9.910000E+37,+1.551016E+02,+3.584400E+04,-6.645697E-02,+0.000000E+00,+9.910000E+37,+1.551680E+02,+3.584400E+04
11:52:47,0e0,+1.076651E-01,+1.730000E-06,+9.910000E+37,+1.553936E+02,+3.584400E+04,+1.077563E-01,+1.730000E-06,+9.910000E+37,+1.554590E+02,+3.584400E+04,+1.077562E-01,+1.730000E-06,+9.910000E+37,+1.555264E+02,+3.584400E+04,-6.477237E-02,+0.000000E+00,+9.910000E+37,+1.555928E+02,+3.584400E+04
11:52:47,0e0,+1.118087E-01,+1.930500E-06,+9.910000E+37,+1.558154E+02,+3.584400E+04,+1.106244E-01,+1.930500E-06,+9.910000E+37,+1.558818E+02,+3.584400E+04,+1.131288E-01,+1.930500E-06,+9.910000E+37,+1.559482E+02,+3.584400E+04,-6.540965E-02,+0.000000E+00,+9.910000E+37,+1.560156E+02,+3.584400E+04
11:52:47,0e0,+1.168631E-01,+2.154500E-06,+9.910000E+37,+1.562393E+02,+3.584400E+04,+1.174552E-01,+2.154500E-06,+9.910000E+37,+1.563066E+02,+3.584400E+04,+1.177286E-01,+2.154500E-06,+9.910000E+37,+1.563721E+02,+3.584400E+04,-6.404381E-02,+0.000000E+00,+9.910000E+37,+1.564385E+02,+3.584400E+04
11:52:47,0e0,+1.202783E-01,+2.404000E-06,+9.910000E+37,+1.566602E+02,+3.584400E+04,+1.220540E-01,+2.404000E-06,+9.910000E+37,+1.567266E+02,+3.584400E+04,+1.215073E-01,+2.404000E-06,+9.910000E+37,+1.567939E+02,+3.584400E+04,-6.354265E-02,+0.000000E+00,+9.910000E+37,+1.568604E+02,+3.584400E+04
11:52:47,0e0,+1.262883E-01,+2.682500E-06,+9.910000E+37,+1.570811E+02,+3.584400E+04,+1.257415E-01,+2.682500E-06,+9.910000E+37,+1.571475E+02,+3.584400E+04,+1.255140E-01,+2.682500E-06,+9.910000E+37,+1.572139E+02,+3.584400E+04,-6.823283E-02,+0.000000E+00,+9.910000E+37,+1.572813E+02,+3.584400E+04
11:52:47,0e0,+1.307051E-01,+2.993500E-06,+9.910000E+37,+1.575039E+02,+3.584400E+04,+1.292932E-01,+2.993500E-06,+9.910000E+37,+1.575713E+02,+3.584400E+04,+1.309329E-01,+2.993500E-06,+9.910000E+37,+1.576377E+02,+3.584400E+04,-7.173908E-02,+0.000000E+00,+9.910000E+37,+1.577041E+02,+3.584400E+04
11:52:47,0e0,+1.365786E-01,+3.340500E-06,+9.910000E+37,+1.579297E+02,+3.584400E+04,+1.350759E-01,+3.340500E-06,+9.910000E+37,+1.579971E+02,+3.584400E+04,+1.340741E-01,+3.340500E-06,+9.910000E+37,+1.580625E+02,+3.584400E+04,-6.522733E-02,+0.000000E+00,+9.910000E+37,+1.581289E+02,+3.584400E+04
11:52:47,0e0,+1.404491E-01,+3.727500E-06,+9.910000E+37,+1.583506E+02,+3.584400E+04,+1.409048E-01,+3.727500E-06,+9.910000E+37,+1.584180E+02,+3.584400E+04,+1.410867E-01,+3.727500E-06,+9.910000E+37,+1.584834E+02,+3.584400E+04,-1.978228E-01,+0.000000E+00,+9.910000E+37,+1.585498E+02,+3.584400E+04
11:52:47,0e0,+1.459587E-01,+4.159500E-06,+9.910000E+37,+1.587725E+02,+3.584400E+04,+1.466424E-01,+4.159500E-06,+9.910000E+37,+1.588379E+02,+3.584400E+04,+1.452300E-01,+4.159500E-06,+9.910000E+37,+1.589053E+02,+3.584400E+04,-3.859795E-01,+0.000000E+00,+9.910000E+37,+1.589707E+02,+3.584400E+04
11:52:47,0e0,+1.523792E-01,+4.641500E-06,+9.910000E+37,+1.591953E+02,+3.584400E+04,+1.515141E-01,+4.641500E-06,+9.910000E+37,+1.592627E+02,+3.584400E+04,+1.512863E-01,+4.641500E-06,+9.910000E+37,+1.593281E+02,+3.584400E+04,-7.640266E-01,+0.000000E+00,+9.910000E+37,+1.593955E+02,+3.584400E+04
11:52:47,0e0,+1.588451E-01,+5.179500E-06,+9.910000E+37,+1.596162E+02,+3.584400E+04,+1.568416E-01,+5.179500E-06,+9.910000E+37,+1.596836E+02,+3.584400E+04,+1.561123E-01,+5.179500E-06,+9.910000E+37,+1.597490E+02,+3.584400E+04,-1.655960E+00,+0.000000E+00,+9.910000E+37,+1.598164E+02,+3.584400E+04
11:52:47,0e0,+1.627162E-01,+5.779500E-06,+9.910000E+37,+1.600381E+02,+3.584400E+04,+1.616224E-01,+5.779500E-06,+9.910000E+37,+1.601045E+02,+3.584400E+04,+1.628980E-01,+5.779500E-06,+9.910000E+37,+1.601719E+02,+3.584400E+04,-2.568925E+00,+0.000000E+00,+9.910000E+37,+1.602383E+02,+3.584400E+04
11:52:47,0e0,+1.689543E-01,+6.449500E-06,+9.910000E+37,+1.604629E+02,+3.584400E+04,+1.690909E-01,+6.449500E-06,+9.910000E+37,+1.605303E+02,+3.584400E+04,+1.692268E-01,+6.449500E-06,+9.910000E+37,+1.605957E+02,+3.584400E+04,-4.039409E+00,+0.000000E+00,+9.910000E+37,+1.606631E+02,+3.584400E+04
11:52:47,0e0,+1.743266E-01,+7.197000E-06,+9.910000E+37,+1.608848E+02,+3.584400E+04,+1.738713E-01,+7.197000E-06,+9.910000E+37,+1.609521E+02,+3.584400E+04,+1.762400E-01,+7.197000E-06,+9.910000E+37,+1.610186E+02,+3.584400E+04,-5.893023E+00,+0.000000E+00,+9.910000E+37,+1.610850E+02,+3.584400E+04
11:52:47,0e0,+1.805189E-01,+8.031000E-06,+9.910000E+37,+1.613115E+02,+3.584400E+04,+1.799271E-01,+8.031000E-06,+9.910000E+37,+1.613770E+02,+3.584400E+04,+1.812021E-01,+8.031000E-06,+9.910000E+37,+1.614443E+02,+3.584400E+04,-7.907478E+00,+0.000000E+00,+9.910000E+37,+1.615098E+02,+3.584400E+04
11:52:47,0e0,+1.871676E-01,+8.961500E-06,+9.910000E+37,+1.617314E+02,+3.584400E+04,+1.877590E-01,+8.961500E-06,+9.910000E+37,+1.617969E+02,+3.584400E+04,+1.882146E-01,+8.961500E-06,+9.910000E+37,+1.618633E+02,+3.584400E+04,-1.049839E+01,+0.000000E+00,+9.910000E+37,+1.619307E+02,+3.584400E+04
11:52:47,0e0,+1.938605E-01,+1.000000E-05,+9.910000E+37,+1.621484E+02,+3.584400E+04,+1.943160E-01,+1.000000E-05,+9.910000E+37,+1.622148E+02,+3.584400E+04,+1.944074E-01,+1.000000E-05,+9.910000E+37,+1.622822E+02,+3.584400E+04,-1.287867E+01,+0.000000E+00,+9.910000E+37,+1.623496E+02,+3.584400E+04
11:52:47,0e0,+1.908109E-01,+1.116000E-05,+9.910000E+37,+1.625732E+02,+3.584400E+04,+1.904001E-01,+1.116000E-05,+9.910000E+37,+1.626406E+02,+3.584400E+04,+1.898995E-01,+1.116000E-05,+9.910000E+37,+1.627061E+02,+3.584400E+04,-9.846763E-02,+0.000000E+00,+9.910000E+37,+1.627734E+02,+3.584400E+04
11:52:47,0e0,+1.966837E-01,+1.245000E-05,+9.910000E+37,+1.629902E+02,+3.584400E+04,+1.956359E-01,+1.245000E-05,+9.910000E+37,+1.630557E+02,+3.584400E+04,+1.970032E-01,+1.245000E-05,+9.910000E+37,+1.631230E+02,+3.584400E+04,-9.937844E-02,+0.000000E+00,+9.910000E+37,+1.631943E+02,+3.584400E+04
11:52:47,0e0,+2.017830E-01,+1.389500E-05,+9.910000E+37,+1.634180E+02,+3.584400E+04,+2.023760E-01,+1.389500E-05,+9.910000E+37,+1.634844E+02,+3.584400E+04,+2.019201E-01,+1.389500E-05,+9.910000E+37,+1.635518E+02,+3.584400E+04,-9.924188E-02,+0.000000E+00,+9.910000E+37,+1.636191E+02,+3.584400E+04
11:52:47,0e0,+2.089780E-01,+1.550500E-05,+9.910000E+37,+1.638408E+02,+3.584400E+04,+2.092062E-01,+1.550500E-05,+9.910000E+37,+1.639072E+02,+3.584400E+04,+2.090239E-01,+1.550500E-05,+9.910000E+37,+1.639746E+02,+3.584400E+04,-9.842206E-02,+0.000000E+00,+9.910000E+37,+1.640410E+02,+3.584400E+04
11:52:47,0e0,+2.148521E-01,+1.730000E-05,+9.910000E+37,+1.642607E+02,+3.584400E+04,+2.153524E-01,+1.730000E-05,+9.910000E+37,+1.643262E+02,+3.584400E+04,+2.160355E-01,+1.730000E-05,+9.910000E+37,+1.643936E+02,+3.584400E+04,-9.965149E-02,+0.000000E+00,+9.910000E+37,+1.644639E+02,+3.584400E+04
11:52:47,0e0,+2.212263E-01,+1.930500E-05,+9.910000E+37,+1.646758E+02,+3.584400E+04,+2.213182E-01,+1.930500E-05,+9.910000E+37,+1.647432E+02,+3.584400E+04,+2.216356E-01,+1.930500E-05,+9.910000E+37,+1.648086E+02,+3.584400E+04,-9.792125E-02,+0.000000E+00,+9.910000E+37,+1.648760E+02,+3.584400E+04
11:52:47,0e0,+2.296050E-01,+2.154500E-05,+9.910000E+37,+1.650879E+02,+3.584400E+04,+2.283291E-01,+2.154500E-05,+9.910000E+37,+1.651553E+02,+3.584400E+04,+2.285115E-01,+2.154500E-05,+9.910000E+37,+1.652207E+02,+3.584400E+04,-9.814889E-02,+0.000000E+00,+9.910000E+37,+1.652871E+02,+3.584400E+04
11:52:47,0e0,+2.362533E-01,+2.404000E-05,+9.910000E+37,+1.655029E+02,+3.584400E+04,+2.350224E-01,+2.404000E-05,+9.910000E+37,+1.655703E+02,+3.584400E+04,+2.354324E-01,+2.404000E-05,+9.910000E+37,+1.656357E+02,+3.584400E+04,-9.951472E-02,+0.000000E+00,+9.910000E+37,+1.657021E+02,+3.584400E+04
11:52:47,0e0,+2.419444E-01,+2.682500E-05,+9.910000E+37,+1.659199E+02,+3.584400E+04,+2.434022E-01,+2.682500E-05,+9.910000E+37,+1.659863E+02,+3.584400E+04,+2.444030E-01,+2.682500E-05,+9.910000E+37,+1.660527E+02,+3.584400E+04,-1.002435E-01,+0.000000E+00,+9.910000E+37,+1.661201E+02,+3.584400E+04
11:52:47,0e0,+2.496855E-01,+2.993500E-05,+9.910000E+37,+1.663359E+02,+3.584400E+04,+2.503228E-01,+2.993500E-05,+9.910000E+37,+1.664023E+02,+3.584400E+04,+2.496846E-01,+2.993500E-05,+9.910000E+37,+1.664697E+02,+3.584400E+04,-1.003345E-01,+0.000000E+00,+9.910000E+37,+1.665381E+02,+3.584400E+04
11:52:47,0e0,+2.562875E-01,+3.340500E-05,+9.910000E+37,+1.667568E+02,+3.584400E+04,+2.573798E-01,+3.340500E-05,+9.910000E+37,+1.668242E+02,+3.584400E+04,+2.572891E-01,+3.340500E-05,+9.910000E+37,+1.668906E+02,+3.584400E+04,-9.887746E-02,+0.000000E+00,+9.910000E+37,+1.669629E+02,+3.584400E+04
11:52:47,0e0,+2.669879E-01,+3.727500E-05,+9.910000E+37,+1.671816E+02,+3.584400E+04,+2.640736E-01,+3.727500E-05,+9.910000E+37,+1.672480E+02,+3.584400E+04,+2.657125E-01,+3.727500E-05,+9.910000E+37,+1.673154E+02,+3.584400E+04,-9.951486E-02,+0.000000E+00,+9.910000E+37,+1.673838E+02,+3.584400E+04
11:52:47,0e0,+2.735000E-01,+4.159500E-05,+9.910000E+37,+1.676035E+02,+3.584400E+04,+2.724516E-01,+4.159500E-05,+9.910000E+37,+1.676689E+02,+3.584400E+04,+2.725434E-01,+4.159500E-05,+9.910000E+37,+1.677363E+02,+3.584400E+04,-1.129476E-01,+0.000000E+00,+9.910000E+37,+1.678076E+02,+3.584400E+04
11:52:47,0e0,+2.814685E-01,+4.641500E-05,+9.910000E+37,+1.680244E+02,+3.584400E+04,+2.816043E-01,+4.641500E-05,+9.910000E+37,+1.680918E+02,+3.584400E+04,+2.811032E-01,+4.641500E-05,+9.910000E+37,+1.681572E+02,+3.584400E+04,-4.543299E-01,+0.000000E+00,+9.910000E+37,+1.682246E+02,+3.584400E+04
11:52:47,0e0,+2.879326E-01,+5.179500E-05,+9.910000E+37,+1.684375E+02,+3.584400E+04,+2.884795E-01,+5.179500E-05,+9.910000E+37,+1.685049E+02,+3.584400E+04,+2.898917E-01,+5.179500E-05,+9.910000E+37,+1.685703E+02,+3.584400E+04,-9.312364E-01,+0.000000E+00,+9.910000E+37,+1.686367E+02,+3.584400E+04
11:52:47,0e0,+2.982243E-01,+5.779500E-05,+9.910000E+37,+1.688535E+02,+3.584400E+04,+2.989994E-01,+5.779500E-05,+9.910000E+37,+1.689189E+02,+3.584400E+04,+2.986799E-01,+5.779500E-05,+9.910000E+37,+1.689854E+02,+3.584400E+04,-1.782955E+00,+0.000000E+00,+9.910000E+37,+1.690527E+02,+3.584400E+04
11:52:47,0e0,+3.059647E-01,+6.449500E-05,+9.910000E+37,+1.692686E+02,+3.584400E+04,+3.063286E-01,+6.449500E-05,+9.910000E+37,+1.693340E+02,+3.584400E+04,+3.065116E-01,+6.449500E-05,+9.910000E+37,+1.694014E+02,+3.584400E+04,-2.861496E+00,+0.000000E+00,+9.910000E+37,+1.694668E+02,+3.584400E+04
11:52:47,0e0,+3.144802E-01,+7.197000E-05,+9.910000E+37,+1.696826E+02,+3.584400E+04,+3.151169E-01,+7.197000E-05,+9.910000E+37,+1.697490E+02,+3.584400E+04,+3.149344E-01,+7.197000E-05,+9.910000E+37,+1.698164E+02,+3.584400E+04,-4.011888E+00,+0.000000E+00,+9.910000E+37,+1.698838E+02,+3.584400E+04
11:52:47,0e0,+3.246801E-01,+8.031000E-05,+9.910000E+37,+1.701045E+02,+3.584400E+04,+3.243145E-01,+8.031000E-05,+9.910000E+37,+1.701709E+02,+3.584400E+04,+3.243141E-01,+8.031000E-05,+9.910000E+37,+1.702373E+02,+3.584400E+04,-5.859673E+00,+0.000000E+00,+9.910000E+37,+1.703066E+02,+3.584400E+04
11:52:47,0e0,+3.341512E-01,+8.961500E-05,+9.910000E+37,+1.705244E+02,+3.584400E+04,+3.338766E-01,+8.961500E-05,+9.910000E+37,+1.705908E+02,+3.584400E+04,+3.326926E-01,+8.961500E-05,+9.910000E+37,+1.706582E+02,+3.584400E+04,-7.288583E+00,+0.000000E+00,+9.910000E+37,+1.707285E+02,+3.584400E+04
11:52:47,0e0,+3.417083E-01,+1.000000E-04,+9.910000E+37,+1.709482E+02,+3.584400E+04,+3.430759E-01,+1.000000E-04,+9.910000E+37,+1.710137E+02,+3.584400E+04,+3.417993E-01,+1.000000E-04,+9.910000E+37,+1.710820E+02,+3.584400E+04,-9.220059E+00,+0.000000E+00,+9.910000E+37,+1.711543E+02,+3.584400E+04
11:52:47,0e0,+3.407066E-01,+1.116000E-04,+9.910000E+37,+1.713701E+02,+3.584400E+04,+3.413447E-01,+1.116000E-04,+9.910000E+37,+1.714424E+02,+3.584400E+04,+3.412532E-01,+1.116000E-04,+9.910000E+37,+1.715088E+02,+3.584400E+04,-9.749056E-01,+0.000000E+00,+9.910000E+37,+1.715752E+02,+3.584400E+04
11:52:47,0e0,+3.491300E-01,+1.245000E-04,+9.910000E+37,+1.717939E+02,+3.584400E+04,+3.490393E-01,+1.245000E-04,+9.910000E+37,+1.718613E+02,+3.584400E+04,+3.494051E-01,+1.245000E-04,+9.910000E+37,+1.719277E+02,+3.584400E+04,-9.544604E-01,+0.000000E+00,+9.910000E+37,+1.719941E+02,+3.584400E+04
11:52:47,0e0,+3.579181E-01,+1.389500E-04,+9.910000E+37,+1.722158E+02,+3.584400E+04,+3.567344E-01,+1.389500E-04,+9.910000E+37,+1.722813E+02,+3.584400E+04,+3.587844E-01,+1.389500E-04,+9.910000E+37,+1.723486E+02,+3.584400E+04,-9.776376E-01,+0.000000E+00,+9.910000E+37,+1.724141E+02,+3.584400E+04
11:52:47,0e0,+3.675733E-01,+1.550500E-04,+9.910000E+37,+1.726357E+02,+3.584400E+04,+3.667536E-01,+1.550500E-04,+9.910000E+37,+1.727031E+02,+3.584400E+04,+3.676179E-01,+1.550500E-04,+9.910000E+37,+1.727695E+02,+3.584400E+04,-1.024997E+00,+0.000000E+00,+9.910000E+37,+1.728359E+02,+3.584400E+04
11:52:47,0e0,+3.766336E-01,+1.730000E-04,+9.910000E+37,+1.730557E+02,+3.584400E+04,+3.760882E-01,+1.730000E-04,+9.910000E+37,+1.731221E+02,+3.584400E+04,+3.755854E-01,+1.730000E-04,+9.910000E+37,+1.731895E+02,+3.584400E+04,-9.828298E-01,+0.000000E+00,+9.910000E+37,+1.732549E+02,+3.584400E+04
11:52:47,0e0,+3.864685E-01,+1.930500E-04,+9.910000E+37,+1.734756E+02,+3.584400E+04,+3.843733E-01,+1.930500E-04,+9.910000E+37,+1.735420E+02,+3.584400E+04,+3.838729E-01,+1.930500E-04,+9.910000E+37,+1.736084E+02,+3.584400E+04,-9.440310E-01,+0.000000E+00,+9.910000E+37,+1.736758E+02,+3.584400E+04
11:52:47,0e0,+3.937554E-01,+2.154500E-04,+9.910000E+37,+1.738984E+02,+3.584400E+04,+3.936188E-01,+2.154500E-04,+9.910000E+37,+1.739648E+02,+3.584400E+04,+3.947553E-01,+2.154500E-04,+9.910000E+37,+1.740322E+02,+3.584400E+04,-1.015660E+00,+0.000000E+00,+9.910000E+37,+1.740986E+02,+3.584400E+04
11:52:47,0e0,+4.025882E-01,+2.404000E-04,+9.910000E+37,+1.743193E+02,+3.584400E+04,+4.035907E-01,+2.404000E-04,+9.910000E+37,+1.743867E+02,+3.584400E+04,+4.022679E-01,+2.404000E-04,+9.910000E+37,+1.744521E+02,+3.584400E+04,-1.037747E+00,+0.000000E+00,+9.910000E+37,+1.745195E+02,+3.584400E+04
11:52:47,0e0,+4.121948E-01,+2.682500E-04,+9.910000E+37,+1.747393E+02,+3.584400E+04,+4.121962E-01,+2.682500E-04,+9.910000E+37,+1.748057E+02,+3.584400E+04,+4.117395E-01,+2.682500E-04,+9.910000E+37,+1.748721E+02,+3.584400E+04,-9.696255E-01,+0.000000E+00,+9.910000E+37,+1.749395E+02,+3.584400E+04
11:52:47,0e0,+4.219397E-01,+2.993500E-04,+9.910000E+37,+1.751621E+02,+3.584400E+04,+4.212558E-01,+2.993500E-04,+9.910000E+37,+1.752295E+02,+3.584400E+04,+4.223943E-01,+2.993500E-04,+9.910000E+37,+1.752949E+02,+3.584400E+04,-9.480850E-01,+0.000000E+00,+9.910000E+37,+1.753623E+02,+3.584400E+04
11:52:47,0e0,+4.328684E-01,+3.340500E-04,+9.910000E+37,+1.755830E+02,+3.584400E+04,+4.324577E-01,+3.340500E-04,+9.910000E+37,+1.756504E+02,+3.584400E+04,+4.319103E-01,+3.340500E-04,+9.910000E+37,+1.757158E+02,+3.584400E+04,-1.027637E+00,+0.000000E+00,+9.910000E+37,+1.757822E+02,+3.584400E+04
11:52:47,0e0,+4.420209E-01,+3.727500E-04,+9.910000E+37,+1.760059E+02,+3.584400E+04,+4.406525E-01,+3.727500E-04,+9.910000E+37,+1.760732E+02,+3.584400E+04,+4.408802E-01,+3.727500E-04,+9.910000E+37,+1.761387E+02,+3.584400E+04,-9.691681E-01,+0.000000E+00,+9.910000E+37,+1.762061E+02,+3.584400E+04
11:52:47,0e0,+4.521740E-01,+4.159500E-04,+9.910000E+37,+1.764307E+02,+3.584400E+04,+4.504433E-01,+4.159500E-04,+9.910000E+37,+1.764980E+02,+3.584400E+04,+4.521285E-01,+4.159500E-04,+9.910000E+37,+1.765645E+02,+3.584400E+04,-1.003684E+00,+0.000000E+00,+9.910000E+37,+1.766309E+02,+3.584400E+04
11:52:47,0e0,+4.625553E-01,+4.641500E-04,+9.910000E+37,+1.768564E+02,+3.584400E+04,+4.616902E-01,+4.641500E-04,+9.910000E+37,+1.769229E+02,+3.584400E+04,+4.615541E-01,+4.641500E-04,+9.910000E+37,+1.769893E+02,+3.584400E+04,-9.883848E-01,+0.000000E+00,+9.910000E+37,+1.770557E+02,+3.584400E+04
11:52:47,0e0,+4.722538E-01,+5.179500E-04,+9.910000E+37,+1.772783E+02,+3.584400E+04,+4.729375E-01,+5.179500E-04,+9.910000E+37,+1.773447E+02,+3.584400E+04,+4.728456E-01,+5.179500E-04,+9.910000E+37,+1.774111E+02,+3.584400E+04,-9.465381E-01,+0.000000E+00,+9.910000E+37,+1.774785E+02,+3.584400E+04
11:52:47,0e0,+4.833633E-01,+5.779500E-04,+9.910000E+37,+1.777051E+02,+3.584400E+04,+4.839552E-01,+5.779500E-04,+9.910000E+37,+1.777725E+02,+3.584400E+04,+4.856869E-01,+5.779500E-04,+9.910000E+37,+1.778379E+02,+3.584400E+04,-1.336238E+00,+0.000000E+00,+9.910000E+37,+1.779043E+02,+3.584400E+04
11:52:47,0e0,+4.954760E-01,+6.449500E-04,+9.910000E+37,+1.781299E+02,+3.584400E+04,+4.952946E-01,+6.449500E-04,+9.910000E+37,+1.781963E+02,+3.584400E+04,+4.955677E-01,+6.449500E-04,+9.910000E+37,+1.782627E+02,+3.584400E+04,-1.602947E+00,+0.000000E+00,+9.910000E+37,+1.783301E+02,+3.584400E+04
11:52:47,0e0,+5.071335E-01,+7.197000E-04,+9.910000E+37,+1.785518E+02,+3.584400E+04,+5.076799E-01,+7.197000E-04,+9.910000E+37,+1.786172E+02,+3.584400E+04,+5.078163E-01,+7.197000E-04,+9.910000E+37,+1.786846E+02,+3.584400E+04,-2.094151E+00,+0.000000E+00,+9.910000E+37,+1.787500E+02,+3.584400E+04
11:52:47,0e0,+5.195195E-01,+8.031000E-04,+9.910000E+37,+1.789727E+02,+3.584400E+04,+5.195187E-01,+8.031000E-04,+9.910000E+37,+1.790381E+02,+3.584400E+04,+5.186533E-01,+8.031000E-04,+9.910000E+37,+1.791045E+02,+3.584400E+04,-2.514683E+00,+0.000000E+00,+9.910000E+37,+1.791719E+02,+3.584400E+04
11:52:47,0e0,+5.321312E-01,+8.961500E-04,+9.910000E+37,+1.793916E+02,+3.584400E+04,+5.312661E-01,+8.961500E-04,+9.910000E+37,+1.794580E+02,+3.584400E+04,+5.307186E-01,+8.961500E-04,+9.910000E+37,+1.795244E+02,+3.584400E+04,-2.749471E+00,+0.000000E+00,+9.910000E+37,+1.795908E+02,+3.584400E+04
11:52:47,0e0,+5.449722E-01,+1.000000E-03,+9.910000E+37,+1.798096E+02,+3.584400E+04,+5.441526E-01,+1.000000E-03,+9.910000E+37,+1.798770E+02,+3.584400E+04,+5.453814E-01,+1.000000E-03,+9.910000E+37,+1.799434E+02,+3.584400E+04,-3.193229E+00,+0.000000E+00,+9.910000E+37,+1.800107E+02,+3.584400E+04
11:52:47,0e0,+5.464742E-01,+1.116000E-03,+9.910000E+37,+1.802344E+02,+3.584400E+04,+5.456088E-01,+1.116000E-03,+9.910000E+37,+1.803008E+02,+3.584400E+04,+5.469297E-01,+1.116000E-03,+9.910000E+37,+1.803682E+02,+3.584400E+04,-2.064691E+00,+0.000000E+00,+9.910000E+37,+1.804346E+02,+3.584400E+04
11:52:47,0e0,+5.584030E-01,+1.245000E-03,+9.910000E+37,+1.806533E+02,+3.584400E+04,+5.591789E-01,+1.245000E-03,+9.910000E+37,+1.807197E+02,+3.584400E+04,+5.584959E-01,+1.245000E-03,+9.910000E+37,+1.807861E+02,+3.584400E+04,-2.064322E+00,+0.000000E+00,+9.910000E+37,+1.808535E+02,+3.584400E+04
11:52:47,0e0,+5.718831E-01,+1.389500E-03,+9.910000E+37,+1.810781E+02,+3.584400E+04,+5.711071E-01,+1.389500E-03,+9.910000E+37,+1.811445E+02,+3.584400E+04,+5.726103E-01,+1.389500E-03,+9.910000E+37,+1.812119E+02,+3.584400E+04,-2.034410E+00,+0.000000E+00,+9.910000E+37,+1.812793E+02,+3.584400E+04
11:52:47,0e0,+5.842202E-01,+1.550500E-03,+9.910000E+37,+1.815020E+02,+3.584400E+04,+5.845405E-01,+1.550500E-03,+9.910000E+37,+1.815684E+02,+3.584400E+04,+5.840841E-01,+1.550500E-03,+9.910000E+37,+1.816357E+02,+3.584400E+04,-2.038003E+00,+0.000000E+00,+9.910000E+37,+1.817021E+02,+3.584400E+04
11:52:47,0e0,+5.992944E-01,+1.730000E-03,+9.910000E+37,+1.819248E+02,+3.584400E+04,+5.992477E-01,+1.730000E-03,+9.910000E+37,+1.819902E+02,+3.584400E+04,+5.983354E-01,+1.730000E-03,+9.910000E+37,+1.820566E+02,+3.584400E+04,-2.084495E+00,+0.000000E+00,+9.910000E+37,+1.821240E+02,+3.584400E+04
11:52:47,0e0,+6.138187E-01,+1.930500E-03,+9.910000E+37,+1.823457E+02,+3.584400E+04,+6.129072E-01,+1.930500E-03,+9.910000E+37,+1.824131E+02,+3.584400E+04,+6.130914E-01,+1.930500E-03,+9.910000E+37,+1.824785E+02,+3.584400E+04,-2.040738E+00,+0.000000E+00,+9.910000E+37,+1.825449E+02,+3.584400E+04
11:52:47,0e0,+6.292092E-01,+2.154500E-03,+9.910000E+37,+1.827695E+02,+3.584400E+04,+6.274776E-01,+2.154500E-03,+9.910000E+37,+1.828359E+02,+3.584400E+04,+6.281620E-01,+2.154500E-03,+9.910000E+37,+1.829023E+02,+3.584400E+04,-2.044060E+00,+0.000000E+00,+9.910000E+37,+1.829687E+02,+3.584400E+04
11:52:47,0e0,+6.432773E-01,+2.404000E-03,+9.910000E+37,+1.831904E+02,+3.584400E+04,+6.434154E-01,+2.404000E-03,+9.910000E+37,+1.832568E+02,+3.584400E+04,+6.443716E-01,+2.404000E-03,+9.910000E+37,+1.833242E+02,+3.584400E+04,-1.987186E+00,+0.000000E+00,+9.910000E+37,+1.833896E+02,+3.584400E+04
11:52:47,0e0,+6.617656E-01,+2.682500E-03,+9.910000E+37,+1.836104E+02,+3.584400E+04,+6.595795E-01,+2.682500E-03,+9.910000E+37,+1.836758E+02,+3.584400E+04,+6.584850E-01,+2.682500E-03,+9.910000E+37,+1.837432E+02,+3.584400E+04,-2.005810E+00,+0.000000E+00,+9.910000E+37,+1.838086E+02,+3.584400E+04
11:52:47,0e0,+6.764727E-01,+2.993500E-03,+9.910000E+37,+1.840322E+02,+3.584400E+04,+6.763363E-01,+2.993500E-03,+9.910000E+37,+1.840977E+02,+3.584400E+04,+6.764712E-01,+2.993500E-03,+9.910000E+37,+1.841650E+02,+3.584400E+04,-1.988873E+00,+0.000000E+00,+9.910000E+37,+1.842305E+02,+3.584400E+04
11:52:47,0e0,+6.937765E-01,+3.340500E-03,+9.910000E+37,+1.844531E+02,+3.584400E+04,+6.937755E-01,+3.340500E-03,+9.910000E+37,+1.845205E+02,+3.584400E+04,+6.935939E-01,+3.340500E-03,+9.910000E+37,+1.845859E+02,+3.584400E+04,-2.034364E+00,+0.000000E+00,+9.910000E+37,+1.846523E+02,+3.584400E+04
11:52:47,0e0,+7.111691E-01,+3.727500E-03,+9.910000E+37,+1.848789E+02,+3.584400E+04,+7.113064E-01,+3.727500E-03,+9.910000E+37,+1.849443E+02,+3.584400E+04,+7.105793E-01,+3.727500E-03,+9.910000E+37,+1.850117E+02,+3.584400E+04,-2.020887E+00,+0.000000E+00,+9.910000E+37,+1.850771E+02,+3.584400E+04
11:52:47,0e0,+7.302043E-01,+4.159500E-03,+9.910000E+37,+1.853027E+02,+3.584400E+04,+7.292461E-01,+4.159500E-03,+9.910000E+37,+1.853701E+02,+3.584400E+04,+7.286550E-01,+4.159500E-03,+9.910000E+37,+1.854365E+02,+3.584400E+04,-2.016876E+00,+0.000000E+00,+9.910000E+37,+1.855029E+02,+3.584400E+04
11:52:47,0e0,+7.472328E-01,+4.641500E-03,+9.910000E+37,+1.857266E+02,+3.584400E+04,+7.471426E-01,+4.641500E-03,+9.910000E+37,+1.857930E+02,+3.584400E+04,+7.473686E-01,+4.641500E-03,+9.910000E+37,+1.858604E+02,+3.584400E+04,-1.962550E+00,+0.000000E+00,+9.910000E+37,+1.859258E+02,+3.584400E+04
11:52:47,0e0,+7.664040E-01,+5.179500E-03,+9.910000E+37,+1.861494E+02,+3.584400E+04,+7.661296E-01,+5.179500E-03,+9.910000E+37,+1.862158E+02,+3.584400E+04,+7.660382E-01,+5.179500E-03,+9.910000E+37,+1.862832E+02,+3.584400E+04,-2.010137E+00,+0.000000E+00,+9.910000E+37,+1.863486E+02,+3.584400E+04
11:52:47,0e0,+7.850701E-01,+5.779500E-03,+9.910000E+37,+1.865713E+02,+3.584400E+04,+7.873039E-01,+5.779500E-03,+9.910000E+37,+1.866367E+02,+3.584400E+04,+7.859807E-01,+5.779500E-03,+9.910000E+37,+1.867031E+02,+3.584400E+04,-2.000844E+00,+0.000000E+00,+9.910000E+37,+1.867705E+02,+3.584400E+04
11:52:47,0e0,+8.058326E-01,+6.449500E-03,+9.910000E+37,+1.869912E+02,+3.584400E+04,+8.045574E-01,+6.449500E-03,+9.910000E+37,+1.870576E+02,+3.584400E+04,+8.061533E-01,+6.449500E-03,+9.910000E+37,+1.871240E+02,+3.584400E+04,-1.996926E+00,+0.000000E+00,+9.910000E+37,+1.871895E+02,+3.584400E+04
11:52:47,0e0,+8.273264E-01,+7.197000E-03,+9.910000E+37,+1.874131E+02,+3.584400E+04,+8.270075E-01,+7.197000E-03,+9.910000E+37,+1.874795E+02,+3.584400E+04,+8.269167E-01,+7.197000E-03,+9.910000E+37,+1.875459E+02,+3.584400E+04,-2.020606E+00,+0.000000E+00,+9.910000E+37,+1.876133E+02,+3.584400E+04
11:52:47,0e0,+8.494098E-01,+8.031000E-03,+9.910000E+37,+1.878330E+02,+3.584400E+04,+8.483171E-01,+8.031000E-03,+9.910000E+37,+1.878984E+02,+3.584400E+04,+8.476342E-01,+8.031000E-03,+9.910000E+37,+1.879658E+02,+3.584400E+04,-2.009272E+00,+0.000000E+00,+9.910000E+37,+1.880313E+02,+3.584400E+04
11:52:47,0e0,+8.687598E-01,+8.961500E-03,+9.910000E+37,+1.882539E+02,+3.584400E+04,+8.704029E-01,+8.961500E-03,+9.910000E+37,+1.883213E+02,+3.584400E+04,+8.704470E-01,+8.961500E-03,+9.910000E+37,+1.883867E+02,+3.584400E+04,-1.992103E+00,+0.000000E+00,+9.910000E+37,+1.884531E+02,+3.584400E+04
