10:25:47,0e0,+1.867433E-02,+1.000000E-07,+9.910000E+37,+8.659111E+02,+3.584400E+04,+1.817375E-02,+1.000000E-07,+9.910000E+37,+8.659775E+02,+3.584400E+04,+1.876567E-02,+1.000000E-07,+9.910000E+37,+8.660449E+02,+3.584400E+04,-5.639419E-03,+0.000000E+00,+9.910000E+37,+8.661123E+02,+3.584400E+04
10:25:47,0e0,+2.076872E-02,+1.116000E-07,+9.910000E+37,+8.663350E+02,+3.584400E+04,+2.008578E-02,+1.116000E-07,+9.910000E+37,+8.664014E+02,+3.584400E+04,+2.076857E-02,+1.116000E-07,+9.910000E+37,+8.664678E+02,+3.584400E+04,-4.956186E-03,+0.000000E+00,+9.910000E+37,+8.665342E+02,+3.584400E+04
10:25:47,0e0,+2.231668E-02,+1.245000E-07,+9.910000E+37,+8.667568E+02,+3.584400E+04,+2.336361E-02,+1.245000E-07,+9.910000E+37,+8.668232E+02,+3.584400E+04,+2.240764E-02,+1.245000E-07,+9.910000E+37,+8.668896E+02,+3.584400E+04,-5.867302E-03,+0.000000E+00,+9.910000E+37,+8.669561E+02,+3.584400E+04
10:25:47,0e0,+2.472959E-02,+1.389500E-07,+9.910000E+37,+8.671768E+02,+3.584400E+04,+2.541265E-02,+1.389500E-07,+9.910000E+37,+8.672432E+02,+3.584400E+04,+2.541243E-02,+1.389500E-07,+9.910000E+37,+8.673096E+02,+3.584400E+04,-5.047202E-03,+0.000000E+00,+9.910000E+37,+8.673760E+02,+3.584400E+04
10:25:47,0e0,+2.814454E-02,+1.550500E-07,+9.910000E+37,+8.675947E+02,+3.584400E+04,+2.700581E-02,+1.550500E-07,+9.910000E+37,+8.676611E+02,+3.584400E+04,+2.782616E-02,+1.550500E-07,+9.910000E+37,+8.677275E+02,+3.584400E+04,-4.592106E-03,+0.000000E+00,+9.910000E+37,+8.677949E+02,+3.584400E+04
10:25:47,0e0,+3.028464E-02,+1.730000E-07,+9.910000E+37,+8.680195E+02,+3.584400E+04,+3.187788E-02,+1.730000E-07,+9.910000E+37,+8.680859E+02,+3.584400E+04,+2.991959E-02,+1.730000E-07,+9.910000E+37,+8.681523E+02,+3.584400E+04,-5.047053E-03,+0.000000E+00,+9.910000E+37,+8.682197E+02,+3.584400E+04
10:25:47,0e0,+3.392687E-02,+1.930500E-07,+9.910000E+37,+8.684385E+02,+3.584400E+04,+3.319854E-02,+1.930500E-07,+9.910000E+37,+8.685049E+02,+3.584400E+04,+3.310716E-02,+1.930500E-07,+9.910000E+37,+8.685713E+02,+3.584400E+04,-4.364416E-03,+0.000000E+00,+9.910000E+37,+8.686377E+02,+3.584400E+04
10:25:47,0e0,+3.693187E-02,+2.154500E-07,+9.910000E+37,+8.688623E+02,+3.584400E+04,+3.688666E-02,+2.154500E-07,+9.910000E+37,+8.689287E+02,+3.584400E+04,+3.697792E-02,+2.154500E-07,+9.910000E+37,+8.689951E+02,+3.584400E+04,-5.092740E-03,+0.000000E+00,+9.910000E+37,+8.690625E+02,+3.584400E+04
10:25:47,0e0,+4.112068E-02,+2.404000E-07,+9.910000E+37,+8.692861E+02,+3.584400E+04,+3.975502E-02,+2.404000E-07,+9.910000E+37,+8.693525E+02,+3.584400E+04,+4.011860E-02,+2.404000E-07,+9.910000E+37,+8.694189E+02,+3.584400E+04,-3.863215E-03,+0.000000E+00,+9.910000E+37,+8.694854E+02,+3.584400E+04
10:25:47,0e0,+4.357916E-02,+2.682500E-07,+9.910000E+37,+8.697119E+02,+3.584400E+04,+4.303297E-02,+2.682500E-07,+9.910000E+37,+8.697783E+02,+3.584400E+04,+4.367074E-02,+2.682500E-07,+9.910000E+37,+8.698457E+02,+3.584400E+04,-4.683211E-03,+0.000000E+00,+9.910000E+37,+8.699111E+02,+3.584400E+04
10:25:47,0e0,+4.699418E-02,+2.993500E-07,+9.910000E+37,+8.701367E+02,+3.584400E+04,+4.936177E-02,+2.993500E-07,+9.910000E+37,+8.702031E+02,+3.584400E+04,+4.662931E-02,+2.993500E-07,+9.910000E+37,+8.702695E+02,+3.584400E+04,-5.821496E-03,+0.000000E+00,+9.910000E+37,+8.703359E+02,+3.584400E+04
10:25:47,0e0,+5.254900E-02,+3.340500E-07,+9.910000E+37,+8.705596E+02,+3.584400E+04,+5.391484E-02,+3.340500E-07,+9.910000E+37,+8.706260E+02,+3.584400E+04,+5.209357E-02,+3.340500E-07,+9.910000E+37,+8.706924E+02,+3.584400E+04,-6.231770E-03,+0.000000E+00,+9.910000E+37,+8.707588E+02,+3.584400E+04
10:25:47,0e0,+5.673832E-02,+3.727500E-07,+9.910000E+37,+8.709775E+02,+3.584400E+04,+5.564433E-02,+3.727500E-07,+9.910000E+37,+8.710439E+02,+3.584400E+04,+5.696556E-02,+3.727500E-07,+9.910000E+37,+8.711104E+02,+3.584400E+04,-6.003767E-03,+0.000000E+00,+9.910000E+37,+8.711768E+02,+3.584400E+04
10:25:47,0e0,+6.238359E-02,+4.159500E-07,+9.910000E+37,+8.714023E+02,+3.584400E+04,+6.247461E-02,+4.159500E-07,+9.910000E+37,+8.714687E+02,+3.584400E+04,+6.174621E-02,+4.159500E-07,+9.910000E+37,+8.715352E+02,+3.584400E+04,-5.457446E-03,+0.000000E+00,+9.910000E+37,+8.716016E+02,+3.584400E+04
10:25:47,0e0,+6.707248E-02,+4.641500E-07,+9.910000E+37,+8.718213E+02,+3.584400E+04,+6.802943E-02,+4.641500E-07,+9.910000E+37,+8.718877E+02,+3.584400E+04,+6.680009E-02,+4.641500E-07,+9.910000E+37,+8.719541E+02,+3.584400E+04,-5.775854E-03,+0.000000E+00,+9.910000E+37,+8.720205E+02,+3.584400E+04
10:25:47,0e0,+7.444915E-02,+5.179500E-07,+9.910000E+37,+8.722432E+02,+3.584400E+04,+7.312909E-02,+5.179500E-07,+9.910000E+37,+8.723096E+02,+3.584400E+04,+7.312912E-02,+5.179500E-07,+9.910000E+37,+8.723760E+02,+3.584400E+04,-4.364714E-03,+0.000000E+00,+9.910000E+37,+8.724424E+02,+3.584400E+04
10:25:47,0e0,+8.032256E-02,+5.779500E-07,+9.910000E+37,+8.726689E+02,+3.584400E+04,+7.959378E-02,+5.779500E-07,+9.910000E+37,+8.727363E+02,+3.584400E+04,+7.923004E-02,+5.779500E-07,+9.910000E+37,+8.728027E+02,+3.584400E+04,-4.410058E-03,+0.000000E+00,+9.910000E+37,+8.728691E+02,+3.584400E+04
10:25:47,0e0,+8.574066E-02,+6.449500E-07,+9.910000E+37,+8.730937E+02,+3.584400E+04,+8.651462E-02,+6.449500E-07,+9.910000E+37,+8.731611E+02,+3.584400E+04,+8.451092E-02,+6.449500E-07,+9.910000E+37,+8.732275E+02,+3.584400E+04,-4.455641E-03,+0.000000E+00,+9.910000E+37,+8.732949E+02,+3.584400E+04
10:25:47,0e0,+9.302577E-02,+7.197000E-07,+9.910000E+37,+8.735166E+02,+3.584400E+04,+9.325314E-02,+7.197000E-07,+9.910000E+37,+8.735830E+02,+3.584400E+04,+9.329888E-02,+7.197000E-07,+9.910000E+37,+8.736494E+02,+3.584400E+04,-4.364654E-03,+0.000000E+00,+9.910000E+37,+8.737148E+02,+3.584400E+04
10:25:47,0e0,+1.000375E-01,+8.031000E-07,+9.910000E+37,+8.739355E+02,+3.584400E+04,+1.005836E-01,+8.031000E-07,+9.910000E+37,+8.740029E+02,+3.584400E+04,+1.008113E-01,+8.031000E-07,+9.910000E+37,+8.740693E+02,+3.584400E+04,-4.546687E-03,+0.000000E+00,+9.910000E+37,+8.741357E+02,+3.584400E+04
10:25:47,0e0,+1.082329E-01,+8.961500E-07,+9.910000E+37,+8.743604E+02,+3.584400E+04,+1.102815E-01,+8.961500E-07,+9.910000E+37,+8.744268E+02,+3.584400E+04,+1.085971E-01,+8.961500E-07,+9.910000E+37,+8.744932E+02,+3.584400E+04,-4.910484E-03,+0.000000E+00,+9.910000E+37,+8.745605E+02,+3.584400E+04
10:25:47,0e0,+1.179767E-01,+1.000000E-06,+9.910000E+37,+8.747764E+02,+3.584400E+04,+1.181588E-01,+1.000000E-06,+9.910000E+37,+8.748428E+02,+3.584400E+04,+1.173849E-01,+1.000000E-06,+9.910000E+37,+8.749102E+02,+3.584400E+04,-4.728660E-03,+0.000000E+00,+9.910000E+37,+8.749795E+02,+3.584400E+04
10:25:47,0e0,+1.156088E-01,+1.116000E-06,+9.910000E+37,+8.752031E+02,+3.584400E+04,+1.172935E-01,+1.116000E-06,+9.910000E+37,+8.752695E+02,+3.584400E+04,+1.152905E-01,+1.116000E-06,+9.910000E+37,+8.753359E+02,+3.584400E+04,-5.092785E-03,+0.000000E+00,+9.910000E+37,+8.754023E+02,+3.584400E+04
10:25:47,0e0,+1.239871E-01,+1.245000E-06,+9.910000E+37,+8.756230E+02,+3.584400E+04,+1.238502E-01,+1.245000E-06,+9.910000E+37,+8.756895E+02,+3.584400E+04,+1.230296E-01,+1.245000E-06,+9.910000E+37,+8.757559E+02,+3.584400E+04,-4.546791E-03,+0.000000E+00,+9.910000E+37,+8.758223E+02,+3.584400E+04
10:25:47,0e0,+1.342310E-01,+1.389500E-06,+9.910000E+37,+8.760430E+02,+3.584400E+04,+1.318623E-01,+1.389500E-06,+9.910000E+37,+8.761094E+02,+3.584400E+04,+1.338666E-01,+1.389500E-06,+9.910000E+37,+8.761758E+02,+3.584400E+04,-4.774436E-03,+0.000000E+00,+9.910000E+37,+8.762422E+02,+3.584400E+04
10:25:47,0e0,+1.437468E-01,+1.550500E-06,+9.910000E+37,+8.764658E+02,+3.584400E+04,+1.444751E-01,+1.550500E-06,+9.910000E+37,+8.765322E+02,+3.584400E+04,+1.431085E-01,+1.550500E-06,+9.910000E+37,+8.765986E+02,+3.584400E+04,-7.188097E-03,+0.000000E+00,+9.910000E+37,+8.766650E+02,+3.584400E+04
10:25:47,0e0,+1.557211E-01,+1.730000E-06,+9.910000E+37,+8.768828E+02,+3.584400E+04,+1.549021E-01,+1.730000E-06,+9.910000E+37,+8.769492E+02,+3.584400E+04,+1.545832E-01,+1.730000E-06,+9.910000E+37,+8.770166E+02,+3.584400E+04,-4.728362E-03,+0.000000E+00,+9.910000E+37,+8.770840E+02,+3.584400E+04
10:25:47,0e0,+1.671495E-01,+1.930500E-06,+9.910000E+37,+8.773105E+02,+3.584400E+04,+1.678786E-01,+1.930500E-06,+9.910000E+37,+8.773779E+02,+3.584400E+04,+1.667390E-01,+1.930500E-06,+9.910000E+37,+8.774443E+02,+3.584400E+04,-4.091233E-03,+0.000000E+00,+9.910000E+37,+8.775117E+02,+3.584400E+04
10:25:47,0e0,+1.820382E-01,+2.154500E-06,+9.910000E+37,+8.777373E+02,+3.584400E+04,+1.806728E-01,+2.154500E-06,+9.910000E+37,+8.778047E+02,+3.584400E+04,+1.810365E-01,+2.154500E-06,+9.910000E+37,+8.778711E+02,+3.584400E+04,-4.364669E-03,+0.000000E+00,+9.910000E+37,+8.779365E+02,+3.584400E+04
10:25:47,0e0,+1.958794E-01,+2.404000E-06,+9.910000E+37,+8.781572E+02,+3.584400E+04,+1.966988E-01,+2.404000E-06,+9.910000E+37,+8.782236E+02,+3.584400E+04,+1.969720E-01,+2.404000E-06,+9.910000E+37,+8.782900E+02,+3.584400E+04,-5.184188E-03,+0.000000E+00,+9.910000E+37,+8.783564E+02,+3.584400E+04
10:25:47,0e0,+2.121793E-01,+2.682500E-06,+9.910000E+37,+8.785791E+02,+3.584400E+04,+2.130446E-01,+2.682500E-06,+9.910000E+37,+8.786465E+02,+3.584400E+04,+2.121337E-01,+2.682500E-06,+9.910000E+37,+8.787119E+02,+3.584400E+04,-4.911125E-03,+0.000000E+00,+9.910000E+37,+8.787783E+02,+3.584400E+04
10:25:47,0e0,+2.302104E-01,+2.993500E-06,+9.910000E+37,+8.790068E+02,+3.584400E+04,+2.303009E-01,+2.993500E-06,+9.910000E+37,+8.790732E+02,+3.584400E+04,+2.291613E-01,+2.993500E-06,+9.910000E+37,+8.791396E+02,+3.584400E+04,-4.728884E-03,+0.000000E+00,+9.910000E+37,+8.792061E+02,+3.584400E+04
10:25:47,0e0,+2.495147E-01,+3.340500E-06,+9.910000E+37,+8.794268E+02,+3.584400E+04,+2.501073E-01,+3.340500E-06,+9.910000E+37,+8.794941E+02,+3.584400E+04,+2.495593E-01,+3.340500E-06,+9.910000E+37,+8.795596E+02,+3.584400E+04,-5.138412E-03,+0.000000E+00,+9.910000E+37,+8.796260E+02,+3.584400E+04
10:25:47,0e0,+2.720064E-01,+3.727500E-06,+9.910000E+37,+8.798447E+02,+3.584400E+04,+2.721431E-01,+3.727500E-06,+9.910000E+37,+8.799111E+02,+3.584400E+04,+2.705036E-01,+3.727500E-06,+9.910000E+37,+8.799775E+02,+3.584400E+04,-5.229637E-03,+0.000000E+00,+9.910000E+37,+8.800439E+02,+3.584400E+04
10:25:47,0e0,+2.966852E-01,+4.159500E-06,+9.910000E+37,+8.802705E+02,+3.584400E+04,+2.972767E-01,+4.159500E-06,+9.910000E+37,+8.803369E+02,+3.584400E+04,+2.972304E-01,+4.159500E-06,+9.910000E+37,+8.804043E+02,+3.584400E+04,-5.001992E-03,+0.000000E+00,+9.910000E+37,+8.804717E+02,+3.584400E+04
10:25:47,0e0,+3.243670E-01,+4.641500E-06,+9.910000E+37,+8.806973E+02,+3.584400E+04,+3.247311E-01,+4.641500E-06,+9.910000E+37,+8.807637E+02,+3.584400E+04,+3.231817E-01,+4.641500E-06,+9.910000E+37,+8.808301E+02,+3.584400E+04,-4.228145E-03,+0.000000E+00,+9.910000E+37,+8.808965E+02,+3.584400E+04
10:25:47,0e0,+3.546902E-01,+5.179500E-06,+9.910000E+37,+8.811191E+02,+3.584400E+04,+3.551462E-01,+5.179500E-06,+9.910000E+37,+8.811855E+02,+3.584400E+04,+3.559657E-01,+5.179500E-06,+9.910000E+37,+8.812510E+02,+3.584400E+04,-5.001843E-03,+0.000000E+00,+9.910000E+37,+8.813174E+02,+3.584400E+04
10:25:47,0e0,+3.906600E-01,+5.779500E-06,+9.910000E+37,+8.815400E+02,+3.584400E+04,+3.905236E-01,+5.779500E-06,+9.910000E+37,+8.816074E+02,+3.584400E+04,+3.915700E-01,+5.779500E-06,+9.910000E+37,+8.816738E+02,+3.584400E+04,-4.182562E-03,+0.000000E+00,+9.910000E+37,+8.817412E+02,+3.584400E+04
10:25:47,0e0,+4.293141E-01,+6.449500E-06,+9.910000E+37,+8.819658E+02,+3.584400E+04,+4.310462E-01,+6.449500E-06,+9.910000E+37,+8.820322E+02,+3.584400E+04,+4.310898E-01,+6.449500E-06,+9.910000E+37,+8.820986E+02,+3.584400E+04,-5.138442E-03,+0.000000E+00,+9.910000E+37,+8.821650E+02,+3.584400E+04
10:25:47,0e0,+4.758023E-01,+7.197000E-06,+9.910000E+37,+8.823838E+02,+3.584400E+04,+4.778053E-01,+7.197000E-06,+9.910000E+37,+8.824512E+02,+3.584400E+04,+4.773499E-01,+7.197000E-06,+9.910000E+37,+8.825176E+02,+3.584400E+04,-5.320683E-03,+0.000000E+00,+9.910000E+37,+8.825840E+02,+3.584400E+04
10:25:47,0e0,+5.264771E-01,+8.031000E-06,+9.910000E+37,+8.828105E+02,+3.584400E+04,+5.292548E-01,+8.031000E-06,+9.910000E+37,+8.828760E+02,+3.584400E+04,+5.329434E-01,+8.031000E-06,+9.910000E+37,+8.829424E+02,+3.584400E+04,-5.639583E-03,+0.000000E+00,+9.910000E+37,+8.830098E+02,+3.584400E+04
10:25:47,0e0,+5.864874E-01,+8.961500E-06,+9.910000E+37,+8.832295E+02,+3.584400E+04,+5.884445E-01,+8.961500E-06,+9.910000E+37,+8.832969E+02,+3.584400E+04,+5.897205E-01,+8.961500E-06,+9.910000E+37,+8.833623E+02,+3.584400E+04,-6.186321E-03,+0.000000E+00,+9.910000E+37,+8.834287E+02,+3.584400E+04
10:25:47,0e0,+6.553304E-01,+1.000000E-05,+9.910000E+37,+8.836445E+02,+3.584400E+04,+6.577422E-01,+1.000000E-05,+9.910000E+37,+8.837109E+02,+3.584400E+04,+6.616585E-01,+1.000000E-05,+9.910000E+37,+8.837773E+02,+3.584400E+04,-9.054184E-03,+0.000000E+00,+9.910000E+37,+8.838428E+02,+3.584400E+04
10:25:47,0e0,+7.181163E-01,+1.116000E-05,+9.910000E+37,+8.840586E+02,+3.584400E+04,+7.212099E-01,+1.116000E-05,+9.910000E+37,+8.841250E+02,+3.584400E+04,+7.260839E-01,+1.116000E-05,+9.910000E+37,+8.841924E+02,+3.584400E+04,-6.413534E-03,+0.000000E+00,+9.910000E+37,+8.842578E+02,+3.584400E+04
10:25:47,0e0,+7.992946E-01,+1.245000E-05,+9.910000E+37,+8.844746E+02,+3.584400E+04,+8.100889E-01,+1.245000E-05,+9.910000E+37,+8.845410E+02,+3.584400E+04,+8.128651E-01,+1.245000E-05,+9.910000E+37,+8.846084E+02,+3.584400E+04,-6.823406E-03,+0.000000E+00,+9.910000E+37,+8.846748E+02,+3.584400E+04
10:25:47,0e0,+8.964136E-01,+1.389500E-05,+9.910000E+37,+8.848896E+02,+3.584400E+04,+9.053816E-01,+1.389500E-05,+9.910000E+37,+8.849561E+02,+3.584400E+04,+9.121666E-01,+1.389500E-05,+9.910000E+37,+8.850234E+02,+3.584400E+04,-5.366310E-03,+0.000000E+00,+9.910000E+37,+8.850889E+02,+3.584400E+04
10:25:47,0e0,+1.005505E+00,+1.550500E-05,+9.910000E+37,+8.853047E+02,+3.584400E+04,+1.016523E+00,+1.550500E-05,+9.910000E+37,+8.853711E+02,+3.584400E+04,+1.024856E+00,+1.550500E-05,+9.910000E+37,+8.854375E+02,+3.584400E+04,-6.640941E-03,+0.000000E+00,+9.910000E+37,+8.855049E+02,+3.584400E+04
10:25:47,0e0,+1.127254E+00,+1.730000E-05,+9.910000E+37,+8.857188E+02,+3.584400E+04,+1.142507E+00,+1.730000E-05,+9.910000E+37,+8.857852E+02,+3.584400E+04,+1.150887E+00,+1.730000E-05,+9.910000E+37,+8.858516E+02,+3.584400E+04,-5.912349E-03,+0.000000E+00,+9.910000E+37,+8.859189E+02,+3.584400E+04
10:25:47,0e0,+1.264211E+00,+1.930500E-05,+9.910000E+37,+8.861387E+02,+3.584400E+04,+1.282421E+00,+1.930500E-05,+9.910000E+37,+8.862041E+02,+3.584400E+04,+1.295081E+00,+1.930500E-05,+9.910000E+37,+8.862705E+02,+3.584400E+04,-5.912885E-03,+0.000000E+00,+9.910000E+37,+8.863398E+02,+3.584400E+04
10:25:47,0e0,+1.419971E+00,+2.154500E-05,+9.910000E+37,+8.865537E+02,+3.584400E+04,+1.440367E+00,+2.154500E-05,+9.910000E+37,+8.866211E+02,+3.584400E+04,+1.453844E+00,+2.154500E-05,+9.910000E+37,+8.866865E+02,+3.584400E+04,-6.003991E-03,+0.000000E+00,+9.910000E+37,+8.867529E+02,+3.584400E+04
10:25:47,0e0,+1.590028E+00,+2.404000E-05,+9.910000E+37,+8.869678E+02,+3.584400E+04,+1.617442E+00,+2.404000E-05,+9.910000E+37,+8.870352E+02,+3.584400E+04,+1.633143E+00,+2.404000E-05,+9.910000E+37,+8.871025E+02,+3.584400E+04,-5.047798E-03,+0.000000E+00,+9.910000E+37,+8.871680E+02,+3.584400E+04
10:25:47,0e0,+1.781944E+00,+2.682500E-05,+9.910000E+37,+8.873848E+02,+3.584400E+04,+1.814589E+00,+2.682500E-05,+9.910000E+37,+8.874521E+02,+3.584400E+04,+1.834254E+00,+2.682500E-05,+9.910000E+37,+8.875195E+02,+3.584400E+04,-7.506818E-03,+0.000000E+00,+9.910000E+37,+8.875869E+02,+3.584400E+04
10:25:47,0e0,+1.995159E+00,+2.993500E-05,+9.910000E+37,+8.878018E+02,+3.584400E+04,+2.033815E+00,+2.993500E-05,+9.910000E+37,+8.878672E+02,+3.584400E+04,+2.055575E+00,+2.993500E-05,+9.910000E+37,+8.879336E+02,+3.584400E+04,-6.413683E-03,+0.000000E+00,+9.910000E+37,+8.880010E+02,+3.584400E+04
10:25:47,0e0,+2.231054E+00,+3.340500E-05,+9.910000E+37,+8.882168E+02,+3.584400E+04,+2.273757E+00,+3.340500E-05,+9.910000E+37,+8.882842E+02,+3.584400E+04,+2.301902E+00,+3.340500E-05,+9.910000E+37,+8.883516E+02,+3.584400E+04,-7.506862E-03,+0.000000E+00,+9.910000E+37,+8.884170E+02,+3.584400E+04
10:25:47,0e0,+2.488298E+00,+3.727500E-05,+9.910000E+37,+8.886318E+02,+3.584400E+04,+2.540656E+00,+3.727500E-05,+9.910000E+37,+8.886982E+02,+3.584400E+04,+2.573032E+00,+3.727500E-05,+9.910000E+37,+8.887656E+02,+3.584400E+04,-5.002156E-03,+0.000000E+00,+9.910000E+37,+8.888330E+02,+3.584400E+04
10:25:47,0e0,+2.773370E+00,+4.159500E-05,+9.910000E+37,+8.890518E+02,+3.584400E+04,+2.832644E+00,+4.159500E-05,+9.910000E+37,+8.891182E+02,+3.584400E+04,+2.871305E+00,+4.159500E-05,+9.910000E+37,+8.891855E+02,+3.584400E+04,-6.322697E-03,+0.000000E+00,+9.910000E+37,+8.892568E+02,+3.584400E+04
10:25:47,0e0,+3.085708E+00,+4.641500E-05,+9.910000E+37,+8.894678E+02,+3.584400E+04,+3.155188E+00,+4.641500E-05,+9.910000E+37,+8.895342E+02,+3.584400E+04,+3.196892E+00,+4.641500E-05,+9.910000E+37,+8.896006E+02,+3.584400E+04,-6.960228E-03,+0.000000E+00,+9.910000E+37,+8.896670E+02,+3.584400E+04
10:25:47,0e0,+3.426647E+00,+5.179500E-05,+9.910000E+37,+8.898809E+02,+3.584400E+04,+3.505417E+00,+5.179500E-05,+9.910000E+37,+8.899473E+02,+3.584400E+04,+3.551306E+00,+5.179500E-05,+9.910000E+37,+8.900146E+02,+3.584400E+04,-6.140515E-03,+0.000000E+00,+9.910000E+37,+8.900801E+02,+3.584400E+04
10:25:47,0e0,+3.795940E+00,+5.779500E-05,+9.910000E+37,+8.902979E+02,+3.584400E+04,+3.884221E+00,+5.779500E-05,+9.910000E+37,+8.903643E+02,+3.584400E+04,+3.936815E+00,+5.779500E-05,+9.910000E+37,+8.904307E+02,+3.584400E+04,-5.958289E-03,+0.000000E+00,+9.910000E+37,+8.904971E+02,+3.584400E+04
10:25:47,0e0,+4.197886E+00,+6.449500E-05,+9.910000E+37,+8.907129E+02,+3.584400E+04,+4.296962E+00,+6.449500E-05,+9.910000E+37,+8.907803E+02,+3.584400E+04,+4.352916E+00,+6.449500E-05,+9.910000E+37,+8.908457E+02,+3.584400E+04,-8.007720E-03,+0.000000E+00,+9.910000E+37,+8.909121E+02,+3.584400E+04
10:25:47,0e0,+4.630972E+00,+7.197000E-05,+9.910000E+37,+8.911289E+02,+3.584400E+04,+4.739563E+00,+7.197000E-05,+9.910000E+37,+8.911963E+02,+3.584400E+04,+4.802846E+00,+7.197000E-05,+9.910000E+37,+8.912617E+02,+3.584400E+04,-5.275413E-03,+0.000000E+00,+9.910000E+37,+8.913281E+02,+3.584400E+04
10:25:47,0e0,+5.096115E+00,+8.031000E-05,+9.910000E+37,+8.915439E+02,+3.584400E+04,+5.217868E+00,+8.031000E-05,+9.910000E+37,+8.916113E+02,+3.584400E+04,+5.285798E+00,+8.031000E-05,+9.910000E+37,+8.916768E+02,+3.584400E+04,-6.869376E-03,+0.000000E+00,+9.910000E+37,+8.917451E+02,+3.584400E+04
10:25:47,0e0,+5.593584E+00,+8.961500E-05,+9.910000E+37,+8.919639E+02,+3.584400E+04,+5.728362E+00,+8.961500E-05,+9.910000E+37,+8.920303E+02,+3.584400E+04,+5.800705E+00,+8.961500E-05,+9.910000E+37,+8.920967E+02,+3.584400E+04,-7.552341E-03,+0.000000E+00,+9.910000E+37,+8.921650E+02,+3.584400E+04
10:25:47,0e0,+6.131756E+00,+1.000000E-04,+9.910000E+37,+8.923740E+02,+3.584400E+04,+6.275662E+00,+1.000000E-04,+9.910000E+37,+8.924404E+02,+3.584400E+04,+6.354671E+00,+1.000000E-04,+9.910000E+37,+8.925068E+02,+3.584400E+04,-5.275354E-03,+0.000000E+00,+9.910000E+37,+8.925732E+02,+3.584400E+04
10:25:47,0e0,+6.691187E+00,+1.116000E-04,+9.910000E+37,+8.927861E+02,+3.584400E+04,+6.848085E+00,+1.116000E-04,+9.910000E+37,+8.928525E+02,+3.584400E+04,+6.928454E+00,+1.116000E-04,+9.910000E+37,+8.929199E+02,+3.584400E+04,-1.501904E-02,+0.000000E+00,+9.910000E+37,+8.929854E+02,+3.584400E+04
10:25:47,0e0,+7.293255E+00,+1.245000E-04,+9.910000E+37,+8.932070E+02,+3.584400E+04,+7.463932E+00,+1.245000E-04,+9.910000E+37,+8.932734E+02,+3.584400E+04,+7.547183E+00,+1.245000E-04,+9.910000E+37,+8.933408E+02,+3.584400E+04,-1.529218E-02,+0.000000E+00,+9.910000E+37,+8.934063E+02,+3.584400E+04
10:25:47,0e0,+7.936297E+00,+1.389500E-04,+9.910000E+37,+8.936299E+02,+3.584400E+04,+8.122086E+00,+1.389500E-04,+9.910000E+37,+8.936953E+02,+3.584400E+04,+8.208046E+00,+1.389500E-04,+9.910000E+37,+8.937617E+02,+3.584400E+04,-1.588397E-02,+0.000000E+00,+9.910000E+37,+8.938281E+02,+3.584400E+04
10:25:47,0e0,+8.621081E+00,+1.550500E-04,+9.910000E+37,+8.940488E+02,+3.584400E+04,+8.818470E+00,+1.550500E-04,+9.910000E+37,+8.941152E+02,+3.584400E+04,+8.907893E+00,+1.550500E-04,+9.910000E+37,+8.941816E+02,+3.584400E+04,-1.624838E-02,+0.000000E+00,+9.910000E+37,+8.942480E+02,+3.584400E+04
10:25:47,0e0,+9.346491E+00,+1.730000E-04,+9.910000E+37,+8.944707E+02,+3.584400E+04,+9.556705E+00,+1.730000E-04,+9.910000E+37,+8.945371E+02,+3.584400E+04,+9.646353E+00,+1.730000E-04,+9.910000E+37,+8.946035E+02,+3.584400E+04,-1.679492E-02,+0.000000E+00,+9.910000E+37,+8.946699E+02,+3.584400E+04
10:25:47,0e0,+1.011733E+01,+1.930500E-04,+9.910000E+37,+8.948906E+02,+3.584400E+04,+1.033551E+01,+1.930500E-04,+9.910000E+37,+8.949561E+02,+3.584400E+04,+1.042571E+01,+1.930500E-04,+9.910000E+37,+8.950225E+02,+3.584400E+04,-1.510991E-02,+0.000000E+00,+9.910000E+37,+8.950889E+02,+3.584400E+04
10:25:47,0e0,+1.093173E+01,+2.154500E-04,+9.910000E+37,+8.953105E+02,+3.584400E+04,+1.116064E+01,+2.154500E-04,+9.910000E+37,+8.953770E+02,+3.584400E+04,+1.124921E+01,+2.154500E-04,+9.910000E+37,+8.954434E+02,+3.584400E+04,-1.647632E-02,+0.000000E+00,+9.910000E+37,+8.955098E+02,+3.584400E+04
10:25:47,0e0,+1.179296E+01,+2.404000E-04,+9.910000E+37,+8.957324E+02,+3.584400E+04,+1.202909E+01,+2.404000E-04,+9.910000E+37,+8.957988E+02,+3.584400E+04,+1.211903E+01,+2.404000E-04,+9.910000E+37,+8.958662E+02,+3.584400E+04,-1.624808E-02,+0.000000E+00,+9.910000E+37,+8.959336E+02,+3.584400E+04
10:25:47,0e0,+1.270445E+01,+2.682500E-04,+9.910000E+37,+8.961543E+02,+3.584400E+04,+1.294878E+01,+2.682500E-04,+9.910000E+37,+8.962207E+02,+3.584400E+04,+1.303176E+01,+2.682500E-04,+9.910000E+37,+8.962871E+02,+3.584400E+04,-1.374425E-02,+0.000000E+00,+9.910000E+37,+8.963535E+02,+3.584400E+04
10:25:47,0e0,+1.367032E+01,+2.993500E-04,+9.910000E+37,+8.965752E+02,+3.584400E+04,+1.391747E+01,+2.993500E-04,+9.910000E+37,+8.966416E+02,+3.584400E+04,+1.399708E+01,+2.993500E-04,+9.910000E+37,+8.967070E+02,+3.584400E+04,-1.524670E-02,+0.000000E+00,+9.910000E+37,+8.967744E+02,+3.584400E+04
10:25:47,0e0,+1.468774E+01,+3.340500E-04,+9.910000E+37,+8.969932E+02,+3.584400E+04,+1.493987E+01,+3.340500E-04,+9.910000E+37,+8.970596E+02,+3.584400E+04,+1.501191E+01,+3.340500E-04,+9.910000E+37,+8.971260E+02,+3.584400E+04,-1.538320E-02,+0.000000E+00,+9.910000E+37,+8.971924E+02,+3.584400E+04
10:25:47,0e0,+1.576508E+01,+3.727500E-04,+9.910000E+37,+8.974131E+02,+3.584400E+04,+1.601558E+01,+3.727500E-04,+9.910000E+37,+8.974795E+02,+3.584400E+04,+1.608047E+01,+3.727500E-04,+9.910000E+37,+8.975449E+02,+3.584400E+04,-1.684065E-02,+0.000000E+00,+9.910000E+37,+8.976123E+02,+3.584400E+04
10:25:47,0e0,+1.690148E+01,+4.159500E-04,+9.910000E+37,+8.978320E+02,+3.584400E+04,+1.714984E+01,+4.159500E-04,+9.910000E+37,+8.978984E+02,+3.584400E+04,+1.720480E+01,+4.159500E-04,+9.910000E+37,+8.979639E+02,+3.584400E+04,-1.533794E-02,+0.000000E+00,+9.910000E+37,+8.980313E+02,+3.584400E+04
10:25:47,0e0,+1.810402E+01,+4.641500E-04,+9.910000E+37,+8.982539E+02,+3.584400E+04,+1.834487E+01,+4.641500E-04,+9.910000E+37,+8.983203E+02,+3.584400E+04,+1.838942E+01,+4.641500E-04,+9.910000E+37,+8.983867E+02,+3.584400E+04,-1.583873E-02,+0.000000E+00,+9.910000E+37,+8.984531E+02,+3.584400E+04
10:25:47,0e0,+1.937257E+01,+5.179500E-04,+9.910000E+37,+8.986738E+02,+3.584400E+04,+1.960382E+01,+5.179500E-04,+9.910000E+37,+8.987402E+02,+3.584400E+04,+1.963331E+01,+5.179500E-04,+9.910000E+37,+8.988076E+02,+3.584400E+04,-1.538357E-02,+0.000000E+00,+9.910000E+37,+8.988789E+02,+3.584400E+04
10:25:47,0e0,+2.070917E+01,+5.779500E-04,+9.910000E+37,+8.991025E+02,+3.584400E+04,+2.092539E+01,+5.779500E-04,+9.910000E+37,+8.991689E+02,+3.584400E+04,+2.094008E+01,+5.779500E-04,+9.910000E+37,+8.992344E+02,+3.584400E+04,-1.529235E-02,+0.000000E+00,+9.910000E+37,+8.993018E+02,+3.584400E+04
10:25:47,0e0,+2.212148E+01,+6.449500E-04,+9.910000E+37,+8.995273E+02,+3.584400E+04,+2.231283E+01,+6.449500E-04,+9.910000E+37,+8.995947E+02,+3.584400E+04,+2.231311E+01,+6.449500E-04,+9.910000E+37,+8.996602E+02,+3.584400E+04,-1.451807E-02,+0.000000E+00,+9.910000E+37,+8.997266E+02,+3.584400E+04
10:25:47,0e0,+2.360085E+01,+7.197000E-04,+9.910000E+37,+8.999482E+02,+3.584400E+04,+2.376871E+01,+7.197000E-04,+9.910000E+37,+9.000137E+02,+3.584400E+04,+2.374987E+01,+7.197000E-04,+9.910000E+37,+9.000801E+02,+3.584400E+04,-1.429057E-02,+0.000000E+00,+9.910000E+37,+9.001475E+02,+3.584400E+04
10:25:47,0e0,+2.515364E+01,+8.031000E-04,+9.910000E+37,+9.003662E+02,+3.584400E+04,+2.529186E+01,+8.031000E-04,+9.910000E+37,+9.004316E+02,+3.584400E+04,+2.525034E+01,+8.031000E-04,+9.910000E+37,+9.004990E+02,+3.584400E+04,-1.438178E-02,+0.000000E+00,+9.910000E+37,+9.005645E+02,+3.584400E+04
10:25:47,0e0,+2.677408E+01,+8.961500E-04,+9.910000E+37,+9.007861E+02,+3.584400E+04,+2.687720E+01,+8.961500E-04,+9.910000E+37,+9.008535E+02,+3.584400E+04,+2.681129E+01,+8.961500E-04,+9.910000E+37,+9.009209E+02,+3.584400E+04,-1.424509E-02,+0.000000E+00,+9.910000E+37,+9.009863E+02,+3.584400E+04
10:25:47,0e0,+2.845613E+01,+1.000000E-03,+9.910000E+37,+9.012090E+02,+3.584400E+04,+2.852198E+01,+1.000000E-03,+9.910000E+37,+9.012764E+02,+3.584400E+04,+2.843196E+01,+1.000000E-03,+9.910000E+37,+9.013418E+02,+3.584400E+04,-1.456387E-02,+0.000000E+00,+9.910000E+37,+9.014092E+02,+3.584400E+04
10:25:47,0e0,+3.017345E+01,+1.116000E-03,+9.910000E+37,+9.016436E+02,+3.584400E+04,+3.020046E+01,+1.116000E-03,+9.910000E+37,+9.017109E+02,+3.584400E+04,+3.008084E+01,+1.116000E-03,+9.910000E+37,+9.017764E+02,+3.584400E+04,-4.971600E-01,+0.000000E+00,+9.910000E+37,+9.018438E+02,+3.584400E+04
10:25:47,0e0,+3.192745E+01,+1.245000E-03,+9.910000E+37,+9.020625E+02,+3.584400E+04,+3.191687E+01,+1.245000E-03,+9.910000E+37,+9.021289E+02,+3.584400E+04,+3.177045E+01,+1.245000E-03,+9.910000E+37,+9.021963E+02,+3.584400E+04,-4.741199E-01,+0.000000E+00,+9.910000E+37,+9.022617E+02,+3.584400E+04
10:25:47,0e0,+3.368539E+01,+1.389500E-03,+9.910000E+37,+9.024814E+02,+3.584400E+04,+3.364836E+01,+1.389500E-03,+9.910000E+37,+9.025479E+02,+3.584400E+04,+3.347337E+01,+1.389500E-03,+9.910000E+37,+9.026143E+02,+3.584400E+04,-4.964314E-01,+0.000000E+00,+9.910000E+37,+9.026807E+02,+3.584400E+04
10:25:47,0e0,+3.539286E+01,+1.550500E-03,+9.910000E+37,+9.029014E+02,+3.584400E+04,+3.534115E+01,+1.550500E-03,+9.910000E+37,+9.029678E+02,+3.584400E+04,+3.513948E+01,+1.550500E-03,+9.910000E+37,+9.030352E+02,+3.584400E+04,-4.798572E-01,+0.000000E+00,+9.910000E+37,+9.031025E+02,+3.584400E+04
10:25:47,0e0,+3.694732E+01,+1.730000E-03,+9.910000E+37,+9.033281E+02,+3.584400E+04,+3.690495E+01,+1.730000E-03,+9.910000E+37,+9.033945E+02,+3.584400E+04,+3.668715E+01,+1.730000E-03,+9.910000E+37,+9.034619E+02,+3.584400E+04,-4.544954E-01,+0.000000E+00,+9.910000E+37,+9.035283E+02,+3.584400E+04
10:25:47,0e0,+3.814117E+01,+1.930500E-03,+9.910000E+37,+9.037432E+02,+3.584400E+04,+3.814289E+01,+1.930500E-03,+9.910000E+37,+9.038145E+02,+3.584400E+04,+3.795218E+01,+1.930500E-03,+9.910000E+37,+9.038809E+02,+3.584400E+04,-4.438403E-01,+0.000000E+00,+9.910000E+37,+9.039473E+02,+3.584400E+04
10:25:47,0e0,+3.891208E+01,+2.154500E-03,+9.910000E+37,+9.041650E+02,+3.584400E+04,+3.895746E+01,+2.154500E-03,+9.910000E+37,+9.042324E+02,+3.584400E+04,+3.880363E+01,+2.154500E-03,+9.910000E+37,+9.042979E+02,+3.584400E+04,-4.148358E-01,+0.000000E+00,+9.910000E+37,+9.043643E+02,+3.584400E+04
10:25:47,0e0,+3.945372E+01,+2.404000E-03,+9.910000E+37,+9.045830E+02,+3.584400E+04,+3.949408E+01,+2.404000E-03,+9.910000E+37,+9.046494E+02,+3.584400E+04,+3.937213E+01,+2.404000E-03,+9.910000E+37,+9.047168E+02,+3.584400E+04,-4.078233E-01,+0.000000E+00,+9.910000E+37,+9.047842E+02,+3.584400E+04
10:25:47,0e0,+3.990968E+01,+2.682500E-03,+9.910000E+37,+9.050029E+02,+3.584400E+04,+3.993013E+01,+2.682500E-03,+9.910000E+37,+9.050693E+02,+3.584400E+04,+3.982057E+01,+2.682500E-03,+9.910000E+37,+9.051367E+02,+3.584400E+04,-3.794561E-01,+0.000000E+00,+9.910000E+37,+9.052031E+02,+3.584400E+04
10:25:47,0e0,+4.033709E+01,+2.993500E-03,+9.910000E+37,+9.054229E+02,+3.584400E+04,+4.034221E+01,+2.993500E-03,+9.910000E+37,+9.054893E+02,+3.584400E+04,+4.023189E+01,+2.993500E-03,+9.910000E+37,+9.055566E+02,+3.584400E+04,-3.626996E-01,+0.000000E+00,+9.910000E+37,+9.056221E+02,+3.584400E+04
10:25:47,0e0,+4.075701E+01,+3.340500E-03,+9.910000E+37,+9.058438E+02,+3.584400E+04,+4.073806E+01,+3.340500E-03,+9.910000E+37,+9.059092E+02,+3.584400E+04,+4.061879E+01,+3.340500E-03,+9.910000E+37,+9.059756E+02,+3.584400E+04,-3.165288E-01,+0.000000E+00,+9.910000E+37,+9.060430E+02,+3.584400E+04
10:25:47,0e0,+4.116896E+01,+3.727500E-03,+9.910000E+37,+9.062617E+02,+3.584400E+04,+4.112156E+01,+3.727500E-03,+9.910000E+37,+9.063281E+02,+3.584400E+04,+4.098491E+01,+3.727500E-03,+9.910000E+37,+9.063955E+02,+3.584400E+04,-2.989529E-01,+0.000000E+00,+9.910000E+37,+9.064629E+02,+3.584400E+04
10:25:47,0e0,+4.156881E+01,+4.159500E-03,+9.910000E+37,+9.066836E+02,+3.584400E+04,+4.147176E+01,+4.159500E-03,+9.910000E+37,+9.067500E+02,+3.584400E+04,+4.131047E+01,+4.159500E-03,+9.910000E+37,+9.068164E+02,+3.584400E+04,-2.769147E-01,+0.000000E+00,+9.910000E+37,+9.068838E+02,+3.584400E+04
10:25:47,0e0,+4.193384E+01,+4.641500E-03,+9.910000E+37,+9.071025E+02,+3.584400E+04,+4.177290E+01,+4.641500E-03,+9.910000E+37,+9.071689E+02,+3.584400E+04,+4.154624E+01,+4.641500E-03,+9.910000E+37,+9.072354E+02,+3.584400E+04,-2.398960E-01,+0.000000E+00,+9.910000E+37,+9.073018E+02,+3.584400E+04
10:25:47,0e0,+4.224321E+01,+5.179500E-03,+9.910000E+37,+9.075234E+02,+3.584400E+04,+4.194624E+01,+5.179500E-03,+9.910000E+37,+9.075908E+02,+3.584400E+04,+4.159762E+01,+5.179500E-03,+9.910000E+37,+9.076563E+02,+3.584400E+04,-2.021500E-01,+0.000000E+00,+9.910000E+37,+9.077227E+02,+3.584400E+04
10:25:47,0e0,+4.239380E+01,+5.779500E-03,+9.910000E+37,+9.079434E+02,+3.584400E+04,+4.184194E+01,+5.779500E-03,+9.910000E+37,+9.080107E+02,+3.584400E+04,+4.129198E+01,+5.779500E-03,+9.910000E+37,+9.080762E+02,+3.584400E+04,-1.749682E-01,+0.000000E+00,+9.910000E+37,+9.081426E+02,+3.584400E+04
10:25:47,0e0,+4.221568E+01,+6.449500E-03,+9.910000E+37,+9.083613E+02,+3.584400E+04,+4.128183E+01,+6.449500E-03,+9.910000E+37,+9.084277E+02,+3.584400E+04,+4.095611E+01,+6.449500E-03,+9.910000E+37,+9.084951E+02,+3.584400E+04,-1.437798E-01,+0.000000E+00,+9.910000E+37,+9.085615E+02,+3.584400E+04
10:25:47,0e0,+4.163120E+01,+7.197000E-03,+9.910000E+37,+9.087813E+02,+3.584400E+04,+4.124478E+01,+7.197000E-03,+9.910000E+37,+9.088486E+02,+3.584400E+04,+4.096598E+01,+7.197000E-03,+9.910000E+37,+9.089150E+02,+3.584400E+04,-1.123181E-01,+0.000000E+00,+9.910000E+37,+9.089805E+02,+3.584400E+04
10:25:47,0e0,+4.162428E+01,+8.031000E-03,+9.910000E+37,+9.092012E+02,+3.584400E+04,+4.123277E+01,+8.031000E-03,+9.910000E+37,+9.092676E+02,+3.584400E+04,+4.092366E+01,+8.031000E-03,+9.910000E+37,+9.093350E+02,+3.584400E+04,-9.196597E-02,+0.000000E+00,+9.910000E+37,+9.094004E+02,+3.584400E+04
10:25:47,0e0,+4.160853E+01,+8.961500E-03,+9.910000E+37,+9.096201E+02,+3.584400E+04,+4.116125E+01,+8.961500E-03,+9.910000E+37,+9.096865E+02,+3.584400E+04,+4.082012E+01,+8.961500E-03,+9.910000E+37,+9.097529E+02,+3.584400E+04,-7.539266E-02,+0.000000E+00,+9.910000E+37,+9.098184E+02,+3.584400E+04
