10:18:16,0e0,-1.391865E-02,+1.000000E-07,+9.910000E+37,+4.206270E+02,+3.584400E+04,-1.405519E-02,+1.000000E-07,+9.910000E+37,+4.206934E+02,+3.584400E+04,-1.319028E-02,+1.000000E-07,+9.910000E+37,+4.207598E+02,+3.584400E+04,-2.252424E-02,+0.000000E+00,+9.910000E+37,+4.208262E+02,+3.584400E+04
10:18:16,0e0,-1.346409E-02,+1.116000E-07,+9.910000E+37,+4.210479E+02,+3.584400E+04,-1.300848E-02,+1.116000E-07,+9.910000E+37,+4.211143E+02,+3.584400E+04,-1.259853E-02,+1.116000E-07,+9.910000E+37,+4.211816E+02,+3.584400E+04,-2.266115E-02,+0.000000E+00,+9.910000E+37,+4.212471E+02,+3.584400E+04
10:18:16,0e0,-1.168758E-02,+1.245000E-07,+9.910000E+37,+4.214697E+02,+3.584400E+04,-1.123230E-02,+1.245000E-07,+9.910000E+37,+4.215352E+02,+3.584400E+04,-1.218915E-02,+1.245000E-07,+9.910000E+37,+4.216025E+02,+3.584400E+04,-2.288845E-02,+0.000000E+00,+9.910000E+37,+4.216680E+02,+3.584400E+04
10:18:16,0e0,-9.912103E-03,+1.389500E-07,+9.910000E+37,+4.218896E+02,+3.584400E+04,-1.027593E-02,+1.389500E-07,+9.910000E+37,+4.219561E+02,+3.584400E+04,-1.068632E-02,+1.389500E-07,+9.910000E+37,+4.220215E+02,+3.584400E+04,-2.261537E-02,+0.000000E+00,+9.910000E+37,+4.220879E+02,+3.584400E+04
10:18:16,0e0,-8.227423E-03,+1.550500E-07,+9.910000E+37,+4.223105E+02,+3.584400E+04,-8.591771E-03,+1.550500E-07,+9.910000E+37,+4.223770E+02,+3.584400E+04,-9.092182E-03,+1.550500E-07,+9.910000E+37,+4.224443E+02,+3.584400E+04,-2.297969E-02,+0.000000E+00,+9.910000E+37,+4.225098E+02,+3.584400E+04
10:18:16,0e0,-5.814210E-03,+1.730000E-07,+9.910000E+37,+4.227295E+02,+3.584400E+04,-5.677581E-03,+1.730000E-07,+9.910000E+37,+4.227949E+02,+3.584400E+04,-7.453546E-03,+1.730000E-07,+9.910000E+37,+4.228613E+02,+3.584400E+04,-2.266124E-02,+0.000000E+00,+9.910000E+37,+4.229287E+02,+3.584400E+04
10:18:16,0e0,-5.723238E-03,+1.930500E-07,+9.910000E+37,+4.231484E+02,+3.584400E+04,-3.856242E-03,+1.930500E-07,+9.910000E+37,+4.232158E+02,+3.584400E+04,-4.858106E-03,+1.930500E-07,+9.910000E+37,+4.232812E+02,+3.584400E+04,-2.206901E-02,+0.000000E+00,+9.910000E+37,+4.233477E+02,+3.584400E+04
10:18:16,0e0,-2.854347E-03,+2.154500E-07,+9.910000E+37,+4.235771E+02,+3.584400E+04,-3.264248E-03,+2.154500E-07,+9.910000E+37,+4.236436E+02,+3.584400E+04,-3.719598E-03,+2.154500E-07,+9.910000E+37,+4.237109E+02,+3.584400E+04,-2.430090E-02,+0.000000E+00,+9.910000E+37,+4.237764E+02,+3.584400E+04
10:18:16,0e0,-8.057803E-04,+2.404000E-07,+9.910000E+37,+4.240010E+02,+3.584400E+04,-2.672538E-03,+2.404000E-07,+9.910000E+37,+4.240664E+02,+3.584400E+04,-8.967370E-04,+2.404000E-07,+9.910000E+37,+4.241338E+02,+3.584400E+04,-2.275217E-02,+0.000000E+00,+9.910000E+37,+4.241992E+02,+3.584400E+04
10:18:16,0e0,+2.746090E-03,+2.682500E-07,+9.910000E+37,+4.244209E+02,+3.584400E+04,+1.015484E-03,+2.682500E-07,+9.910000E+37,+4.244863E+02,+3.584400E+04,+2.063081E-03,+2.682500E-07,+9.910000E+37,+4.245537E+02,+3.584400E+04,-2.202378E-02,+0.000000E+00,+9.910000E+37,+4.246191E+02,+3.584400E+04
10:18:16,0e0,+4.658490E-03,+2.993500E-07,+9.910000E+37,+4.248428E+02,+3.584400E+04,+4.521459E-03,+2.993500E-07,+9.910000E+37,+4.249092E+02,+3.584400E+04,+4.248366E-03,+2.993500E-07,+9.910000E+37,+4.249746E+02,+3.584400E+04,-2.175058E-02,+0.000000E+00,+9.910000E+37,+4.250410E+02,+3.584400E+04
10:18:16,0e0,+7.936403E-03,+3.340500E-07,+9.910000E+37,+4.252686E+02,+3.584400E+04,+8.756012E-03,+3.340500E-07,+9.910000E+37,+4.253359E+02,+3.584400E+04,+8.209631E-03,+3.340500E-07,+9.910000E+37,+4.254014E+02,+3.584400E+04,-2.156848E-02,+0.000000E+00,+9.910000E+37,+4.254678E+02,+3.584400E+04
10:18:16,0e0,+1.057720E-02,+3.727500E-07,+9.910000E+37,+4.256934E+02,+3.584400E+04,+1.112355E-02,+3.727500E-07,+9.910000E+37,+4.257598E+02,+3.584400E+04,+1.130614E-02,+3.727500E-07,+9.910000E+37,+4.258271E+02,+3.584400E+04,-2.284335E-02,+0.000000E+00,+9.910000E+37,+4.258926E+02,+3.584400E+04
10:18:16,0e0,+1.508489E-02,+4.159500E-07,+9.910000E+37,+4.261113E+02,+3.584400E+04,+1.558596E-02,+4.159500E-07,+9.910000E+37,+4.261777E+02,+3.584400E+04,+1.563136E-02,+4.159500E-07,+9.910000E+37,+4.262441E+02,+3.584400E+04,-2.284300E-02,+0.000000E+00,+9.910000E+37,+4.263105E+02,+3.584400E+04
10:18:16,0e0,+1.959249E-02,+4.641500E-07,+9.910000E+37,+4.265381E+02,+3.584400E+04,+1.854494E-02,+4.641500E-07,+9.910000E+37,+4.266035E+02,+3.584400E+04,+1.918280E-02,+4.641500E-07,+9.910000E+37,+4.266709E+02,+3.584400E+04,-2.389091E-02,+0.000000E+00,+9.910000E+37,+4.267363E+02,+3.584400E+04
10:18:16,0e0,+2.564877E-02,+5.179500E-07,+9.910000E+37,+4.269629E+02,+3.584400E+04,+2.323480E-02,+5.179500E-07,+9.910000E+37,+4.270303E+02,+3.584400E+04,+2.391821E-02,+5.179500E-07,+9.910000E+37,+4.270967E+02,+3.584400E+04,-2.229699E-02,+0.000000E+00,+9.910000E+37,+4.271631E+02,+3.584400E+04
10:18:16,0e0,+2.951863E-02,+5.779500E-07,+9.910000E+37,+4.273848E+02,+3.584400E+04,+3.056583E-02,+5.779500E-07,+9.910000E+37,+4.274512E+02,+3.584400E+04,+2.920040E-02,+5.779500E-07,+9.910000E+37,+4.275186E+02,+3.584400E+04,-2.293454E-02,+0.000000E+00,+9.910000E+37,+4.275840E+02,+3.584400E+04
10:18:16,0e0,+3.630248E-02,+6.449500E-07,+9.910000E+37,+4.278047E+02,+3.584400E+04,+3.643960E-02,+6.449500E-07,+9.910000E+37,+4.278721E+02,+3.584400E+04,+3.434473E-02,+6.449500E-07,+9.910000E+37,+4.279375E+02,+3.584400E+04,-2.111320E-02,+0.000000E+00,+9.910000E+37,+4.280039E+02,+3.584400E+04
10:18:16,0e0,+4.226762E-02,+7.197000E-07,+9.910000E+37,+4.282246E+02,+3.584400E+04,+4.231292E-02,+7.197000E-07,+9.910000E+37,+4.282920E+02,+3.584400E+04,+4.176629E-02,+7.197000E-07,+9.910000E+37,+4.283574E+02,+3.584400E+04,-2.257019E-02,+0.000000E+00,+9.910000E+37,+4.284248E+02,+3.584400E+04
10:18:16,0e0,+4.923415E-02,+8.031000E-07,+9.910000E+37,+4.286572E+02,+3.584400E+04,+5.028129E-02,+8.031000E-07,+9.910000E+37,+4.287227E+02,+3.584400E+04,+4.987115E-02,+8.031000E-07,+9.910000E+37,+4.287900E+02,+3.584400E+04,-2.279788E-02,+0.000000E+00,+9.910000E+37,+4.288564E+02,+3.584400E+04
10:18:16,0e0,+5.925179E-02,+8.961500E-07,+9.910000E+37,+4.290781E+02,+3.584400E+04,+5.834064E-02,+8.961500E-07,+9.910000E+37,+4.291455E+02,+3.584400E+04,+5.911463E-02,+8.961500E-07,+9.910000E+37,+4.292129E+02,+3.584400E+04,-2.088553E-02,+0.000000E+00,+9.910000E+37,+4.292783E+02,+3.584400E+04
10:18:16,0e0,+6.826699E-02,+1.000000E-06,+9.910000E+37,+4.294951E+02,+3.584400E+04,+6.863084E-02,+1.000000E-06,+9.910000E+37,+4.295615E+02,+3.584400E+04,+6.844878E-02,+1.000000E-06,+9.910000E+37,+4.296279E+02,+3.584400E+04,-2.156854E-02,+0.000000E+00,+9.910000E+37,+4.296943E+02,+3.584400E+04
10:18:16,0e0,+6.712815E-02,+1.116000E-06,+9.910000E+37,+4.299189E+02,+3.584400E+04,+6.735599E-02,+1.116000E-06,+9.910000E+37,+4.299844E+02,+3.584400E+04,+6.594425E-02,+1.116000E-06,+9.910000E+37,+4.300508E+02,+3.584400E+04,-2.184139E-02,+0.000000E+00,+9.910000E+37,+4.301172E+02,+3.584400E+04
10:18:16,0e0,+7.755569E-02,+1.245000E-06,+9.910000E+37,+4.303389E+02,+3.584400E+04,+7.723674E-02,+1.245000E-06,+9.910000E+37,+4.304062E+02,+3.584400E+04,+7.541412E-02,+1.245000E-06,+9.910000E+37,+4.304717E+02,+3.584400E+04,-2.266136E-02,+0.000000E+00,+9.910000E+37,+4.305391E+02,+3.584400E+04
10:18:16,0e0,+8.697954E-02,+1.389500E-06,+9.910000E+37,+4.307646E+02,+3.584400E+04,+8.839148E-02,+1.389500E-06,+9.910000E+37,+4.308320E+02,+3.584400E+04,+8.930242E-02,+1.389500E-06,+9.910000E+37,+4.308984E+02,+3.584400E+04,-2.243371E-02,+0.000000E+00,+9.910000E+37,+4.309648E+02,+3.584400E+04
10:18:16,0e0,+1.014592E-01,+1.550500E-06,+9.910000E+37,+4.311865E+02,+3.584400E+04,+1.008219E-01,+1.550500E-06,+9.910000E+37,+4.312529E+02,+3.584400E+04,+1.009586E-01,+1.550500E-06,+9.910000E+37,+4.313203E+02,+3.584400E+04,-2.111314E-02,+0.000000E+00,+9.910000E+37,+4.313867E+02,+3.584400E+04
10:18:16,0e0,+1.160296E-01,+1.730000E-06,+9.910000E+37,+4.316367E+02,+3.584400E+04,+1.158476E-01,+1.730000E-06,+9.910000E+37,+4.317031E+02,+3.584400E+04,+1.157564E-01,+1.730000E-06,+9.910000E+37,+4.317705E+02,+3.584400E+04,-2.165972E-02,+0.000000E+00,+9.910000E+37,+4.318379E+02,+3.584400E+04
10:18:16,0e0,+1.319205E-01,+1.930500E-06,+9.910000E+37,+4.320605E+02,+3.584400E+04,+1.321489E-01,+1.930500E-06,+9.910000E+37,+4.321260E+02,+3.584400E+04,+1.309651E-01,+1.930500E-06,+9.910000E+37,+4.321934E+02,+3.584400E+04,-2.247910E-02,+0.000000E+00,+9.910000E+37,+4.322598E+02,+3.584400E+04
10:18:16,0e0,+1.489496E-01,+2.154500E-06,+9.910000E+37,+4.324805E+02,+3.584400E+04,+1.495869E-01,+2.154500E-06,+9.910000E+37,+4.325469E+02,+3.584400E+04,+1.496780E-01,+2.154500E-06,+9.910000E+37,+4.326133E+02,+3.584400E+04,-2.033933E-02,+0.000000E+00,+9.910000E+37,+4.326807E+02,+3.584400E+04
10:18:16,0e0,+1.683916E-01,+2.404000E-06,+9.910000E+37,+4.329033E+02,+3.584400E+04,+1.683461E-01,+2.404000E-06,+9.910000E+37,+4.329697E+02,+3.584400E+04,+1.686648E-01,+2.404000E-06,+9.910000E+37,+4.330361E+02,+3.584400E+04,-2.097657E-02,+0.000000E+00,+9.910000E+37,+4.331025E+02,+3.584400E+04
10:18:16,0e0,+1.911582E-01,+2.682500E-06,+9.910000E+37,+4.333223E+02,+3.584400E+04,+1.899274E-01,+2.682500E-06,+9.910000E+37,+4.333896E+02,+3.584400E+04,+1.904748E-01,+2.682500E-06,+9.910000E+37,+4.334561E+02,+3.584400E+04,-2.138650E-02,+0.000000E+00,+9.910000E+37,+4.335225E+02,+3.584400E+04
10:18:16,0e0,+2.150168E-01,+2.993500E-06,+9.910000E+37,+4.337451E+02,+3.584400E+04,+2.127392E-01,+2.993500E-06,+9.910000E+37,+4.338115E+02,+3.584400E+04,+2.143337E-01,+2.993500E-06,+9.910000E+37,+4.338779E+02,+3.584400E+04,-2.143197E-02,+0.000000E+00,+9.910000E+37,+4.339443E+02,+3.584400E+04
10:18:16,0e0,+2.422450E-01,+3.340500E-06,+9.910000E+37,+4.341660E+02,+3.584400E+04,+2.403772E-01,+3.340500E-06,+9.910000E+37,+4.342314E+02,+3.584400E+04,+2.418808E-01,+3.340500E-06,+9.910000E+37,+4.342988E+02,+3.584400E+04,-2.156858E-02,+0.000000E+00,+9.910000E+37,+4.343652E+02,+3.584400E+04
10:18:16,0e0,+2.716586E-01,+3.727500E-06,+9.910000E+37,+4.345869E+02,+3.584400E+04,+2.715220E-01,+3.727500E-06,+9.910000E+37,+4.346533E+02,+3.584400E+04,+2.709761E-01,+3.727500E-06,+9.910000E+37,+4.347197E+02,+3.584400E+04,-2.143198E-02,+0.000000E+00,+9.910000E+37,+4.347871E+02,+3.584400E+04
10:18:16,0e0,+3.045785E-01,+4.159500E-06,+9.910000E+37,+4.350088E+02,+3.584400E+04,+3.057168E-01,+4.159500E-06,+9.910000E+37,+4.350742E+02,+3.584400E+04,+3.052159E-01,+4.159500E-06,+9.910000E+37,+4.351406E+02,+3.584400E+04,-2.052146E-02,+0.000000E+00,+9.910000E+37,+4.352070E+02,+3.584400E+04
10:18:16,0e0,+3.426434E-01,+4.641500E-06,+9.910000E+37,+4.354277E+02,+3.584400E+04,+3.423701E-01,+4.641500E-06,+9.910000E+37,+4.354932E+02,+3.584400E+04,+3.420516E-01,+4.641500E-06,+9.910000E+37,+4.355605E+02,+3.584400E+04,-2.211499E-02,+0.000000E+00,+9.910000E+37,+4.356260E+02,+3.584400E+04
10:18:16,0e0,+3.841238E-01,+5.179500E-06,+9.910000E+37,+4.358496E+02,+3.584400E+04,+3.840775E-01,+5.179500E-06,+9.910000E+37,+4.359150E+02,+3.584400E+04,+3.844419E-01,+5.179500E-06,+9.910000E+37,+4.359824E+02,+3.584400E+04,-2.143198E-02,+0.000000E+00,+9.910000E+37,+4.360479E+02,+3.584400E+04
10:18:16,0e0,+4.310669E-01,+5.779500E-06,+9.910000E+37,+4.362734E+02,+3.584400E+04,+4.302925E-01,+5.779500E-06,+9.910000E+37,+4.363408E+02,+3.584400E+04,+4.304293E-01,+5.779500E-06,+9.910000E+37,+4.364063E+02,+3.584400E+04,-2.206929E-02,+0.000000E+00,+9.910000E+37,+4.364736E+02,+3.584400E+04
10:18:16,0e0,+4.820632E-01,+6.449500E-06,+9.910000E+37,+4.366973E+02,+3.584400E+04,+4.821082E-01,+6.449500E-06,+9.910000E+37,+4.367637E+02,+3.584400E+04,+4.826545E-01,+6.449500E-06,+9.910000E+37,+4.368301E+02,+3.584400E+04,-2.307169E-02,+0.000000E+00,+9.910000E+37,+4.368965E+02,+3.584400E+04
10:18:16,0e0,+5.408453E-01,+7.197000E-06,+9.910000E+37,+4.371162E+02,+3.584400E+04,+5.411633E-01,+7.197000E-06,+9.910000E+37,+4.371836E+02,+3.584400E+04,+5.406174E-01,+7.197000E-06,+9.910000E+37,+4.372490E+02,+3.584400E+04,-2.152309E-02,+0.000000E+00,+9.910000E+37,+4.373164E+02,+3.584400E+04
10:18:16,0e0,+6.062292E-01,+8.031000E-06,+9.910000E+37,+4.375410E+02,+3.584400E+04,+6.064565E-01,+8.031000E-06,+9.910000E+37,+4.376084E+02,+3.584400E+04,+6.054543E-01,+8.031000E-06,+9.910000E+37,+4.376748E+02,+3.584400E+04,-2.197863E-02,+0.000000E+00,+9.910000E+37,+4.377422E+02,+3.584400E+04
10:18:16,0e0,+6.805373E-01,+8.961500E-06,+9.910000E+37,+4.379639E+02,+3.584400E+04,+6.807652E-01,+8.961500E-06,+9.910000E+37,+4.380303E+02,+3.584400E+04,+6.815845E-01,+8.961500E-06,+9.910000E+37,+4.380977E+02,+3.584400E+04,-2.084023E-02,+0.000000E+00,+9.910000E+37,+4.381650E+02,+3.584400E+04
10:18:16,0e0,+7.639068E-01,+1.000000E-05,+9.910000E+37,+4.383770E+02,+3.584400E+04,+7.639529E-01,+1.000000E-05,+9.910000E+37,+4.384443E+02,+3.584400E+04,+7.635434E-01,+1.000000E-05,+9.910000E+37,+4.385098E+02,+3.584400E+04,-2.179642E-02,+0.000000E+00,+9.910000E+37,+4.385762E+02,+3.584400E+04
10:18:16,0e0,+8.452276E-01,+1.116000E-05,+9.910000E+37,+4.387891E+02,+3.584400E+04,+8.453662E-01,+1.116000E-05,+9.910000E+37,+4.388555E+02,+3.584400E+04,+8.461382E-01,+1.116000E-05,+9.910000E+37,+4.389229E+02,+3.584400E+04,-2.165975E-02,+0.000000E+00,+9.910000E+37,+4.389883E+02,+3.584400E+04
10:18:16,0e0,+9.499512E-01,+1.245000E-05,+9.910000E+37,+4.392061E+02,+3.584400E+04,+9.489042E-01,+1.245000E-05,+9.910000E+37,+4.392715E+02,+3.584400E+04,+9.493593E-01,+1.245000E-05,+9.910000E+37,+4.393379E+02,+3.584400E+04,-2.111332E-02,+0.000000E+00,+9.910000E+37,+4.394053E+02,+3.584400E+04
10:18:16,0e0,+1.068107E+00,+1.389500E-05,+9.910000E+37,+4.396230E+02,+3.584400E+04,+1.066694E+00,+1.389500E-05,+9.910000E+37,+4.396895E+02,+3.584400E+04,+1.067242E+00,+1.389500E-05,+9.910000E+37,+4.397568E+02,+3.584400E+04,-2.165981E-02,+0.000000E+00,+9.910000E+37,+4.398223E+02,+3.584400E+04
10:18:16,0e0,+1.202837E+00,+1.550500E-05,+9.910000E+37,+4.400400E+02,+3.584400E+04,+1.201564E+00,+1.550500E-05,+9.910000E+37,+4.401064E+02,+3.584400E+04,+1.201563E+00,+1.550500E-05,+9.910000E+37,+4.401738E+02,+3.584400E+04,-2.111344E-02,+0.000000E+00,+9.910000E+37,+4.402422E+02,+3.584400E+04
10:18:16,0e0,+1.354231E+00,+1.730000E-05,+9.910000E+37,+4.404590E+02,+3.584400E+04,+1.354458E+00,+1.730000E-05,+9.910000E+37,+4.405254E+02,+3.584400E+04,+1.354276E+00,+1.730000E-05,+9.910000E+37,+4.405918E+02,+3.584400E+04,-2.175073E-02,+0.000000E+00,+9.910000E+37,+4.406641E+02,+3.584400E+04
10:18:16,0e0,+1.526025E+00,+1.930500E-05,+9.910000E+37,+4.408770E+02,+3.584400E+04,+1.526525E+00,+1.930500E-05,+9.910000E+37,+4.409434E+02,+3.584400E+04,+1.526707E+00,+1.930500E-05,+9.910000E+37,+4.410098E+02,+3.584400E+04,-2.197853E-02,+0.000000E+00,+9.910000E+37,+4.410762E+02,+3.584400E+04
10:18:16,0e0,+1.721359E+00,+2.154500E-05,+9.910000E+37,+4.412900E+02,+3.584400E+04,+1.721951E+00,+2.154500E-05,+9.910000E+37,+4.413574E+02,+3.584400E+04,+1.721129E+00,+2.154500E-05,+9.910000E+37,+4.414229E+02,+3.584400E+04,-2.143222E-02,+0.000000E+00,+9.910000E+37,+4.414902E+02,+3.584400E+04
10:18:16,0e0,+1.944601E+00,+2.404000E-05,+9.910000E+37,+4.417051E+02,+3.584400E+04,+1.944415E+00,+2.404000E-05,+9.910000E+37,+4.417705E+02,+3.584400E+04,+1.946015E+00,+2.404000E-05,+9.910000E+37,+4.418369E+02,+3.584400E+04,-2.225168E-02,+0.000000E+00,+9.910000E+37,+4.419033E+02,+3.584400E+04
10:18:16,0e0,+2.199353E+00,+2.682500E-05,+9.910000E+37,+4.421191E+02,+3.584400E+04,+2.200675E+00,+2.682500E-05,+9.910000E+37,+4.421846E+02,+3.584400E+04,+2.200811E+00,+2.682500E-05,+9.910000E+37,+4.422510E+02,+3.584400E+04,-2.211517E-02,+0.000000E+00,+9.910000E+37,+4.423184E+02,+3.584400E+04
10:18:16,0e0,+2.493856E+00,+2.993500E-05,+9.910000E+37,+4.425352E+02,+3.584400E+04,+2.495040E+00,+2.993500E-05,+9.910000E+37,+4.426016E+02,+3.584400E+04,+2.495312E+00,+2.993500E-05,+9.910000E+37,+4.426689E+02,+3.584400E+04,-2.211511E-02,+0.000000E+00,+9.910000E+37,+4.427373E+02,+3.584400E+04
10:18:16,0e0,+2.835257E+00,+3.340500E-05,+9.910000E+37,+4.429580E+02,+3.584400E+04,+2.836167E+00,+3.340500E-05,+9.910000E+37,+4.430244E+02,+3.584400E+04,+2.836394E+00,+3.340500E-05,+9.910000E+37,+4.430918E+02,+3.584400E+04,-2.234292E-02,+0.000000E+00,+9.910000E+37,+4.431631E+02,+3.584400E+04
10:18:16,0e0,+3.231843E+00,+3.727500E-05,+9.910000E+37,+4.433848E+02,+3.584400E+04,+3.232934E+00,+3.727500E-05,+9.910000E+37,+4.434521E+02,+3.584400E+04,+3.232614E+00,+3.727500E-05,+9.910000E+37,+4.435176E+02,+3.584400E+04,-2.111349E-02,+0.000000E+00,+9.910000E+37,+4.435869E+02,+3.584400E+04
10:18:16,0e0,+3.697909E+00,+4.159500E-05,+9.910000E+37,+4.438057E+02,+3.584400E+04,+3.701322E+00,+4.159500E-05,+9.910000E+37,+4.438721E+02,+3.584400E+04,+3.700091E+00,+4.159500E-05,+9.910000E+37,+4.439395E+02,+3.584400E+04,-2.175069E-02,+0.000000E+00,+9.910000E+37,+4.440088E+02,+3.584400E+04
10:18:16,0e0,+4.255130E+00,+4.641500E-05,+9.910000E+37,+4.442275E+02,+3.584400E+04,+4.257544E+00,+4.641500E-05,+9.910000E+37,+4.442939E+02,+3.584400E+04,+4.257597E+00,+4.641500E-05,+9.910000E+37,+4.443613E+02,+3.584400E+04,-2.170546E-02,+0.000000E+00,+9.910000E+37,+4.444307E+02,+3.584400E+04
10:18:16,0e0,+4.929379E+00,+5.179500E-05,+9.910000E+37,+4.446426E+02,+3.584400E+04,+4.931830E+00,+5.179500E-05,+9.910000E+37,+4.447090E+02,+3.584400E+04,+4.930779E+00,+5.179500E-05,+9.910000E+37,+4.447764E+02,+3.584400E+04,-2.220649E-02,+0.000000E+00,+9.910000E+37,+4.448418E+02,+3.584400E+04
10:18:16,0e0,+5.760329E+00,+5.779500E-05,+9.910000E+37,+4.450527E+02,+3.584400E+04,+5.760742E+00,+5.779500E-05,+9.910000E+37,+4.451201E+02,+3.584400E+04,+5.760876E+00,+5.779500E-05,+9.910000E+37,+4.451865E+02,+3.584400E+04,-2.134115E-02,+0.000000E+00,+9.910000E+37,+4.452529E+02,+3.584400E+04
10:18:16,0e0,+6.805790E+00,+6.449500E-05,+9.910000E+37,+4.454658E+02,+3.584400E+04,+6.809850E+00,+6.449500E-05,+9.910000E+37,+4.455332E+02,+3.584400E+04,+6.808252E+00,+6.449500E-05,+9.910000E+37,+4.455986E+02,+3.584400E+04,-2.238840E-02,+0.000000E+00,+9.910000E+37,+4.456650E+02,+3.584400E+04
10:18:16,0e0,+8.175761E+00,+7.197000E-05,+9.910000E+37,+4.458848E+02,+3.584400E+04,+8.177218E+00,+7.197000E-05,+9.910000E+37,+4.459521E+02,+3.584400E+04,+8.175039E+00,+7.197000E-05,+9.910000E+37,+4.460176E+02,+3.584400E+04,-2.279817E-02,+0.000000E+00,+9.910000E+37,+4.460840E+02,+3.584400E+04
10:18:16,0e0,+1.005378E+01,+8.031000E-05,+9.910000E+37,+4.462988E+02,+3.584400E+04,+1.005027E+01,+8.031000E-05,+9.910000E+37,+4.463662E+02,+3.584400E+04,+1.004755E+01,+8.031000E-05,+9.910000E+37,+4.464316E+02,+3.584400E+04,-2.156889E-02,+0.000000E+00,+9.910000E+37,+4.465000E+02,+3.584400E+04
10:18:16,0e0,+1.284212E+01,+8.961500E-05,+9.910000E+37,+4.467207E+02,+3.584400E+04,+1.282802E+01,+8.961500E-05,+9.910000E+37,+4.467871E+02,+3.584400E+04,+1.281669E+01,+8.961500E-05,+9.910000E+37,+4.468535E+02,+3.584400E+04,-2.197872E-02,+0.000000E+00,+9.910000E+37,+4.469219E+02,+3.584400E+04
10:18:16,0e0,+1.757681E+01,+1.000000E-04,+9.910000E+37,+4.471377E+02,+3.584400E+04,+1.751918E+01,+1.000000E-04,+9.910000E+37,+4.472031E+02,+3.584400E+04,+1.749017E+01,+1.000000E-04,+9.910000E+37,+4.472705E+02,+3.584400E+04,-2.238852E-02,+0.000000E+00,+9.910000E+37,+4.473428E+02,+3.584400E+04
10:18:16,0e0,+2.700199E+01,+1.116000E-04,+9.910000E+37,+4.475576E+02,+3.584400E+04,+2.668645E+01,+1.116000E-04,+9.910000E+37,+4.476299E+02,+3.584400E+04,+2.658544E+01,+1.116000E-04,+9.910000E+37,+4.476973E+02,+3.584400E+04,-2.521162E-02,+0.000000E+00,+9.910000E+37,+4.477637E+02,+3.584400E+04
10:18:16,0e0,+4.334858E+01,+1.245000E-04,+9.910000E+37,+4.479785E+02,+3.584400E+04,+4.213763E+01,+1.245000E-04,+9.910000E+37,+4.480449E+02,+3.584400E+04,+4.186580E+01,+1.245000E-04,+9.910000E+37,+4.481123E+02,+3.584400E+04,-2.434646E-02,+0.000000E+00,+9.910000E+37,+4.481777E+02,+3.584400E+04
10:18:16,0e0,+7.609887E+01,+1.389500E-04,+9.910000E+37,+4.483994E+02,+3.584400E+04,+7.262939E+01,+1.389500E-04,+9.910000E+37,+4.484658E+02,+3.584400E+04,+7.160572E+01,+1.389500E-04,+9.910000E+37,+4.485322E+02,+3.584400E+04,-2.566692E-02,+0.000000E+00,+9.910000E+37,+4.485986E+02,+3.584400E+04
10:18:16,0e0,+1.320269E+02,+1.550500E-04,+9.910000E+37,+4.488193E+02,+3.584400E+04,+1.250772E+02,+1.550500E-04,+9.910000E+37,+4.488848E+02,+3.584400E+04,+1.215792E+02,+1.550500E-04,+9.910000E+37,+4.489521E+02,+3.584400E+04,-2.402732E-02,+0.000000E+00,+9.910000E+37,+4.490176E+02,+3.584400E+04
10:18:16,0e0,+1.958032E+02,+1.730000E-04,+9.910000E+37,+4.492393E+02,+3.584400E+04,+1.864402E+02,+1.730000E-04,+9.910000E+37,+4.493066E+02,+3.584400E+04,+1.792163E+02,+1.730000E-04,+9.910000E+37,+4.493721E+02,+3.584400E+04,-2.498376E-02,+0.000000E+00,+9.910000E+37,+4.494385E+02,+3.584400E+04
10:18:16,0e0,+2.000151E+02,+1.930500E-04,+9.910000E+37,+4.496582E+02,+3.585200E+04,+2.000144E+02,+1.930500E-04,+9.910000E+37,+4.497246E+02,+3.585200E+04,+2.000153E+02,+1.930500E-04,+9.910000E+37,+4.497910E+02,+3.585200E+04,-2.407308E-02,+0.000000E+00,+9.910000E+37,+4.498574E+02,+3.584400E+04
10:18:16,0e0,+2.000159E+02,+2.154500E-04,+9.910000E+37,+4.500791E+02,+3.585200E+04,+2.000159E+02,+2.154500E-04,+9.910000E+37,+4.501465E+02,+3.585200E+04,+2.000148E+02,+2.154500E-04,+9.910000E+37,+4.502129E+02,+3.585200E+04,-2.548496E-02,+0.000000E+00,+9.910000E+37,+4.502832E+02,+3.584400E+04
10:18:16,0e0,+2.000162E+02,+2.404000E-04,+9.910000E+37,+4.505068E+02,+3.585200E+04,+2.000166E+02,+2.404000E-04,+9.910000E+37,+4.505781E+02,+3.585200E+04,+2.000151E+02,+2.404000E-04,+9.910000E+37,+4.506436E+02,+3.585200E+04,-2.616774E-02,+0.000000E+00,+9.910000E+37,+4.507100E+02,+3.584400E+04
10:18:16,0e0,+2.000163E+02,+2.682500E-04,+9.910000E+37,+4.509277E+02,+3.585200E+04,+2.000167E+02,+2.682500E-04,+9.910000E+37,+4.509951E+02,+3.585200E+04,+2.000159E+02,+2.682500E-04,+9.910000E+37,+4.510605E+02,+3.585200E+04,-2.621356E-02,+0.000000E+00,+9.910000E+37,+4.511270E+02,+3.584400E+04
10:18:16,0e0,+2.000158E+02,+2.993500E-04,+9.910000E+37,+4.513486E+02,+3.585200E+04,+2.000154E+02,+2.993500E-04,+9.910000E+37,+4.514160E+02,+3.585200E+04,+2.000171E+02,+2.993500E-04,+9.910000E+37,+4.514824E+02,+3.585200E+04,-2.379970E-02,+0.000000E+00,+9.910000E+37,+4.515488E+02,+3.584400E+04
10:18:16,0e0,+2.000180E+02,+3.340500E-04,+9.910000E+37,+4.517715E+02,+3.585200E+04,+2.000171E+02,+3.340500E-04,+9.910000E+37,+4.518379E+02,+3.585200E+04,+2.000166E+02,+3.340500E-04,+9.910000E+37,+4.519053E+02,+3.585200E+04,-2.466500E-02,+0.000000E+00,+9.910000E+37,+4.519727E+02,+3.584400E+04
10:18:16,0e0,+2.000166E+02,+3.727500E-04,+9.910000E+37,+4.521924E+02,+3.585200E+04,+2.000179E+02,+3.727500E-04,+9.910000E+37,+4.522598E+02,+3.585200E+04,+2.000182E+02,+3.727500E-04,+9.910000E+37,+4.523262E+02,+3.585200E+04,-2.398185E-02,+0.000000E+00,+9.910000E+37,+4.523936E+02,+3.584400E+04
10:18:16,0e0,+2.000176E+02,+4.159500E-04,+9.910000E+37,+4.526152E+02,+3.585200E+04,+2.000166E+02,+4.159500E-04,+9.910000E+37,+4.526816E+02,+3.585200E+04,+2.000178E+02,+4.159500E-04,+9.910000E+37,+4.527480E+02,+3.585200E+04,-2.430084E-02,+0.000000E+00,+9.910000E+37,+4.528154E+02,+3.584400E+04
10:18:16,0e0,+2.000187E+02,+4.641500E-04,+9.910000E+37,+4.530381E+02,+3.585200E+04,+2.000183E+02,+4.641500E-04,+9.910000E+37,+4.531045E+02,+3.585200E+04,+2.000179E+02,+4.641500E-04,+9.910000E+37,+4.531719E+02,+3.585200E+04,-2.553049E-02,+0.000000E+00,+9.910000E+37,+4.532393E+02,+3.584400E+04
10:18:16,0e0,+2.000170E+02,+5.179500E-04,+9.910000E+37,+4.534590E+02,+3.585200E+04,+2.000173E+02,+5.179500E-04,+9.910000E+37,+4.535254E+02,+3.585200E+04,+2.000179E+02,+5.179500E-04,+9.910000E+37,+4.535928E+02,+3.585200E+04,-2.489300E-02,+0.000000E+00,+9.910000E+37,+4.536582E+02,+3.584400E+04
10:18:16,0e0,+2.000193E+02,+5.779500E-04,+9.910000E+37,+4.538809E+02,+3.585200E+04,+2.000189E+02,+5.779500E-04,+9.910000E+37,+4.539473E+02,+3.585200E+04,+2.000182E+02,+5.779500E-04,+9.910000E+37,+4.540146E+02,+3.585200E+04,-2.448300E-02,+0.000000E+00,+9.910000E+37,+4.540801E+02,+3.584400E+04
10:18:16,0e0,+2.000196E+02,+6.449500E-04,+9.910000E+37,+4.543027E+02,+3.585200E+04,+2.000195E+02,+6.449500E-04,+9.910000E+37,+4.543701E+02,+3.585200E+04,+2.000196E+02,+6.449500E-04,+9.910000E+37,+4.544365E+02,+3.585200E+04,-2.311710E-02,+0.000000E+00,+9.910000E+37,+4.545029E+02,+3.584400E+04
10:18:16,0e0,+2.000195E+02,+7.197000E-04,+9.910000E+37,+4.547246E+02,+3.585200E+04,+2.000199E+02,+7.197000E-04,+9.910000E+37,+4.547910E+02,+3.585200E+04,+2.000199E+02,+7.197000E-04,+9.910000E+37,+4.548584E+02,+3.585200E+04,-2.402751E-02,+0.000000E+00,+9.910000E+37,+4.549248E+02,+3.584400E+04
10:18:16,0e0,+2.000210E+02,+8.031000E-04,+9.910000E+37,+4.551465E+02,+3.585200E+04,+2.000219E+02,+8.031000E-04,+9.910000E+37,+4.552139E+02,+3.585200E+04,+2.000205E+02,+8.031000E-04,+9.910000E+37,+4.552793E+02,+3.585200E+04,-2.343567E-02,+0.000000E+00,+9.910000E+37,+4.553457E+02,+3.584400E+04
10:18:16,0e0,+2.000204E+02,+8.961500E-04,+9.910000E+37,+4.555674E+02,+3.585200E+04,+2.000207E+02,+8.961500E-04,+9.910000E+37,+4.556328E+02,+3.585200E+04,+2.000220E+02,+8.961500E-04,+9.910000E+37,+4.557002E+02,+3.585200E+04,-2.325363E-02,+0.000000E+00,+9.910000E+37,+4.557676E+02,+3.584400E+04
10:18:16,0e0,+2.000212E+02,+1.000000E-03,+9.910000E+37,+4.559844E+02,+3.585200E+04,+2.000218E+02,+1.000000E-03,+9.910000E+37,+4.560518E+02,+3.585200E+04,+2.000223E+02,+1.000000E-03,+9.910000E+37,+4.561182E+02,+3.585200E+04,-2.402794E-02,+0.000000E+00,+9.910000E+37,+4.561855E+02,+3.584400E+04
10:18:16,0e0,+2.000121E+02,+1.116000E-03,+9.910000E+37,+4.564102E+02,+3.585200E+04,+2.000131E+02,+1.116000E-03,+9.910000E+37,+4.564766E+02,+3.585200E+04,+2.000146E+02,+1.116000E-03,+9.910000E+37,+4.565430E+02,+3.585200E+04,-5.681084E-02,+0.000000E+00,+9.910000E+37,+4.566104E+02,+3.584400E+04
10:18:16,0e0,+2.000141E+02,+1.245000E-03,+9.910000E+37,+4.568311E+02,+3.585200E+04,+2.000133E+02,+1.245000E-03,+9.910000E+37,+4.568975E+02,+3.585200E+04,+2.000137E+02,+1.245000E-03,+9.910000E+37,+4.569648E+02,+3.585200E+04,-5.785793E-02,+0.000000E+00,+9.910000E+37,+4.570303E+02,+3.584400E+04
10:18:16,0e0,+2.000137E+02,+1.389500E-03,+9.910000E+37,+4.572520E+02,+3.585200E+04,+2.000135E+02,+1.389500E-03,+9.910000E+37,+4.573193E+02,+3.585200E+04,+2.000134E+02,+1.389500E-03,+9.910000E+37,+4.573848E+02,+3.585200E+04,-5.576359E-02,+0.000000E+00,+9.910000E+37,+4.574521E+02,+3.584400E+04
10:18:16,0e0,+2.000128E+02,+1.550500E-03,+9.910000E+37,+4.576777E+02,+3.585200E+04,+2.000155E+02,+1.550500E-03,+9.910000E+37,+4.577451E+02,+3.585200E+04,+2.000145E+02,+1.550500E-03,+9.910000E+37,+4.578115E+02,+3.585200E+04,-5.649222E-02,+0.000000E+00,+9.910000E+37,+4.578809E+02,+3.584400E+04
10:18:16,0e0,+2.000135E+02,+1.730000E-03,+9.910000E+37,+4.581045E+02,+3.585200E+04,+2.000145E+02,+1.730000E-03,+9.910000E+37,+4.581699E+02,+3.585200E+04,+2.000133E+02,+1.730000E-03,+9.910000E+37,+4.582363E+02,+3.585200E+04,-5.690196E-02,+0.000000E+00,+9.910000E+37,+4.583027E+02,+3.584400E+04
10:18:16,0e0,+2.000140E+02,+1.930500E-03,+9.910000E+37,+4.585273E+02,+3.585200E+04,+2.000145E+02,+1.930500E-03,+9.910000E+37,+4.585947E+02,+3.585200E+04,+2.000130E+02,+1.930500E-03,+9.910000E+37,+4.586611E+02,+3.585200E+04,-5.644657E-02,+0.000000E+00,+9.910000E+37,+4.587285E+02,+3.584400E+04
10:18:16,0e0,+2.000132E+02,+2.154500E-03,+9.910000E+37,+4.589482E+02,+3.585200E+04,+2.000140E+02,+2.154500E-03,+9.910000E+37,+4.590146E+02,+3.585200E+04,+2.000143E+02,+2.154500E-03,+9.910000E+37,+4.590820E+02,+3.585200E+04,-5.426128E-02,+0.000000E+00,+9.910000E+37,+4.591484E+02,+3.584400E+04
10:18:16,0e0,+2.000144E+02,+2.404000E-03,+9.910000E+37,+4.593701E+02,+3.585200E+04,+2.000148E+02,+2.404000E-03,+9.910000E+37,+4.594365E+02,+3.585200E+04,+2.000137E+02,+2.404000E-03,+9.910000E+37,+4.595029E+02,+3.585200E+04,-5.526277E-02,+0.000000E+00,+9.910000E+37,+4.595703E+02,+3.584400E+04
10:18:16,0e0,+2.000137E+02,+2.682500E-03,+9.910000E+37,+4.597959E+02,+3.585200E+04,+2.000139E+02,+2.682500E-03,+9.910000E+37,+4.598633E+02,+3.585200E+04,+2.000132E+02,+2.682500E-03,+9.910000E+37,+4.599297E+02,+3.585200E+04,-5.503534E-02,+0.000000E+00,+9.910000E+37,+4.600010E+02,+3.584400E+04
10:18:16,0e0,+2.000145E+02,+2.993500E-03,+9.910000E+37,+4.602227E+02,+3.585200E+04,+2.000137E+02,+2.993500E-03,+9.910000E+37,+4.602891E+02,+3.585200E+04,+2.000139E+02,+2.993500E-03,+9.910000E+37,+4.603564E+02,+3.585200E+04,-5.430688E-02,+0.000000E+00,+9.910000E+37,+4.604229E+02,+3.584400E+04
10:18:16,0e0,+2.000147E+02,+3.340500E-03,+9.910000E+37,+4.606465E+02,+3.585200E+04,+2.000134E+02,+3.340500E-03,+9.910000E+37,+4.607129E+02,+3.585200E+04,+2.000150E+02,+3.340500E-03,+9.910000E+37,+4.607803E+02,+3.585200E+04,-5.357793E-02,+0.000000E+00,+9.910000E+37,+4.608457E+02,+3.584400E+04
10:18:16,0e0,+2.000137E+02,+3.727500E-03,+9.910000E+37,+4.610654E+02,+3.585200E+04,+2.000152E+02,+3.727500E-03,+9.910000E+37,+4.611318E+02,+3.585200E+04,+2.000152E+02,+3.727500E-03,+9.910000E+37,+4.611982E+02,+3.585200E+04,-5.325939E-02,+0.000000E+00,+9.910000E+37,+4.612646E+02,+3.584400E+04
10:18:16,0e0,+2.000146E+02,+4.159500E-03,+9.910000E+37,+4.614873E+02,+3.585200E+04,+2.000141E+02,+4.159500E-03,+9.910000E+37,+4.615547E+02,+3.585200E+04,+2.000150E+02,+4.159500E-03,+9.910000E+37,+4.616221E+02,+3.585200E+04,-5.171140E-02,+0.000000E+00,+9.910000E+37,+4.616875E+02,+3.584400E+04
10:18:16,0e0,+2.000147E+02,+4.641500E-03,+9.910000E+37,+4.619092E+02,+3.585200E+04,+2.000148E+02,+4.641500E-03,+9.910000E+37,+4.619746E+02,+3.585200E+04,+2.000146E+02,+4.641500E-03,+9.910000E+37,+4.620410E+02,+3.585200E+04,-5.385150E-02,+0.000000E+00,+9.910000E+37,+4.621084E+02,+3.584400E+04
10:18:16,0e0,+2.000140E+02,+5.179500E-03,+9.910000E+37,+4.623301E+02,+3.585200E+04,+2.000146E+02,+5.179500E-03,+9.910000E+37,+4.623975E+02,+3.585200E+04,+2.000150E+02,+5.179500E-03,+9.910000E+37,+4.624639E+02,+3.585200E+04,-5.157457E-02,+0.000000E+00,+9.910000E+37,+4.625312E+02,+3.584400E+04
10:18:16,0e0,+2.000153E+02,+5.779500E-03,+9.910000E+37,+4.627529E+02,+3.585200E+04,+2.000147E+02,+5.779500E-03,+9.910000E+37,+4.628184E+02,+3.585200E+04,+2.000152E+02,+5.779500E-03,+9.910000E+37,+4.628857E+02,+3.585200E+04,-5.171143E-02,+0.000000E+00,+9.910000E+37,+4.629512E+02,+3.584400E+04
10:18:16,0e0,+2.000148E+02,+6.449500E-03,+9.910000E+37,+4.631719E+02,+3.585200E+04,+2.000159E+02,+6.449500E-03,+9.910000E+37,+4.632393E+02,+3.585200E+04,+2.000154E+02,+6.449500E-03,+9.910000E+37,+4.633057E+02,+3.585200E+04,-5.203009E-02,+0.000000E+00,+9.910000E+37,+4.633730E+02,+3.584400E+04
10:18:16,0e0,+2.000161E+02,+7.197000E-03,+9.910000E+37,+4.635928E+02,+3.585200E+04,+2.000157E+02,+7.197000E-03,+9.910000E+37,+4.636602E+02,+3.585200E+04,+2.000152E+02,+7.197000E-03,+9.910000E+37,+4.637266E+02,+3.585200E+04,-5.102845E-02,+0.000000E+00,+9.910000E+37,+4.637930E+02,+3.584400E+04
10:18:16,0e0,+2.000164E+02,+8.031000E-03,+9.910000E+37,+4.640166E+02,+3.585200E+04,+2.000159E+02,+8.031000E-03,+9.910000E+37,+4.640840E+02,+3.585200E+04,+2.000154E+02,+8.031000E-03,+9.910000E+37,+4.641504E+02,+3.585200E+04,-5.143827E-02,+0.000000E+00,+9.910000E+37,+4.642178E+02,+3.584400E+04
10:18:16,0e0,+2.000163E+02,+8.961500E-03,+9.910000E+37,+4.644385E+02,+3.585200E+04,+2.000165E+02,+8.961500E-03,+9.910000E+37,+4.645039E+02,+3.585200E+04,+2.000166E+02,+8.961500E-03,+9.910000E+37,+4.645713E+02,+3.585200E+04,-5.039084E-02,+0.000000E+00,+9.910000E+37,+4.646367E+02,+3.584400E+04
10:22:17,0e0,-7.139176E-03,+1.000000E-07,+9.910000E+37,+6.592529E+02,+3.584400E+04,-3.906101E-03,+1.000000E-07,+9.910000E+37,+6.593193E+02,+3.584400E+04,-4.407242E-03,+1.000000E-07,+9.910000E+37,+6.593867E+02,+3.584400E+04,-1.346758E-02,+0.000000E+00,+9.910000E+37,+6.594531E+02,+3.584400E+04
10:22:17,0e0,-4.589081E-03,+1.116000E-07,+9.910000E+37,+6.596768E+02,+3.584400E+04,-5.272403E-03,+1.116000E-07,+9.910000E+37,+6.597432E+02,+3.584400E+04,-4.179046E-03,+1.116000E-07,+9.910000E+37,+6.598086E+02,+3.584400E+04,-1.360430E-02,+0.000000E+00,+9.910000E+37,+6.598760E+02,+3.584400E+04
10:22:17,0e0,-3.086567E-03,+1.245000E-07,+9.910000E+37,+6.600967E+02,+3.584400E+04,-3.268465E-03,+1.245000E-07,+9.910000E+37,+6.601631E+02,+3.584400E+04,-2.722606E-03,+1.245000E-07,+9.910000E+37,+6.602295E+02,+3.584400E+04,-1.401408E-02,+0.000000E+00,+9.910000E+37,+6.602959E+02,+3.584400E+04
10:22:17,0e0,-2.176195E-03,+1.389500E-07,+9.910000E+37,+6.605156E+02,+3.584400E+04,-3.041178E-03,+1.389500E-07,+9.910000E+37,+6.605820E+02,+3.584400E+04,-2.676561E-03,+1.389500E-07,+9.910000E+37,+6.606484E+02,+3.584400E+04,-1.278470E-02,+0.000000E+00,+9.910000E+37,+6.607158E+02,+3.584400E+04
10:22:17,0e0,-4.453957E-04,+1.550500E-07,+9.910000E+37,+6.609395E+02,+3.584400E+04,+9.657890E-04,+1.550500E-07,+9.910000E+37,+6.610059E+02,+3.584400E+04,-8.099377E-04,+1.550500E-07,+9.910000E+37,+6.610723E+02,+3.584400E+04,-1.337647E-02,+0.000000E+00,+9.910000E+37,+6.611387E+02,+3.584400E+04
10:22:17,0e0,+7.380098E-04,+1.730000E-07,+9.910000E+37,+6.613604E+02,+3.584400E+04,+2.286538E-03,+1.730000E-07,+9.910000E+37,+6.614258E+02,+3.584400E+04,+1.557693E-03,+1.730000E-07,+9.910000E+37,+6.614932E+02,+3.584400E+04,-1.314890E-02,+0.000000E+00,+9.910000E+37,+6.615596E+02,+3.584400E+04
10:22:17,0e0,+2.240464E-03,+1.930500E-07,+9.910000E+37,+6.617813E+02,+3.584400E+04,+2.604678E-03,+1.930500E-07,+9.910000E+37,+6.618477E+02,+3.584400E+04,+4.289925E-03,+1.930500E-07,+9.910000E+37,+6.619141E+02,+3.584400E+04,-1.337640E-02,+0.000000E+00,+9.910000E+37,+6.619805E+02,+3.584400E+04
10:22:17,0e0,+4.425719E-03,+2.154500E-07,+9.910000E+37,+6.622041E+02,+3.584400E+04,+4.836068E-03,+2.154500E-07,+9.910000E+37,+6.622715E+02,+3.584400E+04,+4.471749E-03,+2.154500E-07,+9.910000E+37,+6.623379E+02,+3.584400E+04,-1.424164E-02,+0.000000E+00,+9.910000E+37,+6.624033E+02,+3.584400E+04
10:22:17,0e0,+7.932067E-03,+2.404000E-07,+9.910000E+37,+6.626279E+02,+3.584400E+04,+6.110847E-03,+2.404000E-07,+9.910000E+37,+6.626953E+02,+3.584400E+04,+5.154416E-03,+2.404000E-07,+9.910000E+37,+6.627617E+02,+3.584400E+04,-1.378675E-02,+0.000000E+00,+9.910000E+37,+6.628281E+02,+3.584400E+04
10:22:17,0e0,+1.007187E-02,+2.682500E-07,+9.910000E+37,+6.630576E+02,+3.584400E+04,+9.525493E-03,+2.682500E-07,+9.910000E+37,+6.631240E+02,+3.584400E+04,+1.029968E-02,+2.682500E-07,+9.910000E+37,+6.631904E+02,+3.584400E+04,-1.310325E-02,+0.000000E+00,+9.910000E+37,+6.632578E+02,+3.584400E+04
10:22:17,0e0,+1.225743E-02,+2.993500E-07,+9.910000E+37,+6.634834E+02,+3.584400E+04,+1.212093E-02,+2.993500E-07,+9.910000E+37,+6.635498E+02,+3.584400E+04,+1.184739E-02,+2.993500E-07,+9.910000E+37,+6.636172E+02,+3.584400E+04,-1.169203E-02,+0.000000E+00,+9.910000E+37,+6.636836E+02,+3.584400E+04
10:22:17,0e0,+1.489812E-02,+3.340500E-07,+9.910000E+37,+6.639092E+02,+3.584400E+04,+1.535355E-02,+3.340500E-07,+9.910000E+37,+6.639756E+02,+3.584400E+04,+1.444307E-02,+3.340500E-07,+9.910000E+37,+6.640410E+02,+3.584400E+04,-1.242062E-02,+0.000000E+00,+9.910000E+37,+6.641074E+02,+3.584400E+04
10:22:17,0e0,+1.826754E-02,+3.727500E-07,+9.910000E+37,+6.643301E+02,+3.584400E+04,+1.986113E-02,+3.727500E-07,+9.910000E+37,+6.643965E+02,+3.584400E+04,+1.999784E-02,+3.727500E-07,+9.910000E+37,+6.644629E+02,+3.584400E+04,-1.323979E-02,+0.000000E+00,+9.910000E+37,+6.645293E+02,+3.584400E+04
10:22:17,0e0,+2.263892E-02,+4.159500E-07,+9.910000E+37,+6.647529E+02,+3.584400E+04,+2.300303E-02,+4.159500E-07,+9.910000E+37,+6.648193E+02,+3.584400E+04,+2.181911E-02,+4.159500E-07,+9.910000E+37,+6.648857E+02,+3.584400E+04,-1.310316E-02,+0.000000E+00,+9.910000E+37,+6.649531E+02,+3.584400E+04
10:22:17,0e0,+2.696440E-02,+4.641500E-07,+9.910000E+37,+6.651777E+02,+3.584400E+04,+2.710092E-02,+4.641500E-07,+9.910000E+37,+6.652441E+02,+3.584400E+04,+2.669078E-02,+4.641500E-07,+9.910000E+37,+6.653105E+02,+3.584400E+04,-1.219279E-02,+0.000000E+00,+9.910000E+37,+6.653779E+02,+3.584400E+04
10:22:17,0e0,+3.074303E-02,+5.179500E-07,+9.910000E+37,+6.655986E+02,+3.584400E+04,+3.311083E-02,+5.179500E-07,+9.910000E+37,+6.656650E+02,+3.584400E+04,+3.183582E-02,+5.179500E-07,+9.910000E+37,+6.657314E+02,+3.584400E+04,-1.333120E-02,+0.000000E+00,+9.910000E+37,+6.657988E+02,+3.584400E+04
10:22:17,0e0,+3.688988E-02,+5.779500E-07,+9.910000E+37,+6.660166E+02,+3.584400E+04,+3.707165E-02,+5.779500E-07,+9.910000E+37,+6.660830E+02,+3.584400E+04,+3.648016E-02,+5.779500E-07,+9.910000E+37,+6.661494E+02,+3.584400E+04,-1.333149E-02,+0.000000E+00,+9.910000E+37,+6.662158E+02,+3.584400E+04
10:22:17,0e0,+4.171604E-02,+6.449500E-07,+9.910000E+37,+6.664424E+02,+3.584400E+04,+4.253602E-02,+6.449500E-07,+9.910000E+37,+6.665088E+02,+3.584400E+04,+4.212591E-02,+6.449500E-07,+9.910000E+37,+6.665752E+02,+3.584400E+04,-1.314916E-02,+0.000000E+00,+9.910000E+37,+6.666416E+02,+3.584400E+04
10:22:17,0e0,+4.799893E-02,+7.197000E-07,+9.910000E+37,+6.668662E+02,+3.584400E+04,+4.790813E-02,+7.197000E-07,+9.910000E+37,+6.669326E+02,+3.584400E+04,+4.927430E-02,+7.197000E-07,+9.910000E+37,+6.670000E+02,+3.584400E+04,-1.201108E-02,+0.000000E+00,+9.910000E+37,+6.670654E+02,+3.584400E+04
10:22:17,0e0,+5.628598E-02,+8.031000E-07,+9.910000E+37,+6.672891E+02,+3.584400E+04,+5.651376E-02,+8.031000E-07,+9.910000E+37,+6.673555E+02,+3.584400E+04,+5.523849E-02,+8.031000E-07,+9.910000E+37,+6.674219E+02,+3.584400E+04,-1.187365E-02,+0.000000E+00,+9.910000E+37,+6.674883E+02,+3.584400E+04
10:22:17,0e0,+6.493661E-02,+8.961500E-07,+9.910000E+37,+6.677090E+02,+3.584400E+04,+6.521031E-02,+8.961500E-07,+9.910000E+37,+6.677764E+02,+3.584400E+04,+6.443685E-02,+8.961500E-07,+9.910000E+37,+6.678428E+02,+3.584400E+04,-1.255706E-02,+0.000000E+00,+9.910000E+37,+6.679092E+02,+3.584400E+04
10:22:17,0e0,+7.377017E-02,+1.000000E-06,+9.910000E+37,+6.681270E+02,+3.584400E+04,+7.281390E-02,+1.000000E-06,+9.910000E+37,+6.681934E+02,+3.584400E+04,+7.399824E-02,+1.000000E-06,+9.910000E+37,+6.682598E+02,+3.584400E+04,-1.415089E-02,+0.000000E+00,+9.910000E+37,+6.683262E+02,+3.584400E+04
10:22:17,0e0,+7.135722E-02,+1.116000E-06,+9.910000E+37,+6.685498E+02,+3.584400E+04,+7.144830E-02,+1.116000E-06,+9.910000E+37,+6.686162E+02,+3.584400E+04,+7.226738E-02,+1.116000E-06,+9.910000E+37,+6.686826E+02,+3.584400E+04,-1.219290E-02,+0.000000E+00,+9.910000E+37,+6.687490E+02,+3.584400E+04
10:22:17,0e0,+8.137366E-02,+1.245000E-06,+9.910000E+37,+6.689746E+02,+3.584400E+04,+8.160147E-02,+1.245000E-06,+9.910000E+37,+6.690410E+02,+3.584400E+04,+8.123672E-02,+1.245000E-06,+9.910000E+37,+6.691064E+02,+3.584400E+04,-1.355919E-02,+0.000000E+00,+9.910000E+37,+6.691738E+02,+3.584400E+04
10:22:17,0e0,+9.384978E-02,+1.389500E-06,+9.910000E+37,+6.693926E+02,+3.584400E+04,+9.275711E-02,+1.389500E-06,+9.910000E+37,+6.694590E+02,+3.584400E+04,+9.098086E-02,+1.389500E-06,+9.910000E+37,+6.695254E+02,+3.584400E+04,-1.264814E-02,+0.000000E+00,+9.910000E+37,+6.695928E+02,+3.584400E+04
10:22:17,0e0,+1.046862E-01,+1.550500E-06,+9.910000E+37,+6.698115E+02,+3.584400E+04,+1.048678E-01,+1.550500E-06,+9.910000E+37,+6.698779E+02,+3.584400E+04,+1.052778E-01,+1.550500E-06,+9.910000E+37,+6.699453E+02,+3.584400E+04,-1.137359E-02,+0.000000E+00,+9.910000E+37,+6.700127E+02,+3.584400E+04
10:22:17,0e0,+1.196205E-01,+1.730000E-06,+9.910000E+37,+6.702480E+02,+3.584400E+04,+1.191191E-01,+1.730000E-06,+9.910000E+37,+6.703154E+02,+3.584400E+04,+1.187553E-01,+1.730000E-06,+9.910000E+37,+6.703818E+02,+3.584400E+04,-1.319461E-02,+0.000000E+00,+9.910000E+37,+6.704473E+02,+3.584400E+04
10:22:17,0e0,+1.341448E-01,+1.930500E-06,+9.910000E+37,+6.706680E+02,+3.584400E+04,+1.338264E-01,+1.930500E-06,+9.910000E+37,+6.707354E+02,+3.584400E+04,+1.355561E-01,+1.930500E-06,+9.910000E+37,+6.708018E+02,+3.584400E+04,-1.333103E-02,+0.000000E+00,+9.910000E+37,+6.708682E+02,+3.584400E+04
10:22:17,0e0,+1.515381E-01,+2.154500E-06,+9.910000E+37,+6.710957E+02,+3.584400E+04,+1.523570E-01,+2.154500E-06,+9.910000E+37,+6.711631E+02,+3.584400E+04,+1.504903E-01,+2.154500E-06,+9.910000E+37,+6.712285E+02,+3.584400E+04,-1.292172E-02,+0.000000E+00,+9.910000E+37,+6.712949E+02,+3.584400E+04
10:22:17,0e0,+1.707066E-01,+2.404000E-06,+9.910000E+37,+6.715186E+02,+3.584400E+04,+1.711162E-01,+2.404000E-06,+9.910000E+37,+6.715859E+02,+3.584400E+04,+1.692033E-01,+2.404000E-06,+9.910000E+37,+6.716523E+02,+3.584400E+04,-1.219268E-02,+0.000000E+00,+9.910000E+37,+6.717178E+02,+3.584400E+04
10:22:17,0e0,+1.914232E-01,+2.682500E-06,+9.910000E+37,+6.719404E+02,+3.584400E+04,+1.911951E-01,+2.682500E-06,+9.910000E+37,+6.720068E+02,+3.584400E+04,+1.918791E-01,+2.682500E-06,+9.910000E+37,+6.720732E+02,+3.584400E+04,-1.442413E-02,+0.000000E+00,+9.910000E+37,+6.721396E+02,+3.584400E+04
10:22:17,0e0,+2.132320E-01,+2.993500E-06,+9.910000E+37,+6.723604E+02,+3.584400E+04,+2.139608E-01,+2.993500E-06,+9.910000E+37,+6.724268E+02,+3.584400E+04,+2.132321E-01,+2.993500E-06,+9.910000E+37,+6.724922E+02,+3.584400E+04,-1.365006E-02,+0.000000E+00,+9.910000E+37,+6.725586E+02,+3.584400E+04
10:22:17,0e0,+2.402323E-01,+3.340500E-06,+9.910000E+37,+6.727803E+02,+3.584400E+04,+2.416439E-01,+3.340500E-06,+9.910000E+37,+6.728467E+02,+3.584400E+04,+2.413709E-01,+3.340500E-06,+9.910000E+37,+6.729141E+02,+3.584400E+04,-1.419663E-02,+0.000000E+00,+9.910000E+37,+6.729805E+02,+3.584400E+04
10:22:17,0e0,+2.702385E-01,+3.727500E-06,+9.910000E+37,+6.732051E+02,+3.584400E+04,+2.704649E-01,+3.727500E-06,+9.910000E+37,+6.732715E+02,+3.584400E+04,+2.700108E-01,+3.727500E-06,+9.910000E+37,+6.733369E+02,+3.584400E+04,-1.446970E-02,+0.000000E+00,+9.910000E+37,+6.734033E+02,+3.584400E+04
10:22:17,0e0,+3.036126E-01,+4.159500E-06,+9.910000E+37,+6.736270E+02,+3.584400E+04,+3.037486E-01,+4.159500E-06,+9.910000E+37,+6.736943E+02,+3.584400E+04,+3.035207E-01,+4.159500E-06,+9.910000E+37,+6.737598E+02,+3.584400E+04,-1.442412E-02,+0.000000E+00,+9.910000E+37,+6.738262E+02,+3.584400E+04
10:22:17,0e0,+3.382606E-01,+4.641500E-06,+9.910000E+37,+6.740488E+02,+3.584400E+04,+3.398558E-01,+4.641500E-06,+9.910000E+37,+6.741152E+02,+3.584400E+04,+3.408569E-01,+4.641500E-06,+9.910000E+37,+6.741826E+02,+3.584400E+04,-1.487964E-02,+0.000000E+00,+9.910000E+37,+6.742480E+02,+3.584400E+04
10:22:17,0e0,+3.804235E-01,+5.179500E-06,+9.910000E+37,+6.744736E+02,+3.584400E+04,+3.810604E-01,+5.179500E-06,+9.910000E+37,+6.745391E+02,+3.584400E+04,+3.799238E-01,+5.179500E-06,+9.910000E+37,+6.746055E+02,+3.584400E+04,-1.364969E-02,+0.000000E+00,+9.910000E+37,+6.746719E+02,+3.584400E+04
10:22:17,0e0,+4.254080E-01,+5.779500E-06,+9.910000E+37,+6.748926E+02,+3.584400E+04,+4.258192E-01,+5.779500E-06,+9.910000E+37,+6.749600E+02,+3.584400E+04,+4.265920E-01,+5.779500E-06,+9.910000E+37,+6.750254E+02,+3.584400E+04,-1.301263E-02,+0.000000E+00,+9.910000E+37,+6.750918E+02,+3.584400E+04
10:22:17,0e0,+4.762660E-01,+6.449500E-06,+9.910000E+37,+6.753115E+02,+3.584400E+04,+4.764026E-01,+6.449500E-06,+9.910000E+37,+6.753779E+02,+3.584400E+04,+4.758579E-01,+6.449500E-06,+9.910000E+37,+6.754443E+02,+3.584400E+04,-1.374145E-02,+0.000000E+00,+9.910000E+37,+6.755117E+02,+3.584400E+04
10:22:17,0e0,+5.337743E-01,+7.197000E-06,+9.910000E+37,+6.757344E+02,+3.584400E+04,+5.351382E-01,+7.197000E-06,+9.910000E+37,+6.758008E+02,+3.584400E+04,+5.341820E-01,+7.197000E-06,+9.910000E+37,+6.758662E+02,+3.584400E+04,-1.205663E-02,+0.000000E+00,+9.910000E+37,+6.759326E+02,+3.584400E+04
10:22:17,0e0,+5.984275E-01,+8.031000E-06,+9.910000E+37,+6.761582E+02,+3.584400E+04,+5.980617E-01,+8.031000E-06,+9.910000E+37,+6.762246E+02,+3.584400E+04,+5.979268E-01,+8.031000E-06,+9.910000E+37,+6.762920E+02,+3.584400E+04,-1.205663E-02,+0.000000E+00,+9.910000E+37,+6.763594E+02,+3.584400E+04
10:22:17,0e0,+6.714593E-01,+8.961500E-06,+9.910000E+37,+6.765840E+02,+3.584400E+04,+6.720053E-01,+8.961500E-06,+9.910000E+37,+6.766504E+02,+3.584400E+04,+6.718702E-01,+8.961500E-06,+9.910000E+37,+6.767168E+02,+3.584400E+04,-1.283100E-02,+0.000000E+00,+9.910000E+37,+6.767832E+02,+3.584400E+04
10:22:17,0e0,+7.535533E-01,+1.000000E-05,+9.910000E+37,+6.770039E+02,+3.584400E+04,+7.520940E-01,+1.000000E-05,+9.910000E+37,+6.770713E+02,+3.584400E+04,+7.523230E-01,+1.000000E-05,+9.910000E+37,+6.771377E+02,+3.584400E+04,-1.351374E-02,+0.000000E+00,+9.910000E+37,+6.772041E+02,+3.584400E+04
10:22:17,0e0,+8.319132E-01,+1.116000E-05,+9.910000E+37,+6.774248E+02,+3.584400E+04,+8.322294E-01,+1.116000E-05,+9.910000E+37,+6.774902E+02,+3.584400E+04,+8.330061E-01,+1.116000E-05,+9.910000E+37,+6.775576E+02,+3.584400E+04,-1.260282E-02,+0.000000E+00,+9.910000E+37,+6.776230E+02,+3.584400E+04
10:22:17,0e0,+9.329915E-01,+1.245000E-05,+9.910000E+37,+6.778398E+02,+3.584400E+04,+9.339918E-01,+1.245000E-05,+9.910000E+37,+6.779082E+02,+3.584400E+04,+9.346757E-01,+1.245000E-05,+9.910000E+37,+6.779795E+02,+3.584400E+04,-1.278515E-02,+0.000000E+00,+9.910000E+37,+6.780508E+02,+3.584400E+04
10:22:17,0e0,+1.049779E+00,+1.389500E-05,+9.910000E+37,+6.782686E+02,+3.584400E+04,+1.049003E+00,+1.389500E-05,+9.910000E+37,+6.783350E+02,+3.584400E+04,+1.050415E+00,+1.389500E-05,+9.910000E+37,+6.784023E+02,+3.584400E+04,-1.319483E-02,+0.000000E+00,+9.910000E+37,+6.784727E+02,+3.584400E+04
10:22:17,0e0,+1.181504E+00,+1.550500E-05,+9.910000E+37,+6.786904E+02,+3.584400E+04,+1.181231E+00,+1.550500E-05,+9.910000E+37,+6.787568E+02,+3.584400E+04,+1.183049E+00,+1.550500E-05,+9.910000E+37,+6.788242E+02,+3.584400E+04,-1.446983E-02,+0.000000E+00,+9.910000E+37,+6.788955E+02,+3.584400E+04
10:22:17,0e0,+1.329111E+00,+1.730000E-05,+9.910000E+37,+6.791162E+02,+3.584400E+04,+1.331297E+00,+1.730000E-05,+9.910000E+37,+6.791826E+02,+3.584400E+04,+1.331481E+00,+1.730000E-05,+9.910000E+37,+6.792490E+02,+3.584400E+04,-1.346798E-02,+0.000000E+00,+9.910000E+37,+6.793193E+02,+3.584400E+04
10:22:17,0e0,+1.498898E+00,+1.930500E-05,+9.910000E+37,+6.795361E+02,+3.584400E+04,+1.499855E+00,+1.930500E-05,+9.910000E+37,+6.796025E+02,+3.584400E+04,+1.499808E+00,+1.930500E-05,+9.910000E+37,+6.796699E+02,+3.584400E+04,-1.446949E-02,+0.000000E+00,+9.910000E+37,+6.797412E+02,+3.584400E+04
10:22:17,0e0,+1.691501E+00,+2.154500E-05,+9.910000E+37,+6.799609E+02,+3.584400E+04,+1.692545E+00,+2.154500E-05,+9.910000E+37,+6.800283E+02,+3.584400E+04,+1.692817E+00,+2.154500E-05,+9.910000E+37,+6.800947E+02,+3.584400E+04,-1.497081E-02,+0.000000E+00,+9.910000E+37,+6.801660E+02,+3.584400E+04
10:22:17,0e0,+1.910455E+00,+2.404000E-05,+9.910000E+37,+6.803779E+02,+3.584400E+04,+1.910589E+00,+2.404000E-05,+9.910000E+37,+6.804434E+02,+3.584400E+04,+1.912823E+00,+2.404000E-05,+9.910000E+37,+6.805098E+02,+3.584400E+04,-1.424231E-02,+0.000000E+00,+9.910000E+37,+6.805771E+02,+3.584400E+04
10:22:17,0e0,+2.160420E+00,+2.682500E-05,+9.910000E+37,+6.807910E+02,+3.584400E+04,+2.162289E+00,+2.682500E-05,+9.910000E+37,+6.808564E+02,+3.584400E+04,+2.162291E+00,+2.682500E-05,+9.910000E+37,+6.809229E+02,+3.584400E+04,-1.360455E-02,+0.000000E+00,+9.910000E+37,+6.809902E+02,+3.584400E+04
10:22:17,0e0,+2.449228E+00,+2.993500E-05,+9.910000E+37,+6.812031E+02,+3.584400E+04,+2.451274E+00,+2.993500E-05,+9.910000E+37,+6.812686E+02,+3.584400E+04,+2.451045E+00,+2.993500E-05,+9.910000E+37,+6.813350E+02,+3.584400E+04,-1.351373E-02,+0.000000E+00,+9.910000E+37,+6.814014E+02,+3.584400E+04
10:22:17,0e0,+2.782927E+00,+3.340500E-05,+9.910000E+37,+6.816172E+02,+3.584400E+04,+2.784386E+00,+3.340500E-05,+9.910000E+37,+6.816836E+02,+3.584400E+04,+2.785252E+00,+3.340500E-05,+9.910000E+37,+6.817510E+02,+3.584400E+04,-1.524419E-02,+0.000000E+00,+9.910000E+37,+6.818164E+02,+3.584400E+04
10:22:17,0e0,+3.170669E+00,+3.727500E-05,+9.910000E+37,+6.820322E+02,+3.584400E+04,+3.173583E+00,+3.727500E-05,+9.910000E+37,+6.820977E+02,+3.584400E+04,+3.173264E+00,+3.727500E-05,+9.910000E+37,+6.821641E+02,+3.584400E+04,-1.378660E-02,+0.000000E+00,+9.910000E+37,+6.822314E+02,+3.584400E+04
10:22:17,0e0,+3.628346E+00,+4.159500E-05,+9.910000E+37,+6.824492E+02,+3.584400E+04,+3.630673E+00,+4.159500E-05,+9.910000E+37,+6.825156E+02,+3.584400E+04,+3.630989E+00,+4.159500E-05,+9.910000E+37,+6.825830E+02,+3.584400E+04,-1.465207E-02,+0.000000E+00,+9.910000E+37,+6.826543E+02,+3.584400E+04
10:22:17,0e0,+4.171768E+00,+4.641500E-05,+9.910000E+37,+6.828662E+02,+3.584400E+04,+4.175457E+00,+4.641500E-05,+9.910000E+37,+6.829326E+02,+3.584400E+04,+4.176091E+00,+4.641500E-05,+9.910000E+37,+6.829980E+02,+3.584400E+04,-1.396896E-02,+0.000000E+00,+9.910000E+37,+6.830645E+02,+3.584400E+04
10:22:17,0e0,+4.828323E+00,+5.179500E-05,+9.910000E+37,+6.832793E+02,+3.584400E+04,+4.832969E+00,+5.179500E-05,+9.910000E+37,+6.833447E+02,+3.584400E+04,+4.832694E+00,+5.179500E-05,+9.910000E+37,+6.834111E+02,+3.584400E+04,-1.351361E-02,+0.000000E+00,+9.910000E+37,+6.834785E+02,+3.584400E+04
10:22:17,0e0,+5.635275E+00,+5.779500E-05,+9.910000E+37,+6.836943E+02,+3.584400E+04,+5.639009E+00,+5.779500E-05,+9.910000E+37,+6.837607E+02,+3.584400E+04,+5.639734E+00,+5.779500E-05,+9.910000E+37,+6.838262E+02,+3.584400E+04,-1.447017E-02,+0.000000E+00,+9.910000E+37,+6.838926E+02,+3.584400E+04
10:22:17,0e0,+6.650025E+00,+6.449500E-05,+9.910000E+37,+6.841094E+02,+3.584400E+04,+6.655362E+00,+6.449500E-05,+9.910000E+37,+6.841768E+02,+3.584400E+04,+6.656002E+00,+6.449500E-05,+9.910000E+37,+6.842441E+02,+3.584400E+04,-1.374151E-02,+0.000000E+00,+9.910000E+37,+6.843096E+02,+3.584400E+04
10:22:17,0e0,+7.970109E+00,+7.197000E-05,+9.910000E+37,+6.845244E+02,+3.584400E+04,+7.974126E+00,+7.197000E-05,+9.910000E+37,+6.845908E+02,+3.584400E+04,+7.973634E+00,+7.197000E-05,+9.910000E+37,+6.846572E+02,+3.584400E+04,-1.410589E-02,+0.000000E+00,+9.910000E+37,+6.847295E+02,+3.584400E+04
10:22:17,0e0,+9.772160E+00,+8.031000E-05,+9.910000E+37,+6.849492E+02,+3.584400E+04,+9.772240E+00,+8.031000E-05,+9.910000E+37,+6.850156E+02,+3.584400E+04,+9.769505E+00,+8.031000E-05,+9.910000E+37,+6.850820E+02,+3.584400E+04,-1.205672E-02,+0.000000E+00,+9.910000E+37,+6.851523E+02,+3.584400E+04
10:22:17,0e0,+1.241399E+01,+8.961500E-05,+9.910000E+37,+6.853730E+02,+3.584400E+04,+1.240472E+01,+8.961500E-05,+9.910000E+37,+6.854395E+02,+3.584400E+04,+1.239730E+01,+8.961500E-05,+9.910000E+37,+6.855059E+02,+3.584400E+04,-1.401472E-02,+0.000000E+00,+9.910000E+37,+6.855771E+02,+3.584400E+04
10:22:17,0e0,+1.683894E+01,+1.000000E-04,+9.910000E+37,+6.857930E+02,+3.584400E+04,+1.679649E+01,+1.000000E-04,+9.910000E+37,+6.858594E+02,+3.584400E+04,+1.677403E+01,+1.000000E-04,+9.910000E+37,+6.859277E+02,+3.584400E+04,-1.483434E-02,+0.000000E+00,+9.910000E+37,+6.860000E+02,+3.584400E+04
10:22:17,0e0,+2.585099E+01,+1.116000E-04,+9.910000E+37,+6.862148E+02,+3.584400E+04,+2.558785E+01,+1.116000E-04,+9.910000E+37,+6.862861E+02,+3.584400E+04,+2.550565E+01,+1.116000E-04,+9.910000E+37,+6.863525E+02,+3.584400E+04,-1.574457E-02,+0.000000E+00,+9.910000E+37,+6.864199E+02,+3.584400E+04
10:22:17,0e0,+4.237250E+01,+1.245000E-04,+9.910000E+37,+6.866357E+02,+3.584400E+04,+4.122910E+01,+1.245000E-04,+9.910000E+37,+6.867012E+02,+3.584400E+04,+4.095697E+01,+1.245000E-04,+9.910000E+37,+6.867676E+02,+3.584400E+04,-1.633681E-02,+0.000000E+00,+9.910000E+37,+6.868340E+02,+3.584400E+04
10:22:17,0e0,+7.877995E+01,+1.389500E-04,+9.910000E+37,+6.870547E+02,+3.584400E+04,+7.460497E+01,+1.389500E-04,+9.910000E+37,+6.871221E+02,+3.584400E+04,+7.333022E+01,+1.389500E-04,+9.910000E+37,+6.871875E+02,+3.584400E+04,-1.519845E-02,+0.000000E+00,+9.910000E+37,+6.872539E+02,+3.584400E+04
10:22:17,0e0,+1.341091E+02,+1.550500E-04,+9.910000E+37,+6.874756E+02,+3.584400E+04,+1.263411E+02,+1.550500E-04,+9.910000E+37,+6.875410E+02,+3.584400E+04,+1.225738E+02,+1.550500E-04,+9.910000E+37,+6.876074E+02,+3.584400E+04,-1.610897E-02,+0.000000E+00,+9.910000E+37,+6.876748E+02,+3.584400E+04
10:22:17,0e0,+1.971500E+02,+1.730000E-04,+9.910000E+37,+6.878955E+02,+3.584400E+04,+1.868418E+02,+1.730000E-04,+9.910000E+37,+6.879619E+02,+3.584400E+04,+1.793242E+02,+1.730000E-04,+9.910000E+37,+6.880283E+02,+3.584400E+04,-1.601797E-02,+0.000000E+00,+9.910000E+37,+6.880947E+02,+3.584400E+04
10:22:17,0e0,+2.570643E+02,+1.930500E-04,+9.910000E+37,+6.883145E+02,+3.584400E+04,+2.436210E+02,+1.930500E-04,+9.910000E+37,+6.883809E+02,+3.584400E+04,+2.328201E+02,+1.930500E-04,+9.910000E+37,+6.884473E+02,+3.584400E+04,-1.383241E-02,+0.000000E+00,+9.910000E+37,+6.885146E+02,+3.584400E+04
10:22:17,0e0,+3.107906E+02,+2.154500E-04,+9.910000E+37,+6.887354E+02,+3.584400E+04,+2.944389E+02,+2.154500E-04,+9.910000E+37,+6.888018E+02,+3.584400E+04,+2.797912E+02,+2.154500E-04,+9.910000E+37,+6.888682E+02,+3.584400E+04,-1.392348E-02,+0.000000E+00,+9.910000E+37,+6.889346E+02,+3.584400E+04
10:22:17,0e0,+3.599499E+02,+2.404000E-04,+9.910000E+37,+6.891533E+02,+3.584400E+04,+3.412363E+02,+2.404000E-04,+9.910000E+37,+6.892188E+02,+3.584400E+04,+3.215180E+02,+2.404000E-04,+9.910000E+37,+6.892852E+02,+3.584400E+04,-1.501626E-02,+0.000000E+00,+9.910000E+37,+6.893516E+02,+3.584400E+04
10:22:17,0e0,+4.027421E+02,+2.682500E-04,+9.910000E+37,+6.895723E+02,+3.584400E+04,+3.810773E+02,+2.682500E-04,+9.910000E+37,+6.896387E+02,+3.584400E+04,+3.572174E+02,+2.682500E-04,+9.910000E+37,+6.897041E+02,+3.584400E+04,-1.492497E-02,+0.000000E+00,+9.910000E+37,+6.897705E+02,+3.584400E+04
10:22:17,0e0,+4.374604E+02,+2.993500E-04,+9.910000E+37,+6.899932E+02,+3.584400E+04,+4.115890E+02,+2.993500E-04,+9.910000E+37,+6.900596E+02,+3.584400E+04,+3.840916E+02,+2.993500E-04,+9.910000E+37,+6.901270E+02,+3.584400E+04,-1.465164E-02,+0.000000E+00,+9.910000E+37,+6.901934E+02,+3.584400E+04
10:22:17,0e0,+4.623495E+02,+3.340500E-04,+9.910000E+37,+6.904121E+02,+3.584400E+04,+4.332227E+02,+3.340500E-04,+9.910000E+37,+6.904785E+02,+3.584400E+04,+4.026854E+02,+3.340500E-04,+9.910000E+37,+6.905439E+02,+3.584400E+04,-1.474269E-02,+0.000000E+00,+9.910000E+37,+6.906104E+02,+3.584400E+04
10:22:17,0e0,+4.767283E+02,+3.727500E-04,+9.910000E+37,+6.908281E+02,+3.584400E+04,+4.438303E+02,+3.727500E-04,+9.910000E+37,+6.908955E+02,+3.584400E+04,+4.136006E+02,+3.727500E-04,+9.910000E+37,+6.909629E+02,+3.584400E+04,-1.387767E-02,+0.000000E+00,+9.910000E+37,+6.910293E+02,+3.584400E+04
10:22:17,0e0,+4.848211E+02,+4.159500E-04,+9.910000E+37,+6.912520E+02,+3.584400E+04,+4.487344E+02,+4.159500E-04,+9.910000E+37,+6.913184E+02,+3.584400E+04,+4.182505E+02,+4.159500E-04,+9.910000E+37,+6.913848E+02,+3.584400E+04,-1.401426E-02,+0.000000E+00,+9.910000E+37,+6.914512E+02,+3.584400E+04
10:22:17,0e0,+4.886431E+02,+4.641500E-04,+9.910000E+37,+6.916709E+02,+3.584400E+04,+4.488669E+02,+4.641500E-04,+9.910000E+37,+6.917373E+02,+3.584400E+04,+4.158344E+02,+4.641500E-04,+9.910000E+37,+6.918027E+02,+3.584400E+04,-1.387770E-02,+0.000000E+00,+9.910000E+37,+6.918691E+02,+3.584400E+04
10:22:17,0e0,+4.887614E+02,+5.179500E-04,+9.910000E+37,+6.920898E+02,+3.584400E+04,+4.448942E+02,+5.179500E-04,+9.910000E+37,+6.921563E+02,+3.584400E+04,+4.070388E+02,+5.179500E-04,+9.910000E+37,+6.922227E+02,+3.584400E+04,-1.374112E-02,+0.000000E+00,+9.910000E+37,+6.922881E+02,+3.584400E+04
10:22:17,0e0,+4.854171E+02,+5.779500E-04,+9.910000E+37,+6.925098E+02,+3.584400E+04,+4.366754E+02,+5.779500E-04,+9.910000E+37,+6.925762E+02,+3.584400E+04,+3.924065E+02,+5.779500E-04,+9.910000E+37,+6.926426E+02,+3.584400E+04,-1.346804E-02,+0.000000E+00,+9.910000E+37,+6.927090E+02,+3.584400E+04
10:22:17,0e0,+4.780817E+02,+6.449500E-04,+9.910000E+37,+6.929277E+02,+3.584400E+04,+4.242010E+02,+6.449500E-04,+9.910000E+37,+6.929941E+02,+3.584400E+04,+3.727674E+02,+6.449500E-04,+9.910000E+37,+6.930605E+02,+3.584400E+04,-1.392360E-02,+0.000000E+00,+9.910000E+37,+6.931270E+02,+3.584400E+04
10:22:17,0e0,+4.680854E+02,+7.197000E-04,+9.910000E+37,+6.933477E+02,+3.584400E+04,+4.068612E+02,+7.197000E-04,+9.910000E+37,+6.934141E+02,+3.584400E+04,+3.497830E+02,+7.197000E-04,+9.910000E+37,+6.934814E+02,+3.584400E+04,-1.205672E-02,+0.000000E+00,+9.910000E+37,+6.935488E+02,+3.584400E+04
10:22:17,0e0,+4.558296E+02,+8.031000E-04,+9.910000E+37,+6.937676E+02,+3.584400E+04,+3.840869E+02,+8.031000E-04,+9.910000E+37,+6.938330E+02,+3.584400E+04,+3.255675E+02,+8.031000E-04,+9.910000E+37,+6.938994E+02,+3.584400E+04,-1.314943E-02,+0.000000E+00,+9.910000E+37,+6.939658E+02,+3.584400E+04
10:22:17,0e0,+4.419508E+02,+8.961500E-04,+9.910000E+37,+6.941865E+02,+3.584400E+04,+3.593306E+02,+8.961500E-04,+9.910000E+37,+6.942520E+02,+3.584400E+04,+3.010604E+02,+8.961500E-04,+9.910000E+37,+6.943184E+02,+3.584400E+04,-1.337723E-02,+0.000000E+00,+9.910000E+37,+6.943848E+02,+3.584400E+04
10:22:17,0e0,+4.251918E+02,+1.000000E-03,+9.910000E+37,+6.946016E+02,+3.584400E+04,+3.338202E+02,+1.000000E-03,+9.910000E+37,+6.946680E+02,+3.584400E+04,+2.768038E+02,+1.000000E-03,+9.910000E+37,+6.947334E+02,+3.584400E+04,-1.296717E-02,+0.000000E+00,+9.910000E+37,+6.948008E+02,+3.584400E+04
10:22:17,0e0,+4.181956E+02,+1.116000E-03,+9.910000E+37,+6.950332E+02,+3.584400E+04,+3.193541E+02,+1.116000E-03,+9.910000E+37,+6.950996E+02,+3.584400E+04,+2.579063E+02,+1.116000E-03,+9.910000E+37,+6.951660E+02,+3.584400E+04,-1.911384E-02,+0.000000E+00,+9.910000E+37,+6.952334E+02,+3.584400E+04
10:22:17,0e0,+3.997569E+02,+1.245000E-03,+9.910000E+37,+6.954541E+02,+3.584400E+04,+2.929304E+02,+1.245000E-03,+9.910000E+37,+6.955205E+02,+3.584400E+04,+2.339654E+02,+1.245000E-03,+9.910000E+37,+6.955879E+02,+3.584400E+04,-2.007017E-02,+0.000000E+00,+9.910000E+37,+6.956543E+02,+3.584400E+04
10:22:17,0e0,+3.802888E+02,+1.389500E-03,+9.910000E+37,+6.958740E+02,+3.584400E+04,+2.685065E+02,+1.389500E-03,+9.910000E+37,+6.959404E+02,+3.584400E+04,+2.123554E+02,+1.389500E-03,+9.910000E+37,+6.960078E+02,+3.584400E+04,-1.761152E-02,+0.000000E+00,+9.910000E+37,+6.960752E+02,+3.584400E+04
10:22:17,0e0,+3.605165E+02,+1.550500E-03,+9.910000E+37,+6.962959E+02,+3.584400E+04,+2.459613E+02,+1.550500E-03,+9.910000E+37,+6.963623E+02,+3.584400E+04,+1.929761E+02,+1.550500E-03,+9.910000E+37,+6.964287E+02,+3.584400E+04,-1.656438E-02,+0.000000E+00,+9.910000E+37,+6.964951E+02,+3.584400E+04
10:22:17,0e0,+3.398279E+02,+1.730000E-03,+9.910000E+37,+6.967158E+02,+3.584400E+04,+2.243064E+02,+1.730000E-03,+9.910000E+37,+6.967832E+02,+3.584400E+04,+1.751287E+02,+1.730000E-03,+9.910000E+37,+6.968496E+02,+3.584400E+04,-1.528957E-02,+0.000000E+00,+9.910000E+37,+6.969160E+02,+3.584400E+04
10:22:17,0e0,+3.193661E+02,+1.930500E-03,+9.910000E+37,+6.971367E+02,+3.584400E+04,+2.049194E+02,+1.930500E-03,+9.910000E+37,+6.972031E+02,+3.584400E+04,+1.593657E+02,+1.930500E-03,+9.910000E+37,+6.972695E+02,+3.584400E+04,-1.610908E-02,+0.000000E+00,+9.910000E+37,+6.973359E+02,+3.584400E+04
10:22:17,0e0,+2.990924E+02,+2.154500E-03,+9.910000E+37,+6.975557E+02,+3.584400E+04,+1.871688E+02,+2.154500E-03,+9.910000E+37,+6.976221E+02,+3.584400E+04,+1.451691E+02,+2.154500E-03,+9.910000E+37,+6.976885E+02,+3.584400E+04,-1.629102E-02,+0.000000E+00,+9.910000E+37,+6.977549E+02,+3.584400E+04
10:22:17,0e0,+2.780908E+02,+2.404000E-03,+9.910000E+37,+6.979727E+02,+3.584400E+04,+1.704859E+02,+2.404000E-03,+9.910000E+37,+6.980391E+02,+3.584400E+04,+1.321281E+02,+2.404000E-03,+9.910000E+37,+6.981055E+02,+3.584400E+04,-1.451552E-02,+0.000000E+00,+9.910000E+37,+6.981719E+02,+3.584400E+04
10:22:17,0e0,+2.603996E+02,+2.682500E-03,+9.910000E+37,+6.983955E+02,+3.584400E+04,+1.563716E+02,+2.682500E-03,+9.910000E+37,+6.984619E+02,+3.584400E+04,+1.209421E+02,+2.682500E-03,+9.910000E+37,+6.985283E+02,+3.584400E+04,-1.369600E-02,+0.000000E+00,+9.910000E+37,+6.985947E+02,+3.584400E+04
10:22:17,0e0,+2.414048E+02,+2.993500E-03,+9.910000E+37,+6.988164E+02,+3.584400E+04,+1.429960E+02,+2.993500E-03,+9.910000E+37,+6.988838E+02,+3.584400E+04,+1.105797E+02,+2.993500E-03,+9.910000E+37,+6.989502E+02,+3.584400E+04,-1.346828E-02,+0.000000E+00,+9.910000E+37,+6.990176E+02,+3.584400E+04
10:22:17,0e0,+2.225762E+02,+3.340500E-03,+9.910000E+37,+6.992373E+02,+3.584400E+04,+1.303315E+02,+3.340500E-03,+9.910000E+37,+6.993037E+02,+3.584400E+04,+1.009666E+02,+3.340500E-03,+9.910000E+37,+6.993711E+02,+3.584400E+04,-1.342280E-02,+0.000000E+00,+9.910000E+37,+6.994385E+02,+3.584400E+04
10:22:17,0e0,+2.073798E+02,+3.727500E-03,+9.910000E+37,+6.996631E+02,+3.584400E+04,+1.197017E+02,+3.727500E-03,+9.910000E+37,+6.997295E+02,+3.584400E+04,+9.266840E+01,+3.727500E-03,+9.910000E+37,+6.997959E+02,+3.584400E+04,-1.419650E-02,+0.000000E+00,+9.910000E+37,+6.998623E+02,+3.584400E+04
10:22:17,0e0,+1.899848E+02,+4.159500E-03,+9.910000E+37,+7.000811E+02,+3.584400E+04,+1.092616E+02,+4.159500E-03,+9.910000E+37,+7.001475E+02,+3.584400E+04,+8.488489E+01,+4.159500E-03,+9.910000E+37,+7.002148E+02,+3.584400E+04,-1.351386E-02,+0.000000E+00,+9.910000E+37,+7.002822E+02,+3.584400E+04
10:22:17,0e0,+1.751869E+02,+4.641500E-03,+9.910000E+37,+7.005020E+02,+3.584400E+04,+1.001180E+02,+4.641500E-03,+9.910000E+37,+7.005693E+02,+3.584400E+04,+7.799784E+01,+4.641500E-03,+9.910000E+37,+7.006348E+02,+3.584400E+04,-1.528981E-02,+0.000000E+00,+9.910000E+37,+7.007012E+02,+3.584400E+04
10:22:17,0e0,+1.629882E+02,+5.179500E-03,+9.910000E+37,+7.009277E+02,+3.584400E+04,+9.231884E+01,+5.179500E-03,+9.910000E+37,+7.009941E+02,+3.584400E+04,+7.195349E+01,+5.179500E-03,+9.910000E+37,+7.010605E+02,+3.584400E+04,-1.419708E-02,+0.000000E+00,+9.910000E+37,+7.011270E+02,+3.584400E+04
10:22:17,0e0,+1.483559E+02,+5.779500E-03,+9.910000E+37,+7.013457E+02,+3.584400E+04,+8.436629E+01,+5.779500E-03,+9.910000E+37,+7.014121E+02,+3.584400E+04,+6.612656E+01,+5.779500E-03,+9.910000E+37,+7.014785E+02,+3.584400E+04,-1.355937E-02,+0.000000E+00,+9.910000E+37,+7.015459E+02,+3.584400E+04
10:22:17,0e0,+1.378307E+02,+6.449500E-03,+9.910000E+37,+7.017725E+02,+3.584400E+04,+7.793260E+01,+6.449500E-03,+9.910000E+37,+7.018398E+02,+3.584400E+04,+6.130684E+01,+6.449500E-03,+9.910000E+37,+7.019053E+02,+3.584400E+04,-1.278543E-02,+0.000000E+00,+9.910000E+37,+7.019717E+02,+3.584400E+04
10:22:17,0e0,+1.251857E+02,+7.197000E-03,+9.910000E+37,+7.021914E+02,+3.584400E+04,+7.136784E+01,+7.197000E-03,+9.910000E+37,+7.022588E+02,+3.584400E+04,+5.666856E+01,+7.197000E-03,+9.910000E+37,+7.023242E+02,+3.584400E+04,-1.410609E-02,+0.000000E+00,+9.910000E+37,+7.023906E+02,+3.584400E+04
10:22:17,0e0,+1.157320E+02,+8.031000E-03,+9.910000E+37,+7.026172E+02,+3.584400E+04,+6.622214E+01,+8.031000E-03,+9.910000E+37,+7.026846E+02,+3.584400E+04,+5.287484E+01,+8.031000E-03,+9.910000E+37,+7.027500E+02,+3.584400E+04,-1.246671E-02,+0.000000E+00,+9.910000E+37,+7.028164E+02,+3.584400E+04
10:22:17,0e0,+1.051572E+02,+8.961500E-03,+9.910000E+37,+7.030381E+02,+3.584400E+04,+6.099774E+01,+8.961500E-03,+9.910000E+37,+7.031045E+02,+3.584400E+04,+4.929863E+01,+8.961500E-03,+9.910000E+37,+7.031709E+02,+3.584400E+04,-1.137401E-02,+0.000000E+00,+9.910000E+37,+7.032383E+02,+3.584400E+04
