10:13:15,0e0,-3.039590E-02,+1.000000E-07,+9.910000E+37,+1.219648E+02,+3.584400E+04,-2.975853E-02,+1.000000E-07,+9.910000E+37,+1.220322E+02,+3.584400E+04,-3.048711E-02,+1.000000E-07,+9.910000E+37,+1.220977E+02,+3.584400E+04,-5.020292E-02,+0.000000E+00,+9.910000E+37,+1.221650E+02,+3.584400E+04
10:13:15,0e0,-2.775501E-02,+1.116000E-07,+9.910000E+37,+1.223877E+02,+3.584400E+04,-2.875669E-02,+1.116000E-07,+9.910000E+37,+1.224531E+02,+3.584400E+04,-2.934872E-02,+1.116000E-07,+9.910000E+37,+1.225195E+02,+3.584400E+04,-5.074938E-02,+0.000000E+00,+9.910000E+37,+1.225869E+02,+3.584400E+04
10:13:15,0e0,-2.670769E-02,+1.245000E-07,+9.910000E+37,+1.228096E+02,+3.584400E+04,-2.757326E-02,+1.245000E-07,+9.910000E+37,+1.228760E+02,+3.584400E+04,-2.561507E-02,+1.245000E-07,+9.910000E+37,+1.229424E+02,+3.584400E+04,-5.024862E-02,+0.000000E+00,+9.910000E+37,+1.230088E+02,+3.584400E+04
10:13:15,0e0,-2.338381E-02,+1.389500E-07,+9.910000E+37,+1.232305E+02,+3.584400E+04,-2.402124E-02,+1.389500E-07,+9.910000E+37,+1.232969E+02,+3.584400E+04,-2.547856E-02,+1.389500E-07,+9.910000E+37,+1.233643E+02,+3.584400E+04,-5.052182E-02,+0.000000E+00,+9.910000E+37,+1.234297E+02,+3.584400E+04
10:13:15,0e0,-1.992318E-02,+1.550500E-07,+9.910000E+37,+1.236514E+02,+3.584400E+04,-2.156252E-02,+1.550500E-07,+9.910000E+37,+1.237168E+02,+3.584400E+04,-2.224544E-02,+1.550500E-07,+9.910000E+37,+1.237832E+02,+3.584400E+04,-5.011192E-02,+0.000000E+00,+9.910000E+37,+1.238496E+02,+3.584400E+04
10:13:15,0e0,-1.855679E-02,+1.730000E-07,+9.910000E+37,+1.240684E+02,+3.584400E+04,-1.864830E-02,+1.730000E-07,+9.910000E+37,+1.241338E+02,+3.584400E+04,-1.951359E-02,+1.730000E-07,+9.910000E+37,+1.242002E+02,+3.584400E+04,-5.047604E-02,+0.000000E+00,+9.910000E+37,+1.242676E+02,+3.584400E+04
10:13:15,0e0,-1.746482E-02,+1.930500E-07,+9.910000E+37,+1.244893E+02,+3.584400E+04,-1.596183E-02,+1.930500E-07,+9.910000E+37,+1.245566E+02,+3.584400E+04,-1.505093E-02,+1.930500E-07,+9.910000E+37,+1.246221E+02,+3.584400E+04,-4.952019E-02,+0.000000E+00,+9.910000E+37,+1.246885E+02,+3.584400E+04
10:13:15,0e0,-1.304756E-02,+2.154500E-07,+9.910000E+37,+1.249150E+02,+3.584400E+04,-1.318437E-02,+2.154500E-07,+9.910000E+37,+1.249814E+02,+3.584400E+04,-1.236434E-02,+2.154500E-07,+9.910000E+37,+1.250488E+02,+3.584400E+04,-4.956557E-02,+0.000000E+00,+9.910000E+37,+1.251143E+02,+3.584400E+04
10:13:15,0e0,-9.177372E-03,+2.404000E-07,+9.910000E+37,+1.253350E+02,+3.584400E+04,-9.678096E-03,+2.404000E-07,+9.910000E+37,+1.254023E+02,+3.584400E+04,-8.494690E-03,+2.404000E-07,+9.910000E+37,+1.254697E+02,+3.584400E+04,-4.842713E-02,+0.000000E+00,+9.910000E+37,+1.255352E+02,+3.584400E+04
10:13:15,0e0,-6.217793E-03,+2.682500E-07,+9.910000E+37,+1.257627E+02,+3.584400E+04,-5.807862E-03,+2.682500E-07,+9.910000E+37,+1.258281E+02,+3.584400E+04,-4.715130E-03,+2.682500E-07,+9.910000E+37,+1.258945E+02,+3.584400E+04,-4.901922E-02,+0.000000E+00,+9.910000E+37,+1.259619E+02,+3.584400E+04
10:13:15,0e0,-1.208991E-03,+2.993500E-07,+9.910000E+37,+1.261816E+02,+3.584400E+04,-3.076464E-03,+2.993500E-07,+9.910000E+37,+1.262480E+02,+3.584400E+04,-9.813309E-04,+2.993500E-07,+9.910000E+37,+1.263135E+02,+3.584400E+04,-4.988429E-02,+0.000000E+00,+9.910000E+37,+1.263799E+02,+3.584400E+04
10:13:15,0e0,+2.388075E-03,+3.340500E-07,+9.910000E+37,+1.266016E+02,+3.584400E+04,+2.843559E-03,+3.340500E-07,+9.910000E+37,+1.266689E+02,+3.584400E+04,+1.978055E-03,+3.340500E-07,+9.910000E+37,+1.267344E+02,+3.584400E+04,-5.052175E-02,+0.000000E+00,+9.910000E+37,+1.268008E+02,+3.584400E+04
10:13:15,0e0,+7.032976E-03,+3.727500E-07,+9.910000E+37,+1.270273E+02,+3.584400E+04,+6.303832E-03,+3.727500E-07,+9.910000E+37,+1.270938E+02,+3.584400E+04,+6.258532E-03,+3.727500E-07,+9.910000E+37,+1.271611E+02,+3.584400E+04,-5.011195E-02,+0.000000E+00,+9.910000E+37,+1.272266E+02,+3.584400E+04
10:13:15,0e0,+1.199581E-02,+4.159500E-07,+9.910000E+37,+1.274463E+02,+3.584400E+04,+1.012850E-02,+4.159500E-07,+9.910000E+37,+1.275127E+02,+3.584400E+04,+1.058425E-02,+4.159500E-07,+9.910000E+37,+1.275791E+02,+3.584400E+04,-4.992974E-02,+0.000000E+00,+9.910000E+37,+1.276465E+02,+3.584400E+04
10:13:15,0e0,+1.609364E-02,+4.641500E-07,+9.910000E+37,+1.278711E+02,+3.584400E+04,+1.659471E-02,+4.641500E-07,+9.910000E+37,+1.279365E+02,+3.584400E+04,+1.654874E-02,+4.641500E-07,+9.910000E+37,+1.280039E+02,+3.584400E+04,-4.947428E-02,+0.000000E+00,+9.910000E+37,+1.280693E+02,+3.584400E+04
10:13:15,0e0,+2.142149E-02,+5.179500E-07,+9.910000E+37,+1.282959E+02,+3.584400E+04,+2.155764E-02,+5.179500E-07,+9.910000E+37,+1.283623E+02,+3.584400E+04,+2.183084E-02,+5.179500E-07,+9.910000E+37,+1.284287E+02,+3.584400E+04,-4.952019E-02,+0.000000E+00,+9.910000E+37,+1.284961E+02,+3.584400E+04
10:13:15,0e0,+2.652128E-02,+5.779500E-07,+9.910000E+37,+1.287139E+02,+3.584400E+04,+2.688532E-02,+5.779500E-07,+9.910000E+37,+1.287793E+02,+3.584400E+04,+2.779579E-02,+5.779500E-07,+9.910000E+37,+1.288457E+02,+3.584400E+04,-4.988456E-02,+0.000000E+00,+9.910000E+37,+1.289131E+02,+3.584400E+04
10:13:15,0e0,+3.394282E-02,+6.449500E-07,+9.910000E+37,+1.291338E+02,+3.584400E+04,+3.362456E-02,+6.449500E-07,+9.910000E+37,+1.292012E+02,+3.584400E+04,+3.307796E-02,+6.449500E-07,+9.910000E+37,+1.292666E+02,+3.584400E+04,-4.988429E-02,+0.000000E+00,+9.910000E+37,+1.293340E+02,+3.584400E+04
10:13:15,0e0,+3.945228E-02,+7.197000E-07,+9.910000E+37,+1.295557E+02,+3.584400E+04,+3.936130E-02,+7.197000E-07,+9.910000E+37,+1.296221E+02,+3.584400E+04,+3.999892E-02,+7.197000E-07,+9.910000E+37,+1.296895E+02,+3.584400E+04,-4.961115E-02,+0.000000E+00,+9.910000E+37,+1.297549E+02,+3.584400E+04
10:13:15,0e0,+4.614604E-02,+8.031000E-07,+9.910000E+37,+1.299756E+02,+3.584400E+04,+4.619151E-02,+8.031000E-07,+9.910000E+37,+1.300430E+02,+3.584400E+04,+4.682907E-02,+8.031000E-07,+9.910000E+37,+1.301084E+02,+3.584400E+04,-4.892796E-02,+0.000000E+00,+9.910000E+37,+1.301768E+02,+3.584400E+04
10:13:15,0e0,+5.306605E-02,+8.961500E-07,+9.910000E+37,+1.303965E+02,+3.584400E+04,+5.379537E-02,+8.961500E-07,+9.910000E+37,+1.304688E+02,+3.584400E+04,+5.452386E-02,+8.961500E-07,+9.910000E+37,+1.305361E+02,+3.584400E+04,-4.833639E-02,+0.000000E+00,+9.910000E+37,+1.306016E+02,+3.584400E+04
10:13:15,0e0,+6.199121E-02,+1.000000E-06,+9.910000E+37,+1.308164E+02,+3.584400E+04,+6.244671E-02,+1.000000E-06,+9.910000E+37,+1.308838E+02,+3.584400E+04,+6.185535E-02,+1.000000E-06,+9.910000E+37,+1.309492E+02,+3.584400E+04,-5.102308E-02,+0.000000E+00,+9.910000E+37,+1.310156E+02,+3.584400E+04
10:13:15,0e0,+5.898646E-02,+1.116000E-06,+9.910000E+37,+1.312383E+02,+3.584400E+04,+5.871344E-02,+1.116000E-06,+9.910000E+37,+1.313047E+02,+3.584400E+04,+5.930510E-02,+1.116000E-06,+9.910000E+37,+1.313721E+02,+3.584400E+04,-4.738013E-02,+0.000000E+00,+9.910000E+37,+1.314375E+02,+3.584400E+04
10:13:15,0e0,+6.659037E-02,+1.245000E-06,+9.910000E+37,+1.316572E+02,+3.584400E+04,+6.695405E-02,+1.245000E-06,+9.910000E+37,+1.317236E+02,+3.584400E+04,+6.804788E-02,+1.245000E-06,+9.910000E+37,+1.317910E+02,+3.584400E+04,-4.883726E-02,+0.000000E+00,+9.910000E+37,+1.318564E+02,+3.584400E+04
10:13:15,0e0,+7.665333E-02,+1.389500E-06,+9.910000E+37,+1.320791E+02,+3.584400E+04,+7.601607E-02,+1.389500E-06,+9.910000E+37,+1.321465E+02,+3.584400E+04,+7.533273E-02,+1.389500E-06,+9.910000E+37,+1.322119E+02,+3.584400E+04,-4.929240E-02,+0.000000E+00,+9.910000E+37,+1.322793E+02,+3.584400E+04
10:13:15,0e0,+8.348253E-02,+1.550500E-06,+9.910000E+37,+1.325000E+02,+3.584400E+04,+8.384725E-02,+1.550500E-06,+9.910000E+37,+1.325664E+02,+3.584400E+04,+8.530447E-02,+1.550500E-06,+9.910000E+37,+1.326338E+02,+3.584400E+04,-4.806301E-02,+0.000000E+00,+9.910000E+37,+1.326992E+02,+3.584400E+04
10:13:15,0e0,+9.381935E-02,+1.730000E-06,+9.910000E+37,+1.329209E+02,+3.584400E+04,+9.418395E-02,+1.730000E-06,+9.910000E+37,+1.329883E+02,+3.584400E+04,+9.286234E-02,+1.730000E-06,+9.910000E+37,+1.330537E+02,+3.584400E+04,-4.874583E-02,+0.000000E+00,+9.910000E+37,+1.331211E+02,+3.584400E+04
10:13:15,0e0,+1.049298E-01,+1.930500E-06,+9.910000E+37,+1.333428E+02,+3.584400E+04,+1.035628E-01,+1.930500E-06,+9.910000E+37,+1.334102E+02,+3.584400E+04,+1.042463E-01,+1.930500E-06,+9.910000E+37,+1.334756E+02,+3.584400E+04,-4.933831E-02,+0.000000E+00,+9.910000E+37,+1.335430E+02,+3.584400E+04
10:13:15,0e0,+1.160852E-01,+2.154500E-06,+9.910000E+37,+1.337646E+02,+3.584400E+04,+1.159034E-01,+2.154500E-06,+9.910000E+37,+1.338301E+02,+3.584400E+04,+1.153571E-01,+2.154500E-06,+9.910000E+37,+1.338975E+02,+3.584400E+04,-4.819986E-02,+0.000000E+00,+9.910000E+37,+1.339629E+02,+3.584400E+04
10:13:15,0e0,+1.273317E-01,+2.404000E-06,+9.910000E+37,+1.341836E+02,+3.584400E+04,+1.274683E-01,+2.404000E-06,+9.910000E+37,+1.342500E+02,+3.584400E+04,+1.271492E-01,+2.404000E-06,+9.910000E+37,+1.343164E+02,+3.584400E+04,-4.970282E-02,+0.000000E+00,+9.910000E+37,+1.343828E+02,+3.584400E+04
10:13:15,0e0,+1.408553E-01,+2.682500E-06,+9.910000E+37,+1.346035E+02,+3.584400E+04,+1.424036E-01,+2.682500E-06,+9.910000E+37,+1.346699E+02,+3.584400E+04,+1.407191E-01,+2.682500E-06,+9.910000E+37,+1.347373E+02,+3.584400E+04,-4.838167E-02,+0.000000E+00,+9.910000E+37,+1.348047E+02,+3.584400E+04
10:13:15,0e0,+1.554717E-01,+2.993500E-06,+9.910000E+37,+1.350254E+02,+3.584400E+04,+1.550162E-01,+2.993500E-06,+9.910000E+37,+1.350928E+02,+3.584400E+04,+1.553806E-01,+2.993500E-06,+9.910000E+37,+1.351582E+02,+3.584400E+04,-4.924743E-02,+0.000000E+00,+9.910000E+37,+1.352246E+02,+3.584400E+04
10:13:15,0e0,+1.697685E-01,+3.340500E-06,+9.910000E+37,+1.354463E+02,+3.584400E+04,+1.700884E-01,+3.340500E-06,+9.910000E+37,+1.355117E+02,+3.584400E+04,+1.699056E-01,+3.340500E-06,+9.910000E+37,+1.355791E+02,+3.584400E+04,-4.697043E-02,+0.000000E+00,+9.910000E+37,+1.356465E+02,+3.584400E+04
10:13:15,0e0,+1.873903E-01,+3.727500E-06,+9.910000E+37,+1.358613E+02,+3.584400E+04,+1.878003E-01,+3.727500E-06,+9.910000E+37,+1.359326E+02,+3.584400E+04,+1.887566E-01,+3.727500E-06,+9.910000E+37,+1.360000E+02,+3.584400E+04,-4.942968E-02,+0.000000E+00,+9.910000E+37,+1.360654E+02,+3.584400E+04
10:13:15,0e0,+2.062869E-01,+4.159500E-06,+9.910000E+37,+1.362822E+02,+3.584400E+04,+2.051950E-01,+4.159500E-06,+9.910000E+37,+1.363496E+02,+3.584400E+04,+2.052401E-01,+4.159500E-06,+9.910000E+37,+1.364150E+02,+3.584400E+04,-4.778987E-02,+0.000000E+00,+9.910000E+37,+1.364824E+02,+3.584400E+04
10:13:15,0e0,+2.255029E-01,+4.641500E-06,+9.910000E+37,+1.366992E+02,+3.584400E+04,+2.250466E-01,+4.641500E-06,+9.910000E+37,+1.367656E+02,+3.584400E+04,+2.264127E-01,+4.641500E-06,+9.910000E+37,+1.368320E+02,+3.584400E+04,-4.815441E-02,+0.000000E+00,+9.910000E+37,+1.368994E+02,+3.584400E+04
10:13:15,0e0,+2.470397E-01,+5.179500E-06,+9.910000E+37,+1.371191E+02,+3.584400E+04,+2.464920E-01,+5.179500E-06,+9.910000E+37,+1.371865E+02,+3.584400E+04,+2.474946E-01,+5.179500E-06,+9.910000E+37,+1.372529E+02,+3.584400E+04,-4.993030E-02,+0.000000E+00,+9.910000E+37,+1.373193E+02,+3.584400E+04
10:13:15,0e0,+2.713087E-01,+5.779500E-06,+9.910000E+37,+1.375410E+02,+3.584400E+04,+2.714898E-01,+5.779500E-06,+9.910000E+37,+1.376084E+02,+3.584400E+04,+2.718561E-01,+5.779500E-06,+9.910000E+37,+1.376738E+02,+3.584400E+04,-4.760793E-02,+0.000000E+00,+9.910000E+37,+1.377412E+02,+3.584400E+04
10:13:15,0e0,+2.998126E-01,+6.449500E-06,+9.910000E+37,+1.379609E+02,+3.584400E+04,+2.984014E-01,+6.449500E-06,+9.910000E+37,+1.380283E+02,+3.584400E+04,+2.971706E-01,+6.449500E-06,+9.910000E+37,+1.380937E+02,+3.584400E+04,-4.829109E-02,+0.000000E+00,+9.910000E+37,+1.381611E+02,+3.584400E+04
10:13:15,0e0,+3.272699E-01,+7.197000E-06,+9.910000E+37,+1.383818E+02,+3.584400E+04,+3.264034E-01,+7.197000E-06,+9.910000E+37,+1.384492E+02,+3.584400E+04,+3.274971E-01,+7.197000E-06,+9.910000E+37,+1.385146E+02,+3.584400E+04,-4.765356E-02,+0.000000E+00,+9.910000E+37,+1.385820E+02,+3.584400E+04
10:13:15,0e0,+3.594616E-01,+8.031000E-06,+9.910000E+37,+1.388027E+02,+3.584400E+04,+3.600991E-01,+8.031000E-06,+9.910000E+37,+1.388701E+02,+3.584400E+04,+3.603735E-01,+8.031000E-06,+9.910000E+37,+1.389355E+02,+3.584400E+04,-4.842779E-02,+0.000000E+00,+9.910000E+37,+1.390020E+02,+3.584400E+04
10:13:15,0e0,+3.972099E-01,+8.961500E-06,+9.910000E+37,+1.392236E+02,+3.584400E+04,+3.952501E-01,+8.961500E-06,+9.910000E+37,+1.392891E+02,+3.584400E+04,+3.953885E-01,+8.961500E-06,+9.910000E+37,+1.393555E+02,+3.584400E+04,-4.783553E-02,+0.000000E+00,+9.910000E+37,+1.394229E+02,+3.584400E+04
10:13:15,0e0,+4.346818E-01,+1.000000E-05,+9.910000E+37,+1.396406E+02,+3.584400E+04,+4.354571E-01,+1.000000E-05,+9.910000E+37,+1.397061E+02,+3.584400E+04,+4.352735E-01,+1.000000E-05,+9.910000E+37,+1.397734E+02,+3.584400E+04,-4.883759E-02,+0.000000E+00,+9.910000E+37,+1.398447E+02,+3.584400E+04
10:13:15,0e0,+4.686510E-01,+1.116000E-05,+9.910000E+37,+1.400625E+02,+3.584400E+04,+4.690151E-01,+1.116000E-05,+9.910000E+37,+1.401299E+02,+3.584400E+04,+4.677843E-01,+1.116000E-05,+9.910000E+37,+1.401953E+02,+3.584400E+04,-4.865533E-02,+0.000000E+00,+9.910000E+37,+1.402676E+02,+3.584400E+04
10:13:15,0e0,+5.165974E-01,+1.245000E-05,+9.910000E+37,+1.404854E+02,+3.584400E+04,+5.155960E-01,+1.245000E-05,+9.910000E+37,+1.405527E+02,+3.584400E+04,+5.169619E-01,+1.245000E-05,+9.910000E+37,+1.406182E+02,+3.584400E+04,-4.974830E-02,+0.000000E+00,+9.910000E+37,+1.406895E+02,+3.584400E+04
10:13:15,0e0,+5.705093E-01,+1.389500E-05,+9.910000E+37,+1.409014E+02,+3.584400E+04,+5.696457E-01,+1.389500E-05,+9.910000E+37,+1.409688E+02,+3.584400E+04,+5.702367E-01,+1.389500E-05,+9.910000E+37,+1.410342E+02,+3.584400E+04,-4.860963E-02,+0.000000E+00,+9.910000E+37,+1.411016E+02,+3.584400E+04
10:13:15,0e0,+6.282013E-01,+1.550500E-05,+9.910000E+37,+1.413184E+02,+3.584400E+04,+6.290213E-01,+1.550500E-05,+9.910000E+37,+1.413857E+02,+3.584400E+04,+6.300666E-01,+1.550500E-05,+9.910000E+37,+1.414512E+02,+3.584400E+04,-4.820007E-02,+0.000000E+00,+9.910000E+37,+1.415176E+02,+3.584400E+04
10:13:15,0e0,+6.935387E-01,+1.730000E-05,+9.910000E+37,+1.417363E+02,+3.584400E+04,+6.961359E-01,+1.730000E-05,+9.910000E+37,+1.418018E+02,+3.584400E+04,+6.959515E-01,+1.730000E-05,+9.910000E+37,+1.418682E+02,+3.584400E+04,-4.806337E-02,+0.000000E+00,+9.910000E+37,+1.419355E+02,+3.584400E+04
10:13:15,0e0,+7.687158E-01,+1.930500E-05,+9.910000E+37,+1.421494E+02,+3.584400E+04,+7.698092E-01,+1.930500E-05,+9.910000E+37,+1.422168E+02,+3.584400E+04,+7.705381E-01,+1.930500E-05,+9.910000E+37,+1.422822E+02,+3.584400E+04,-4.865533E-02,+0.000000E+00,+9.910000E+37,+1.423496E+02,+3.584400E+04
10:13:15,0e0,+8.483064E-01,+2.154500E-05,+9.910000E+37,+1.425654E+02,+3.584400E+04,+8.516343E-01,+2.154500E-05,+9.910000E+37,+1.426328E+02,+3.584400E+04,+8.541831E-01,+2.154500E-05,+9.910000E+37,+1.426982E+02,+3.584400E+04,-4.838221E-02,+0.000000E+00,+9.910000E+37,+1.427646E+02,+3.584400E+04
10:13:15,0e0,+9.401972E-01,+2.404000E-05,+9.910000E+37,+1.429824E+02,+3.584400E+04,+9.421073E-01,+2.404000E-05,+9.910000E+37,+1.430479E+02,+3.584400E+04,+9.437485E-01,+2.404000E-05,+9.910000E+37,+1.431143E+02,+3.584400E+04,-4.851873E-02,+0.000000E+00,+9.910000E+37,+1.431836E+02,+3.584400E+04
10:13:15,0e0,+1.040048E+00,+2.682500E-05,+9.910000E+37,+1.434014E+02,+3.584400E+04,+1.043875E+00,+2.682500E-05,+9.910000E+37,+1.434678E+02,+3.584400E+04,+1.045514E+00,+2.682500E-05,+9.910000E+37,+1.435342E+02,+3.584400E+04,-4.838213E-02,+0.000000E+00,+9.910000E+37,+1.436045E+02,+3.584400E+04
10:13:15,0e0,+1.153382E+00,+2.993500E-05,+9.910000E+37,+1.438184E+02,+3.584400E+04,+1.158118E+00,+2.993500E-05,+9.910000E+37,+1.438857E+02,+3.584400E+04,+1.159894E+00,+2.993500E-05,+9.910000E+37,+1.439512E+02,+3.584400E+04,-4.847343E-02,+0.000000E+00,+9.910000E+37,+1.440176E+02,+3.584400E+04
10:13:15,0e0,+1.279146E+00,+3.340500E-05,+9.910000E+37,+1.442324E+02,+3.584400E+04,+1.283879E+00,+3.340500E-05,+9.910000E+37,+1.442979E+02,+3.584400E+04,+1.286432E+00,+3.340500E-05,+9.910000E+37,+1.443652E+02,+3.584400E+04,-4.838209E-02,+0.000000E+00,+9.910000E+37,+1.444316E+02,+3.584400E+04
10:13:15,0e0,+1.419068E+00,+3.727500E-05,+9.910000E+37,+1.446475E+02,+3.584400E+04,+1.424762E+00,+3.727500E-05,+9.910000E+37,+1.447148E+02,+3.584400E+04,+1.426359E+00,+3.727500E-05,+9.910000E+37,+1.447803E+02,+3.584400E+04,-4.824574E-02,+0.000000E+00,+9.910000E+37,+1.448477E+02,+3.584400E+04
10:13:15,0e0,+1.573427E+00,+4.159500E-05,+9.910000E+37,+1.450635E+02,+3.584400E+04,+1.578343E+00,+4.159500E-05,+9.910000E+37,+1.451309E+02,+3.584400E+04,+1.582399E+00,+4.159500E-05,+9.910000E+37,+1.451963E+02,+3.584400E+04,-4.701625E-02,+0.000000E+00,+9.910000E+37,+1.452637E+02,+3.584400E+04
10:13:15,0e0,+1.745684E+00,+4.641500E-05,+9.910000E+37,+1.454795E+02,+3.584400E+04,+1.752741E+00,+4.641500E-05,+9.910000E+37,+1.455469E+02,+3.584400E+04,+1.756929E+00,+4.641500E-05,+9.910000E+37,+1.456123E+02,+3.584400E+04,-4.819998E-02,+0.000000E+00,+9.910000E+37,+1.456787E+02,+3.584400E+04
10:13:15,0e0,+1.935921E+00,+5.179500E-05,+9.910000E+37,+1.458945E+02,+3.584400E+04,+1.942109E+00,+5.179500E-05,+9.910000E+37,+1.459619E+02,+3.584400E+04,+1.948669E+00,+5.179500E-05,+9.910000E+37,+1.460273E+02,+3.584400E+04,-4.769886E-02,+0.000000E+00,+9.910000E+37,+1.460967E+02,+3.584400E+04
10:13:15,0e0,+2.146194E+00,+5.779500E-05,+9.910000E+37,+1.463164E+02,+3.584400E+04,+2.155665E+00,+5.779500E-05,+9.910000E+37,+1.463828E+02,+3.584400E+04,+2.159399E+00,+5.779500E-05,+9.910000E+37,+1.464492E+02,+3.584400E+04,-4.779026E-02,+0.000000E+00,+9.910000E+37,+1.465205E+02,+3.584400E+04
10:13:15,0e0,+2.376414E+00,+6.449500E-05,+9.910000E+37,+1.467402E+02,+3.584400E+04,+2.387795E+00,+6.449500E-05,+9.910000E+37,+1.468076E+02,+3.584400E+04,+2.392941E+00,+6.449500E-05,+9.910000E+37,+1.468740E+02,+3.584400E+04,-4.838231E-02,+0.000000E+00,+9.910000E+37,+1.469424E+02,+3.584400E+04
10:13:15,0e0,+2.631219E+00,+7.197000E-05,+9.910000E+37,+1.471631E+02,+3.584400E+04,+2.640817E+00,+7.197000E-05,+9.910000E+37,+1.472295E+02,+3.584400E+04,+2.647518E+00,+7.197000E-05,+9.910000E+37,+1.472959E+02,+3.584400E+04,-4.820018E-02,+0.000000E+00,+9.910000E+37,+1.473652E+02,+3.584400E+04
10:13:15,0e0,+2.908514E+00,+8.031000E-05,+9.910000E+37,+1.475850E+02,+3.584400E+04,+2.920488E+00,+8.031000E-05,+9.910000E+37,+1.476523E+02,+3.584400E+04,+2.926819E+00,+8.031000E-05,+9.910000E+37,+1.477188E+02,+3.584400E+04,-4.856470E-02,+0.000000E+00,+9.910000E+37,+1.477881E+02,+3.584400E+04
10:13:15,0e0,+3.211720E+00,+8.961500E-05,+9.910000E+37,+1.480020E+02,+3.584400E+04,+3.225013E+00,+8.961500E-05,+9.910000E+37,+1.480684E+02,+3.584400E+04,+3.230390E+00,+8.961500E-05,+9.910000E+37,+1.481357E+02,+3.584400E+04,-4.929338E-02,+0.000000E+00,+9.910000E+37,+1.482012E+02,+3.584400E+04
10:13:15,0e0,+3.542021E+00,+1.000000E-04,+9.910000E+37,+1.484150E+02,+3.584400E+04,+3.554269E+00,+1.000000E-04,+9.910000E+37,+1.484824E+02,+3.584400E+04,+3.559188E+00,+1.000000E-04,+9.910000E+37,+1.485488E+02,+3.584400E+04,-4.742606E-02,+0.000000E+00,+9.910000E+37,+1.486162E+02,+3.584400E+04
10:13:15,0e0,+3.886301E+00,+1.116000E-04,+9.910000E+37,+1.488340E+02,+3.584400E+04,+3.900689E+00,+1.116000E-04,+9.910000E+37,+1.489014E+02,+3.584400E+04,+3.903647E+00,+1.116000E-04,+9.910000E+37,+1.489678E+02,+3.584400E+04,-5.698781E-02,+0.000000E+00,+9.910000E+37,+1.490342E+02,+3.584400E+04
10:13:15,0e0,+4.271012E+00,+1.245000E-04,+9.910000E+37,+1.492549E+02,+3.584400E+04,+4.283075E+00,+1.245000E-04,+9.910000E+37,+1.493213E+02,+3.584400E+04,+4.285945E+00,+1.245000E-04,+9.910000E+37,+1.493887E+02,+3.584400E+04,-5.594076E-02,+0.000000E+00,+9.910000E+37,+1.494551E+02,+3.584400E+04
10:13:15,0e0,+4.687640E+00,+1.389500E-04,+9.910000E+37,+1.496758E+02,+3.584400E+04,+4.699345E+00,+1.389500E-04,+9.910000E+37,+1.497432E+02,+3.584400E+04,+4.700757E+00,+1.389500E-04,+9.910000E+37,+1.498086E+02,+3.584400E+04,-5.685155E-02,+0.000000E+00,+9.910000E+37,+1.498750E+02,+3.584400E+04
10:13:15,0e0,+5.138286E+00,+1.550500E-04,+9.910000E+37,+1.500977E+02,+3.584400E+04,+5.146207E+00,+1.550500E-04,+9.910000E+37,+1.501650E+02,+3.584400E+04,+5.146117E+00,+1.550500E-04,+9.910000E+37,+1.502314E+02,+3.584400E+04,-5.703364E-02,+0.000000E+00,+9.910000E+37,+1.502979E+02,+3.584400E+04
10:13:15,0e0,+5.622861E+00,+1.730000E-04,+9.910000E+37,+1.505186E+02,+3.584400E+04,+5.627818E+00,+1.730000E-04,+9.910000E+37,+1.505859E+02,+3.584400E+04,+5.622990E+00,+1.730000E-04,+9.910000E+37,+1.506523E+02,+3.584400E+04,-5.689710E-02,+0.000000E+00,+9.910000E+37,+1.507197E+02,+3.584400E+04
10:13:15,0e0,+6.145668E+00,+1.930500E-04,+9.910000E+37,+1.509404E+02,+3.584400E+04,+6.146216E+00,+1.930500E-04,+9.910000E+37,+1.510078E+02,+3.584400E+04,+6.137380E+00,+1.930500E-04,+9.910000E+37,+1.510742E+02,+3.584400E+04,-5.621406E-02,+0.000000E+00,+9.910000E+37,+1.511416E+02,+3.584400E+04
10:13:15,0e0,+6.711607E+00,+2.154500E-04,+9.910000E+37,+1.513652E+02,+3.584400E+04,+6.706185E+00,+2.154500E-04,+9.910000E+37,+1.514307E+02,+3.584400E+04,+6.690067E+00,+2.154500E-04,+9.910000E+37,+1.514980E+02,+3.584400E+04,-5.653270E-02,+0.000000E+00,+9.910000E+37,+1.515635E+02,+3.584400E+04
10:13:15,0e0,+7.318551E+00,+2.404000E-04,+9.910000E+37,+1.517832E+02,+3.584400E+04,+7.305451E+00,+2.404000E-04,+9.910000E+37,+1.518506E+02,+3.584400E+04,+7.283959E+00,+2.404000E-04,+9.910000E+37,+1.519170E+02,+3.584400E+04,-5.680594E-02,+0.000000E+00,+9.910000E+37,+1.519834E+02,+3.584400E+04
10:13:15,0e0,+7.977659E+00,+2.682500E-04,+9.910000E+37,+1.522070E+02,+3.584400E+04,+7.951612E+00,+2.682500E-04,+9.910000E+37,+1.522725E+02,+3.584400E+04,+7.923659E+00,+2.682500E-04,+9.910000E+37,+1.523398E+02,+3.584400E+04,-5.671519E-02,+0.000000E+00,+9.910000E+37,+1.524053E+02,+3.584400E+04
10:13:15,0e0,+8.690032E+00,+2.993500E-04,+9.910000E+37,+1.526270E+02,+3.584400E+04,+8.651011E+00,+2.993500E-04,+9.910000E+37,+1.526934E+02,+3.584400E+04,+8.611792E+00,+2.993500E-04,+9.910000E+37,+1.527607E+02,+3.584400E+04,-5.730700E-02,+0.000000E+00,+9.910000E+37,+1.528262E+02,+3.584400E+04
10:13:15,0e0,+9.461030E+00,+3.340500E-04,+9.910000E+37,+1.530537E+02,+3.584400E+04,+9.402569E+00,+3.340500E-04,+9.910000E+37,+1.531191E+02,+3.584400E+04,+9.354497E+00,+3.340500E-04,+9.910000E+37,+1.531865E+02,+3.584400E+04,-5.803569E-02,+0.000000E+00,+9.910000E+37,+1.532520E+02,+3.584400E+04
10:13:15,0e0,+1.029480E+01,+3.727500E-04,+9.910000E+37,+1.534746E+02,+3.584400E+04,+1.021467E+01,+3.727500E-04,+9.910000E+37,+1.535410E+02,+3.584400E+04,+1.015484E+01,+3.727500E-04,+9.910000E+37,+1.536074E+02,+3.584400E+04,-5.603209E-02,+0.000000E+00,+9.910000E+37,+1.536748E+02,+3.584400E+04
10:13:15,0e0,+1.120283E+01,+4.159500E-04,+9.910000E+37,+1.539004E+02,+3.584400E+04,+1.109547E+01,+4.159500E-04,+9.910000E+37,+1.539678E+02,+3.584400E+04,+1.101864E+01,+4.159500E-04,+9.910000E+37,+1.540332E+02,+3.584400E+04,-5.666961E-02,+0.000000E+00,+9.910000E+37,+1.541006E+02,+3.584400E+04
10:13:15,0e0,+1.218339E+01,+4.641500E-04,+9.910000E+37,+1.543213E+02,+3.584400E+04,+1.204446E+01,+4.641500E-04,+9.910000E+37,+1.543877E+02,+3.584400E+04,+1.195384E+01,+4.641500E-04,+9.910000E+37,+1.544541E+02,+3.584400E+04,-5.616860E-02,+0.000000E+00,+9.910000E+37,+1.545205E+02,+3.584400E+04
10:13:15,0e0,+1.326013E+01,+5.179500E-04,+9.910000E+37,+1.547480E+02,+3.584400E+04,+1.308055E+01,+5.179500E-04,+9.910000E+37,+1.548154E+02,+3.584400E+04,+1.296758E+01,+5.179500E-04,+9.910000E+37,+1.548809E+02,+3.584400E+04,-5.548568E-02,+0.000000E+00,+9.910000E+37,+1.549473E+02,+3.584400E+04
10:13:15,0e0,+1.441791E+01,+5.779500E-04,+9.910000E+37,+1.551670E+02,+3.584400E+04,+1.419597E+01,+5.779500E-04,+9.910000E+37,+1.552344E+02,+3.584400E+04,+1.406101E+01,+5.779500E-04,+9.910000E+37,+1.553008E+02,+3.584400E+04,-5.553114E-02,+0.000000E+00,+9.910000E+37,+1.553672E+02,+3.584400E+04
10:13:15,0e0,+1.568933E+01,+6.449500E-04,+9.910000E+37,+1.555898E+02,+3.584400E+04,+1.540946E+01,+6.449500E-04,+9.910000E+37,+1.556553E+02,+3.584400E+04,+1.524830E+01,+6.449500E-04,+9.910000E+37,+1.557227E+02,+3.584400E+04,-5.621406E-02,+0.000000E+00,+9.910000E+37,+1.557881E+02,+3.584400E+04
10:13:15,0e0,+1.707154E+01,+7.197000E-04,+9.910000E+37,+1.560107E+02,+3.584400E+04,+1.672617E+01,+7.197000E-04,+9.910000E+37,+1.560762E+02,+3.584400E+04,+1.653493E+01,+7.197000E-04,+9.910000E+37,+1.561436E+02,+3.584400E+04,-5.498470E-02,+0.000000E+00,+9.910000E+37,+1.562100E+02,+3.584400E+04
10:13:15,0e0,+1.857688E+01,+8.031000E-04,+9.910000E+37,+1.564316E+02,+3.584400E+04,+1.815407E+01,+8.031000E-04,+9.910000E+37,+1.564990E+02,+3.584400E+04,+1.792817E+01,+8.031000E-04,+9.910000E+37,+1.565645E+02,+3.584400E+04,-5.566782E-02,+0.000000E+00,+9.910000E+37,+1.566309E+02,+3.584400E+04
10:13:15,0e0,+2.022268E+01,+8.961500E-04,+9.910000E+37,+1.568564E+02,+3.584400E+04,+1.970379E+01,+8.961500E-04,+9.910000E+37,+1.569229E+02,+3.584400E+04,+1.943600E+01,+8.961500E-04,+9.910000E+37,+1.569902E+02,+3.584400E+04,-5.521239E-02,+0.000000E+00,+9.910000E+37,+1.570557E+02,+3.584400E+04
10:13:15,0e0,+2.197693E+01,+1.000000E-03,+9.910000E+37,+1.572676E+02,+3.584400E+04,+2.133352E+01,+1.000000E-03,+9.910000E+37,+1.573389E+02,+3.584400E+04,+2.104380E+01,+1.000000E-03,+9.910000E+37,+1.574062E+02,+3.584400E+04,-5.380088E-02,+0.000000E+00,+9.910000E+37,+1.574727E+02,+3.584400E+04
10:13:15,0e0,+2.394676E+01,+1.116000E-03,+9.910000E+37,+1.577148E+02,+3.584400E+04,+2.316973E+01,+1.116000E-03,+9.910000E+37,+1.577822E+02,+3.584400E+04,+2.280036E+01,+1.116000E-03,+9.910000E+37,+1.578477E+02,+3.584400E+04,-5.362471E-01,+0.000000E+00,+9.910000E+37,+1.579141E+02,+3.584400E+04
10:13:15,0e0,+2.599422E+01,+1.245000E-03,+9.910000E+37,+1.581377E+02,+3.584400E+04,+2.508923E+01,+1.245000E-03,+9.910000E+37,+1.582041E+02,+3.584400E+04,+2.466806E+01,+1.245000E-03,+9.910000E+37,+1.582705E+02,+3.584400E+04,-5.225863E-01,+0.000000E+00,+9.910000E+37,+1.583369E+02,+3.584400E+04
10:13:15,0e0,+2.822407E+01,+1.389500E-03,+9.910000E+37,+1.585586E+02,+3.584400E+04,+2.714818E+01,+1.389500E-03,+9.910000E+37,+1.586260E+02,+3.584400E+04,+2.666535E+01,+1.389500E-03,+9.910000E+37,+1.586914E+02,+3.584400E+04,-4.931239E-01,+0.000000E+00,+9.910000E+37,+1.587598E+02,+3.584400E+04
10:13:15,0e0,+3.063363E+01,+1.550500E-03,+9.910000E+37,+1.589863E+02,+3.584400E+04,+2.935267E+01,+1.550500E-03,+9.910000E+37,+1.590537E+02,+3.584400E+04,+2.879052E+01,+1.550500E-03,+9.910000E+37,+1.591191E+02,+3.584400E+04,-4.770953E-01,+0.000000E+00,+9.910000E+37,+1.591855E+02,+3.584400E+04
10:13:15,0e0,+3.313201E+01,+1.730000E-03,+9.910000E+37,+1.594062E+02,+3.584400E+04,+3.163526E+01,+1.730000E-03,+9.910000E+37,+1.594727E+02,+3.584400E+04,+3.099693E+01,+1.730000E-03,+9.910000E+37,+1.595400E+02,+3.584400E+04,-4.587442E-01,+0.000000E+00,+9.910000E+37,+1.596055E+02,+3.584400E+04
10:13:15,0e0,+3.576927E+01,+1.930500E-03,+9.910000E+37,+1.598281E+02,+3.584400E+04,+3.401995E+01,+1.930500E-03,+9.910000E+37,+1.598955E+02,+3.584400E+04,+3.329195E+01,+1.930500E-03,+9.910000E+37,+1.599609E+02,+3.584400E+04,-4.258216E-01,+0.000000E+00,+9.910000E+37,+1.600283E+02,+3.584400E+04
10:13:15,0e0,+3.848507E+01,+2.154500E-03,+9.910000E+37,+1.602500E+02,+3.584400E+04,+3.646893E+01,+2.154500E-03,+9.910000E+37,+1.603154E+02,+3.584400E+04,+3.564264E+01,+2.154500E-03,+9.910000E+37,+1.603828E+02,+3.584400E+04,-3.908954E-01,+0.000000E+00,+9.910000E+37,+1.604492E+02,+3.584400E+04
10:13:15,0e0,+4.123479E+01,+2.404000E-03,+9.910000E+37,+1.606699E+02,+3.584400E+04,+3.892783E+01,+2.404000E-03,+9.910000E+37,+1.607373E+02,+3.584400E+04,+3.799863E+01,+2.404000E-03,+9.910000E+37,+1.608027E+02,+3.584400E+04,-3.584280E-01,+0.000000E+00,+9.910000E+37,+1.608691E+02,+3.584400E+04
10:13:15,0e0,+4.399810E+01,+2.682500E-03,+9.910000E+37,+1.610928E+02,+3.584400E+04,+4.137323E+01,+2.682500E-03,+9.910000E+37,+1.611582E+02,+3.584400E+04,+4.033125E+01,+2.682500E-03,+9.910000E+37,+1.612246E+02,+3.584400E+04,-3.221811E-01,+0.000000E+00,+9.910000E+37,+1.612920E+02,+3.584400E+04
10:13:15,0e0,+4.665089E+01,+2.993500E-03,+9.910000E+37,+1.615098E+02,+3.584400E+04,+4.373074E+01,+2.993500E-03,+9.910000E+37,+1.615762E+02,+3.584400E+04,+4.257434E+01,+2.993500E-03,+9.910000E+37,+1.616436E+02,+3.584400E+04,-2.863896E-01,+0.000000E+00,+9.910000E+37,+1.617100E+02,+3.584400E+04
10:13:15,0e0,+4.923177E+01,+3.340500E-03,+9.910000E+37,+1.619365E+02,+3.584400E+04,+4.598363E+01,+3.340500E-03,+9.910000E+37,+1.620039E+02,+3.584400E+04,+4.470732E+01,+3.340500E-03,+9.910000E+37,+1.620693E+02,+3.584400E+04,-2.534213E-01,+0.000000E+00,+9.910000E+37,+1.621367E+02,+3.584400E+04
10:13:15,0e0,+5.153841E+01,+3.727500E-03,+9.910000E+37,+1.623574E+02,+3.584400E+04,+4.804002E+01,+3.727500E-03,+9.910000E+37,+1.624238E+02,+3.584400E+04,+4.663946E+01,+3.727500E-03,+9.910000E+37,+1.624912E+02,+3.584400E+04,-2.283309E-01,+0.000000E+00,+9.910000E+37,+1.625566E+02,+3.584400E+04
10:13:15,0e0,+5.360130E+01,+4.159500E-03,+9.910000E+37,+1.627773E+02,+3.584400E+04,+4.987027E+01,+4.159500E-03,+9.910000E+37,+1.628428E+02,+3.584400E+04,+4.834734E+01,+4.159500E-03,+9.910000E+37,+1.629102E+02,+3.584400E+04,-2.039246E-01,+0.000000E+00,+9.910000E+37,+1.629775E+02,+3.584400E+04
10:13:15,0e0,+5.536626E+01,+4.641500E-03,+9.910000E+37,+1.631973E+02,+3.584400E+04,+5.143894E+01,+4.641500E-03,+9.910000E+37,+1.632637E+02,+3.584400E+04,+4.979272E+01,+4.641500E-03,+9.910000E+37,+1.633301E+02,+3.584400E+04,-1.780161E-01,+0.000000E+00,+9.910000E+37,+1.633975E+02,+3.584400E+04
10:13:15,0e0,+5.681671E+01,+5.179500E-03,+9.910000E+37,+1.636191E+02,+3.584400E+04,+5.272469E+01,+5.179500E-03,+9.910000E+37,+1.636865E+02,+3.584400E+04,+5.095025E+01,+5.179500E-03,+9.910000E+37,+1.637520E+02,+3.584400E+04,-1.612143E-01,+0.000000E+00,+9.910000E+37,+1.638184E+02,+3.584400E+04
10:13:15,0e0,+5.788262E+01,+5.779500E-03,+9.910000E+37,+1.640381E+02,+3.584400E+04,+5.367806E+01,+5.779500E-03,+9.910000E+37,+1.641045E+02,+3.584400E+04,+5.176563E+01,+5.779500E-03,+9.910000E+37,+1.641719E+02,+3.584400E+04,-1.386295E-01,+0.000000E+00,+9.910000E+37,+1.642373E+02,+3.584400E+04
10:13:15,0e0,+5.862669E+01,+6.449500E-03,+9.910000E+37,+1.644600E+02,+3.584400E+04,+5.433303E+01,+6.449500E-03,+9.910000E+37,+1.645264E+02,+3.584400E+04,+5.229493E+01,+6.449500E-03,+9.910000E+37,+1.645928E+02,+3.584400E+04,-1.228295E-01,+0.000000E+00,+9.910000E+37,+1.646592E+02,+3.584400E+04
10:13:15,0e0,+5.901907E+01,+7.197000E-03,+9.910000E+37,+1.648818E+02,+3.584400E+04,+5.466450E+01,+7.197000E-03,+9.910000E+37,+1.649473E+02,+3.584400E+04,+5.248550E+01,+7.197000E-03,+9.910000E+37,+1.650146E+02,+3.584400E+04,-1.075303E-01,+0.000000E+00,+9.910000E+37,+1.650811E+02,+3.584400E+04
10:13:15,0e0,+5.905887E+01,+8.031000E-03,+9.910000E+37,+1.653018E+02,+3.584400E+04,+5.466208E+01,+8.031000E-03,+9.910000E+37,+1.653672E+02,+3.584400E+04,+5.234876E+01,+8.031000E-03,+9.910000E+37,+1.654346E+02,+3.584400E+04,-9.623823E-02,+0.000000E+00,+9.910000E+37,+1.655000E+02,+3.584400E+04
10:13:15,0e0,+5.883011E+01,+8.961500E-03,+9.910000E+37,+1.657217E+02,+3.584400E+04,+5.435881E+01,+8.961500E-03,+9.910000E+37,+1.657881E+02,+3.584400E+04,+5.189662E+01,+8.961500E-03,+9.910000E+37,+1.658555E+02,+3.584400E+04,-8.758684E-02,+0.000000E+00,+9.910000E+37,+1.659238E+02,+3.584400E+04
