10:30:04,0e0,+8.229613E-04,+1.000000E-07,+9.910000E+37,+1.120594E+03,+3.584400E+04,+7.320344E-04,+1.000000E-07,+9.910000E+37,+1.120661E+03,+3.584400E+04,+1.778901E-03,+1.000000E-07,+9.910000E+37,+1.120728E+03,+3.584400E+04,-6.826356E-03,+0.000000E+00,+9.910000E+37,+1.120795E+03,+3.584400E+04
10:30:04,0e0,+3.008127E-03,+1.116000E-07,+9.910000E+37,+1.121018E+03,+3.584400E+04,+2.006903E-03,+1.116000E-07,+9.910000E+37,+1.121084E+03,+3.584400E+04,+1.141354E-03,+1.116000E-07,+9.910000E+37,+1.121151E+03,+3.584400E+04,-7.509306E-03,+0.000000E+00,+9.910000E+37,+1.121219E+03,+3.584400E+04
10:30:04,0e0,+3.236011E-03,+1.245000E-07,+9.910000E+37,+1.121441E+03,+3.584400E+04,+2.553195E-03,+1.245000E-07,+9.910000E+37,+1.121509E+03,+3.584400E+04,+2.917051E-03,+1.245000E-07,+9.910000E+37,+1.121576E+03,+3.584400E+04,-8.192092E-03,+0.000000E+00,+9.910000E+37,+1.121644E+03,+3.584400E+04
10:30:04,0e0,+4.282847E-03,+1.389500E-07,+9.910000E+37,+1.121863E+03,+3.584400E+04,+4.146338E-03,+1.389500E-07,+9.910000E+37,+1.121930E+03,+3.584400E+04,+4.328564E-03,+1.389500E-07,+9.910000E+37,+1.121996E+03,+3.584400E+04,-8.328468E-03,+0.000000E+00,+9.910000E+37,+1.122063E+03,+3.584400E+04
10:30:04,0e0,+5.967513E-03,+1.550500E-07,+9.910000E+37,+1.122284E+03,+3.584400E+04,+6.013066E-03,+1.550500E-07,+9.910000E+37,+1.122353E+03,+3.584400E+04,+4.419401E-03,+1.550500E-07,+9.910000E+37,+1.122420E+03,+3.584400E+04,-8.192256E-03,+0.000000E+00,+9.910000E+37,+1.122486E+03,+3.584400E+04
10:30:04,0e0,+6.969094E-03,+1.730000E-07,+9.910000E+37,+1.122710E+03,+3.584400E+04,+7.105947E-03,+1.730000E-07,+9.910000E+37,+1.122777E+03,+3.584400E+04,+8.471712E-03,+1.730000E-07,+9.910000E+37,+1.122844E+03,+3.584400E+04,-8.647487E-03,+0.000000E+00,+9.910000E+37,+1.122910E+03,+3.584400E+04
10:30:04,0e0,+8.699343E-03,+1.930500E-07,+9.910000E+37,+1.123135E+03,+3.584400E+04,+9.154603E-03,+1.930500E-07,+9.910000E+37,+1.123201E+03,+3.584400E+04,+8.608043E-03,+1.930500E-07,+9.910000E+37,+1.123268E+03,+3.584400E+04,-8.647546E-03,+0.000000E+00,+9.910000E+37,+1.123335E+03,+3.584400E+04
10:30:04,0e0,+1.143120E-02,+2.154500E-07,+9.910000E+37,+1.123560E+03,+3.584400E+04,+1.052006E-02,+2.154500E-07,+9.910000E+37,+1.123625E+03,+3.584400E+04,+1.015651E-02,+2.154500E-07,+9.910000E+37,+1.123691E+03,+3.584400E+04,-8.920714E-03,+0.000000E+00,+9.910000E+37,+1.123759E+03,+3.584400E+04
10:30:04,0e0,+1.443632E-02,+2.404000E-07,+9.910000E+37,+1.123979E+03,+3.584400E+04,+1.357116E-02,+2.404000E-07,+9.910000E+37,+1.124047E+03,+3.584400E+04,+1.302466E-02,+2.404000E-07,+9.910000E+37,+1.124112E+03,+3.584400E+04,-1.019570E-02,+0.000000E+00,+9.910000E+37,+1.124179E+03,+3.584400E+04
10:30:04,0e0,+1.520994E-02,+2.682500E-07,+9.910000E+37,+1.124397E+03,+3.584400E+04,+1.602976E-02,+2.682500E-07,+9.910000E+37,+1.124464E+03,+3.584400E+04,+1.575652E-02,+2.682500E-07,+9.910000E+37,+1.124530E+03,+3.584400E+04,-8.738473E-03,+0.000000E+00,+9.910000E+37,+1.124598E+03,+3.584400E+04
10:30:04,0e0,+1.930806E-02,+2.993500E-07,+9.910000E+37,+1.124825E+03,+3.584400E+04,+1.949009E-02,+2.993500E-07,+9.910000E+37,+1.124891E+03,+3.584400E+04,+1.857959E-02,+2.993500E-07,+9.910000E+37,+1.124957E+03,+3.584400E+04,-8.465499E-03,+0.000000E+00,+9.910000E+37,+1.125023E+03,+3.584400E+04
10:30:04,0e0,+2.295014E-02,+3.340500E-07,+9.910000E+37,+1.125250E+03,+3.584400E+04,+2.131118E-02,+3.340500E-07,+9.910000E+37,+1.125315E+03,+3.584400E+04,+2.304101E-02,+3.340500E-07,+9.910000E+37,+1.125382E+03,+3.584400E+04,-8.693114E-03,+0.000000E+00,+9.910000E+37,+1.125449E+03,+3.584400E+04
10:30:04,0e0,+2.550003E-02,+3.727500E-07,+9.910000E+37,+1.125672E+03,+3.584400E+04,+2.536334E-02,+3.727500E-07,+9.910000E+37,+1.125739E+03,+3.584400E+04,+2.572756E-02,+3.727500E-07,+9.910000E+37,+1.125806E+03,+3.584400E+04,-8.920297E-03,+0.000000E+00,+9.910000E+37,+1.125871E+03,+3.584400E+04
10:30:04,0e0,+2.936986E-02,+4.159500E-07,+9.910000E+37,+1.126092E+03,+3.584400E+04,+2.873227E-02,+4.159500E-07,+9.910000E+37,+1.126158E+03,+3.584400E+04,+2.955252E-02,+4.159500E-07,+9.910000E+37,+1.126225E+03,+3.584400E+04,-8.738756E-03,+0.000000E+00,+9.910000E+37,+1.126292E+03,+3.584400E+04
10:30:04,0e0,+3.378642E-02,+4.641500E-07,+9.910000E+37,+1.126518E+03,+3.584400E+04,+3.469706E-02,+4.641500E-07,+9.910000E+37,+1.126583E+03,+3.584400E+04,+3.392303E-02,+4.641500E-07,+9.910000E+37,+1.126649E+03,+3.584400E+04,-1.015034E-02,+0.000000E+00,+9.910000E+37,+1.126717E+03,+3.584400E+04
10:30:04,0e0,+3.761080E-02,+5.179500E-07,+9.910000E+37,+1.126938E+03,+3.584400E+04,+3.874931E-02,+5.179500E-07,+9.910000E+37,+1.127004E+03,+3.584400E+04,+3.952315E-02,+5.179500E-07,+9.910000E+37,+1.127070E+03,+3.584400E+04,-9.922653E-03,+0.000000E+00,+9.910000E+37,+1.127137E+03,+3.584400E+04
10:30:04,0e0,+4.489559E-02,+5.779500E-07,+9.910000E+37,+1.127363E+03,+3.584400E+04,+4.421264E-02,+5.779500E-07,+9.910000E+37,+1.127430E+03,+3.584400E+04,+4.471371E-02,+5.779500E-07,+9.910000E+37,+1.127496E+03,+3.584400E+04,-8.055717E-03,+0.000000E+00,+9.910000E+37,+1.127563E+03,+3.584400E+04
10:30:04,0e0,+4.972193E-02,+6.449500E-07,+9.910000E+37,+1.127782E+03,+3.584400E+04,+5.131543E-02,+6.449500E-07,+9.910000E+37,+1.127850E+03,+3.584400E+04,+5.095106E-02,+6.449500E-07,+9.910000E+37,+1.127915E+03,+3.584400E+04,-8.556664E-03,+0.000000E+00,+9.910000E+37,+1.127981E+03,+3.584400E+04
10:30:04,0e0,+5.700666E-02,+7.197000E-07,+9.910000E+37,+1.128209E+03,+3.584400E+04,+5.764398E-02,+7.197000E-07,+9.910000E+37,+1.128274E+03,+3.584400E+04,+5.677927E-02,+7.197000E-07,+9.910000E+37,+1.128341E+03,+3.584400E+04,-8.465335E-03,+0.000000E+00,+9.910000E+37,+1.128407E+03,+3.584400E+04
10:30:04,0e0,+6.470126E-02,+8.031000E-07,+9.910000E+37,+1.128627E+03,+3.584400E+04,+6.492886E-02,+8.031000E-07,+9.910000E+37,+1.128693E+03,+3.584400E+04,+6.461021E-02,+8.031000E-07,+9.910000E+37,+1.128760E+03,+3.584400E+04,-8.602276E-03,+0.000000E+00,+9.910000E+37,+1.128827E+03,+3.584400E+04
10:30:04,0e0,+7.312411E-02,+8.961500E-07,+9.910000E+37,+1.129046E+03,+3.584400E+04,+7.271460E-02,+8.961500E-07,+9.910000E+37,+1.129112E+03,+3.584400E+04,+7.330626E-02,+8.961500E-07,+9.910000E+37,+1.129180E+03,+3.584400E+04,-9.194449E-03,+0.000000E+00,+9.910000E+37,+1.129246E+03,+3.584400E+04
10:30:04,0e0,+8.213916E-02,+1.000000E-06,+9.910000E+37,+1.129469E+03,+3.584400E+04,+8.127403E-02,+1.000000E-06,+9.910000E+37,+1.129535E+03,+3.584400E+04,+8.309522E-02,+1.000000E-06,+9.910000E+37,+1.129601E+03,+3.584400E+04,-8.602157E-03,+0.000000E+00,+9.910000E+37,+1.129667E+03,+3.584400E+04
10:30:04,0e0,+8.068255E-02,+1.116000E-06,+9.910000E+37,+1.129895E+03,+3.584400E+04,+8.063683E-02,+1.116000E-06,+9.910000E+37,+1.129962E+03,+3.584400E+04,+8.018130E-02,+1.116000E-06,+9.910000E+37,+1.130029E+03,+3.584400E+04,-8.192465E-03,+0.000000E+00,+9.910000E+37,+1.130095E+03,+3.584400E+04
10:30:04,0e0,+9.042576E-02,+1.245000E-06,+9.910000E+37,+1.130313E+03,+3.584400E+04,+9.302077E-02,+1.245000E-06,+9.910000E+37,+1.130380E+03,+3.584400E+04,+9.056219E-02,+1.245000E-06,+9.910000E+37,+1.130447E+03,+3.584400E+04,-9.786114E-03,+0.000000E+00,+9.910000E+37,+1.130515E+03,+3.584400E+04
10:30:04,0e0,+1.019901E-01,+1.389500E-06,+9.910000E+37,+1.130734E+03,+3.584400E+04,+1.026276E-01,+1.389500E-06,+9.910000E+37,+1.130802E+03,+3.584400E+04,+1.025821E-01,+1.389500E-06,+9.910000E+37,+1.130867E+03,+3.584400E+04,-8.283421E-03,+0.000000E+00,+9.910000E+37,+1.130934E+03,+3.584400E+04
10:30:04,0e0,+1.152850E-01,+1.550500E-06,+9.910000E+37,+1.131154E+03,+3.584400E+04,+1.150123E-01,+1.550500E-06,+9.910000E+37,+1.131222E+03,+3.584400E+04,+1.153754E-01,+1.550500E-06,+9.910000E+37,+1.131287E+03,+3.584400E+04,-6.917581E-03,+0.000000E+00,+9.910000E+37,+1.131354E+03,+3.584400E+04
10:30:04,0e0,+1.296268E-01,+1.730000E-06,+9.910000E+37,+1.131574E+03,+3.584400E+04,+1.294900E-01,+1.730000E-06,+9.910000E+37,+1.131641E+03,+3.584400E+04,+1.287620E-01,+1.730000E-06,+9.910000E+37,+1.131707E+03,+3.584400E+04,-7.782146E-03,+0.000000E+00,+9.910000E+37,+1.131774E+03,+3.584400E+04
10:30:04,0e0,+1.433767E-01,+1.930500E-06,+9.910000E+37,+1.131992E+03,+3.584400E+04,+1.452895E-01,+1.930500E-06,+9.910000E+37,+1.132059E+03,+3.584400E+04,+1.452894E-01,+1.930500E-06,+9.910000E+37,+1.132126E+03,+3.584400E+04,-8.556724E-03,+0.000000E+00,+9.910000E+37,+1.132191E+03,+3.584400E+04
10:30:04,0e0,+1.619985E-01,+2.154500E-06,+9.910000E+37,+1.132426E+03,+3.584400E+04,+1.618173E-01,+2.154500E-06,+9.910000E+37,+1.132491E+03,+3.584400E+04,+1.615890E-01,+2.154500E-06,+9.910000E+37,+1.132558E+03,+3.584400E+04,-7.054165E-03,+0.000000E+00,+9.910000E+37,+1.132625E+03,+3.584400E+04
10:30:04,0e0,+1.805293E-01,+2.404000E-06,+9.910000E+37,+1.132845E+03,+3.584400E+04,+1.819418E-01,+2.404000E-06,+9.910000E+37,+1.132912E+03,+3.584400E+04,+1.817586E-01,+2.404000E-06,+9.910000E+37,+1.132978E+03,+3.584400E+04,-9.148583E-03,+0.000000E+00,+9.910000E+37,+1.133044E+03,+3.584400E+04
10:30:04,0e0,+2.036132E-01,+2.682500E-06,+9.910000E+37,+1.133265E+03,+3.584400E+04,+2.017459E-01,+2.682500E-06,+9.910000E+37,+1.133330E+03,+3.584400E+04,+2.035216E-01,+2.682500E-06,+9.910000E+37,+1.133397E+03,+3.584400E+04,-7.509455E-03,+0.000000E+00,+9.910000E+37,+1.133465E+03,+3.584400E+04
10:30:04,0e0,+2.276986E-01,+2.993500E-06,+9.910000E+37,+1.133687E+03,+3.584400E+04,+2.276528E-01,+2.993500E-06,+9.910000E+37,+1.133752E+03,+3.584400E+04,+2.279262E-01,+2.993500E-06,+9.910000E+37,+1.133818E+03,+3.584400E+04,-7.828176E-03,+0.000000E+00,+9.910000E+37,+1.133885E+03,+3.584400E+04
10:30:04,0e0,+2.544704E-01,+3.340500E-06,+9.910000E+37,+1.134111E+03,+3.584400E+04,+2.553804E-01,+3.340500E-06,+9.910000E+37,+1.134179E+03,+3.584400E+04,+2.541974E-01,+3.340500E-06,+9.910000E+37,+1.134244E+03,+3.584400E+04,-6.917626E-03,+0.000000E+00,+9.910000E+37,+1.134311E+03,+3.584400E+04
10:30:04,0e0,+2.837915E-01,+3.727500E-06,+9.910000E+37,+1.134536E+03,+3.584400E+04,+2.842465E-01,+3.727500E-06,+9.910000E+37,+1.134604E+03,+3.584400E+04,+2.839739E-01,+3.727500E-06,+9.910000E+37,+1.134669E+03,+3.584400E+04,-7.782325E-03,+0.000000E+00,+9.910000E+37,+1.134735E+03,+3.584400E+04
10:30:04,0e0,+3.171195E-01,+4.159500E-06,+9.910000E+37,+1.134961E+03,+3.584400E+04,+3.164364E-01,+4.159500E-06,+9.910000E+37,+1.135027E+03,+3.584400E+04,+3.173931E-01,+4.159500E-06,+9.910000E+37,+1.135094E+03,+3.584400E+04,-8.055851E-03,+0.000000E+00,+9.910000E+37,+1.135161E+03,+3.584400E+04
10:30:04,0e0,+3.537713E-01,+4.641500E-06,+9.910000E+37,+1.135385E+03,+3.584400E+04,+3.534977E-01,+4.641500E-06,+9.910000E+37,+1.135452E+03,+3.584400E+04,+3.527245E-01,+4.641500E-06,+9.910000E+37,+1.135518E+03,+3.584400E+04,-8.465260E-03,+0.000000E+00,+9.910000E+37,+1.135585E+03,+3.584400E+04
10:30:04,0e0,+3.943845E-01,+5.179500E-06,+9.910000E+37,+1.135805E+03,+3.584400E+04,+3.942024E-01,+5.179500E-06,+9.910000E+37,+1.135871E+03,+3.584400E+04,+3.950213E-01,+5.179500E-06,+9.910000E+37,+1.135938E+03,+3.584400E+04,-8.875385E-03,+0.000000E+00,+9.910000E+37,+1.136005E+03,+3.584400E+04
10:30:04,0e0,+4.415539E-01,+5.779500E-06,+9.910000E+37,+1.136225E+03,+3.584400E+04,+4.404604E-01,+5.779500E-06,+9.910000E+37,+1.136292E+03,+3.584400E+04,+4.409615E-01,+5.779500E-06,+9.910000E+37,+1.136357E+03,+3.584400E+04,-8.146778E-03,+0.000000E+00,+9.910000E+37,+1.136424E+03,+3.584400E+04
10:30:04,0e0,+4.909518E-01,+6.449500E-06,+9.910000E+37,+1.136650E+03,+3.584400E+04,+4.925016E-01,+6.449500E-06,+9.910000E+37,+1.136717E+03,+3.584400E+04,+4.929564E-01,+6.449500E-06,+9.910000E+37,+1.136784E+03,+3.584400E+04,-8.693278E-03,+0.000000E+00,+9.910000E+37,+1.136852E+03,+3.584400E+04
10:30:04,0e0,+5.486855E-01,+7.197000E-06,+9.910000E+37,+1.137072E+03,+3.584400E+04,+5.498692E-01,+7.197000E-06,+9.910000E+37,+1.137139E+03,+3.584400E+04,+5.501416E-01,+7.197000E-06,+9.910000E+37,+1.137206E+03,+3.584400E+04,-7.873610E-03,+0.000000E+00,+9.910000E+37,+1.137271E+03,+3.584400E+04
10:30:04,0e0,+6.150675E-01,+8.031000E-06,+9.910000E+37,+1.137491E+03,+3.584400E+04,+6.147047E-01,+8.031000E-06,+9.910000E+37,+1.137558E+03,+3.584400E+04,+6.151590E-01,+8.031000E-06,+9.910000E+37,+1.137625E+03,+3.584400E+04,-8.830324E-03,+0.000000E+00,+9.910000E+37,+1.137690E+03,+3.584400E+04
10:30:04,0e0,+6.891446E-01,+8.961500E-06,+9.910000E+37,+1.137918E+03,+3.584400E+04,+6.901003E-01,+8.961500E-06,+9.910000E+37,+1.137983E+03,+3.584400E+04,+6.887344E-01,+8.961500E-06,+9.910000E+37,+1.138050E+03,+3.584400E+04,-6.143495E-03,+0.000000E+00,+9.910000E+37,+1.138116E+03,+3.584400E+04
10:30:04,0e0,+7.698689E-01,+1.000000E-05,+9.910000E+37,+1.138338E+03,+3.584400E+04,+7.711446E-01,+1.000000E-05,+9.910000E+37,+1.138404E+03,+3.584400E+04,+7.705978E-01,+1.000000E-05,+9.910000E+37,+1.138471E+03,+3.584400E+04,-7.964686E-03,+0.000000E+00,+9.910000E+37,+1.138537E+03,+3.584400E+04
10:30:04,0e0,+8.488182E-01,+1.116000E-05,+9.910000E+37,+1.138755E+03,+3.584400E+04,+8.491828E-01,+1.116000E-05,+9.910000E+37,+1.138821E+03,+3.584400E+04,+8.496834E-01,+1.116000E-05,+9.910000E+37,+1.138889E+03,+3.584400E+04,-7.873863E-03,+0.000000E+00,+9.910000E+37,+1.138959E+03,+3.584400E+04
10:30:04,0e0,+9.510337E-01,+1.245000E-05,+9.910000E+37,+1.139172E+03,+3.584400E+04,+9.503959E-01,+1.245000E-05,+9.910000E+37,+1.139237E+03,+3.584400E+04,+9.518989E-01,+1.245000E-05,+9.910000E+37,+1.139304E+03,+3.584400E+04,-9.285420E-03,+0.000000E+00,+9.910000E+37,+1.139370E+03,+3.584400E+04
10:30:04,0e0,+1.065176E+00,+1.389500E-05,+9.910000E+37,+1.139579E+03,+3.584400E+04,+1.066313E+00,+1.389500E-05,+9.910000E+37,+1.139646E+03,+3.584400E+04,+1.065541E+00,+1.389500E-05,+9.910000E+37,+1.139712E+03,+3.584400E+04,-8.511186E-03,+0.000000E+00,+9.910000E+37,+1.139779E+03,+3.584400E+04
10:30:04,0e0,+1.197440E+00,+1.550500E-05,+9.910000E+37,+1.139994E+03,+3.584400E+04,+1.198762E+00,+1.550500E-05,+9.910000E+37,+1.140061E+03,+3.584400E+04,+1.198124E+00,+1.550500E-05,+9.910000E+37,+1.140128E+03,+3.584400E+04,-7.964909E-03,+0.000000E+00,+9.910000E+37,+1.140193E+03,+3.584400E+04
10:30:04,0e0,+1.344412E+00,+1.730000E-05,+9.910000E+37,+1.140409E+03,+3.584400E+04,+1.345505E+00,+1.730000E-05,+9.910000E+37,+1.140475E+03,+3.584400E+04,+1.344777E+00,+1.730000E-05,+9.910000E+37,+1.140541E+03,+3.584400E+04,-8.237928E-03,+0.000000E+00,+9.910000E+37,+1.140607E+03,+3.584400E+04
10:30:04,0e0,+1.510551E+00,+1.930500E-05,+9.910000E+37,+1.140822E+03,+3.584400E+04,+1.512326E+00,+1.930500E-05,+9.910000E+37,+1.140890E+03,+3.584400E+04,+1.511511E+00,+1.930500E-05,+9.910000E+37,+1.140955E+03,+3.584400E+04,-7.964566E-03,+0.000000E+00,+9.910000E+37,+1.141024E+03,+3.584400E+04
10:30:04,0e0,+1.700275E+00,+2.154500E-05,+9.910000E+37,+1.141245E+03,+3.584400E+04,+1.700826E+00,+2.154500E-05,+9.910000E+37,+1.141311E+03,+3.584400E+04,+1.699776E+00,+2.154500E-05,+9.910000E+37,+1.141378E+03,+3.584400E+04,-6.644413E-03,+0.000000E+00,+9.910000E+37,+1.141445E+03,+3.584400E+04
10:30:04,0e0,+1.918365E+00,+2.404000E-05,+9.910000E+37,+1.141664E+03,+3.584400E+04,+1.917133E+00,+2.404000E-05,+9.910000E+37,+1.141729E+03,+3.584400E+04,+1.917498E+00,+2.404000E-05,+9.910000E+37,+1.141796E+03,+3.584400E+04,-8.283749E-03,+0.000000E+00,+9.910000E+37,+1.141865E+03,+3.584400E+04
10:30:04,0e0,+2.165272E+00,+2.682500E-05,+9.910000E+37,+1.142083E+03,+3.584400E+04,+2.164907E+00,+2.682500E-05,+9.910000E+37,+1.142149E+03,+3.584400E+04,+2.164496E+00,+2.682500E-05,+9.910000E+37,+1.142216E+03,+3.584400E+04,-8.693352E-03,+0.000000E+00,+9.910000E+37,+1.142287E+03,+3.584400E+04
10:30:04,0e0,+2.451566E+00,+2.993500E-05,+9.910000E+37,+1.142499E+03,+3.584400E+04,+2.451611E+00,+2.993500E-05,+9.910000E+37,+1.142564E+03,+3.584400E+04,+2.452662E+00,+2.993500E-05,+9.910000E+37,+1.142631E+03,+3.584400E+04,-7.782757E-03,+0.000000E+00,+9.910000E+37,+1.142698E+03,+3.584400E+04
10:30:04,0e0,+2.785983E+00,+3.340500E-05,+9.910000E+37,+1.142909E+03,+3.584400E+04,+2.783929E+00,+3.340500E-05,+9.910000E+37,+1.142976E+03,+3.584400E+04,+2.784752E+00,+3.340500E-05,+9.910000E+37,+1.143043E+03,+3.584400E+04,-8.101135E-03,+0.000000E+00,+9.910000E+37,+1.143108E+03,+3.584400E+04
10:30:04,0e0,+3.175764E+00,+3.727500E-05,+9.910000E+37,+1.143322E+03,+3.584400E+04,+3.175401E+00,+3.727500E-05,+9.910000E+37,+1.143390E+03,+3.584400E+04,+3.174945E+00,+3.727500E-05,+9.910000E+37,+1.143455E+03,+3.584400E+04,-6.917685E-03,+0.000000E+00,+9.910000E+37,+1.143521E+03,+3.584400E+04
10:30:04,0e0,+3.637663E+00,+4.159500E-05,+9.910000E+37,+1.143737E+03,+3.584400E+04,+3.638169E+00,+4.159500E-05,+9.910000E+37,+1.143805E+03,+3.584400E+04,+3.638208E+00,+4.159500E-05,+9.910000E+37,+1.143871E+03,+3.584400E+04,-7.964924E-03,+0.000000E+00,+9.910000E+37,+1.143938E+03,+3.584400E+04
10:30:04,0e0,+4.195409E+00,+4.641500E-05,+9.910000E+37,+1.144154E+03,+3.584400E+04,+4.194186E+00,+4.641500E-05,+9.910000E+37,+1.144222E+03,+3.584400E+04,+4.196321E+00,+4.641500E-05,+9.910000E+37,+1.144287E+03,+3.584400E+04,-7.509455E-03,+0.000000E+00,+9.910000E+37,+1.144356E+03,+3.584400E+04
10:30:04,0e0,+4.872850E+00,+5.179500E-05,+9.910000E+37,+1.144570E+03,+3.584400E+04,+4.872124E+00,+5.179500E-05,+9.910000E+37,+1.144636E+03,+3.584400E+04,+4.871995E+00,+5.179500E-05,+9.910000E+37,+1.144702E+03,+3.584400E+04,-7.327497E-03,+0.000000E+00,+9.910000E+37,+1.144770E+03,+3.584400E+04
10:30:04,0e0,+5.711781E+00,+5.779500E-05,+9.910000E+37,+1.144982E+03,+3.584400E+04,+5.710143E+00,+5.779500E-05,+9.910000E+37,+1.145050E+03,+3.584400E+04,+5.709558E+00,+5.779500E-05,+9.910000E+37,+1.145115E+03,+3.584400E+04,-8.375034E-03,+0.000000E+00,+9.910000E+37,+1.145182E+03,+3.584400E+04
10:30:04,0e0,+6.776051E+00,+6.449500E-05,+9.910000E+37,+1.145396E+03,+3.584400E+04,+6.773134E+00,+6.449500E-05,+9.910000E+37,+1.145463E+03,+3.584400E+04,+6.770313E+00,+6.449500E-05,+9.910000E+37,+1.145529E+03,+3.584400E+04,-6.781161E-03,+0.000000E+00,+9.910000E+37,+1.145597E+03,+3.584400E+04
10:30:04,0e0,+8.161525E+00,+7.197000E-05,+9.910000E+37,+1.145812E+03,+3.584400E+04,+8.152733E+00,+7.197000E-05,+9.910000E+37,+1.145878E+03,+3.584400E+04,+8.151011E+00,+7.197000E-05,+9.910000E+37,+1.145945E+03,+3.584400E+04,-8.010581E-03,+0.000000E+00,+9.910000E+37,+1.146012E+03,+3.584400E+04
10:30:04,0e0,+1.003959E+01,+8.031000E-05,+9.910000E+37,+1.146226E+03,+3.584400E+04,+1.002470E+01,+8.031000E-05,+9.910000E+37,+1.146293E+03,+3.584400E+04,+1.001692E+01,+8.031000E-05,+9.910000E+37,+1.146358E+03,+3.584400E+04,-7.646605E-03,+0.000000E+00,+9.910000E+37,+1.146426E+03,+3.584400E+04
10:30:04,0e0,+1.274356E+01,+8.961500E-05,+9.910000E+37,+1.146647E+03,+3.584400E+04,+1.271270E+01,+8.961500E-05,+9.910000E+37,+1.146713E+03,+3.584400E+04,+1.269690E+01,+8.961500E-05,+9.910000E+37,+1.146779E+03,+3.584400E+04,-7.281989E-03,+0.000000E+00,+9.910000E+37,+1.146849E+03,+3.584400E+04
10:30:04,0e0,+1.703684E+01,+1.000000E-04,+9.910000E+37,+1.147059E+03,+3.584400E+04,+1.696711E+01,+1.000000E-04,+9.910000E+37,+1.147125E+03,+3.584400E+04,+1.693306E+01,+1.000000E-04,+9.910000E+37,+1.147191E+03,+3.584400E+04,-6.735548E-03,+0.000000E+00,+9.910000E+37,+1.147259E+03,+3.584400E+04
10:30:04,0e0,+2.501320E+01,+1.116000E-04,+9.910000E+37,+1.147472E+03,+3.584400E+04,+2.478197E+01,+1.116000E-04,+9.910000E+37,+1.147538E+03,+3.584400E+04,+2.468295E+01,+1.116000E-04,+9.910000E+37,+1.147605E+03,+3.584400E+04,-9.603977E-03,+0.000000E+00,+9.910000E+37,+1.147671E+03,+3.584400E+04
10:30:04,0e0,+4.046200E+01,+1.245000E-04,+9.910000E+37,+1.147894E+03,+3.584400E+04,+3.947716E+01,+1.245000E-04,+9.910000E+37,+1.147960E+03,+3.584400E+04,+3.917492E+01,+1.245000E-04,+9.910000E+37,+1.148026E+03,+3.584400E+04,-1.024152E-02,+0.000000E+00,+9.910000E+37,+1.148094E+03,+3.584400E+04
10:30:04,0e0,+6.455492E+01,+1.389500E-04,+9.910000E+37,+1.148312E+03,+3.584400E+04,+6.212910E+01,+1.389500E-04,+9.910000E+37,+1.148378E+03,+3.584400E+04,+6.139083E+01,+1.389500E-04,+9.910000E+37,+1.148445E+03,+3.584400E+04,-9.376273E-03,+0.000000E+00,+9.910000E+37,+1.148511E+03,+3.584400E+04
10:30:04,0e0,+9.424192E+01,+1.550500E-04,+9.910000E+37,+1.148734E+03,+3.584400E+04,+9.036290E+01,+1.550500E-04,+9.910000E+37,+1.148801E+03,+3.584400E+04,+8.895477E+01,+1.550500E-04,+9.910000E+37,+1.148868E+03,+3.584400E+04,-1.115224E-02,+0.000000E+00,+9.910000E+37,+1.148936E+03,+3.584400E+04
10:30:04,0e0,+1.265865E+02,+1.730000E-04,+9.910000E+37,+1.149155E+03,+3.584400E+04,+1.214013E+02,+1.730000E-04,+9.910000E+37,+1.149223E+03,+3.584400E+04,+1.191153E+02,+1.730000E-04,+9.910000E+37,+1.149288E+03,+3.584400E+04,-9.330586E-03,+0.000000E+00,+9.910000E+37,+1.149354E+03,+3.584400E+04
10:30:04,0e0,+1.598090E+02,+1.930500E-04,+9.910000E+37,+1.149574E+03,+3.584400E+04,+1.534229E+02,+1.930500E-04,+9.910000E+37,+1.149641E+03,+3.584400E+04,+1.500855E+02,+1.930500E-04,+9.910000E+37,+1.149707E+03,+3.584400E+04,-8.647859E-03,+0.000000E+00,+9.910000E+37,+1.149774E+03,+3.584400E+04
10:30:04,0e0,+1.925960E+02,+2.154500E-04,+9.910000E+37,+1.149994E+03,+3.584400E+04,+1.850237E+02,+2.154500E-04,+9.910000E+37,+1.150061E+03,+3.584400E+04,+1.804950E+02,+2.154500E-04,+9.910000E+37,+1.150127E+03,+3.584400E+04,-9.785861E-03,+0.000000E+00,+9.910000E+37,+1.150193E+03,+3.584400E+04
10:30:04,0e0,+2.239962E+02,+2.404000E-04,+9.910000E+37,+1.150415E+03,+3.584400E+04,+2.151430E+02,+2.404000E-04,+9.910000E+37,+1.150482E+03,+3.584400E+04,+2.092942E+02,+2.404000E-04,+9.910000E+37,+1.150550E+03,+3.584400E+04,-9.148523E-03,+0.000000E+00,+9.910000E+37,+1.150615E+03,+3.584400E+04
10:30:04,0e0,+2.535124E+02,+2.682500E-04,+9.910000E+37,+1.150835E+03,+3.584400E+04,+2.432117E+02,+2.682500E-04,+9.910000E+37,+1.150902E+03,+3.584400E+04,+2.359105E+02,+2.682500E-04,+9.910000E+37,+1.150968E+03,+3.584400E+04,-8.602083E-03,+0.000000E+00,+9.910000E+37,+1.151034E+03,+3.584400E+04
10:30:04,0e0,+2.808468E+02,+2.993500E-04,+9.910000E+37,+1.151256E+03,+3.584400E+04,+2.688513E+02,+2.993500E-04,+9.910000E+37,+1.151322E+03,+3.584400E+04,+2.599414E+02,+2.993500E-04,+9.910000E+37,+1.151388E+03,+3.584400E+04,-8.465305E-03,+0.000000E+00,+9.910000E+37,+1.151454E+03,+3.584400E+04
10:30:04,0e0,+3.055464E+02,+3.340500E-04,+9.910000E+37,+1.151675E+03,+3.584400E+04,+2.916634E+02,+3.340500E-04,+9.910000E+37,+1.151741E+03,+3.584400E+04,+2.810203E+02,+3.340500E-04,+9.910000E+37,+1.151808E+03,+3.584400E+04,-9.194031E-03,+0.000000E+00,+9.910000E+37,+1.151874E+03,+3.584400E+04
10:30:04,0e0,+3.274257E+02,+3.727500E-04,+9.910000E+37,+1.152095E+03,+3.584400E+04,+3.113230E+02,+3.727500E-04,+9.910000E+37,+1.152161E+03,+3.584400E+04,+2.987852E+02,+3.727500E-04,+9.910000E+37,+1.152229E+03,+3.584400E+04,-1.001400E-02,+0.000000E+00,+9.910000E+37,+1.152296E+03,+3.584400E+04
10:30:04,0e0,+3.462400E+02,+4.159500E-04,+9.910000E+37,+1.152516E+03,+3.584400E+04,+3.277276E+02,+4.159500E-04,+9.910000E+37,+1.152581E+03,+3.584400E+04,+3.131578E+02,+4.159500E-04,+9.910000E+37,+1.152647E+03,+3.584400E+04,-8.556902E-03,+0.000000E+00,+9.910000E+37,+1.152715E+03,+3.584400E+04
10:30:04,0e0,+3.618551E+02,+4.641500E-04,+9.910000E+37,+1.152935E+03,+3.584400E+04,+3.405653E+02,+4.641500E-04,+9.910000E+37,+1.153001E+03,+3.584400E+04,+3.237770E+02,+4.641500E-04,+9.910000E+37,+1.153068E+03,+3.584400E+04,-8.420140E-03,+0.000000E+00,+9.910000E+37,+1.153134E+03,+3.584400E+04
10:30:04,0e0,+3.740842E+02,+5.179500E-04,+9.910000E+37,+1.153354E+03,+3.584400E+04,+3.495821E+02,+5.179500E-04,+9.910000E+37,+1.153421E+03,+3.584400E+04,+3.304207E+02,+5.179500E-04,+9.910000E+37,+1.153488E+03,+3.584400E+04,-8.238062E-03,+0.000000E+00,+9.910000E+37,+1.153556E+03,+3.584400E+04
10:30:04,0e0,+3.826497E+02,+5.779500E-04,+9.910000E+37,+1.153776E+03,+3.584400E+04,+3.547434E+02,+5.779500E-04,+9.910000E+37,+1.153843E+03,+3.584400E+04,+3.330659E+02,+5.779500E-04,+9.910000E+37,+1.153910E+03,+3.584400E+04,-8.693531E-03,+0.000000E+00,+9.910000E+37,+1.153978E+03,+3.584400E+04
10:30:04,0e0,+3.874074E+02,+6.449500E-04,+9.910000E+37,+1.154196E+03,+3.584400E+04,+3.559796E+02,+6.449500E-04,+9.910000E+37,+1.154264E+03,+3.584400E+04,+3.312083E+02,+6.449500E-04,+9.910000E+37,+1.154331E+03,+3.584400E+04,-8.147076E-03,+0.000000E+00,+9.910000E+37,+1.154401E+03,+3.584400E+04
10:30:04,0e0,+3.891215E+02,+7.197000E-04,+9.910000E+37,+1.154625E+03,+3.584400E+04,+3.537500E+02,+7.197000E-04,+9.910000E+37,+1.154691E+03,+3.584400E+04,+3.266483E+02,+7.197000E-04,+9.910000E+37,+1.154759E+03,+3.584400E+04,-8.466199E-03,+0.000000E+00,+9.910000E+37,+1.154824E+03,+3.584400E+04
10:30:04,0e0,+3.871101E+02,+8.031000E-04,+9.910000E+37,+1.155051E+03,+3.584400E+04,+3.476740E+02,+8.031000E-04,+9.910000E+37,+1.155116E+03,+3.584400E+04,+3.179008E+02,+8.031000E-04,+9.910000E+37,+1.155183E+03,+3.584400E+04,-8.192524E-03,+0.000000E+00,+9.910000E+37,+1.155250E+03,+3.584400E+04
10:30:04,0e0,+3.810655E+02,+8.961500E-04,+9.910000E+37,+1.155472E+03,+3.584400E+04,+3.373769E+02,+8.961500E-04,+9.910000E+37,+1.155539E+03,+3.584400E+04,+3.051419E+02,+8.961500E-04,+9.910000E+37,+1.155606E+03,+3.584400E+04,-8.875713E-03,+0.000000E+00,+9.910000E+37,+1.155672E+03,+3.584400E+04
10:30:04,0e0,+3.714813E+02,+1.000000E-03,+9.910000E+37,+1.155890E+03,+3.584400E+04,+3.239467E+02,+1.000000E-03,+9.910000E+37,+1.155955E+03,+3.584400E+04,+2.896325E+02,+1.000000E-03,+9.910000E+37,+1.156021E+03,+3.584400E+04,-8.693501E-03,+0.000000E+00,+9.910000E+37,+1.156088E+03,+3.584400E+04
10:30:04,0e0,+3.676642E+02,+1.116000E-03,+9.910000E+37,+1.156324E+03,+3.584400E+04,+3.134732E+02,+1.116000E-03,+9.910000E+37,+1.156391E+03,+3.584400E+04,+2.755542E+02,+1.116000E-03,+9.910000E+37,+1.156457E+03,+3.584400E+04,-1.575087E-02,+0.000000E+00,+9.910000E+37,+1.156524E+03,+3.584400E+04
10:30:04,0e0,+3.541412E+02,+1.245000E-03,+9.910000E+37,+1.156747E+03,+3.584400E+04,+2.953799E+02,+1.245000E-03,+9.910000E+37,+1.156813E+03,+3.584400E+04,+2.561178E+02,+1.245000E-03,+9.910000E+37,+1.156879E+03,+3.584400E+04,-1.479432E-02,+0.000000E+00,+9.910000E+37,+1.156946E+03,+3.584400E+04
10:30:04,0e0,+3.385933E+02,+1.389500E-03,+9.910000E+37,+1.157165E+03,+3.584400E+04,+2.757546E+02,+1.389500E-03,+9.910000E+37,+1.157232E+03,+3.584400E+04,+2.358467E+02,+1.389500E-03,+9.910000E+37,+1.157298E+03,+3.584400E+04,-1.361033E-02,+0.000000E+00,+9.910000E+37,+1.157364E+03,+3.584400E+04
10:30:04,0e0,+3.225684E+02,+1.550500E-03,+9.910000E+37,+1.157585E+03,+3.584400E+04,+2.562357E+02,+1.550500E-03,+9.910000E+37,+1.157652E+03,+3.584400E+04,+2.161317E+02,+1.550500E-03,+9.910000E+37,+1.157718E+03,+3.584400E+04,-1.429391E-02,+0.000000E+00,+9.910000E+37,+1.157784E+03,+3.584400E+04
10:30:04,0e0,+3.058713E+02,+1.730000E-03,+9.910000E+37,+1.158006E+03,+3.584400E+04,+2.367051E+02,+1.730000E-03,+9.910000E+37,+1.158072E+03,+3.584400E+04,+1.969533E+02,+1.730000E-03,+9.910000E+37,+1.158139E+03,+3.584400E+04,-1.260923E-02,+0.000000E+00,+9.910000E+37,+1.158205E+03,+3.584400E+04
10:30:04,0e0,+2.884402E+02,+1.930500E-03,+9.910000E+37,+1.158425E+03,+3.584400E+04,+2.172713E+02,+1.930500E-03,+9.910000E+37,+1.158492E+03,+3.584400E+04,+1.786541E+02,+1.930500E-03,+9.910000E+37,+1.158558E+03,+3.584400E+04,-1.365662E-02,+0.000000E+00,+9.910000E+37,+1.158624E+03,+3.584400E+04
10:30:04,0e0,+2.718528E+02,+2.154500E-03,+9.910000E+37,+1.158845E+03,+3.584400E+04,+1.994075E+02,+2.154500E-03,+9.910000E+37,+1.158911E+03,+3.584400E+04,+1.621668E+02,+2.154500E-03,+9.910000E+37,+1.158978E+03,+3.584400E+04,-1.297361E-02,+0.000000E+00,+9.910000E+37,+1.159044E+03,+3.584400E+04
10:30:04,0e0,+2.545781E+02,+2.404000E-03,+9.910000E+37,+1.159263E+03,+3.584400E+04,+1.819699E+02,+2.404000E-03,+9.910000E+37,+1.159330E+03,+3.584400E+04,+1.466949E+02,+2.404000E-03,+9.910000E+37,+1.159396E+03,+3.584400E+04,-1.160775E-02,+0.000000E+00,+9.910000E+37,+1.159464E+03,+3.584400E+04
10:30:04,0e0,+2.404824E+02,+2.682500E-03,+9.910000E+37,+1.159689E+03,+3.584400E+04,+1.671332E+02,+2.682500E-03,+9.910000E+37,+1.159757E+03,+3.584400E+04,+1.335166E+02,+2.682500E-03,+9.910000E+37,+1.159823E+03,+3.584400E+04,-1.101531E-02,+0.000000E+00,+9.910000E+37,+1.159890E+03,+3.584400E+04
10:30:04,0e0,+2.242183E+02,+2.993500E-03,+9.910000E+37,+1.160109E+03,+3.584400E+04,+1.521173E+02,+2.993500E-03,+9.910000E+37,+1.160176E+03,+3.584400E+04,+1.209886E+02,+2.993500E-03,+9.910000E+37,+1.160242E+03,+3.584400E+04,-1.065126E-02,+0.000000E+00,+9.910000E+37,+1.160309E+03,+3.584400E+04
10:30:04,0e0,+2.089548E+02,+3.340500E-03,+9.910000E+37,+1.160528E+03,+3.584400E+04,+1.387061E+02,+3.340500E-03,+9.910000E+37,+1.160595E+03,+3.584400E+04,+1.099477E+02,+3.340500E-03,+9.910000E+37,+1.160662E+03,+3.584400E+04,-9.239852E-03,+0.000000E+00,+9.910000E+37,+1.160729E+03,+3.584400E+04
10:30:04,0e0,+1.942091E+02,+3.727500E-03,+9.910000E+37,+1.160946E+03,+3.584400E+04,+1.264226E+02,+3.727500E-03,+9.910000E+37,+1.161013E+03,+3.584400E+04,+1.000358E+02,+3.727500E-03,+9.910000E+37,+1.161080E+03,+3.584400E+04,-9.922862E-03,+0.000000E+00,+9.910000E+37,+1.161146E+03,+3.584400E+04
10:30:04,0e0,+1.825220E+02,+4.159500E-03,+9.910000E+37,+1.161373E+03,+3.584400E+04,+1.161811E+02,+4.159500E-03,+9.910000E+37,+1.161439E+03,+3.584400E+04,+9.171219E+01,+4.159500E-03,+9.910000E+37,+1.161506E+03,+3.584400E+04,-1.046963E-02,+0.000000E+00,+9.910000E+37,+1.161573E+03,+3.584400E+04
10:30:04,0e0,+1.676000E+02,+4.641500E-03,+9.910000E+37,+1.161791E+03,+3.584400E+04,+1.055277E+02,+4.641500E-03,+9.910000E+37,+1.161857E+03,+3.584400E+04,+8.358477E+01,+4.641500E-03,+9.910000E+37,+1.161924E+03,+3.584400E+04,-1.083368E-02,+0.000000E+00,+9.910000E+37,+1.161990E+03,+3.584400E+04
10:30:04,0e0,+1.552808E+02,+5.179500E-03,+9.910000E+37,+1.162211E+03,+3.584400E+04,+9.670876E+01,+5.179500E-03,+9.910000E+37,+1.162277E+03,+3.584400E+04,+7.669476E+01,+5.179500E-03,+9.910000E+37,+1.162344E+03,+3.584400E+04,-9.558678E-03,+0.000000E+00,+9.910000E+37,+1.162411E+03,+3.584400E+04
10:30:04,0e0,+1.431600E+02,+5.779500E-03,+9.910000E+37,+1.162633E+03,+3.584400E+04,+8.863085E+01,+5.779500E-03,+9.910000E+37,+1.162699E+03,+3.584400E+04,+7.052174E+01,+5.779500E-03,+9.910000E+37,+1.162765E+03,+3.584400E+04,-1.060620E-02,+0.000000E+00,+9.910000E+37,+1.162831E+03,+3.584400E+04
10:30:04,0e0,+1.305598E+02,+6.449500E-03,+9.910000E+37,+1.163046E+03,+3.584400E+04,+8.099933E+01,+6.449500E-03,+9.910000E+37,+1.163113E+03,+3.584400E+04,+6.490202E+01,+6.449500E-03,+9.910000E+37,+1.163181E+03,+3.584400E+04,-9.239897E-03,+0.000000E+00,+9.910000E+37,+1.163246E+03,+3.584400E+04
10:30:04,0e0,+1.204951E+02,+7.197000E-03,+9.910000E+37,+1.163466E+03,+3.584400E+04,+7.466638E+01,+7.197000E-03,+9.910000E+37,+1.163533E+03,+3.584400E+04,+6.004026E+01,+7.197000E-03,+9.910000E+37,+1.163599E+03,+3.584400E+04,-8.829951E-03,+0.000000E+00,+9.910000E+37,+1.163665E+03,+3.584400E+04
10:30:04,0e0,+1.082974E+02,+8.031000E-03,+9.910000E+37,+1.163885E+03,+3.584400E+04,+6.773536E+01,+8.031000E-03,+9.910000E+37,+1.163951E+03,+3.584400E+04,+5.500475E+01,+8.031000E-03,+9.910000E+37,+1.164018E+03,+3.584400E+04,-7.646099E-03,+0.000000E+00,+9.910000E+37,+1.164085E+03,+3.584400E+04
10:30:04,0e0,+9.825072E+01,+8.961500E-03,+9.910000E+37,+1.164307E+03,+3.584400E+04,+6.231327E+01,+8.961500E-03,+9.910000E+37,+1.164374E+03,+3.584400E+04,+5.104477E+01,+8.961500E-03,+9.910000E+37,+1.164441E+03,+3.584400E+04,-8.602574E-03,+0.000000E+00,+9.910000E+37,+1.164508E+03,+3.584400E+04
