10:37:40,0e0,+1.252541E-02,+1.000000E-07,+9.910000E+37,+9.396641E+02,+3.584400E+04,+1.225185E-02,+1.000000E-07,+9.910000E+37,+9.397314E+02,+3.584400E+04,+1.197867E-02,+1.000000E-07,+9.910000E+37,+9.397969E+02,+3.584400E+04,-6.324545E-03,+0.000000E+00,+9.910000E+37,+9.398643E+02,+3.584400E+04
10:37:40,0e0,+1.434632E-02,+1.116000E-07,+9.910000E+37,+9.400869E+02,+3.584400E+04,+1.357210E-02,+1.116000E-07,+9.910000E+37,+9.401543E+02,+3.584400E+04,+1.516566E-02,+1.116000E-07,+9.910000E+37,+9.402217E+02,+3.584400E+04,-7.189557E-03,+0.000000E+00,+9.910000E+37,+9.402871E+02,+3.584400E+04
10:37:40,0e0,+1.707856E-02,+1.245000E-07,+9.910000E+37,+9.405127E+02,+3.584400E+04,+1.607643E-02,+1.245000E-07,+9.910000E+37,+9.405791E+02,+3.584400E+04,+1.616745E-02,+1.245000E-07,+9.910000E+37,+9.406465E+02,+3.584400E+04,-7.462770E-03,+0.000000E+00,+9.910000E+37,+9.407129E+02,+3.584400E+04
10:37:40,0e0,+1.867163E-02,+1.389500E-07,+9.910000E+37,+9.409375E+02,+3.584400E+04,+1.753309E-02,+1.389500E-07,+9.910000E+37,+9.410049E+02,+3.584400E+04,+1.867174E-02,+1.389500E-07,+9.910000E+37,+9.410713E+02,+3.584400E+04,-7.417336E-03,+0.000000E+00,+9.910000E+37,+9.411377E+02,+3.584400E+04
10:37:40,0e0,+2.049257E-02,+1.550500E-07,+9.910000E+37,+9.413623E+02,+3.584400E+04,+2.149430E-02,+1.550500E-07,+9.910000E+37,+9.414287E+02,+3.584400E+04,+2.135815E-02,+1.550500E-07,+9.910000E+37,+9.414951E+02,+3.584400E+04,-7.462710E-03,+0.000000E+00,+9.910000E+37,+9.415615E+02,+3.584400E+04
10:37:40,0e0,+2.399869E-02,+1.730000E-07,+9.910000E+37,+9.417881E+02,+3.584400E+04,+2.527355E-02,+1.730000E-07,+9.910000E+37,+9.418555E+02,+3.584400E+04,+2.395305E-02,+1.730000E-07,+9.910000E+37,+9.419229E+02,+3.584400E+04,-7.690415E-03,+0.000000E+00,+9.910000E+37,+9.419893E+02,+3.584400E+04
10:37:40,0e0,+2.668491E-02,+1.930500E-07,+9.910000E+37,+9.422100E+02,+3.584400E+04,+2.777755E-02,+1.930500E-07,+9.910000E+37,+9.422764E+02,+3.584400E+04,+2.704902E-02,+1.930500E-07,+9.910000E+37,+9.423428E+02,+3.584400E+04,-8.737430E-03,+0.000000E+00,+9.910000E+37,+9.424092E+02,+3.584400E+04
10:37:40,0e0,+3.210306E-02,+2.154500E-07,+9.910000E+37,+9.426338E+02,+3.584400E+04,+3.128350E-02,+2.154500E-07,+9.910000E+37,+9.427012E+02,+3.584400E+04,+3.073713E-02,+2.154500E-07,+9.910000E+37,+9.427666E+02,+3.584400E+04,-7.098451E-03,+0.000000E+00,+9.910000E+37,+9.428330E+02,+3.584400E+04
10:37:40,0e0,+3.519905E-02,+2.404000E-07,+9.910000E+37,+9.430576E+02,+3.584400E+04,+3.465286E-02,+2.404000E-07,+9.910000E+37,+9.431250E+02,+3.584400E+04,+3.501686E-02,+2.404000E-07,+9.910000E+37,+9.431924E+02,+3.584400E+04,-7.781491E-03,+0.000000E+00,+9.910000E+37,+9.432578E+02,+3.584400E+04
10:37:40,0e0,+3.966105E-02,+2.682500E-07,+9.910000E+37,+9.434844E+02,+3.584400E+04,+3.925124E-02,+2.682500E-07,+9.910000E+37,+9.435518E+02,+3.584400E+04,+3.897795E-02,+2.682500E-07,+9.910000E+37,+9.436182E+02,+3.584400E+04,-7.554114E-03,+0.000000E+00,+9.910000E+37,+9.436846E+02,+3.584400E+04
10:37:40,0e0,+4.216477E-02,+2.993500E-07,+9.910000E+37,+9.439102E+02,+3.584400E+04,+4.257476E-02,+2.993500E-07,+9.910000E+37,+9.439766E+02,+3.584400E+04,+4.334906E-02,+2.993500E-07,+9.910000E+37,+9.440430E+02,+3.584400E+04,-8.555889E-03,+0.000000E+00,+9.910000E+37,+9.441094E+02,+3.584400E+04
10:37:40,0e0,+4.849419E-02,+3.340500E-07,+9.910000E+37,+9.443340E+02,+3.584400E+04,+4.949552E-02,+3.340500E-07,+9.910000E+37,+9.444004E+02,+3.584400E+04,+4.904023E-02,+3.340500E-07,+9.910000E+37,+9.444668E+02,+3.584400E+04,-7.781446E-03,+0.000000E+00,+9.910000E+37,+9.445342E+02,+3.584400E+04
10:37:40,0e0,+5.518681E-02,+3.727500E-07,+9.910000E+37,+9.447588E+02,+3.584400E+04,+5.550566E-02,+3.727500E-07,+9.910000E+37,+9.448252E+02,+3.584400E+04,+5.409420E-02,+3.727500E-07,+9.910000E+37,+9.448916E+02,+3.584400E+04,-5.641758E-03,+0.000000E+00,+9.910000E+37,+9.449580E+02,+3.584400E+04
10:37:40,0e0,+6.074157E-02,+4.159500E-07,+9.910000E+37,+9.451816E+02,+3.584400E+04,+5.978519E-02,+4.159500E-07,+9.910000E+37,+9.452480E+02,+3.584400E+04,+5.887514E-02,+4.159500E-07,+9.910000E+37,+9.453145E+02,+3.584400E+04,-7.417336E-03,+0.000000E+00,+9.910000E+37,+9.453809E+02,+3.584400E+04
10:37:40,0e0,+6.606856E-02,+4.641500E-07,+9.910000E+37,+9.456074E+02,+3.584400E+04,+6.593186E-02,+4.641500E-07,+9.910000E+37,+9.456738E+02,+3.584400E+04,+6.661493E-02,+4.641500E-07,+9.910000E+37,+9.457402E+02,+3.584400E+04,-7.326230E-03,+0.000000E+00,+9.910000E+37,+9.458076E+02,+3.584400E+04
10:37:40,0e0,+7.230660E-02,+5.179500E-07,+9.910000E+37,+9.460303E+02,+3.584400E+04,+7.271540E-02,+5.179500E-07,+9.910000E+37,+9.460967E+02,+3.584400E+04,+7.321671E-02,+5.179500E-07,+9.910000E+37,+9.461631E+02,+3.584400E+04,-5.186304E-03,+0.000000E+00,+9.910000E+37,+9.462305E+02,+3.584400E+04
10:37:40,0e0,+8.136657E-02,+5.779500E-07,+9.910000E+37,+9.464668E+02,+3.584400E+04,+7.990974E-02,+5.779500E-07,+9.910000E+37,+9.465332E+02,+3.584400E+04,+7.904461E-02,+5.779500E-07,+9.910000E+37,+9.466006E+02,+3.584400E+04,-6.688803E-03,+0.000000E+00,+9.910000E+37,+9.466670E+02,+3.584400E+04
10:37:40,0e0,+8.701253E-02,+6.449500E-07,+9.910000E+37,+9.468916E+02,+3.584400E+04,+8.728588E-02,+6.449500E-07,+9.910000E+37,+9.469580E+02,+3.584400E+04,+8.733097E-02,+6.449500E-07,+9.910000E+37,+9.470244E+02,+3.584400E+04,-7.417560E-03,+0.000000E+00,+9.910000E+37,+9.470908E+02,+3.584400E+04
10:37:40,0e0,+9.538999E-02,+7.197000E-07,+9.910000E+37,+9.473555E+02,+3.584400E+04,+9.488907E-02,+7.197000E-07,+9.910000E+37,+9.474219E+02,+3.584400E+04,+9.616378E-02,+7.197000E-07,+9.910000E+37,+9.474883E+02,+3.584400E+04,-7.963821E-03,+0.000000E+00,+9.910000E+37,+9.475547E+02,+3.584400E+04
10:37:40,0e0,+1.038132E-01,+8.031000E-07,+9.910000E+37,+9.477773E+02,+3.584400E+04,+1.042682E-01,+8.031000E-07,+9.910000E+37,+9.478438E+02,+3.584400E+04,+1.043137E-01,+8.031000E-07,+9.910000E+37,+9.479111E+02,+3.584400E+04,-6.643340E-03,+0.000000E+00,+9.910000E+37,+9.479775E+02,+3.584400E+04
10:37:40,0e0,+1.131924E-01,+8.961500E-07,+9.910000E+37,+9.481982E+02,+3.584400E+04,+1.145584E-01,+8.961500E-07,+9.910000E+37,+9.482637E+02,+3.584400E+04,+1.141485E-01,+8.961500E-07,+9.910000E+37,+9.483301E+02,+3.584400E+04,-8.054927E-03,+0.000000E+00,+9.910000E+37,+9.483965E+02,+3.584400E+04
10:37:40,0e0,+1.234823E-01,+1.000000E-06,+9.910000E+37,+9.486182E+02,+3.584400E+04,+1.239828E-01,+1.000000E-06,+9.910000E+37,+9.486855E+02,+3.584400E+04,+1.238465E-01,+1.000000E-06,+9.910000E+37,+9.487520E+02,+3.584400E+04,-7.645205E-03,+0.000000E+00,+9.910000E+37,+9.488184E+02,+3.584400E+04
10:37:40,0e0,+1.227989E-01,+1.116000E-06,+9.910000E+37,+9.490400E+02,+3.584400E+04,+1.233911E-01,+1.116000E-06,+9.910000E+37,+9.491064E+02,+3.584400E+04,+1.218431E-01,+1.116000E-06,+9.910000E+37,+9.491729E+02,+3.584400E+04,-6.324604E-03,+0.000000E+00,+9.910000E+37,+9.492402E+02,+3.584400E+04
10:37:40,0e0,+1.329524E-01,+1.245000E-06,+9.910000E+37,+9.494648E+02,+3.584400E+04,+1.345004E-01,+1.245000E-06,+9.910000E+37,+9.495313E+02,+3.584400E+04,+1.328615E-01,+1.245000E-06,+9.910000E+37,+9.495977E+02,+3.584400E+04,-6.779939E-03,+0.000000E+00,+9.910000E+37,+9.496650E+02,+3.584400E+04
10:37:40,0e0,+1.432422E-01,+1.389500E-06,+9.910000E+37,+9.498887E+02,+3.584400E+04,+1.456552E-01,+1.389500E-06,+9.910000E+37,+9.499551E+02,+3.584400E+04,+1.443350E-01,+1.389500E-06,+9.910000E+37,+9.500215E+02,+3.584400E+04,-5.550742E-03,+0.000000E+00,+9.910000E+37,+9.500889E+02,+3.584400E+04
10:37:40,0e0,+1.560813E-01,+1.550500E-06,+9.910000E+37,+9.503145E+02,+3.584400E+04,+1.548068E-01,+1.550500E-06,+9.910000E+37,+9.503818E+02,+3.584400E+04,+1.553531E-01,+1.550500E-06,+9.910000E+37,+9.504492E+02,+3.584400E+04,-5.322844E-03,+0.000000E+00,+9.910000E+37,+9.505146E+02,+3.584400E+04
10:37:40,0e0,+1.682384E-01,+1.730000E-06,+9.910000E+37,+9.507393E+02,+3.584400E+04,+1.688299E-01,+1.730000E-06,+9.910000E+37,+9.508057E+02,+3.584400E+04,+1.668267E-01,+1.730000E-06,+9.910000E+37,+9.508721E+02,+3.584400E+04,-6.233469E-03,+0.000000E+00,+9.910000E+37,+9.509385E+02,+3.584400E+04
10:37:40,0e0,+1.808499E-01,+1.930500E-06,+9.910000E+37,+9.511631E+02,+3.584400E+04,+1.802130E-01,+1.930500E-06,+9.910000E+37,+9.512305E+02,+3.584400E+04,+1.815330E-01,+1.930500E-06,+9.910000E+37,+9.512979E+02,+3.584400E+04,-6.916702E-03,+0.000000E+00,+9.910000E+37,+9.513643E+02,+3.584400E+04
10:37:40,0e0,+1.950105E-01,+2.154500E-06,+9.910000E+37,+9.515850E+02,+3.584400E+04,+1.954651E-01,+2.154500E-06,+9.910000E+37,+9.516523E+02,+3.584400E+04,+1.951921E-01,+2.154500E-06,+9.910000E+37,+9.517178E+02,+3.584400E+04,-8.327693E-03,+0.000000E+00,+9.910000E+37,+9.517842E+02,+3.584400E+04
10:37:40,0e0,+2.095792E-01,+2.404000E-06,+9.910000E+37,+9.520088E+02,+3.584400E+04,+2.093976E-01,+2.404000E-06,+9.910000E+37,+9.520752E+02,+3.584400E+04,+2.096252E-01,+2.404000E-06,+9.910000E+37,+9.521416E+02,+3.584400E+04,-7.964104E-03,+0.000000E+00,+9.910000E+37,+9.522090E+02,+3.584400E+04
10:37:40,0e0,+2.251964E-01,+2.682500E-06,+9.910000E+37,+9.524326E+02,+3.584400E+04,+2.270178E-01,+2.682500E-06,+9.910000E+37,+9.524990E+02,+3.584400E+04,+2.262894E-01,+2.682500E-06,+9.910000E+37,+9.525654E+02,+3.584400E+04,-5.140781E-03,+0.000000E+00,+9.910000E+37,+9.526318E+02,+3.584400E+04
10:37:40,0e0,+2.426344E-01,+2.993500E-06,+9.910000E+37,+9.528545E+02,+3.584400E+04,+2.420428E-01,+2.993500E-06,+9.910000E+37,+9.529209E+02,+3.584400E+04,+2.423616E-01,+2.993500E-06,+9.910000E+37,+9.529873E+02,+3.584400E+04,-6.871000E-03,+0.000000E+00,+9.910000E+37,+9.530547E+02,+3.584400E+04
10:37:40,0e0,+2.598910E-01,+3.340500E-06,+9.910000E+37,+9.532783E+02,+3.584400E+04,+2.603003E-01,+3.340500E-06,+9.910000E+37,+9.533447E+02,+3.584400E+04,+2.601639E-01,+3.340500E-06,+9.910000E+37,+9.534121E+02,+3.584400E+04,-6.506771E-03,+0.000000E+00,+9.910000E+37,+9.534775E+02,+3.584400E+04
10:37:40,0e0,+2.781482E-01,+3.727500E-06,+9.910000E+37,+9.537041E+02,+3.584400E+04,+2.803791E-01,+3.727500E-06,+9.910000E+37,+9.537705E+02,+3.584400E+04,+2.795141E-01,+3.727500E-06,+9.910000E+37,+9.538369E+02,+3.584400E+04,-7.645220E-03,+0.000000E+00,+9.910000E+37,+9.539033E+02,+3.584400E+04
10:37:40,0e0,+2.986826E-01,+4.159500E-06,+9.910000E+37,+9.541270E+02,+3.584400E+04,+2.987282E-01,+4.159500E-06,+9.910000E+37,+9.541924E+02,+3.584400E+04,+2.982727E-01,+4.159500E-06,+9.910000E+37,+9.542588E+02,+3.584400E+04,-5.596310E-03,+0.000000E+00,+9.910000E+37,+9.543252E+02,+3.584400E+04
10:37:40,0e0,+3.195816E-01,+4.641500E-06,+9.910000E+37,+9.545518E+02,+3.584400E+04,+3.199451E-01,+4.641500E-06,+9.910000E+37,+9.546191E+02,+3.584400E+04,+3.184878E-01,+4.641500E-06,+9.910000E+37,+9.546846E+02,+3.584400E+04,-6.916568E-03,+0.000000E+00,+9.910000E+37,+9.547510E+02,+3.584400E+04
10:37:40,0e0,+3.404790E-01,+5.179500E-06,+9.910000E+37,+9.549766E+02,+3.584400E+04,+3.411624E-01,+5.179500E-06,+9.910000E+37,+9.550420E+02,+3.584400E+04,+3.417086E-01,+5.179500E-06,+9.910000E+37,+9.551084E+02,+3.584400E+04,-7.007688E-03,+0.000000E+00,+9.910000E+37,+9.551758E+02,+3.584400E+04
10:37:40,0e0,+3.647012E-01,+5.779500E-06,+9.910000E+37,+9.554023E+02,+3.584400E+04,+3.638359E-01,+5.779500E-06,+9.910000E+37,+9.554697E+02,+3.584400E+04,+3.634716E-01,+5.779500E-06,+9.910000E+37,+9.555352E+02,+3.584400E+04,-6.825477E-03,+0.000000E+00,+9.910000E+37,+9.556016E+02,+3.584400E+04
10:37:40,0e0,+3.878762E-01,+6.449500E-06,+9.910000E+37,+9.558262E+02,+3.584400E+04,+3.889687E-01,+6.449500E-06,+9.910000E+37,+9.558916E+02,+3.584400E+04,+3.882856E-01,+6.449500E-06,+9.910000E+37,+9.559580E+02,+3.584400E+04,-7.144287E-03,+0.000000E+00,+9.910000E+37,+9.560244E+02,+3.584400E+04
10:37:40,0e0,+4.119159E-01,+7.197000E-06,+9.910000E+37,+9.562500E+02,+3.584400E+04,+4.125531E-01,+7.197000E-06,+9.910000E+37,+9.563164E+02,+3.584400E+04,+4.136007E-01,+7.197000E-06,+9.910000E+37,+9.563838E+02,+3.584400E+04,-5.869269E-03,+0.000000E+00,+9.910000E+37,+9.564492E+02,+3.584400E+04
10:37:40,0e0,+4.398716E-01,+8.031000E-06,+9.910000E+37,+9.566758E+02,+3.584400E+04,+4.392342E-01,+8.031000E-06,+9.910000E+37,+9.567422E+02,+3.584400E+04,+4.389603E-01,+8.031000E-06,+9.910000E+37,+9.568096E+02,+3.584400E+04,-5.049795E-03,+0.000000E+00,+9.910000E+37,+9.568770E+02,+3.584400E+04
10:37:40,0e0,+4.655512E-01,+8.961500E-06,+9.910000E+37,+9.571006E+02,+3.584400E+04,+4.658234E-01,+8.961500E-06,+9.910000E+37,+9.571670E+02,+3.584400E+04,+4.661426E-01,+8.961500E-06,+9.910000E+37,+9.572334E+02,+3.584400E+04,-6.962195E-03,+0.000000E+00,+9.910000E+37,+9.572998E+02,+3.584400E+04
10:37:40,0e0,+4.935065E-01,+1.000000E-05,+9.910000E+37,+9.575215E+02,+3.584400E+04,+4.935061E-01,+1.000000E-05,+9.910000E+37,+9.575879E+02,+3.584400E+04,+4.948722E-01,+1.000000E-05,+9.910000E+37,+9.576553E+02,+3.584400E+04,-6.415784E-03,+0.000000E+00,+9.910000E+37,+9.577217E+02,+3.584400E+04
10:37:40,0e0,+5.105354E-01,+1.116000E-05,+9.910000E+37,+9.579404E+02,+3.584400E+04,+5.099415E-01,+1.116000E-05,+9.910000E+37,+9.580078E+02,+3.584400E+04,+5.093510E-01,+1.116000E-05,+9.910000E+37,+9.580732E+02,+3.584400E+04,-8.055106E-03,+0.000000E+00,+9.910000E+37,+9.581396E+02,+3.584400E+04
10:37:40,0e0,+5.388087E-01,+1.245000E-05,+9.910000E+37,+9.583574E+02,+3.584400E+04,+5.389451E-01,+1.245000E-05,+9.910000E+37,+9.584238E+02,+3.584400E+04,+5.403112E-01,+1.245000E-05,+9.910000E+37,+9.584912E+02,+3.584400E+04,-7.280916E-03,+0.000000E+00,+9.910000E+37,+9.585566E+02,+3.584400E+04
10:37:40,0e0,+5.684946E-01,+1.389500E-05,+9.910000E+37,+9.587725E+02,+3.584400E+04,+5.695411E-01,+1.389500E-05,+9.910000E+37,+9.588379E+02,+3.584400E+04,+5.696783E-01,+1.389500E-05,+9.910000E+37,+9.589062E+02,+3.584400E+04,-8.510262E-03,+0.000000E+00,+9.910000E+37,+9.589785E+02,+3.584400E+04
10:37:40,0e0,+6.000013E-01,+1.550500E-05,+9.910000E+37,+9.591982E+02,+3.584400E+04,+5.981336E-01,+1.550500E-05,+9.910000E+37,+9.592646E+02,+3.584400E+04,+6.011395E-01,+1.550500E-05,+9.910000E+37,+9.593311E+02,+3.584400E+04,-7.553995E-03,+0.000000E+00,+9.910000E+37,+9.594023E+02,+3.584400E+04
10:37:40,0e0,+6.319634E-01,+1.730000E-05,+9.910000E+37,+9.596240E+02,+3.584400E+04,+6.305965E-01,+1.730000E-05,+9.910000E+37,+9.596904E+02,+3.584400E+04,+6.314618E-01,+1.730000E-05,+9.910000E+37,+9.597559E+02,+3.584400E+04,-8.328125E-03,+0.000000E+00,+9.910000E+37,+9.598262E+02,+3.584400E+04
10:37:40,0e0,+6.658821E-01,+1.930500E-05,+9.910000E+37,+9.600430E+02,+3.584400E+04,+6.645172E-01,+1.930500E-05,+9.910000E+37,+9.601094E+02,+3.584400E+04,+6.662949E-01,+1.930500E-05,+9.910000E+37,+9.601758E+02,+3.584400E+04,-7.372081E-03,+0.000000E+00,+9.910000E+37,+9.602480E+02,+3.584400E+04
10:37:40,0e0,+6.986639E-01,+2.154500E-05,+9.910000E+37,+9.604678E+02,+3.584400E+04,+6.985739E-01,+2.154500E-05,+9.910000E+37,+9.605342E+02,+3.584400E+04,+6.982552E-01,+2.154500E-05,+9.910000E+37,+9.606006E+02,+3.584400E+04,-9.375349E-03,+0.000000E+00,+9.910000E+37,+9.606729E+02,+3.584400E+04
10:37:40,0e0,+7.322208E-01,+2.404000E-05,+9.910000E+37,+9.608926E+02,+3.584400E+04,+7.327216E-01,+2.404000E-05,+9.910000E+37,+9.609600E+02,+3.584400E+04,+7.332681E-01,+2.404000E-05,+9.910000E+37,+9.610254E+02,+3.584400E+04,-8.191541E-03,+0.000000E+00,+9.910000E+37,+9.610977E+02,+3.584400E+04
10:37:40,0e0,+7.684628E-01,+2.682500E-05,+9.910000E+37,+9.613184E+02,+3.584400E+04,+7.672326E-01,+2.682500E-05,+9.910000E+37,+9.613848E+02,+3.584400E+04,+7.678698E-01,+2.682500E-05,+9.910000E+37,+9.614512E+02,+3.584400E+04,-8.829042E-03,+0.000000E+00,+9.910000E+37,+9.615195E+02,+3.584400E+04
10:37:40,0e0,+8.037939E-01,+2.993500E-05,+9.910000E+37,+9.617402E+02,+3.584400E+04,+8.045675E-01,+2.993500E-05,+9.910000E+37,+9.618076E+02,+3.584400E+04,+8.041126E-01,+2.993500E-05,+9.910000E+37,+9.618730E+02,+3.584400E+04,-6.916508E-03,+0.000000E+00,+9.910000E+37,+9.619414E+02,+3.584400E+04
10:37:40,0e0,+8.424956E-01,+3.340500E-05,+9.910000E+37,+9.621631E+02,+3.584400E+04,+8.408099E-01,+3.340500E-05,+9.910000E+37,+9.622305E+02,+3.584400E+04,+8.413558E-01,+3.340500E-05,+9.910000E+37,+9.622959E+02,+3.584400E+04,-6.871000E-03,+0.000000E+00,+9.910000E+37,+9.623672E+02,+3.584400E+04
10:37:40,0e0,+8.802397E-01,+3.727500E-05,+9.910000E+37,+9.625879E+02,+3.584400E+04,+8.787341E-01,+3.727500E-05,+9.910000E+37,+9.626543E+02,+3.584400E+04,+8.803300E-01,+3.727500E-05,+9.910000E+37,+9.627197E+02,+3.584400E+04,-9.102508E-03,+0.000000E+00,+9.910000E+37,+9.627881E+02,+3.584400E+04
10:37:40,0e0,+9.194864E-01,+4.159500E-05,+9.910000E+37,+9.630127E+02,+3.584400E+04,+9.199866E-01,+4.159500E-05,+9.910000E+37,+9.630781E+02,+3.584400E+04,+9.213988E-01,+4.159500E-05,+9.910000E+37,+9.631445E+02,+3.584400E+04,-8.282691E-03,+0.000000E+00,+9.910000E+37,+9.632139E+02,+3.584400E+04
10:37:40,0e0,+9.608729E-01,+4.641500E-05,+9.910000E+37,+9.634375E+02,+3.584400E+04,+9.604633E-01,+4.641500E-05,+9.910000E+37,+9.635049E+02,+3.584400E+04,+9.611915E-01,+4.641500E-05,+9.910000E+37,+9.635703E+02,+3.584400E+04,-8.373693E-03,+0.000000E+00,+9.910000E+37,+9.636377E+02,+3.584400E+04
10:37:40,0e0,+1.003489E+00,+5.179500E-05,+9.910000E+37,+9.638574E+02,+3.584400E+04,+1.003217E+00,+5.179500E-05,+9.910000E+37,+9.639238E+02,+3.584400E+04,+1.002851E+00,+5.179500E-05,+9.910000E+37,+9.639902E+02,+3.584400E+04,-7.781774E-03,+0.000000E+00,+9.910000E+37,+9.640596E+02,+3.584400E+04
10:37:40,0e0,+1.046743E+00,+5.779500E-05,+9.910000E+37,+9.642822E+02,+3.584400E+04,+1.047018E+00,+5.779500E-05,+9.910000E+37,+9.643496E+02,+3.584400E+04,+1.046195E+00,+5.779500E-05,+9.910000E+37,+9.644160E+02,+3.584400E+04,-7.872850E-03,+0.000000E+00,+9.910000E+37,+9.644844E+02,+3.584400E+04
10:37:40,0e0,+1.091543E+00,+6.449500E-05,+9.910000E+37,+9.647031E+02,+3.584400E+04,+1.091907E+00,+6.449500E-05,+9.910000E+37,+9.647695E+02,+3.584400E+04,+1.092501E+00,+6.449500E-05,+9.910000E+37,+9.648379E+02,+3.584400E+04,-8.464679E-03,+0.000000E+00,+9.910000E+37,+9.649092E+02,+3.584400E+04
10:37:40,0e0,+1.138166E+00,+7.197000E-05,+9.910000E+37,+9.651299E+02,+3.584400E+04,+1.138895E+00,+7.197000E-05,+9.910000E+37,+9.651963E+02,+3.584400E+04,+1.139032E+00,+7.197000E-05,+9.910000E+37,+9.652627E+02,+3.584400E+04,-8.100495E-03,+0.000000E+00,+9.910000E+37,+9.653320E+02,+3.584400E+04
10:37:40,0e0,+1.186702E+00,+8.031000E-05,+9.910000E+37,+9.655547E+02,+3.584400E+04,+1.186430E+00,+8.031000E-05,+9.910000E+37,+9.656201E+02,+3.584400E+04,+1.187431E+00,+8.031000E-05,+9.910000E+37,+9.656875E+02,+3.584400E+04,-7.189959E-03,+0.000000E+00,+9.910000E+37,+9.657578E+02,+3.584400E+04
10:37:40,0e0,+1.236466E+00,+8.961500E-05,+9.910000E+37,+9.659795E+02,+3.584400E+04,+1.236149E+00,+8.961500E-05,+9.910000E+37,+9.660459E+02,+3.584400E+04,+1.238470E+00,+8.961500E-05,+9.910000E+37,+9.661123E+02,+3.584400E+04,-8.737952E-03,+0.000000E+00,+9.910000E+37,+9.661836E+02,+3.584400E+04
10:37:40,0e0,+1.287823E+00,+1.000000E-04,+9.910000E+37,+9.663945E+02,+3.584400E+04,+1.288053E+00,+1.000000E-04,+9.910000E+37,+9.664668E+02,+3.584400E+04,+1.289466E+00,+1.000000E-04,+9.910000E+37,+9.665332E+02,+3.584400E+04,-7.508665E-03,+0.000000E+00,+9.910000E+37,+9.665996E+02,+3.584400E+04
10:37:40,0e0,+1.329122E+00,+1.116000E-04,+9.910000E+37,+9.668174E+02,+3.584400E+04,+1.330031E+00,+1.116000E-04,+9.910000E+37,+9.668848E+02,+3.584400E+04,+1.328346E+00,+1.116000E-04,+9.910000E+37,+9.669521E+02,+3.584400E+04,-1.747973E-02,+0.000000E+00,+9.910000E+37,+9.670176E+02,+3.584400E+04
10:37:40,0e0,+1.380117E+00,+1.245000E-04,+9.910000E+37,+9.672354E+02,+3.584400E+04,+1.381162E+00,+1.245000E-04,+9.910000E+37,+9.673018E+02,+3.584400E+04,+1.382937E+00,+1.245000E-04,+9.910000E+37,+9.673691E+02,+3.584400E+04,-1.879996E-02,+0.000000E+00,+9.910000E+37,+9.674346E+02,+3.584400E+04
10:37:40,0e0,+1.435938E+00,+1.389500E-04,+9.910000E+37,+9.676543E+02,+3.584400E+04,+1.434750E+00,+1.389500E-04,+9.910000E+37,+9.677207E+02,+3.584400E+04,+1.435890E+00,+1.389500E-04,+9.910000E+37,+9.677861E+02,+3.584400E+04,-1.729766E-02,+0.000000E+00,+9.910000E+37,+9.678535E+02,+3.584400E+04
10:37:40,0e0,+1.489525E+00,+1.550500E-04,+9.910000E+37,+9.680771E+02,+3.584400E+04,+1.489615E+00,+1.550500E-04,+9.910000E+37,+9.681445E+02,+3.584400E+04,+1.488566E+00,+1.550500E-04,+9.910000E+37,+9.682119E+02,+3.584400E+04,-1.752545E-02,+0.000000E+00,+9.910000E+37,+9.682773E+02,+3.584400E+04
10:37:40,0e0,+1.544023E+00,+1.730000E-04,+9.910000E+37,+9.685020E+02,+3.584400E+04,+1.544842E+00,+1.730000E-04,+9.910000E+37,+9.685684E+02,+3.584400E+04,+1.545663E+00,+1.730000E-04,+9.910000E+37,+9.686357E+02,+3.584400E+04,-1.775305E-02,+0.000000E+00,+9.910000E+37,+9.687031E+02,+3.584400E+04
10:37:40,0e0,+1.601208E+00,+1.930500E-04,+9.910000E+37,+9.689268E+02,+3.584400E+04,+1.601255E+00,+1.930500E-04,+9.910000E+37,+9.689922E+02,+3.584400E+04,+1.600756E+00,+1.930500E-04,+9.910000E+37,+9.690586E+02,+3.584400E+04,-1.748011E-02,+0.000000E+00,+9.910000E+37,+9.691250E+02,+3.584400E+04
10:37:40,0e0,+1.658713E+00,+2.154500E-04,+9.910000E+37,+9.693467E+02,+3.584400E+04,+1.657985E+00,+2.154500E-04,+9.910000E+37,+9.694141E+02,+3.584400E+04,+1.659077E+00,+2.154500E-04,+9.910000E+37,+9.694814E+02,+3.584400E+04,-1.807176E-02,+0.000000E+00,+9.910000E+37,+9.695469E+02,+3.584400E+04
10:37:40,0e0,+1.715077E+00,+2.404000E-04,+9.910000E+37,+9.697705E+02,+3.584400E+04,+1.715989E+00,+2.404000E-04,+9.910000E+37,+9.698369E+02,+3.584400E+04,+1.716674E+00,+2.404000E-04,+9.910000E+37,+9.699043E+02,+3.584400E+04,-1.766196E-02,+0.000000E+00,+9.910000E+37,+9.699697E+02,+3.584400E+04
10:37:40,0e0,+1.773768E+00,+2.682500E-04,+9.910000E+37,+9.701914E+02,+3.584400E+04,+1.775774E+00,+2.682500E-04,+9.910000E+37,+9.702578E+02,+3.584400E+04,+1.775635E+00,+2.682500E-04,+9.910000E+37,+9.703252E+02,+3.584400E+04,-1.720664E-02,+0.000000E+00,+9.910000E+37,+9.703906E+02,+3.584400E+04
10:37:40,0e0,+1.833638E+00,+2.993500E-04,+9.910000E+37,+9.706172E+02,+3.584400E+04,+1.834140E+00,+2.993500E-04,+9.910000E+37,+9.706846E+02,+3.584400E+04,+1.833230E+00,+2.993500E-04,+9.910000E+37,+9.707520E+02,+3.584400E+04,-1.843601E-02,+0.000000E+00,+9.910000E+37,+9.708174E+02,+3.584400E+04
10:37:40,0e0,+1.891463E+00,+3.340500E-04,+9.910000E+37,+9.710420E+02,+3.584400E+04,+1.892148E+00,+3.340500E-04,+9.910000E+37,+9.711084E+02,+3.584400E+04,+1.892557E+00,+3.340500E-04,+9.910000E+37,+9.711748E+02,+3.584400E+04,-1.725207E-02,+0.000000E+00,+9.910000E+37,+9.712402E+02,+3.584400E+04
10:37:40,0e0,+1.952289E+00,+3.727500E-04,+9.910000E+37,+9.714658E+02,+3.584400E+04,+1.951927E+00,+3.727500E-04,+9.910000E+37,+9.715332E+02,+3.584400E+04,+1.951746E+00,+3.727500E-04,+9.910000E+37,+9.716006E+02,+3.584400E+04,-1.629604E-02,+0.000000E+00,+9.910000E+37,+9.716660E+02,+3.584400E+04
10:37:40,0e0,+2.009747E+00,+4.159500E-04,+9.910000E+37,+9.718906E+02,+3.584400E+04,+2.011024E+00,+4.159500E-04,+9.910000E+37,+9.719570E+02,+3.584400E+04,+2.012438E+00,+4.159500E-04,+9.910000E+37,+9.720244E+02,+3.584400E+04,-1.779851E-02,+0.000000E+00,+9.910000E+37,+9.720898E+02,+3.584400E+04
10:37:40,0e0,+2.071627E+00,+4.641500E-04,+9.910000E+37,+9.723105E+02,+3.584400E+04,+2.071808E+00,+4.641500E-04,+9.910000E+37,+9.723760E+02,+3.584400E+04,+2.073401E+00,+4.641500E-04,+9.910000E+37,+9.724434E+02,+3.584400E+04,-1.784402E-02,+0.000000E+00,+9.910000E+37,+9.725088E+02,+3.584400E+04
10:37:40,0e0,+2.131950E+00,+5.179500E-04,+9.910000E+37,+9.727305E+02,+3.584400E+04,+2.133728E+00,+5.179500E-04,+9.910000E+37,+9.727979E+02,+3.584400E+04,+2.134320E+00,+5.179500E-04,+9.910000E+37,+9.728652E+02,+3.584400E+04,-1.670562E-02,+0.000000E+00,+9.910000E+37,+9.729307E+02,+3.584400E+04
10:37:40,0e0,+2.195287E+00,+5.779500E-04,+9.910000E+37,+9.731553E+02,+3.584400E+04,+2.194740E+00,+5.779500E-04,+9.910000E+37,+9.732207E+02,+3.584400E+04,+2.195971E+00,+5.779500E-04,+9.910000E+37,+9.732871E+02,+3.584400E+04,-1.716135E-02,+0.000000E+00,+9.910000E+37,+9.733535E+02,+3.584400E+04
10:37:40,0e0,+2.258070E+00,+6.449500E-04,+9.910000E+37,+9.735742E+02,+3.584400E+04,+2.257435E+00,+6.449500E-04,+9.910000E+37,+9.736416E+02,+3.584400E+04,+2.257432E+00,+6.449500E-04,+9.910000E+37,+9.737080E+02,+3.584400E+04,-1.693335E-02,+0.000000E+00,+9.910000E+37,+9.737744E+02,+3.584400E+04
10:37:40,0e0,+2.321586E+00,+7.197000E-04,+9.910000E+37,+9.740000E+02,+3.584400E+04,+2.321634E+00,+7.197000E-04,+9.910000E+37,+9.740674E+02,+3.584400E+04,+2.320950E+00,+7.197000E-04,+9.910000E+37,+9.741328E+02,+3.584400E+04,-1.702453E-02,+0.000000E+00,+9.910000E+37,+9.742002E+02,+3.584400E+04
10:37:40,0e0,+2.384555E+00,+8.031000E-04,+9.910000E+37,+9.744248E+02,+3.584400E+04,+2.385192E+00,+8.031000E-04,+9.910000E+37,+9.744922E+02,+3.584400E+04,+2.386285E+00,+8.031000E-04,+9.910000E+37,+9.745576E+02,+3.584400E+04,-1.839042E-02,+0.000000E+00,+9.910000E+37,+9.746250E+02,+3.584400E+04
10:37:40,0e0,+2.449798E+00,+8.961500E-04,+9.910000E+37,+9.748467E+02,+3.584400E+04,+2.450707E+00,+8.961500E-04,+9.910000E+37,+9.749150E+02,+3.584400E+04,+2.450300E+00,+8.961500E-04,+9.910000E+37,+9.749805E+02,+3.584400E+04,-1.734339E-02,+0.000000E+00,+9.910000E+37,+9.750469E+02,+3.584400E+04
10:37:40,0e0,+2.516501E+00,+1.000000E-03,+9.910000E+37,+9.752686E+02,+3.584400E+04,+2.516503E+00,+1.000000E-03,+9.910000E+37,+9.753359E+02,+3.584400E+04,+2.517000E+00,+1.000000E-03,+9.910000E+37,+9.754014E+02,+3.584400E+04,-1.697898E-02,+0.000000E+00,+9.910000E+37,+9.754678E+02,+3.584400E+04
10:37:40,0e0,+2.571366E+00,+1.116000E-03,+9.910000E+37,+9.756904E+02,+3.584400E+04,+2.569220E+00,+1.116000E-03,+9.910000E+37,+9.757568E+02,+3.584400E+04,+2.572004E+00,+1.116000E-03,+9.910000E+37,+9.758232E+02,+3.584400E+04,-8.251764E-01,+0.000000E+00,+9.910000E+37,+9.758906E+02,+3.584400E+04
10:37:40,0e0,+2.637561E+00,+1.245000E-03,+9.910000E+37,+9.761152E+02,+3.584400E+04,+2.636610E+00,+1.245000E-03,+9.910000E+37,+9.761826E+02,+3.584400E+04,+2.636972E+00,+1.245000E-03,+9.910000E+37,+9.762480E+02,+3.584400E+04,-7.969919E-01,+0.000000E+00,+9.910000E+37,+9.763145E+02,+3.584400E+04
10:37:40,0e0,+2.706363E+00,+1.389500E-03,+9.910000E+37,+9.765342E+02,+3.584400E+04,+2.705770E+00,+1.389500E-03,+9.910000E+37,+9.766016E+02,+3.584400E+04,+2.705539E+00,+1.389500E-03,+9.910000E+37,+9.766689E+02,+3.584400E+04,-7.728587E-01,+0.000000E+00,+9.910000E+37,+9.767344E+02,+3.584400E+04
10:37:40,0e0,+2.775749E+00,+1.550500E-03,+9.910000E+37,+9.769619E+02,+3.584400E+04,+2.774974E+00,+1.550500E-03,+9.910000E+37,+9.770283E+02,+3.584400E+04,+2.775928E+00,+1.550500E-03,+9.910000E+37,+9.770947E+02,+3.584400E+04,-7.725869E-01,+0.000000E+00,+9.910000E+37,+9.771611E+02,+3.584400E+04
10:37:40,0e0,+2.847870E+00,+1.730000E-03,+9.910000E+37,+9.773838E+02,+3.584400E+04,+2.847733E+00,+1.730000E-03,+9.910000E+37,+9.774502E+02,+3.584400E+04,+2.847550E+00,+1.730000E-03,+9.910000E+37,+9.775166E+02,+3.584400E+04,-8.096504E-01,+0.000000E+00,+9.910000E+37,+9.775830E+02,+3.584400E+04
10:37:40,0e0,+2.920988E+00,+1.930500E-03,+9.910000E+37,+9.778076E+02,+3.584400E+04,+2.920032E+00,+1.930500E-03,+9.910000E+37,+9.778750E+02,+3.584400E+04,+2.920991E+00,+1.930500E-03,+9.910000E+37,+9.779424E+02,+3.584400E+04,-7.876122E-01,+0.000000E+00,+9.910000E+37,+9.780078E+02,+3.584400E+04
10:37:40,0e0,+2.995342E+00,+2.154500E-03,+9.910000E+37,+9.782275E+02,+3.584400E+04,+2.994658E+00,+2.154500E-03,+9.910000E+37,+9.782939E+02,+3.584400E+04,+2.995340E+00,+2.154500E-03,+9.910000E+37,+9.783604E+02,+3.584400E+04,-7.998598E-01,+0.000000E+00,+9.910000E+37,+9.784268E+02,+3.584400E+04
10:37:40,0e0,+3.070652E+00,+2.404000E-03,+9.910000E+37,+9.786523E+02,+3.584400E+04,+3.071191E+00,+2.404000E-03,+9.910000E+37,+9.787197E+02,+3.584400E+04,+3.070826E+00,+2.404000E-03,+9.910000E+37,+9.787871E+02,+3.584400E+04,-7.682147E-01,+0.000000E+00,+9.910000E+37,+9.788525E+02,+3.584400E+04
10:37:40,0e0,+3.149642E+00,+2.682500E-03,+9.910000E+37,+9.790762E+02,+3.584400E+04,+3.149136E+00,+2.682500E-03,+9.910000E+37,+9.791426E+02,+3.584400E+04,+3.151464E+00,+2.682500E-03,+9.910000E+37,+9.792090E+02,+3.584400E+04,-7.915280E-01,+0.000000E+00,+9.910000E+37,+9.792764E+02,+3.584400E+04
10:37:40,0e0,+3.229501E+00,+2.993500E-03,+9.910000E+37,+9.795039E+02,+3.584400E+04,+3.231188E+00,+2.993500E-03,+9.910000E+37,+9.795693E+02,+3.584400E+04,+3.231376E+00,+2.993500E-03,+9.910000E+37,+9.796357E+02,+3.584400E+04,-8.687519E-01,+0.000000E+00,+9.910000E+37,+9.797051E+02,+3.584400E+04
10:37:40,0e0,+3.313190E+00,+3.340500E-03,+9.910000E+37,+9.799326E+02,+3.584400E+04,+3.314373E+00,+3.340500E-03,+9.910000E+37,+9.800000E+02,+3.584400E+04,+3.314779E+00,+3.340500E-03,+9.910000E+37,+9.800654E+02,+3.584400E+04,-7.812832E-01,+0.000000E+00,+9.910000E+37,+9.801318E+02,+3.584400E+04
10:37:40,0e0,+3.399559E+00,+3.727500E-03,+9.910000E+37,+9.803584E+02,+3.584400E+04,+3.399466E+00,+3.727500E-03,+9.910000E+37,+9.804258E+02,+3.584400E+04,+3.398731E+00,+3.727500E-03,+9.910000E+37,+9.804912E+02,+3.584400E+04,-7.711747E-01,+0.000000E+00,+9.910000E+37,+9.805576E+02,+3.584400E+04
10:37:40,0e0,+3.489161E+00,+4.159500E-03,+9.910000E+37,+9.807822E+02,+3.584400E+04,+3.488067E+00,+4.159500E-03,+9.910000E+37,+9.808486E+02,+3.584400E+04,+3.487562E+00,+4.159500E-03,+9.910000E+37,+9.809150E+02,+3.584400E+04,-7.500926E-01,+0.000000E+00,+9.910000E+37,+9.809824E+02,+3.584400E+04
10:37:40,0e0,+3.580176E+00,+4.641500E-03,+9.910000E+37,+9.812061E+02,+3.584400E+04,+3.580039E+00,+4.641500E-03,+9.910000E+37,+9.812734E+02,+3.584400E+04,+3.579947E+00,+4.641500E-03,+9.910000E+37,+9.813389E+02,+3.584400E+04,-7.623410E-01,+0.000000E+00,+9.910000E+37,+9.814053E+02,+3.584400E+04
10:37:40,0e0,+3.673599E+00,+5.179500E-03,+9.910000E+37,+9.816318E+02,+3.584400E+04,+3.676156E+00,+5.179500E-03,+9.910000E+37,+9.816982E+02,+3.584400E+04,+3.675333E+00,+5.179500E-03,+9.910000E+37,+9.817646E+02,+3.584400E+04,-7.581533E-01,+0.000000E+00,+9.910000E+37,+9.818311E+02,+3.584400E+04
10:37:40,0e0,+3.773543E+00,+5.779500E-03,+9.910000E+37,+9.820537E+02,+3.584400E+04,+3.773679E+00,+5.779500E-03,+9.910000E+37,+9.821211E+02,+3.584400E+04,+3.774186E+00,+5.779500E-03,+9.910000E+37,+9.821875E+02,+3.584400E+04,-7.512763E-01,+0.000000E+00,+9.910000E+37,+9.822529E+02,+3.584400E+04
10:37:40,0e0,+3.875890E+00,+6.449500E-03,+9.910000E+37,+9.824736E+02,+3.584400E+04,+3.877674E+00,+6.449500E-03,+9.910000E+37,+9.825400E+02,+3.584400E+04,+3.875524E+00,+6.449500E-03,+9.910000E+37,+9.826064E+02,+3.584400E+04,-7.347026E-01,+0.000000E+00,+9.910000E+37,+9.826729E+02,+3.584400E+04
10:37:40,0e0,+3.982429E+00,+7.197000E-03,+9.910000E+37,+9.828984E+02,+3.584400E+04,+3.984580E+00,+7.197000E-03,+9.910000E+37,+9.829648E+02,+3.584400E+04,+3.983342E+00,+7.197000E-03,+9.910000E+37,+9.830312E+02,+3.584400E+04,-7.508667E-01,+0.000000E+00,+9.910000E+37,+9.830977E+02,+3.584400E+04
10:37:40,0e0,+4.096212E+00,+8.031000E-03,+9.910000E+37,+9.833232E+02,+3.584400E+04,+4.094758E+00,+8.031000E-03,+9.910000E+37,+9.833887E+02,+3.584400E+04,+4.096124E+00,+8.031000E-03,+9.910000E+37,+9.834561E+02,+3.584400E+04,-7.217709E-01,+0.000000E+00,+9.910000E+37,+9.835215E+02,+3.584400E+04
10:37:40,0e0,+4.212906E+00,+8.961500E-03,+9.910000E+37,+9.837441E+02,+3.584400E+04,+4.213090E+00,+8.961500E-03,+9.910000E+37,+9.838115E+02,+3.584400E+04,+4.211487E+00,+8.961500E-03,+9.910000E+37,+9.838770E+02,+3.584400E+04,-7.186739E-01,+0.000000E+00,+9.910000E+37,+9.839434E+02,+3.584400E+04
