10:39:23,0e0,+1.124883E-02,+1.000000E-07,+9.910000E+37,+1.039896E+03,+3.584400E+04,+9.837404E-03,+1.000000E-07,+9.910000E+37,+1.039963E+03,+3.584400E+04,+1.052046E-02,+1.000000E-07,+9.910000E+37,+1.040030E+03,+3.584400E+04,-5.278587E-03,+0.000000E+00,+9.910000E+37,+1.040096E+03,+3.584400E+04
10:39:23,0e0,+1.165845E-02,+1.116000E-07,+9.910000E+37,+1.040320E+03,+3.584400E+04,+1.261471E-02,+1.116000E-07,+9.910000E+37,+1.040387E+03,+3.584400E+04,+1.174961E-02,+1.116000E-07,+9.910000E+37,+1.040454E+03,+3.584400E+04,-7.691860E-03,+0.000000E+00,+9.910000E+37,+1.040521E+03,+3.584400E+04
10:39:23,0e0,+1.247805E-02,+1.245000E-07,+9.910000E+37,+1.040745E+03,+3.584400E+04,+1.416276E-02,+1.245000E-07,+9.910000E+37,+1.040812E+03,+3.584400E+04,+1.457240E-02,+1.245000E-07,+9.910000E+37,+1.040878E+03,+3.584400E+04,-7.509351E-03,+0.000000E+00,+9.910000E+37,+1.040945E+03,+3.584400E+04
10:39:23,0e0,+1.634803E-02,+1.389500E-07,+9.910000E+37,+1.041173E+03,+3.584400E+04,+1.653022E-02,+1.389500E-07,+9.910000E+37,+1.041240E+03,+3.584400E+04,+1.662129E-02,+1.389500E-07,+9.910000E+37,+1.041306E+03,+3.584400E+04,-6.007075E-03,+0.000000E+00,+9.910000E+37,+1.041372E+03,+3.584400E+04
10:39:23,0e0,+1.985407E-02,+1.550500E-07,+9.910000E+37,+1.041597E+03,+3.584400E+04,+1.994503E-02,+1.550500E-07,+9.910000E+37,+1.041663E+03,+3.584400E+04,+1.989965E-02,+1.550500E-07,+9.910000E+37,+1.041729E+03,+3.584400E+04,-6.098062E-03,+0.000000E+00,+9.910000E+37,+1.041797E+03,+3.584400E+04
10:39:23,0e0,+2.226698E-02,+1.730000E-07,+9.910000E+37,+1.042021E+03,+3.584400E+04,+2.281323E-02,+1.730000E-07,+9.910000E+37,+1.042088E+03,+3.584400E+04,+2.254027E-02,+1.730000E-07,+9.910000E+37,+1.042154E+03,+3.584400E+04,-6.052583E-03,+0.000000E+00,+9.910000E+37,+1.042221E+03,+3.584400E+04
10:39:23,0e0,+2.663797E-02,+1.930500E-07,+9.910000E+37,+1.042447E+03,+3.584400E+04,+2.527191E-02,+1.930500E-07,+9.910000E+37,+1.042514E+03,+3.584400E+04,+2.622806E-02,+1.930500E-07,+9.910000E+37,+1.042581E+03,+3.584400E+04,-5.324274E-03,+0.000000E+00,+9.910000E+37,+1.042648E+03,+3.584400E+04
10:39:23,0e0,+2.959740E-02,+2.154500E-07,+9.910000E+37,+1.042872E+03,+3.584400E+04,+3.014365E-02,+2.154500E-07,+9.910000E+37,+1.042938E+03,+3.584400E+04,+2.868679E-02,+2.154500E-07,+9.910000E+37,+1.043005E+03,+3.584400E+04,-6.735757E-03,+0.000000E+00,+9.910000E+37,+1.043071E+03,+3.584400E+04
10:39:23,0e0,+3.374061E-02,+2.404000E-07,+9.910000E+37,+1.043319E+03,+3.584400E+04,+3.314874E-02,+2.404000E-07,+9.910000E+37,+1.043386E+03,+3.584400E+04,+3.364968E-02,+2.404000E-07,+9.910000E+37,+1.043453E+03,+3.584400E+04,-5.870551E-03,+0.000000E+00,+9.910000E+37,+1.043519E+03,+3.584400E+04
10:39:23,0e0,+3.797495E-02,+2.682500E-07,+9.910000E+37,+1.043748E+03,+3.584400E+04,+3.797483E-02,+2.682500E-07,+9.910000E+37,+1.043814E+03,+3.584400E+04,+3.733745E-02,+2.682500E-07,+9.910000E+37,+1.043881E+03,+3.584400E+04,-6.553397E-03,+0.000000E+00,+9.910000E+37,+1.043947E+03,+3.584400E+04
10:39:23,0e0,+4.330188E-02,+2.993500E-07,+9.910000E+37,+1.044172E+03,+3.584400E+04,+4.184473E-02,+2.993500E-07,+9.910000E+37,+1.044239E+03,+3.584400E+04,+4.243702E-02,+2.993500E-07,+9.910000E+37,+1.044305E+03,+3.584400E+04,-5.460680E-03,+0.000000E+00,+9.910000E+37,+1.044371E+03,+3.584400E+04
10:39:23,0e0,+4.662526E-02,+3.340500E-07,+9.910000E+37,+1.044598E+03,+3.584400E+04,+4.790038E-02,+3.340500E-07,+9.910000E+37,+1.044664E+03,+3.584400E+04,+4.703519E-02,+3.340500E-07,+9.910000E+37,+1.044731E+03,+3.584400E+04,-6.690189E-03,+0.000000E+00,+9.910000E+37,+1.044797E+03,+3.584400E+04
10:39:23,0e0,+5.190694E-02,+3.727500E-07,+9.910000E+37,+1.045022E+03,+3.584400E+04,+5.386436E-02,+3.727500E-07,+9.910000E+37,+1.045088E+03,+3.584400E+04,+5.345508E-02,+3.727500E-07,+9.910000E+37,+1.045154E+03,+3.584400E+04,-7.783189E-03,+0.000000E+00,+9.910000E+37,+1.045222E+03,+3.584400E+04
10:39:23,0e0,+5.969253E-02,+4.159500E-07,+9.910000E+37,+1.045443E+03,+3.584400E+04,+5.896389E-02,+4.159500E-07,+9.910000E+37,+1.045510E+03,+3.584400E+04,+5.782542E-02,+4.159500E-07,+9.910000E+37,+1.045576E+03,+3.584400E+04,-6.781280E-03,+0.000000E+00,+9.910000E+37,+1.045644E+03,+3.584400E+04
10:39:23,0e0,+6.679529E-02,+4.641500E-07,+9.910000E+37,+1.045869E+03,+3.584400E+04,+6.843433E-02,+4.641500E-07,+9.910000E+37,+1.045937E+03,+3.584400E+04,+6.788805E-02,+4.641500E-07,+9.910000E+37,+1.046004E+03,+3.584400E+04,-6.052569E-03,+0.000000E+00,+9.910000E+37,+1.046069E+03,+3.584400E+04
10:39:23,0e0,+7.499090E-02,+5.179500E-07,+9.910000E+37,+1.046293E+03,+3.584400E+04,+7.444441E-02,+5.179500E-07,+9.910000E+37,+1.046360E+03,+3.584400E+04,+7.594663E-02,+5.179500E-07,+9.910000E+37,+1.046428E+03,+3.584400E+04,-6.325707E-03,+0.000000E+00,+9.910000E+37,+1.046493E+03,+3.584400E+04
10:39:23,0e0,+8.377799E-02,+5.779500E-07,+9.910000E+37,+1.046718E+03,+3.584400E+04,+8.332238E-02,+5.779500E-07,+9.910000E+37,+1.046784E+03,+3.584400E+04,+8.382350E-02,+5.779500E-07,+9.910000E+37,+1.046851E+03,+3.584400E+04,-8.101776E-03,+0.000000E+00,+9.910000E+37,+1.046917E+03,+3.584400E+04
10:39:23,0e0,+9.356686E-02,+6.449500E-07,+9.910000E+37,+1.047140E+03,+3.584400E+04,+9.361222E-02,+6.449500E-07,+9.910000E+37,+1.047207E+03,+3.584400E+04,+9.138086E-02,+6.449500E-07,+9.910000E+37,+1.047274E+03,+3.584400E+04,-5.506471E-03,+0.000000E+00,+9.910000E+37,+1.047342E+03,+3.584400E+04
10:39:23,0e0,+1.033562E-01,+7.197000E-07,+9.910000E+37,+1.047565E+03,+3.584400E+04,+1.033100E-01,+7.197000E-07,+9.910000E+37,+1.047633E+03,+3.584400E+04,+1.029003E-01,+7.197000E-07,+9.910000E+37,+1.047698E+03,+3.584400E+04,-6.690085E-03,+0.000000E+00,+9.910000E+37,+1.047765E+03,+3.584400E+04
10:39:23,0e0,+1.159220E-01,+8.031000E-07,+9.910000E+37,+1.047991E+03,+3.584400E+04,+1.151025E-01,+8.031000E-07,+9.910000E+37,+1.048058E+03,+3.584400E+04,+1.171517E-01,+8.031000E-07,+9.910000E+37,+1.048125E+03,+3.584400E+04,-6.234884E-03,+0.000000E+00,+9.910000E+37,+1.048191E+03,+3.584400E+04
10:39:23,0e0,+1.280329E-01,+8.961500E-07,+9.910000E+37,+1.048416E+03,+3.584400E+04,+1.268031E-01,+8.961500E-07,+9.910000E+37,+1.048482E+03,+3.584400E+04,+1.280332E-01,+8.961500E-07,+9.910000E+37,+1.048549E+03,+3.584400E+04,-7.782936E-03,+0.000000E+00,+9.910000E+37,+1.048615E+03,+3.584400E+04
10:39:23,0e0,+1.423752E-01,+1.000000E-06,+9.910000E+37,+1.048837E+03,+3.584400E+04,+1.421931E-01,+1.000000E-06,+9.910000E+37,+1.048904E+03,+3.584400E+04,+1.412819E-01,+1.000000E-06,+9.910000E+37,+1.048970E+03,+3.584400E+04,-6.918043E-03,+0.000000E+00,+9.910000E+37,+1.049036E+03,+3.584400E+04
10:39:23,0e0,+1.454255E-01,+1.116000E-06,+9.910000E+37,+1.049262E+03,+3.584400E+04,+1.456985E-01,+1.116000E-06,+9.910000E+37,+1.049328E+03,+3.584400E+04,+1.447878E-01,+1.116000E-06,+9.910000E+37,+1.049395E+03,+3.584400E+04,-7.190943E-03,+0.000000E+00,+9.910000E+37,+1.049461E+03,+3.584400E+04
10:39:23,0e0,+1.605416E-01,+1.245000E-06,+9.910000E+37,+1.049687E+03,+3.584400E+04,+1.597673E-01,+1.245000E-06,+9.910000E+37,+1.049753E+03,+3.584400E+04,+1.605414E-01,+1.245000E-06,+9.910000E+37,+1.049820E+03,+3.584400E+04,-7.008657E-03,+0.000000E+00,+9.910000E+37,+1.049886E+03,+3.584400E+04
10:39:23,0e0,+1.762034E-01,+1.389500E-06,+9.910000E+37,+1.050108E+03,+3.584400E+04,+1.767500E-01,+1.389500E-06,+9.910000E+37,+1.050174E+03,+3.584400E+04,+1.780704E-01,+1.389500E-06,+9.910000E+37,+1.050240E+03,+3.584400E+04,-8.693591E-03,+0.000000E+00,+9.910000E+37,+1.050308E+03,+3.584400E+04
10:39:23,0e0,+1.955993E-01,+1.550500E-06,+9.910000E+37,+1.050533E+03,+3.584400E+04,+1.949164E-01,+1.550500E-06,+9.910000E+37,+1.050601E+03,+3.584400E+04,+1.943699E-01,+1.550500E-06,+9.910000E+37,+1.050666E+03,+3.584400E+04,-6.416932E-03,+0.000000E+00,+9.910000E+37,+1.050733E+03,+3.584400E+04
10:39:23,0e0,+2.151772E-01,+1.730000E-06,+9.910000E+37,+1.050958E+03,+3.584400E+04,+2.162700E-01,+1.730000E-06,+9.910000E+37,+1.051024E+03,+3.584400E+04,+2.156775E-01,+1.730000E-06,+9.910000E+37,+1.051092E+03,+3.584400E+04,-6.735608E-03,+0.000000E+00,+9.910000E+37,+1.051159E+03,+3.584400E+04
10:39:23,0e0,+2.357560E-01,+1.930500E-06,+9.910000E+37,+1.051379E+03,+3.584400E+04,+2.373954E-01,+1.930500E-06,+9.910000E+37,+1.051446E+03,+3.584400E+04,+2.378516E-01,+1.930500E-06,+9.910000E+37,+1.051512E+03,+3.584400E+04,-7.418871E-03,+0.000000E+00,+9.910000E+37,+1.051578E+03,+3.584400E+04
10:39:23,0e0,+2.618458E-01,+2.154500E-06,+9.910000E+37,+1.051801E+03,+3.584400E+04,+2.614362E-01,+2.154500E-06,+9.910000E+37,+1.051867E+03,+3.584400E+04,+2.610717E-01,+2.154500E-06,+9.910000E+37,+1.051934E+03,+3.584400E+04,-6.689876E-03,+0.000000E+00,+9.910000E+37,+1.052001E+03,+3.584400E+04
10:39:23,0e0,+2.863863E-01,+2.404000E-06,+9.910000E+37,+1.052226E+03,+3.584400E+04,+2.878887E-01,+2.404000E-06,+9.910000E+37,+1.052292E+03,+3.584400E+04,+2.868415E-01,+2.404000E-06,+9.910000E+37,+1.052359E+03,+3.584400E+04,-6.462201E-03,+0.000000E+00,+9.910000E+37,+1.052427E+03,+3.584400E+04
10:39:23,0e0,+3.157085E-01,+2.682500E-06,+9.910000E+37,+1.052651E+03,+3.584400E+04,+3.146599E-01,+2.682500E-06,+9.910000E+37,+1.052718E+03,+3.584400E+04,+3.163444E-01,+2.682500E-06,+9.910000E+37,+1.052785E+03,+3.584400E+04,-6.872043E-03,+0.000000E+00,+9.910000E+37,+1.052851E+03,+3.584400E+04
10:39:23,0e0,+3.483071E-01,+2.993500E-06,+9.910000E+37,+1.053076E+03,+3.584400E+04,+3.453919E-01,+2.993500E-06,+9.910000E+37,+1.053144E+03,+3.584400E+04,+3.453472E-01,+2.993500E-06,+9.910000E+37,+1.053210E+03,+3.584400E+04,-7.373437E-03,+0.000000E+00,+9.910000E+37,+1.053276E+03,+3.584400E+04
10:39:23,0e0,+3.792204E-01,+3.340500E-06,+9.910000E+37,+1.053502E+03,+3.584400E+04,+3.810884E-01,+3.340500E-06,+9.910000E+37,+1.053569E+03,+3.584400E+04,+3.819541E-01,+3.340500E-06,+9.910000E+37,+1.053635E+03,+3.584400E+04,-7.373303E-03,+0.000000E+00,+9.910000E+37,+1.053702E+03,+3.584400E+04
10:39:23,0e0,+4.159184E-01,+3.727500E-06,+9.910000E+37,+1.053929E+03,+3.584400E+04,+4.166917E-01,+3.727500E-06,+9.910000E+37,+1.053995E+03,+3.584400E+04,+4.172392E-01,+3.727500E-06,+9.910000E+37,+1.054062E+03,+3.584400E+04,-7.464185E-03,+0.000000E+00,+9.910000E+37,+1.054130E+03,+3.584400E+04
10:39:23,0e0,+4.578062E-01,+4.159500E-06,+9.910000E+37,+1.054354E+03,+3.584400E+04,+4.568499E-01,+4.159500E-06,+9.910000E+37,+1.054422E+03,+3.584400E+04,+4.580345E-01,+4.159500E-06,+9.910000E+37,+1.054487E+03,+3.584400E+04,-8.192956E-03,+0.000000E+00,+9.910000E+37,+1.054555E+03,+3.584400E+04
10:39:23,0e0,+5.034733E-01,+4.641500E-06,+9.910000E+37,+1.054781E+03,+3.584400E+04,+5.023358E-01,+4.641500E-06,+9.910000E+37,+1.054848E+03,+3.584400E+04,+5.013331E-01,+4.641500E-06,+9.910000E+37,+1.054915E+03,+3.584400E+04,-8.511841E-03,+0.000000E+00,+9.910000E+37,+1.054981E+03,+3.584400E+04
10:39:23,0e0,+5.501429E-01,+5.179500E-06,+9.910000E+37,+1.055207E+03,+3.584400E+04,+5.495492E-01,+5.179500E-06,+9.910000E+37,+1.055273E+03,+3.584400E+04,+5.492762E-01,+5.179500E-06,+9.910000E+37,+1.055341E+03,+3.584400E+04,-6.781042E-03,+0.000000E+00,+9.910000E+37,+1.055407E+03,+3.584400E+04
10:39:23,0e0,+6.008153E-01,+5.779500E-06,+9.910000E+37,+1.055628E+03,+3.584400E+04,+6.021820E-01,+5.779500E-06,+9.910000E+37,+1.055694E+03,+3.584400E+04,+6.009970E-01,+5.779500E-06,+9.910000E+37,+1.055761E+03,+3.584400E+04,-7.509753E-03,+0.000000E+00,+9.910000E+37,+1.055827E+03,+3.584400E+04
10:39:23,0e0,+6.590487E-01,+6.449500E-06,+9.910000E+37,+1.056049E+03,+3.584400E+04,+6.606873E-01,+6.449500E-06,+9.910000E+37,+1.056116E+03,+3.584400E+04,+6.580924E-01,+6.449500E-06,+9.910000E+37,+1.056182E+03,+3.584400E+04,-7.418752E-03,+0.000000E+00,+9.910000E+37,+1.056249E+03,+3.584400E+04
10:39:23,0e0,+7.193289E-01,+7.197000E-06,+9.910000E+37,+1.056474E+03,+3.584400E+04,+7.207412E-01,+7.197000E-06,+9.910000E+37,+1.056541E+03,+3.584400E+04,+7.209243E-01,+7.197000E-06,+9.910000E+37,+1.056607E+03,+3.584400E+04,-6.690249E-03,+0.000000E+00,+9.910000E+37,+1.056674E+03,+3.584400E+04
10:39:23,0e0,+7.870315E-01,+8.031000E-06,+9.910000E+37,+1.056900E+03,+3.584400E+04,+7.860781E-01,+8.031000E-06,+9.910000E+37,+1.056968E+03,+3.584400E+04,+7.862581E-01,+8.031000E-06,+9.910000E+37,+1.057035E+03,+3.584400E+04,-6.644547E-03,+0.000000E+00,+9.910000E+37,+1.057101E+03,+3.584400E+04
10:39:23,0e0,+8.570116E-01,+8.961500E-06,+9.910000E+37,+1.057326E+03,+3.584400E+04,+8.583347E-01,+8.961500E-06,+9.910000E+37,+1.057392E+03,+3.584400E+04,+8.568286E-01,+8.961500E-06,+9.910000E+37,+1.057458E+03,+3.584400E+04,-7.145643E-03,+0.000000E+00,+9.910000E+37,+1.057525E+03,+3.584400E+04
10:39:23,0e0,+9.343680E-01,+1.000000E-05,+9.910000E+37,+1.057748E+03,+3.584400E+04,+9.340972E-01,+1.000000E-05,+9.910000E+37,+1.057814E+03,+3.584400E+04,+9.346881E-01,+1.000000E-05,+9.910000E+37,+1.057882E+03,+3.584400E+04,-6.097943E-03,+0.000000E+00,+9.910000E+37,+1.057947E+03,+3.584400E+04
10:39:23,0e0,+1.003209E+00,+1.116000E-05,+9.910000E+37,+1.058168E+03,+3.584400E+04,+1.003118E+00,+1.116000E-05,+9.910000E+37,+1.058235E+03,+3.584400E+04,+1.003529E+00,+1.116000E-05,+9.910000E+37,+1.058301E+03,+3.584400E+04,-7.282197E-03,+0.000000E+00,+9.910000E+37,+1.058368E+03,+3.584400E+04
10:39:23,0e0,+1.088624E+00,+1.245000E-05,+9.910000E+37,+1.058586E+03,+3.584400E+04,+1.089809E+00,+1.245000E-05,+9.910000E+37,+1.058651E+03,+3.584400E+04,+1.087985E+00,+1.245000E-05,+9.910000E+37,+1.058718E+03,+3.584400E+04,-8.101881E-03,+0.000000E+00,+9.910000E+37,+1.058785E+03,+3.584400E+04
10:39:23,0e0,+1.181459E+00,+1.389500E-05,+9.910000E+37,+1.058999E+03,+3.584400E+04,+1.180412E+00,+1.389500E-05,+9.910000E+37,+1.059066E+03,+3.584400E+04,+1.180549E+00,+1.389500E-05,+9.910000E+37,+1.059132E+03,+3.584400E+04,-8.192539E-03,+0.000000E+00,+9.910000E+37,+1.059204E+03,+3.584400E+04
10:39:23,0e0,+1.276117E+00,+1.550500E-05,+9.910000E+37,+1.059426E+03,+3.584400E+04,+1.275976E+00,+1.550500E-05,+9.910000E+37,+1.059492E+03,+3.584400E+04,+1.277619E+00,+1.550500E-05,+9.910000E+37,+1.059560E+03,+3.584400E+04,-7.373169E-03,+0.000000E+00,+9.910000E+37,+1.059626E+03,+3.584400E+04
10:39:23,0e0,+1.378377E+00,+1.730000E-05,+9.910000E+37,+1.059848E+03,+3.584400E+04,+1.378605E+00,+1.730000E-05,+9.910000E+37,+1.059914E+03,+3.584400E+04,+1.377145E+00,+1.730000E-05,+9.910000E+37,+1.059981E+03,+3.584400E+04,-7.646501E-03,+0.000000E+00,+9.910000E+37,+1.060050E+03,+3.584400E+04
10:39:23,0e0,+1.482821E+00,+1.930500E-05,+9.910000E+37,+1.060268E+03,+3.584400E+04,+1.485690E+00,+1.930500E-05,+9.910000E+37,+1.060334E+03,+3.584400E+04,+1.484096E+00,+1.930500E-05,+9.910000E+37,+1.060401E+03,+3.584400E+04,-7.964998E-03,+0.000000E+00,+9.910000E+37,+1.060472E+03,+3.584400E+04
10:39:23,0e0,+1.593596E+00,+2.154500E-05,+9.910000E+37,+1.060695E+03,+3.584400E+04,+1.594188E+00,+2.154500E-05,+9.910000E+37,+1.060761E+03,+3.584400E+04,+1.595417E+00,+2.154500E-05,+9.910000E+37,+1.060827E+03,+3.584400E+04,-7.464156E-03,+0.000000E+00,+9.910000E+37,+1.060896E+03,+3.584400E+04
10:39:23,0e0,+1.709926E+00,+2.404000E-05,+9.910000E+37,+1.061114E+03,+3.584400E+04,+1.709376E+00,+2.404000E-05,+9.910000E+37,+1.061180E+03,+3.584400E+04,+1.710151E+00,+2.404000E-05,+9.910000E+37,+1.061248E+03,+3.584400E+04,-7.691771E-03,+0.000000E+00,+9.910000E+37,+1.061320E+03,+3.584400E+04
10:39:23,0e0,+1.829126E+00,+2.682500E-05,+9.910000E+37,+1.061540E+03,+3.584400E+04,+1.830581E+00,+2.682500E-05,+9.910000E+37,+1.061606E+03,+3.584400E+04,+1.830714E+00,+2.682500E-05,+9.910000E+37,+1.061674E+03,+3.584400E+04,-5.779147E-03,+0.000000E+00,+9.910000E+37,+1.061746E+03,+3.584400E+04
10:39:23,0e0,+1.955833E+00,+2.993500E-05,+9.910000E+37,+1.061968E+03,+3.584400E+04,+1.955468E+00,+2.993500E-05,+9.910000E+37,+1.062035E+03,+3.584400E+04,+1.957066E+00,+2.993500E-05,+9.910000E+37,+1.062101E+03,+3.584400E+04,-9.240255E-03,+0.000000E+00,+9.910000E+37,+1.062172E+03,+3.584400E+04
10:39:23,0e0,+2.084272E+00,+3.340500E-05,+9.910000E+37,+1.062393E+03,+3.584400E+04,+2.084363E+00,+3.340500E-05,+9.910000E+37,+1.062459E+03,+3.584400E+04,+2.084455E+00,+3.340500E-05,+9.910000E+37,+1.062526E+03,+3.584400E+04,-8.056149E-03,+0.000000E+00,+9.910000E+37,+1.062598E+03,+3.584400E+04
10:39:23,0e0,+2.216171E+00,+3.727500E-05,+9.910000E+37,+1.062820E+03,+3.584400E+04,+2.218450E+00,+3.727500E-05,+9.910000E+37,+1.062888E+03,+3.584400E+04,+2.218127E+00,+3.727500E-05,+9.910000E+37,+1.062953E+03,+3.584400E+04,-7.736906E-03,+0.000000E+00,+9.910000E+37,+1.063024E+03,+3.584400E+04
10:39:23,0e0,+2.355176E+00,+4.159500E-05,+9.910000E+37,+1.063245E+03,+3.584400E+04,+2.355675E+00,+4.159500E-05,+9.910000E+37,+1.063313E+03,+3.584400E+04,+2.357228E+00,+4.159500E-05,+9.910000E+37,+1.063386E+03,+3.584400E+04,-6.644785E-03,+0.000000E+00,+9.910000E+37,+1.063456E+03,+3.584400E+04
10:39:23,0e0,+2.497867E+00,+4.641500E-05,+9.910000E+37,+1.063677E+03,+3.584400E+04,+2.501011E+00,+4.641500E-05,+9.910000E+37,+1.063743E+03,+3.584400E+04,+2.499093E+00,+4.641500E-05,+9.910000E+37,+1.063809E+03,+3.584400E+04,-8.693874E-03,+0.000000E+00,+9.910000E+37,+1.063881E+03,+3.584400E+04
10:39:23,0e0,+2.645886E+00,+5.179500E-05,+9.910000E+37,+1.064103E+03,+3.584400E+04,+2.647386E+00,+5.179500E-05,+9.910000E+37,+1.064169E+03,+3.584400E+04,+2.649664E+00,+5.179500E-05,+9.910000E+37,+1.064236E+03,+3.584400E+04,-7.965341E-03,+0.000000E+00,+9.910000E+37,+1.064305E+03,+3.584400E+04
10:39:23,0e0,+2.798862E+00,+5.779500E-05,+9.910000E+37,+1.064524E+03,+3.584400E+04,+2.802918E+00,+5.779500E-05,+9.910000E+37,+1.064592E+03,+3.584400E+04,+2.802284E+00,+5.779500E-05,+9.910000E+37,+1.064659E+03,+3.584400E+04,-7.782876E-03,+0.000000E+00,+9.910000E+37,+1.064729E+03,+3.584400E+04
10:39:23,0e0,+2.958991E+00,+6.449500E-05,+9.910000E+37,+1.064951E+03,+3.584400E+04,+2.961222E+00,+6.449500E-05,+9.910000E+37,+1.065017E+03,+3.584400E+04,+2.961267E+00,+6.449500E-05,+9.910000E+37,+1.065084E+03,+3.584400E+04,-8.147180E-03,+0.000000E+00,+9.910000E+37,+1.065152E+03,+3.584400E+04
10:39:23,0e0,+3.126225E+00,+7.197000E-05,+9.910000E+37,+1.065372E+03,+3.584400E+04,+3.125270E+00,+7.197000E-05,+9.910000E+37,+1.065438E+03,+3.584400E+04,+3.127317E+00,+7.197000E-05,+9.910000E+37,+1.065504E+03,+3.584400E+04,-8.192986E-03,+0.000000E+00,+9.910000E+37,+1.065575E+03,+3.584400E+04
10:39:23,0e0,+3.296917E+00,+8.031000E-05,+9.910000E+37,+1.065798E+03,+3.584400E+04,+3.298055E+00,+8.031000E-05,+9.910000E+37,+1.065864E+03,+3.584400E+04,+3.299101E+00,+8.031000E-05,+9.910000E+37,+1.065930E+03,+3.584400E+04,-8.875817E-03,+0.000000E+00,+9.910000E+37,+1.066001E+03,+3.584400E+04
10:39:23,0e0,+3.474027E+00,+8.961500E-05,+9.910000E+37,+1.066221E+03,+3.584400E+04,+3.476256E+00,+8.961500E-05,+9.910000E+37,+1.066287E+03,+3.584400E+04,+3.477170E+00,+8.961500E-05,+9.910000E+37,+1.066354E+03,+3.584400E+04,-7.646382E-03,+0.000000E+00,+9.910000E+37,+1.066424E+03,+3.584400E+04
10:39:23,0e0,+3.659379E+00,+1.000000E-04,+9.910000E+37,+1.066633E+03,+3.584400E+04,+3.662068E+00,+1.000000E-04,+9.910000E+37,+1.066699E+03,+3.584400E+04,+3.662754E+00,+1.000000E-04,+9.910000E+37,+1.066767E+03,+3.584400E+04,-8.420363E-03,+0.000000E+00,+9.910000E+37,+1.066832E+03,+3.584400E+04
10:39:23,0e0,+3.839264E+00,+1.116000E-04,+9.910000E+37,+1.067048E+03,+3.584400E+04,+3.842549E+00,+1.116000E-04,+9.910000E+37,+1.067113E+03,+3.584400E+04,+3.841817E+00,+1.116000E-04,+9.910000E+37,+1.067181E+03,+3.584400E+04,-1.388393E-02,+0.000000E+00,+9.910000E+37,+1.067246E+03,+3.584400E+04
10:39:23,0e0,+4.036727E+00,+1.245000E-04,+9.910000E+37,+1.067470E+03,+3.584400E+04,+4.039964E+00,+1.245000E-04,+9.910000E+37,+1.067537E+03,+3.584400E+04,+4.042602E+00,+1.245000E-04,+9.910000E+37,+1.067603E+03,+3.584400E+04,-1.333761E-02,+0.000000E+00,+9.910000E+37,+1.067669E+03,+3.584400E+04
10:39:23,0e0,+4.245124E+00,+1.389500E-04,+9.910000E+37,+1.067891E+03,+3.584400E+04,+4.246711E+00,+1.389500E-04,+9.910000E+37,+1.067958E+03,+3.584400E+04,+4.247712E+00,+1.389500E-04,+9.910000E+37,+1.068024E+03,+3.584400E+04,-1.452152E-02,+0.000000E+00,+9.910000E+37,+1.068091E+03,+3.584400E+04
10:39:23,0e0,+4.459792E+00,+1.550500E-04,+9.910000E+37,+1.068318E+03,+3.584400E+04,+4.462020E+00,+1.550500E-04,+9.910000E+37,+1.068384E+03,+3.584400E+04,+4.463209E+00,+1.550500E-04,+9.910000E+37,+1.068451E+03,+3.584400E+04,-1.383823E-02,+0.000000E+00,+9.910000E+37,+1.068517E+03,+3.584400E+04
10:39:23,0e0,+4.682344E+00,+1.730000E-04,+9.910000E+37,+1.068741E+03,+3.584400E+04,+4.687128E+00,+1.730000E-04,+9.910000E+37,+1.068809E+03,+3.584400E+04,+4.685478E+00,+1.730000E-04,+9.910000E+37,+1.068874E+03,+3.584400E+04,-1.333778E-02,+0.000000E+00,+9.910000E+37,+1.068940E+03,+3.584400E+04
10:39:23,0e0,+4.913406E+00,+1.930500E-04,+9.910000E+37,+1.069162E+03,+3.584400E+04,+4.917141E+00,+1.930500E-04,+9.910000E+37,+1.069229E+03,+3.584400E+04,+4.917198E+00,+1.930500E-04,+9.910000E+37,+1.069295E+03,+3.584400E+04,-1.456693E-02,+0.000000E+00,+9.910000E+37,+1.069362E+03,+3.584400E+04
10:39:23,0e0,+5.151479E+00,+2.154500E-04,+9.910000E+37,+1.069585E+03,+3.584400E+04,+5.156185E+00,+2.154500E-04,+9.910000E+37,+1.069652E+03,+3.584400E+04,+5.155945E+00,+2.154500E-04,+9.910000E+37,+1.069718E+03,+3.584400E+04,-1.461227E-02,+0.000000E+00,+9.910000E+37,+1.069785E+03,+3.584400E+04
10:39:23,0e0,+5.399076E+00,+2.404000E-04,+9.910000E+37,+1.070012E+03,+3.584400E+04,+5.402593E+00,+2.404000E-04,+9.910000E+37,+1.070078E+03,+3.584400E+04,+5.402310E+00,+2.404000E-04,+9.910000E+37,+1.070146E+03,+3.584400E+04,-1.552331E-02,+0.000000E+00,+9.910000E+37,+1.070212E+03,+3.584400E+04
10:39:23,0e0,+5.653544E+00,+2.682500E-04,+9.910000E+37,+1.070433E+03,+3.584400E+04,+5.656868E+00,+2.682500E-04,+9.910000E+37,+1.070498E+03,+3.584400E+04,+5.658093E+00,+2.682500E-04,+9.910000E+37,+1.070565E+03,+3.584400E+04,-1.356523E-02,+0.000000E+00,+9.910000E+37,+1.070631E+03,+3.584400E+04
10:39:23,0e0,+5.912288E+00,+2.993500E-04,+9.910000E+37,+1.070854E+03,+3.584400E+04,+5.915615E+00,+2.993500E-04,+9.910000E+37,+1.070920E+03,+3.584400E+04,+5.917345E+00,+2.993500E-04,+9.910000E+37,+1.070987E+03,+3.584400E+04,-1.465794E-02,+0.000000E+00,+9.910000E+37,+1.071054E+03,+3.584400E+04
10:39:23,0e0,+6.175989E+00,+3.340500E-04,+9.910000E+37,+1.071280E+03,+3.584400E+04,+6.180835E+00,+3.340500E-04,+9.910000E+37,+1.071348E+03,+3.584400E+04,+6.181199E+00,+3.340500E-04,+9.910000E+37,+1.071414E+03,+3.584400E+04,-1.538652E-02,+0.000000E+00,+9.910000E+37,+1.071481E+03,+3.584400E+04
10:39:23,0e0,+6.443348E+00,+3.727500E-04,+9.910000E+37,+1.071705E+03,+3.584400E+04,+6.444759E+00,+3.727500E-04,+9.910000E+37,+1.071771E+03,+3.584400E+04,+6.446626E+00,+3.727500E-04,+9.910000E+37,+1.071838E+03,+3.584400E+04,-1.461276E-02,+0.000000E+00,+9.910000E+37,+1.071903E+03,+3.584400E+04
10:39:23,0e0,+6.707920E+00,+4.159500E-04,+9.910000E+37,+1.072125E+03,+3.584400E+04,+6.710208E+00,+4.159500E-04,+9.910000E+37,+1.072192E+03,+3.584400E+04,+6.712389E+00,+4.159500E-04,+9.910000E+37,+1.072260E+03,+3.584400E+04,-1.465817E-02,+0.000000E+00,+9.910000E+37,+1.072325E+03,+3.584400E+04
10:39:23,0e0,+6.967071E+00,+4.641500E-04,+9.910000E+37,+1.072548E+03,+3.584400E+04,+6.970455E+00,+4.641500E-04,+9.910000E+37,+1.072613E+03,+3.584400E+04,+6.970903E+00,+4.641500E-04,+9.910000E+37,+1.072681E+03,+3.584400E+04,-1.524979E-02,+0.000000E+00,+9.910000E+37,+1.072746E+03,+3.584400E+04
10:39:23,0e0,+7.219315E+00,+5.179500E-04,+9.910000E+37,+1.072972E+03,+3.584400E+04,+7.220457E+00,+5.179500E-04,+9.910000E+37,+1.073038E+03,+3.584400E+04,+7.220361E+00,+5.179500E-04,+9.910000E+37,+1.073105E+03,+3.584400E+04,-1.370198E-02,+0.000000E+00,+9.910000E+37,+1.073172E+03,+3.584400E+04
10:39:23,0e0,+7.454521E+00,+5.779500E-04,+9.910000E+37,+1.073394E+03,+3.584400E+04,+7.457439E+00,+5.779500E-04,+9.910000E+37,+1.073461E+03,+3.584400E+04,+7.454376E+00,+5.779500E-04,+9.910000E+37,+1.073526E+03,+3.584400E+04,-1.493111E-02,+0.000000E+00,+9.910000E+37,+1.073594E+03,+3.584400E+04
10:39:23,0e0,+7.675567E+00,+6.449500E-04,+9.910000E+37,+1.073813E+03,+3.584400E+04,+7.675333E+00,+6.449500E-04,+9.910000E+37,+1.073879E+03,+3.584400E+04,+7.675252E+00,+6.449500E-04,+9.910000E+37,+1.073945E+03,+3.584400E+04,-1.493137E-02,+0.000000E+00,+9.910000E+37,+1.074012E+03,+3.584400E+04
10:39:23,0e0,+7.880492E+00,+7.197000E-04,+9.910000E+37,+1.074239E+03,+3.584400E+04,+7.882686E+00,+7.197000E-04,+9.910000E+37,+1.074305E+03,+3.584400E+04,+7.881451E+00,+7.197000E-04,+9.910000E+37,+1.074372E+03,+3.584400E+04,-1.520444E-02,+0.000000E+00,+9.910000E+37,+1.074437E+03,+3.584400E+04
10:39:23,0e0,+8.078390E+00,+8.031000E-04,+9.910000E+37,+1.074660E+03,+3.584400E+04,+8.078648E+00,+8.031000E-04,+9.910000E+37,+1.074727E+03,+3.584400E+04,+8.076501E+00,+8.031000E-04,+9.910000E+37,+1.074794E+03,+3.584400E+04,-1.379307E-02,+0.000000E+00,+9.910000E+37,+1.074859E+03,+3.584400E+04
10:39:23,0e0,+8.264509E+00,+8.961500E-04,+9.910000E+37,+1.075085E+03,+3.584400E+04,+8.267458E+00,+8.961500E-04,+9.910000E+37,+1.075151E+03,+3.584400E+04,+8.263312E+00,+8.961500E-04,+9.910000E+37,+1.075219E+03,+3.584400E+04,-1.356550E-02,+0.000000E+00,+9.910000E+37,+1.075286E+03,+3.584400E+04
10:39:23,0e0,+8.443603E+00,+1.000000E-03,+9.910000E+37,+1.075508E+03,+3.584400E+04,+8.446900E+00,+1.000000E-03,+9.910000E+37,+1.075573E+03,+3.584400E+04,+8.442759E+00,+1.000000E-03,+9.910000E+37,+1.075640E+03,+3.584400E+04,-1.465821E-02,+0.000000E+00,+9.910000E+37,+1.075706E+03,+3.584400E+04
10:39:23,0e0,+8.599823E+00,+1.116000E-03,+9.910000E+37,+1.075930E+03,+3.584400E+04,+8.602922E+00,+1.116000E-03,+9.910000E+37,+1.075995E+03,+3.584400E+04,+8.601878E+00,+1.116000E-03,+9.910000E+37,+1.076062E+03,+3.584400E+04,-1.343562E-01,+0.000000E+00,+9.910000E+37,+1.076131E+03,+3.584400E+04
10:39:23,0e0,+8.763643E+00,+1.245000E-03,+9.910000E+37,+1.076354E+03,+3.584400E+04,+8.766746E+00,+1.245000E-03,+9.910000E+37,+1.076421E+03,+3.584400E+04,+8.763502E+00,+1.245000E-03,+9.910000E+37,+1.076487E+03,+3.584400E+04,-1.354036E-01,+0.000000E+00,+9.910000E+37,+1.076555E+03,+3.584400E+04
10:39:23,0e0,+8.923373E+00,+1.389500E-03,+9.910000E+37,+1.076779E+03,+3.584400E+04,+8.928056E+00,+1.389500E-03,+9.910000E+37,+1.076845E+03,+3.584400E+04,+8.924364E+00,+1.389500E-03,+9.910000E+37,+1.076912E+03,+3.584400E+04,-1.313968E-01,+0.000000E+00,+9.910000E+37,+1.076978E+03,+3.584400E+04
10:39:23,0e0,+9.079759E+00,+1.550500E-03,+9.910000E+37,+1.077204E+03,+3.584400E+04,+9.082298E+00,+1.550500E-03,+9.910000E+37,+1.077271E+03,+3.584400E+04,+9.081944E+00,+1.550500E-03,+9.910000E+37,+1.077337E+03,+3.584400E+04,-1.317611E-01,+0.000000E+00,+9.910000E+37,+1.077406E+03,+3.584400E+04
10:39:23,0e0,+9.234057E+00,+1.730000E-03,+9.910000E+37,+1.077635E+03,+3.584400E+04,+9.238113E+00,+1.730000E-03,+9.910000E+37,+1.077702E+03,+3.584400E+04,+9.238295E+00,+1.730000E-03,+9.910000E+37,+1.077770E+03,+3.584400E+04,-1.308963E-01,+0.000000E+00,+9.910000E+37,+1.077836E+03,+3.584400E+04
10:39:23,0e0,+9.389358E+00,+1.930500E-03,+9.910000E+37,+1.078060E+03,+3.584400E+04,+9.394977E+00,+1.930500E-03,+9.910000E+37,+1.078125E+03,+3.584400E+04,+9.392970E+00,+1.930500E-03,+9.910000E+37,+1.078191E+03,+3.584400E+04,-1.322164E-01,+0.000000E+00,+9.910000E+37,+1.078258E+03,+3.584400E+04
10:39:23,0e0,+9.545972E+00,+2.154500E-03,+9.910000E+37,+1.078479E+03,+3.584400E+04,+9.551304E+00,+2.154500E-03,+9.910000E+37,+1.078545E+03,+3.584400E+04,+9.549386E+00,+2.154500E-03,+9.910000E+37,+1.078611E+03,+3.584400E+04,-1.295301E-01,+0.000000E+00,+9.910000E+37,+1.078678E+03,+3.584400E+04
10:39:23,0e0,+9.703515E+00,+2.404000E-03,+9.910000E+37,+1.078905E+03,+3.584400E+04,+9.709801E+00,+2.404000E-03,+9.910000E+37,+1.078972E+03,+3.584400E+04,+9.708796E+00,+2.404000E-03,+9.910000E+37,+1.079038E+03,+3.584400E+04,-1.313969E-01,+0.000000E+00,+9.910000E+37,+1.079105E+03,+3.584400E+04
10:39:23,0e0,+9.865520E+00,+2.682500E-03,+9.910000E+37,+1.079329E+03,+3.584400E+04,+9.869820E+00,+2.682500E-03,+9.910000E+37,+1.079396E+03,+3.584400E+04,+9.869830E+00,+2.682500E-03,+9.910000E+37,+1.079462E+03,+3.584400E+04,-1.258876E-01,+0.000000E+00,+9.910000E+37,+1.079527E+03,+3.584400E+04
10:39:23,0e0,+1.002756E+01,+2.993500E-03,+9.910000E+37,+1.079754E+03,+3.584400E+04,+1.003303E+01,+2.993500E-03,+9.910000E+37,+1.079819E+03,+3.584400E+04,+1.003028E+01,+2.993500E-03,+9.910000E+37,+1.079886E+03,+3.584400E+04,-1.237935E-01,+0.000000E+00,+9.910000E+37,+1.079953E+03,+3.584400E+04
10:39:23,0e0,+1.019100E+01,+3.340500E-03,+9.910000E+37,+1.080173E+03,+3.584400E+04,+1.019532E+01,+3.340500E-03,+9.910000E+37,+1.080238E+03,+3.584400E+04,+1.019534E+01,+3.340500E-03,+9.910000E+37,+1.080306E+03,+3.584400E+04,-1.266162E-01,+0.000000E+00,+9.910000E+37,+1.080371E+03,+3.584400E+04
10:39:23,0e0,+1.035823E+01,+3.727500E-03,+9.910000E+37,+1.080601E+03,+3.584400E+04,+1.036425E+01,+3.727500E-03,+9.910000E+37,+1.080666E+03,+3.584400E+04,+1.035969E+01,+3.727500E-03,+9.910000E+37,+1.080732E+03,+3.584400E+04,-1.191493E-01,+0.000000E+00,+9.910000E+37,+1.080799E+03,+3.584400E+04
10:39:23,0e0,+1.052413E+01,+4.159500E-03,+9.910000E+37,+1.081023E+03,+3.584400E+04,+1.052974E+01,+4.159500E-03,+9.910000E+37,+1.081090E+03,+3.584400E+04,+1.052861E+01,+4.159500E-03,+9.910000E+37,+1.081157E+03,+3.584400E+04,-1.216991E-01,+0.000000E+00,+9.910000E+37,+1.081225E+03,+3.584400E+04
10:39:23,0e0,+1.069753E+01,+4.641500E-03,+9.910000E+37,+1.081449E+03,+3.584400E+04,+1.070146E+01,+4.641500E-03,+9.910000E+37,+1.081517E+03,+3.584400E+04,+1.069924E+01,+4.641500E-03,+9.910000E+37,+1.081582E+03,+3.584400E+04,-1.137768E-01,+0.000000E+00,+9.910000E+37,+1.081648E+03,+3.584400E+04
10:39:23,0e0,+1.087455E+01,+5.179500E-03,+9.910000E+37,+1.081869E+03,+3.584400E+04,+1.087974E+01,+5.179500E-03,+9.910000E+37,+1.081936E+03,+3.584400E+04,+1.087512E+01,+5.179500E-03,+9.910000E+37,+1.082003E+03,+3.584400E+04,-1.113182E-01,+0.000000E+00,+9.910000E+37,+1.082070E+03,+3.584400E+04
10:39:23,0e0,+1.105931E+01,+5.779500E-03,+9.910000E+37,+1.082291E+03,+3.584400E+04,+1.106144E+01,+5.779500E-03,+9.910000E+37,+1.082358E+03,+3.584400E+04,+1.105857E+01,+5.779500E-03,+9.910000E+37,+1.082426E+03,+3.584400E+04,-1.124565E-01,+0.000000E+00,+9.910000E+37,+1.082493E+03,+3.584400E+04
10:39:23,0e0,+1.125057E+01,+6.449500E-03,+9.910000E+37,+1.082719E+03,+3.584400E+04,+1.125188E+01,+6.449500E-03,+9.910000E+37,+1.082784E+03,+3.584400E+04,+1.124857E+01,+6.449500E-03,+9.910000E+37,+1.082851E+03,+3.584400E+04,-1.043978E-01,+0.000000E+00,+9.910000E+37,+1.082917E+03,+3.584400E+04
10:39:23,0e0,+1.144772E+01,+7.197000E-03,+9.910000E+37,+1.083142E+03,+3.584400E+04,+1.144907E+01,+7.197000E-03,+9.910000E+37,+1.083209E+03,+3.584400E+04,+1.144462E+01,+7.197000E-03,+9.910000E+37,+1.083274E+03,+3.584400E+04,-1.049894E-01,+0.000000E+00,+9.910000E+37,+1.083341E+03,+3.584400E+04
10:39:23,0e0,+1.165204E+01,+8.031000E-03,+9.910000E+37,+1.083567E+03,+3.584400E+04,+1.165223E+01,+8.031000E-03,+9.910000E+37,+1.083633E+03,+3.584400E+04,+1.164571E+01,+8.031000E-03,+9.910000E+37,+1.083699E+03,+3.584400E+04,-1.017115E-01,+0.000000E+00,+9.910000E+37,+1.083767E+03,+3.584400E+04
10:39:23,0e0,+1.186197E+01,+8.961500E-03,+9.910000E+37,+1.083987E+03,+3.584400E+04,+1.186080E+01,+8.961500E-03,+9.910000E+37,+1.084054E+03,+3.584400E+04,+1.185248E+01,+8.961500E-03,+9.910000E+37,+1.084121E+03,+3.584400E+04,-9.693089E-02,+0.000000E+00,+9.910000E+37,+1.084187E+03,+3.584400E+04
