10:32:30,0e0,+5.062595E-03,+1.000000E-07,+9.910000E+37,+6.382070E+02,+3.584400E+04,+5.336285E-03,+1.000000E-07,+9.910000E+37,+6.382744E+02,+3.584400E+04,+4.607767E-03,+1.000000E-07,+9.910000E+37,+6.383418E+02,+3.584400E+04,-1.301332E-02,+0.000000E+00,+9.910000E+37,+6.384072E+02,+3.584400E+04
10:32:30,0e0,+7.157013E-03,+1.116000E-07,+9.910000E+37,+6.386328E+02,+3.584400E+04,+6.519243E-03,+1.116000E-07,+9.910000E+37,+6.386992E+02,+3.584400E+04,+7.658273E-03,+1.116000E-07,+9.910000E+37,+6.387656E+02,+3.584400E+04,-1.337774E-02,+0.000000E+00,+9.910000E+37,+6.388320E+02,+3.584400E+04
10:32:30,0e0,+8.113116E-03,+1.245000E-07,+9.910000E+37,+6.390547E+02,+3.584400E+04,+1.102728E-02,+1.245000E-07,+9.910000E+37,+6.391221E+02,+3.584400E+04,+9.297043E-03,+1.245000E-07,+9.910000E+37,+6.391875E+02,+3.584400E+04,-1.410632E-02,+0.000000E+00,+9.910000E+37,+6.392539E+02,+3.584400E+04
10:32:30,0e0,+1.189238E-02,+1.389500E-07,+9.910000E+37,+6.394756E+02,+3.584400E+04,+1.184662E-02,+1.389500E-07,+9.910000E+37,+6.395420E+02,+3.584400E+04,+1.089062E-02,+1.389500E-07,+9.910000E+37,+6.396084E+02,+3.584400E+04,-1.269455E-02,+0.000000E+00,+9.910000E+37,+6.396748E+02,+3.584400E+04
10:32:30,0e0,+1.407780E-02,+1.550500E-07,+9.910000E+37,+6.398994E+02,+3.584400E+04,+1.257488E-02,+1.550500E-07,+9.910000E+37,+6.399658E+02,+3.584400E+04,+1.330359E-02,+1.550500E-07,+9.910000E+37,+6.400322E+02,+3.584400E+04,-1.283109E-02,+0.000000E+00,+9.910000E+37,+6.400986E+02,+3.584400E+04
10:32:30,0e0,+1.699179E-02,+1.730000E-07,+9.910000E+37,+6.403223E+02,+3.584400E+04,+1.826668E-02,+1.730000E-07,+9.910000E+37,+6.403887E+02,+3.584400E+04,+1.708250E-02,+1.730000E-07,+9.910000E+37,+6.404551E+02,+3.584400E+04,-1.296747E-02,+0.000000E+00,+9.910000E+37,+6.405215E+02,+3.584400E+04
10:32:30,0e0,+2.045274E-02,+1.930500E-07,+9.910000E+37,+6.407480E+02,+3.584400E+04,+2.022442E-02,+1.930500E-07,+9.910000E+37,+6.408154E+02,+3.584400E+04,+2.013317E-02,+1.930500E-07,+9.910000E+37,+6.408828E+02,+3.584400E+04,-1.269417E-02,+0.000000E+00,+9.910000E+37,+6.409482E+02,+3.584400E+04
10:32:30,0e0,+2.455015E-02,+2.154500E-07,+9.910000E+37,+6.411738E+02,+3.584400E+04,+2.464110E-02,+2.154500E-07,+9.910000E+37,+6.412402E+02,+3.584400E+04,+2.532384E-02,+2.154500E-07,+9.910000E+37,+6.413066E+02,+3.584400E+04,-1.223923E-02,+0.000000E+00,+9.910000E+37,+6.413730E+02,+3.584400E+04
10:32:30,0e0,+2.978644E-02,+2.404000E-07,+9.910000E+37,+6.415977E+02,+3.584400E+04,+2.791959E-02,+2.404000E-07,+9.910000E+37,+6.416650E+02,+3.584400E+04,+2.773671E-02,+2.404000E-07,+9.910000E+37,+6.417314E+02,+3.584400E+04,-1.396976E-02,+0.000000E+00,+9.910000E+37,+6.417979E+02,+3.584400E+04
10:32:30,0e0,+3.424850E-02,+2.682500E-07,+9.910000E+37,+6.420225E+02,+3.584400E+04,+3.306425E-02,+2.682500E-07,+9.910000E+37,+6.420889E+02,+3.584400E+04,+3.219897E-02,+2.682500E-07,+9.910000E+37,+6.421553E+02,+3.584400E+04,-1.233022E-02,+0.000000E+00,+9.910000E+37,+6.422217E+02,+3.584400E+04
10:32:30,0e0,+3.834647E-02,+2.993500E-07,+9.910000E+37,+6.424463E+02,+3.584400E+04,+3.707075E-02,+2.993500E-07,+9.910000E+37,+6.425127E+02,+3.584400E+04,+3.811812E-02,+2.993500E-07,+9.910000E+37,+6.425791E+02,+3.584400E+04,-1.351427E-02,+0.000000E+00,+9.910000E+37,+6.426465E+02,+3.584400E+04
10:32:30,0e0,+4.349124E-02,+3.340500E-07,+9.910000E+37,+6.428691E+02,+3.584400E+04,+4.349107E-02,+3.340500E-07,+9.910000E+37,+6.429355E+02,+3.584400E+04,+4.267102E-02,+3.340500E-07,+9.910000E+37,+6.430020E+02,+3.584400E+04,-1.264903E-02,+0.000000E+00,+9.910000E+37,+6.430684E+02,+3.584400E+04
10:32:30,0e0,+4.922822E-02,+3.727500E-07,+9.910000E+37,+6.432939E+02,+3.584400E+04,+4.849911E-02,+3.727500E-07,+9.910000E+37,+6.433604E+02,+3.584400E+04,+4.931840E-02,+3.727500E-07,+9.910000E+37,+6.434268E+02,+3.584400E+04,-1.296742E-02,+0.000000E+00,+9.910000E+37,+6.434932E+02,+3.584400E+04
10:32:30,0e0,+5.587530E-02,+4.159500E-07,+9.910000E+37,+6.437158E+02,+3.584400E+04,+5.560181E-02,+4.159500E-07,+9.910000E+37,+6.437822E+02,+3.584400E+04,+5.601171E-02,+4.159500E-07,+9.910000E+37,+6.438486E+02,+3.584400E+04,-1.283124E-02,+0.000000E+00,+9.910000E+37,+6.439150E+02,+3.584400E+04
10:32:30,0e0,+6.243145E-02,+4.641500E-07,+9.910000E+37,+6.441406E+02,+3.584400E+04,+6.356990E-02,+4.641500E-07,+9.910000E+37,+6.442070E+02,+3.584400E+04,+6.270441E-02,+4.641500E-07,+9.910000E+37,+6.442734E+02,+3.584400E+04,-1.273958E-02,+0.000000E+00,+9.910000E+37,+6.443398E+02,+3.584400E+04
10:32:30,0e0,+7.285839E-02,+5.179500E-07,+9.910000E+37,+6.445654E+02,+3.584400E+04,+7.181075E-02,+5.179500E-07,+9.910000E+37,+6.446318E+02,+3.584400E+04,+6.962579E-02,+5.179500E-07,+9.910000E+37,+6.446982E+02,+3.584400E+04,-1.283148E-02,+0.000000E+00,+9.910000E+37,+6.447646E+02,+3.584400E+04
10:32:30,0e0,+7.959694E-02,+5.779500E-07,+9.910000E+37,+6.449902E+02,+3.584400E+04,+8.064422E-02,+5.779500E-07,+9.910000E+37,+6.450566E+02,+3.584400E+04,+8.155495E-02,+5.779500E-07,+9.910000E+37,+6.451230E+02,+3.584400E+04,-1.328617E-02,+0.000000E+00,+9.910000E+37,+6.451895E+02,+3.584400E+04
10:32:30,0e0,+9.006947E-02,+6.449500E-07,+9.910000E+37,+6.454160E+02,+3.584400E+04,+8.779228E-02,+6.449500E-07,+9.910000E+37,+6.454834E+02,+3.584400E+04,+8.902159E-02,+6.449500E-07,+9.910000E+37,+6.455498E+02,+3.584400E+04,-1.219377E-02,+0.000000E+00,+9.910000E+37,+6.456162E+02,+3.584400E+04
10:32:30,0e0,+9.935760E-02,+7.197000E-07,+9.910000E+37,+6.458408E+02,+3.584400E+04,+1.000860E-01,+7.197000E-07,+9.910000E+37,+6.459072E+02,+3.584400E+04,+1.010427E-01,+7.197000E-07,+9.910000E+37,+6.459736E+02,+3.584400E+04,-1.328608E-02,+0.000000E+00,+9.910000E+37,+6.460400E+02,+3.584400E+04
10:32:30,0e0,+1.128347E-01,+8.031000E-07,+9.910000E+37,+6.462646E+02,+3.584400E+04,+1.103758E-01,+8.031000E-07,+9.910000E+37,+6.463301E+02,+3.584400E+04,+1.111962E-01,+8.031000E-07,+9.910000E+37,+6.463965E+02,+3.584400E+04,-1.169324E-02,+0.000000E+00,+9.910000E+37,+6.464629E+02,+3.584400E+04
10:32:30,0e0,+1.234431E-01,+8.961500E-07,+9.910000E+37,+6.466865E+02,+3.584400E+04,+1.235807E-01,+8.961500E-07,+9.910000E+37,+6.467539E+02,+3.584400E+04,+1.243542E-01,+8.961500E-07,+9.910000E+37,+6.468193E+02,+3.584400E+04,-1.460727E-02,+0.000000E+00,+9.910000E+37,+6.468857E+02,+3.584400E+04
10:32:30,0e0,+1.385146E-01,+1.000000E-06,+9.910000E+37,+6.471113E+02,+3.584400E+04,+1.366468E-01,+1.000000E-06,+9.910000E+37,+6.471777E+02,+3.584400E+04,+1.383318E-01,+1.000000E-06,+9.910000E+37,+6.472441E+02,+3.584400E+04,-1.260360E-02,+0.000000E+00,+9.910000E+37,+6.473105E+02,+3.584400E+04
10:32:30,0e0,+1.409272E-01,+1.116000E-06,+9.910000E+37,+6.475332E+02,+3.584400E+04,+1.392875E-01,+1.116000E-06,+9.910000E+37,+6.476006E+02,+3.584400E+04,+1.403807E-01,+1.116000E-06,+9.910000E+37,+6.476660E+02,+3.584400E+04,-1.269467E-02,+0.000000E+00,+9.910000E+37,+6.477324E+02,+3.584400E+04
10:32:30,0e0,+1.563629E-01,+1.245000E-06,+9.910000E+37,+6.479590E+02,+3.584400E+04,+1.560438E-01,+1.245000E-06,+9.910000E+37,+6.480254E+02,+3.584400E+04,+1.554518E-01,+1.245000E-06,+9.910000E+37,+6.480928E+02,+3.584400E+04,-1.433423E-02,+0.000000E+00,+9.910000E+37,+6.481602E+02,+3.584400E+04
10:32:30,0e0,+1.725262E-01,+1.389500E-06,+9.910000E+37,+6.483818E+02,+3.584400E+04,+1.717058E-01,+1.389500E-06,+9.910000E+37,+6.484492E+02,+3.584400E+04,+1.721617E-01,+1.389500E-06,+9.910000E+37,+6.485156E+02,+3.584400E+04,-1.378779E-02,+0.000000E+00,+9.910000E+37,+6.485811E+02,+3.584400E+04
10:32:30,0e0,+1.901922E-01,+1.550500E-06,+9.910000E+37,+6.488066E+02,+3.584400E+04,+1.902831E-01,+1.550500E-06,+9.910000E+37,+6.488740E+02,+3.584400E+04,+1.909663E-01,+1.550500E-06,+9.910000E+37,+6.489395E+02,+3.584400E+04,-1.178393E-02,+0.000000E+00,+9.910000E+37,+6.490059E+02,+3.584400E+04
10:32:30,0e0,+2.104543E-01,+1.730000E-06,+9.910000E+37,+6.492314E+02,+3.584400E+04,+2.088138E-01,+1.730000E-06,+9.910000E+37,+6.492979E+02,+3.584400E+04,+2.078119E-01,+1.730000E-06,+9.910000E+37,+6.493643E+02,+3.584400E+04,-1.369670E-02,+0.000000E+00,+9.910000E+37,+6.494307E+02,+3.584400E+04
10:32:30,0e0,+2.317620E-01,+1.930500E-06,+9.910000E+37,+6.496563E+02,+3.584400E+04,+2.301688E-01,+1.930500E-06,+9.910000E+37,+6.497227E+02,+3.584400E+04,+2.312612E-01,+1.930500E-06,+9.910000E+37,+6.497891E+02,+3.584400E+04,-1.374210E-02,+0.000000E+00,+9.910000E+37,+6.498555E+02,+3.584400E+04
10:32:30,0e0,+2.538906E-01,+2.154500E-06,+9.910000E+37,+6.500801E+02,+3.584400E+04,+2.523866E-01,+2.154500E-06,+9.910000E+37,+6.501465E+02,+3.584400E+04,+2.532988E-01,+2.154500E-06,+9.910000E+37,+6.502119E+02,+3.584400E+04,-1.319572E-02,+0.000000E+00,+9.910000E+37,+6.502783E+02,+3.584400E+04
10:32:30,0e0,+2.780218E-01,+2.404000E-06,+9.910000E+37,+6.505039E+02,+3.584400E+04,+2.782493E-01,+2.404000E-06,+9.910000E+37,+6.505693E+02,+3.584400E+04,+2.791606E-01,+2.404000E-06,+9.910000E+37,+6.506357E+02,+3.584400E+04,-1.292239E-02,+0.000000E+00,+9.910000E+37,+6.507021E+02,+3.584400E+04
10:32:30,0e0,+3.052039E-01,+2.682500E-06,+9.910000E+37,+6.509229E+02,+3.584400E+04,+3.042463E-01,+2.682500E-06,+9.910000E+37,+6.509893E+02,+3.584400E+04,+3.045200E-01,+2.682500E-06,+9.910000E+37,+6.510557E+02,+3.584400E+04,-1.415217E-02,+0.000000E+00,+9.910000E+37,+6.511221E+02,+3.584400E+04
10:32:30,0e0,+3.353000E-01,+2.993500E-06,+9.910000E+37,+6.513486E+02,+3.584400E+04,+3.332043E-01,+2.993500E-06,+9.910000E+37,+6.514150E+02,+3.584400E+04,+3.341159E-01,+2.993500E-06,+9.910000E+37,+6.514824E+02,+3.584400E+04,-1.315020E-02,+0.000000E+00,+9.910000E+37,+6.515498E+02,+3.584400E+04
10:32:30,0e0,+3.661707E-01,+3.340500E-06,+9.910000E+37,+6.517744E+02,+3.584400E+04,+3.659420E-01,+3.340500E-06,+9.910000E+37,+6.518398E+02,+3.584400E+04,+3.669437E-01,+3.340500E-06,+9.910000E+37,+6.519063E+02,+3.584400E+04,-1.428868E-02,+0.000000E+00,+9.910000E+37,+6.519727E+02,+3.584400E+04
10:32:30,0e0,+4.023669E-01,+3.727500E-06,+9.910000E+37,+6.521982E+02,+3.584400E+04,+4.019114E-01,+3.727500E-06,+9.910000E+37,+6.522646E+02,+3.584400E+04,+4.010468E-01,+3.727500E-06,+9.910000E+37,+6.523311E+02,+3.584400E+04,-1.242153E-02,+0.000000E+00,+9.910000E+37,+6.523975E+02,+3.584400E+04
10:32:30,0e0,+4.386543E-01,+4.159500E-06,+9.910000E+37,+6.526230E+02,+3.584400E+04,+4.392006E-01,+4.159500E-06,+9.910000E+37,+6.526895E+02,+3.584400E+04,+4.401127E-01,+4.159500E-06,+9.910000E+37,+6.527568E+02,+3.584400E+04,-1.369648E-02,+0.000000E+00,+9.910000E+37,+6.528223E+02,+3.584400E+04
10:32:30,0e0,+4.819111E-01,+4.641500E-06,+9.910000E+37,+6.530479E+02,+3.584400E+04,+4.809995E-01,+4.641500E-06,+9.910000E+37,+6.531143E+02,+3.584400E+04,+4.805896E-01,+4.641500E-06,+9.910000E+37,+6.531816E+02,+3.584400E+04,-1.328687E-02,+0.000000E+00,+9.910000E+37,+6.532490E+02,+3.584400E+04
10:32:30,0e0,+5.237519E-01,+5.179500E-06,+9.910000E+37,+6.534746E+02,+3.584400E+04,+5.263487E-01,+5.179500E-06,+9.910000E+37,+6.535400E+02,+3.584400E+04,+5.249368E-01,+5.179500E-06,+9.910000E+37,+6.536074E+02,+3.584400E+04,-1.360554E-02,+0.000000E+00,+9.910000E+37,+6.536748E+02,+3.584400E+04
10:32:30,0e0,+5.731997E-01,+5.779500E-06,+9.910000E+37,+6.539004E+02,+3.584400E+04,+5.735186E-01,+5.779500E-06,+9.910000E+37,+6.539678E+02,+3.584400E+04,+5.721973E-01,+5.779500E-06,+9.910000E+37,+6.540332E+02,+3.584400E+04,-1.242125E-02,+0.000000E+00,+9.910000E+37,+6.540996E+02,+3.584400E+04
10:32:30,0e0,+6.255158E-01,+6.449500E-06,+9.910000E+37,+6.543252E+02,+3.584400E+04,+6.270636E-01,+6.449500E-06,+9.910000E+37,+6.543916E+02,+3.584400E+04,+6.259695E-01,+6.449500E-06,+9.910000E+37,+6.544590E+02,+3.584400E+04,-1.242165E-02,+0.000000E+00,+9.910000E+37,+6.545244E+02,+3.584400E+04
10:32:30,0e0,+6.831574E-01,+7.197000E-06,+9.910000E+37,+6.547490E+02,+3.584400E+04,+6.830206E-01,+7.197000E-06,+9.910000E+37,+6.548164E+02,+3.584400E+04,+6.840681E-01,+7.197000E-06,+9.910000E+37,+6.548818E+02,+3.584400E+04,-1.242183E-02,+0.000000E+00,+9.910000E+37,+6.549482E+02,+3.584400E+04
10:32:30,0e0,+7.436243E-01,+8.031000E-06,+9.910000E+37,+6.551738E+02,+3.584400E+04,+7.434846E-01,+8.031000E-06,+9.910000E+37,+6.552393E+02,+3.584400E+04,+7.439415E-01,+8.031000E-06,+9.910000E+37,+6.553066E+02,+3.584400E+04,-1.310463E-02,+0.000000E+00,+9.910000E+37,+6.553721E+02,+3.584400E+04
10:32:30,0e0,+8.089145E-01,+8.961500E-06,+9.910000E+37,+6.555947E+02,+3.584400E+04,+8.083671E-01,+8.961500E-06,+9.910000E+37,+6.556611E+02,+3.584400E+04,+8.082769E-01,+8.961500E-06,+9.910000E+37,+6.557266E+02,+3.584400E+04,-1.223905E-02,+0.000000E+00,+9.910000E+37,+6.557930E+02,+3.584400E+04
10:32:30,0e0,+8.774383E-01,+1.000000E-05,+9.910000E+37,+6.560146E+02,+3.584400E+04,+8.772997E-01,+1.000000E-05,+9.910000E+37,+6.560811E+02,+3.584400E+04,+8.768920E-01,+1.000000E-05,+9.910000E+37,+6.561475E+02,+3.584400E+04,-1.433441E-02,+0.000000E+00,+9.910000E+37,+6.562139E+02,+3.584400E+04
10:32:30,0e0,+9.366728E-01,+1.116000E-05,+9.910000E+37,+6.564316E+02,+3.584400E+04,+9.384027E-01,+1.116000E-05,+9.910000E+37,+6.564980E+02,+3.584400E+04,+9.389514E-01,+1.116000E-05,+9.910000E+37,+6.565654E+02,+3.584400E+04,-1.305898E-02,+0.000000E+00,+9.910000E+37,+6.566309E+02,+3.584400E+04
10:32:30,0e0,+1.013210E+00,+1.245000E-05,+9.910000E+37,+6.568486E+02,+3.584400E+04,+1.014213E+00,+1.245000E-05,+9.910000E+37,+6.569150E+02,+3.584400E+04,+1.014442E+00,+1.245000E-05,+9.910000E+37,+6.569814E+02,+3.584400E+04,-1.383315E-02,+0.000000E+00,+9.910000E+37,+6.570518E+02,+3.584400E+04
10:32:30,0e0,+1.095623E+00,+1.389500E-05,+9.910000E+37,+6.572705E+02,+3.584400E+04,+1.096853E+00,+1.389500E-05,+9.910000E+37,+6.573379E+02,+3.584400E+04,+1.095760E+00,+1.389500E-05,+9.910000E+37,+6.574033E+02,+3.584400E+04,-1.351430E-02,+0.000000E+00,+9.910000E+37,+6.574766E+02,+3.584400E+04
10:32:30,0e0,+1.179857E+00,+1.550500E-05,+9.910000E+37,+6.576963E+02,+3.584400E+04,+1.180630E+00,+1.550500E-05,+9.910000E+37,+6.577637E+02,+3.584400E+04,+1.182634E+00,+1.550500E-05,+9.910000E+37,+6.578291E+02,+3.584400E+04,-1.451643E-02,+0.000000E+00,+9.910000E+37,+6.579014E+02,+3.584400E+04
10:32:30,0e0,+1.267182E+00,+1.730000E-05,+9.910000E+37,+6.581211E+02,+3.584400E+04,+1.269325E+00,+1.730000E-05,+9.910000E+37,+6.581875E+02,+3.584400E+04,+1.268914E+00,+1.730000E-05,+9.910000E+37,+6.582549E+02,+3.584400E+04,-1.419742E-02,+0.000000E+00,+9.910000E+37,+6.583252E+02,+3.584400E+04
10:32:30,0e0,+1.360706E+00,+1.930500E-05,+9.910000E+37,+6.585469E+02,+3.584400E+04,+1.362208E+00,+1.930500E-05,+9.910000E+37,+6.586143E+02,+3.584400E+04,+1.363576E+00,+1.930500E-05,+9.910000E+37,+6.586797E+02,+3.584400E+04,-1.387826E-02,+0.000000E+00,+9.910000E+37,+6.587480E+02,+3.584400E+04
10:32:30,0e0,+1.457369E+00,+2.154500E-05,+9.910000E+37,+6.589678E+02,+3.584400E+04,+1.459281E+00,+2.154500E-05,+9.910000E+37,+6.590332E+02,+3.584400E+04,+1.459190E+00,+2.154500E-05,+9.910000E+37,+6.591006E+02,+3.584400E+04,-1.355991E-02,+0.000000E+00,+9.910000E+37,+6.591719E+02,+3.584400E+04
10:32:30,0e0,+1.558948E+00,+2.404000E-05,+9.910000E+37,+6.593926E+02,+3.584400E+04,+1.559448E+00,+2.404000E-05,+9.910000E+37,+6.594590E+02,+3.584400E+04,+1.558629E+00,+2.404000E-05,+9.910000E+37,+6.595244E+02,+3.584400E+04,-1.529044E-02,+0.000000E+00,+9.910000E+37,+6.595967E+02,+3.584400E+04
10:32:30,0e0,+1.662121E+00,+2.682500E-05,+9.910000E+37,+6.598164E+02,+3.584400E+04,+1.661891E+00,+2.682500E-05,+9.910000E+37,+6.598838E+02,+3.584400E+04,+1.663811E+00,+2.682500E-05,+9.910000E+37,+6.599492E+02,+3.584400E+04,-1.360542E-02,+0.000000E+00,+9.910000E+37,+6.600225E+02,+3.584400E+04
10:32:30,0e0,+1.769617E+00,+2.993500E-05,+9.910000E+37,+6.602432E+02,+3.584400E+04,+1.771898E+00,+2.993500E-05,+9.910000E+37,+6.603096E+02,+3.584400E+04,+1.771897E+00,+2.993500E-05,+9.910000E+37,+6.603760E+02,+3.584400E+04,-1.447059E-02,+0.000000E+00,+9.910000E+37,+6.604463E+02,+3.584400E+04
10:32:30,0e0,+1.882765E+00,+3.340500E-05,+9.910000E+37,+6.606680E+02,+3.584400E+04,+1.885088E+00,+3.340500E-05,+9.910000E+37,+6.607334E+02,+3.584400E+04,+1.884721E+00,+3.340500E-05,+9.910000E+37,+6.607998E+02,+3.584400E+04,-1.419754E-02,+0.000000E+00,+9.910000E+37,+6.608721E+02,+3.584400E+04
10:32:30,0e0,+2.000053E+00,+3.727500E-05,+9.910000E+37,+6.610918E+02,+3.584400E+04,+1.999912E+00,+3.727500E-05,+9.910000E+37,+6.611582E+02,+3.584400E+04,+2.001690E+00,+3.727500E-05,+9.910000E+37,+6.612246E+02,+3.584400E+04,-1.424308E-02,+0.000000E+00,+9.910000E+37,+6.612969E+02,+3.584400E+04
10:32:30,0e0,+2.121531E+00,+4.159500E-05,+9.910000E+37,+6.615176E+02,+3.584400E+04,+2.123807E+00,+4.159500E-05,+9.910000E+37,+6.615840E+02,+3.584400E+04,+2.123077E+00,+4.159500E-05,+9.910000E+37,+6.616504E+02,+3.584400E+04,-1.346883E-02,+0.000000E+00,+9.910000E+37,+6.617217E+02,+3.584400E+04
10:32:30,0e0,+2.247424E+00,+4.641500E-05,+9.910000E+37,+6.619443E+02,+3.584400E+04,+2.246828E+00,+4.641500E-05,+9.910000E+37,+6.620107E+02,+3.584400E+04,+2.247920E+00,+4.641500E-05,+9.910000E+37,+6.620781E+02,+3.584400E+04,-1.474378E-02,+0.000000E+00,+9.910000E+37,+6.621455E+02,+3.584400E+04
10:32:30,0e0,+2.377870E+00,+5.179500E-05,+9.910000E+37,+6.623574E+02,+3.584400E+04,+2.378050E+00,+5.179500E-05,+9.910000E+37,+6.624238E+02,+3.584400E+04,+2.378957E+00,+5.179500E-05,+9.910000E+37,+6.624912E+02,+3.584400E+04,-1.351456E-02,+0.000000E+00,+9.910000E+37,+6.625566E+02,+3.584400E+04
10:32:30,0e0,+2.512819E+00,+5.779500E-05,+9.910000E+37,+6.627725E+02,+3.584400E+04,+2.514461E+00,+5.779500E-05,+9.910000E+37,+6.628398E+02,+3.584400E+04,+2.515646E+00,+5.779500E-05,+9.910000E+37,+6.629053E+02,+3.584400E+04,-1.469846E-02,+0.000000E+00,+9.910000E+37,+6.629717E+02,+3.584400E+04
10:32:30,0e0,+2.653190E+00,+6.449500E-05,+9.910000E+37,+6.631895E+02,+3.584400E+04,+2.658387E+00,+6.449500E-05,+9.910000E+37,+6.632568E+02,+3.584400E+04,+2.657573E+00,+6.449500E-05,+9.910000E+37,+6.633223E+02,+3.584400E+04,-1.542729E-02,+0.000000E+00,+9.910000E+37,+6.633887E+02,+3.584400E+04
10:32:30,0e0,+2.803769E+00,+7.197000E-05,+9.910000E+37,+6.636045E+02,+3.584400E+04,+2.805133E+00,+7.197000E-05,+9.910000E+37,+6.636709E+02,+3.584400E+04,+2.804172E+00,+7.197000E-05,+9.910000E+37,+6.637383E+02,+3.584400E+04,-1.337771E-02,+0.000000E+00,+9.910000E+37,+6.638037E+02,+3.584400E+04
10:32:30,0e0,+2.956615E+00,+8.031000E-05,+9.910000E+37,+6.640195E+02,+3.584400E+04,+2.958158E+00,+8.031000E-05,+9.910000E+37,+6.640859E+02,+3.584400E+04,+2.958203E+00,+8.031000E-05,+9.910000E+37,+6.641533E+02,+3.584400E+04,-1.415139E-02,+0.000000E+00,+9.910000E+37,+6.642187E+02,+3.584400E+04
10:32:30,0e0,+3.116064E+00,+8.961500E-05,+9.910000E+37,+6.644346E+02,+3.584400E+04,+3.119710E+00,+8.961500E-05,+9.910000E+37,+6.645010E+02,+3.584400E+04,+3.120160E+00,+8.961500E-05,+9.910000E+37,+6.645684E+02,+3.584400E+04,-1.387866E-02,+0.000000E+00,+9.910000E+37,+6.646396E+02,+3.584400E+04
10:32:30,0e0,+3.284349E+00,+1.000000E-04,+9.910000E+37,+6.648506E+02,+3.584400E+04,+3.287073E+00,+1.000000E-04,+9.910000E+37,+6.649238E+02,+3.584400E+04,+3.288310E+00,+1.000000E-04,+9.910000E+37,+6.649902E+02,+3.584400E+04,-1.328675E-02,+0.000000E+00,+9.910000E+37,+6.650576E+02,+3.584400E+04
10:32:30,0e0,+3.447212E+00,+1.116000E-04,+9.910000E+37,+6.652744E+02,+3.584400E+04,+3.448714E+00,+1.116000E-04,+9.910000E+37,+6.653408E+02,+3.584400E+04,+3.448891E+00,+1.116000E-04,+9.910000E+37,+6.654082E+02,+3.584400E+04,-1.966126E-02,+0.000000E+00,+9.910000E+37,+6.654746E+02,+3.584400E+04
10:32:30,0e0,+3.626013E+00,+1.245000E-04,+9.910000E+37,+6.656992E+02,+3.584400E+04,+3.629653E+00,+1.245000E-04,+9.910000E+37,+6.657666E+02,+3.584400E+04,+3.630840E+00,+1.245000E-04,+9.910000E+37,+6.658320E+02,+3.584400E+04,-2.225688E-02,+0.000000E+00,+9.910000E+37,+6.658975E+02,+3.584400E+04
10:32:30,0e0,+3.817344E+00,+1.389500E-04,+9.910000E+37,+6.661172E+02,+3.584400E+04,+3.818789E+00,+1.389500E-04,+9.910000E+37,+6.661836E+02,+3.584400E+04,+3.819382E+00,+1.389500E-04,+9.910000E+37,+6.662500E+02,+3.584400E+04,-2.130039E-02,+0.000000E+00,+9.910000E+37,+6.663164E+02,+3.584400E+04
10:32:30,0e0,+4.014620E+00,+1.550500E-04,+9.910000E+37,+6.665381E+02,+3.584400E+04,+4.016216E+00,+1.550500E-04,+9.910000E+37,+6.666045E+02,+3.584400E+04,+4.016752E+00,+1.550500E-04,+9.910000E+37,+6.666709E+02,+3.584400E+04,-2.234790E-02,+0.000000E+00,+9.910000E+37,+6.667383E+02,+3.584400E+04
10:32:30,0e0,+4.217319E+00,+1.730000E-04,+9.910000E+37,+6.669619E+02,+3.584400E+04,+4.221337E+00,+1.730000E-04,+9.910000E+37,+6.670283E+02,+3.584400E+04,+4.222198E+00,+1.730000E-04,+9.910000E+37,+6.670957E+02,+3.584400E+04,-2.034399E-02,+0.000000E+00,+9.910000E+37,+6.671611E+02,+3.584400E+04
10:32:30,0e0,+4.431593E+00,+1.930500E-04,+9.910000E+37,+6.673828E+02,+3.584400E+04,+4.432905E+00,+1.930500E-04,+9.910000E+37,+6.674492E+02,+3.584400E+04,+4.434636E+00,+1.930500E-04,+9.910000E+37,+6.675166E+02,+3.584400E+04,-2.266657E-02,+0.000000E+00,+9.910000E+37,+6.675820E+02,+3.584400E+04
10:32:30,0e0,+4.652100E+00,+2.154500E-04,+9.910000E+37,+6.678066E+02,+3.584400E+04,+4.654696E+00,+2.154500E-04,+9.910000E+37,+6.678740E+02,+3.584400E+04,+4.654460E+00,+2.154500E-04,+9.910000E+37,+6.679395E+02,+3.584400E+04,-2.248454E-02,+0.000000E+00,+9.910000E+37,+6.680068E+02,+3.584400E+04
10:32:30,0e0,+4.880666E+00,+2.404000E-04,+9.910000E+37,+6.682305E+02,+3.584400E+04,+4.883262E+00,+2.404000E-04,+9.910000E+37,+6.682959E+02,+3.584400E+04,+4.881752E+00,+2.404000E-04,+9.910000E+37,+6.683623E+02,+3.584400E+04,-2.048063E-02,+0.000000E+00,+9.910000E+37,+6.684297E+02,+3.584400E+04
10:32:30,0e0,+5.113694E+00,+2.682500E-04,+9.910000E+37,+6.686553E+02,+3.584400E+04,+5.117016E+00,+2.682500E-04,+9.910000E+37,+6.687227E+02,+3.584400E+04,+5.116832E+00,+2.682500E-04,+9.910000E+37,+6.687881E+02,+3.584400E+04,-2.171025E-02,+0.000000E+00,+9.910000E+37,+6.688555E+02,+3.584400E+04
10:32:30,0e0,+5.354234E+00,+2.993500E-04,+9.910000E+37,+6.690811E+02,+3.584400E+04,+5.356421E+00,+2.993500E-04,+9.910000E+37,+6.691484E+02,+3.584400E+04,+5.357743E+00,+2.993500E-04,+9.910000E+37,+6.692139E+02,+3.584400E+04,-2.034424E-02,+0.000000E+00,+9.910000E+37,+6.692812E+02,+3.584400E+04
10:32:30,0e0,+5.596549E+00,+3.340500E-04,+9.910000E+37,+6.695078E+02,+3.584400E+04,+5.600787E+00,+3.340500E-04,+9.910000E+37,+6.695742E+02,+3.584400E+04,+5.600877E+00,+3.340500E-04,+9.910000E+37,+6.696406E+02,+3.584400E+04,-1.979749E-02,+0.000000E+00,+9.910000E+37,+6.697080E+02,+3.584400E+04
10:32:30,0e0,+5.840958E+00,+3.727500E-04,+9.910000E+37,+6.699336E+02,+3.584400E+04,+5.843001E+00,+3.727500E-04,+9.910000E+37,+6.700000E+02,+3.584400E+04,+5.844469E+00,+3.727500E-04,+9.910000E+37,+6.700674E+02,+3.584400E+04,-2.007098E-02,+0.000000E+00,+9.910000E+37,+6.701328E+02,+3.584400E+04
10:32:30,0e0,+6.083916E+00,+4.159500E-04,+9.910000E+37,+6.703574E+02,+3.584400E+04,+6.086965E+00,+4.159500E-04,+9.910000E+37,+6.704238E+02,+3.584400E+04,+6.087060E+00,+4.159500E-04,+9.910000E+37,+6.704912E+02,+3.584400E+04,-2.079953E-02,+0.000000E+00,+9.910000E+37,+6.705566E+02,+3.584400E+04
10:32:30,0e0,+6.320259E+00,+4.641500E-04,+9.910000E+37,+6.707813E+02,+3.584400E+04,+6.323368E+00,+4.641500E-04,+9.910000E+37,+6.708477E+02,+3.584400E+04,+6.323363E+00,+4.641500E-04,+9.910000E+37,+6.709150E+02,+3.584400E+04,-1.966122E-02,+0.000000E+00,+9.910000E+37,+6.709824E+02,+3.584400E+04
10:32:30,0e0,+6.547556E+00,+5.179500E-04,+9.910000E+37,+6.712021E+02,+3.584400E+04,+6.550156E+00,+5.179500E-04,+9.910000E+37,+6.712686E+02,+3.584400E+04,+6.547137E+00,+5.179500E-04,+9.910000E+37,+6.713350E+02,+3.584400E+04,-2.002551E-02,+0.000000E+00,+9.910000E+37,+6.714014E+02,+3.584400E+04
10:32:30,0e0,+6.757915E+00,+5.779500E-04,+9.910000E+37,+6.716279E+02,+3.584400E+04,+6.760283E+00,+5.779500E-04,+9.910000E+37,+6.716943E+02,+3.584400E+04,+6.758183E+00,+5.779500E-04,+9.910000E+37,+6.717617E+02,+3.584400E+04,-2.034420E-02,+0.000000E+00,+9.910000E+37,+6.718281E+02,+3.584400E+04
10:32:30,0e0,+6.953191E+00,+6.449500E-04,+9.910000E+37,+6.720518E+02,+3.584400E+04,+6.952135E+00,+6.449500E-04,+9.910000E+37,+6.721191E+02,+3.584400E+04,+6.950509E+00,+6.449500E-04,+9.910000E+37,+6.721865E+02,+3.584400E+04,-1.865961E-02,+0.000000E+00,+9.910000E+37,+6.722520E+02,+3.584400E+04
10:32:30,0e0,+7.129398E+00,+7.197000E-04,+9.910000E+37,+6.724775E+02,+3.584400E+04,+7.129174E+00,+7.197000E-04,+9.910000E+37,+6.725449E+02,+3.584400E+04,+7.125468E+00,+7.197000E-04,+9.910000E+37,+6.726104E+02,+3.584400E+04,-2.029844E-02,+0.000000E+00,+9.910000E+37,+6.726777E+02,+3.584400E+04
10:32:30,0e0,+7.290156E+00,+8.031000E-04,+9.910000E+37,+6.728984E+02,+3.584400E+04,+7.291262E+00,+8.031000E-04,+9.910000E+37,+6.729639E+02,+3.584400E+04,+7.288676E+00,+8.031000E-04,+9.910000E+37,+6.730313E+02,+3.584400E+04,-1.888701E-02,+0.000000E+00,+9.910000E+37,+6.730967E+02,+3.584400E+04
10:32:30,0e0,+7.441968E+00,+8.961500E-04,+9.910000E+37,+6.733232E+02,+3.584400E+04,+7.440011E+00,+8.961500E-04,+9.910000E+37,+6.733906E+02,+3.584400E+04,+7.434670E+00,+8.961500E-04,+9.910000E+37,+6.734561E+02,+3.584400E+04,-1.943372E-02,+0.000000E+00,+9.910000E+37,+6.735234E+02,+3.584400E+04
10:32:30,0e0,+7.583524E+00,+1.000000E-03,+9.910000E+37,+6.737451E+02,+3.584400E+04,+7.581745E+00,+1.000000E-03,+9.910000E+37,+6.738125E+02,+3.584400E+04,+7.577980E+00,+1.000000E-03,+9.910000E+37,+6.738779E+02,+3.584400E+04,-1.952462E-02,+0.000000E+00,+9.910000E+37,+6.739443E+02,+3.584400E+04
10:32:30,0e0,+7.705640E+00,+1.116000E-03,+9.910000E+37,+6.741689E+02,+3.584400E+04,+7.703954E+00,+1.116000E-03,+9.910000E+37,+6.742344E+02,+3.584400E+04,+7.700040E+00,+1.116000E-03,+9.910000E+37,+6.743008E+02,+3.584400E+04,-1.812056E-01,+0.000000E+00,+9.910000E+37,+6.743672E+02,+3.584400E+04
10:32:30,0e0,+7.834303E+00,+1.245000E-03,+9.910000E+37,+6.745938E+02,+3.584400E+04,+7.833731E+00,+1.245000E-03,+9.910000E+37,+6.746611E+02,+3.584400E+04,+7.827752E+00,+1.245000E-03,+9.910000E+37,+6.747275E+02,+3.584400E+04,-1.858952E-01,+0.000000E+00,+9.910000E+37,+6.747930E+02,+3.584400E+04
10:32:30,0e0,+7.956663E+00,+1.389500E-03,+9.910000E+37,+6.750186E+02,+3.584400E+04,+7.956341E+00,+1.389500E-03,+9.910000E+37,+6.750850E+02,+3.584400E+04,+7.951190E+00,+1.389500E-03,+9.910000E+37,+6.751514E+02,+3.584400E+04,-1.846203E-01,+0.000000E+00,+9.910000E+37,+6.752178E+02,+3.584400E+04
10:32:30,0e0,+8.077268E+00,+1.550500E-03,+9.910000E+37,+6.754434E+02,+3.584400E+04,+8.074944E+00,+1.550500E-03,+9.910000E+37,+6.755098E+02,+3.584400E+04,+8.069110E+00,+1.550500E-03,+9.910000E+37,+6.755762E+02,+3.584400E+04,-1.780184E-01,+0.000000E+00,+9.910000E+37,+6.756426E+02,+3.584400E+04
10:32:30,0e0,+8.197778E+00,+1.730000E-03,+9.910000E+37,+6.758672E+02,+3.584400E+04,+8.196146E+00,+1.730000E-03,+9.910000E+37,+6.759336E+02,+3.584400E+04,+8.190941E+00,+1.730000E-03,+9.910000E+37,+6.760000E+02,+3.584400E+04,-1.889458E-01,+0.000000E+00,+9.910000E+37,+6.760664E+02,+3.584400E+04
10:32:30,0e0,+8.322853E+00,+1.930500E-03,+9.910000E+37,+6.762910E+02,+3.584400E+04,+8.319804E+00,+1.930500E-03,+9.910000E+37,+6.763584E+02,+3.584400E+04,+8.316116E+00,+1.930500E-03,+9.910000E+37,+6.764248E+02,+3.584400E+04,-1.845292E-01,+0.000000E+00,+9.910000E+37,+6.764912E+02,+3.584400E+04
10:32:30,0e0,+8.450022E+00,+2.154500E-03,+9.910000E+37,+6.767139E+02,+3.584400E+04,+8.447050E+00,+2.154500E-03,+9.910000E+37,+6.767803E+02,+3.584400E+04,+8.444800E+00,+2.154500E-03,+9.910000E+37,+6.768467E+02,+3.584400E+04,-1.835276E-01,+0.000000E+00,+9.910000E+37,+6.769131E+02,+3.584400E+04
10:32:30,0e0,+8.581840E+00,+2.404000E-03,+9.910000E+37,+6.771396E+02,+3.584400E+04,+8.579698E+00,+2.404000E-03,+9.910000E+37,+6.772061E+02,+3.584400E+04,+8.576890E+00,+2.404000E-03,+9.910000E+37,+6.772725E+02,+3.584400E+04,-1.721903E-01,+0.000000E+00,+9.910000E+37,+6.773379E+02,+3.584400E+04
10:32:30,0e0,+8.715043E+00,+2.682500E-03,+9.910000E+37,+6.775625E+02,+3.584400E+04,+8.715801E+00,+2.682500E-03,+9.910000E+37,+6.776289E+02,+3.584400E+04,+8.710051E+00,+2.682500E-03,+9.910000E+37,+6.776953E+02,+3.584400E+04,-1.765613E-01,+0.000000E+00,+9.910000E+37,+6.777617E+02,+3.584400E+04
10:32:30,0e0,+8.856295E+00,+2.993500E-03,+9.910000E+37,+6.779863E+02,+3.584400E+04,+8.852652E+00,+2.993500E-03,+9.910000E+37,+6.780527E+02,+3.584400E+04,+8.849480E+00,+2.993500E-03,+9.910000E+37,+6.781201E+02,+3.584400E+04,-1.732376E-01,+0.000000E+00,+9.910000E+37,+6.781865E+02,+3.584400E+04
10:32:30,0e0,+8.998903E+00,+3.340500E-03,+9.910000E+37,+6.784082E+02,+3.584400E+04,+8.996024E+00,+3.340500E-03,+9.910000E+37,+6.784756E+02,+3.584400E+04,+8.991854E+00,+3.340500E-03,+9.910000E+37,+6.785420E+02,+3.584400E+04,-1.755597E-01,+0.000000E+00,+9.910000E+37,+6.786084E+02,+3.584400E+04
10:32:30,0e0,+9.146223E+00,+3.727500E-03,+9.910000E+37,+6.788330E+02,+3.584400E+04,+9.143559E+00,+3.727500E-03,+9.910000E+37,+6.788994E+02,+3.584400E+04,+9.137352E+00,+3.727500E-03,+9.910000E+37,+6.789668E+02,+3.584400E+04,-1.674096E-01,+0.000000E+00,+9.910000E+37,+6.790332E+02,+3.584400E+04
10:32:30,0e0,+9.297444E+00,+4.159500E-03,+9.910000E+37,+6.792568E+02,+3.584400E+04,+9.293166E+00,+4.159500E-03,+9.910000E+37,+6.793232E+02,+3.584400E+04,+9.286292E+00,+4.159500E-03,+9.910000E+37,+6.793896E+02,+3.584400E+04,-1.608987E-01,+0.000000E+00,+9.910000E+37,+6.794561E+02,+3.584400E+04
10:32:30,0e0,+9.452113E+00,+4.641500E-03,+9.910000E+37,+6.796836E+02,+3.584400E+04,+9.445232E+00,+4.641500E-03,+9.910000E+37,+6.797510E+02,+3.584400E+04,+9.438787E+00,+4.641500E-03,+9.910000E+37,+6.798174E+02,+3.584400E+04,-1.604889E-01,+0.000000E+00,+9.910000E+37,+6.798828E+02,+3.584400E+04
10:32:30,0e0,+9.606688E+00,+5.179500E-03,+9.910000E+37,+6.801055E+02,+3.584400E+04,+9.601380E+00,+5.179500E-03,+9.910000E+37,+6.801729E+02,+3.584400E+04,+9.591620E+00,+5.179500E-03,+9.910000E+37,+6.802393E+02,+3.584400E+04,-1.522022E-01,+0.000000E+00,+9.910000E+37,+6.803057E+02,+3.584400E+04
10:32:30,0e0,+9.762407E+00,+5.779500E-03,+9.910000E+37,+6.805303E+02,+3.584400E+04,+9.755580E+00,+5.779500E-03,+9.910000E+37,+6.805967E+02,+3.584400E+04,+9.745441E+00,+5.779500E-03,+9.910000E+37,+6.806631E+02,+3.584400E+04,-1.517013E-01,+0.000000E+00,+9.910000E+37,+6.807295E+02,+3.584400E+04
10:32:30,0e0,+9.920535E+00,+6.449500E-03,+9.910000E+37,+6.809531E+02,+3.584400E+04,+9.910877E+00,+6.449500E-03,+9.910000E+37,+6.810205E+02,+3.584400E+04,+9.899703E+00,+6.449500E-03,+9.910000E+37,+6.810869E+02,+3.584400E+04,-1.416846E-01,+0.000000E+00,+9.910000E+37,+6.811533E+02,+3.584400E+04
10:32:30,0e0,+1.007826E+01,+7.197000E-03,+9.910000E+37,+6.813789E+02,+3.584400E+04,+1.006793E+01,+7.197000E-03,+9.910000E+37,+6.814453E+02,+3.584400E+04,+1.005492E+01,+7.197000E-03,+9.910000E+37,+6.815117E+02,+3.584400E+04,-1.402275E-01,+0.000000E+00,+9.910000E+37,+6.815781E+02,+3.584400E+04
10:32:30,0e0,+1.024172E+01,+8.031000E-03,+9.910000E+37,+6.818018E+02,+3.584400E+04,+1.022746E+01,+8.031000E-03,+9.910000E+37,+6.818682E+02,+3.584400E+04,+1.021471E+01,+8.031000E-03,+9.910000E+37,+6.819355E+02,+3.584400E+04,-1.285261E-01,+0.000000E+00,+9.910000E+37,+6.820010E+02,+3.584400E+04
10:32:30,0e0,+1.040872E+01,+8.961500E-03,+9.910000E+37,+6.822217E+02,+3.584400E+04,+1.039369E+01,+8.961500E-03,+9.910000E+37,+6.822881E+02,+3.584400E+04,+1.037672E+01,+8.961500E-03,+9.910000E+37,+6.823535E+02,+3.584400E+04,-1.215143E-01,+0.000000E+00,+9.910000E+37,+6.824199E+02,+3.584400E+04
