10:33:57,0e0,+5.516991E-03,+1.000000E-07,+9.910000E+37,+7.220615E+02,+3.584400E+04,+5.698726E-03,+1.000000E-07,+9.910000E+37,+7.221289E+02,+3.584400E+04,+6.928205E-03,+1.000000E-07,+9.910000E+37,+7.221953E+02,+3.584400E+04,-1.096554E-02,+0.000000E+00,+9.910000E+37,+7.222617E+02,+3.584400E+04
10:33:57,0e0,+7.793516E-03,+1.116000E-07,+9.910000E+37,+7.224863E+02,+3.584400E+04,+6.154150E-03,+1.116000E-07,+9.910000E+37,+7.225527E+02,+3.584400E+04,+7.747367E-03,+1.116000E-07,+9.910000E+37,+7.226191E+02,+3.584400E+04,-1.060118E-02,+0.000000E+00,+9.910000E+37,+7.226855E+02,+3.584400E+04
10:33:57,0e0,+9.113625E-03,+1.245000E-07,+9.910000E+37,+7.229111E+02,+3.584400E+04,+9.249985E-03,+1.245000E-07,+9.910000E+37,+7.229775E+02,+3.584400E+04,+9.386733E-03,+1.245000E-07,+9.910000E+37,+7.230439E+02,+3.584400E+04,-1.010054E-02,+0.000000E+00,+9.910000E+37,+7.231104E+02,+3.584400E+04
10:33:57,0e0,+1.134451E-02,+1.389500E-07,+9.910000E+37,+7.233350E+02,+3.584400E+04,+1.166315E-02,+1.389500E-07,+9.910000E+37,+7.234014E+02,+3.584400E+04,+1.170842E-02,+1.389500E-07,+9.910000E+37,+7.234678E+02,+3.584400E+04,-1.183085E-02,+0.000000E+00,+9.910000E+37,+7.235342E+02,+3.584400E+04
10:33:57,0e0,+1.489595E-02,+1.550500E-07,+9.910000E+37,+7.237598E+02,+3.584400E+04,+1.462291E-02,+1.550500E-07,+9.910000E+37,+7.238252E+02,+3.584400E+04,+1.407647E-02,+1.550500E-07,+9.910000E+37,+7.238916E+02,+3.584400E+04,-1.173992E-02,+0.000000E+00,+9.910000E+37,+7.239580E+02,+3.584400E+04
10:33:57,0e0,+1.771855E-02,+1.730000E-07,+9.910000E+37,+7.241836E+02,+3.584400E+04,+1.635289E-02,+1.730000E-07,+9.910000E+37,+7.242500E+02,+3.584400E+04,+1.735489E-02,+1.730000E-07,+9.910000E+37,+7.243164E+02,+3.584400E+04,-1.128425E-02,+0.000000E+00,+9.910000E+37,+7.243828E+02,+3.584400E+04
10:33:57,0e0,+2.086048E-02,+1.930500E-07,+9.910000E+37,+7.246064E+02,+3.584400E+04,+2.072389E-02,+1.930500E-07,+9.910000E+37,+7.246738E+02,+3.584400E+04,+1.935747E-02,+1.930500E-07,+9.910000E+37,+7.247402E+02,+3.584400E+04,-1.069252E-02,+0.000000E+00,+9.910000E+37,+7.248066E+02,+3.584400E+04
10:33:57,0e0,+2.418414E-02,+2.154500E-07,+9.910000E+37,+7.250313E+02,+3.584400E+04,+2.550462E-02,+2.154500E-07,+9.910000E+37,+7.250977E+02,+3.584400E+04,+2.595997E-02,+2.154500E-07,+9.910000E+37,+7.251650E+02,+3.584400E+04,-1.214951E-02,+0.000000E+00,+9.910000E+37,+7.252305E+02,+3.584400E+04
10:33:57,0e0,+2.737084E-02,+2.404000E-07,+9.910000E+37,+7.254561E+02,+3.584400E+04,+2.864608E-02,+2.404000E-07,+9.910000E+37,+7.255234E+02,+3.584400E+04,+2.855510E-02,+2.404000E-07,+9.910000E+37,+7.255898E+02,+3.584400E+04,-1.101118E-02,+0.000000E+00,+9.910000E+37,+7.256553E+02,+3.584400E+04
10:33:57,0e0,+3.319937E-02,+2.682500E-07,+9.910000E+37,+7.258789E+02,+3.584400E+04,+3.342703E-02,+2.682500E-07,+9.910000E+37,+7.259453E+02,+3.584400E+04,+3.242508E-02,+2.682500E-07,+9.910000E+37,+7.260117E+02,+3.584400E+04,-1.082914E-02,+0.000000E+00,+9.910000E+37,+7.260791E+02,+3.584400E+04
10:33:57,0e0,+3.752443E-02,+2.993500E-07,+9.910000E+37,+7.263047E+02,+3.584400E+04,+3.971043E-02,+2.993500E-07,+9.910000E+37,+7.263721E+02,+3.584400E+04,+3.825301E-02,+2.993500E-07,+9.910000E+37,+7.264395E+02,+3.584400E+04,-9.736240E-03,+0.000000E+00,+9.910000E+37,+7.265059E+02,+3.584400E+04
10:33:57,0e0,+4.398999E-02,+3.340500E-07,+9.910000E+37,+7.267314E+02,+3.584400E+04,+4.339814E-02,+3.340500E-07,+9.910000E+37,+7.267979E+02,+3.584400E+04,+4.412675E-02,+3.340500E-07,+9.910000E+37,+7.268652E+02,+3.584400E+04,-1.187661E-02,+0.000000E+00,+9.910000E+37,+7.269316E+02,+3.584400E+04
10:33:57,0e0,+4.954508E-02,+3.727500E-07,+9.910000E+37,+7.271543E+02,+3.584400E+04,+5.054653E-02,+3.727500E-07,+9.910000E+37,+7.272217E+02,+3.584400E+04,+5.040973E-02,+3.727500E-07,+9.910000E+37,+7.272881E+02,+3.584400E+04,-1.032822E-02,+0.000000E+00,+9.910000E+37,+7.273535E+02,+3.584400E+04
10:33:57,0e0,+5.642030E-02,+4.159500E-07,+9.910000E+37,+7.275791E+02,+3.584400E+04,+5.587351E-02,+4.159500E-07,+9.910000E+37,+7.276455E+02,+3.584400E+04,+5.591908E-02,+4.159500E-07,+9.910000E+37,+7.277119E+02,+3.584400E+04,-9.872884E-03,+0.000000E+00,+9.910000E+37,+7.277783E+02,+3.584400E+04
10:33:57,0e0,+6.370527E-02,+4.641500E-07,+9.910000E+37,+7.280029E+02,+3.584400E+04,+6.493431E-02,+4.641500E-07,+9.910000E+37,+7.280693E+02,+3.584400E+04,+6.192884E-02,+4.641500E-07,+9.910000E+37,+7.281357E+02,+3.584400E+04,-1.146649E-02,+0.000000E+00,+9.910000E+37,+7.282021E+02,+3.584400E+04
10:33:57,0e0,+7.176355E-02,+5.179500E-07,+9.910000E+37,+7.284268E+02,+3.584400E+04,+7.080770E-02,+5.179500E-07,+9.910000E+37,+7.284932E+02,+3.584400E+04,+7.135406E-02,+5.179500E-07,+9.910000E+37,+7.285596E+02,+3.584400E+04,-9.872988E-03,+0.000000E+00,+9.910000E+37,+7.286250E+02,+3.584400E+04
10:33:57,0e0,+8.055142E-02,+5.779500E-07,+9.910000E+37,+7.288506E+02,+3.584400E+04,+8.118877E-02,+5.779500E-07,+9.910000E+37,+7.289180E+02,+3.584400E+04,+8.150762E-02,+5.779500E-07,+9.910000E+37,+7.289844E+02,+3.584400E+04,-1.019131E-02,+0.000000E+00,+9.910000E+37,+7.290518E+02,+3.584400E+04
10:33:57,0e0,+9.047693E-02,+6.449500E-07,+9.910000E+37,+7.292764E+02,+3.584400E+04,+9.065923E-02,+6.449500E-07,+9.910000E+37,+7.293428E+02,+3.584400E+04,+8.974794E-02,+6.449500E-07,+9.910000E+37,+7.294092E+02,+3.584400E+04,-1.260516E-02,+0.000000E+00,+9.910000E+37,+7.294756E+02,+3.584400E+04
10:33:57,0e0,+1.012677E-01,+7.197000E-07,+9.910000E+37,+7.297002E+02,+3.584400E+04,+1.025882E-01,+7.197000E-07,+9.910000E+37,+7.297666E+02,+3.584400E+04,+1.016776E-01,+7.197000E-07,+9.910000E+37,+7.298330E+02,+3.584400E+04,-9.690821E-03,+0.000000E+00,+9.910000E+37,+7.299004E+02,+3.584400E+04
10:33:57,0e0,+1.127416E-01,+8.031000E-07,+9.910000E+37,+7.301270E+02,+3.584400E+04,+1.133790E-01,+8.031000E-07,+9.910000E+37,+7.301943E+02,+3.584400E+04,+1.131057E-01,+8.031000E-07,+9.910000E+37,+7.302598E+02,+3.584400E+04,-1.101132E-02,+0.000000E+00,+9.910000E+37,+7.303262E+02,+3.584400E+04
10:33:57,0e0,+1.263559E-01,+8.961500E-07,+9.910000E+37,+7.305508E+02,+3.584400E+04,+1.254448E-01,+8.961500E-07,+9.910000E+37,+7.306162E+02,+3.584400E+04,+1.250802E-01,+8.961500E-07,+9.910000E+37,+7.306826E+02,+3.584400E+04,-1.010060E-02,+0.000000E+00,+9.910000E+37,+7.307490E+02,+3.584400E+04
10:33:57,0e0,+1.405611E-01,+1.000000E-06,+9.910000E+37,+7.309717E+02,+3.584400E+04,+1.381927E-01,+1.000000E-06,+9.910000E+37,+7.310391E+02,+3.584400E+04,+1.398778E-01,+1.000000E-06,+9.910000E+37,+7.311055E+02,+3.584400E+04,-1.064688E-02,+0.000000E+00,+9.910000E+37,+7.311729E+02,+3.584400E+04
10:33:57,0e0,+1.427924E-01,+1.116000E-06,+9.910000E+37,+7.313965E+02,+3.584400E+04,+1.429286E-01,+1.116000E-06,+9.910000E+37,+7.314639E+02,+3.584400E+04,+1.434749E-01,+1.116000E-06,+9.910000E+37,+7.315293E+02,+3.584400E+04,-1.082918E-02,+0.000000E+00,+9.910000E+37,+7.315957E+02,+3.584400E+04
10:33:57,0e0,+1.602302E-01,+1.245000E-06,+9.910000E+37,+7.318223E+02,+3.584400E+04,+1.585910E-01,+1.245000E-06,+9.910000E+37,+7.318887E+02,+3.584400E+04,+1.567691E-01,+1.245000E-06,+9.910000E+37,+7.319561E+02,+3.584400E+04,-1.110236E-02,+0.000000E+00,+9.910000E+37,+7.320215E+02,+3.584400E+04
10:33:57,0e0,+1.759844E-01,+1.389500E-06,+9.910000E+37,+7.322461E+02,+3.584400E+04,+1.760296E-01,+1.389500E-06,+9.910000E+37,+7.323125E+02,+3.584400E+04,+1.763482E-01,+1.389500E-06,+9.910000E+37,+7.323779E+02,+3.584400E+04,-1.146667E-02,+0.000000E+00,+9.910000E+37,+7.324443E+02,+3.584400E+04
10:33:57,0e0,+1.949710E-01,+1.550500E-06,+9.910000E+37,+7.326689E+02,+3.584400E+04,+1.950159E-01,+1.550500E-06,+9.910000E+37,+7.327354E+02,+3.584400E+04,+1.941053E-01,+1.550500E-06,+9.910000E+37,+7.328018E+02,+3.584400E+04,-9.964034E-03,+0.000000E+00,+9.910000E+37,+7.328682E+02,+3.584400E+04
10:33:57,0e0,+2.142300E-01,+1.730000E-06,+9.910000E+37,+7.330928E+02,+3.584400E+04,+2.150956E-01,+1.730000E-06,+9.910000E+37,+7.331592E+02,+3.584400E+04,+2.140475E-01,+1.730000E-06,+9.910000E+37,+7.332256E+02,+3.584400E+04,-1.237746E-02,+0.000000E+00,+9.910000E+37,+7.332930E+02,+3.584400E+04
10:33:57,0e0,+2.367678E-01,+1.930500E-06,+9.910000E+37,+7.335186E+02,+3.584400E+04,+2.362667E-01,+1.930500E-06,+9.910000E+37,+7.335850E+02,+3.584400E+04,+2.365409E-01,+1.930500E-06,+9.910000E+37,+7.336523E+02,+3.584400E+04,-1.169457E-02,+0.000000E+00,+9.910000E+37,+7.337197E+02,+3.584400E+04
10:33:57,0e0,+2.598968E-01,+2.154500E-06,+9.910000E+37,+7.339463E+02,+3.584400E+04,+2.613543E-01,+2.154500E-06,+9.910000E+37,+7.340137E+02,+3.584400E+04,+2.609900E-01,+2.154500E-06,+9.910000E+37,+7.340791E+02,+3.584400E+04,-9.736478E-03,+0.000000E+00,+9.910000E+37,+7.341455E+02,+3.584400E+04
10:33:57,0e0,+2.868519E-01,+2.404000E-06,+9.910000E+37,+7.343711E+02,+3.584400E+04,+2.864411E-01,+2.404000E-06,+9.910000E+37,+7.344385E+02,+3.584400E+04,+2.867593E-01,+2.404000E-06,+9.910000E+37,+7.345039E+02,+3.584400E+04,-1.146656E-02,+0.000000E+00,+9.910000E+37,+7.345703E+02,+3.584400E+04
10:33:57,0e0,+3.163556E-01,+2.682500E-06,+9.910000E+37,+7.347949E+02,+3.584400E+04,+3.169475E-01,+2.682500E-06,+9.910000E+37,+7.348613E+02,+3.584400E+04,+3.163558E-01,+2.682500E-06,+9.910000E+37,+7.349277E+02,+3.584400E+04,-1.119359E-02,+0.000000E+00,+9.910000E+37,+7.349941E+02,+3.584400E+04
10:33:57,0e0,+3.475897E-01,+2.993500E-06,+9.910000E+37,+7.352187E+02,+3.584400E+04,+3.472254E-01,+2.993500E-06,+9.910000E+37,+7.352852E+02,+3.584400E+04,+3.480905E-01,+2.993500E-06,+9.910000E+37,+7.353525E+02,+3.584400E+04,-1.128437E-02,+0.000000E+00,+9.910000E+37,+7.354199E+02,+3.584400E+04
10:33:57,0e0,+3.824668E-01,+3.340500E-06,+9.910000E+37,+7.356455E+02,+3.584400E+04,+3.823755E-01,+3.340500E-06,+9.910000E+37,+7.357129E+02,+3.584400E+04,+3.823309E-01,+3.340500E-06,+9.910000E+37,+7.357793E+02,+3.584400E+04,-9.963989E-03,+0.000000E+00,+9.910000E+37,+7.358447E+02,+3.584400E+04
10:33:57,0e0,+4.201207E-01,+3.727500E-06,+9.910000E+37,+7.360703E+02,+3.584400E+04,+4.212131E-01,+3.727500E-06,+9.910000E+37,+7.361377E+02,+3.584400E+04,+4.211676E-01,+3.727500E-06,+9.910000E+37,+7.362031E+02,+3.584400E+04,-9.873062E-03,+0.000000E+00,+9.910000E+37,+7.362695E+02,+3.584400E+04
10:33:57,0e0,+4.624644E-01,+4.159500E-06,+9.910000E+37,+7.364941E+02,+3.584400E+04,+4.617354E-01,+4.159500E-06,+9.910000E+37,+7.365615E+02,+3.584400E+04,+4.618261E-01,+4.159500E-06,+9.910000E+37,+7.366270E+02,+3.584400E+04,-1.201341E-02,+0.000000E+00,+9.910000E+37,+7.366934E+02,+3.584400E+04
10:33:57,0e0,+5.083593E-01,+4.641500E-06,+9.910000E+37,+7.369238E+02,+3.584400E+04,+5.073575E-01,+4.641500E-06,+9.910000E+37,+7.369893E+02,+3.584400E+04,+5.073116E-01,+4.641500E-06,+9.910000E+37,+7.370566E+02,+3.584400E+04,-1.119359E-02,+0.000000E+00,+9.910000E+37,+7.371240E+02,+3.584400E+04
10:33:57,0e0,+5.580336E-01,+5.179500E-06,+9.910000E+37,+7.373447E+02,+3.584400E+04,+5.572587E-01,+5.179500E-06,+9.910000E+37,+7.374111E+02,+3.584400E+04,+5.576686E-01,+5.179500E-06,+9.910000E+37,+7.374785E+02,+3.584400E+04,-1.046506E-02,+0.000000E+00,+9.910000E+37,+7.375439E+02,+3.584400E+04
10:33:57,0e0,+6.127623E-01,+5.779500E-06,+9.910000E+37,+7.377705E+02,+3.584400E+04,+6.141726E-01,+5.779500E-06,+9.910000E+37,+7.378379E+02,+3.584400E+04,+6.125337E-01,+5.779500E-06,+9.910000E+37,+7.379053E+02,+3.584400E+04,-1.123901E-02,+0.000000E+00,+9.910000E+37,+7.379707E+02,+3.584400E+04
10:33:57,0e0,+6.748188E-01,+6.449500E-06,+9.910000E+37,+7.381953E+02,+3.584400E+04,+6.752748E-01,+6.449500E-06,+9.910000E+37,+7.382627E+02,+3.584400E+04,+6.755025E-01,+6.449500E-06,+9.910000E+37,+7.383281E+02,+3.584400E+04,-1.110242E-02,+0.000000E+00,+9.910000E+37,+7.383945E+02,+3.584400E+04
10:33:57,0e0,+7.428424E-01,+7.197000E-06,+9.910000E+37,+7.386211E+02,+3.584400E+04,+7.428882E-01,+7.197000E-06,+9.910000E+37,+7.386885E+02,+3.584400E+04,+7.435260E-01,+7.197000E-06,+9.910000E+37,+7.387539E+02,+3.584400E+04,-1.032837E-02,+0.000000E+00,+9.910000E+37,+7.388203E+02,+3.584400E+04
10:33:57,0e0,+8.142340E-01,+8.031000E-06,+9.910000E+37,+7.390439E+02,+3.584400E+04,+8.149637E-01,+8.031000E-06,+9.910000E+37,+7.391104E+02,+3.584400E+04,+8.159198E-01,+8.031000E-06,+9.910000E+37,+7.391768E+02,+3.584400E+04,-1.133019E-02,+0.000000E+00,+9.910000E+37,+7.392432E+02,+3.584400E+04
10:33:57,0e0,+8.951893E-01,+8.961500E-06,+9.910000E+37,+7.394697E+02,+3.584400E+04,+8.948243E-01,+8.961500E-06,+9.910000E+37,+7.395361E+02,+3.584400E+04,+8.950982E-01,+8.961500E-06,+9.910000E+37,+7.396016E+02,+3.584400E+04,-1.028287E-02,+0.000000E+00,+9.910000E+37,+7.396680E+02,+3.584400E+04
10:33:57,0e0,+9.825648E-01,+1.000000E-05,+9.910000E+37,+7.398906E+02,+3.584400E+04,+9.817433E-01,+1.000000E-05,+9.910000E+37,+7.399570E+02,+3.584400E+04,+9.823351E-01,+1.000000E-05,+9.910000E+37,+7.400234E+02,+3.584400E+04,-9.599850E-03,+0.000000E+00,+9.910000E+37,+7.400898E+02,+3.584400E+04
10:33:57,0e0,+1.063335E+00,+1.116000E-05,+9.910000E+37,+7.403105E+02,+3.584400E+04,+1.064062E+00,+1.116000E-05,+9.910000E+37,+7.403760E+02,+3.584400E+04,+1.065703E+00,+1.116000E-05,+9.910000E+37,+7.404434E+02,+3.584400E+04,-1.319712E-02,+0.000000E+00,+9.910000E+37,+7.405088E+02,+3.584400E+04
10:33:57,0e0,+1.163457E+00,+1.245000E-05,+9.910000E+37,+7.407266E+02,+3.584400E+04,+1.163913E+00,+1.245000E-05,+9.910000E+37,+7.407920E+02,+3.584400E+04,+1.164914E+00,+1.245000E-05,+9.910000E+37,+7.408594E+02,+3.584400E+04,-1.265065E-02,+0.000000E+00,+9.910000E+37,+7.409248E+02,+3.584400E+04
10:33:57,0e0,+1.271001E+00,+1.389500E-05,+9.910000E+37,+7.411406E+02,+3.584400E+04,+1.271136E+00,+1.389500E-05,+9.910000E+37,+7.412061E+02,+3.584400E+04,+1.273278E+00,+1.389500E-05,+9.910000E+37,+7.412725E+02,+3.584400E+04,-1.201323E-02,+0.000000E+00,+9.910000E+37,+7.413438E+02,+3.584400E+04
10:33:57,0e0,+1.385739E+00,+1.550500E-05,+9.910000E+37,+7.415566E+02,+3.584400E+04,+1.385190E+00,+1.550500E-05,+9.910000E+37,+7.416240E+02,+3.584400E+04,+1.385828E+00,+1.550500E-05,+9.910000E+37,+7.416895E+02,+3.584400E+04,-1.037383E-02,+0.000000E+00,+9.910000E+37,+7.417568E+02,+3.584400E+04
10:33:57,0e0,+1.504210E+00,+1.730000E-05,+9.910000E+37,+7.419658E+02,+3.584400E+04,+1.505711E+00,+1.730000E-05,+9.910000E+37,+7.420322E+02,+3.584400E+04,+1.506486E+00,+1.730000E-05,+9.910000E+37,+7.420996E+02,+3.584400E+04,-1.301503E-02,+0.000000E+00,+9.910000E+37,+7.421670E+02,+3.584400E+04
10:33:57,0e0,+1.631972E+00,+1.930500E-05,+9.910000E+37,+7.423828E+02,+3.584400E+04,+1.631422E+00,+1.930500E-05,+9.910000E+37,+7.424482E+02,+3.584400E+04,+1.630509E+00,+1.930500E-05,+9.910000E+37,+7.425146E+02,+3.584400E+04,-1.201323E-02,+0.000000E+00,+9.910000E+37,+7.425820E+02,+3.584400E+04
10:33:57,0e0,+1.761412E+00,+2.154500E-05,+9.910000E+37,+7.427979E+02,+3.584400E+04,+1.764600E+00,+2.154500E-05,+9.910000E+37,+7.428633E+02,+3.584400E+04,+1.764234E+00,+2.154500E-05,+9.910000E+37,+7.429297E+02,+3.584400E+04,-1.255958E-02,+0.000000E+00,+9.910000E+37,+7.429971E+02,+3.584400E+04
10:33:57,0e0,+1.897549E+00,+2.404000E-05,+9.910000E+37,+7.432109E+02,+3.584400E+04,+1.899963E+00,+2.404000E-05,+9.910000E+37,+7.432783E+02,+3.584400E+04,+1.901009E+00,+2.404000E-05,+9.910000E+37,+7.433438E+02,+3.584400E+04,-1.178558E-02,+0.000000E+00,+9.910000E+37,+7.434160E+02,+3.584400E+04
10:33:57,0e0,+2.039743E+00,+2.682500E-05,+9.910000E+37,+7.436357E+02,+3.584400E+04,+2.040836E+00,+2.682500E-05,+9.910000E+37,+7.437021E+02,+3.584400E+04,+2.040971E+00,+2.682500E-05,+9.910000E+37,+7.437686E+02,+3.584400E+04,-1.406251E-02,+0.000000E+00,+9.910000E+37,+7.438398E+02,+3.584400E+04
10:33:57,0e0,+2.183254E+00,+2.993500E-05,+9.910000E+37,+7.440625E+02,+3.584400E+04,+2.184388E+00,+2.993500E-05,+9.910000E+37,+7.441289E+02,+3.584400E+04,+2.186350E+00,+2.993500E-05,+9.910000E+37,+7.441963E+02,+3.584400E+04,-1.196772E-02,+0.000000E+00,+9.910000E+37,+7.442656E+02,+3.584400E+04
10:33:57,0e0,+2.333599E+00,+3.340500E-05,+9.910000E+37,+7.444854E+02,+3.584400E+04,+2.336011E+00,+3.340500E-05,+9.910000E+37,+7.445518E+02,+3.584400E+04,+2.336056E+00,+3.340500E-05,+9.910000E+37,+7.446191E+02,+3.584400E+04,-1.174003E-02,+0.000000E+00,+9.910000E+37,+7.446875E+02,+3.584400E+04
10:33:57,0e0,+2.486173E+00,+3.727500E-05,+9.910000E+37,+7.449092E+02,+3.584400E+04,+2.488220E+00,+3.727500E-05,+9.910000E+37,+7.449766E+02,+3.584400E+04,+2.489997E+00,+3.727500E-05,+9.910000E+37,+7.450420E+02,+3.584400E+04,-1.246828E-02,+0.000000E+00,+9.910000E+37,+7.451133E+02,+3.584400E+04
10:33:57,0e0,+2.642616E+00,+4.159500E-05,+9.910000E+37,+7.453340E+02,+3.584400E+04,+2.645986E+00,+4.159500E-05,+9.910000E+37,+7.453994E+02,+3.584400E+04,+2.646349E+00,+4.159500E-05,+9.910000E+37,+7.454668E+02,+3.584400E+04,-1.196764E-02,+0.000000E+00,+9.910000E+37,+7.455371E+02,+3.584400E+04
10:33:57,0e0,+2.803796E+00,+4.641500E-05,+9.910000E+37,+7.457598E+02,+3.584400E+04,+2.806526E+00,+4.641500E-05,+9.910000E+37,+7.458271E+02,+3.584400E+04,+2.806475E+00,+4.641500E-05,+9.910000E+37,+7.458926E+02,+3.584400E+04,-1.255955E-02,+0.000000E+00,+9.910000E+37,+7.459600E+02,+3.584400E+04
10:33:57,0e0,+2.969938E+00,+5.179500E-05,+9.910000E+37,+7.461797E+02,+3.584400E+04,+2.971076E+00,+5.179500E-05,+9.910000E+37,+7.462471E+02,+3.584400E+04,+2.972943E+00,+5.179500E-05,+9.910000E+37,+7.463125E+02,+3.584400E+04,-1.183102E-02,+0.000000E+00,+9.910000E+37,+7.463838E+02,+3.584400E+04
10:33:57,0e0,+3.138266E+00,+5.779500E-05,+9.910000E+37,+7.466094E+02,+3.584400E+04,+3.141044E+00,+5.779500E-05,+9.910000E+37,+7.466758E+02,+3.584400E+04,+3.143047E+00,+5.779500E-05,+9.910000E+37,+7.467432E+02,+3.584400E+04,-1.242293E-02,+0.000000E+00,+9.910000E+37,+7.468105E+02,+3.584400E+04
10:33:57,0e0,+3.312057E+00,+6.449500E-05,+9.910000E+37,+7.470254E+02,+3.584400E+04,+3.316381E+00,+6.449500E-05,+9.910000E+37,+7.470928E+02,+3.584400E+04,+3.316790E+00,+6.449500E-05,+9.910000E+37,+7.471592E+02,+3.584400E+04,-1.219526E-02,+0.000000E+00,+9.910000E+37,+7.472305E+02,+3.584400E+04
10:33:57,0e0,+3.491266E+00,+7.197000E-05,+9.910000E+37,+7.474512E+02,+3.584400E+04,+3.495182E+00,+7.197000E-05,+9.910000E+37,+7.475166E+02,+3.584400E+04,+3.495410E+00,+7.197000E-05,+9.910000E+37,+7.475840E+02,+3.584400E+04,-1.265062E-02,+0.000000E+00,+9.910000E+37,+7.476563E+02,+3.584400E+04
10:33:57,0e0,+3.676306E+00,+8.031000E-05,+9.910000E+37,+7.478779E+02,+3.584400E+04,+3.678530E+00,+8.031000E-05,+9.910000E+37,+7.479443E+02,+3.584400E+04,+3.679625E+00,+8.031000E-05,+9.910000E+37,+7.480107E+02,+3.584400E+04,-1.228619E-02,+0.000000E+00,+9.910000E+37,+7.480801E+02,+3.584400E+04
10:33:57,0e0,+3.865987E+00,+8.961500E-05,+9.910000E+37,+7.482988E+02,+3.584400E+04,+3.868805E+00,+8.961500E-05,+9.910000E+37,+7.483652E+02,+3.584400E+04,+3.869587E+00,+8.961500E-05,+9.910000E+37,+7.484326E+02,+3.584400E+04,-1.369824E-02,+0.000000E+00,+9.910000E+37,+7.485049E+02,+3.584400E+04
10:33:57,0e0,+4.060944E+00,+1.000000E-04,+9.910000E+37,+7.487148E+02,+3.584400E+04,+4.064495E+00,+1.000000E-04,+9.910000E+37,+7.487881E+02,+3.584400E+04,+4.065589E+00,+1.000000E-04,+9.910000E+37,+7.488555E+02,+3.584400E+04,-1.196778E-02,+0.000000E+00,+9.910000E+37,+7.489219E+02,+3.584400E+04
10:33:57,0e0,+4.249165E+00,+1.116000E-04,+9.910000E+37,+7.491377E+02,+3.584400E+04,+4.254315E+00,+1.116000E-04,+9.910000E+37,+7.492051E+02,+3.584400E+04,+4.255685E+00,+1.116000E-04,+9.910000E+37,+7.492705E+02,+3.584400E+04,-1.902494E-02,+0.000000E+00,+9.910000E+37,+7.493379E+02,+3.584400E+04
10:33:57,0e0,+4.457839E+00,+1.245000E-04,+9.910000E+37,+7.495615E+02,+3.584400E+04,+4.462755E+00,+1.245000E-04,+9.910000E+37,+7.496289E+02,+3.584400E+04,+4.461660E+00,+1.245000E-04,+9.910000E+37,+7.496963E+02,+3.584400E+04,-1.856957E-02,+0.000000E+00,+9.910000E+37,+7.497617E+02,+3.584400E+04
10:33:57,0e0,+4.670372E+00,+1.389500E-04,+9.910000E+37,+7.499834E+02,+3.584400E+04,+4.675476E+00,+1.389500E-04,+9.910000E+37,+7.500488E+02,+3.584400E+04,+4.676931E+00,+1.389500E-04,+9.910000E+37,+7.501152E+02,+3.584400E+04,-1.897943E-02,+0.000000E+00,+9.910000E+37,+7.501826E+02,+3.584400E+04
10:33:57,0e0,+4.891245E+00,+1.550500E-04,+9.910000E+37,+7.504092E+02,+3.584400E+04,+4.895711E+00,+1.550500E-04,+9.910000E+37,+7.504746E+02,+3.584400E+04,+4.898352E+00,+1.550500E-04,+9.910000E+37,+7.505420E+02,+3.584400E+04,-1.893392E-02,+0.000000E+00,+9.910000E+37,+7.506074E+02,+3.584400E+04
10:33:57,0e0,+5.117900E+00,+1.730000E-04,+9.910000E+37,+7.508311E+02,+3.584400E+04,+5.121984E+00,+1.730000E-04,+9.910000E+37,+7.508975E+02,+3.584400E+04,+5.123362E+00,+1.730000E-04,+9.910000E+37,+7.509648E+02,+3.584400E+04,-1.938932E-02,+0.000000E+00,+9.910000E+37,+7.510303E+02,+3.584400E+04
10:33:57,0e0,+5.351421E+00,+1.930500E-04,+9.910000E+37,+7.512529E+02,+3.584400E+04,+5.355785E+00,+1.930500E-04,+9.910000E+37,+7.513184E+02,+3.584400E+04,+5.357346E+00,+1.930500E-04,+9.910000E+37,+7.513848E+02,+3.584400E+04,-1.866084E-02,+0.000000E+00,+9.910000E+37,+7.514521E+02,+3.584400E+04
10:33:57,0e0,+5.592052E+00,+2.154500E-04,+9.910000E+37,+7.516807E+02,+3.584400E+04,+5.597743E+00,+2.154500E-04,+9.910000E+37,+7.517461E+02,+3.584400E+04,+5.599482E+00,+2.154500E-04,+9.910000E+37,+7.518135E+02,+3.584400E+04,-1.920733E-02,+0.000000E+00,+9.910000E+37,+7.518809E+02,+3.584400E+04
10:33:57,0e0,+5.838967E+00,+2.404000E-04,+9.910000E+37,+7.521035E+02,+3.584400E+04,+5.843608E+00,+2.404000E-04,+9.910000E+37,+7.521699E+02,+3.584400E+04,+5.845709E+00,+2.404000E-04,+9.910000E+37,+7.522363E+02,+3.584400E+04,-1.802342E-02,+0.000000E+00,+9.910000E+37,+7.523037E+02,+3.584400E+04
10:33:57,0e0,+6.091074E+00,+2.682500E-04,+9.910000E+37,+7.525264E+02,+3.584400E+04,+6.097496E+00,+2.682500E-04,+9.910000E+37,+7.525918E+02,+3.584400E+04,+6.096717E+00,+2.682500E-04,+9.910000E+37,+7.526582E+02,+3.584400E+04,-1.806891E-02,+0.000000E+00,+9.910000E+37,+7.527246E+02,+3.584400E+04
10:33:57,0e0,+6.346498E+00,+2.993500E-04,+9.910000E+37,+7.529502E+02,+3.584400E+04,+6.352420E+00,+2.993500E-04,+9.910000E+37,+7.530176E+02,+3.584400E+04,+6.354243E+00,+2.993500E-04,+9.910000E+37,+7.530830E+02,+3.584400E+04,-1.902509E-02,+0.000000E+00,+9.910000E+37,+7.531494E+02,+3.584400E+04
10:33:57,0e0,+6.606347E+00,+3.340500E-04,+9.910000E+37,+7.533750E+02,+3.584400E+04,+6.610853E+00,+3.340500E-04,+9.910000E+37,+7.534424E+02,+3.584400E+04,+6.612903E+00,+3.340500E-04,+9.910000E+37,+7.535088E+02,+3.584400E+04,-1.793228E-02,+0.000000E+00,+9.910000E+37,+7.535762E+02,+3.584400E+04
10:33:57,0e0,+6.867056E+00,+3.727500E-04,+9.910000E+37,+7.538027E+02,+3.584400E+04,+6.872516E+00,+3.727500E-04,+9.910000E+37,+7.538682E+02,+3.584400E+04,+6.872820E+00,+3.727500E-04,+9.910000E+37,+7.539346E+02,+3.584400E+04,-1.838753E-02,+0.000000E+00,+9.910000E+37,+7.540010E+02,+3.584400E+04
10:33:57,0e0,+7.127225E+00,+4.159500E-04,+9.910000E+37,+7.542266E+02,+3.584400E+04,+7.132135E+00,+4.159500E-04,+9.910000E+37,+7.542939E+02,+3.584400E+04,+7.133409E+00,+4.159500E-04,+9.910000E+37,+7.543604E+02,+3.584400E+04,-1.765883E-02,+0.000000E+00,+9.910000E+37,+7.544268E+02,+3.584400E+04
10:33:57,0e0,+7.383133E+00,+4.641500E-04,+9.910000E+37,+7.546523E+02,+3.584400E+04,+7.388421E+00,+4.641500E-04,+9.910000E+37,+7.547187E+02,+3.584400E+04,+7.388834E+00,+4.641500E-04,+9.910000E+37,+7.547861E+02,+3.584400E+04,-1.866089E-02,+0.000000E+00,+9.910000E+37,+7.548516E+02,+3.584400E+04
10:33:57,0e0,+7.633571E+00,+5.179500E-04,+9.910000E+37,+7.550771E+02,+3.584400E+04,+7.638809E+00,+5.179500E-04,+9.910000E+37,+7.551436E+02,+3.584400E+04,+7.638796E+00,+5.179500E-04,+9.910000E+37,+7.552100E+02,+3.584400E+04,-1.761317E-02,+0.000000E+00,+9.910000E+37,+7.552773E+02,+3.584400E+04
10:33:57,0e0,+7.873507E+00,+5.779500E-04,+9.910000E+37,+7.555020E+02,+3.584400E+04,+7.877011E+00,+5.779500E-04,+9.910000E+37,+7.555693E+02,+3.584400E+04,+7.876067E+00,+5.779500E-04,+9.910000E+37,+7.556348E+02,+3.584400E+04,-1.711248E-02,+0.000000E+00,+9.910000E+37,+7.557012E+02,+3.584400E+04
10:33:57,0e0,+8.095336E+00,+6.449500E-04,+9.910000E+37,+7.559258E+02,+3.584400E+04,+8.098978E+00,+6.449500E-04,+9.910000E+37,+7.559922E+02,+3.584400E+04,+8.097978E+00,+6.449500E-04,+9.910000E+37,+7.560586E+02,+3.584400E+04,-1.847875E-02,+0.000000E+00,+9.910000E+37,+7.561260E+02,+3.584400E+04
10:33:57,0e0,+8.299771E+00,+7.197000E-04,+9.910000E+37,+7.563516E+02,+3.584400E+04,+8.301089E+00,+7.197000E-04,+9.910000E+37,+7.564189E+02,+3.584400E+04,+8.301466E+00,+7.197000E-04,+9.910000E+37,+7.564863E+02,+3.584400E+04,-1.879750E-02,+0.000000E+00,+9.910000E+37,+7.565518E+02,+3.584400E+04
10:33:57,0e0,+8.481071E+00,+8.031000E-04,+9.910000E+37,+7.567754E+02,+3.584400E+04,+8.483809E+00,+8.031000E-04,+9.910000E+37,+7.568418E+02,+3.584400E+04,+8.480119E+00,+8.031000E-04,+9.910000E+37,+7.569082E+02,+3.584400E+04,-1.979947E-02,+0.000000E+00,+9.910000E+37,+7.569756E+02,+3.584400E+04
10:33:57,0e0,+8.644023E+00,+8.961500E-04,+9.910000E+37,+7.571973E+02,+3.584400E+04,+8.645448E+00,+8.961500E-04,+9.910000E+37,+7.572637E+02,+3.584400E+04,+8.640928E+00,+8.961500E-04,+9.910000E+37,+7.573301E+02,+3.584400E+04,-1.715790E-02,+0.000000E+00,+9.910000E+37,+7.573975E+02,+3.584400E+04
10:33:57,0e0,+8.790454E+00,+1.000000E-03,+9.910000E+37,+7.576201E+02,+3.584400E+04,+8.790581E+00,+1.000000E-03,+9.910000E+37,+7.576855E+02,+3.584400E+04,+8.786629E+00,+1.000000E-03,+9.910000E+37,+7.577520E+02,+3.584400E+04,-1.765917E-02,+0.000000E+00,+9.910000E+37,+7.578193E+02,+3.584400E+04
10:33:57,0e0,+8.912703E+00,+1.116000E-03,+9.910000E+37,+7.580420E+02,+3.584400E+04,+8.911658E+00,+1.116000E-03,+9.910000E+37,+7.581094E+02,+3.584400E+04,+8.907503E+00,+1.116000E-03,+9.910000E+37,+7.581758E+02,+3.584400E+04,-1.377693E-01,+0.000000E+00,+9.910000E+37,+7.582422E+02,+3.584400E+04
10:33:57,0e0,+9.036310E+00,+1.245000E-03,+9.910000E+37,+7.584668E+02,+3.584400E+04,+9.037063E+00,+1.245000E-03,+9.910000E+37,+7.585332E+02,+3.584400E+04,+9.032644E+00,+1.245000E-03,+9.910000E+37,+7.586006E+02,+3.584400E+04,-1.322602E-01,+0.000000E+00,+9.910000E+37,+7.586670E+02,+3.584400E+04
10:33:57,0e0,+9.155869E+00,+1.389500E-03,+9.910000E+37,+7.588896E+02,+3.584400E+04,+9.156976E+00,+1.389500E-03,+9.910000E+37,+7.589561E+02,+3.584400E+04,+9.152652E+00,+1.389500E-03,+9.910000E+37,+7.590225E+02,+3.584400E+04,-1.372685E-01,+0.000000E+00,+9.910000E+37,+7.590889E+02,+3.584400E+04
10:33:57,0e0,+9.273170E+00,+1.550500E-03,+9.910000E+37,+7.593154E+02,+3.584400E+04,+9.273993E+00,+1.550500E-03,+9.910000E+37,+7.593818E+02,+3.584400E+04,+9.269256E+00,+1.550500E-03,+9.910000E+37,+7.594482E+02,+3.584400E+04,-1.347187E-01,+0.000000E+00,+9.910000E+37,+7.595146E+02,+3.584400E+04
10:33:57,0e0,+9.385991E+00,+1.730000E-03,+9.910000E+37,+7.597393E+02,+3.584400E+04,+9.387315E+00,+1.730000E-03,+9.910000E+37,+7.598066E+02,+3.584400E+04,+9.382813E+00,+1.730000E-03,+9.910000E+37,+7.598730E+02,+3.584400E+04,-1.325787E-01,+0.000000E+00,+9.910000E+37,+7.599404E+02,+3.584400E+04
10:33:57,0e0,+9.498592E+00,+1.930500E-03,+9.910000E+37,+7.601641E+02,+3.584400E+04,+9.498458E+00,+1.930500E-03,+9.910000E+37,+7.602305E+02,+3.584400E+04,+9.493762E+00,+1.930500E-03,+9.910000E+37,+7.602969E+02,+3.584400E+04,-1.324881E-01,+0.000000E+00,+9.910000E+37,+7.603643E+02,+3.584400E+04
10:33:57,0e0,+9.608465E+00,+2.154500E-03,+9.910000E+37,+7.605908E+02,+3.584400E+04,+9.608696E+00,+2.154500E-03,+9.910000E+37,+7.606562E+02,+3.584400E+04,+9.604466E+00,+2.154500E-03,+9.910000E+37,+7.607227E+02,+3.584400E+04,-1.303479E-01,+0.000000E+00,+9.910000E+37,+7.607891E+02,+3.584400E+04
10:33:57,0e0,+9.719225E+00,+2.404000E-03,+9.910000E+37,+7.610137E+02,+3.584400E+04,+9.719325E+00,+2.404000E-03,+9.910000E+37,+7.610811E+02,+3.584400E+04,+9.713846E+00,+2.404000E-03,+9.910000E+37,+7.611475E+02,+3.584400E+04,-1.318047E-01,+0.000000E+00,+9.910000E+37,+7.612148E+02,+3.584400E+04
10:33:57,0e0,+9.835571E+00,+2.682500E-03,+9.910000E+37,+7.614385E+02,+3.584400E+04,+9.835157E+00,+2.682500E-03,+9.910000E+37,+7.615049E+02,+3.584400E+04,+9.831335E+00,+2.682500E-03,+9.910000E+37,+7.615713E+02,+3.584400E+04,-1.297107E-01,+0.000000E+00,+9.910000E+37,+7.616377E+02,+3.584400E+04
10:33:57,0e0,+9.955131E+00,+2.993500E-03,+9.910000E+37,+7.618633E+02,+3.584400E+04,+9.956010E+00,+2.993500E-03,+9.910000E+37,+7.619297E+02,+3.584400E+04,+9.951492E+00,+2.993500E-03,+9.910000E+37,+7.619961E+02,+3.584400E+04,-1.250208E-01,+0.000000E+00,+9.910000E+37,+7.620625E+02,+3.584400E+04
10:33:57,0e0,+1.007989E+01,+3.340500E-03,+9.910000E+37,+7.622871E+02,+3.584400E+04,+1.007925E+01,+3.340500E-03,+9.910000E+37,+7.623535E+02,+3.584400E+04,+1.007603E+01,+3.340500E-03,+9.910000E+37,+7.624199E+02,+3.584400E+04,-1.261133E-01,+0.000000E+00,+9.910000E+37,+7.624873E+02,+3.584400E+04
10:33:57,0e0,+1.020755E+01,+3.727500E-03,+9.910000E+37,+7.627119E+02,+3.584400E+04,+1.020647E+01,+3.727500E-03,+9.910000E+37,+7.627793E+02,+3.584400E+04,+1.020118E+01,+3.727500E-03,+9.910000E+37,+7.628467E+02,+3.584400E+04,-1.194660E-01,+0.000000E+00,+9.910000E+37,+7.629121E+02,+3.584400E+04
10:33:57,0e0,+1.033799E+01,+4.159500E-03,+9.910000E+37,+7.631318E+02,+3.584400E+04,+1.033740E+01,+4.159500E-03,+9.910000E+37,+7.631973E+02,+3.584400E+04,+1.033233E+01,+4.159500E-03,+9.910000E+37,+7.632637E+02,+3.584400E+04,-1.217426E-01,+0.000000E+00,+9.910000E+37,+7.633301E+02,+3.584400E+04
10:33:57,0e0,+1.047173E+01,+4.641500E-03,+9.910000E+37,+7.635508E+02,+3.584400E+04,+1.047072E+01,+4.641500E-03,+9.910000E+37,+7.636182E+02,+3.584400E+04,+1.046133E+01,+4.641500E-03,+9.910000E+37,+7.636855E+02,+3.584400E+04,-1.159144E-01,+0.000000E+00,+9.910000E+37,+7.637520E+02,+3.584400E+04
10:33:57,0e0,+1.060599E+01,+5.179500E-03,+9.910000E+37,+7.639766E+02,+3.584400E+04,+1.060213E+01,+5.179500E-03,+9.910000E+37,+7.640430E+02,+3.584400E+04,+1.059507E+01,+5.179500E-03,+9.910000E+37,+7.641104E+02,+3.584400E+04,-1.194204E-01,+0.000000E+00,+9.910000E+37,+7.641777E+02,+3.584400E+04
10:33:57,0e0,+1.074280E+01,+5.779500E-03,+9.910000E+37,+7.644023E+02,+3.584400E+04,+1.073707E+01,+5.779500E-03,+9.910000E+37,+7.644678E+02,+3.584400E+04,+1.072717E+01,+5.779500E-03,+9.910000E+37,+7.645342E+02,+3.584400E+04,-1.114525E-01,+0.000000E+00,+9.910000E+37,+7.646006E+02,+3.584400E+04
10:33:57,0e0,+1.088232E+01,+6.449500E-03,+9.910000E+37,+7.648262E+02,+3.584400E+04,+1.087562E+01,+6.449500E-03,+9.910000E+37,+7.648936E+02,+3.584400E+04,+1.086461E+01,+6.449500E-03,+9.910000E+37,+7.649590E+02,+3.584400E+04,-1.117714E-01,+0.000000E+00,+9.910000E+37,+7.650254E+02,+3.584400E+04
10:33:57,0e0,+1.102404E+01,+7.197000E-03,+9.910000E+37,+7.652500E+02,+3.584400E+04,+1.101495E+01,+7.197000E-03,+9.910000E+37,+7.653164E+02,+3.584400E+04,+1.100389E+01,+7.197000E-03,+9.910000E+37,+7.653828E+02,+3.584400E+04,-1.098591E-01,+0.000000E+00,+9.910000E+37,+7.654502E+02,+3.584400E+04
10:33:57,0e0,+1.117453E+01,+8.031000E-03,+9.910000E+37,+7.656719E+02,+3.584400E+04,+1.116114E+01,+8.031000E-03,+9.910000E+37,+7.657383E+02,+3.584400E+04,+1.114831E+01,+8.031000E-03,+9.910000E+37,+7.658047E+02,+3.584400E+04,-1.066719E-01,+0.000000E+00,+9.910000E+37,+7.658721E+02,+3.584400E+04
10:33:57,0e0,+1.133207E+01,+8.961500E-03,+9.910000E+37,+7.660967E+02,+3.584400E+04,+1.131707E+01,+8.961500E-03,+9.910000E+37,+7.661631E+02,+3.584400E+04,+1.130229E+01,+8.961500E-03,+9.910000E+37,+7.662295E+02,+3.584400E+04,-9.865841E-02,+0.000000E+00,+9.910000E+37,+7.662969E+02,+3.584400E+04
