10:30:32,0e0,+3.243819E-03,+1.000000E-07,+9.910000E+37,+5.225840E+02,+3.584400E+04,+2.833486E-03,+1.000000E-07,+9.910000E+37,+5.226504E+02,+3.584400E+04,+2.970159E-03,+1.000000E-07,+9.910000E+37,+5.227178E+02,+3.584400E+04,-1.624388E-02,+0.000000E+00,+9.910000E+37,+5.227832E+02,+3.584400E+04
10:30:32,0e0,+5.383670E-03,+1.116000E-07,+9.910000E+37,+5.230068E+02,+3.584400E+04,+5.747676E-03,+1.116000E-07,+9.910000E+37,+5.230732E+02,+3.584400E+04,+5.156115E-03,+1.116000E-07,+9.910000E+37,+5.231396E+02,+3.584400E+04,-1.588021E-02,+0.000000E+00,+9.910000E+37,+5.232061E+02,+3.584400E+04
10:30:32,0e0,+6.658062E-03,+1.245000E-07,+9.910000E+37,+5.234307E+02,+3.584400E+04,+7.842109E-03,+1.245000E-07,+9.910000E+37,+5.234971E+02,+3.584400E+04,+7.751465E-03,+1.245000E-07,+9.910000E+37,+5.235635E+02,+3.584400E+04,-1.660815E-02,+0.000000E+00,+9.910000E+37,+5.236299E+02,+3.584400E+04
10:30:32,0e0,+1.039223E-02,+1.389500E-07,+9.910000E+37,+5.238535E+02,+3.584400E+04,+1.125692E-02,+1.389500E-07,+9.910000E+37,+5.239199E+02,+3.584400E+04,+9.754509E-03,+1.389500E-07,+9.910000E+37,+5.239863E+02,+3.584400E+04,-1.542459E-02,+0.000000E+00,+9.910000E+37,+5.240537E+02,+3.584400E+04
10:30:32,0e0,+1.244064E-02,+1.550500E-07,+9.910000E+37,+5.242754E+02,+3.584400E+04,+1.330587E-02,+1.550500E-07,+9.910000E+37,+5.243428E+02,+3.584400E+04,+1.389819E-02,+1.550500E-07,+9.910000E+37,+5.244082E+02,+3.584400E+04,-1.665404E-02,+0.000000E+00,+9.910000E+37,+5.244746E+02,+3.584400E+04
10:30:32,0e0,+1.603776E-02,+1.730000E-07,+9.910000E+37,+5.246992E+02,+3.584400E+04,+1.562829E-02,+1.730000E-07,+9.910000E+37,+5.247646E+02,+3.584400E+04,+1.562798E-02,+1.730000E-07,+9.910000E+37,+5.248311E+02,+3.584400E+04,-1.469627E-02,+0.000000E+00,+9.910000E+37,+5.248975E+02,+3.584400E+04
10:30:32,0e0,+1.867847E-02,+1.930500E-07,+9.910000E+37,+5.251230E+02,+3.584400E+04,+1.958923E-02,+1.930500E-07,+9.910000E+37,+5.251895E+02,+3.584400E+04,+1.913372E-02,+1.930500E-07,+9.910000E+37,+5.252559E+02,+3.584400E+04,-1.547015E-02,+0.000000E+00,+9.910000E+37,+5.253223E+02,+3.584400E+04
10:30:32,0e0,+2.250297E-02,+2.154500E-07,+9.910000E+37,+5.255488E+02,+3.584400E+04,+2.113689E-02,+2.154500E-07,+9.910000E+37,+5.256152E+02,+3.584400E+04,+2.364139E-02,+2.154500E-07,+9.910000E+37,+5.256826E+02,+3.584400E+04,-1.656318E-02,+0.000000E+00,+9.910000E+37,+5.257480E+02,+3.584400E+04
10:30:32,0e0,+2.660118E-02,+2.404000E-07,+9.910000E+37,+5.259727E+02,+3.584400E+04,+2.641889E-02,+2.404000E-07,+9.910000E+37,+5.260391E+02,+3.584400E+04,+2.650973E-02,+2.404000E-07,+9.910000E+37,+5.261055E+02,+3.584400E+04,-1.556101E-02,+0.000000E+00,+9.910000E+37,+5.261719E+02,+3.584400E+04
10:30:32,0e0,+3.133646E-02,+2.682500E-07,+9.910000E+37,+5.263975E+02,+3.584400E+04,+3.024340E-02,+2.682500E-07,+9.910000E+37,+5.264639E+02,+3.584400E+04,+3.101760E-02,+2.682500E-07,+9.910000E+37,+5.265303E+02,+3.584400E+04,-1.396757E-02,+0.000000E+00,+9.910000E+37,+5.265967E+02,+3.584400E+04
10:30:32,0e0,+3.734678E-02,+2.993500E-07,+9.910000E+37,+5.268232E+02,+3.584400E+04,+3.698221E-02,+2.993500E-07,+9.910000E+37,+5.268896E+02,+3.584400E+04,+3.720990E-02,+2.993500E-07,+9.910000E+37,+5.269561E+02,+3.584400E+04,-1.606217E-02,+0.000000E+00,+9.910000E+37,+5.270225E+02,+3.584400E+04
10:30:32,0e0,+4.080656E-02,+3.340500E-07,+9.910000E+37,+5.272471E+02,+3.584400E+04,+4.230937E-02,+3.340500E-07,+9.910000E+37,+5.273135E+02,+3.584400E+04,+4.144436E-02,+3.340500E-07,+9.910000E+37,+5.273799E+02,+3.584400E+04,-1.542474E-02,+0.000000E+00,+9.910000E+37,+5.274473E+02,+3.584400E+04
10:30:32,0e0,+4.622552E-02,+3.727500E-07,+9.910000E+37,+5.276729E+02,+3.584400E+04,+4.645252E-02,+3.727500E-07,+9.910000E+37,+5.277402E+02,+3.584400E+04,+4.704469E-02,+3.727500E-07,+9.910000E+37,+5.278076E+02,+3.584400E+04,-1.606201E-02,+0.000000E+00,+9.910000E+37,+5.278740E+02,+3.584400E+04
10:30:32,0e0,+5.382916E-02,+4.159500E-07,+9.910000E+37,+5.280977E+02,+3.584400E+04,+5.314568E-02,+4.159500E-07,+9.910000E+37,+5.281641E+02,+3.584400E+04,+5.414754E-02,+4.159500E-07,+9.910000E+37,+5.282305E+02,+3.584400E+04,-1.560675E-02,+0.000000E+00,+9.910000E+37,+5.282979E+02,+3.584400E+04
10:30:32,0e0,+5.938366E-02,+4.641500E-07,+9.910000E+37,+5.285234E+02,+3.584400E+04,+5.829102E-02,+4.641500E-07,+9.910000E+37,+5.285898E+02,+3.584400E+04,+6.115943E-02,+4.641500E-07,+9.910000E+37,+5.286563E+02,+3.584400E+04,-1.574336E-02,+0.000000E+00,+9.910000E+37,+5.287217E+02,+3.584400E+04
10:30:32,0e0,+6.634986E-02,+5.179500E-07,+9.910000E+37,+5.289473E+02,+3.584400E+04,+6.716955E-02,+5.179500E-07,+9.910000E+37,+5.290137E+02,+3.584400E+04,+6.644091E-02,+5.179500E-07,+9.910000E+37,+5.290801E+02,+3.584400E+04,-1.551545E-02,+0.000000E+00,+9.910000E+37,+5.291455E+02,+3.584400E+04
10:30:32,0e0,+7.491013E-02,+5.779500E-07,+9.910000E+37,+5.293730E+02,+3.584400E+04,+7.518286E-02,+5.779500E-07,+9.910000E+37,+5.294395E+02,+3.584400E+04,+7.440904E-02,+5.779500E-07,+9.910000E+37,+5.295068E+02,+3.584400E+04,-1.651765E-02,+0.000000E+00,+9.910000E+37,+5.295723E+02,+3.584400E+04
10:30:32,0e0,+8.242238E-02,+6.449500E-07,+9.910000E+37,+5.297959E+02,+3.584400E+04,+8.310556E-02,+6.449500E-07,+9.910000E+37,+5.298623E+02,+3.584400E+04,+8.265015E-02,+6.449500E-07,+9.910000E+37,+5.299297E+02,+3.584400E+04,-1.606245E-02,+0.000000E+00,+9.910000E+37,+5.299951E+02,+3.584400E+04
10:30:32,0e0,+9.089103E-02,+7.197000E-07,+9.910000E+37,+5.302197E+02,+3.584400E+04,+9.303150E-02,+7.197000E-07,+9.910000E+37,+5.302861E+02,+3.584400E+04,+9.230331E-02,+7.197000E-07,+9.910000E+37,+5.303525E+02,+3.584400E+04,-1.556130E-02,+0.000000E+00,+9.910000E+37,+5.304199E+02,+3.584400E+04
10:30:32,0e0,+1.007259E-01,+8.031000E-07,+9.910000E+37,+5.306436E+02,+3.584400E+04,+1.022746E-01,+8.031000E-07,+9.910000E+37,+5.307090E+02,+3.584400E+04,+1.022743E-01,+8.031000E-07,+9.910000E+37,+5.307754E+02,+3.584400E+04,-1.692724E-02,+0.000000E+00,+9.910000E+37,+5.308428E+02,+3.584400E+04
10:30:32,0e0,+1.128376E-01,+8.961500E-07,+9.910000E+37,+5.310684E+02,+3.584400E+04,+1.115176E-01,+8.961500E-07,+9.910000E+37,+5.311348E+02,+3.584400E+04,+1.124278E-01,+8.961500E-07,+9.910000E+37,+5.312002E+02,+3.584400E+04,-1.601671E-02,+0.000000E+00,+9.910000E+37,+5.312666E+02,+3.584400E+04
10:30:32,0e0,+1.230364E-01,+1.000000E-06,+9.910000E+37,+5.314893E+02,+3.584400E+04,+1.237198E-01,+1.000000E-06,+9.910000E+37,+5.315547E+02,+3.584400E+04,+1.243118E-01,+1.000000E-06,+9.910000E+37,+5.316211E+02,+3.584400E+04,-1.560678E-02,+0.000000E+00,+9.910000E+37,+5.316875E+02,+3.584400E+04
10:30:32,0e0,+1.239477E-01,+1.116000E-06,+9.910000E+37,+5.319111E+02,+3.584400E+04,+1.243116E-01,+1.116000E-06,+9.910000E+37,+5.319785E+02,+3.584400E+04,+1.252681E-01,+1.116000E-06,+9.910000E+37,+5.320459E+02,+3.584400E+04,-1.615329E-02,+0.000000E+00,+9.910000E+37,+5.321113E+02,+3.584400E+04
10:30:32,0e0,+1.359673E-01,+1.245000E-06,+9.910000E+37,+5.323369E+02,+3.584400E+04,+1.371059E-01,+1.245000E-06,+9.910000E+37,+5.324043E+02,+3.584400E+04,+1.378345E-01,+1.245000E-06,+9.910000E+37,+5.324717E+02,+3.584400E+04,-1.601662E-02,+0.000000E+00,+9.910000E+37,+5.325371E+02,+3.584400E+04
10:30:32,0e0,+1.499462E-01,+1.389500E-06,+9.910000E+37,+5.327617E+02,+3.584400E+04,+1.495816E-01,+1.389500E-06,+9.910000E+37,+5.328281E+02,+3.584400E+04,+1.497182E-01,+1.389500E-06,+9.910000E+37,+5.328945E+02,+3.584400E+04,-1.710930E-02,+0.000000E+00,+9.910000E+37,+5.329619E+02,+3.584400E+04
10:30:32,0e0,+1.640606E-01,+1.550500E-06,+9.910000E+37,+5.331895E+02,+3.584400E+04,+1.631038E-01,+1.550500E-06,+9.910000E+37,+5.332568E+02,+3.584400E+04,+1.632868E-01,+1.550500E-06,+9.910000E+37,+5.333223E+02,+3.584400E+04,-1.560684E-02,+0.000000E+00,+9.910000E+37,+5.333887E+02,+3.584400E+04
10:30:32,0e0,+1.801332E-01,+1.730000E-06,+9.910000E+37,+5.336113E+02,+3.584400E+04,+1.797234E-01,+1.730000E-06,+9.910000E+37,+5.336777E+02,+3.584400E+04,+1.780836E-01,+1.730000E-06,+9.910000E+37,+5.337441E+02,+3.584400E+04,-1.588003E-02,+0.000000E+00,+9.910000E+37,+5.338105E+02,+3.584400E+04
10:30:32,0e0,+1.947484E-01,+1.930500E-06,+9.910000E+37,+5.340361E+02,+3.584400E+04,+1.952041E-01,+1.930500E-06,+9.910000E+37,+5.341025E+02,+3.584400E+04,+1.943398E-01,+1.930500E-06,+9.910000E+37,+5.341680E+02,+3.584400E+04,-1.588009E-02,+0.000000E+00,+9.910000E+37,+5.342344E+02,+3.584400E+04
10:30:32,0e0,+2.115957E-01,+2.154500E-06,+9.910000E+37,+5.344609E+02,+3.584400E+04,+2.127793E-01,+2.154500E-06,+9.910000E+37,+5.345273E+02,+3.584400E+04,+2.110486E-01,+2.154500E-06,+9.910000E+37,+5.345947E+02,+3.584400E+04,-1.683624E-02,+0.000000E+00,+9.910000E+37,+5.346602E+02,+3.584400E+04
10:30:32,0e0,+2.309918E-01,+2.404000E-06,+9.910000E+37,+5.348857E+02,+3.584400E+04,+2.304912E-01,+2.404000E-06,+9.910000E+37,+5.349521E+02,+3.584400E+04,+2.298080E-01,+2.404000E-06,+9.910000E+37,+5.350195E+02,+3.584400E+04,-1.628990E-02,+0.000000E+00,+9.910000E+37,+5.350850E+02,+3.584400E+04
10:30:32,0e0,+2.507527E-01,+2.682500E-06,+9.910000E+37,+5.353076E+02,+3.584400E+04,+2.495232E-01,+2.682500E-06,+9.910000E+37,+5.353740E+02,+3.584400E+04,+2.483392E-01,+2.682500E-06,+9.910000E+37,+5.354404E+02,+3.584400E+04,-1.569787E-02,+0.000000E+00,+9.910000E+37,+5.355068E+02,+3.584400E+04
10:30:32,0e0,+2.697389E-01,+2.993500E-06,+9.910000E+37,+5.357344E+02,+3.584400E+04,+2.719245E-01,+2.993500E-06,+9.910000E+37,+5.358018E+02,+3.584400E+04,+2.698765E-01,+2.993500E-06,+9.910000E+37,+5.358682E+02,+3.584400E+04,-1.660870E-02,+0.000000E+00,+9.910000E+37,+5.359346E+02,+3.584400E+04
10:30:32,0e0,+2.927333E-01,+3.340500E-06,+9.910000E+37,+5.361582E+02,+3.584400E+04,+2.919583E-01,+3.340500E-06,+9.910000E+37,+5.362246E+02,+3.584400E+04,+2.920952E-01,+3.340500E-06,+9.910000E+37,+5.362920E+02,+3.584400E+04,-1.729186E-02,+0.000000E+00,+9.910000E+37,+5.363584E+02,+3.584400E+04
10:30:32,0e0,+3.147700E-01,+3.727500E-06,+9.910000E+37,+5.365820E+02,+3.584400E+04,+3.161818E-01,+3.727500E-06,+9.910000E+37,+5.366494E+02,+3.584400E+04,+3.164091E-01,+3.727500E-06,+9.910000E+37,+5.367158E+02,+3.584400E+04,-1.688215E-02,+0.000000E+00,+9.910000E+37,+5.367822E+02,+3.584400E+04
10:30:32,0e0,+3.417707E-01,+4.159500E-06,+9.910000E+37,+5.370078E+02,+3.584400E+04,+3.402219E-01,+4.159500E-06,+9.910000E+37,+5.370742E+02,+3.584400E+04,+3.402669E-01,+4.159500E-06,+9.910000E+37,+5.371416E+02,+3.584400E+04,-1.751946E-02,+0.000000E+00,+9.910000E+37,+5.372090E+02,+3.584400E+04
10:30:32,0e0,+3.676778E-01,+4.641500E-06,+9.910000E+37,+5.374346E+02,+3.584400E+04,+3.677237E-01,+4.641500E-06,+9.910000E+37,+5.375010E+02,+3.584400E+04,+3.665388E-01,+4.641500E-06,+9.910000E+37,+5.375674E+02,+3.584400E+04,-1.701856E-02,+0.000000E+00,+9.910000E+37,+5.376338E+02,+3.584400E+04
10:30:32,0e0,+3.937214E-01,+5.179500E-06,+9.910000E+37,+5.378555E+02,+3.584400E+04,+3.949502E-01,+5.179500E-06,+9.910000E+37,+5.379229E+02,+3.584400E+04,+3.961352E-01,+5.179500E-06,+9.910000E+37,+5.379883E+02,+3.584400E+04,-1.701877E-02,+0.000000E+00,+9.910000E+37,+5.380547E+02,+3.584400E+04
10:30:32,0e0,+4.246383E-01,+5.779500E-06,+9.910000E+37,+5.382803E+02,+3.584400E+04,+4.247290E-01,+5.779500E-06,+9.910000E+37,+5.383467E+02,+3.584400E+04,+4.250014E-01,+5.779500E-06,+9.910000E+37,+5.384141E+02,+3.584400E+04,-1.615344E-02,+0.000000E+00,+9.910000E+37,+5.384814E+02,+3.584400E+04
10:30:32,0e0,+4.558722E-01,+6.449500E-06,+9.910000E+37,+5.387070E+02,+3.584400E+04,+4.558715E-01,+6.449500E-06,+9.910000E+37,+5.387725E+02,+3.584400E+04,+4.569192E-01,+6.449500E-06,+9.910000E+37,+5.388389E+02,+3.584400E+04,-1.501505E-02,+0.000000E+00,+9.910000E+37,+5.389063E+02,+3.584400E+04
10:30:32,0e0,+4.882450E-01,+7.197000E-06,+9.910000E+37,+5.391279E+02,+3.584400E+04,+4.888369E-01,+7.197000E-06,+9.910000E+37,+5.391953E+02,+3.584400E+04,+4.880622E-01,+7.197000E-06,+9.910000E+37,+5.392617E+02,+3.584400E+04,-1.633538E-02,+0.000000E+00,+9.910000E+37,+5.393271E+02,+3.584400E+04
10:30:32,0e0,+5.228043E-01,+8.031000E-06,+9.910000E+37,+5.395518E+02,+3.584400E+04,+5.226671E-01,+8.031000E-06,+9.910000E+37,+5.396182E+02,+3.584400E+04,+5.217104E-01,+8.031000E-06,+9.910000E+37,+5.396855E+02,+3.584400E+04,-1.597136E-02,+0.000000E+00,+9.910000E+37,+5.397510E+02,+3.584400E+04
10:30:32,0e0,+5.586365E-01,+8.961500E-06,+9.910000E+37,+5.399727E+02,+3.584400E+04,+5.572248E-01,+8.961500E-06,+9.910000E+37,+5.400391E+02,+3.584400E+04,+5.578175E-01,+8.961500E-06,+9.910000E+37,+5.401055E+02,+3.584400E+04,-1.528807E-02,+0.000000E+00,+9.910000E+37,+5.401719E+02,+3.584400E+04
10:30:32,0e0,+5.953352E-01,+1.000000E-05,+9.910000E+37,+5.403926E+02,+3.584400E+04,+5.948333E-01,+1.000000E-05,+9.910000E+37,+5.404600E+02,+3.584400E+04,+5.947883E-01,+1.000000E-05,+9.910000E+37,+5.405264E+02,+3.584400E+04,-1.692775E-02,+0.000000E+00,+9.910000E+37,+5.405928E+02,+3.584400E+04
10:30:32,0e0,+6.219258E-01,+1.116000E-05,+9.910000E+37,+5.408115E+02,+3.584400E+04,+6.224245E-01,+1.116000E-05,+9.910000E+37,+5.408779E+02,+3.584400E+04,+6.229274E-01,+1.116000E-05,+9.910000E+37,+5.409453E+02,+3.584400E+04,-1.697285E-02,+0.000000E+00,+9.910000E+37,+5.410107E+02,+3.584400E+04
10:30:32,0e0,+6.638595E-01,+1.245000E-05,+9.910000E+37,+5.412266E+02,+3.584400E+04,+6.634954E-01,+1.245000E-05,+9.910000E+37,+5.412930E+02,+3.584400E+04,+6.630844E-01,+1.245000E-05,+9.910000E+37,+5.413604E+02,+3.584400E+04,-1.706408E-02,+0.000000E+00,+9.910000E+37,+5.414297E+02,+3.584400E+04
10:30:32,0e0,+7.045190E-01,+1.389500E-05,+9.910000E+37,+5.416484E+02,+3.584400E+04,+7.052477E-01,+1.389500E-05,+9.910000E+37,+5.417158E+02,+3.584400E+04,+7.058853E-01,+1.389500E-05,+9.910000E+37,+5.417813E+02,+3.584400E+04,-1.742826E-02,+0.000000E+00,+9.910000E+37,+5.418545E+02,+3.584400E+04
10:30:32,0e0,+7.473187E-01,+1.550500E-05,+9.910000E+37,+5.420762E+02,+3.584400E+04,+7.473635E-01,+1.550500E-05,+9.910000E+37,+5.421416E+02,+3.584400E+04,+7.482290E-01,+1.550500E-05,+9.910000E+37,+5.422080E+02,+3.584400E+04,-1.660828E-02,+0.000000E+00,+9.910000E+37,+5.422803E+02,+3.584400E+04
10:30:32,0e0,+7.913020E-01,+1.730000E-05,+9.910000E+37,+5.424990E+02,+3.584400E+04,+7.932602E-01,+1.730000E-05,+9.910000E+37,+5.425654E+02,+3.584400E+04,+7.921665E-01,+1.730000E-05,+9.910000E+37,+5.426318E+02,+3.584400E+04,-1.674512E-02,+0.000000E+00,+9.910000E+37,+5.427031E+02,+3.584400E+04
10:30:32,0e0,+8.379707E-01,+1.930500E-05,+9.910000E+37,+5.429238E+02,+3.584400E+04,+8.375170E-01,+1.930500E-05,+9.910000E+37,+5.429912E+02,+3.584400E+04,+8.379701E-01,+1.930500E-05,+9.910000E+37,+5.430566E+02,+3.584400E+04,-1.669984E-02,+0.000000E+00,+9.910000E+37,+5.431240E+02,+3.584400E+04
10:30:32,0e0,+8.874645E-01,+2.154500E-05,+9.910000E+37,+5.433447E+02,+3.584400E+04,+8.881022E-01,+2.154500E-05,+9.910000E+37,+5.434111E+02,+3.584400E+04,+8.869631E-01,+2.154500E-05,+9.910000E+37,+5.434775E+02,+3.584400E+04,-1.706369E-02,+0.000000E+00,+9.910000E+37,+5.435459E+02,+3.584400E+04
10:30:32,0e0,+9.381410E-01,+2.404000E-05,+9.910000E+37,+5.437637E+02,+3.584400E+04,+9.381868E-01,+2.404000E-05,+9.910000E+37,+5.438291E+02,+3.584400E+04,+9.378678E-01,+2.404000E-05,+9.910000E+37,+5.438955E+02,+3.584400E+04,-1.710956E-02,+0.000000E+00,+9.910000E+37,+5.439668E+02,+3.584400E+04
10:30:32,0e0,+9.908211E-01,+2.682500E-05,+9.910000E+37,+5.441875E+02,+3.584400E+04,+9.908236E-01,+2.682500E-05,+9.910000E+37,+5.442539E+02,+3.584400E+04,+9.904557E-01,+2.682500E-05,+9.910000E+37,+5.443203E+02,+3.584400E+04,-1.733723E-02,+0.000000E+00,+9.910000E+37,+5.443916E+02,+3.584400E+04
10:30:32,0e0,+1.045459E+00,+2.993500E-05,+9.910000E+37,+5.446133E+02,+3.584400E+04,+1.045822E+00,+2.993500E-05,+9.910000E+37,+5.446797E+02,+3.584400E+04,+1.045598E+00,+2.993500E-05,+9.910000E+37,+5.447471E+02,+3.584400E+04,-1.619922E-02,+0.000000E+00,+9.910000E+37,+5.448145E+02,+3.584400E+04
10:30:32,0e0,+1.102736E+00,+3.340500E-05,+9.910000E+37,+5.450283E+02,+3.584400E+04,+1.103192E+00,+3.340500E-05,+9.910000E+37,+5.450947E+02,+3.584400E+04,+1.102966E+00,+3.340500E-05,+9.910000E+37,+5.451611E+02,+3.584400E+04,-1.747382E-02,+0.000000E+00,+9.910000E+37,+5.452275E+02,+3.584400E+04
10:30:32,0e0,+1.162475E+00,+3.727500E-05,+9.910000E+37,+5.454395E+02,+3.584400E+04,+1.162108E+00,+3.727500E-05,+9.910000E+37,+5.455068E+02,+3.584400E+04,+1.163111E+00,+3.727500E-05,+9.910000E+37,+5.455723E+02,+3.584400E+04,-1.811157E-02,+0.000000E+00,+9.910000E+37,+5.456387E+02,+3.584400E+04
10:30:32,0e0,+1.225078E+00,+4.159500E-05,+9.910000E+37,+5.458545E+02,+3.584400E+04,+1.225946E+00,+4.159500E-05,+9.910000E+37,+5.459219E+02,+3.584400E+04,+1.225854E+00,+4.159500E-05,+9.910000E+37,+5.459883E+02,+3.584400E+04,-1.852119E-02,+0.000000E+00,+9.910000E+37,+5.460547E+02,+3.584400E+04
10:30:32,0e0,+1.291008E+00,+4.641500E-05,+9.910000E+37,+5.462695E+02,+3.584400E+04,+1.291921E+00,+4.641500E-05,+9.910000E+37,+5.463359E+02,+3.584400E+04,+1.291238E+00,+4.641500E-05,+9.910000E+37,+5.464033E+02,+3.584400E+04,-1.783830E-02,+0.000000E+00,+9.910000E+37,+5.464688E+02,+3.584400E+04
10:30:32,0e0,+1.359534E+00,+5.179500E-05,+9.910000E+37,+5.466855E+02,+3.584400E+04,+1.360081E+00,+5.179500E-05,+9.910000E+37,+5.467529E+02,+3.584400E+04,+1.359625E+00,+5.179500E-05,+9.910000E+37,+5.468184E+02,+3.584400E+04,-1.697321E-02,+0.000000E+00,+9.910000E+37,+5.468867E+02,+3.584400E+04
10:30:32,0e0,+1.431611E+00,+5.779500E-05,+9.910000E+37,+5.471104E+02,+3.584400E+04,+1.432109E+00,+5.779500E-05,+9.910000E+37,+5.471758E+02,+3.584400E+04,+1.432157E+00,+5.779500E-05,+9.910000E+37,+5.472422E+02,+3.584400E+04,-1.710966E-02,+0.000000E+00,+9.910000E+37,+5.473115E+02,+3.584400E+04
10:30:32,0e0,+1.507421E+00,+6.449500E-05,+9.910000E+37,+5.475332E+02,+3.584400E+04,+1.506417E+00,+6.449500E-05,+9.910000E+37,+5.475996E+02,+3.584400E+04,+1.506875E+00,+6.449500E-05,+9.910000E+37,+5.476670E+02,+3.584400E+04,-1.792958E-02,+0.000000E+00,+9.910000E+37,+5.477344E+02,+3.584400E+04
10:30:32,0e0,+1.585507E+00,+7.197000E-05,+9.910000E+37,+5.479531E+02,+3.584400E+04,+1.586327E+00,+7.197000E-05,+9.910000E+37,+5.480205E+02,+3.584400E+04,+1.585007E+00,+7.197000E-05,+9.910000E+37,+5.480859E+02,+3.584400E+04,-1.720066E-02,+0.000000E+00,+9.910000E+37,+5.481572E+02,+3.584400E+04
10:30:32,0e0,+1.668696E+00,+8.031000E-05,+9.910000E+37,+5.483779E+02,+3.584400E+04,+1.668329E+00,+8.031000E-05,+9.910000E+37,+5.484443E+02,+3.584400E+04,+1.668465E+00,+8.031000E-05,+9.910000E+37,+5.485117E+02,+3.584400E+04,-1.615332E-02,+0.000000E+00,+9.910000E+37,+5.485811E+02,+3.584400E+04
10:30:32,0e0,+1.754062E+00,+8.961500E-05,+9.910000E+37,+5.487998E+02,+3.584400E+04,+1.755659E+00,+8.961500E-05,+9.910000E+37,+5.488652E+02,+3.584400E+04,+1.755842E+00,+8.961500E-05,+9.910000E+37,+5.489316E+02,+3.584400E+04,-1.715527E-02,+0.000000E+00,+9.910000E+37,+5.490039E+02,+3.584400E+04
10:30:32,0e0,+1.846583E+00,+1.000000E-04,+9.910000E+37,+5.492148E+02,+3.584400E+04,+1.847133E+00,+1.000000E-04,+9.910000E+37,+5.492881E+02,+3.584400E+04,+1.847407E+00,+1.000000E-04,+9.910000E+37,+5.493545E+02,+3.584400E+04,-1.697314E-02,+0.000000E+00,+9.910000E+37,+5.494209E+02,+3.584400E+04
10:30:32,0e0,+1.928674E+00,+1.116000E-04,+9.910000E+37,+5.496387E+02,+3.584400E+04,+1.930909E+00,+1.116000E-04,+9.910000E+37,+5.497051E+02,+3.584400E+04,+1.931276E+00,+1.116000E-04,+9.910000E+37,+5.497715E+02,+3.584400E+04,-2.539635E-02,+0.000000E+00,+9.910000E+37,+5.498389E+02,+3.584400E+04
10:30:32,0e0,+2.027385E+00,+1.245000E-04,+9.910000E+37,+5.500576E+02,+3.584400E+04,+2.028208E+00,+1.245000E-04,+9.910000E+37,+5.501250E+02,+3.584400E+04,+2.028434E+00,+1.245000E-04,+9.910000E+37,+5.501924E+02,+3.584400E+04,-2.580644E-02,+0.000000E+00,+9.910000E+37,+5.502578E+02,+3.584400E+04
10:30:32,0e0,+2.132112E+00,+1.389500E-04,+9.910000E+37,+5.504805E+02,+3.584400E+04,+2.132798E+00,+1.389500E-04,+9.910000E+37,+5.505469E+02,+3.584400E+04,+2.132977E+00,+1.389500E-04,+9.910000E+37,+5.506143E+02,+3.584400E+04,-2.498643E-02,+0.000000E+00,+9.910000E+37,+5.506797E+02,+3.584400E+04
10:30:32,0e0,+2.239521E+00,+1.550500E-04,+9.910000E+37,+5.509053E+02,+3.584400E+04,+2.241114E+00,+1.550500E-04,+9.910000E+37,+5.509717E+02,+3.584400E+04,+2.242073E+00,+1.550500E-04,+9.910000E+37,+5.510381E+02,+3.584400E+04,-2.507760E-02,+0.000000E+00,+9.910000E+37,+5.511055E+02,+3.584400E+04
10:30:32,0e0,+2.352528E+00,+1.730000E-04,+9.910000E+37,+5.513291E+02,+3.584400E+04,+2.355217E+00,+1.730000E-04,+9.910000E+37,+5.513955E+02,+3.584400E+04,+2.353212E+00,+1.730000E-04,+9.910000E+37,+5.514619E+02,+3.584400E+04,-2.512306E-02,+0.000000E+00,+9.910000E+37,+5.515293E+02,+3.584400E+04
10:30:32,0e0,+2.470593E+00,+1.930500E-04,+9.910000E+37,+5.517539E+02,+3.584400E+04,+2.469770E+00,+1.930500E-04,+9.910000E+37,+5.518213E+02,+3.584400E+04,+2.472050E+00,+1.930500E-04,+9.910000E+37,+5.518867E+02,+3.584400E+04,-2.544165E-02,+0.000000E+00,+9.910000E+37,+5.519531E+02,+3.584400E+04
10:30:32,0e0,+2.591575E+00,+2.154500E-04,+9.910000E+37,+5.521758E+02,+3.584400E+04,+2.591519E+00,+2.154500E-04,+9.910000E+37,+5.522432E+02,+3.584400E+04,+2.591976E+00,+2.154500E-04,+9.910000E+37,+5.523086E+02,+3.584400E+04,-2.525966E-02,+0.000000E+00,+9.910000E+37,+5.523760E+02,+3.584400E+04
10:30:32,0e0,+2.715595E+00,+2.404000E-04,+9.910000E+37,+5.525967E+02,+3.584400E+04,+2.716098E+00,+2.404000E-04,+9.910000E+37,+5.526631E+02,+3.584400E+04,+2.716095E+00,+2.404000E-04,+9.910000E+37,+5.527305E+02,+3.584400E+04,-2.466793E-02,+0.000000E+00,+9.910000E+37,+5.527959E+02,+3.584400E+04
10:30:32,0e0,+2.841449E+00,+2.682500E-04,+9.910000E+37,+5.530215E+02,+3.584400E+04,+2.843725E+00,+2.682500E-04,+9.910000E+37,+5.530869E+02,+3.584400E+04,+2.843721E+00,+2.682500E-04,+9.910000E+37,+5.531533E+02,+3.584400E+04,-2.589718E-02,+0.000000E+00,+9.910000E+37,+5.532207E+02,+3.584400E+04
10:30:32,0e0,+2.970160E+00,+2.993500E-04,+9.910000E+37,+5.534414E+02,+3.584400E+04,+2.971209E+00,+2.993500E-04,+9.910000E+37,+5.535088E+02,+3.584400E+04,+2.974581E+00,+2.993500E-04,+9.910000E+37,+5.535762E+02,+3.584400E+04,-2.676272E-02,+0.000000E+00,+9.910000E+37,+5.536416E+02,+3.584400E+04
10:30:32,0e0,+3.100200E+00,+3.340500E-04,+9.910000E+37,+5.538672E+02,+3.584400E+04,+3.101704E+00,+3.340500E-04,+9.910000E+37,+5.539326E+02,+3.584400E+04,+3.100471E+00,+3.340500E-04,+9.910000E+37,+5.540000E+02,+3.584400E+04,-2.484998E-02,+0.000000E+00,+9.910000E+37,+5.540654E+02,+3.584400E+04
10:30:32,0e0,+3.228278E+00,+3.727500E-04,+9.910000E+37,+5.542891E+02,+3.584400E+04,+3.228870E+00,+3.727500E-04,+9.910000E+37,+5.543545E+02,+3.584400E+04,+3.228779E+00,+3.727500E-04,+9.910000E+37,+5.544209E+02,+3.584400E+04,-2.535094E-02,+0.000000E+00,+9.910000E+37,+5.544883E+02,+3.584400E+04
10:30:32,0e0,+3.354765E+00,+4.159500E-04,+9.910000E+37,+5.547129E+02,+3.584400E+04,+3.356269E+00,+4.159500E-04,+9.910000E+37,+5.547803E+02,+3.584400E+04,+3.356496E+00,+4.159500E-04,+9.910000E+37,+5.548477E+02,+3.584400E+04,-2.594303E-02,+0.000000E+00,+9.910000E+37,+5.549131E+02,+3.584400E+04
10:30:32,0e0,+3.480437E+00,+4.641500E-04,+9.910000E+37,+5.551367E+02,+3.584400E+04,+3.480567E+00,+4.641500E-04,+9.910000E+37,+5.552041E+02,+3.584400E+04,+3.481020E+00,+4.641500E-04,+9.910000E+37,+5.552705E+02,+3.584400E+04,-2.662611E-02,+0.000000E+00,+9.910000E+37,+5.553369E+02,+3.584400E+04
10:30:32,0e0,+3.601594E+00,+5.179500E-04,+9.910000E+37,+5.555586E+02,+3.584400E+04,+3.603188E+00,+5.179500E-04,+9.910000E+37,+5.556250E+02,+3.584400E+04,+3.602180E+00,+5.179500E-04,+9.910000E+37,+5.556924E+02,+3.584400E+04,-2.689926E-02,+0.000000E+00,+9.910000E+37,+5.557578E+02,+3.584400E+04
10:30:32,0e0,+3.721200E+00,+5.779500E-04,+9.910000E+37,+5.559854E+02,+3.584400E+04,+3.722980E+00,+5.779500E-04,+9.910000E+37,+5.560508E+02,+3.584400E+04,+3.721704E+00,+5.779500E-04,+9.910000E+37,+5.561172E+02,+3.584400E+04,-2.485022E-02,+0.000000E+00,+9.910000E+37,+5.561836E+02,+3.584400E+04
10:30:32,0e0,+3.839084E+00,+6.449500E-04,+9.910000E+37,+5.564092E+02,+3.584400E+04,+3.839817E+00,+6.449500E-04,+9.910000E+37,+5.564756E+02,+3.584400E+04,+3.839634E+00,+6.449500E-04,+9.910000E+37,+5.565420E+02,+3.584400E+04,-2.630717E-02,+0.000000E+00,+9.910000E+37,+5.566094E+02,+3.584400E+04
10:30:32,0e0,+3.953733E+00,+7.197000E-04,+9.910000E+37,+5.568350E+02,+3.584400E+04,+3.953920E+00,+7.197000E-04,+9.910000E+37,+5.569004E+02,+3.584400E+04,+3.952545E+00,+7.197000E-04,+9.910000E+37,+5.569668E+02,+3.584400E+04,-2.585205E-02,+0.000000E+00,+9.910000E+37,+5.570332E+02,+3.584400E+04
10:30:32,0e0,+4.065154E+00,+8.031000E-04,+9.910000E+37,+5.572588E+02,+3.584400E+04,+4.067155E+00,+8.031000E-04,+9.910000E+37,+5.573262E+02,+3.584400E+04,+4.067294E+00,+8.031000E-04,+9.910000E+37,+5.573916E+02,+3.584400E+04,-2.598847E-02,+0.000000E+00,+9.910000E+37,+5.574580E+02,+3.584400E+04
10:30:32,0e0,+4.176701E+00,+8.961500E-04,+9.910000E+37,+5.576973E+02,+3.584400E+04,+4.176834E+00,+8.961500E-04,+9.910000E+37,+5.577637E+02,+3.584400E+04,+4.176556E+00,+8.961500E-04,+9.910000E+37,+5.578301E+02,+3.584400E+04,-2.617076E-02,+0.000000E+00,+9.910000E+37,+5.578975E+02,+3.584400E+04
10:30:32,0e0,+4.285336E+00,+1.000000E-03,+9.910000E+37,+5.581152E+02,+3.584400E+04,+4.285110E+00,+1.000000E-03,+9.910000E+37,+5.581816E+02,+3.584400E+04,+4.285295E+00,+1.000000E-03,+9.910000E+37,+5.582490E+02,+3.584400E+04,-2.630730E-02,+0.000000E+00,+9.910000E+37,+5.583154E+02,+3.584400E+04
10:30:32,0e0,+4.377762E+00,+1.116000E-03,+9.910000E+37,+5.585420E+02,+3.584400E+04,+4.380864E+00,+1.116000E-03,+9.910000E+37,+5.586084E+02,+3.584400E+04,+4.380273E+00,+1.116000E-03,+9.910000E+37,+5.586758E+02,+3.584400E+04,-5.954280E-01,+0.000000E+00,+9.910000E+37,+5.587432E+02,+3.584400E+04
10:30:32,0e0,+4.485954E+00,+1.245000E-03,+9.910000E+37,+5.589688E+02,+3.584400E+04,+4.485078E+00,+1.245000E-03,+9.910000E+37,+5.590352E+02,+3.584400E+04,+4.485626E+00,+1.245000E-03,+9.910000E+37,+5.591025E+02,+3.584400E+04,-5.773967E-01,+0.000000E+00,+9.910000E+37,+5.591689E+02,+3.584400E+04
10:30:32,0e0,+4.590955E+00,+1.389500E-03,+9.910000E+37,+5.593936E+02,+3.584400E+04,+4.592949E+00,+1.389500E-03,+9.910000E+37,+5.594600E+02,+3.584400E+04,+4.593548E+00,+1.389500E-03,+9.910000E+37,+5.595264E+02,+3.584400E+04,-5.789450E-01,+0.000000E+00,+9.910000E+37,+5.595928E+02,+3.584400E+04
10:30:32,0e0,+4.697622E+00,+1.550500E-03,+9.910000E+37,+5.598193E+02,+3.584400E+04,+4.698805E+00,+1.550500E-03,+9.910000E+37,+5.598867E+02,+3.584400E+04,+4.700224E+00,+1.550500E-03,+9.910000E+37,+5.599521E+02,+3.584400E+04,-5.608675E-01,+0.000000E+00,+9.910000E+37,+5.600186E+02,+3.584400E+04
10:30:32,0e0,+4.804489E+00,+1.730000E-03,+9.910000E+37,+5.602422E+02,+3.584400E+04,+4.805212E+00,+1.730000E-03,+9.910000E+37,+5.603086E+02,+3.584400E+04,+4.805984E+00,+1.730000E-03,+9.910000E+37,+5.603740E+02,+3.584400E+04,-5.665600E-01,+0.000000E+00,+9.910000E+37,+5.604404E+02,+3.584400E+04
10:30:32,0e0,+4.913033E+00,+1.930500E-03,+9.910000E+37,+5.606660E+02,+3.584400E+04,+4.914855E+00,+1.930500E-03,+9.910000E+37,+5.607324E+02,+3.584400E+04,+4.914168E+00,+1.930500E-03,+9.910000E+37,+5.607998E+02,+3.584400E+04,-5.498480E-01,+0.000000E+00,+9.910000E+37,+5.608672E+02,+3.584400E+04
10:30:32,0e0,+5.020757E+00,+2.154500E-03,+9.910000E+37,+5.610928E+02,+3.584400E+04,+5.026457E+00,+2.154500E-03,+9.910000E+37,+5.611592E+02,+3.584400E+04,+5.025267E+00,+2.154500E-03,+9.910000E+37,+5.612256E+02,+3.584400E+04,-5.376907E-01,+0.000000E+00,+9.910000E+37,+5.612930E+02,+3.584400E+04
10:30:32,0e0,+5.134542E+00,+2.404000E-03,+9.910000E+37,+5.615156E+02,+3.584400E+04,+5.137143E+00,+2.404000E-03,+9.910000E+37,+5.615830E+02,+3.584400E+04,+5.136965E+00,+2.404000E-03,+9.910000E+37,+5.616494E+02,+3.584400E+04,-5.528527E-01,+0.000000E+00,+9.910000E+37,+5.617158E+02,+3.584400E+04
10:30:32,0e0,+5.247502E+00,+2.682500E-03,+9.910000E+37,+5.619375E+02,+3.584400E+04,+5.251242E+00,+2.682500E-03,+9.910000E+37,+5.620039E+02,+3.584400E+04,+5.250747E+00,+2.682500E-03,+9.910000E+37,+5.620713E+02,+3.584400E+04,-5.449761E-01,+0.000000E+00,+9.910000E+37,+5.621367E+02,+3.584400E+04
10:30:32,0e0,+5.363110E+00,+2.993500E-03,+9.910000E+37,+5.623584E+02,+3.584400E+04,+5.365563E+00,+2.993500E-03,+9.910000E+37,+5.624258E+02,+3.584400E+04,+5.365604E+00,+2.993500E-03,+9.910000E+37,+5.624932E+02,+3.584400E+04,-5.441103E-01,+0.000000E+00,+9.910000E+37,+5.625586E+02,+3.584400E+04
10:30:32,0e0,+5.481803E+00,+3.340500E-03,+9.910000E+37,+5.627842E+02,+3.584400E+04,+5.485412E+00,+3.340500E-03,+9.910000E+37,+5.628516E+02,+3.584400E+04,+5.485723E+00,+3.340500E-03,+9.910000E+37,+5.629180E+02,+3.584400E+04,-5.127379E-01,+0.000000E+00,+9.910000E+37,+5.629844E+02,+3.584400E+04
10:30:32,0e0,+5.605065E+00,+3.727500E-03,+9.910000E+37,+5.632090E+02,+3.584400E+04,+5.607111E+00,+3.727500E-03,+9.910000E+37,+5.632754E+02,+3.584400E+04,+5.607705E+00,+3.727500E-03,+9.910000E+37,+5.633418E+02,+3.584400E+04,-5.198861E-01,+0.000000E+00,+9.910000E+37,+5.634082E+02,+3.584400E+04
10:30:32,0e0,+5.731270E+00,+4.159500E-03,+9.910000E+37,+5.636279E+02,+3.584400E+04,+5.731681E+00,+4.159500E-03,+9.910000E+37,+5.636943E+02,+3.584400E+04,+5.733107E+00,+4.159500E-03,+9.910000E+37,+5.637617E+02,+3.584400E+04,-4.972553E-01,+0.000000E+00,+9.910000E+37,+5.638271E+02,+3.584400E+04
10:30:32,0e0,+5.858945E+00,+4.641500E-03,+9.910000E+37,+5.640479E+02,+3.584400E+04,+5.862408E+00,+4.641500E-03,+9.910000E+37,+5.641143E+02,+3.584400E+04,+5.860854E+00,+4.641500E-03,+9.910000E+37,+5.641807E+02,+3.584400E+04,-4.984849E-01,+0.000000E+00,+9.910000E+37,+5.642471E+02,+3.584400E+04
10:30:32,0e0,+5.991579E+00,+5.179500E-03,+9.910000E+37,+5.644727E+02,+3.584400E+04,+5.995280E+00,+5.179500E-03,+9.910000E+37,+5.645400E+02,+3.584400E+04,+5.995920E+00,+5.179500E-03,+9.910000E+37,+5.646055E+02,+3.584400E+04,-4.879215E-01,+0.000000E+00,+9.910000E+37,+5.646719E+02,+3.584400E+04
10:30:32,0e0,+6.129034E+00,+5.779500E-03,+9.910000E+37,+5.648965E+02,+3.584400E+04,+6.130531E+00,+5.779500E-03,+9.910000E+37,+5.649629E+02,+3.584400E+04,+6.130536E+00,+5.779500E-03,+9.910000E+37,+5.650293E+02,+3.584400E+04,-4.630142E-01,+0.000000E+00,+9.910000E+37,+5.650957E+02,+3.584400E+04
10:30:32,0e0,+6.270822E+00,+6.449500E-03,+9.910000E+37,+5.653213E+02,+3.584400E+04,+6.275437E+00,+6.449500E-03,+9.910000E+37,+5.653877E+02,+3.584400E+04,+6.273191E+00,+6.449500E-03,+9.910000E+37,+5.654551E+02,+3.584400E+04,-4.576411E-01,+0.000000E+00,+9.910000E+37,+5.655225E+02,+3.584400E+04
10:30:32,0e0,+6.418848E+00,+7.197000E-03,+9.910000E+37,+5.657461E+02,+3.584400E+04,+6.419810E+00,+7.197000E-03,+9.910000E+37,+5.658115E+02,+3.584400E+04,+6.416792E+00,+7.197000E-03,+9.910000E+37,+5.658779E+02,+3.584400E+04,-4.392907E-01,+0.000000E+00,+9.910000E+37,+5.659443E+02,+3.584400E+04
10:30:32,0e0,+6.568738E+00,+8.031000E-03,+9.910000E+37,+5.661660E+02,+3.584400E+04,+6.571239E+00,+8.031000E-03,+9.910000E+37,+5.662314E+02,+3.584400E+04,+6.568965E+00,+8.031000E-03,+9.910000E+37,+5.662988E+02,+3.584400E+04,-4.120155E-01,+0.000000E+00,+9.910000E+37,+5.663643E+02,+3.584400E+04
10:30:32,0e0,+6.723806E+00,+8.961500E-03,+9.910000E+37,+5.665869E+02,+3.584400E+04,+6.725092E+00,+8.961500E-03,+9.910000E+37,+5.666543E+02,+3.584400E+04,+6.723957E+00,+8.961500E-03,+9.910000E+37,+5.667217E+02,+3.584400E+04,-3.968531E-01,+0.000000E+00,+9.910000E+37,+5.667871E+02,+3.584400E+04
