10:29:03,0e0,-1.945719E-03,+1.000000E-07,+9.910000E+37,+4.357383E+02,+3.584400E+04,-2.582982E-03,+1.000000E-07,+9.910000E+37,+4.358057E+02,+3.584400E+04,-3.220543E-03,+1.000000E-07,+9.910000E+37,+4.358721E+02,+3.584400E+04,-2.052240E-02,+0.000000E+00,+9.910000E+37,+4.359395E+02,+3.584400E+04
10:29:03,0e0,-5.796999E-04,+1.116000E-07,+9.910000E+37,+4.361641E+02,+3.584400E+04,-1.444563E-03,+1.116000E-07,+9.910000E+37,+4.362305E+02,+3.584400E+04,-5.340874E-04,+1.116000E-07,+9.910000E+37,+4.362979E+02,+3.584400E+04,-1.938432E-02,+0.000000E+00,+9.910000E+37,+4.363652E+02,+3.584400E+04
10:29:03,0e0,+1.651451E-03,+1.245000E-07,+9.910000E+37,+4.365889E+02,+3.584400E+04,+5.583018E-04,+1.245000E-07,+9.910000E+37,+4.366553E+02,+3.584400E+04,+1.651421E-03,+1.245000E-07,+9.910000E+37,+4.367227E+02,+3.584400E+04,-2.052262E-02,+0.000000E+00,+9.910000E+37,+4.367881E+02,+3.584400E+04
10:29:03,0e0,+3.700241E-03,+1.389500E-07,+9.910000E+37,+4.370146E+02,+3.584400E+04,+4.383370E-03,+1.389500E-07,+9.910000E+37,+4.370811E+02,+3.584400E+04,+3.290489E-03,+1.389500E-07,+9.910000E+37,+4.371475E+02,+3.584400E+04,-1.965718E-02,+0.000000E+00,+9.910000E+37,+4.372139E+02,+3.584400E+04
10:29:03,0e0,+6.978691E-03,+1.550500E-07,+9.910000E+37,+4.374395E+02,+3.584400E+04,+5.885676E-03,+1.550500E-07,+9.910000E+37,+4.375059E+02,+3.584400E+04,+7.342920E-03,+1.550500E-07,+9.910000E+37,+4.375732E+02,+3.584400E+04,-1.929335E-02,+0.000000E+00,+9.910000E+37,+4.376406E+02,+3.584400E+04
10:29:03,0e0,+9.892941E-03,+1.730000E-07,+9.910000E+37,+4.378643E+02,+3.584400E+04,+9.847179E-03,+1.730000E-07,+9.910000E+37,+4.379307E+02,+3.584400E+04,+1.002924E-02,+1.730000E-07,+9.910000E+37,+4.379971E+02,+3.584400E+04,-2.002189E-02,+0.000000E+00,+9.910000E+37,+4.380645E+02,+3.584400E+04
10:29:03,0e0,+1.285230E-02,+1.930500E-07,+9.910000E+37,+4.382842E+02,+3.584400E+04,+1.312549E-02,+1.930500E-07,+9.910000E+37,+4.383516E+02,+3.584400E+04,+1.289763E-02,+1.930500E-07,+9.910000E+37,+4.384189E+02,+3.584400E+04,-1.961201E-02,+0.000000E+00,+9.910000E+37,+4.384844E+02,+3.584400E+04
10:29:03,0e0,+1.654042E-02,+2.154500E-07,+9.910000E+37,+4.387080E+02,+3.584400E+04,+1.640368E-02,+2.154500E-07,+9.910000E+37,+4.387744E+02,+3.584400E+04,+1.749694E-02,+2.154500E-07,+9.910000E+37,+4.388408E+02,+3.584400E+04,-1.993093E-02,+0.000000E+00,+9.910000E+37,+4.389072E+02,+3.584400E+04
10:29:03,0e0,+2.163985E-02,+2.404000E-07,+9.910000E+37,+4.391416E+02,+3.584400E+04,+2.100234E-02,+2.404000E-07,+9.910000E+37,+4.392080E+02,+3.584400E+04,+2.045566E-02,+2.404000E-07,+9.910000E+37,+4.392754E+02,+3.584400E+04,-1.997635E-02,+0.000000E+00,+9.910000E+37,+4.393408E+02,+3.584400E+04
10:29:03,0e0,+2.610186E-02,+2.682500E-07,+9.910000E+37,+4.395635E+02,+3.584400E+04,+2.628407E-02,+2.682500E-07,+9.910000E+37,+4.396299E+02,+3.584400E+04,+2.642077E-02,+2.682500E-07,+9.910000E+37,+4.396963E+02,+3.584400E+04,-2.020389E-02,+0.000000E+00,+9.910000E+37,+4.397627E+02,+3.584400E+04
10:29:03,0e0,+2.983585E-02,+2.993500E-07,+9.910000E+37,+4.399893E+02,+3.584400E+04,+2.897039E-02,+2.993500E-07,+9.910000E+37,+4.400557E+02,+3.584400E+04,+2.979007E-02,+2.993500E-07,+9.910000E+37,+4.401221E+02,+3.584400E+04,-1.924782E-02,+0.000000E+00,+9.910000E+37,+4.401885E+02,+3.584400E+04
10:29:03,0e0,+3.457081E-02,+3.340500E-07,+9.910000E+37,+4.404131E+02,+3.584400E+04,+3.598237E-02,+3.340500E-07,+9.910000E+37,+4.404795E+02,+3.584400E+04,+3.634661E-02,+3.340500E-07,+9.910000E+37,+4.405469E+02,+3.584400E+04,-2.075052E-02,+0.000000E+00,+9.910000E+37,+4.406123E+02,+3.584400E+04
10:29:03,0e0,+3.998885E-02,+3.727500E-07,+9.910000E+37,+4.408389E+02,+3.584400E+04,+4.130960E-02,+3.727500E-07,+9.910000E+37,+4.409063E+02,+3.584400E+04,+4.003489E-02,+3.727500E-07,+9.910000E+37,+4.409717E+02,+3.584400E+04,-2.020392E-02,+0.000000E+00,+9.910000E+37,+4.410391E+02,+3.584400E+04
10:29:03,0e0,+4.804820E-02,+4.159500E-07,+9.910000E+37,+4.412637E+02,+3.584400E+04,+4.677331E-02,+4.159500E-07,+9.910000E+37,+4.413301E+02,+3.584400E+04,+4.763851E-02,+4.159500E-07,+9.910000E+37,+4.413975E+02,+3.584400E+04,-1.797284E-02,+0.000000E+00,+9.910000E+37,+4.414629E+02,+3.584400E+04
10:29:03,0e0,+5.492374E-02,+4.641500E-07,+9.910000E+37,+4.416914E+02,+3.584400E+04,+5.437705E-02,+4.641500E-07,+9.910000E+37,+4.417578E+02,+3.584400E+04,+5.569783E-02,+4.641500E-07,+9.910000E+37,+4.418252E+02,+3.584400E+04,-1.997641E-02,+0.000000E+00,+9.910000E+37,+4.418926E+02,+3.584400E+04
10:29:03,0e0,+6.352901E-02,+5.179500E-07,+9.910000E+37,+4.421152E+02,+3.584400E+04,+6.284630E-02,+5.179500E-07,+9.910000E+37,+4.421826E+02,+3.584400E+04,+6.166252E-02,+5.179500E-07,+9.910000E+37,+4.422480E+02,+3.584400E+04,-1.938455E-02,+0.000000E+00,+9.910000E+37,+4.423145E+02,+3.584400E+04
10:29:03,0e0,+7.113293E-02,+5.779500E-07,+9.910000E+37,+4.425410E+02,+3.584400E+04,+7.072321E-02,+5.779500E-07,+9.910000E+37,+4.426074E+02,+3.584400E+04,+7.104188E-02,+5.779500E-07,+9.910000E+37,+4.426748E+02,+3.584400E+04,-1.965733E-02,+0.000000E+00,+9.910000E+37,+4.427402E+02,+3.584400E+04
10:29:03,0e0,+7.951114E-02,+6.449500E-07,+9.910000E+37,+4.429668E+02,+3.584400E+04,+8.046699E-02,+6.449500E-07,+9.910000E+37,+4.430342E+02,+3.584400E+04,+7.982960E-02,+6.449500E-07,+9.910000E+37,+4.431006E+02,+3.584400E+04,-2.011296E-02,+0.000000E+00,+9.910000E+37,+4.431670E+02,+3.584400E+04
10:29:03,0e0,+9.103057E-02,+7.197000E-07,+9.910000E+37,+4.433936E+02,+3.584400E+04,+9.103078E-02,+7.197000E-07,+9.910000E+37,+4.434590E+02,+3.584400E+04,+9.025618E-02,+7.197000E-07,+9.910000E+37,+4.435254E+02,+3.584400E+04,-1.865579E-02,+0.000000E+00,+9.910000E+37,+4.435918E+02,+3.584400E+04
10:29:03,0e0,+1.014118E-01,+8.031000E-07,+9.910000E+37,+4.438184E+02,+3.584400E+04,+1.019128E-01,+8.031000E-07,+9.910000E+37,+4.438848E+02,+3.584400E+04,+1.016847E-01,+8.031000E-07,+9.910000E+37,+4.439512E+02,+3.584400E+04,-1.983963E-02,+0.000000E+00,+9.910000E+37,+4.440176E+02,+3.584400E+04
10:29:03,0e0,+1.130223E-01,+8.961500E-07,+9.910000E+37,+4.442422E+02,+3.584400E+04,+1.152078E-01,+8.961500E-07,+9.910000E+37,+4.443096E+02,+3.584400E+04,+1.150260E-01,+8.961500E-07,+9.910000E+37,+4.443750E+02,+3.584400E+04,-1.870155E-02,+0.000000E+00,+9.910000E+37,+4.444424E+02,+3.584400E+04
10:29:03,0e0,+1.267731E-01,+1.000000E-06,+9.910000E+37,+4.446621E+02,+3.584400E+04,+1.266363E-01,+1.000000E-06,+9.910000E+37,+4.447285E+02,+3.584400E+04,+1.270914E-01,+1.000000E-06,+9.910000E+37,+4.447959E+02,+3.584400E+04,-1.965775E-02,+0.000000E+00,+9.910000E+37,+4.448613E+02,+3.584400E+04
10:29:03,0e0,+1.292322E-01,+1.116000E-06,+9.910000E+37,+4.450859E+02,+3.584400E+04,+1.291861E-01,+1.116000E-06,+9.910000E+37,+4.451533E+02,+3.584400E+04,+1.297783E-01,+1.116000E-06,+9.910000E+37,+4.452187E+02,+3.584400E+04,-1.929341E-02,+0.000000E+00,+9.910000E+37,+4.452861E+02,+3.584400E+04
10:29:03,0e0,+1.438929E-01,+1.245000E-06,+9.910000E+37,+4.455117E+02,+3.584400E+04,+1.433917E-01,+1.245000E-06,+9.910000E+37,+4.455771E+02,+3.584400E+04,+1.429369E-01,+1.245000E-06,+9.910000E+37,+4.456445E+02,+3.584400E+04,-2.029517E-02,+0.000000E+00,+9.910000E+37,+4.457100E+02,+3.584400E+04
10:29:03,0e0,+1.606029E-01,+1.389500E-06,+9.910000E+37,+4.459307E+02,+3.584400E+04,+1.599658E-01,+1.389500E-06,+9.910000E+37,+4.459971E+02,+3.584400E+04,+1.607401E-01,+1.389500E-06,+9.910000E+37,+4.460645E+02,+3.584400E+04,-1.947545E-02,+0.000000E+00,+9.910000E+37,+4.461299E+02,+3.584400E+04
10:29:03,0e0,+1.765848E-01,+1.550500E-06,+9.910000E+37,+4.463525E+02,+3.584400E+04,+1.757654E-01,+1.550500E-06,+9.910000E+37,+4.464189E+02,+3.584400E+04,+1.773596E-01,+1.550500E-06,+9.910000E+37,+4.464854E+02,+3.584400E+04,-1.983985E-02,+0.000000E+00,+9.910000E+37,+4.465527E+02,+3.584400E+04
10:29:03,0e0,+1.946154E-01,+1.730000E-06,+9.910000E+37,+4.467764E+02,+3.584400E+04,+1.948886E-01,+1.730000E-06,+9.910000E+37,+4.468438E+02,+3.584400E+04,+1.953894E-01,+1.730000E-06,+9.910000E+37,+4.469092E+02,+3.584400E+04,-1.965781E-02,+0.000000E+00,+9.910000E+37,+4.469756E+02,+3.584400E+04
10:29:03,0e0,+2.160605E-01,+1.930500E-06,+9.910000E+37,+4.472021E+02,+3.584400E+04,+2.154691E-01,+1.930500E-06,+9.910000E+37,+4.472695E+02,+3.584400E+04,+2.135109E-01,+1.930500E-06,+9.910000E+37,+4.473350E+02,+3.584400E+04,-1.911135E-02,+0.000000E+00,+9.910000E+37,+4.474014E+02,+3.584400E+04
10:29:03,0e0,+2.364595E-01,+2.154500E-06,+9.910000E+37,+4.476279E+02,+3.584400E+04,+2.365502E-01,+2.154500E-06,+9.910000E+37,+4.476953E+02,+3.584400E+04,+2.368689E-01,+2.154500E-06,+9.910000E+37,+4.477617E+02,+3.584400E+04,-1.902032E-02,+0.000000E+00,+9.910000E+37,+4.478281E+02,+3.584400E+04
10:29:03,0e0,+2.606819E-01,+2.404000E-06,+9.910000E+37,+4.480488E+02,+3.584400E+04,+2.599538E-01,+2.404000E-06,+9.910000E+37,+4.481143E+02,+3.584400E+04,+2.588157E-01,+2.404000E-06,+9.910000E+37,+4.481816E+02,+3.584400E+04,-1.824591E-02,+0.000000E+00,+9.910000E+37,+4.482471E+02,+3.584400E+04
10:29:03,0e0,+2.859988E-01,+2.682500E-06,+9.910000E+37,+4.484697E+02,+3.584400E+04,+2.859526E-01,+2.682500E-06,+9.910000E+37,+4.485371E+02,+3.584400E+04,+2.852695E-01,+2.682500E-06,+9.910000E+37,+4.486025E+02,+3.584400E+04,-1.801854E-02,+0.000000E+00,+9.910000E+37,+4.486689E+02,+3.584400E+04
10:29:03,0e0,+3.129071E-01,+2.993500E-06,+9.910000E+37,+4.488906E+02,+3.584400E+04,+3.132262E-01,+2.993500E-06,+9.910000E+37,+4.489561E+02,+3.584400E+04,+3.145006E-01,+2.993500E-06,+9.910000E+37,+4.490234E+02,+3.584400E+04,-1.906575E-02,+0.000000E+00,+9.910000E+37,+4.490889E+02,+3.584400E+04
10:29:03,0e0,+3.422751E-01,+3.340500E-06,+9.910000E+37,+4.493125E+02,+3.584400E+04,+3.428670E-01,+3.340500E-06,+9.910000E+37,+4.493789E+02,+3.584400E+04,+3.422289E-01,+3.340500E-06,+9.910000E+37,+4.494463E+02,+3.584400E+04,-1.933880E-02,+0.000000E+00,+9.910000E+37,+4.495127E+02,+3.584400E+04
10:29:03,0e0,+3.746482E-01,+3.727500E-06,+9.910000E+37,+4.497383E+02,+3.584400E+04,+3.745118E-01,+3.727500E-06,+9.910000E+37,+4.498047E+02,+3.584400E+04,+3.742840E-01,+3.727500E-06,+9.910000E+37,+4.498711E+02,+3.584400E+04,-1.911142E-02,+0.000000E+00,+9.910000E+37,+4.499375E+02,+3.584400E+04
10:29:03,0e0,+4.087971E-01,+4.159500E-06,+9.910000E+37,+4.501621E+02,+3.584400E+04,+4.076585E-01,+4.159500E-06,+9.910000E+37,+4.502275E+02,+3.584400E+04,+4.080229E-01,+4.159500E-06,+9.910000E+37,+4.502949E+02,+3.584400E+04,-1.924810E-02,+0.000000E+00,+9.910000E+37,+4.503613E+02,+3.584400E+04
10:29:03,0e0,+4.455860E-01,+4.641500E-06,+9.910000E+37,+4.505850E+02,+3.584400E+04,+4.464974E-01,+4.641500E-06,+9.910000E+37,+4.506514E+02,+3.584400E+04,+4.464979E-01,+4.641500E-06,+9.910000E+37,+4.507178E+02,+3.584400E+04,-1.861022E-02,+0.000000E+00,+9.910000E+37,+4.507842E+02,+3.584400E+04
10:29:03,0e0,+4.855638E-01,+5.179500E-06,+9.910000E+37,+4.510098E+02,+3.584400E+04,+4.871573E-01,+5.179500E-06,+9.910000E+37,+4.510771E+02,+3.584400E+04,+4.862016E-01,+5.179500E-06,+9.910000E+37,+4.511426E+02,+3.584400E+04,-1.920225E-02,+0.000000E+00,+9.910000E+37,+4.512090E+02,+3.584400E+04
10:29:03,0e0,+5.287732E-01,+5.779500E-06,+9.910000E+37,+4.514346E+02,+3.584400E+04,+5.295929E-01,+5.779500E-06,+9.910000E+37,+4.515010E+02,+3.584400E+04,+5.298667E-01,+5.779500E-06,+9.910000E+37,+4.515674E+02,+3.584400E+04,-1.956676E-02,+0.000000E+00,+9.910000E+37,+4.516328E+02,+3.584400E+04
10:29:03,0e0,+5.744874E-01,+6.449500E-06,+9.910000E+37,+4.518545E+02,+3.584400E+04,+5.750807E-01,+6.449500E-06,+9.910000E+37,+4.519209E+02,+3.584400E+04,+5.750344E-01,+6.449500E-06,+9.910000E+37,+4.519883E+02,+3.584400E+04,-1.933897E-02,+0.000000E+00,+9.910000E+37,+4.520537E+02,+3.584400E+04
10:29:03,0e0,+6.242986E-01,+7.197000E-06,+9.910000E+37,+4.522793E+02,+3.584400E+04,+6.243904E-01,+7.197000E-06,+9.910000E+37,+4.523457E+02,+3.584400E+04,+6.243453E-01,+7.197000E-06,+9.910000E+37,+4.524121E+02,+3.584400E+04,-1.806405E-02,+0.000000E+00,+9.910000E+37,+4.524785E+02,+3.584400E+04
10:29:03,0e0,+6.776621E-01,+8.031000E-06,+9.910000E+37,+4.527041E+02,+3.584400E+04,+6.786641E-01,+8.031000E-06,+9.910000E+37,+4.527715E+02,+3.584400E+04,+6.775264E-01,+8.031000E-06,+9.910000E+37,+4.528369E+02,+3.584400E+04,-1.979442E-02,+0.000000E+00,+9.910000E+37,+4.529043E+02,+3.584400E+04
10:29:03,0e0,+7.330282E-01,+8.961500E-06,+9.910000E+37,+4.531240E+02,+3.584400E+04,+7.335765E-01,+8.961500E-06,+9.910000E+37,+4.531914E+02,+3.584400E+04,+7.332573E-01,+8.961500E-06,+9.910000E+37,+4.532578E+02,+3.584400E+04,-1.879273E-02,+0.000000E+00,+9.910000E+37,+4.533242E+02,+3.584400E+04
10:29:03,0e0,+7.914456E-01,+1.000000E-05,+9.910000E+37,+4.535430E+02,+3.584400E+04,+7.925857E-01,+1.000000E-05,+9.910000E+37,+4.536094E+02,+3.584400E+04,+7.935861E-01,+1.000000E-05,+9.910000E+37,+4.536768E+02,+3.584400E+04,-1.943015E-02,+0.000000E+00,+9.910000E+37,+4.537451E+02,+3.584400E+04
10:29:03,0e0,+8.427171E-01,+1.116000E-05,+9.910000E+37,+4.539688E+02,+3.584400E+04,+8.423978E-01,+1.116000E-05,+9.910000E+37,+4.540352E+02,+3.584400E+04,+8.422595E-01,+1.116000E-05,+9.910000E+37,+4.541025E+02,+3.584400E+04,-1.911138E-02,+0.000000E+00,+9.910000E+37,+4.541689E+02,+3.584400E+04
10:29:03,0e0,+9.060048E-01,+1.245000E-05,+9.910000E+37,+4.543887E+02,+3.584400E+04,+9.072790E-01,+1.245000E-05,+9.910000E+37,+4.544561E+02,+3.584400E+04,+9.082358E-01,+1.245000E-05,+9.910000E+37,+4.545215E+02,+3.584400E+04,-2.093278E-02,+0.000000E+00,+9.910000E+37,+4.545928E+02,+3.584400E+04
10:29:03,0e0,+9.729360E-01,+1.389500E-05,+9.910000E+37,+4.548115E+02,+3.584400E+04,+9.750773E-01,+1.389500E-05,+9.910000E+37,+4.548770E+02,+3.584400E+04,+9.759874E-01,+1.389500E-05,+9.910000E+37,+4.549443E+02,+3.584400E+04,-2.088726E-02,+0.000000E+00,+9.910000E+37,+4.550156E+02,+3.584400E+04
10:29:03,0e0,+1.044103E+00,+1.550500E-05,+9.910000E+37,+4.552324E+02,+3.584400E+04,+1.045195E+00,+1.550500E-05,+9.910000E+37,+4.552998E+02,+3.584400E+04,+1.046652E+00,+1.550500E-05,+9.910000E+37,+4.553662E+02,+3.584400E+04,-2.038635E-02,+0.000000E+00,+9.910000E+37,+4.554365E+02,+3.584400E+04
10:29:03,0e0,+1.118866E+00,+1.730000E-05,+9.910000E+37,+4.556602E+02,+3.584400E+04,+1.119186E+00,+1.730000E-05,+9.910000E+37,+4.557256E+02,+3.584400E+04,+1.118501E+00,+1.730000E-05,+9.910000E+37,+4.557930E+02,+3.584400E+04,-2.020396E-02,+0.000000E+00,+9.910000E+37,+4.558604E+02,+3.584400E+04
10:29:03,0e0,+1.196726E+00,+1.930500E-05,+9.910000E+37,+4.560791E+02,+3.584400E+04,+1.196178E+00,+1.930500E-05,+9.910000E+37,+4.561455E+02,+3.584400E+04,+1.197090E+00,+1.930500E-05,+9.910000E+37,+4.562129E+02,+3.584400E+04,-2.038616E-02,+0.000000E+00,+9.910000E+37,+4.562842E+02,+3.584400E+04
10:29:03,0e0,+1.276725E+00,+2.154500E-05,+9.910000E+37,+4.565068E+02,+3.584400E+04,+1.278000E+00,+2.154500E-05,+9.910000E+37,+4.565742E+02,+3.584400E+04,+1.277816E+00,+2.154500E-05,+9.910000E+37,+4.566396E+02,+3.584400E+04,-2.079624E-02,+0.000000E+00,+9.910000E+37,+4.567080E+02,+3.584400E+04
10:29:03,0e0,+1.361369E+00,+2.404000E-05,+9.910000E+37,+4.569277E+02,+3.584400E+04,+1.361280E+00,+2.404000E-05,+9.910000E+37,+4.569951E+02,+3.584400E+04,+1.362507E+00,+2.404000E-05,+9.910000E+37,+4.570615E+02,+3.584400E+04,-2.029485E-02,+0.000000E+00,+9.910000E+37,+4.571289E+02,+3.584400E+04
10:29:03,0e0,+1.448110E+00,+2.682500E-05,+9.910000E+37,+4.573486E+02,+3.584400E+04,+1.450155E+00,+2.682500E-05,+9.910000E+37,+4.574160E+02,+3.584400E+04,+1.448971E+00,+2.682500E-05,+9.910000E+37,+4.574873E+02,+3.584400E+04,-2.052316E-02,+0.000000E+00,+9.910000E+37,+4.575586E+02,+3.584400E+04
10:29:03,0e0,+1.540262E+00,+2.993500E-05,+9.910000E+37,+4.577803E+02,+3.584400E+04,+1.540308E+00,+2.993500E-05,+9.910000E+37,+4.578457E+02,+3.584400E+04,+1.541676E+00,+2.993500E-05,+9.910000E+37,+4.579131E+02,+3.584400E+04,-1.988553E-02,+0.000000E+00,+9.910000E+37,+4.579834E+02,+3.584400E+04
10:29:03,0e0,+1.636244E+00,+3.340500E-05,+9.910000E+37,+4.582061E+02,+3.584400E+04,+1.635151E+00,+3.340500E-05,+9.910000E+37,+4.582734E+02,+3.584400E+04,+1.634469E+00,+3.340500E-05,+9.910000E+37,+4.583389E+02,+3.584400E+04,-2.111483E-02,+0.000000E+00,+9.910000E+37,+4.584092E+02,+3.584400E+04
10:29:03,0e0,+1.732861E+00,+3.727500E-05,+9.910000E+37,+4.586318E+02,+3.584400E+04,+1.734503E+00,+3.727500E-05,+9.910000E+37,+4.586982E+02,+3.584400E+04,+1.734728E+00,+3.727500E-05,+9.910000E+37,+4.587646E+02,+3.584400E+04,-1.961230E-02,+0.000000E+00,+9.910000E+37,+4.588340E+02,+3.584400E+04
10:29:03,0e0,+1.838405E+00,+4.159500E-05,+9.910000E+37,+4.590537E+02,+3.584400E+04,+1.837037E+00,+4.159500E-05,+9.910000E+37,+4.591211E+02,+3.584400E+04,+1.839134E+00,+4.159500E-05,+9.910000E+37,+4.591865E+02,+3.584400E+04,-2.175221E-02,+0.000000E+00,+9.910000E+37,+4.592578E+02,+3.584400E+04
10:29:03,0e0,+1.944314E+00,+4.641500E-05,+9.910000E+37,+4.594785E+02,+3.584400E+04,+1.946087E+00,+4.641500E-05,+9.910000E+37,+4.595459E+02,+3.584400E+04,+1.945404E+00,+4.641500E-05,+9.910000E+37,+4.596113E+02,+3.584400E+04,-2.015883E-02,+0.000000E+00,+9.910000E+37,+4.596836E+02,+3.584400E+04
10:29:03,0e0,+2.059327E+00,+5.179500E-05,+9.910000E+37,+4.599053E+02,+3.584400E+04,+2.058960E+00,+5.179500E-05,+9.910000E+37,+4.599717E+02,+3.584400E+04,+2.058595E+00,+5.179500E-05,+9.910000E+37,+4.600381E+02,+3.584400E+04,-1.929358E-02,+0.000000E+00,+9.910000E+37,+4.601084E+02,+3.584400E+04
10:29:03,0e0,+2.174524E+00,+5.779500E-05,+9.910000E+37,+4.603330E+02,+3.584400E+04,+2.175701E+00,+5.779500E-05,+9.910000E+37,+4.603994E+02,+3.584400E+04,+2.177753E+00,+5.779500E-05,+9.910000E+37,+4.604658E+02,+3.584400E+04,-1.924816E-02,+0.000000E+00,+9.910000E+37,+4.605342E+02,+3.584400E+04
10:29:03,0e0,+2.298823E+00,+6.449500E-05,+9.910000E+37,+4.607568E+02,+3.584400E+04,+2.300233E+00,+6.449500E-05,+9.910000E+37,+4.608242E+02,+3.584400E+04,+2.300098E+00,+6.449500E-05,+9.910000E+37,+4.608896E+02,+3.584400E+04,-1.938473E-02,+0.000000E+00,+9.910000E+37,+4.609580E+02,+3.584400E+04
10:29:03,0e0,+2.426039E+00,+7.197000E-05,+9.910000E+37,+4.611787E+02,+3.584400E+04,+2.427859E+00,+7.197000E-05,+9.910000E+37,+4.612461E+02,+3.584400E+04,+2.428999E+00,+7.197000E-05,+9.910000E+37,+4.613115E+02,+3.584400E+04,-1.965800E-02,+0.000000E+00,+9.910000E+37,+4.613828E+02,+3.584400E+04
10:29:03,0e0,+2.561677E+00,+8.031000E-05,+9.910000E+37,+4.616064E+02,+3.584400E+04,+2.563545E+00,+8.031000E-05,+9.910000E+37,+4.616729E+02,+3.584400E+04,+2.562315E+00,+8.031000E-05,+9.910000E+37,+4.617393E+02,+3.584400E+04,-2.038647E-02,+0.000000E+00,+9.910000E+37,+4.618105E+02,+3.584400E+04
10:29:03,0e0,+2.702415E+00,+8.961500E-05,+9.910000E+37,+4.620332E+02,+3.584400E+04,+2.703783E+00,+8.961500E-05,+9.910000E+37,+4.621006E+02,+3.584400E+04,+2.704738E+00,+8.961500E-05,+9.910000E+37,+4.621660E+02,+3.584400E+04,-2.015872E-02,+0.000000E+00,+9.910000E+37,+4.622354E+02,+3.584400E+04
10:29:03,0e0,+2.851078E+00,+1.000000E-04,+9.910000E+37,+4.624443E+02,+3.584400E+04,+2.853081E+00,+1.000000E-04,+9.910000E+37,+4.625166E+02,+3.584400E+04,+2.853216E+00,+1.000000E-04,+9.910000E+37,+4.625830E+02,+3.584400E+04,-1.993124E-02,+0.000000E+00,+9.910000E+37,+4.626494E+02,+3.584400E+04
10:29:03,0e0,+2.996508E+00,+1.116000E-04,+9.910000E+37,+4.628662E+02,+3.584400E+04,+2.996643E+00,+1.116000E-04,+9.910000E+37,+4.629336E+02,+3.584400E+04,+2.996232E+00,+1.116000E-04,+9.910000E+37,+4.629990E+02,+3.584400E+04,-2.771714E-02,+0.000000E+00,+9.910000E+37,+4.630664E+02,+3.584400E+04
10:29:03,0e0,+3.155004E+00,+1.245000E-04,+9.910000E+37,+4.632842E+02,+3.584400E+04,+3.157506E+00,+1.245000E-04,+9.910000E+37,+4.633516E+02,+3.584400E+04,+3.157048E+00,+1.245000E-04,+9.910000E+37,+4.634180E+02,+3.584400E+04,-2.703412E-02,+0.000000E+00,+9.910000E+37,+4.634844E+02,+3.584400E+04
10:29:03,0e0,+3.326701E+00,+1.389500E-04,+9.910000E+37,+4.637070E+02,+3.584400E+04,+3.326202E+00,+1.389500E-04,+9.910000E+37,+4.637725E+02,+3.584400E+04,+3.328660E+00,+1.389500E-04,+9.910000E+37,+4.638398E+02,+3.584400E+04,-2.849147E-02,+0.000000E+00,+9.910000E+37,+4.639062E+02,+3.584400E+04
10:29:03,0e0,+3.504824E+00,+1.550500E-04,+9.910000E+37,+4.641289E+02,+3.584400E+04,+3.506507E+00,+1.550500E-04,+9.910000E+37,+4.641963E+02,+3.584400E+04,+3.506230E+00,+1.550500E-04,+9.910000E+37,+4.642617E+02,+3.584400E+04,-2.748947E-02,+0.000000E+00,+9.910000E+37,+4.643281E+02,+3.584400E+04
10:29:03,0e0,+3.690865E+00,+1.730000E-04,+9.910000E+37,+4.645488E+02,+3.584400E+04,+3.692049E+00,+1.730000E-04,+9.910000E+37,+4.646143E+02,+3.584400E+04,+3.692916E+00,+1.730000E-04,+9.910000E+37,+4.646816E+02,+3.584400E+04,-2.762614E-02,+0.000000E+00,+9.910000E+37,+4.647471E+02,+3.584400E+04
10:29:03,0e0,+3.885881E+00,+1.930500E-04,+9.910000E+37,+4.649707E+02,+3.584400E+04,+3.887335E+00,+1.930500E-04,+9.910000E+37,+4.650381E+02,+3.584400E+04,+3.889110E+00,+1.930500E-04,+9.910000E+37,+4.651035E+02,+3.584400E+04,-2.717078E-02,+0.000000E+00,+9.910000E+37,+4.651709E+02,+3.584400E+04
10:29:03,0e0,+4.089582E+00,+2.154500E-04,+9.910000E+37,+4.653936E+02,+3.584400E+04,+4.091545E+00,+2.154500E-04,+9.910000E+37,+4.654600E+02,+3.584400E+04,+4.091999E+00,+2.154500E-04,+9.910000E+37,+4.655273E+02,+3.584400E+04,-2.762635E-02,+0.000000E+00,+9.910000E+37,+4.655938E+02,+3.584400E+04
10:29:03,0e0,+4.301167E+00,+2.404000E-04,+9.910000E+37,+4.658135E+02,+3.584400E+04,+4.304906E+00,+2.404000E-04,+9.910000E+37,+4.658809E+02,+3.584400E+04,+4.303813E+00,+2.404000E-04,+9.910000E+37,+4.659463E+02,+3.584400E+04,-2.826358E-02,+0.000000E+00,+9.910000E+37,+4.660137E+02,+3.584400E+04
10:29:03,0e0,+4.521233E+00,+2.682500E-04,+9.910000E+37,+4.662334E+02,+3.584400E+04,+4.524461E+00,+2.682500E-04,+9.910000E+37,+4.662998E+02,+3.584400E+04,+4.524779E+00,+2.682500E-04,+9.910000E+37,+4.663662E+02,+3.584400E+04,-2.771708E-02,+0.000000E+00,+9.910000E+37,+4.664336E+02,+3.584400E+04
10:29:03,0e0,+4.750443E+00,+2.993500E-04,+9.910000E+37,+4.666553E+02,+3.584400E+04,+4.752575E+00,+2.993500E-04,+9.910000E+37,+4.667227E+02,+3.584400E+04,+4.752622E+00,+2.993500E-04,+9.910000E+37,+4.667881E+02,+3.584400E+04,-2.730738E-02,+0.000000E+00,+9.910000E+37,+4.668555E+02,+3.584400E+04
10:29:03,0e0,+4.983648E+00,+3.340500E-04,+9.910000E+37,+4.670771E+02,+3.584400E+04,+4.985381E+00,+3.340500E-04,+9.910000E+37,+4.671436E+02,+3.584400E+04,+4.986836E+00,+3.340500E-04,+9.910000E+37,+4.672100E+02,+3.584400E+04,-2.744401E-02,+0.000000E+00,+9.910000E+37,+4.672773E+02,+3.584400E+04
10:29:03,0e0,+5.221223E+00,+3.727500E-04,+9.910000E+37,+4.675020E+02,+3.584400E+04,+5.223963E+00,+3.727500E-04,+9.910000E+37,+4.675684E+02,+3.584400E+04,+5.225060E+00,+3.727500E-04,+9.910000E+37,+4.676338E+02,+3.584400E+04,-2.753498E-02,+0.000000E+00,+9.910000E+37,+4.677002E+02,+3.584400E+04
10:29:03,0e0,+5.463468E+00,+4.159500E-04,+9.910000E+37,+4.679219E+02,+3.584400E+04,+5.463772E+00,+4.159500E-04,+9.910000E+37,+4.679883E+02,+3.584400E+04,+5.466057E+00,+4.159500E-04,+9.910000E+37,+4.680557E+02,+3.584400E+04,-2.753493E-02,+0.000000E+00,+9.910000E+37,+4.681221E+02,+3.584400E+04
10:29:03,0e0,+5.704062E+00,+4.641500E-04,+9.910000E+37,+4.683457E+02,+3.584400E+04,+5.706188E+00,+4.641500E-04,+9.910000E+37,+4.684111E+02,+3.584400E+04,+5.707148E+00,+4.641500E-04,+9.910000E+37,+4.684775E+02,+3.584400E+04,-2.685170E-02,+0.000000E+00,+9.910000E+37,+4.685469E+02,+3.584400E+04
10:29:03,0e0,+5.940410E+00,+5.179500E-04,+9.910000E+37,+4.687754E+02,+3.584400E+04,+5.941638E+00,+5.179500E-04,+9.910000E+37,+4.688428E+02,+3.584400E+04,+5.941503E+00,+5.179500E-04,+9.910000E+37,+4.689082E+02,+3.584400E+04,-2.717049E-02,+0.000000E+00,+9.910000E+37,+4.689746E+02,+3.584400E+04
10:29:03,0e0,+6.164695E+00,+5.779500E-04,+9.910000E+37,+4.691953E+02,+3.584400E+04,+6.167748E+00,+5.779500E-04,+9.910000E+37,+4.692627E+02,+3.584400E+04,+6.166747E+00,+5.779500E-04,+9.910000E+37,+4.693281E+02,+3.584400E+04,-2.871907E-02,+0.000000E+00,+9.910000E+37,+4.693945E+02,+3.584400E+04
10:29:03,0e0,+6.381514E+00,+6.449500E-04,+9.910000E+37,+4.696172E+02,+3.584400E+04,+6.383567E+00,+6.449500E-04,+9.910000E+37,+4.696846E+02,+3.584400E+04,+6.382286E+00,+6.449500E-04,+9.910000E+37,+4.697500E+02,+3.584400E+04,-2.840053E-02,+0.000000E+00,+9.910000E+37,+4.698174E+02,+3.584400E+04
10:29:03,0e0,+6.586228E+00,+7.197000E-04,+9.910000E+37,+4.700371E+02,+3.584400E+04,+6.587138E+00,+7.197000E-04,+9.910000E+37,+4.701035E+02,+3.584400E+04,+6.586048E+00,+7.197000E-04,+9.910000E+37,+4.701709E+02,+3.584400E+04,-2.630572E-02,+0.000000E+00,+9.910000E+37,+4.702363E+02,+3.584400E+04
10:29:03,0e0,+6.777371E+00,+8.031000E-04,+9.910000E+37,+4.704590E+02,+3.584400E+04,+6.776863E+00,+8.031000E-04,+9.910000E+37,+4.705264E+02,+3.584400E+04,+6.774544E+00,+8.031000E-04,+9.910000E+37,+4.705928E+02,+3.584400E+04,-2.826357E-02,+0.000000E+00,+9.910000E+37,+4.706592E+02,+3.584400E+04
10:29:03,0e0,+6.951582E+00,+8.961500E-04,+9.910000E+37,+4.708887E+02,+3.584400E+04,+6.952989E+00,+8.961500E-04,+9.910000E+37,+4.709541E+02,+3.584400E+04,+6.951347E+00,+8.961500E-04,+9.910000E+37,+4.710205E+02,+3.584400E+04,-2.780832E-02,+0.000000E+00,+9.910000E+37,+4.710869E+02,+3.584400E+04
10:29:03,0e0,+7.115762E+00,+1.000000E-03,+9.910000E+37,+4.713086E+02,+3.584400E+04,+7.115490E+00,+1.000000E-03,+9.910000E+37,+4.713760E+02,+3.584400E+04,+7.111927E+00,+1.000000E-03,+9.910000E+37,+4.714414E+02,+3.584400E+04,-2.685215E-02,+0.000000E+00,+9.910000E+37,+4.715078E+02,+3.584400E+04
10:29:03,0e0,+7.257958E+00,+1.116000E-03,+9.910000E+37,+4.717324E+02,+3.584400E+04,+7.257412E+00,+1.116000E-03,+9.910000E+37,+4.717988E+02,+3.584400E+04,+7.253856E+00,+1.116000E-03,+9.910000E+37,+4.718652E+02,+3.584400E+04,-2.371643E-01,+0.000000E+00,+9.910000E+37,+4.719316E+02,+3.584400E+04
10:29:03,0e0,+7.404572E+00,+1.245000E-03,+9.910000E+37,+4.721543E+02,+3.584400E+04,+7.404345E+00,+1.245000E-03,+9.910000E+37,+4.722197E+02,+3.584400E+04,+7.400606E+00,+1.245000E-03,+9.910000E+37,+4.722861E+02,+3.584400E+04,-2.317457E-01,+0.000000E+00,+9.910000E+37,+4.723535E+02,+3.584400E+04
10:29:03,0e0,+7.550089E+00,+1.389500E-03,+9.910000E+37,+4.725742E+02,+3.584400E+04,+7.548495E+00,+1.389500E-03,+9.910000E+37,+4.726396E+02,+3.584400E+04,+7.544123E+00,+1.389500E-03,+9.910000E+37,+4.727070E+02,+3.584400E+04,-2.316547E-01,+0.000000E+00,+9.910000E+37,+4.727725E+02,+3.584400E+04
10:29:03,0e0,+7.690326E+00,+1.550500E-03,+9.910000E+37,+4.729951E+02,+3.584400E+04,+7.689828E+00,+1.550500E-03,+9.910000E+37,+4.730615E+02,+3.584400E+04,+7.684719E+00,+1.550500E-03,+9.910000E+37,+4.731289E+02,+3.584400E+04,-2.373010E-01,+0.000000E+00,+9.910000E+37,+4.731943E+02,+3.584400E+04
10:29:03,0e0,+7.829595E+00,+1.730000E-03,+9.910000E+37,+4.734150E+02,+3.584400E+04,+7.829793E+00,+1.730000E-03,+9.910000E+37,+4.734814E+02,+3.584400E+04,+7.826652E+00,+1.730000E-03,+9.910000E+37,+4.735479E+02,+3.584400E+04,-2.303797E-01,+0.000000E+00,+9.910000E+37,+4.736143E+02,+3.584400E+04
10:29:03,0e0,+7.971936E+00,+1.930500E-03,+9.910000E+37,+4.738428E+02,+3.584400E+04,+7.969482E+00,+1.930500E-03,+9.910000E+37,+4.739082E+02,+3.584400E+04,+7.967345E+00,+1.930500E-03,+9.910000E+37,+4.739746E+02,+3.584400E+04,-2.233674E-01,+0.000000E+00,+9.910000E+37,+4.740410E+02,+3.584400E+04
10:29:03,0e0,+8.114147E+00,+2.154500E-03,+9.910000E+37,+4.742637E+02,+3.584400E+04,+8.112498E+00,+2.154500E-03,+9.910000E+37,+4.743311E+02,+3.584400E+04,+8.108670E+00,+2.154500E-03,+9.910000E+37,+4.743965E+02,+3.584400E+04,-2.189052E-01,+0.000000E+00,+9.910000E+37,+4.744629E+02,+3.584400E+04
10:29:03,0e0,+8.257837E+00,+2.404000E-03,+9.910000E+37,+4.746885E+02,+3.584400E+04,+8.254086E+00,+2.404000E-03,+9.910000E+37,+4.747559E+02,+3.584400E+04,+8.252235E+00,+2.404000E-03,+9.910000E+37,+4.748213E+02,+3.584400E+04,-2.215460E-01,+0.000000E+00,+9.910000E+37,+4.748887E+02,+3.584400E+04
10:29:03,0e0,+8.403073E+00,+2.682500E-03,+9.910000E+37,+4.751143E+02,+3.584400E+04,+8.401804E+00,+2.682500E-03,+9.910000E+37,+4.751816E+02,+3.584400E+04,+8.397191E+00,+2.682500E-03,+9.910000E+37,+4.752471E+02,+3.584400E+04,-2.219103E-01,+0.000000E+00,+9.910000E+37,+4.753135E+02,+3.584400E+04
10:29:03,0e0,+8.553201E+00,+2.993500E-03,+9.910000E+37,+4.755391E+02,+3.584400E+04,+8.550145E+00,+2.993500E-03,+9.910000E+37,+4.756045E+02,+3.584400E+04,+8.545871E+00,+2.993500E-03,+9.910000E+37,+4.756709E+02,+3.584400E+04,-2.088427E-01,+0.000000E+00,+9.910000E+37,+4.757383E+02,+3.584400E+04
10:29:03,0e0,+8.703926E+00,+3.340500E-03,+9.910000E+37,+4.759658E+02,+3.584400E+04,+8.701353E+00,+3.340500E-03,+9.910000E+37,+4.760322E+02,+3.584400E+04,+8.695747E+00,+3.340500E-03,+9.910000E+37,+4.760986E+02,+3.584400E+04,-2.126218E-01,+0.000000E+00,+9.910000E+37,+4.761660E+02,+3.584400E+04
10:29:03,0e0,+8.860531E+00,+3.727500E-03,+9.910000E+37,+4.763896E+02,+3.584400E+04,+8.855684E+00,+3.727500E-03,+9.910000E+37,+4.764561E+02,+3.584400E+04,+8.850840E+00,+3.727500E-03,+9.910000E+37,+4.765225E+02,+3.584400E+04,-1.979606E-01,+0.000000E+00,+9.910000E+37,+4.765879E+02,+3.584400E+04
10:29:03,0e0,+9.016879E+00,+4.159500E-03,+9.910000E+37,+4.768135E+02,+3.584400E+04,+9.012988E+00,+4.159500E-03,+9.910000E+37,+4.768789E+02,+3.584400E+04,+9.008107E+00,+4.159500E-03,+9.910000E+37,+4.769453E+02,+3.584400E+04,-1.943181E-01,+0.000000E+00,+9.910000E+37,+4.770127E+02,+3.584400E+04
10:29:03,0e0,+9.181127E+00,+4.641500E-03,+9.910000E+37,+4.772344E+02,+3.584400E+04,+9.175163E+00,+4.641500E-03,+9.910000E+37,+4.773008E+02,+3.584400E+04,+9.170381E+00,+4.641500E-03,+9.910000E+37,+4.773672E+02,+3.584400E+04,-1.888087E-01,+0.000000E+00,+9.910000E+37,+4.774326E+02,+3.584400E+04
10:29:03,0e0,+9.348633E+00,+5.179500E-03,+9.910000E+37,+4.776572E+02,+3.584400E+04,+9.343996E+00,+5.179500E-03,+9.910000E+37,+4.777246E+02,+3.584400E+04,+9.335438E+00,+5.179500E-03,+9.910000E+37,+4.777920E+02,+3.584400E+04,-1.851662E-01,+0.000000E+00,+9.910000E+37,+4.778574E+02,+3.584400E+04
10:29:03,0e0,+9.525023E+00,+5.779500E-03,+9.910000E+37,+4.780840E+02,+3.584400E+04,+9.517427E+00,+5.779500E-03,+9.910000E+37,+4.781514E+02,+3.584400E+04,+9.509547E+00,+5.779500E-03,+9.910000E+37,+4.782168E+02,+3.584400E+04,-1.725539E-01,+0.000000E+00,+9.910000E+37,+4.782832E+02,+3.584400E+04
10:29:03,0e0,+9.707243E+00,+6.449500E-03,+9.910000E+37,+4.785088E+02,+3.584400E+04,+9.700052E+00,+6.449500E-03,+9.910000E+37,+4.785752E+02,+3.584400E+04,+9.690855E+00,+6.449500E-03,+9.910000E+37,+4.786426E+02,+3.584400E+04,-1.733280E-01,+0.000000E+00,+9.910000E+37,+4.787090E+02,+3.584400E+04
10:29:03,0e0,+9.898202E+00,+7.197000E-03,+9.910000E+37,+4.789287E+02,+3.584400E+04,+9.886253E+00,+7.197000E-03,+9.910000E+37,+4.789941E+02,+3.584400E+04,+9.877027E+00,+7.197000E-03,+9.910000E+37,+4.790605E+02,+3.584400E+04,-1.609434E-01,+0.000000E+00,+9.910000E+37,+4.791270E+02,+3.584400E+04
10:29:03,0e0,+1.009767E+01,+8.031000E-03,+9.910000E+37,+4.793535E+02,+3.584400E+04,+1.008488E+01,+8.031000E-03,+9.910000E+37,+4.794189E+02,+3.584400E+04,+1.007270E+01,+8.031000E-03,+9.910000E+37,+4.794854E+02,+3.584400E+04,-1.569820E-01,+0.000000E+00,+9.910000E+37,+4.795518E+02,+3.584400E+04
10:29:03,0e0,+1.030476E+01,+8.961500E-03,+9.910000E+37,+4.797734E+02,+3.584400E+04,+1.028918E+01,+8.961500E-03,+9.910000E+37,+4.798408E+02,+3.584400E+04,+1.027652E+01,+8.961500E-03,+9.910000E+37,+4.799062E+02,+3.584400E+04,-1.465097E-01,+0.000000E+00,+9.910000E+37,+4.799746E+02,+3.584400E+04
