10:41:00,0e0,+1.174869E-02,+1.000000E-07,+9.910000E+37,+1.134997E+03,+3.584400E+04,+1.188485E-02,+1.000000E-07,+9.910000E+37,+1.135063E+03,+3.584400E+04,+1.183930E-02,+1.000000E-07,+9.910000E+37,+1.135130E+03,+3.584400E+04,-6.190225E-03,+0.000000E+00,+9.910000E+37,+1.135197E+03,+3.584400E+04
10:41:00,0e0,+1.448035E-02,+1.116000E-07,+9.910000E+37,+1.135420E+03,+3.584400E+04,+1.457131E-02,+1.116000E-07,+9.910000E+37,+1.135486E+03,+3.584400E+04,+1.397939E-02,+1.116000E-07,+9.910000E+37,+1.135553E+03,+3.584400E+04,-6.691173E-03,+0.000000E+00,+9.910000E+37,+1.135619E+03,+3.584400E+04
10:41:00,0e0,+1.561823E-02,+1.245000E-07,+9.910000E+37,+1.135842E+03,+3.584400E+04,+1.702999E-02,+1.245000E-07,+9.910000E+37,+1.135909E+03,+3.584400E+04,+1.621023E-02,+1.245000E-07,+9.910000E+37,+1.135977E+03,+3.584400E+04,-6.918997E-03,+0.000000E+00,+9.910000E+37,+1.136042E+03,+3.584400E+04
10:41:00,0e0,+1.916972E-02,+1.389500E-07,+9.910000E+37,+1.136268E+03,+3.584400E+04,+1.839571E-02,+1.389500E-07,+9.910000E+37,+1.136335E+03,+3.584400E+04,+1.807682E-02,+1.389500E-07,+9.910000E+37,+1.136402E+03,+3.584400E+04,-6.509140E-03,+0.000000E+00,+9.910000E+37,+1.136469E+03,+3.584400E+04
10:41:00,0e0,+2.099055E-02,+1.550500E-07,+9.910000E+37,+1.136694E+03,+3.584400E+04,+2.135515E-02,+1.550500E-07,+9.910000E+37,+1.136761E+03,+3.584400E+04,+2.203801E-02,+1.550500E-07,+9.910000E+37,+1.136827E+03,+3.584400E+04,-5.370483E-03,+0.000000E+00,+9.910000E+37,+1.136894E+03,+3.584400E+04
10:41:00,0e0,+2.486116E-02,+1.730000E-07,+9.910000E+37,+1.137119E+03,+3.584400E+04,+2.467902E-02,+1.730000E-07,+9.910000E+37,+1.137187E+03,+3.584400E+04,+2.308498E-02,+1.730000E-07,+9.910000E+37,+1.137253E+03,+3.584400E+04,-6.873503E-03,+0.000000E+00,+9.910000E+37,+1.137320E+03,+3.584400E+04
10:41:00,0e0,+2.754779E-02,+1.930500E-07,+9.910000E+37,+1.137545E+03,+3.584400E+04,+2.645409E-02,+1.930500E-07,+9.910000E+37,+1.137611E+03,+3.584400E+04,+2.818471E-02,+1.930500E-07,+9.910000E+37,+1.137679E+03,+3.584400E+04,-6.099269E-03,+0.000000E+00,+9.910000E+37,+1.137746E+03,+3.584400E+04
10:41:00,0e0,+3.091606E-02,+2.154500E-07,+9.910000E+37,+1.137975E+03,+3.584400E+04,+3.342113E-02,+2.154500E-07,+9.910000E+37,+1.138041E+03,+3.584400E+04,+3.155410E-02,+2.154500E-07,+9.910000E+37,+1.138108E+03,+3.584400E+04,-6.327048E-03,+0.000000E+00,+9.910000E+37,+1.138174E+03,+3.584400E+04
10:41:00,0e0,+3.610691E-02,+2.404000E-07,+9.910000E+37,+1.138396E+03,+3.584400E+04,+3.515035E-02,+2.404000E-07,+9.910000E+37,+1.138464E+03,+3.584400E+04,+3.446725E-02,+2.404000E-07,+9.910000E+37,+1.138529E+03,+3.584400E+04,-7.010177E-03,+0.000000E+00,+9.910000E+37,+1.138596E+03,+3.584400E+04
10:41:00,0e0,+4.093289E-02,+2.682500E-07,+9.910000E+37,+1.138821E+03,+3.584400E+04,+4.024982E-02,+2.682500E-07,+9.910000E+37,+1.138889E+03,+3.584400E+04,+3.897467E-02,+2.682500E-07,+9.910000E+37,+1.138956E+03,+3.584400E+04,-6.736621E-03,+0.000000E+00,+9.910000E+37,+1.139021E+03,+3.584400E+04
10:41:00,0e0,+4.694292E-02,+2.993500E-07,+9.910000E+37,+1.139247E+03,+3.584400E+04,+4.503033E-02,+2.993500E-07,+9.910000E+37,+1.139313E+03,+3.584400E+04,+4.612315E-02,+2.993500E-07,+9.910000E+37,+1.139380E+03,+3.584400E+04,-6.554604E-03,+0.000000E+00,+9.910000E+37,+1.139446E+03,+3.584400E+04
10:41:00,0e0,+5.158675E-02,+3.340500E-07,+9.910000E+37,+1.139674E+03,+3.584400E+04,+5.131382E-02,+3.340500E-07,+9.910000E+37,+1.139740E+03,+3.584400E+04,+5.049375E-02,+3.340500E-07,+9.910000E+37,+1.139807E+03,+3.584400E+04,-6.964430E-03,+0.000000E+00,+9.910000E+37,+1.139874E+03,+3.584400E+04
10:41:00,0e0,+5.814299E-02,+3.727500E-07,+9.910000E+37,+1.140096E+03,+3.584400E+04,+5.759665E-02,+3.727500E-07,+9.910000E+37,+1.140162E+03,+3.584400E+04,+5.759668E-02,+3.727500E-07,+9.910000E+37,+1.140229E+03,+3.584400E+04,-7.237896E-03,+0.000000E+00,+9.910000E+37,+1.140295E+03,+3.584400E+04
10:41:00,0e0,+6.333360E-02,+4.159500E-07,+9.910000E+37,+1.140521E+03,+3.584400E+04,+6.529132E-02,+4.159500E-07,+9.910000E+37,+1.140587E+03,+3.584400E+04,+6.337902E-02,+4.159500E-07,+9.910000E+37,+1.140654E+03,+3.584400E+04,-6.600365E-03,+0.000000E+00,+9.910000E+37,+1.140721E+03,+3.584400E+04
10:41:00,0e0,+7.175684E-02,+4.641500E-07,+9.910000E+37,+1.140944E+03,+3.584400E+04,+7.171091E-02,+4.641500E-07,+9.910000E+37,+1.141011E+03,+3.584400E+04,+7.139242E-02,+4.641500E-07,+9.910000E+37,+1.141077E+03,+3.584400E+04,-6.099239E-03,+0.000000E+00,+9.910000E+37,+1.141145E+03,+3.584400E+04
10:41:00,0e0,+7.935983E-02,+5.179500E-07,+9.910000E+37,+1.141371E+03,+3.584400E+04,+7.785705E-02,+5.179500E-07,+9.910000E+37,+1.141438E+03,+3.584400E+04,+7.899544E-02,+5.179500E-07,+9.910000E+37,+1.141505E+03,+3.584400E+04,-6.781965E-03,+0.000000E+00,+9.910000E+37,+1.141570E+03,+3.584400E+04
10:41:00,0e0,+8.750993E-02,+5.779500E-07,+9.910000E+37,+1.141793E+03,+3.584400E+04,+8.846593E-02,+5.779500E-07,+9.910000E+37,+1.141859E+03,+3.584400E+04,+8.801067E-02,+5.779500E-07,+9.910000E+37,+1.141926E+03,+3.584400E+04,-6.372496E-03,+0.000000E+00,+9.910000E+37,+1.141993E+03,+3.584400E+04
10:41:00,0e0,+9.802744E-02,+6.449500E-07,+9.910000E+37,+1.142217E+03,+3.584400E+04,+9.625119E-02,+6.449500E-07,+9.910000E+37,+1.142284E+03,+3.584400E+04,+9.698007E-02,+6.449500E-07,+9.910000E+37,+1.142352E+03,+3.584400E+04,-7.328704E-03,+0.000000E+00,+9.910000E+37,+1.142418E+03,+3.584400E+04
10:41:00,0e0,+1.074518E-01,+7.197000E-07,+9.910000E+37,+1.142646E+03,+3.584400E+04,+1.079067E-01,+7.197000E-07,+9.910000E+37,+1.142714E+03,+3.584400E+04,+1.069960E-01,+7.197000E-07,+9.910000E+37,+1.142779E+03,+3.584400E+04,-7.283241E-03,+0.000000E+00,+9.910000E+37,+1.142846E+03,+3.584400E+04
10:41:00,0e0,+1.199724E-01,+8.031000E-07,+9.910000E+37,+1.143067E+03,+3.584400E+04,+1.208835E-01,+8.031000E-07,+9.910000E+37,+1.143134E+03,+3.584400E+04,+1.177864E-01,+8.031000E-07,+9.910000E+37,+1.143200E+03,+3.584400E+04,-7.465497E-03,+0.000000E+00,+9.910000E+37,+1.143267E+03,+3.584400E+04
10:41:00,0e0,+1.320835E-01,+8.961500E-07,+9.910000E+37,+1.143492E+03,+3.584400E+04,+1.321745E-01,+8.961500E-07,+9.910000E+37,+1.143560E+03,+3.584400E+04,+1.309904E-01,+8.961500E-07,+9.910000E+37,+1.143627E+03,+3.584400E+04,-6.645933E-03,+0.000000E+00,+9.910000E+37,+1.143692E+03,+3.584400E+04
10:41:00,0e0,+1.461067E-01,+1.000000E-06,+9.910000E+37,+1.143914E+03,+3.584400E+04,+1.458790E-01,+1.000000E-06,+9.910000E+37,+1.143980E+03,+3.584400E+04,+1.445126E-01,+1.000000E-06,+9.910000E+37,+1.144047E+03,+3.584400E+04,-5.552992E-03,+0.000000E+00,+9.910000E+37,+1.144113E+03,+3.584400E+04
10:41:00,0e0,+1.482466E-01,+1.116000E-06,+9.910000E+37,+1.144337E+03,+3.584400E+04,+1.479739E-01,+1.116000E-06,+9.910000E+37,+1.144404E+03,+3.584400E+04,+1.484287E-01,+1.116000E-06,+9.910000E+37,+1.144470E+03,+3.584400E+04,-6.372407E-03,+0.000000E+00,+9.910000E+37,+1.144536E+03,+3.584400E+04
10:41:00,0e0,+1.635441E-01,+1.245000E-06,+9.910000E+37,+1.144762E+03,+3.584400E+04,+1.629073E-01,+1.245000E-06,+9.910000E+37,+1.144829E+03,+3.584400E+04,+1.638179E-01,+1.245000E-06,+9.910000E+37,+1.144895E+03,+3.584400E+04,-7.055625E-03,+0.000000E+00,+9.910000E+37,+1.144962E+03,+3.584400E+04
10:41:00,0e0,+1.788425E-01,+1.389500E-06,+9.910000E+37,+1.145188E+03,+3.584400E+04,+1.785236E-01,+1.389500E-06,+9.910000E+37,+1.145254E+03,+3.584400E+04,+1.781593E-01,+1.389500E-06,+9.910000E+37,+1.145321E+03,+3.584400E+04,-7.237703E-03,+0.000000E+00,+9.910000E+37,+1.145389E+03,+3.584400E+04
10:41:00,0e0,+1.955515E-01,+1.550500E-06,+9.910000E+37,+1.145612E+03,+3.584400E+04,+1.971460E-01,+1.550500E-06,+9.910000E+37,+1.145679E+03,+3.584400E+04,+1.956881E-01,+1.550500E-06,+9.910000E+37,+1.145745E+03,+3.584400E+04,-5.689368E-03,+0.000000E+00,+9.910000E+37,+1.145812E+03,+3.584400E+04
10:41:00,0e0,+2.162226E-01,+1.730000E-06,+9.910000E+37,+1.146038E+03,+3.584400E+04,+2.128069E-01,+1.730000E-06,+9.910000E+37,+1.146104E+03,+3.584400E+04,+2.143552E-01,+1.730000E-06,+9.910000E+37,+1.146170E+03,+3.584400E+04,-7.374182E-03,+0.000000E+00,+9.910000E+37,+1.146236E+03,+3.584400E+04
10:41:00,0e0,+2.347529E-01,+1.930500E-06,+9.910000E+37,+1.146458E+03,+3.584400E+04,+2.351629E-01,+1.930500E-06,+9.910000E+37,+1.146524E+03,+3.584400E+04,+2.348896E-01,+1.930500E-06,+9.910000E+37,+1.146591E+03,+3.584400E+04,-7.373959E-03,+0.000000E+00,+9.910000E+37,+1.146657E+03,+3.584400E+04
10:41:00,0e0,+2.570626E-01,+2.154500E-06,+9.910000E+37,+1.146881E+03,+3.584400E+04,+2.563793E-01,+2.154500E-06,+9.910000E+37,+1.146947E+03,+3.584400E+04,+2.569711E-01,+2.154500E-06,+9.910000E+37,+1.147015E+03,+3.584400E+04,-7.192373E-03,+0.000000E+00,+9.910000E+37,+1.147082E+03,+3.584400E+04
10:41:00,0e0,+2.806932E-01,+2.404000E-06,+9.910000E+37,+1.147304E+03,+3.584400E+04,+2.795535E-01,+2.404000E-06,+9.910000E+37,+1.147370E+03,+3.584400E+04,+2.810568E-01,+2.404000E-06,+9.910000E+37,+1.147436E+03,+3.584400E+04,-8.649379E-03,+0.000000E+00,+9.910000E+37,+1.147502E+03,+3.584400E+04
10:41:00,0e0,+3.063709E-01,+2.682500E-06,+9.910000E+37,+1.147727E+03,+3.584400E+04,+3.066891E-01,+2.682500E-06,+9.910000E+37,+1.147793E+03,+3.584400E+04,+3.055968E-01,+2.682500E-06,+9.910000E+37,+1.147860E+03,+3.584400E+04,-6.873608E-03,+0.000000E+00,+9.910000E+37,+1.147928E+03,+3.584400E+04
10:41:00,0e0,+3.353273E-01,+2.993500E-06,+9.910000E+37,+1.148148E+03,+3.584400E+04,+3.340533E-01,+2.993500E-06,+9.910000E+37,+1.148216E+03,+3.584400E+04,+3.343274E-01,+2.993500E-06,+9.910000E+37,+1.148283E+03,+3.584400E+04,-6.008282E-03,+0.000000E+00,+9.910000E+37,+1.148349E+03,+3.584400E+04
10:41:00,0e0,+3.646495E-01,+3.340500E-06,+9.910000E+37,+1.148573E+03,+3.584400E+04,+3.649226E-01,+3.340500E-06,+9.910000E+37,+1.148640E+03,+3.584400E+04,+3.642400E-01,+3.340500E-06,+9.910000E+37,+1.148707E+03,+3.584400E+04,-7.101282E-03,+0.000000E+00,+9.910000E+37,+1.148774E+03,+3.584400E+04
10:41:00,0e0,+3.957002E-01,+3.727500E-06,+9.910000E+37,+1.148999E+03,+3.584400E+04,+3.968855E-01,+3.727500E-06,+9.910000E+37,+1.149065E+03,+3.584400E+04,+3.975677E-01,+3.727500E-06,+9.910000E+37,+1.149132E+03,+3.584400E+04,-6.236017E-03,+0.000000E+00,+9.910000E+37,+1.149198E+03,+3.584400E+04
10:41:00,0e0,+4.318058E-01,+4.159500E-06,+9.910000E+37,+1.149423E+03,+3.584400E+04,+4.316701E-01,+4.159500E-06,+9.910000E+37,+1.149489E+03,+3.584400E+04,+4.307122E-01,+4.159500E-06,+9.910000E+37,+1.149557E+03,+3.584400E+04,-7.009879E-03,+0.000000E+00,+9.910000E+37,+1.149622E+03,+3.584400E+04
10:41:00,0e0,+4.699132E-01,+4.641500E-06,+9.910000E+37,+1.149849E+03,+3.584400E+04,+4.687762E-01,+4.641500E-06,+9.910000E+37,+1.149916E+03,+3.584400E+04,+4.697785E-01,+4.641500E-06,+9.910000E+37,+1.149981E+03,+3.584400E+04,-7.237658E-03,+0.000000E+00,+9.910000E+37,+1.150048E+03,+3.584400E+04
10:41:00,0e0,+5.090688E-01,+5.179500E-06,+9.910000E+37,+1.150272E+03,+3.584400E+04,+5.106184E-01,+5.179500E-06,+9.910000E+37,+1.150340E+03,+3.584400E+04,+5.108011E-01,+5.179500E-06,+9.910000E+37,+1.150405E+03,+3.584400E+04,-8.284912E-03,+0.000000E+00,+9.910000E+37,+1.150473E+03,+3.584400E+04
10:41:00,0e0,+5.535518E-01,+5.779500E-06,+9.910000E+37,+1.150693E+03,+3.584400E+04,+5.530055E-01,+5.779500E-06,+9.910000E+37,+1.150761E+03,+3.584400E+04,+5.529601E-01,+5.779500E-06,+9.910000E+37,+1.150826E+03,+3.584400E+04,-5.962446E-03,+0.000000E+00,+9.910000E+37,+1.150893E+03,+3.584400E+04
10:41:00,0e0,+6.014034E-01,+6.449500E-06,+9.910000E+37,+1.151118E+03,+3.584400E+04,+6.004469E-01,+6.449500E-06,+9.910000E+37,+1.151185E+03,+3.584400E+04,+6.005833E-01,+6.449500E-06,+9.910000E+37,+1.151250E+03,+3.584400E+04,-6.964535E-03,+0.000000E+00,+9.910000E+37,+1.151317E+03,+3.584400E+04
10:41:00,0e0,+6.515309E-01,+7.197000E-06,+9.910000E+37,+1.151548E+03,+3.584400E+04,+6.535358E-01,+7.197000E-06,+9.910000E+37,+1.151613E+03,+3.584400E+04,+6.519870E-01,+7.197000E-06,+9.910000E+37,+1.151680E+03,+3.584400E+04,-7.420048E-03,+0.000000E+00,+9.910000E+37,+1.151747E+03,+3.584400E+04
10:41:00,0e0,+7.068047E-01,+8.031000E-06,+9.910000E+37,+1.151969E+03,+3.584400E+04,+7.054852E-01,+8.031000E-06,+9.910000E+37,+1.152035E+03,+3.584400E+04,+7.066683E-01,+8.031000E-06,+9.910000E+37,+1.152103E+03,+3.584400E+04,-5.507290E-03,+0.000000E+00,+9.910000E+37,+1.152168E+03,+3.584400E+04
10:41:00,0e0,+7.623981E-01,+8.961500E-06,+9.910000E+37,+1.152394E+03,+3.584400E+04,+7.632611E-01,+8.961500E-06,+9.910000E+37,+1.152460E+03,+3.584400E+04,+7.626696E-01,+8.961500E-06,+9.910000E+37,+1.152526E+03,+3.584400E+04,-5.462006E-03,+0.000000E+00,+9.910000E+37,+1.152592E+03,+3.584400E+04
10:41:00,0e0,+8.240436E-01,+1.000000E-05,+9.910000E+37,+1.152815E+03,+3.584400E+04,+8.235886E-01,+1.000000E-05,+9.910000E+37,+1.152882E+03,+3.584400E+04,+8.222208E-01,+1.000000E-05,+9.910000E+37,+1.152947E+03,+3.584400E+04,-5.780712E-03,+0.000000E+00,+9.910000E+37,+1.153014E+03,+3.584400E+04
10:41:00,0e0,+8.759933E-01,+1.116000E-05,+9.910000E+37,+1.153233E+03,+3.584400E+04,+8.734870E-01,+1.116000E-05,+9.910000E+37,+1.153301E+03,+3.584400E+04,+8.749461E-01,+1.116000E-05,+9.910000E+37,+1.153366E+03,+3.584400E+04,-5.780175E-03,+0.000000E+00,+9.910000E+37,+1.153434E+03,+3.584400E+04
10:41:00,0e0,+9.393686E-01,+1.245000E-05,+9.910000E+37,+1.153649E+03,+3.584400E+04,+9.405097E-01,+1.245000E-05,+9.910000E+37,+1.153716E+03,+3.584400E+04,+9.405086E-01,+1.245000E-05,+9.910000E+37,+1.153783E+03,+3.584400E+04,-8.330375E-03,+0.000000E+00,+9.910000E+37,+1.153854E+03,+3.584400E+04
10:41:00,0e0,+1.009486E+00,+1.389500E-05,+9.910000E+37,+1.154074E+03,+3.584400E+04,+1.008984E+00,+1.389500E-05,+9.910000E+37,+1.154141E+03,+3.584400E+04,+1.011308E+00,+1.389500E-05,+9.910000E+37,+1.154208E+03,+3.584400E+04,-7.328808E-03,+0.000000E+00,+9.910000E+37,+1.154278E+03,+3.584400E+04
10:41:00,0e0,+1.080966E+00,+1.550500E-05,+9.910000E+37,+1.154503E+03,+3.584400E+04,+1.082197E+00,+1.550500E-05,+9.910000E+37,+1.154568E+03,+3.584400E+04,+1.083976E+00,+1.550500E-05,+9.910000E+37,+1.154636E+03,+3.584400E+04,-8.603841E-03,+0.000000E+00,+9.910000E+37,+1.154703E+03,+3.584400E+04
10:41:00,0e0,+1.157003E+00,+1.730000E-05,+9.910000E+37,+1.154916E+03,+3.584400E+04,+1.157457E+00,+1.730000E-05,+9.910000E+37,+1.154983E+03,+3.584400E+04,+1.157410E+00,+1.730000E-05,+9.910000E+37,+1.155049E+03,+3.584400E+04,-8.375794E-03,+0.000000E+00,+9.910000E+37,+1.155116E+03,+3.584400E+04
10:41:00,0e0,+1.235677E+00,+1.930500E-05,+9.910000E+37,+1.155327E+03,+3.584400E+04,+1.235813E+00,+1.930500E-05,+9.910000E+37,+1.155395E+03,+3.584400E+04,+1.237087E+00,+1.930500E-05,+9.910000E+37,+1.155460E+03,+3.584400E+04,-7.647380E-03,+0.000000E+00,+9.910000E+37,+1.155526E+03,+3.584400E+04
10:41:00,0e0,+1.319045E+00,+2.154500E-05,+9.910000E+37,+1.155743E+03,+3.584400E+04,+1.320410E+00,+2.154500E-05,+9.910000E+37,+1.155810E+03,+3.584400E+04,+1.319498E+00,+2.154500E-05,+9.910000E+37,+1.155876E+03,+3.584400E+04,-6.007865E-03,+0.000000E+00,+9.910000E+37,+1.155943E+03,+3.584400E+04
10:41:00,0e0,+1.404458E+00,+2.404000E-05,+9.910000E+37,+1.156160E+03,+3.584400E+04,+1.403498E+00,+2.404000E-05,+9.910000E+37,+1.156228E+03,+3.584400E+04,+1.405916E+00,+2.404000E-05,+9.910000E+37,+1.156295E+03,+3.584400E+04,-8.148119E-03,+0.000000E+00,+9.910000E+37,+1.156360E+03,+3.584400E+04
10:41:00,0e0,+1.491373E+00,+2.682500E-05,+9.910000E+37,+1.156578E+03,+3.584400E+04,+1.493513E+00,+2.682500E-05,+9.910000E+37,+1.156646E+03,+3.584400E+04,+1.493603E+00,+2.682500E-05,+9.910000E+37,+1.156711E+03,+3.584400E+04,-8.102745E-03,+0.000000E+00,+9.910000E+37,+1.156778E+03,+3.584400E+04
10:41:00,0e0,+1.585576E+00,+2.993500E-05,+9.910000E+37,+1.156991E+03,+3.584400E+04,+1.584482E+00,+2.993500E-05,+9.910000E+37,+1.157059E+03,+3.584400E+04,+1.584710E+00,+2.993500E-05,+9.910000E+37,+1.157124E+03,+3.584400E+04,-7.920340E-03,+0.000000E+00,+9.910000E+37,+1.157197E+03,+3.584400E+04
10:41:00,0e0,+1.678090E+00,+3.340500E-05,+9.910000E+37,+1.157418E+03,+3.584400E+04,+1.678862E+00,+3.340500E-05,+9.910000E+37,+1.157484E+03,+3.584400E+04,+1.680912E+00,+3.340500E-05,+9.910000E+37,+1.157551E+03,+3.584400E+04,-8.466959E-03,+0.000000E+00,+9.910000E+37,+1.157622E+03,+3.584400E+04
10:41:00,0e0,+1.777258E+00,+3.727500E-05,+9.910000E+37,+1.157844E+03,+3.584400E+04,+1.778435E+00,+3.727500E-05,+9.910000E+37,+1.157911E+03,+3.584400E+04,+1.779440E+00,+3.727500E-05,+9.910000E+37,+1.157977E+03,+3.584400E+04,-7.510409E-03,+0.000000E+00,+9.910000E+37,+1.158047E+03,+3.584400E+04
10:41:00,0e0,+1.879061E+00,+4.159500E-05,+9.910000E+37,+1.158271E+03,+3.584400E+04,+1.879513E+00,+4.159500E-05,+9.910000E+37,+1.158338E+03,+3.584400E+04,+1.880425E+00,+4.159500E-05,+9.910000E+37,+1.158403E+03,+3.584400E+04,-7.556513E-03,+0.000000E+00,+9.910000E+37,+1.158472E+03,+3.584400E+04
10:41:00,0e0,+1.982863E+00,+4.641500E-05,+9.910000E+37,+1.158689E+03,+3.584400E+04,+1.983864E+00,+4.641500E-05,+9.910000E+37,+1.158756E+03,+3.584400E+04,+1.986782E+00,+4.641500E-05,+9.910000E+37,+1.158822E+03,+3.584400E+04,-7.601917E-03,+0.000000E+00,+9.910000E+37,+1.158893E+03,+3.584400E+04
10:41:00,0e0,+2.093508E+00,+5.179500E-05,+9.910000E+37,+1.159117E+03,+3.584400E+04,+2.095008E+00,+5.179500E-05,+9.910000E+37,+1.159183E+03,+3.584400E+04,+2.094686E+00,+5.179500E-05,+9.910000E+37,+1.159250E+03,+3.584400E+04,-7.784158E-03,+0.000000E+00,+9.910000E+37,+1.159319E+03,+3.584400E+04
10:41:00,0e0,+2.207106E+00,+5.779500E-05,+9.910000E+37,+1.159532E+03,+3.584400E+04,+2.206367E+00,+5.779500E-05,+9.910000E+37,+1.159599E+03,+3.584400E+04,+2.207741E+00,+5.779500E-05,+9.910000E+37,+1.159665E+03,+3.584400E+04,-7.874802E-03,+0.000000E+00,+9.910000E+37,+1.159732E+03,+3.584400E+04
10:41:00,0e0,+2.325072E+00,+6.449500E-05,+9.910000E+37,+1.159942E+03,+3.584400E+04,+2.324068E+00,+6.449500E-05,+9.910000E+37,+1.160009E+03,+3.584400E+04,+2.325206E+00,+6.449500E-05,+9.910000E+37,+1.160075E+03,+3.584400E+04,-6.600305E-03,+0.000000E+00,+9.910000E+37,+1.160143E+03,+3.584400E+04
10:41:00,0e0,+2.445954E+00,+7.197000E-05,+9.910000E+37,+1.160358E+03,+3.584400E+04,+2.445764E+00,+7.197000E-05,+9.910000E+37,+1.160425E+03,+3.584400E+04,+2.445672E+00,+7.197000E-05,+9.910000E+37,+1.160491E+03,+3.584400E+04,-7.328689E-03,+0.000000E+00,+9.910000E+37,+1.160558E+03,+3.584400E+04
10:41:00,0e0,+2.569559E+00,+8.031000E-05,+9.910000E+37,+1.160774E+03,+3.584400E+04,+2.572025E+00,+8.031000E-05,+9.910000E+37,+1.160841E+03,+3.584400E+04,+2.573338E+00,+8.031000E-05,+9.910000E+37,+1.160908E+03,+3.584400E+04,-8.421808E-03,+0.000000E+00,+9.910000E+37,+1.160975E+03,+3.584400E+04
10:41:00,0e0,+2.701735E+00,+8.961500E-05,+9.910000E+37,+1.161191E+03,+3.584400E+04,+2.703513E+00,+8.961500E-05,+9.910000E+37,+1.161257E+03,+3.584400E+04,+2.703287E+00,+8.961500E-05,+9.910000E+37,+1.161323E+03,+3.584400E+04,-7.374123E-03,+0.000000E+00,+9.910000E+37,+1.161393E+03,+3.584400E+04
10:41:00,0e0,+2.836553E+00,+1.000000E-04,+9.910000E+37,+1.161613E+03,+3.584400E+04,+2.838365E+00,+1.000000E-04,+9.910000E+37,+1.161679E+03,+3.584400E+04,+2.837681E+00,+1.000000E-04,+9.910000E+37,+1.161745E+03,+3.584400E+04,-8.649260E-03,+0.000000E+00,+9.910000E+37,+1.161816E+03,+3.584400E+04
10:41:00,0e0,+2.963481E+00,+1.116000E-04,+9.910000E+37,+1.162039E+03,+3.584400E+04,+2.967177E+00,+1.116000E-04,+9.910000E+37,+1.162104E+03,+3.584400E+04,+2.967995E+00,+1.116000E-04,+9.910000E+37,+1.162172E+03,+3.584400E+04,-1.552452E-02,+0.000000E+00,+9.910000E+37,+1.162237E+03,+3.584400E+04
10:41:00,0e0,+3.107861E+00,+1.245000E-04,+9.910000E+37,+1.162463E+03,+3.584400E+04,+3.107763E+00,+1.245000E-04,+9.910000E+37,+1.162528E+03,+3.584400E+04,+3.109901E+00,+1.245000E-04,+9.910000E+37,+1.162595E+03,+3.584400E+04,-1.456763E-02,+0.000000E+00,+9.910000E+37,+1.162662E+03,+3.584400E+04
10:41:00,0e0,+3.256418E+00,+1.389500E-04,+9.910000E+37,+1.162881E+03,+3.584400E+04,+3.258791E+00,+1.389500E-04,+9.910000E+37,+1.162948E+03,+3.584400E+04,+3.259699E+00,+1.389500E-04,+9.910000E+37,+1.163014E+03,+3.584400E+04,-1.452248E-02,+0.000000E+00,+9.910000E+37,+1.163081E+03,+3.584400E+04
10:41:00,0e0,+3.410033E+00,+1.550500E-04,+9.910000E+37,+1.163309E+03,+3.584400E+04,+3.413407E+00,+1.550500E-04,+9.910000E+37,+1.163374E+03,+3.584400E+04,+3.412406E+00,+1.550500E-04,+9.910000E+37,+1.163441E+03,+3.584400E+04,-1.429474E-02,+0.000000E+00,+9.910000E+37,+1.163507E+03,+3.584400E+04
10:41:00,0e0,+3.568389E+00,+1.730000E-04,+9.910000E+37,+1.163733E+03,+3.584400E+04,+3.571351E+00,+1.730000E-04,+9.910000E+37,+1.163800E+03,+3.584400E+04,+3.572490E+00,+1.730000E-04,+9.910000E+37,+1.163866E+03,+3.584400E+04,-1.420368E-02,+0.000000E+00,+9.910000E+37,+1.163933E+03,+3.584400E+04
10:41:00,0e0,+3.731297E+00,+1.930500E-04,+9.910000E+37,+1.164154E+03,+3.584400E+04,+3.733536E+00,+1.930500E-04,+9.910000E+37,+1.164220E+03,+3.584400E+04,+3.733348E+00,+1.930500E-04,+9.910000E+37,+1.164287E+03,+3.584400E+04,-1.588894E-02,+0.000000E+00,+9.910000E+37,+1.164353E+03,+3.584400E+04
10:41:00,0e0,+3.897209E+00,+2.154500E-04,+9.910000E+37,+1.164580E+03,+3.584400E+04,+3.900708E+00,+2.154500E-04,+9.910000E+37,+1.164647E+03,+3.584400E+04,+3.900439E+00,+2.154500E-04,+9.910000E+37,+1.164713E+03,+3.584400E+04,-1.370296E-02,+0.000000E+00,+9.910000E+37,+1.164780E+03,+3.584400E+04
10:41:00,0e0,+4.067122E+00,+2.404000E-04,+9.910000E+37,+1.165005E+03,+3.584400E+04,+4.068578E+00,+2.404000E-04,+9.910000E+37,+1.165072E+03,+3.584400E+04,+4.069989E+00,+2.404000E-04,+9.910000E+37,+1.165140E+03,+3.584400E+04,-1.379392E-02,+0.000000E+00,+9.910000E+37,+1.165205E+03,+3.584400E+04
10:41:00,0e0,+4.236764E+00,+2.682500E-04,+9.910000E+37,+1.165427E+03,+3.584400E+04,+4.240327E+00,+2.682500E-04,+9.910000E+37,+1.165492E+03,+3.584400E+04,+4.240823E+00,+2.682500E-04,+9.910000E+37,+1.165560E+03,+3.584400E+04,-1.506889E-02,+0.000000E+00,+9.910000E+37,+1.165625E+03,+3.584400E+04
10:41:00,0e0,+4.408503E+00,+2.993500E-04,+9.910000E+37,+1.165854E+03,+3.584400E+04,+4.411147E+00,+2.993500E-04,+9.910000E+37,+1.165920E+03,+3.584400E+04,+4.412374E+00,+2.993500E-04,+9.910000E+37,+1.165987E+03,+3.584400E+04,-1.493229E-02,+0.000000E+00,+9.910000E+37,+1.166053E+03,+3.584400E+04
10:41:00,0e0,+4.580742E+00,+3.340500E-04,+9.910000E+37,+1.166277E+03,+3.584400E+04,+4.582654E+00,+3.340500E-04,+9.910000E+37,+1.166345E+03,+3.584400E+04,+4.583752E+00,+3.340500E-04,+9.910000E+37,+1.166410E+03,+3.584400E+04,-1.447701E-02,+0.000000E+00,+9.910000E+37,+1.166478E+03,+3.584400E+04
10:41:00,0e0,+4.748883E+00,+3.727500E-04,+9.910000E+37,+1.166697E+03,+3.584400E+04,+4.750792E+00,+3.727500E-04,+9.910000E+37,+1.166763E+03,+3.584400E+04,+4.752437E+00,+3.727500E-04,+9.910000E+37,+1.166830E+03,+3.584400E+04,-1.543358E-02,+0.000000E+00,+9.910000E+37,+1.166896E+03,+3.584400E+04
10:41:00,0e0,+4.911555E+00,+4.159500E-04,+9.910000E+37,+1.167124E+03,+3.584400E+04,+4.913370E+00,+4.159500E-04,+9.910000E+37,+1.167191E+03,+3.584400E+04,+4.915345E+00,+4.159500E-04,+9.910000E+37,+1.167258E+03,+3.584400E+04,-1.260987E-02,+0.000000E+00,+9.910000E+37,+1.167324E+03,+3.584400E+04
10:41:00,0e0,+5.069011E+00,+4.641500E-04,+9.910000E+37,+1.167550E+03,+3.584400E+04,+5.070908E+00,+4.641500E-04,+9.910000E+37,+1.167617E+03,+3.584400E+04,+5.070643E+00,+4.641500E-04,+9.910000E+37,+1.167684E+03,+3.584400E+04,-1.538768E-02,+0.000000E+00,+9.910000E+37,+1.167751E+03,+3.584400E+04
10:41:00,0e0,+5.213380E+00,+5.179500E-04,+9.910000E+37,+1.167977E+03,+3.584400E+04,+5.216305E+00,+5.179500E-04,+9.910000E+37,+1.168042E+03,+3.584400E+04,+5.216110E+00,+5.179500E-04,+9.910000E+37,+1.168109E+03,+3.584400E+04,-1.465878E-02,+0.000000E+00,+9.910000E+37,+1.168175E+03,+3.584400E+04
10:41:00,0e0,+5.348193E+00,+5.779500E-04,+9.910000E+37,+1.168397E+03,+3.584400E+04,+5.351697E+00,+5.779500E-04,+9.910000E+37,+1.168463E+03,+3.584400E+04,+5.350053E+00,+5.779500E-04,+9.910000E+37,+1.168530E+03,+3.584400E+04,-1.679949E-02,+0.000000E+00,+9.910000E+37,+1.168596E+03,+3.584400E+04
10:41:00,0e0,+5.471766E+00,+6.449500E-04,+9.910000E+37,+1.168822E+03,+3.584400E+04,+5.472896E+00,+6.449500E-04,+9.910000E+37,+1.168890E+03,+3.584400E+04,+5.470750E+00,+6.449500E-04,+9.910000E+37,+1.168955E+03,+3.584400E+04,-1.516010E-02,+0.000000E+00,+9.910000E+37,+1.169021E+03,+3.584400E+04
10:41:00,0e0,+5.583476E+00,+7.197000E-04,+9.910000E+37,+1.169243E+03,+3.584400E+04,+5.585673E+00,+7.197000E-04,+9.910000E+37,+1.169310E+03,+3.584400E+04,+5.583754E+00,+7.197000E-04,+9.910000E+37,+1.169377E+03,+3.584400E+04,-1.311113E-02,+0.000000E+00,+9.910000E+37,+1.169442E+03,+3.584400E+04
10:41:00,0e0,+5.688844E+00,+8.031000E-04,+9.910000E+37,+1.169664E+03,+3.584400E+04,+5.690569E+00,+8.031000E-04,+9.910000E+37,+1.169730E+03,+3.584400E+04,+5.690444E+00,+8.031000E-04,+9.910000E+37,+1.169798E+03,+3.584400E+04,-1.465920E-02,+0.000000E+00,+9.910000E+37,+1.169863E+03,+3.584400E+04
10:41:00,0e0,+5.790283E+00,+8.961500E-04,+9.910000E+37,+1.170086E+03,+3.584400E+04,+5.791699E+00,+8.961500E-04,+9.910000E+37,+1.170151E+03,+3.584400E+04,+5.789549E+00,+8.961500E-04,+9.910000E+37,+1.170218E+03,+3.584400E+04,-1.306517E-02,+0.000000E+00,+9.910000E+37,+1.170283E+03,+3.584400E+04
10:41:00,0e0,+5.885066E+00,+1.000000E-03,+9.910000E+37,+1.170508E+03,+3.584400E+04,+5.887250E+00,+1.000000E-03,+9.910000E+37,+1.170573E+03,+3.584400E+04,+5.886308E+00,+1.000000E-03,+9.910000E+37,+1.170641E+03,+3.584400E+04,-1.538777E-02,+0.000000E+00,+9.910000E+37,+1.170706E+03,+3.584400E+04
10:41:00,0e0,+5.967393E+00,+1.116000E-03,+9.910000E+37,+1.170930E+03,+3.584400E+04,+5.968662E+00,+1.116000E-03,+9.910000E+37,+1.170995E+03,+3.584400E+04,+5.966792E+00,+1.116000E-03,+9.910000E+37,+1.171062E+03,+3.584400E+04,-1.644063E-01,+0.000000E+00,+9.910000E+37,+1.171129E+03,+3.584400E+04
10:41:00,0e0,+6.057869E+00,+1.245000E-03,+9.910000E+37,+1.171354E+03,+3.584400E+04,+6.060098E+00,+1.245000E-03,+9.910000E+37,+1.171420E+03,+3.584400E+04,+6.058270E+00,+1.245000E-03,+9.910000E+37,+1.171487E+03,+3.584400E+04,-1.659543E-01,+0.000000E+00,+9.910000E+37,+1.171553E+03,+3.584400E+04
10:41:00,0e0,+6.145458E+00,+1.389500E-03,+9.910000E+37,+1.171779E+03,+3.584400E+04,+6.148222E+00,+1.389500E-03,+9.910000E+37,+1.171845E+03,+3.584400E+04,+6.147280E+00,+1.389500E-03,+9.910000E+37,+1.171912E+03,+3.584400E+04,-1.704162E-01,+0.000000E+00,+9.910000E+37,+1.171978E+03,+3.584400E+04
10:41:00,0e0,+6.232232E+00,+1.550500E-03,+9.910000E+37,+1.172204E+03,+3.584400E+04,+6.235299E+00,+1.550500E-03,+9.910000E+37,+1.172271E+03,+3.584400E+04,+6.234424E+00,+1.550500E-03,+9.910000E+37,+1.172338E+03,+3.584400E+04,-1.709625E-01,+0.000000E+00,+9.910000E+37,+1.172403E+03,+3.584400E+04
10:41:00,0e0,+6.318738E+00,+1.730000E-03,+9.910000E+37,+1.172629E+03,+3.584400E+04,+6.320615E+00,+1.730000E-03,+9.910000E+37,+1.172695E+03,+3.584400E+04,+6.321021E+00,+1.730000E-03,+9.910000E+37,+1.172762E+03,+3.584400E+04,-1.664551E-01,+0.000000E+00,+9.910000E+37,+1.172829E+03,+3.584400E+04
10:41:00,0e0,+6.403196E+00,+1.930500E-03,+9.910000E+37,+1.173051E+03,+3.584400E+04,+6.406705E+00,+1.930500E-03,+9.910000E+37,+1.173116E+03,+3.584400E+04,+6.406345E+00,+1.930500E-03,+9.910000E+37,+1.173184E+03,+3.584400E+04,-1.670015E-01,+0.000000E+00,+9.910000E+37,+1.173249E+03,+3.584400E+04
10:41:00,0e0,+6.489305E+00,+2.154500E-03,+9.910000E+37,+1.173469E+03,+3.584400E+04,+6.490336E+00,+2.154500E-03,+9.910000E+37,+1.173534E+03,+3.584400E+04,+6.488843E+00,+2.154500E-03,+9.910000E+37,+1.173601E+03,+3.584400E+04,-1.651348E-01,+0.000000E+00,+9.910000E+37,+1.173666E+03,+3.584400E+04
10:41:00,0e0,+6.571389E+00,+2.404000E-03,+9.910000E+37,+1.173888E+03,+3.584400E+04,+6.574946E+00,+2.404000E-03,+9.910000E+37,+1.173954E+03,+3.584400E+04,+6.573807E+00,+2.404000E-03,+9.910000E+37,+1.174021E+03,+3.584400E+04,-1.631770E-01,+0.000000E+00,+9.910000E+37,+1.174087E+03,+3.584400E+04
10:41:00,0e0,+6.657081E+00,+2.682500E-03,+9.910000E+37,+1.174313E+03,+3.584400E+04,+6.660171E+00,+2.682500E-03,+9.910000E+37,+1.174381E+03,+3.584400E+04,+6.658253E+00,+2.682500E-03,+9.910000E+37,+1.174448E+03,+3.584400E+04,-1.599445E-01,+0.000000E+00,+9.910000E+37,+1.174514E+03,+3.584400E+04
10:41:00,0e0,+6.746137E+00,+2.993500E-03,+9.910000E+37,+1.174736E+03,+3.584400E+04,+6.747175E+00,+2.993500E-03,+9.910000E+37,+1.174802E+03,+3.584400E+04,+6.747967E+00,+2.993500E-03,+9.910000E+37,+1.174868E+03,+3.584400E+04,-1.629494E-01,+0.000000E+00,+9.910000E+37,+1.174935E+03,+3.584400E+04
10:41:00,0e0,+6.839600E+00,+3.340500E-03,+9.910000E+37,+1.175161E+03,+3.584400E+04,+6.842756E+00,+3.340500E-03,+9.910000E+37,+1.175228E+03,+3.584400E+04,+6.842657E+00,+3.340500E-03,+9.910000E+37,+1.175294E+03,+3.584400E+04,-1.570760E-01,+0.000000E+00,+9.910000E+37,+1.175361E+03,+3.584400E+04
10:41:00,0e0,+6.939451E+00,+3.727500E-03,+9.910000E+37,+1.175586E+03,+3.584400E+04,+6.941313E+00,+3.727500E-03,+9.910000E+37,+1.175653E+03,+3.584400E+04,+6.941456E+00,+3.727500E-03,+9.910000E+37,+1.175721E+03,+3.584400E+04,-1.500643E-01,+0.000000E+00,+9.910000E+37,+1.175786E+03,+3.584400E+04
10:41:00,0e0,+7.045129E+00,+4.159500E-03,+9.910000E+37,+1.176012E+03,+3.584400E+04,+7.048501E+00,+4.159500E-03,+9.910000E+37,+1.176078E+03,+3.584400E+04,+7.045840E+00,+4.159500E-03,+9.910000E+37,+1.176146E+03,+3.584400E+04,-1.543443E-01,+0.000000E+00,+9.910000E+37,+1.176211E+03,+3.584400E+04
10:41:00,0e0,+7.156569E+00,+4.641500E-03,+9.910000E+37,+1.176433E+03,+3.584400E+04,+7.160326E+00,+4.641500E-03,+9.910000E+37,+1.176499E+03,+3.584400E+04,+7.158358E+00,+4.641500E-03,+9.910000E+37,+1.176565E+03,+3.584400E+04,-1.479700E-01,+0.000000E+00,+9.910000E+37,+1.176633E+03,+3.584400E+04
10:41:00,0e0,+7.276416E+00,+5.179500E-03,+9.910000E+37,+1.176854E+03,+3.584400E+04,+7.276269E+00,+5.179500E-03,+9.910000E+37,+1.176921E+03,+3.584400E+04,+7.276200E+00,+5.179500E-03,+9.910000E+37,+1.176988E+03,+3.584400E+04,-1.440090E-01,+0.000000E+00,+9.910000E+37,+1.177054E+03,+3.584400E+04
10:41:00,0e0,+7.401441E+00,+5.779500E-03,+9.910000E+37,+1.177276E+03,+3.584400E+04,+7.401169E+00,+5.779500E-03,+9.910000E+37,+1.177342E+03,+3.584400E+04,+7.399883E+00,+5.779500E-03,+9.910000E+37,+1.177408E+03,+3.584400E+04,-1.404121E-01,+0.000000E+00,+9.910000E+37,+1.177475E+03,+3.584400E+04
10:41:00,0e0,+7.532731E+00,+6.449500E-03,+9.910000E+37,+1.177700E+03,+3.584400E+04,+7.532516E+00,+6.449500E-03,+9.910000E+37,+1.177766E+03,+3.584400E+04,+7.530335E+00,+6.449500E-03,+9.910000E+37,+1.177833E+03,+3.584400E+04,-1.385454E-01,+0.000000E+00,+9.910000E+37,+1.177898E+03,+3.584400E+04
10:41:00,0e0,+7.671010E+00,+7.197000E-03,+9.910000E+37,+1.178120E+03,+3.584400E+04,+7.671703E+00,+7.197000E-03,+9.910000E+37,+1.178187E+03,+3.584400E+04,+7.667561E+00,+7.197000E-03,+9.910000E+37,+1.178253E+03,+3.584400E+04,-1.319891E-01,+0.000000E+00,+9.910000E+37,+1.178319E+03,+3.584400E+04
10:41:00,0e0,+7.817493E+00,+8.031000E-03,+9.910000E+37,+1.178545E+03,+3.584400E+04,+7.816303E+00,+8.031000E-03,+9.910000E+37,+1.178612E+03,+3.584400E+04,+7.811171E+00,+8.031000E-03,+9.910000E+37,+1.178679E+03,+3.584400E+04,-1.342201E-01,+0.000000E+00,+9.910000E+37,+1.178746E+03,+3.584400E+04
10:41:00,0e0,+7.969726E+00,+8.961500E-03,+9.910000E+37,+1.178967E+03,+3.584400E+04,+7.967839E+00,+8.961500E-03,+9.910000E+37,+1.179033E+03,+3.584400E+04,+7.960674E+00,+8.961500E-03,+9.910000E+37,+1.179100E+03,+3.584400E+04,-1.236117E-01,+0.000000E+00,+9.910000E+37,+1.179165E+03,+3.584400E+04
