10:35:40,0e0,+7.472947E-03,+1.000000E-07,+9.910000E+37,+8.224746E+02,+3.584400E+04,+8.246943E-03,+1.000000E-07,+9.910000E+37,+8.225410E+02,+3.584400E+04,+8.383349E-03,+1.000000E-07,+9.910000E+37,+8.226084E+02,+3.584400E+04,-8.417189E-03,+0.000000E+00,+9.910000E+37,+8.226748E+02,+3.584400E+04
10:35:40,0e0,+9.749264E-03,+1.116000E-07,+9.910000E+37,+8.228975E+02,+3.584400E+04,+1.047784E-02,+1.116000E-07,+9.910000E+37,+8.229639E+02,+3.584400E+04,+9.931624E-03,+1.116000E-07,+9.910000E+37,+8.230313E+02,+3.584400E+04,-9.373337E-03,+0.000000E+00,+9.910000E+37,+8.230986E+02,+3.584400E+04
10:35:40,0e0,+1.311871E-02,+1.245000E-07,+9.910000E+37,+8.233223E+02,+3.584400E+04,+1.047765E-02,+1.245000E-07,+9.910000E+37,+8.233887E+02,+3.584400E+04,+1.248115E-02,+1.245000E-07,+9.910000E+37,+8.234551E+02,+3.584400E+04,-8.280814E-03,+0.000000E+00,+9.910000E+37,+8.235225E+02,+3.584400E+04
10:35:40,0e0,+1.462112E-02,+1.389500E-07,+9.910000E+37,+8.237480E+02,+3.584400E+04,+1.475774E-02,+1.389500E-07,+9.910000E+37,+8.238145E+02,+3.584400E+04,+1.412083E-02,+1.389500E-07,+9.910000E+37,+8.238809E+02,+3.584400E+04,-9.236813E-03,+0.000000E+00,+9.910000E+37,+8.239473E+02,+3.584400E+04
10:35:40,0e0,+1.767157E-02,+1.550500E-07,+9.910000E+37,+8.241729E+02,+3.584400E+04,+1.794523E-02,+1.550500E-07,+9.910000E+37,+8.242393E+02,+3.584400E+04,+1.739864E-02,+1.550500E-07,+9.910000E+37,+8.243057E+02,+3.584400E+04,-9.418726E-03,+0.000000E+00,+9.910000E+37,+8.243721E+02,+3.584400E+04
10:35:40,0e0,+2.022170E-02,+1.730000E-07,+9.910000E+37,+8.245947E+02,+3.584400E+04,+2.117784E-02,+1.730000E-07,+9.910000E+37,+8.246611E+02,+3.584400E+04,+2.013026E-02,+1.730000E-07,+9.910000E+37,+8.247275E+02,+3.584400E+04,-9.191409E-03,+0.000000E+00,+9.910000E+37,+8.247939E+02,+3.584400E+04
10:35:40,0e0,+2.418244E-02,+1.930500E-07,+9.910000E+37,+8.250195E+02,+3.584400E+04,+2.404599E-02,+1.930500E-07,+9.910000E+37,+8.250859E+02,+3.584400E+04,+2.390948E-02,+1.930500E-07,+9.910000E+37,+8.251523E+02,+3.584400E+04,-9.464025E-03,+0.000000E+00,+9.910000E+37,+8.252197E+02,+3.584400E+04
10:35:40,0e0,+2.864459E-02,+2.154500E-07,+9.910000E+37,+8.254443E+02,+3.584400E+04,+2.595831E-02,+2.154500E-07,+9.910000E+37,+8.255107E+02,+3.584400E+04,+2.714233E-02,+2.154500E-07,+9.910000E+37,+8.255771E+02,+3.584400E+04,-9.874254E-03,+0.000000E+00,+9.910000E+37,+8.256436E+02,+3.584400E+04
10:35:40,0e0,+3.178626E-02,+2.404000E-07,+9.910000E+37,+8.258672E+02,+3.584400E+04,+3.133121E-02,+2.404000E-07,+9.910000E+37,+8.259336E+02,+3.584400E+04,+3.096658E-02,+2.404000E-07,+9.910000E+37,+8.260000E+02,+3.584400E+04,-1.028448E-02,+0.000000E+00,+9.910000E+37,+8.260664E+02,+3.584400E+04
10:35:40,0e0,+3.561065E-02,+2.682500E-07,+9.910000E+37,+8.262930E+02,+3.584400E+04,+3.624803E-02,+2.682500E-07,+9.910000E+37,+8.263604E+02,+3.584400E+04,+3.579286E-02,+2.682500E-07,+9.910000E+37,+8.264277E+02,+3.584400E+04,-9.692222E-03,+0.000000E+00,+9.910000E+37,+8.264941E+02,+3.584400E+04
10:35:40,0e0,+4.080111E-02,+2.993500E-07,+9.910000E+37,+8.267168E+02,+3.584400E+04,+4.020953E-02,+2.993500E-07,+9.910000E+37,+8.267832E+02,+3.584400E+04,+4.080138E-02,+2.993500E-07,+9.910000E+37,+8.268496E+02,+3.584400E+04,-8.371964E-03,+0.000000E+00,+9.910000E+37,+8.269160E+02,+3.584400E+04
10:35:40,0e0,+4.631028E-02,+3.340500E-07,+9.910000E+37,+8.271426E+02,+3.584400E+04,+4.603767E-02,+3.340500E-07,+9.910000E+37,+8.272100E+02,+3.584400E+04,+4.549074E-02,+3.340500E-07,+9.910000E+37,+8.272773E+02,+3.584400E+04,-9.191409E-03,+0.000000E+00,+9.910000E+37,+8.273428E+02,+3.584400E+04
10:35:40,0e0,+5.241138E-02,+3.727500E-07,+9.910000E+37,+8.275674E+02,+3.584400E+04,+5.172828E-02,+3.727500E-07,+9.910000E+37,+8.276338E+02,+3.584400E+04,+5.291277E-02,+3.727500E-07,+9.910000E+37,+8.277002E+02,+3.584400E+04,-9.464175E-03,+0.000000E+00,+9.910000E+37,+8.277676E+02,+3.584400E+04
10:35:40,0e0,+5.887678E-02,+4.159500E-07,+9.910000E+37,+8.279922E+02,+3.584400E+04,+5.869484E-02,+4.159500E-07,+9.910000E+37,+8.280596E+02,+3.584400E+04,+5.823970E-02,+4.159500E-07,+9.910000E+37,+8.281260E+02,+3.584400E+04,-9.054855E-03,+0.000000E+00,+9.910000E+37,+8.281924E+02,+3.584400E+04
10:35:40,0e0,+6.534216E-02,+4.641500E-07,+9.910000E+37,+8.284170E+02,+3.584400E+04,+6.629854E-02,+4.641500E-07,+9.910000E+37,+8.284844E+02,+3.584400E+04,+6.611618E-02,+4.641500E-07,+9.910000E+37,+8.285508E+02,+3.584400E+04,-1.010194E-02,+0.000000E+00,+9.910000E+37,+8.286182E+02,+3.584400E+04
10:35:40,0e0,+7.403851E-02,+5.179500E-07,+9.910000E+37,+8.288428E+02,+3.584400E+04,+7.344636E-02,+5.179500E-07,+9.910000E+37,+8.289102E+02,+3.584400E+04,+7.463050E-02,+5.179500E-07,+9.910000E+37,+8.289766E+02,+3.584400E+04,-9.145603E-03,+0.000000E+00,+9.910000E+37,+8.290420E+02,+3.584400E+04
10:35:40,0e0,+8.387327E-02,+5.779500E-07,+9.910000E+37,+8.292676E+02,+3.584400E+04,+8.191493E-02,+5.779500E-07,+9.910000E+37,+8.293340E+02,+3.584400E+04,+8.250755E-02,+5.779500E-07,+9.910000E+37,+8.294014E+02,+3.584400E+04,-9.419143E-03,+0.000000E+00,+9.910000E+37,+8.294668E+02,+3.584400E+04
10:35:40,0e0,+9.361678E-02,+6.449500E-07,+9.910000E+37,+8.296904E+02,+3.584400E+04,+9.197775E-02,+6.449500E-07,+9.910000E+37,+8.297559E+02,+3.584400E+04,+9.279755E-02,+6.449500E-07,+9.910000E+37,+8.298223E+02,+3.584400E+04,-1.114959E-02,+0.000000E+00,+9.910000E+37,+8.298887E+02,+3.584400E+04
10:35:40,0e0,+1.027220E-01,+7.197000E-07,+9.910000E+37,+8.301152E+02,+3.584400E+04,+1.037700E-01,+7.197000E-07,+9.910000E+37,+8.301826E+02,+3.584400E+04,+1.028138E-01,+7.197000E-07,+9.910000E+37,+8.302480E+02,+3.584400E+04,-9.555444E-03,+0.000000E+00,+9.910000E+37,+8.303145E+02,+3.584400E+04
10:35:40,0e0,+1.157447E-01,+8.031000E-07,+9.910000E+37,+8.305391E+02,+3.584400E+04,+1.150162E-01,+8.031000E-07,+9.910000E+37,+8.306064E+02,+3.584400E+04,+1.154255E-01,+8.031000E-07,+9.910000E+37,+8.306719E+02,+3.584400E+04,-1.037496E-02,+0.000000E+00,+9.910000E+37,+8.307393E+02,+3.584400E+04
10:35:40,0e0,+1.275368E-01,+8.961500E-07,+9.910000E+37,+8.309678E+02,+3.584400E+04,+1.284022E-01,+8.961500E-07,+9.910000E+37,+8.310342E+02,+3.584400E+04,+1.270812E-01,+8.961500E-07,+9.910000E+37,+8.311006E+02,+3.584400E+04,-9.555355E-03,+0.000000E+00,+9.910000E+37,+8.311680E+02,+3.584400E+04
10:35:40,0e0,+1.414691E-01,+1.000000E-06,+9.910000E+37,+8.313877E+02,+3.584400E+04,+1.437457E-01,+1.000000E-06,+9.910000E+37,+8.314541E+02,+3.584400E+04,+1.419245E-01,+1.000000E-06,+9.910000E+37,+8.315215E+02,+3.584400E+04,-8.781657E-03,+0.000000E+00,+9.910000E+37,+8.315879E+02,+3.584400E+04
10:35:40,0e0,+1.459770E-01,+1.116000E-06,+9.910000E+37,+8.318105E+02,+3.584400E+04,+1.457498E-01,+1.116000E-06,+9.910000E+37,+8.318770E+02,+3.584400E+04,+1.455673E-01,+1.116000E-06,+9.910000E+37,+8.319424E+02,+3.584400E+04,-1.005642E-02,+0.000000E+00,+9.910000E+37,+8.320088E+02,+3.584400E+04
10:35:40,0e0,+1.613662E-01,+1.245000E-06,+9.910000E+37,+8.322324E+02,+3.584400E+04,+1.607747E-01,+1.245000E-06,+9.910000E+37,+8.322998E+02,+3.584400E+04,+1.619582E-01,+1.245000E-06,+9.910000E+37,+8.323652E+02,+3.584400E+04,-9.328008E-03,+0.000000E+00,+9.910000E+37,+8.324316E+02,+3.584400E+04
10:35:40,0e0,+1.791686E-01,+1.389500E-06,+9.910000E+37,+8.326523E+02,+3.584400E+04,+1.779846E-01,+1.389500E-06,+9.910000E+37,+8.327187E+02,+3.584400E+04,+1.789866E-01,+1.389500E-06,+9.910000E+37,+8.327861E+02,+3.584400E+04,-9.965554E-03,+0.000000E+00,+9.910000E+37,+8.328535E+02,+3.584400E+04
10:35:40,0e0,+1.969253E-01,+1.550500E-06,+9.910000E+37,+8.330791E+02,+3.584400E+04,+1.967888E-01,+1.550500E-06,+9.910000E+37,+8.331455E+02,+3.584400E+04,+1.974263E-01,+1.550500E-06,+9.910000E+37,+8.332129E+02,+3.584400E+04,-8.599699E-03,+0.000000E+00,+9.910000E+37,+8.332803E+02,+3.584400E+04
10:35:40,0e0,+2.184622E-01,+1.730000E-06,+9.910000E+37,+8.335000E+02,+3.584400E+04,+2.179150E-01,+1.730000E-06,+9.910000E+37,+8.335664E+02,+3.584400E+04,+2.170956E-01,+1.730000E-06,+9.910000E+37,+8.336338E+02,+3.584400E+04,-9.555697E-03,+0.000000E+00,+9.910000E+37,+8.336992E+02,+3.584400E+04
10:35:40,0e0,+2.398608E-01,+1.930500E-06,+9.910000E+37,+8.339238E+02,+3.584400E+04,+2.408621E-01,+1.930500E-06,+9.910000E+37,+8.339902E+02,+3.584400E+04,+2.387216E-01,+1.930500E-06,+9.910000E+37,+8.340566E+02,+3.584400E+04,-9.555727E-03,+0.000000E+00,+9.910000E+37,+8.341240E+02,+3.584400E+04
10:35:40,0e0,+2.642650E-01,+2.154500E-06,+9.910000E+37,+8.343447E+02,+3.584400E+04,+2.655855E-01,+2.154500E-06,+9.910000E+37,+8.344111E+02,+3.584400E+04,+2.647668E-01,+2.154500E-06,+9.910000E+37,+8.344785E+02,+3.584400E+04,-1.055740E-02,+0.000000E+00,+9.910000E+37,+8.345459E+02,+3.584400E+04
10:35:40,0e0,+2.926763E-01,+2.404000E-06,+9.910000E+37,+8.347705E+02,+3.584400E+04,+2.915382E-01,+2.404000E-06,+9.910000E+37,+8.348369E+02,+3.584400E+04,+2.917665E-01,+2.404000E-06,+9.910000E+37,+8.349043E+02,+3.584400E+04,-9.783283E-03,+0.000000E+00,+9.910000E+37,+8.349717E+02,+3.584400E+04
10:35:40,0e0,+3.215438E-01,+2.682500E-06,+9.910000E+37,+8.351963E+02,+3.584400E+04,+3.215883E-01,+2.682500E-06,+9.910000E+37,+8.352637E+02,+3.584400E+04,+3.216795E-01,+2.682500E-06,+9.910000E+37,+8.353291E+02,+3.584400E+04,-1.069443E-02,+0.000000E+00,+9.910000E+37,+8.353955E+02,+3.584400E+04
10:35:40,0e0,+3.545521E-01,+2.993500E-06,+9.910000E+37,+8.356221E+02,+3.584400E+04,+3.544166E-01,+2.993500E-06,+9.910000E+37,+8.356885E+02,+3.584400E+04,+3.545532E-01,+2.993500E-06,+9.910000E+37,+8.357549E+02,+3.584400E+04,-1.069376E-02,+0.000000E+00,+9.910000E+37,+8.358213E+02,+3.584400E+04
10:35:40,0e0,+3.900202E-01,+3.340500E-06,+9.910000E+37,+8.360449E+02,+3.584400E+04,+3.892918E-01,+3.340500E-06,+9.910000E+37,+8.361113E+02,+3.584400E+04,+3.896109E-01,+3.340500E-06,+9.910000E+37,+8.361777E+02,+3.584400E+04,-1.042064E-02,+0.000000E+00,+9.910000E+37,+8.362441E+02,+3.584400E+04
10:35:40,0e0,+4.288582E-01,+3.727500E-06,+9.910000E+37,+8.364697E+02,+3.584400E+04,+4.315898E-01,+3.727500E-06,+9.910000E+37,+8.365361E+02,+3.584400E+04,+4.302698E-01,+3.727500E-06,+9.910000E+37,+8.366035E+02,+3.584400E+04,-9.783447E-03,+0.000000E+00,+9.910000E+37,+8.366709E+02,+3.584400E+04
10:35:40,0e0,+4.722940E-01,+4.159500E-06,+9.910000E+37,+8.368975E+02,+3.584400E+04,+4.727042E-01,+4.159500E-06,+9.910000E+37,+8.369639E+02,+3.584400E+04,+4.748900E-01,+4.159500E-06,+9.910000E+37,+8.370313E+02,+3.584400E+04,-1.060258E-02,+0.000000E+00,+9.910000E+37,+8.370967E+02,+3.584400E+04
10:35:40,0e0,+5.202833E-01,+4.641500E-06,+9.910000E+37,+8.373223E+02,+3.584400E+04,+5.204198E-01,+4.641500E-06,+9.910000E+37,+8.373887E+02,+3.584400E+04,+5.207840E-01,+4.641500E-06,+9.910000E+37,+8.374561E+02,+3.584400E+04,-9.237081E-03,+0.000000E+00,+9.910000E+37,+8.375215E+02,+3.584400E+04
10:35:40,0e0,+5.720974E-01,+5.179500E-06,+9.910000E+37,+8.377461E+02,+3.584400E+04,+5.722339E-01,+5.179500E-06,+9.910000E+37,+8.378125E+02,+3.584400E+04,+5.717340E-01,+5.179500E-06,+9.910000E+37,+8.378799E+02,+3.584400E+04,-1.051193E-02,+0.000000E+00,+9.910000E+37,+8.379473E+02,+3.584400E+04
10:35:40,0e0,+6.290560E-01,+5.779500E-06,+9.910000E+37,+8.381719E+02,+3.584400E+04,+6.295113E-01,+5.779500E-06,+9.910000E+37,+8.382393E+02,+3.584400E+04,+6.298301E-01,+5.779500E-06,+9.910000E+37,+8.383047E+02,+3.584400E+04,-1.014762E-02,+0.000000E+00,+9.910000E+37,+8.383711E+02,+3.584400E+04
10:35:40,0e0,+6.921614E-01,+6.449500E-06,+9.910000E+37,+8.385957E+02,+3.584400E+04,+6.936188E-01,+6.449500E-06,+9.910000E+37,+8.386611E+02,+3.584400E+04,+6.926166E-01,+6.449500E-06,+9.910000E+37,+8.387275E+02,+3.584400E+04,-9.464160E-03,+0.000000E+00,+9.910000E+37,+8.387939E+02,+3.584400E+04
10:35:40,0e0,+7.598663E-01,+7.197000E-06,+9.910000E+37,+8.390195E+02,+3.584400E+04,+7.605022E-01,+7.197000E-06,+9.910000E+37,+8.390869E+02,+3.584400E+04,+7.611393E-01,+7.197000E-06,+9.910000E+37,+8.391523E+02,+3.584400E+04,-1.046611E-02,+0.000000E+00,+9.910000E+37,+8.392188E+02,+3.584400E+04
10:35:40,0e0,+8.338988E-01,+8.031000E-06,+9.910000E+37,+8.394453E+02,+3.584400E+04,+8.333509E-01,+8.031000E-06,+9.910000E+37,+8.395117E+02,+3.584400E+04,+8.354453E-01,+8.031000E-06,+9.910000E+37,+8.395791E+02,+3.584400E+04,-1.023850E-02,+0.000000E+00,+9.910000E+37,+8.396445E+02,+3.584400E+04
10:35:40,0e0,+9.132111E-01,+8.961500E-06,+9.910000E+37,+8.398701E+02,+3.584400E+04,+9.140323E-01,+8.961500E-06,+9.910000E+37,+8.399365E+02,+3.584400E+04,+9.137127E-01,+8.961500E-06,+9.910000E+37,+8.400039E+02,+3.584400E+04,-1.165062E-02,+0.000000E+00,+9.910000E+37,+8.400713E+02,+3.584400E+04
10:35:40,0e0,+9.996735E-01,+1.000000E-05,+9.910000E+37,+8.402930E+02,+3.584400E+04,+1.000268E+00,+1.000000E-05,+9.910000E+37,+8.403594E+02,+3.584400E+04,+1.000402E+00,+1.000000E-05,+9.910000E+37,+8.404268E+02,+3.584400E+04,-1.042067E-02,+0.000000E+00,+9.910000E+37,+8.404922E+02,+3.584400E+04
10:35:40,0e0,+1.080218E+00,+1.116000E-05,+9.910000E+37,+8.407129E+02,+3.584400E+04,+1.081083E+00,+1.116000E-05,+9.910000E+37,+8.407783E+02,+3.584400E+04,+1.079307E+00,+1.116000E-05,+9.910000E+37,+8.408457E+02,+3.584400E+04,-1.005675E-02,+0.000000E+00,+9.910000E+37,+8.409111E+02,+3.584400E+04
10:35:40,0e0,+1.175742E+00,+1.245000E-05,+9.910000E+37,+8.411299E+02,+3.584400E+04,+1.178336E+00,+1.245000E-05,+9.910000E+37,+8.411973E+02,+3.584400E+04,+1.177835E+00,+1.245000E-05,+9.910000E+37,+8.412627E+02,+3.584400E+04,-1.092139E-02,+0.000000E+00,+9.910000E+37,+8.413320E+02,+3.584400E+04
10:35:40,0e0,+1.278413E+00,+1.389500E-05,+9.910000E+37,+8.415498E+02,+3.584400E+04,+1.279598E+00,+1.389500E-05,+9.910000E+37,+8.416152E+02,+3.584400E+04,+1.280871E+00,+1.389500E-05,+9.910000E+37,+8.416826E+02,+3.584400E+04,-1.096733E-02,+0.000000E+00,+9.910000E+37,+8.417539E+02,+3.584400E+04
10:35:40,0e0,+1.388641E+00,+1.550500E-05,+9.910000E+37,+8.419766E+02,+3.584400E+04,+1.388050E+00,+1.550500E-05,+9.910000E+37,+8.420439E+02,+3.584400E+04,+1.388597E+00,+1.550500E-05,+9.910000E+37,+8.421094E+02,+3.584400E+04,-1.142253E-02,+0.000000E+00,+9.910000E+37,+8.421768E+02,+3.584400E+04
10:35:40,0e0,+1.499872E+00,+1.730000E-05,+9.910000E+37,+8.423945E+02,+3.584400E+04,+1.500830E+00,+1.730000E-05,+9.910000E+37,+8.424619E+02,+3.584400E+04,+1.501466E+00,+1.730000E-05,+9.910000E+37,+8.425273E+02,+3.584400E+04,-1.055750E-02,+0.000000E+00,+9.910000E+37,+8.425986E+02,+3.584400E+04
10:35:40,0e0,+1.616976E+00,+1.930500E-05,+9.910000E+37,+8.428203E+02,+3.584400E+04,+1.620530E+00,+1.930500E-05,+9.910000E+37,+8.428867E+02,+3.584400E+04,+1.620073E+00,+1.930500E-05,+9.910000E+37,+8.429541E+02,+3.584400E+04,-1.101291E-02,+0.000000E+00,+9.910000E+37,+8.430244E+02,+3.584400E+04
10:35:40,0e0,+1.741503E+00,+2.154500E-05,+9.910000E+37,+8.432490E+02,+3.584400E+04,+1.743462E+00,+2.154500E-05,+9.910000E+37,+8.433145E+02,+3.584400E+04,+1.743094E+00,+2.154500E-05,+9.910000E+37,+8.433809E+02,+3.584400E+04,-1.128611E-02,+0.000000E+00,+9.910000E+37,+8.434502E+02,+3.584400E+04
10:35:40,0e0,+1.870447E+00,+2.404000E-05,+9.910000E+37,+8.436709E+02,+3.584400E+04,+1.872176E+00,+2.404000E-05,+9.910000E+37,+8.437383E+02,+3.584400E+04,+1.871675E+00,+2.404000E-05,+9.910000E+37,+8.438037E+02,+3.584400E+04,-9.328261E-03,+0.000000E+00,+9.910000E+37,+8.438730E+02,+3.584400E+04
10:35:40,0e0,+2.001849E+00,+2.682500E-05,+9.910000E+37,+8.440918E+02,+3.584400E+04,+2.003398E+00,+2.682500E-05,+9.910000E+37,+8.441592E+02,+3.584400E+04,+2.002807E+00,+2.682500E-05,+9.910000E+37,+8.442246E+02,+3.584400E+04,-1.073968E-02,+0.000000E+00,+9.910000E+37,+8.442959E+02,+3.584400E+04
10:35:40,0e0,+2.138666E+00,+2.993500E-05,+9.910000E+37,+8.445176E+02,+3.584400E+04,+2.139894E+00,+2.993500E-05,+9.910000E+37,+8.445840E+02,+3.584400E+04,+2.140443E+00,+2.993500E-05,+9.910000E+37,+8.446514E+02,+3.584400E+04,-1.046647E-02,+0.000000E+00,+9.910000E+37,+8.447227E+02,+3.584400E+04
10:35:40,0e0,+2.279218E+00,+3.340500E-05,+9.910000E+37,+8.449443E+02,+3.584400E+04,+2.280498E+00,+3.340500E-05,+9.910000E+37,+8.450117E+02,+3.584400E+04,+2.281767E+00,+3.340500E-05,+9.910000E+37,+8.450771E+02,+3.584400E+04,-1.233375E-02,+0.000000E+00,+9.910000E+37,+8.451494E+02,+3.584400E+04
10:35:40,0e0,+2.423868E+00,+3.727500E-05,+9.910000E+37,+8.453701E+02,+3.584400E+04,+2.426377E+00,+3.727500E-05,+9.910000E+37,+8.454375E+02,+3.584400E+04,+2.426644E+00,+3.727500E-05,+9.910000E+37,+8.455029E+02,+3.584400E+04,-1.023877E-02,+0.000000E+00,+9.910000E+37,+8.455742E+02,+3.584400E+04
10:35:40,0e0,+2.573210E+00,+4.159500E-05,+9.910000E+37,+8.457949E+02,+3.584400E+04,+2.577168E+00,+4.159500E-05,+9.910000E+37,+8.458613E+02,+3.584400E+04,+2.576218E+00,+4.159500E-05,+9.910000E+37,+8.459287E+02,+3.584400E+04,-1.042093E-02,+0.000000E+00,+9.910000E+37,+8.459961E+02,+3.584400E+04
10:35:40,0e0,+2.727789E+00,+4.641500E-05,+9.910000E+37,+8.462168E+02,+3.584400E+04,+2.730740E+00,+4.641500E-05,+9.910000E+37,+8.462822E+02,+3.584400E+04,+2.730244E+00,+4.641500E-05,+9.910000E+37,+8.463486E+02,+3.584400E+04,-1.055758E-02,+0.000000E+00,+9.910000E+37,+8.464189E+02,+3.584400E+04
10:35:40,0e0,+2.888649E+00,+5.179500E-05,+9.910000E+37,+8.466416E+02,+3.584400E+04,+2.891923E+00,+5.179500E-05,+9.910000E+37,+8.467090E+02,+3.584400E+04,+2.891381E+00,+5.179500E-05,+9.910000E+37,+8.467744E+02,+3.584400E+04,-1.042101E-02,+0.000000E+00,+9.910000E+37,+8.468457E+02,+3.584400E+04
10:35:40,0e0,+3.053647E+00,+5.779500E-05,+9.910000E+37,+8.470664E+02,+3.584400E+04,+3.056198E+00,+5.779500E-05,+9.910000E+37,+8.471318E+02,+3.584400E+04,+3.054414E+00,+5.779500E-05,+9.910000E+37,+8.471992E+02,+3.584400E+04,-1.151387E-02,+0.000000E+00,+9.910000E+37,+8.472695E+02,+3.584400E+04
10:35:40,0e0,+3.225304E+00,+6.449500E-05,+9.910000E+37,+8.474912E+02,+3.584400E+04,+3.227254E+00,+6.449500E-05,+9.910000E+37,+8.475576E+02,+3.584400E+04,+3.227207E+00,+6.449500E-05,+9.910000E+37,+8.476250E+02,+3.584400E+04,-1.028398E-02,+0.000000E+00,+9.910000E+37,+8.476953E+02,+3.584400E+04
10:35:40,0e0,+3.401643E+00,+7.197000E-05,+9.910000E+37,+8.479180E+02,+3.584400E+04,+3.404549E+00,+7.197000E-05,+9.910000E+37,+8.479844E+02,+3.584400E+04,+3.405102E+00,+7.197000E-05,+9.910000E+37,+8.480508E+02,+3.584400E+04,-9.692505E-03,+0.000000E+00,+9.910000E+37,+8.481230E+02,+3.584400E+04
10:35:40,0e0,+3.584805E+00,+8.031000E-05,+9.910000E+37,+8.483428E+02,+3.584400E+04,+3.589492E+00,+8.031000E-05,+9.910000E+37,+8.484102E+02,+3.584400E+04,+3.588405E+00,+8.031000E-05,+9.910000E+37,+8.484756E+02,+3.584400E+04,-1.160480E-02,+0.000000E+00,+9.910000E+37,+8.485479E+02,+3.584400E+04
10:35:40,0e0,+3.775632E+00,+8.961500E-05,+9.910000E+37,+8.487695E+02,+3.584400E+04,+3.779085E+00,+8.961500E-05,+9.910000E+37,+8.488369E+02,+3.584400E+04,+3.780770E+00,+8.961500E-05,+9.910000E+37,+8.489033E+02,+3.584400E+04,-9.783641E-03,+0.000000E+00,+9.910000E+37,+8.489736E+02,+3.584400E+04
10:35:40,0e0,+3.974456E+00,+1.000000E-04,+9.910000E+37,+8.491904E+02,+3.584400E+04,+3.978326E+00,+1.000000E-04,+9.910000E+37,+8.492559E+02,+3.584400E+04,+3.977822E+00,+1.000000E-04,+9.910000E+37,+8.493232E+02,+3.584400E+04,-1.137716E-02,+0.000000E+00,+9.910000E+37,+8.493945E+02,+3.584400E+04
10:35:40,0e0,+4.169690E+00,+1.116000E-04,+9.910000E+37,+8.496182E+02,+3.584400E+04,+4.172605E+00,+1.116000E-04,+9.910000E+37,+8.496846E+02,+3.584400E+04,+4.172925E+00,+1.116000E-04,+9.910000E+37,+8.497510E+02,+3.584400E+04,-1.706806E-02,+0.000000E+00,+9.910000E+37,+8.498203E+02,+3.584400E+04
10:35:40,0e0,+4.383730E+00,+1.245000E-04,+9.910000E+37,+8.500488E+02,+3.584400E+04,+4.385322E+00,+1.245000E-04,+9.910000E+37,+8.501162E+02,+3.584400E+04,+4.386735E+00,+1.245000E-04,+9.910000E+37,+8.501816E+02,+3.584400E+04,-1.711398E-02,+0.000000E+00,+9.910000E+37,+8.502490E+02,+3.584400E+04
10:35:40,0e0,+4.604817E+00,+1.389500E-04,+9.910000E+37,+8.504697E+02,+3.584400E+04,+4.608515E+00,+1.389500E-04,+9.910000E+37,+8.505352E+02,+3.584400E+04,+4.609969E+00,+1.389500E-04,+9.910000E+37,+8.506025E+02,+3.584400E+04,-1.720503E-02,+0.000000E+00,+9.910000E+37,+8.506680E+02,+3.584400E+04
10:35:40,0e0,+4.838032E+00,+1.550500E-04,+9.910000E+37,+8.508945E+02,+3.584400E+04,+4.841722E+00,+1.550500E-04,+9.910000E+37,+8.509600E+02,+3.584400E+04,+4.841182E+00,+1.550500E-04,+9.910000E+37,+8.510273E+02,+3.584400E+04,-1.802474E-02,+0.000000E+00,+9.910000E+37,+8.510928E+02,+3.584400E+04
10:35:40,0e0,+5.077968E+00,+1.730000E-04,+9.910000E+37,+8.513193E+02,+3.584400E+04,+5.082167E+00,+1.730000E-04,+9.910000E+37,+8.513867E+02,+3.584400E+04,+5.083487E+00,+1.730000E-04,+9.910000E+37,+8.514521E+02,+3.584400E+04,-1.802456E-02,+0.000000E+00,+9.910000E+37,+8.515195E+02,+3.584400E+04
10:35:40,0e0,+5.329940E+00,+1.930500E-04,+9.910000E+37,+8.517461E+02,+3.584400E+04,+5.333631E+00,+1.930500E-04,+9.910000E+37,+8.518115E+02,+3.584400E+04,+5.334818E+00,+1.930500E-04,+9.910000E+37,+8.518789E+02,+3.584400E+04,-1.661320E-02,+0.000000E+00,+9.910000E+37,+8.519443E+02,+3.584400E+04
10:35:40,0e0,+5.593162E+00,+2.154500E-04,+9.910000E+37,+8.521641E+02,+3.584400E+04,+5.595796E+00,+2.154500E-04,+9.910000E+37,+8.522363E+02,+3.584400E+04,+5.595933E+00,+2.154500E-04,+9.910000E+37,+8.523027E+02,+3.584400E+04,-1.784247E-02,+0.000000E+00,+9.910000E+37,+8.523691E+02,+3.584400E+04
10:35:40,0e0,+5.862286E+00,+2.404000E-04,+9.910000E+37,+8.525898E+02,+3.584400E+04,+5.866292E+00,+2.404000E-04,+9.910000E+37,+8.526553E+02,+3.584400E+04,+5.866932E+00,+2.404000E-04,+9.910000E+37,+8.527227E+02,+3.584400E+04,-1.747830E-02,+0.000000E+00,+9.910000E+37,+8.527881E+02,+3.584400E+04
10:35:40,0e0,+6.143168E+00,+2.682500E-04,+9.910000E+37,+8.530068E+02,+3.584400E+04,+6.145755E+00,+2.682500E-04,+9.910000E+37,+8.530742E+02,+3.584400E+04,+6.146670E+00,+2.682500E-04,+9.910000E+37,+8.531396E+02,+3.584400E+04,-1.738723E-02,+0.000000E+00,+9.910000E+37,+8.532070E+02,+3.584400E+04
10:35:40,0e0,+6.431601E+00,+2.993500E-04,+9.910000E+37,+8.534307E+02,+3.584400E+04,+6.435384E+00,+2.993500E-04,+9.910000E+37,+8.534971E+02,+3.584400E+04,+6.435092E+00,+2.993500E-04,+9.910000E+37,+8.535645E+02,+3.584400E+04,-1.738723E-02,+0.000000E+00,+9.910000E+37,+8.536299E+02,+3.584400E+04
10:35:40,0e0,+6.730465E+00,+3.340500E-04,+9.910000E+37,+8.538535E+02,+3.584400E+04,+6.733149E+00,+3.340500E-04,+9.910000E+37,+8.539209E+02,+3.584400E+04,+6.732416E+00,+3.340500E-04,+9.910000E+37,+8.539863E+02,+3.584400E+04,-1.747833E-02,+0.000000E+00,+9.910000E+37,+8.540537E+02,+3.584400E+04
10:35:40,0e0,+7.031593E+00,+3.727500E-04,+9.910000E+37,+8.542783E+02,+3.584400E+04,+7.036425E+00,+3.727500E-04,+9.910000E+37,+8.543447E+02,+3.584400E+04,+7.037519E+00,+3.727500E-04,+9.910000E+37,+8.544111E+02,+3.584400E+04,-1.766033E-02,+0.000000E+00,+9.910000E+37,+8.544775E+02,+3.584400E+04
10:35:40,0e0,+7.341759E+00,+4.159500E-04,+9.910000E+37,+8.547041E+02,+3.584400E+04,+7.344944E+00,+4.159500E-04,+9.910000E+37,+8.547715E+02,+3.584400E+04,+7.344711E+00,+4.159500E-04,+9.910000E+37,+8.548369E+02,+3.584400E+04,-1.715958E-02,+0.000000E+00,+9.910000E+37,+8.549043E+02,+3.584400E+04
10:35:40,0e0,+7.652602E+00,+4.641500E-04,+9.910000E+37,+8.551289E+02,+3.584400E+04,+7.656416E+00,+4.641500E-04,+9.910000E+37,+8.551943E+02,+3.584400E+04,+7.655121E+00,+4.641500E-04,+9.910000E+37,+8.552617E+02,+3.584400E+04,-1.834337E-02,+0.000000E+00,+9.910000E+37,+8.553281E+02,+3.584400E+04
10:35:40,0e0,+7.962466E+00,+5.179500E-04,+9.910000E+37,+8.555498E+02,+3.584400E+04,+7.966083E+00,+5.179500E-04,+9.910000E+37,+8.556172E+02,+3.584400E+04,+7.965758E+00,+5.179500E-04,+9.910000E+37,+8.556846E+02,+3.584400E+04,-1.793362E-02,+0.000000E+00,+9.910000E+37,+8.557500E+02,+3.584400E+04
10:35:40,0e0,+8.267078E+00,+5.779500E-04,+9.910000E+37,+8.559746E+02,+3.584400E+04,+8.270118E+00,+5.779500E-04,+9.910000E+37,+8.560410E+02,+3.584400E+04,+8.270847E+00,+5.779500E-04,+9.910000E+37,+8.561074E+02,+3.584400E+04,-1.807025E-02,+0.000000E+00,+9.910000E+37,+8.561748E+02,+3.584400E+04
10:35:40,0e0,+8.562930E+00,+6.449500E-04,+9.910000E+37,+8.563984E+02,+3.584400E+04,+8.564790E+00,+6.449500E-04,+9.910000E+37,+8.564648E+02,+3.584400E+04,+8.562699E+00,+6.449500E-04,+9.910000E+37,+8.565313E+02,+3.584400E+04,-1.697744E-02,+0.000000E+00,+9.910000E+37,+8.565977E+02,+3.584400E+04
10:35:40,0e0,+8.836392E+00,+7.197000E-04,+9.910000E+37,+8.568232E+02,+3.584400E+04,+8.839124E+00,+7.197000E-04,+9.910000E+37,+8.568896E+02,+3.584400E+04,+8.836699E+00,+7.197000E-04,+9.910000E+37,+8.569561E+02,+3.584400E+04,-1.825245E-02,+0.000000E+00,+9.910000E+37,+8.570225E+02,+3.584400E+04
10:35:40,0e0,+9.081742E+00,+8.031000E-04,+9.910000E+37,+8.572471E+02,+3.584400E+04,+9.083338E+00,+8.031000E-04,+9.910000E+37,+8.573145E+02,+3.584400E+04,+9.081655E+00,+8.031000E-04,+9.910000E+37,+8.573818E+02,+3.584400E+04,-1.615803E-02,+0.000000E+00,+9.910000E+37,+8.574473E+02,+3.584400E+04
10:35:40,0e0,+9.307310E+00,+8.961500E-04,+9.910000E+37,+8.576719E+02,+3.584400E+04,+9.308166E+00,+8.961500E-04,+9.910000E+37,+8.577383E+02,+3.584400E+04,+9.303749E+00,+8.961500E-04,+9.910000E+37,+8.578047E+02,+3.584400E+04,-1.779711E-02,+0.000000E+00,+9.910000E+37,+8.578711E+02,+3.584400E+04
10:35:40,0e0,+9.516478E+00,+1.000000E-03,+9.910000E+37,+8.580918E+02,+3.584400E+04,+9.516116E+00,+1.000000E-03,+9.910000E+37,+8.581582E+02,+3.584400E+04,+9.511780E+00,+1.000000E-03,+9.910000E+37,+8.582256E+02,+3.584400E+04,-1.734176E-02,+0.000000E+00,+9.910000E+37,+8.582910E+02,+3.584400E+04
10:35:40,0e0,+9.696632E+00,+1.116000E-03,+9.910000E+37,+8.585146E+02,+3.584400E+04,+9.694236E+00,+1.116000E-03,+9.910000E+37,+8.585811E+02,+3.584400E+04,+9.691756E+00,+1.116000E-03,+9.910000E+37,+8.586475E+02,+3.584400E+04,-1.475135E-01,+0.000000E+00,+9.910000E+37,+8.587139E+02,+3.584400E+04
10:35:40,0e0,+9.874207E+00,+1.245000E-03,+9.910000E+37,+8.589375E+02,+3.584400E+04,+9.872107E+00,+1.245000E-03,+9.910000E+37,+8.590049E+02,+3.584400E+04,+9.866735E+00,+1.245000E-03,+9.910000E+37,+8.590713E+02,+3.584400E+04,-1.442354E-01,+0.000000E+00,+9.910000E+37,+8.591367E+02,+3.584400E+04
10:35:40,0e0,+1.003925E+01,+1.389500E-03,+9.910000E+37,+8.593613E+02,+3.584400E+04,+1.003784E+01,+1.389500E-03,+9.910000E+37,+8.594287E+02,+3.584400E+04,+1.003174E+01,+1.389500E-03,+9.910000E+37,+8.594941E+02,+3.584400E+04,-1.475590E-01,+0.000000E+00,+9.910000E+37,+8.595605E+02,+3.584400E+04
10:35:40,0e0,+1.019578E+01,+1.550500E-03,+9.910000E+37,+8.597812E+02,+3.584400E+04,+1.019573E+01,+1.550500E-03,+9.910000E+37,+8.598477E+02,+3.584400E+04,+1.018791E+01,+1.550500E-03,+9.910000E+37,+8.599150E+02,+3.584400E+04,-1.468761E-01,+0.000000E+00,+9.910000E+37,+8.599824E+02,+3.584400E+04
10:35:40,0e0,+1.034553E+01,+1.730000E-03,+9.910000E+37,+8.602031E+02,+3.584400E+04,+1.034457E+01,+1.730000E-03,+9.910000E+37,+8.602705E+02,+3.584400E+04,+1.033688E+01,+1.730000E-03,+9.910000E+37,+8.603359E+02,+3.584400E+04,-1.439166E-01,+0.000000E+00,+9.910000E+37,+8.604023E+02,+3.584400E+04
10:35:40,0e0,+1.049127E+01,+1.930500E-03,+9.910000E+37,+8.606260E+02,+3.584400E+04,+1.048781E+01,+1.930500E-03,+9.910000E+37,+8.606924E+02,+3.584400E+04,+1.048208E+01,+1.930500E-03,+9.910000E+37,+8.607588E+02,+3.584400E+04,-1.408660E-01,+0.000000E+00,+9.910000E+37,+8.608252E+02,+3.584400E+04
10:35:40,0e0,+1.063500E+01,+2.154500E-03,+9.910000E+37,+8.610459E+02,+3.584400E+04,+1.063129E+01,+2.154500E-03,+9.910000E+37,+8.611123E+02,+3.584400E+04,+1.062572E+01,+2.154500E-03,+9.910000E+37,+8.611787E+02,+3.584400E+04,-1.405018E-01,+0.000000E+00,+9.910000E+37,+8.612461E+02,+3.584400E+04
10:35:40,0e0,+1.077798E+01,+2.404000E-03,+9.910000E+37,+8.614717E+02,+3.584400E+04,+1.077662E+01,+2.404000E-03,+9.910000E+37,+8.615381E+02,+3.584400E+04,+1.076920E+01,+2.404000E-03,+9.910000E+37,+8.616035E+02,+3.584400E+04,-1.368138E-01,+0.000000E+00,+9.910000E+37,+8.616699E+02,+3.584400E+04
10:35:40,0e0,+1.092440E+01,+2.682500E-03,+9.910000E+37,+8.618896E+02,+3.584400E+04,+1.092085E+01,+2.682500E-03,+9.910000E+37,+8.619570E+02,+3.584400E+04,+1.091370E+01,+2.682500E-03,+9.910000E+37,+8.620225E+02,+3.584400E+04,-1.331714E-01,+0.000000E+00,+9.910000E+37,+8.620898E+02,+3.584400E+04
10:35:40,0e0,+1.107270E+01,+2.993500E-03,+9.910000E+37,+8.623105E+02,+3.584400E+04,+1.106873E+01,+2.993500E-03,+9.910000E+37,+8.623770E+02,+3.584400E+04,+1.106139E+01,+2.993500E-03,+9.910000E+37,+8.624434E+02,+3.584400E+04,-1.299842E-01,+0.000000E+00,+9.910000E+37,+8.625098E+02,+3.584400E+04
10:35:40,0e0,+1.122281E+01,+3.340500E-03,+9.910000E+37,+8.627344E+02,+3.584400E+04,+1.121895E+01,+3.340500E-03,+9.910000E+37,+8.628008E+02,+3.584400E+04,+1.121289E+01,+3.340500E-03,+9.910000E+37,+8.628682E+02,+3.584400E+04,-1.327161E-01,+0.000000E+00,+9.910000E+37,+8.629355E+02,+3.584400E+04
10:35:40,0e0,+1.137674E+01,+3.727500E-03,+9.910000E+37,+8.631592E+02,+3.584400E+04,+1.137128E+01,+3.727500E-03,+9.910000E+37,+8.632256E+02,+3.584400E+04,+1.136323E+01,+3.727500E-03,+9.910000E+37,+8.632920E+02,+3.584400E+04,-1.262052E-01,+0.000000E+00,+9.910000E+37,+8.633584E+02,+3.584400E+04
10:35:40,0e0,+1.153187E+01,+4.159500E-03,+9.910000E+37,+8.635801E+02,+3.584400E+04,+1.152810E+01,+4.159500E-03,+9.910000E+37,+8.636465E+02,+3.584400E+04,+1.151953E+01,+4.159500E-03,+9.910000E+37,+8.637129E+02,+3.584400E+04,-1.277077E-01,+0.000000E+00,+9.910000E+37,+8.637793E+02,+3.584400E+04
10:35:40,0e0,+1.169025E+01,+4.641500E-03,+9.910000E+37,+8.640029E+02,+3.584400E+04,+1.168500E+01,+4.641500E-03,+9.910000E+37,+8.640693E+02,+3.584400E+04,+1.167666E+01,+4.641500E-03,+9.910000E+37,+8.641357E+02,+3.584400E+04,-1.247027E-01,+0.000000E+00,+9.910000E+37,+8.642021E+02,+3.584400E+04
10:35:40,0e0,+1.185496E+01,+5.179500E-03,+9.910000E+37,+8.644258E+02,+3.584400E+04,+1.184553E+01,+5.179500E-03,+9.910000E+37,+8.644922E+02,+3.584400E+04,+1.183611E+01,+5.179500E-03,+9.910000E+37,+8.645586E+02,+3.584400E+04,-1.171446E-01,+0.000000E+00,+9.910000E+37,+8.646250E+02,+3.584400E+04
10:35:40,0e0,+1.201855E+01,+5.779500E-03,+9.910000E+37,+8.648506E+02,+3.584400E+04,+1.201159E+01,+5.779500E-03,+9.910000E+37,+8.649170E+02,+3.584400E+04,+1.199960E+01,+5.779500E-03,+9.910000E+37,+8.649834E+02,+3.584400E+04,-1.140031E-01,+0.000000E+00,+9.910000E+37,+8.650498E+02,+3.584400E+04
10:35:40,0e0,+1.218808E+01,+6.449500E-03,+9.910000E+37,+8.652754E+02,+3.584400E+04,+1.217835E+01,+6.449500E-03,+9.910000E+37,+8.653418E+02,+3.584400E+04,+1.216660E+01,+6.449500E-03,+9.910000E+37,+8.654092E+02,+3.584400E+04,-1.132290E-01,+0.000000E+00,+9.910000E+37,+8.654766E+02,+3.584400E+04
10:35:40,0e0,+1.236089E+01,+7.197000E-03,+9.910000E+37,+8.657002E+02,+3.584400E+04,+1.235046E+01,+7.197000E-03,+9.910000E+37,+8.657666E+02,+3.584400E+04,+1.233830E+01,+7.197000E-03,+9.910000E+37,+8.658330E+02,+3.584400E+04,-1.074012E-01,+0.000000E+00,+9.910000E+37,+8.658994E+02,+3.584400E+04
10:35:40,0e0,+1.253563E+01,+8.031000E-03,+9.910000E+37,+8.661250E+02,+3.584400E+04,+1.252196E+01,+8.031000E-03,+9.910000E+37,+8.661904E+02,+3.584400E+04,+1.250795E+01,+8.031000E-03,+9.910000E+37,+8.662568E+02,+3.584400E+04,-1.071737E-01,+0.000000E+00,+9.910000E+37,+8.663232E+02,+3.584400E+04
10:35:40,0e0,+1.271653E+01,+8.961500E-03,+9.910000E+37,+8.665449E+02,+3.584400E+04,+1.270050E+01,+8.961500E-03,+9.910000E+37,+8.666113E+02,+3.584400E+04,+1.268343E+01,+8.961500E-03,+9.910000E+37,+8.666768E+02,+3.584400E+04,-9.902360E-02,+0.000000E+00,+9.910000E+37,+8.667432E+02,+3.584400E+04
