11:34:38,0e0,+7.746309E-03,+1.000000E-07,+9.910000E+37,+1.068784E+03,+3.584400E+04,+7.427678E-03,+1.000000E-07,+9.910000E+37,+1.068852E+03,+3.584400E+04,+8.019507E-03,+1.000000E-07,+9.910000E+37,+1.068917E+03,+3.584400E+04,-1.037478E-02,+0.000000E+00,+9.910000E+37,+1.068984E+03,+3.584400E+04
11:34:38,0e0,+1.052399E-02,+1.116000E-07,+9.910000E+37,+1.069207E+03,+3.584400E+04,+1.102449E-02,+1.116000E-07,+9.910000E+37,+1.069273E+03,+3.584400E+04,+9.658605E-03,+1.116000E-07,+9.910000E+37,+1.069340E+03,+3.584400E+04,-1.083010E-02,+0.000000E+00,+9.910000E+37,+1.069406E+03,+3.584400E+04
11:34:38,0e0,+1.261853E-02,+1.245000E-07,+9.910000E+37,+1.069629E+03,+3.584400E+04,+1.193552E-02,+1.245000E-07,+9.910000E+37,+1.069695E+03,+3.584400E+04,+1.143448E-02,+1.245000E-07,+9.910000E+37,+1.069762E+03,+3.584400E+04,-9.737447E-03,+0.000000E+00,+9.910000E+37,+1.069829E+03,+3.584400E+04
11:34:38,0e0,+1.512234E-02,+1.389500E-07,+9.910000E+37,+1.070050E+03,+3.584400E+04,+1.503129E-02,+1.389500E-07,+9.910000E+37,+1.070116E+03,+3.584400E+04,+1.489472E-02,+1.389500E-07,+9.910000E+37,+1.070183E+03,+3.584400E+04,-9.919599E-03,+0.000000E+00,+9.910000E+37,+1.070249E+03,+3.584400E+04
11:34:38,0e0,+1.799107E-02,+1.550500E-07,+9.910000E+37,+1.070476E+03,+3.584400E+04,+1.780860E-02,+1.550500E-07,+9.910000E+37,+1.070542E+03,+3.584400E+04,+1.739886E-02,+1.550500E-07,+9.910000E+37,+1.070608E+03,+3.584400E+04,-9.919599E-03,+0.000000E+00,+9.910000E+37,+1.070675E+03,+3.584400E+04
11:34:38,0e0,+2.058581E-02,+1.730000E-07,+9.910000E+37,+1.070898E+03,+3.584400E+04,+2.072263E-02,+1.730000E-07,+9.910000E+37,+1.070966E+03,+3.584400E+04,+2.094987E-02,+1.730000E-07,+9.910000E+37,+1.071032E+03,+3.584400E+04,-1.078464E-02,+0.000000E+00,+9.910000E+37,+1.071098E+03,+3.584400E+04
11:34:38,0e0,+2.422842E-02,+1.930500E-07,+9.910000E+37,+1.071318E+03,+3.584400E+04,+2.240682E-02,+1.930500E-07,+9.910000E+37,+1.071385E+03,+3.584400E+04,+2.418283E-02,+1.930500E-07,+9.910000E+37,+1.071451E+03,+3.584400E+04,-1.028390E-02,+0.000000E+00,+9.910000E+37,+1.071519E+03,+3.584400E+04
11:34:38,0e0,+2.791661E-02,+2.154500E-07,+9.910000E+37,+1.071744E+03,+3.584400E+04,+2.755232E-02,+2.154500E-07,+9.910000E+37,+1.071811E+03,+3.584400E+04,+2.937353E-02,+2.154500E-07,+9.910000E+37,+1.071877E+03,+3.584400E+04,-9.964719E-03,+0.000000E+00,+9.910000E+37,+1.071943E+03,+3.584400E+04
11:34:38,0e0,+3.228778E-02,+2.404000E-07,+9.910000E+37,+1.072168E+03,+3.584400E+04,+3.219634E-02,+2.404000E-07,+9.910000E+37,+1.072234E+03,+3.584400E+04,+3.301626E-02,+2.404000E-07,+9.910000E+37,+1.072302E+03,+3.584400E+04,-1.069359E-02,+0.000000E+00,+9.910000E+37,+1.072367E+03,+3.584400E+04
11:34:38,0e0,+3.656739E-02,+2.682500E-07,+9.910000E+37,+1.072594E+03,+3.584400E+04,+3.665838E-02,+2.682500E-07,+9.910000E+37,+1.072660E+03,+3.584400E+04,+3.747791E-02,+2.682500E-07,+9.910000E+37,+1.072727E+03,+3.584400E+04,-9.873956E-03,+0.000000E+00,+9.910000E+37,+1.072793E+03,+3.584400E+04
11:34:38,0e0,+4.357895E-02,+2.993500E-07,+9.910000E+37,+1.073019E+03,+3.584400E+04,+4.134771E-02,+2.993500E-07,+9.910000E+37,+1.073085E+03,+3.584400E+04,+4.244089E-02,+2.993500E-07,+9.910000E+37,+1.073151E+03,+3.584400E+04,-1.092118E-02,+0.000000E+00,+9.910000E+37,+1.073218E+03,+3.584400E+04
11:34:38,0e0,+4.767671E-02,+3.340500E-07,+9.910000E+37,+1.073444E+03,+3.584400E+04,+4.804084E-02,+3.340500E-07,+9.910000E+37,+1.073511E+03,+3.584400E+04,+4.731256E-02,+3.340500E-07,+9.910000E+37,+1.073577E+03,+3.584400E+04,-8.189395E-03,+0.000000E+00,+9.910000E+37,+1.073644E+03,+3.584400E+04
11:34:38,0e0,+5.386886E-02,+3.727500E-07,+9.910000E+37,+1.073868E+03,+3.584400E+04,+5.373269E-02,+3.727500E-07,+9.910000E+37,+1.073935E+03,+3.584400E+04,+5.409646E-02,+3.727500E-07,+9.910000E+37,+1.074001E+03,+3.584400E+04,-1.046589E-02,+0.000000E+00,+9.910000E+37,+1.074068E+03,+3.584400E+04
11:34:38,0e0,+6.079015E-02,+4.159500E-07,+9.910000E+37,+1.074295E+03,+3.584400E+04,+6.170058E-02,+4.159500E-07,+9.910000E+37,+1.074360E+03,+3.584400E+04,+6.201866E-02,+4.159500E-07,+9.910000E+37,+1.074427E+03,+3.584400E+04,-8.872360E-03,+0.000000E+00,+9.910000E+37,+1.074493E+03,+3.584400E+04
11:34:38,0e0,+6.830209E-02,+4.641500E-07,+9.910000E+37,+1.074719E+03,+3.584400E+04,+6.802899E-02,+4.641500E-07,+9.910000E+37,+1.074785E+03,+3.584400E+04,+6.752852E-02,+4.641500E-07,+9.910000E+37,+1.074852E+03,+3.584400E+04,-9.646475E-03,+0.000000E+00,+9.910000E+37,+1.074919E+03,+3.584400E+04
11:34:38,0e0,+7.526824E-02,+5.179500E-07,+9.910000E+37,+1.075144E+03,+3.584400E+04,+7.731715E-02,+5.179500E-07,+9.910000E+37,+1.075210E+03,+3.584400E+04,+7.740837E-02,+5.179500E-07,+9.910000E+37,+1.075276E+03,+3.584400E+04,-9.873927E-03,+0.000000E+00,+9.910000E+37,+1.075344E+03,+3.584400E+04
11:34:38,0e0,+8.451125E-02,+5.779500E-07,+9.910000E+37,+1.075567E+03,+3.584400E+04,+8.410108E-02,+5.779500E-07,+9.910000E+37,+1.075634E+03,+3.584400E+04,+8.505735E-02,+5.779500E-07,+9.910000E+37,+1.075700E+03,+3.584400E+04,-8.553803E-03,+0.000000E+00,+9.910000E+37,+1.075767E+03,+3.584400E+04
11:34:38,0e0,+9.448192E-02,+6.449500E-07,+9.910000E+37,+1.075993E+03,+3.584400E+04,+9.375396E-02,+6.449500E-07,+9.910000E+37,+1.076061E+03,+3.584400E+04,+9.470978E-02,+6.449500E-07,+9.910000E+37,+1.076127E+03,+3.584400E+04,-9.327754E-03,+0.000000E+00,+9.910000E+37,+1.076193E+03,+3.584400E+04
11:34:38,0e0,+1.049087E-01,+7.197000E-07,+9.910000E+37,+1.076419E+03,+3.584400E+04,+1.050906E-01,+7.197000E-07,+9.910000E+37,+1.076486E+03,+3.584400E+04,+1.030413E-01,+7.197000E-07,+9.910000E+37,+1.076552E+03,+3.584400E+04,-8.872241E-03,+0.000000E+00,+9.910000E+37,+1.076618E+03,+3.584400E+04
11:34:38,0e0,+1.160181E-01,+8.031000E-07,+9.910000E+37,+1.076840E+03,+3.584400E+04,+1.151534E-01,+8.031000E-07,+9.910000E+37,+1.076906E+03,+3.584400E+04,+1.158361E-01,+8.031000E-07,+9.910000E+37,+1.076973E+03,+3.584400E+04,-8.872360E-03,+0.000000E+00,+9.910000E+37,+1.077039E+03,+3.584400E+04
11:34:38,0e0,+1.288577E-01,+8.961500E-07,+9.910000E+37,+1.077265E+03,+3.584400E+04,+1.288130E-01,+8.961500E-07,+9.910000E+37,+1.077331E+03,+3.584400E+04,+1.283115E-01,+8.961500E-07,+9.910000E+37,+1.077397E+03,+3.584400E+04,-9.145513E-03,+0.000000E+00,+9.910000E+37,+1.077464E+03,+3.584400E+04
11:34:38,0e0,+1.404217E-01,+1.000000E-06,+9.910000E+37,+1.077687E+03,+3.584400E+04,+1.414704E-01,+1.000000E-06,+9.910000E+37,+1.077753E+03,+3.584400E+04,+1.415155E-01,+1.000000E-06,+9.910000E+37,+1.077819E+03,+3.584400E+04,-8.462697E-03,+0.000000E+00,+9.910000E+37,+1.077886E+03,+3.584400E+04
11:34:38,0e0,+1.441561E-01,+1.116000E-06,+9.910000E+37,+1.078107E+03,+3.584400E+04,+1.434277E-01,+1.116000E-06,+9.910000E+37,+1.078175E+03,+3.584400E+04,+1.438834E-01,+1.116000E-06,+9.910000E+37,+1.078240E+03,+3.584400E+04,-8.143410E-03,+0.000000E+00,+9.910000E+37,+1.078307E+03,+3.584400E+04
11:34:38,0e0,+1.569953E-01,+1.245000E-06,+9.910000E+37,+1.078547E+03,+3.584400E+04,+1.571317E-01,+1.245000E-06,+9.910000E+37,+1.078612E+03,+3.584400E+04,+1.578610E-01,+1.245000E-06,+9.910000E+37,+1.078679E+03,+3.584400E+04,-9.145573E-03,+0.000000E+00,+9.910000E+37,+1.078746E+03,+3.584400E+04
11:34:38,0e0,+1.731591E-01,+1.389500E-06,+9.910000E+37,+1.078971E+03,+3.584400E+04,+1.735232E-01,+1.389500E-06,+9.910000E+37,+1.079037E+03,+3.584400E+04,+1.737515E-01,+1.389500E-06,+9.910000E+37,+1.079104E+03,+3.584400E+04,-9.373337E-03,+0.000000E+00,+9.910000E+37,+1.079171E+03,+3.584400E+04
11:34:38,0e0,+1.891856E-01,+1.550500E-06,+9.910000E+37,+1.079398E+03,+3.584400E+04,+1.909617E-01,+1.550500E-06,+9.910000E+37,+1.079465E+03,+3.584400E+04,+1.905063E-01,+1.550500E-06,+9.910000E+37,+1.079531E+03,+3.584400E+04,-1.014720E-02,+0.000000E+00,+9.910000E+37,+1.079599E+03,+3.584400E+04
11:34:38,0e0,+2.078991E-01,+1.730000E-06,+9.910000E+37,+1.079819E+03,+3.584400E+04,+2.079898E-01,+1.730000E-06,+9.910000E+37,+1.079886E+03,+3.584400E+04,+2.083541E-01,+1.730000E-06,+9.910000E+37,+1.079952E+03,+3.584400E+04,-9.782910E-03,+0.000000E+00,+9.910000E+37,+1.080019E+03,+3.584400E+04
11:34:38,0e0,+2.277960E-01,+1.930500E-06,+9.910000E+37,+1.080243E+03,+3.584400E+04,+2.264752E-01,+1.930500E-06,+9.910000E+37,+1.080310E+03,+3.584400E+04,+2.285244E-01,+1.930500E-06,+9.910000E+37,+1.080376E+03,+3.584400E+04,-9.509370E-03,+0.000000E+00,+9.910000E+37,+1.080442E+03,+3.584400E+04
11:34:38,0e0,+2.474190E-01,+2.154500E-06,+9.910000E+37,+1.080664E+03,+3.584400E+04,+2.473282E-01,+2.154500E-06,+9.910000E+37,+1.080730E+03,+3.584400E+04,+2.485118E-01,+2.154500E-06,+9.910000E+37,+1.080798E+03,+3.584400E+04,-1.096697E-02,+0.000000E+00,+9.910000E+37,+1.080865E+03,+3.584400E+04
11:34:38,0e0,+2.705032E-01,+2.404000E-06,+9.910000E+37,+1.081090E+03,+3.584400E+04,+2.715056E-01,+2.404000E-06,+9.910000E+37,+1.081156E+03,+3.584400E+04,+2.698660E-01,+2.404000E-06,+9.910000E+37,+1.081224E+03,+3.584400E+04,-9.646371E-03,+0.000000E+00,+9.910000E+37,+1.081291E+03,+3.584400E+04
11:34:38,0e0,+2.951358E-01,+2.682500E-06,+9.910000E+37,+1.081515E+03,+3.584400E+04,+2.952275E-01,+2.682500E-06,+9.910000E+37,+1.081581E+03,+3.584400E+04,+2.953176E-01,+2.682500E-06,+9.910000E+37,+1.081648E+03,+3.584400E+04,-1.055716E-02,+0.000000E+00,+9.910000E+37,+1.081716E+03,+3.584400E+04
11:34:38,0e0,+3.220443E-01,+2.993500E-06,+9.910000E+37,+1.081944E+03,+3.584400E+04,+3.224541E-01,+2.993500E-06,+9.910000E+37,+1.082012E+03,+3.584400E+04,+3.218167E-01,+2.993500E-06,+9.910000E+37,+1.082077E+03,+3.584400E+04,-1.032944E-02,+0.000000E+00,+9.910000E+37,+1.082144E+03,+3.584400E+04
11:34:38,0e0,+3.500000E-01,+3.340500E-06,+9.910000E+37,+1.082367E+03,+3.584400E+04,+3.497277E-01,+3.340500E-06,+9.910000E+37,+1.082434E+03,+3.584400E+04,+3.490443E-01,+3.340500E-06,+9.910000E+37,+1.082501E+03,+3.584400E+04,-9.282246E-03,+0.000000E+00,+9.910000E+37,+1.082566E+03,+3.584400E+04
11:34:38,0e0,+3.807784E-01,+3.727500E-06,+9.910000E+37,+1.082793E+03,+3.584400E+04,+3.815984E-01,+3.727500E-06,+9.910000E+37,+1.082859E+03,+3.584400E+04,+3.800048E-01,+3.727500E-06,+9.910000E+37,+1.082927E+03,+3.584400E+04,-1.096696E-02,+0.000000E+00,+9.910000E+37,+1.082994E+03,+3.584400E+04
11:34:38,0e0,+4.126956E-01,+4.159500E-06,+9.910000E+37,+1.083220E+03,+3.584400E+04,+4.125140E-01,+4.159500E-06,+9.910000E+37,+1.083285E+03,+3.584400E+04,+4.136520E-01,+4.159500E-06,+9.910000E+37,+1.083352E+03,+3.584400E+04,-1.078483E-02,+0.000000E+00,+9.910000E+37,+1.083419E+03,+3.584400E+04
11:34:38,0e0,+4.480733E-01,+4.641500E-06,+9.910000E+37,+1.083644E+03,+3.584400E+04,+4.477538E-01,+4.641500E-06,+9.910000E+37,+1.083711E+03,+3.584400E+04,+4.484372E-01,+4.641500E-06,+9.910000E+37,+1.083776E+03,+3.584400E+04,-9.828672E-03,+0.000000E+00,+9.910000E+37,+1.083844E+03,+3.584400E+04
11:34:38,0e0,+4.841778E-01,+5.179500E-06,+9.910000E+37,+1.084070E+03,+3.584400E+04,+4.853168E-01,+5.179500E-06,+9.910000E+37,+1.084138E+03,+3.584400E+04,+4.848158E-01,+5.179500E-06,+9.910000E+37,+1.084203E+03,+3.584400E+04,-1.069339E-02,+0.000000E+00,+9.910000E+37,+1.084270E+03,+3.584400E+04
11:34:38,0e0,+5.251560E-01,+5.779500E-06,+9.910000E+37,+1.084496E+03,+3.584400E+04,+5.258390E-01,+5.779500E-06,+9.910000E+37,+1.084563E+03,+3.584400E+04,+5.258852E-01,+5.779500E-06,+9.910000E+37,+1.084629E+03,+3.584400E+04,-9.145737E-03,+0.000000E+00,+9.910000E+37,+1.084695E+03,+3.584400E+04
11:34:38,0e0,+5.688648E-01,+6.449500E-06,+9.910000E+37,+1.084921E+03,+3.584400E+04,+5.690024E-01,+6.449500E-06,+9.910000E+37,+1.084987E+03,+3.584400E+04,+5.676361E-01,+6.449500E-06,+9.910000E+37,+1.085055E+03,+3.584400E+04,-1.001078E-02,+0.000000E+00,+9.910000E+37,+1.085120E+03,+3.584400E+04
11:34:38,0e0,+6.138042E-01,+7.197000E-06,+9.910000E+37,+1.085342E+03,+3.584400E+04,+6.141692E-01,+7.197000E-06,+9.910000E+37,+1.085409E+03,+3.584400E+04,+6.125740E-01,+7.197000E-06,+9.910000E+37,+1.085475E+03,+3.584400E+04,-9.327471E-03,+0.000000E+00,+9.910000E+37,+1.085541E+03,+3.584400E+04
11:34:38,0e0,+6.633869E-01,+8.031000E-06,+9.910000E+37,+1.085768E+03,+3.584400E+04,+6.644353E-01,+8.031000E-06,+9.910000E+37,+1.085834E+03,+3.584400E+04,+6.633865E-01,+8.031000E-06,+9.910000E+37,+1.085901E+03,+3.584400E+04,-8.280501E-03,+0.000000E+00,+9.910000E+37,+1.085967E+03,+3.584400E+04
11:34:38,0e0,+7.141068E-01,+8.961500E-06,+9.910000E+37,+1.086191E+03,+3.584400E+04,+7.146093E-01,+8.961500E-06,+9.910000E+37,+1.086258E+03,+3.584400E+04,+7.157936E-01,+8.961500E-06,+9.910000E+37,+1.086325E+03,+3.584400E+04,-9.418935E-03,+0.000000E+00,+9.910000E+37,+1.086391E+03,+3.584400E+04
11:34:38,0e0,+7.686083E-01,+1.000000E-05,+9.910000E+37,+1.086614E+03,+3.584400E+04,+7.690641E-01,+1.000000E-05,+9.910000E+37,+1.086682E+03,+3.584400E+04,+7.693825E-01,+1.000000E-05,+9.910000E+37,+1.086749E+03,+3.584400E+04,-1.028416E-02,+0.000000E+00,+9.910000E+37,+1.086816E+03,+3.584400E+04
11:34:38,0e0,+8.128631E-01,+1.116000E-05,+9.910000E+37,+1.087034E+03,+3.584400E+04,+8.148682E-01,+1.116000E-05,+9.910000E+37,+1.087102E+03,+3.584400E+04,+8.140490E-01,+1.116000E-05,+9.910000E+37,+1.087167E+03,+3.584400E+04,-1.096684E-02,+0.000000E+00,+9.910000E+37,+1.087234E+03,+3.584400E+04
11:34:38,0e0,+8.719630E-01,+1.245000E-05,+9.910000E+37,+1.087452E+03,+3.584400E+04,+8.714151E-01,+1.245000E-05,+9.910000E+37,+1.087518E+03,+3.584400E+04,+8.726009E-01,+1.245000E-05,+9.910000E+37,+1.087585E+03,+3.584400E+04,-1.042041E-02,+0.000000E+00,+9.910000E+37,+1.087654E+03,+3.584400E+04
11:34:38,0e0,+9.325181E-01,+1.389500E-05,+9.910000E+37,+1.087872E+03,+3.584400E+04,+9.337029E-01,+1.389500E-05,+9.910000E+37,+1.087938E+03,+3.584400E+04,+9.346132E-01,+1.389500E-05,+9.910000E+37,+1.088006E+03,+3.584400E+04,-1.087600E-02,+0.000000E+00,+9.910000E+37,+1.088076E+03,+3.584400E+04
11:34:38,0e0,+9.985833E-01,+1.550500E-05,+9.910000E+37,+1.088298E+03,+3.584400E+04,+9.987198E-01,+1.550500E-05,+9.910000E+37,+1.088365E+03,+3.584400E+04,+9.995877E-01,+1.550500E-05,+9.910000E+37,+1.088431E+03,+3.584400E+04,-1.046610E-02,+0.000000E+00,+9.910000E+37,+1.088498E+03,+3.584400E+04
11:34:38,0e0,+1.065011E+00,+1.730000E-05,+9.910000E+37,+1.088718E+03,+3.584400E+04,+1.065833E+00,+1.730000E-05,+9.910000E+37,+1.088784E+03,+3.584400E+04,+1.066335E+00,+1.730000E-05,+9.910000E+37,+1.088851E+03,+3.584400E+04,-1.046607E-02,+0.000000E+00,+9.910000E+37,+1.088923E+03,+3.584400E+04
11:34:38,0e0,+1.137134E+00,+1.930500E-05,+9.910000E+37,+1.089142E+03,+3.584400E+04,+1.137726E+00,+1.930500E-05,+9.910000E+37,+1.089208E+03,+3.584400E+04,+1.136633E+00,+1.930500E-05,+9.910000E+37,+1.089275E+03,+3.584400E+04,-1.078483E-02,+0.000000E+00,+9.910000E+37,+1.089344E+03,+3.584400E+04
11:34:38,0e0,+1.209846E+00,+2.154500E-05,+9.910000E+37,+1.089563E+03,+3.584400E+04,+1.212396E+00,+2.154500E-05,+9.910000E+37,+1.089631E+03,+3.584400E+04,+1.210849E+00,+2.154500E-05,+9.910000E+37,+1.089696E+03,+3.584400E+04,-1.183188E-02,+0.000000E+00,+9.910000E+37,+1.089768E+03,+3.584400E+04
11:34:38,0e0,+1.288067E+00,+2.404000E-05,+9.910000E+37,+1.089988E+03,+3.584400E+04,+1.287110E+00,+2.404000E-05,+9.910000E+37,+1.090054E+03,+3.584400E+04,+1.287293E+00,+2.404000E-05,+9.910000E+37,+1.090121E+03,+3.584400E+04,-1.196869E-02,+0.000000E+00,+9.910000E+37,+1.090190E+03,+3.584400E+04
11:34:38,0e0,+1.366607E+00,+2.682500E-05,+9.910000E+37,+1.090410E+03,+3.584400E+04,+1.367066E+00,+2.682500E-05,+9.910000E+37,+1.090478E+03,+3.584400E+04,+1.367928E+00,+2.682500E-05,+9.910000E+37,+1.090549E+03,+3.584400E+04,-9.464368E-03,+0.000000E+00,+9.910000E+37,+1.090621E+03,+3.584400E+04
11:34:38,0e0,+1.448517E+00,+2.993500E-05,+9.910000E+37,+1.090840E+03,+3.584400E+04,+1.451295E+00,+2.993500E-05,+9.910000E+37,+1.090907E+03,+3.584400E+04,+1.450156E+00,+2.993500E-05,+9.910000E+37,+1.090973E+03,+3.584400E+04,-1.101214E-02,+0.000000E+00,+9.910000E+37,+1.091044E+03,+3.584400E+04
11:34:38,0e0,+1.535983E+00,+3.340500E-05,+9.910000E+37,+1.091265E+03,+3.584400E+04,+1.537165E+00,+3.340500E-05,+9.910000E+37,+1.091331E+03,+3.584400E+04,+1.537211E+00,+3.340500E-05,+9.910000E+37,+1.091397E+03,+3.584400E+04,-1.055725E-02,+0.000000E+00,+9.910000E+37,+1.091470E+03,+3.584400E+04
11:34:38,0e0,+1.625906E+00,+3.727500E-05,+9.910000E+37,+1.091689E+03,+3.584400E+04,+1.626223E+00,+3.727500E-05,+9.910000E+37,+1.091756E+03,+3.584400E+04,+1.626996E+00,+3.727500E-05,+9.910000E+37,+1.091823E+03,+3.584400E+04,-9.327829E-03,+0.000000E+00,+9.910000E+37,+1.091893E+03,+3.584400E+04
11:34:38,0e0,+1.718060E+00,+4.159500E-05,+9.910000E+37,+1.092114E+03,+3.584400E+04,+1.719467E+00,+4.159500E-05,+9.910000E+37,+1.092181E+03,+3.584400E+04,+1.722065E+00,+4.159500E-05,+9.910000E+37,+1.092247E+03,+3.584400E+04,-1.060234E-02,+0.000000E+00,+9.910000E+37,+1.092318E+03,+3.584400E+04
11:34:38,0e0,+1.817677E+00,+4.641500E-05,+9.910000E+37,+1.092540E+03,+3.584400E+04,+1.816540E+00,+4.641500E-05,+9.910000E+37,+1.092607E+03,+3.584400E+04,+1.819272E+00,+4.641500E-05,+9.910000E+37,+1.092673E+03,+3.584400E+04,-9.327710E-03,+0.000000E+00,+9.910000E+37,+1.092745E+03,+3.584400E+04
11:34:38,0e0,+1.918668E+00,+5.179500E-05,+9.910000E+37,+1.092966E+03,+3.584400E+04,+1.919349E+00,+5.179500E-05,+9.910000E+37,+1.093033E+03,+3.584400E+04,+1.918713E+00,+5.179500E-05,+9.910000E+37,+1.093099E+03,+3.584400E+04,-1.219623E-02,+0.000000E+00,+9.910000E+37,+1.093172E+03,+3.584400E+04
11:34:38,0e0,+2.023067E+00,+5.779500E-05,+9.910000E+37,+1.093393E+03,+3.584400E+04,+2.025844E+00,+5.779500E-05,+9.910000E+37,+1.093458E+03,+3.584400E+04,+2.025391E+00,+5.779500E-05,+9.910000E+37,+1.093525E+03,+3.584400E+04,-9.737656E-03,+0.000000E+00,+9.910000E+37,+1.093598E+03,+3.584400E+04
11:34:38,0e0,+2.133479E+00,+6.449500E-05,+9.910000E+37,+1.093818E+03,+3.584400E+04,+2.134250E+00,+6.449500E-05,+9.910000E+37,+1.093885E+03,+3.584400E+04,+2.135254E+00,+6.449500E-05,+9.910000E+37,+1.093952E+03,+3.584400E+04,-1.124032E-02,+0.000000E+00,+9.910000E+37,+1.094022E+03,+3.584400E+04
11:34:38,0e0,+2.248311E+00,+7.197000E-05,+9.910000E+37,+1.094243E+03,+3.584400E+04,+2.251038E+00,+7.197000E-05,+9.910000E+37,+1.094310E+03,+3.584400E+04,+2.249899E+00,+7.197000E-05,+9.910000E+37,+1.094376E+03,+3.584400E+04,-1.069349E-02,+0.000000E+00,+9.910000E+37,+1.094446E+03,+3.584400E+04
11:34:38,0e0,+2.367370E+00,+8.031000E-05,+9.910000E+37,+1.094666E+03,+3.584400E+04,+2.368371E+00,+8.031000E-05,+9.910000E+37,+1.094731E+03,+3.584400E+04,+2.370101E+00,+8.031000E-05,+9.910000E+37,+1.094798E+03,+3.584400E+04,-1.246992E-02,+0.000000E+00,+9.910000E+37,+1.094870E+03,+3.584400E+04
11:34:38,0e0,+2.492488E+00,+8.961500E-05,+9.910000E+37,+1.095092E+03,+3.584400E+04,+2.494263E+00,+8.961500E-05,+9.910000E+37,+1.095159E+03,+3.584400E+04,+2.494355E+00,+8.961500E-05,+9.910000E+37,+1.095225E+03,+3.584400E+04,-1.055719E-02,+0.000000E+00,+9.910000E+37,+1.095293E+03,+3.584400E+04
11:34:38,0e0,+2.621113E+00,+1.000000E-04,+9.910000E+37,+1.095504E+03,+3.584400E+04,+2.623935E+00,+1.000000E-04,+9.910000E+37,+1.095576E+03,+3.584400E+04,+2.622798E+00,+1.000000E-04,+9.910000E+37,+1.095644E+03,+3.584400E+04,-1.201452E-02,+0.000000E+00,+9.910000E+37,+1.095709E+03,+3.584400E+04
11:34:38,0e0,+2.743180E+00,+1.116000E-04,+9.910000E+37,+1.095926E+03,+3.584400E+04,+2.746048E+00,+1.116000E-04,+9.910000E+37,+1.095992E+03,+3.584400E+04,+2.746183E+00,+1.116000E-04,+9.910000E+37,+1.096060E+03,+3.584400E+04,-1.866135E-02,+0.000000E+00,+9.910000E+37,+1.096125E+03,+3.584400E+04
11:34:38,0e0,+2.883459E+00,+1.245000E-04,+9.910000E+37,+1.096350E+03,+3.584400E+04,+2.884185E+00,+1.245000E-04,+9.910000E+37,+1.096415E+03,+3.584400E+04,+2.884048E+00,+1.245000E-04,+9.910000E+37,+1.096481E+03,+3.584400E+04,-1.765978E-02,+0.000000E+00,+9.910000E+37,+1.096549E+03,+3.584400E+04
11:34:38,0e0,+3.026016E+00,+1.389500E-04,+9.910000E+37,+1.096770E+03,+3.584400E+04,+3.026287E+00,+1.389500E-04,+9.910000E+37,+1.096835E+03,+3.584400E+04,+3.027972E+00,+1.389500E-04,+9.910000E+37,+1.096902E+03,+3.584400E+04,-1.952696E-02,+0.000000E+00,+9.910000E+37,+1.096968E+03,+3.584400E+04
11:34:38,0e0,+3.173351E+00,+1.550500E-04,+9.910000E+37,+1.097190E+03,+3.584400E+04,+3.176265E+00,+1.550500E-04,+9.910000E+37,+1.097257E+03,+3.584400E+04,+3.175951E+00,+1.550500E-04,+9.910000E+37,+1.097323E+03,+3.584400E+04,-1.706809E-02,+0.000000E+00,+9.910000E+37,+1.097391E+03,+3.584400E+04
11:34:38,0e0,+3.326020E+00,+1.730000E-04,+9.910000E+37,+1.097611E+03,+3.584400E+04,+3.327746E+00,+1.730000E-04,+9.910000E+37,+1.097678E+03,+3.584400E+04,+3.328478E+00,+1.730000E-04,+9.910000E+37,+1.097744E+03,+3.584400E+04,-1.779678E-02,+0.000000E+00,+9.910000E+37,+1.097811E+03,+3.584400E+04
11:34:38,0e0,+3.482823E+00,+1.930500E-04,+9.910000E+37,+1.098032E+03,+3.584400E+04,+3.484557E+00,+1.930500E-04,+9.910000E+37,+1.098098E+03,+3.584400E+04,+3.485506E+00,+1.930500E-04,+9.910000E+37,+1.098165E+03,+3.584400E+04,-1.861647E-02,+0.000000E+00,+9.910000E+37,+1.098230E+03,+3.584400E+04
11:34:38,0e0,+3.642500E+00,+2.154500E-04,+9.910000E+37,+1.098453E+03,+3.584400E+04,+3.644454E+00,+2.154500E-04,+9.910000E+37,+1.098519E+03,+3.584400E+04,+3.646282E+00,+2.154500E-04,+9.910000E+37,+1.098585E+03,+3.584400E+04,-1.838855E-02,+0.000000E+00,+9.910000E+37,+1.098652E+03,+3.584400E+04
11:34:38,0e0,+3.805735E+00,+2.404000E-04,+9.910000E+37,+1.098877E+03,+3.584400E+04,+3.808640E+00,+2.404000E-04,+9.910000E+37,+1.098943E+03,+3.584400E+04,+3.809960E+00,+2.404000E-04,+9.910000E+37,+1.099011E+03,+3.584400E+04,-1.838851E-02,+0.000000E+00,+9.910000E+37,+1.099076E+03,+3.584400E+04
11:34:38,0e0,+3.970002E+00,+2.682500E-04,+9.910000E+37,+1.099298E+03,+3.584400E+04,+3.974553E+00,+2.682500E-04,+9.910000E+37,+1.099365E+03,+3.584400E+04,+3.975100E+00,+2.682500E-04,+9.910000E+37,+1.099431E+03,+3.584400E+04,-1.761469E-02,+0.000000E+00,+9.910000E+37,+1.099498E+03,+3.584400E+04
11:34:38,0e0,+4.133817E+00,+2.993500E-04,+9.910000E+37,+1.099724E+03,+3.584400E+04,+4.137824E+00,+2.993500E-04,+9.910000E+37,+1.099790E+03,+3.584400E+04,+4.138003E+00,+2.993500E-04,+9.910000E+37,+1.099857E+03,+3.584400E+04,-1.838845E-02,+0.000000E+00,+9.910000E+37,+1.099923E+03,+3.584400E+04
11:34:38,0e0,+4.297506E+00,+3.340500E-04,+9.910000E+37,+1.100146E+03,+3.584400E+04,+4.301186E+00,+3.340500E-04,+9.910000E+37,+1.100211E+03,+3.584400E+04,+4.303054E+00,+3.340500E-04,+9.910000E+37,+1.100278E+03,+3.584400E+04,-1.784234E-02,+0.000000E+00,+9.910000E+37,+1.100344E+03,+3.584400E+04
11:34:38,0e0,+4.457633E+00,+3.727500E-04,+9.910000E+37,+1.100569E+03,+3.584400E+04,+4.461504E+00,+3.727500E-04,+9.910000E+37,+1.100637E+03,+3.584400E+04,+4.463594E+00,+3.727500E-04,+9.910000E+37,+1.100704E+03,+3.584400E+04,-1.834300E-02,+0.000000E+00,+9.910000E+37,+1.100770E+03,+3.584400E+04
11:34:38,0e0,+4.612031E+00,+4.159500E-04,+9.910000E+37,+1.100991E+03,+3.584400E+04,+4.615710E+00,+4.159500E-04,+9.910000E+37,+1.101059E+03,+3.584400E+04,+4.618355E+00,+4.159500E-04,+9.910000E+37,+1.101124E+03,+3.584400E+04,-1.843385E-02,+0.000000E+00,+9.910000E+37,+1.101189E+03,+3.584400E+04
11:34:38,0e0,+4.759458E+00,+4.641500E-04,+9.910000E+37,+1.101412E+03,+3.584400E+04,+4.764507E+00,+4.641500E-04,+9.910000E+37,+1.101479E+03,+3.584400E+04,+4.762959E+00,+4.641500E-04,+9.910000E+37,+1.101545E+03,+3.584400E+04,-1.934494E-02,+0.000000E+00,+9.910000E+37,+1.101611E+03,+3.584400E+04
11:34:38,0e0,+4.897776E+00,+5.179500E-04,+9.910000E+37,+1.101838E+03,+3.584400E+04,+4.902329E+00,+5.179500E-04,+9.910000E+37,+1.101905E+03,+3.584400E+04,+4.901286E+00,+5.179500E-04,+9.910000E+37,+1.101971E+03,+3.584400E+04,-1.816095E-02,+0.000000E+00,+9.910000E+37,+1.102038E+03,+3.584400E+04
11:34:38,0e0,+5.026401E+00,+5.779500E-04,+9.910000E+37,+1.102266E+03,+3.584400E+04,+5.030497E+00,+5.779500E-04,+9.910000E+37,+1.102331E+03,+3.584400E+04,+5.029175E+00,+5.779500E-04,+9.910000E+37,+1.102398E+03,+3.584400E+04,-1.734149E-02,+0.000000E+00,+9.910000E+37,+1.102464E+03,+3.584400E+04
11:34:38,0e0,+5.144777E+00,+6.449500E-04,+9.910000E+37,+1.102689E+03,+3.584400E+04,+5.150103E+00,+6.449500E-04,+9.910000E+37,+1.102757E+03,+3.584400E+04,+5.149378E+00,+6.449500E-04,+9.910000E+37,+1.102822E+03,+3.584400E+04,-1.797876E-02,+0.000000E+00,+9.910000E+37,+1.102889E+03,+3.584400E+04
11:34:38,0e0,+5.256840E+00,+7.197000E-04,+9.910000E+37,+1.103111E+03,+3.584400E+04,+5.260423E+00,+7.197000E-04,+9.910000E+37,+1.103177E+03,+3.584400E+04,+5.260013E+00,+7.197000E-04,+9.910000E+37,+1.103243E+03,+3.584400E+04,-1.893491E-02,+0.000000E+00,+9.910000E+37,+1.103309E+03,+3.584400E+04
11:34:38,0e0,+5.363417E+00,+8.031000E-04,+9.910000E+37,+1.103536E+03,+3.584400E+04,+5.366330E+00,+8.031000E-04,+9.910000E+37,+1.103603E+03,+3.584400E+04,+5.366013E+00,+8.031000E-04,+9.910000E+37,+1.103669E+03,+3.584400E+04,-1.879820E-02,+0.000000E+00,+9.910000E+37,+1.103735E+03,+3.584400E+04
11:34:38,0e0,+5.464761E+00,+8.961500E-04,+9.910000E+37,+1.103961E+03,+3.584400E+04,+5.468908E+00,+8.961500E-04,+9.910000E+37,+1.104028E+03,+3.584400E+04,+5.467226E+00,+8.961500E-04,+9.910000E+37,+1.104094E+03,+3.584400E+04,-1.743272E-02,+0.000000E+00,+9.910000E+37,+1.104161E+03,+3.584400E+04
11:34:38,0e0,+5.562567E+00,+1.000000E-03,+9.910000E+37,+1.104372E+03,+3.584400E+04,+5.566722E+00,+1.000000E-03,+9.910000E+37,+1.104444E+03,+3.584400E+04,+5.565626E+00,+1.000000E-03,+9.910000E+37,+1.104511E+03,+3.584400E+04,-1.929958E-02,+0.000000E+00,+9.910000E+37,+1.104578E+03,+3.584400E+04
11:34:38,0e0,+5.644837E+00,+1.116000E-03,+9.910000E+37,+1.104799E+03,+3.584400E+04,+5.648165E+00,+1.116000E-03,+9.910000E+37,+1.104864E+03,+3.584400E+04,+5.647340E+00,+1.116000E-03,+9.910000E+37,+1.104932E+03,+3.584400E+04,-2.469537E-01,+0.000000E+00,+9.910000E+37,+1.104997E+03,+3.584400E+04
11:34:38,0e0,+5.737810E+00,+1.245000E-03,+9.910000E+37,+1.105213E+03,+3.584400E+04,+5.741148E+00,+1.245000E-03,+9.910000E+37,+1.105280E+03,+3.584400E+04,+5.741094E+00,+1.245000E-03,+9.910000E+37,+1.105346E+03,+3.584400E+04,-2.547399E-01,+0.000000E+00,+9.910000E+37,+1.105412E+03,+3.584400E+04
11:34:38,0e0,+5.828330E+00,+1.389500E-03,+9.910000E+37,+1.105635E+03,+3.584400E+04,+5.832516E+00,+1.389500E-03,+9.910000E+37,+1.105702E+03,+3.584400E+04,+5.831105E+00,+1.389500E-03,+9.910000E+37,+1.105768E+03,+3.584400E+04,-2.529185E-01,+0.000000E+00,+9.910000E+37,+1.105835E+03,+3.584400E+04
11:34:38,0e0,+5.916514E+00,+1.550500E-03,+9.910000E+37,+1.106055E+03,+3.584400E+04,+5.922761E+00,+1.550500E-03,+9.910000E+37,+1.106121E+03,+3.584400E+04,+5.919934E+00,+1.550500E-03,+9.910000E+37,+1.106188E+03,+3.584400E+04,-2.501865E-01,+0.000000E+00,+9.910000E+37,+1.106255E+03,+3.584400E+04
11:34:38,0e0,+6.006897E+00,+1.730000E-03,+9.910000E+37,+1.106480E+03,+3.584400E+04,+6.010271E+00,+1.730000E-03,+9.910000E+37,+1.106548E+03,+3.584400E+04,+6.008868E+00,+1.730000E-03,+9.910000E+37,+1.106613E+03,+3.584400E+04,-2.410798E-01,+0.000000E+00,+9.910000E+37,+1.106681E+03,+3.584400E+04
11:34:38,0e0,+6.094270E+00,+1.930500E-03,+9.910000E+37,+1.106905E+03,+3.584400E+04,+6.099236E+00,+1.930500E-03,+9.910000E+37,+1.106972E+03,+3.584400E+04,+6.096865E+00,+1.930500E-03,+9.910000E+37,+1.107039E+03,+3.584400E+04,-2.448591E-01,+0.000000E+00,+9.910000E+37,+1.107105E+03,+3.584400E+04
11:34:38,0e0,+6.183978E+00,+2.154500E-03,+9.910000E+37,+1.107329E+03,+3.584400E+04,+6.186512E+00,+2.154500E-03,+9.910000E+37,+1.107395E+03,+3.584400E+04,+6.184693E+00,+2.154500E-03,+9.910000E+37,+1.107462E+03,+3.584400E+04,-2.375738E-01,+0.000000E+00,+9.910000E+37,+1.107529E+03,+3.584400E+04
11:34:38,0e0,+6.272576E+00,+2.404000E-03,+9.910000E+37,+1.107752E+03,+3.584400E+04,+6.275116E+00,+2.404000E-03,+9.910000E+37,+1.107818E+03,+3.584400E+04,+6.274803E+00,+2.404000E-03,+9.910000E+37,+1.107886E+03,+3.584400E+04,-2.340677E-01,+0.000000E+00,+9.910000E+37,+1.107951E+03,+3.584400E+04
11:34:38,0e0,+6.365002E+00,+2.682500E-03,+9.910000E+37,+1.108172E+03,+3.584400E+04,+6.369776E+00,+2.682500E-03,+9.910000E+37,+1.108238E+03,+3.584400E+04,+6.367902E+00,+2.682500E-03,+9.910000E+37,+1.108306E+03,+3.584400E+04,-2.283760E-01,+0.000000E+00,+9.910000E+37,+1.108371E+03,+3.584400E+04
11:34:38,0e0,+6.461987E+00,+2.993500E-03,+9.910000E+37,+1.108591E+03,+3.584400E+04,+6.465070E+00,+2.993500E-03,+9.910000E+37,+1.108657E+03,+3.584400E+04,+6.463975E+00,+2.993500E-03,+9.910000E+37,+1.108725E+03,+3.584400E+04,-2.224111E-01,+0.000000E+00,+9.910000E+37,+1.108790E+03,+3.584400E+04
11:34:38,0e0,+6.565462E+00,+3.340500E-03,+9.910000E+37,+1.109015E+03,+3.584400E+04,+6.568972E+00,+3.340500E-03,+9.910000E+37,+1.109082E+03,+3.584400E+04,+6.566515E+00,+3.340500E-03,+9.910000E+37,+1.109147E+03,+3.584400E+04,-2.256895E-01,+0.000000E+00,+9.910000E+37,+1.109215E+03,+3.584400E+04
11:34:38,0e0,+6.675011E+00,+3.727500E-03,+9.910000E+37,+1.109437E+03,+3.584400E+04,+6.676563E+00,+3.727500E-03,+9.910000E+37,+1.109505E+03,+3.584400E+04,+6.675243E+00,+3.727500E-03,+9.910000E+37,+1.109570E+03,+3.584400E+04,-2.155815E-01,+0.000000E+00,+9.910000E+37,+1.109637E+03,+3.584400E+04
11:34:38,0e0,+6.789431E+00,+4.159500E-03,+9.910000E+37,+1.109858E+03,+3.584400E+04,+6.791025E+00,+4.159500E-03,+9.910000E+37,+1.109925E+03,+3.584400E+04,+6.789752E+00,+4.159500E-03,+9.910000E+37,+1.109991E+03,+3.584400E+04,-2.164922E-01,+0.000000E+00,+9.910000E+37,+1.110058E+03,+3.584400E+04
11:34:38,0e0,+6.911821E+00,+4.641500E-03,+9.910000E+37,+1.110279E+03,+3.584400E+04,+6.912273E+00,+4.641500E-03,+9.910000E+37,+1.110345E+03,+3.584400E+04,+6.911907E+00,+4.641500E-03,+9.910000E+37,+1.110411E+03,+3.584400E+04,-2.121212E-01,+0.000000E+00,+9.910000E+37,+1.110479E+03,+3.584400E+04
11:34:38,0e0,+7.039074E+00,+5.179500E-03,+9.910000E+37,+1.110703E+03,+3.584400E+04,+7.041121E+00,+5.179500E-03,+9.910000E+37,+1.110770E+03,+3.584400E+04,+7.037300E+00,+5.179500E-03,+9.910000E+37,+1.110837E+03,+3.584400E+04,-2.009207E-01,+0.000000E+00,+9.910000E+37,+1.110902E+03,+3.584400E+04
11:34:38,0e0,+7.173757E+00,+5.779500E-03,+9.910000E+37,+1.111124E+03,+3.584400E+04,+7.174071E+00,+5.779500E-03,+9.910000E+37,+1.111191E+03,+3.584400E+04,+7.169964E+00,+5.779500E-03,+9.910000E+37,+1.111257E+03,+3.584400E+04,-1.925886E-01,+0.000000E+00,+9.910000E+37,+1.111324E+03,+3.584400E+04
11:34:38,0e0,+7.314126E+00,+6.449500E-03,+9.910000E+37,+1.111550E+03,+3.584400E+04,+7.316261E+00,+6.449500E-03,+9.910000E+37,+1.111616E+03,+3.584400E+04,+7.312944E+00,+6.449500E-03,+9.910000E+37,+1.111684E+03,+3.584400E+04,-1.878079E-01,+0.000000E+00,+9.910000E+37,+1.111749E+03,+3.584400E+04
11:34:38,0e0,+7.464330E+00,+7.197000E-03,+9.910000E+37,+1.111975E+03,+3.584400E+04,+7.462917E+00,+7.197000E-03,+9.910000E+37,+1.112041E+03,+3.584400E+04,+7.458268E+00,+7.197000E-03,+9.910000E+37,+1.112108E+03,+3.584400E+04,-1.756513E-01,+0.000000E+00,+9.910000E+37,+1.112174E+03,+3.584400E+04
11:34:38,0e0,+7.620180E+00,+8.031000E-03,+9.910000E+37,+1.112395E+03,+3.584400E+04,+7.617857E+00,+8.031000E-03,+9.910000E+37,+1.112461E+03,+3.584400E+04,+7.612114E+00,+8.031000E-03,+9.910000E+37,+1.112527E+03,+3.584400E+04,-1.697778E-01,+0.000000E+00,+9.910000E+37,+1.112595E+03,+3.584400E+04
11:34:38,0e0,+7.783962E+00,+8.961500E-03,+9.910000E+37,+1.112821E+03,+3.584400E+04,+7.779399E+00,+8.961500E-03,+9.910000E+37,+1.112889E+03,+3.584400E+04,+7.773294E+00,+8.961500E-03,+9.910000E+37,+1.112956E+03,+3.584400E+04,-1.623562E-01,+0.000000E+00,+9.910000E+37,+1.113021E+03,+3.584400E+04
