11:26:49,0e0,+2.153322E-03,+1.000000E-07,+9.910000E+37,+6.083047E+02,+3.584400E+04,+1.561239E-03,+1.000000E-07,+9.910000E+37,+6.083711E+02,+3.584400E+04,+2.699882E-03,+1.000000E-07,+9.910000E+37,+6.084375E+02,+3.584400E+04,-1.619592E-02,+0.000000E+00,+9.910000E+37,+6.085049E+02,+3.584400E+04
11:26:49,0e0,+4.930973E-03,+1.116000E-07,+9.910000E+37,+6.087314E+02,+3.584400E+04,+3.792226E-03,+1.116000E-07,+9.910000E+37,+6.087979E+02,+3.584400E+04,+4.657716E-03,+1.116000E-07,+9.910000E+37,+6.088643E+02,+3.584400E+04,-1.656029E-02,+0.000000E+00,+9.910000E+37,+6.089307E+02,+3.584400E+04
11:26:49,0e0,+6.114662E-03,+1.245000E-07,+9.910000E+37,+6.091543E+02,+3.584400E+04,+6.205663E-03,+1.245000E-07,+9.910000E+37,+6.092207E+02,+3.584400E+04,+7.571384E-03,+1.245000E-07,+9.910000E+37,+6.092881E+02,+3.584400E+04,-1.724333E-02,+0.000000E+00,+9.910000E+37,+6.093545E+02,+3.584400E+04
11:26:49,0e0,+8.982942E-03,+1.389500E-07,+9.910000E+37,+6.095791E+02,+3.584400E+04,+9.438351E-03,+1.389500E-07,+9.910000E+37,+6.096455E+02,+3.584400E+04,+9.438574E-03,+1.389500E-07,+9.910000E+37,+6.097119E+02,+3.584400E+04,-1.683359E-02,+0.000000E+00,+9.910000E+37,+6.097773E+02,+3.584400E+04
11:26:49,0e0,+1.135069E-02,+1.550500E-07,+9.910000E+37,+6.100029E+02,+3.584400E+04,+1.317239E-02,+1.550500E-07,+9.910000E+37,+6.100693E+02,+3.584400E+04,+1.207916E-02,+1.550500E-07,+9.910000E+37,+6.101357E+02,+3.584400E+04,-1.788089E-02,+0.000000E+00,+9.910000E+37,+6.102021E+02,+3.584400E+04
11:26:49,0e0,+1.540288E-02,+1.730000E-07,+9.910000E+37,+6.104268E+02,+3.584400E+04,+1.485673E-02,+1.730000E-07,+9.910000E+37,+6.104941E+02,+3.584400E+04,+1.563075E-02,+1.730000E-07,+9.910000E+37,+6.105605E+02,+3.584400E+04,-1.678805E-02,+0.000000E+00,+9.910000E+37,+6.106260E+02,+3.584400E+04
11:26:49,0e0,+1.840794E-02,+1.930500E-07,+9.910000E+37,+6.108516E+02,+3.584400E+04,+1.931889E-02,+1.930500E-07,+9.910000E+37,+6.109189E+02,+3.584400E+04,+1.854472E-02,+1.930500E-07,+9.910000E+37,+6.109854E+02,+3.584400E+04,-1.669674E-02,+0.000000E+00,+9.910000E+37,+6.110518E+02,+3.584400E+04
11:26:49,0e0,+2.195963E-02,+2.154500E-07,+9.910000E+37,+6.112773E+02,+3.584400E+04,+2.305260E-02,+2.154500E-07,+9.910000E+37,+6.113437E+02,+3.584400E+04,+2.359922E-02,+2.154500E-07,+9.910000E+37,+6.114102E+02,+3.584400E+04,-1.819964E-02,+0.000000E+00,+9.910000E+37,+6.114775E+02,+3.584400E+04
11:26:49,0e0,+2.596660E-02,+2.404000E-07,+9.910000E+37,+6.117070E+02,+3.584400E+04,+2.628493E-02,+2.404000E-07,+9.910000E+37,+6.117734E+02,+3.584400E+04,+2.678619E-02,+2.404000E-07,+9.910000E+37,+6.118398E+02,+3.584400E+04,-1.715238E-02,+0.000000E+00,+9.910000E+37,+6.119072E+02,+3.584400E+04
11:26:49,0e0,+3.174925E-02,+2.682500E-07,+9.910000E+37,+6.121309E+02,+3.584400E+04,+3.079316E-02,+2.682500E-07,+9.910000E+37,+6.121982E+02,+3.584400E+04,+3.352538E-02,+2.682500E-07,+9.910000E+37,+6.122656E+02,+3.584400E+04,-1.587720E-02,+0.000000E+00,+9.910000E+37,+6.123320E+02,+3.584400E+04
11:26:49,0e0,+3.571045E-02,+2.993500E-07,+9.910000E+37,+6.125576E+02,+3.584400E+04,+3.684869E-02,+2.993500E-07,+9.910000E+37,+6.126250E+02,+3.584400E+04,+3.666654E-02,+2.993500E-07,+9.910000E+37,+6.126914E+02,+3.584400E+04,-1.747118E-02,+0.000000E+00,+9.910000E+37,+6.127568E+02,+3.584400E+04
11:26:49,0e0,+4.304108E-02,+3.340500E-07,+9.910000E+37,+6.129814E+02,+3.584400E+04,+4.349655E-02,+3.340500E-07,+9.910000E+37,+6.130479E+02,+3.584400E+04,+4.258567E-02,+3.340500E-07,+9.910000E+37,+6.131152E+02,+3.584400E+04,-1.737985E-02,+0.000000E+00,+9.910000E+37,+6.131816E+02,+3.584400E+04
11:26:49,0e0,+4.959777E-02,+3.727500E-07,+9.910000E+37,+6.134053E+02,+3.584400E+04,+5.050838E-02,+3.727500E-07,+9.910000E+37,+6.134717E+02,+3.584400E+04,+4.937023E-02,+3.727500E-07,+9.910000E+37,+6.135381E+02,+3.584400E+04,-1.637810E-02,+0.000000E+00,+9.910000E+37,+6.136055E+02,+3.584400E+04
11:26:49,0e0,+5.574432E-02,+4.159500E-07,+9.910000E+37,+6.138281E+02,+3.584400E+04,+5.574456E-02,+4.159500E-07,+9.910000E+37,+6.138945E+02,+3.584400E+04,+5.569905E-02,+4.159500E-07,+9.910000E+37,+6.139609E+02,+3.584400E+04,-1.696998E-02,+0.000000E+00,+9.910000E+37,+6.140283E+02,+3.584400E+04
11:26:49,0e0,+6.357604E-02,+4.641500E-07,+9.910000E+37,+6.142559E+02,+3.584400E+04,+6.389475E-02,+4.641500E-07,+9.910000E+37,+6.143232E+02,+3.584400E+04,+6.316620E-02,+4.641500E-07,+9.910000E+37,+6.143906E+02,+3.584400E+04,-1.628724E-02,+0.000000E+00,+9.910000E+37,+6.144561E+02,+3.584400E+04
11:26:49,0e0,+7.213625E-02,+5.179500E-07,+9.910000E+37,+6.146807E+02,+3.584400E+04,+7.054257E-02,+5.179500E-07,+9.910000E+37,+6.147480E+02,+3.584400E+04,+7.145309E-02,+5.179500E-07,+9.910000E+37,+6.148145E+02,+3.584400E+04,-1.715244E-02,+0.000000E+00,+9.910000E+37,+6.148799E+02,+3.584400E+04
11:26:49,0e0,+8.028647E-02,+5.779500E-07,+9.910000E+37,+6.151025E+02,+3.584400E+04,+7.973972E-02,+5.779500E-07,+9.910000E+37,+6.151699E+02,+3.584400E+04,+8.142489E-02,+5.779500E-07,+9.910000E+37,+6.152363E+02,+3.584400E+04,-1.683357E-02,+0.000000E+00,+9.910000E+37,+6.153037E+02,+3.584400E+04
11:26:49,0e0,+9.025800E-02,+6.449500E-07,+9.910000E+37,+6.155264E+02,+3.584400E+04,+9.071347E-02,+6.449500E-07,+9.910000E+37,+6.155928E+02,+3.584400E+04,+9.016681E-02,+6.449500E-07,+9.910000E+37,+6.156592E+02,+3.584400E+04,-1.783520E-02,+0.000000E+00,+9.910000E+37,+6.157266E+02,+3.584400E+04
11:26:49,0e0,+1.009121E-01,+7.197000E-07,+9.910000E+37,+6.159512E+02,+3.584400E+04,+1.006845E-01,+7.197000E-07,+9.910000E+37,+6.160166E+02,+3.584400E+04,+1.016863E-01,+7.197000E-07,+9.910000E+37,+6.160830E+02,+3.584400E+04,-1.728925E-02,+0.000000E+00,+9.910000E+37,+6.161494E+02,+3.584400E+04
11:26:49,0e0,+1.120681E-01,+8.031000E-07,+9.910000E+37,+6.163916E+02,+3.584400E+04,+1.122497E-01,+8.031000E-07,+9.910000E+37,+6.164590E+02,+3.584400E+04,+1.117944E-01,+8.031000E-07,+9.910000E+37,+6.165244E+02,+3.584400E+04,-1.701596E-02,+0.000000E+00,+9.910000E+37,+6.165908E+02,+3.584400E+04
11:26:49,0e0,+1.245434E-01,+8.961500E-07,+9.910000E+37,+6.168174E+02,+3.584400E+04,+1.248171E-01,+8.961500E-07,+9.910000E+37,+6.168848E+02,+3.584400E+04,+1.242246E-01,+8.961500E-07,+9.910000E+37,+6.169512E+02,+3.584400E+04,-1.656033E-02,+0.000000E+00,+9.910000E+37,+6.170176E+02,+3.584400E+04
11:26:49,0e0,+1.381120E-01,+1.000000E-06,+9.910000E+37,+6.172383E+02,+3.584400E+04,+1.381118E-01,+1.000000E-06,+9.910000E+37,+6.173037E+02,+3.584400E+04,+1.379297E-01,+1.000000E-06,+9.910000E+37,+6.173701E+02,+3.584400E+04,-1.801760E-02,+0.000000E+00,+9.910000E+37,+6.174365E+02,+3.584400E+04
11:26:49,0e0,+1.419365E-01,+1.116000E-06,+9.910000E+37,+6.176582E+02,+3.584400E+04,+1.424383E-01,+1.116000E-06,+9.910000E+37,+6.177246E+02,+3.584400E+04,+1.413903E-01,+1.116000E-06,+9.910000E+37,+6.177920E+02,+3.584400E+04,-1.738027E-02,+0.000000E+00,+9.910000E+37,+6.178574E+02,+3.584400E+04
11:26:49,0e0,+1.566892E-01,+1.245000E-06,+9.910000E+37,+6.180820E+02,+3.584400E+04,+1.556872E-01,+1.245000E-06,+9.910000E+37,+6.181484E+02,+3.584400E+04,+1.566891E-01,+1.245000E-06,+9.910000E+37,+6.182158E+02,+3.584400E+04,-1.669705E-02,+0.000000E+00,+9.910000E+37,+6.182832E+02,+3.584400E+04
11:26:49,0e0,+1.733991E-01,+1.389500E-06,+9.910000E+37,+6.185029E+02,+3.584400E+04,+1.717600E-01,+1.389500E-06,+9.910000E+37,+6.185703E+02,+3.584400E+04,+1.730352E-01,+1.389500E-06,+9.910000E+37,+6.186357E+02,+3.584400E+04,-1.742543E-02,+0.000000E+00,+9.910000E+37,+6.187021E+02,+3.584400E+04
11:26:49,0e0,+1.897906E-01,+1.550500E-06,+9.910000E+37,+6.189297E+02,+3.584400E+04,+1.904282E-01,+1.550500E-06,+9.910000E+37,+6.189961E+02,+3.584400E+04,+1.905654E-01,+1.550500E-06,+9.910000E+37,+6.190615E+02,+3.584400E+04,-1.756245E-02,+0.000000E+00,+9.910000E+37,+6.191279E+02,+3.584400E+04
11:26:49,0e0,+2.087784E-01,+1.730000E-06,+9.910000E+37,+6.193535E+02,+3.584400E+04,+2.087328E-01,+1.730000E-06,+9.910000E+37,+6.194199E+02,+3.584400E+04,+2.097339E-01,+1.730000E-06,+9.910000E+37,+6.194863E+02,+3.584400E+04,-1.769882E-02,+0.000000E+00,+9.910000E+37,+6.195537E+02,+3.584400E+04
11:26:49,0e0,+2.294948E-01,+1.930500E-06,+9.910000E+37,+6.197773E+02,+3.584400E+04,+2.293128E-01,+1.930500E-06,+9.910000E+37,+6.198447E+02,+3.584400E+04,+2.301326E-01,+1.930500E-06,+9.910000E+37,+6.199102E+02,+3.584400E+04,-1.665148E-02,+0.000000E+00,+9.910000E+37,+6.199766E+02,+3.584400E+04
11:26:49,0e0,+2.503938E-01,+2.154500E-06,+9.910000E+37,+6.202021E+02,+3.584400E+04,+2.514409E-01,+2.154500E-06,+9.910000E+37,+6.202676E+02,+3.584400E+04,+2.522153E-01,+2.154500E-06,+9.910000E+37,+6.203340E+02,+3.584400E+04,-1.760784E-02,+0.000000E+00,+9.910000E+37,+6.204014E+02,+3.584400E+04
11:26:49,0e0,+2.764384E-01,+2.404000E-06,+9.910000E+37,+6.206270E+02,+3.584400E+04,+2.745706E-01,+2.404000E-06,+9.910000E+37,+6.206934E+02,+3.584400E+04,+2.751636E-01,+2.404000E-06,+9.910000E+37,+6.207598E+02,+3.584400E+04,-1.756224E-02,+0.000000E+00,+9.910000E+37,+6.208271E+02,+3.584400E+04
11:26:49,0e0,+3.020731E-01,+2.682500E-06,+9.910000E+37,+6.210518E+02,+3.584400E+04,+3.022093E-01,+2.682500E-06,+9.910000E+37,+6.211182E+02,+3.584400E+04,+3.019819E-01,+2.682500E-06,+9.910000E+37,+6.211846E+02,+3.584400E+04,-1.633292E-02,+0.000000E+00,+9.910000E+37,+6.212520E+02,+3.584400E+04
11:26:49,0e0,+3.302566E-01,+2.993500E-06,+9.910000E+37,+6.214775E+02,+3.584400E+04,+3.293914E-01,+2.993500E-06,+9.910000E+37,+6.215439E+02,+3.584400E+04,+3.304390E-01,+2.993500E-06,+9.910000E+37,+6.216104E+02,+3.584400E+04,-1.706135E-02,+0.000000E+00,+9.910000E+37,+6.216768E+02,+3.584400E+04
11:26:49,0e0,+3.607181E-01,+3.340500E-06,+9.910000E+37,+6.219023E+02,+3.584400E+04,+3.617199E-01,+3.340500E-06,+9.910000E+37,+6.219688E+02,+3.584400E+04,+3.593515E-01,+3.340500E-06,+9.910000E+37,+6.220361E+02,+3.584400E+04,-1.842766E-02,+0.000000E+00,+9.910000E+37,+6.221016E+02,+3.584400E+04
11:26:49,0e0,+3.944567E-01,+3.727500E-06,+9.910000E+37,+6.223281E+02,+3.584400E+04,+3.937287E-01,+3.727500E-06,+9.910000E+37,+6.223945E+02,+3.584400E+04,+3.960510E-01,+3.727500E-06,+9.910000E+37,+6.224600E+02,+3.584400E+04,-1.888305E-02,+0.000000E+00,+9.910000E+37,+6.225264E+02,+3.584400E+04
11:26:49,0e0,+4.293796E-01,+4.159500E-06,+9.910000E+37,+6.227510E+02,+3.584400E+04,+4.317483E-01,+4.159500E-06,+9.910000E+37,+6.228174E+02,+3.584400E+04,+4.305641E-01,+4.159500E-06,+9.910000E+37,+6.228828E+02,+3.584400E+04,-1.692492E-02,+0.000000E+00,+9.910000E+37,+6.229492E+02,+3.584400E+04
11:26:49,0e0,+4.679001E-01,+4.641500E-06,+9.910000E+37,+6.231758E+02,+3.584400E+04,+4.693587E-01,+4.641500E-06,+9.910000E+37,+6.232422E+02,+3.584400E+04,+4.688122E-01,+4.641500E-06,+9.910000E+37,+6.233086E+02,+3.584400E+04,-1.706147E-02,+0.000000E+00,+9.910000E+37,+6.233760E+02,+3.584400E+04
11:26:49,0e0,+5.105176E-01,+5.179500E-06,+9.910000E+37,+6.236006E+02,+3.584400E+04,+5.107465E-01,+5.179500E-06,+9.910000E+37,+6.236680E+02,+3.584400E+04,+5.103838E-01,+5.179500E-06,+9.910000E+37,+6.237334E+02,+3.584400E+04,-1.646961E-02,+0.000000E+00,+9.910000E+37,+6.238008E+02,+3.584400E+04
11:26:49,0e0,+5.552767E-01,+5.779500E-06,+9.910000E+37,+6.240225E+02,+3.584400E+04,+5.549580E-01,+5.779500E-06,+9.910000E+37,+6.240898E+02,+3.584400E+04,+5.541383E-01,+5.779500E-06,+9.910000E+37,+6.241572E+02,+3.584400E+04,-1.633272E-02,+0.000000E+00,+9.910000E+37,+6.242236E+02,+3.584400E+04
11:26:49,0e0,+6.027669E-01,+6.449500E-06,+9.910000E+37,+6.244482E+02,+3.584400E+04,+6.026759E-01,+6.449500E-06,+9.910000E+37,+6.245137E+02,+3.584400E+04,+6.023568E-01,+6.449500E-06,+9.910000E+37,+6.245811E+02,+3.584400E+04,-1.756237E-02,+0.000000E+00,+9.910000E+37,+6.246465E+02,+3.584400E+04
11:26:49,0e0,+6.548539E-01,+7.197000E-06,+9.910000E+37,+6.248730E+02,+3.584400E+04,+6.542174E-01,+7.197000E-06,+9.910000E+37,+6.249404E+02,+3.584400E+04,+6.551276E-01,+7.197000E-06,+9.910000E+37,+6.250059E+02,+3.584400E+04,-1.733507E-02,+0.000000E+00,+9.910000E+37,+6.250723E+02,+3.584400E+04
11:26:49,0e0,+7.092192E-01,+8.031000E-06,+9.910000E+37,+6.252969E+02,+3.584400E+04,+7.111332E-01,+8.031000E-06,+9.910000E+37,+6.253643E+02,+3.584400E+04,+7.107684E-01,+8.031000E-06,+9.910000E+37,+6.254297E+02,+3.584400E+04,-1.874660E-02,+0.000000E+00,+9.910000E+37,+6.254961E+02,+3.584400E+04
11:26:49,0e0,+7.677745E-01,+8.961500E-06,+9.910000E+37,+6.257168E+02,+3.584400E+04,+7.680480E-01,+8.961500E-06,+9.910000E+37,+6.257832E+02,+3.584400E+04,+7.680490E-01,+8.961500E-06,+9.910000E+37,+6.258506E+02,+3.584400E+04,-1.728910E-02,+0.000000E+00,+9.910000E+37,+6.259180E+02,+3.584400E+04
11:26:49,0e0,+8.275120E-01,+1.000000E-05,+9.910000E+37,+6.261455E+02,+3.584400E+04,+8.291972E-01,+1.000000E-05,+9.910000E+37,+6.262119E+02,+3.584400E+04,+8.295170E-01,+1.000000E-05,+9.910000E+37,+6.262783E+02,+3.584400E+04,-1.742579E-02,+0.000000E+00,+9.910000E+37,+6.263447E+02,+3.584400E+04
11:26:49,0e0,+8.828354E-01,+1.116000E-05,+9.910000E+37,+6.265674E+02,+3.584400E+04,+8.830616E-01,+1.116000E-05,+9.910000E+37,+6.266328E+02,+3.584400E+04,+8.828793E-01,+1.116000E-05,+9.910000E+37,+6.266992E+02,+3.584400E+04,-1.728919E-02,+0.000000E+00,+9.910000E+37,+6.267666E+02,+3.584400E+04
11:26:49,0e0,+9.504503E-01,+1.245000E-05,+9.910000E+37,+6.269824E+02,+3.584400E+04,+9.507682E-01,+1.245000E-05,+9.910000E+37,+6.270488E+02,+3.584400E+04,+9.516788E-01,+1.245000E-05,+9.910000E+37,+6.271162E+02,+3.584400E+04,-1.646961E-02,+0.000000E+00,+9.910000E+37,+6.271836E+02,+3.584400E+04
11:26:49,0e0,+1.020160E+00,+1.389500E-05,+9.910000E+37,+6.274023E+02,+3.584400E+04,+1.020613E+00,+1.389500E-05,+9.910000E+37,+6.274717E+02,+3.584400E+04,+1.022936E+00,+1.389500E-05,+9.910000E+37,+6.275439E+02,+3.584400E+04,-1.897392E-02,+0.000000E+00,+9.910000E+37,+6.276152E+02,+3.584400E+04
11:26:49,0e0,+1.095926E+00,+1.550500E-05,+9.910000E+37,+6.278281E+02,+3.584400E+04,+1.095969E+00,+1.550500E-05,+9.910000E+37,+6.278945E+02,+3.584400E+04,+1.097063E+00,+1.550500E-05,+9.910000E+37,+6.279609E+02,+3.584400E+04,-1.870063E-02,+0.000000E+00,+9.910000E+37,+6.280264E+02,+3.584400E+04
11:26:49,0e0,+1.174330E+00,+1.730000E-05,+9.910000E+37,+6.282383E+02,+3.584400E+04,+1.173371E+00,+1.730000E-05,+9.910000E+37,+6.283037E+02,+3.584400E+04,+1.174284E+00,+1.730000E-05,+9.910000E+37,+6.283701E+02,+3.584400E+04,-1.792674E-02,+0.000000E+00,+9.910000E+37,+6.284365E+02,+3.584400E+04
11:26:49,0e0,+1.256196E+00,+1.930500E-05,+9.910000E+37,+6.286523E+02,+3.584400E+04,+1.255880E+00,+1.930500E-05,+9.910000E+37,+6.287197E+02,+3.584400E+04,+1.257201E+00,+1.930500E-05,+9.910000E+37,+6.287852E+02,+3.584400E+04,-1.842737E-02,+0.000000E+00,+9.910000E+37,+6.288516E+02,+3.584400E+04
11:26:49,0e0,+1.341067E+00,+2.154500E-05,+9.910000E+37,+6.290684E+02,+3.584400E+04,+1.343709E+00,+2.154500E-05,+9.910000E+37,+6.291357E+02,+3.584400E+04,+1.342206E+00,+2.154500E-05,+9.910000E+37,+6.292012E+02,+3.584400E+04,-1.788116E-02,+0.000000E+00,+9.910000E+37,+6.292676E+02,+3.584400E+04
11:26:49,0e0,+1.432678E+00,+2.404000E-05,+9.910000E+37,+6.294844E+02,+3.584400E+04,+1.431768E+00,+2.404000E-05,+9.910000E+37,+6.295498E+02,+3.584400E+04,+1.431449E+00,+2.404000E-05,+9.910000E+37,+6.296172E+02,+3.584400E+04,-1.870075E-02,+0.000000E+00,+9.910000E+37,+6.296846E+02,+3.584400E+04
11:26:49,0e0,+1.524292E+00,+2.682500E-05,+9.910000E+37,+6.299111E+02,+3.584400E+04,+1.525430E+00,+2.682500E-05,+9.910000E+37,+6.299785E+02,+3.584400E+04,+1.525974E+00,+2.682500E-05,+9.910000E+37,+6.300439E+02,+3.584400E+04,-1.715268E-02,+0.000000E+00,+9.910000E+37,+6.301104E+02,+3.584400E+04
11:26:49,0e0,+1.621820E+00,+2.993500E-05,+9.910000E+37,+6.303301E+02,+3.584400E+04,+1.623187E+00,+2.993500E-05,+9.910000E+37,+6.303965E+02,+3.584400E+04,+1.624597E+00,+2.993500E-05,+9.910000E+37,+6.304639E+02,+3.584400E+04,-1.901962E-02,+0.000000E+00,+9.910000E+37,+6.305313E+02,+3.584400E+04
11:26:49,0e0,+1.724495E+00,+3.340500E-05,+9.910000E+37,+6.307520E+02,+3.584400E+04,+1.726908E+00,+3.340500E-05,+9.910000E+37,+6.308193E+02,+3.584400E+04,+1.725860E+00,+3.340500E-05,+9.910000E+37,+6.308848E+02,+3.584400E+04,-1.815446E-02,+0.000000E+00,+9.910000E+37,+6.309531E+02,+3.584400E+04
11:26:49,0e0,+1.832223E+00,+3.727500E-05,+9.910000E+37,+6.311738E+02,+3.584400E+04,+1.832631E+00,+3.727500E-05,+9.910000E+37,+6.312402E+02,+3.584400E+04,+1.831905E+00,+3.727500E-05,+9.910000E+37,+6.313057E+02,+3.584400E+04,-1.697049E-02,+0.000000E+00,+9.910000E+37,+6.313740E+02,+3.584400E+04
11:26:49,0e0,+1.942685E+00,+4.159500E-05,+9.910000E+37,+6.315937E+02,+3.584400E+04,+1.945369E+00,+4.159500E-05,+9.910000E+37,+6.316611E+02,+3.584400E+04,+1.944370E+00,+4.159500E-05,+9.910000E+37,+6.317266E+02,+3.584400E+04,-1.779008E-02,+0.000000E+00,+9.910000E+37,+6.317979E+02,+3.584400E+04
11:26:49,0e0,+2.058607E+00,+4.641500E-05,+9.910000E+37,+6.320186E+02,+3.584400E+04,+2.060155E+00,+4.641500E-05,+9.910000E+37,+6.320859E+02,+3.584400E+04,+2.059609E+00,+4.641500E-05,+9.910000E+37,+6.321514E+02,+3.584400E+04,-1.929258E-02,+0.000000E+00,+9.910000E+37,+6.322227E+02,+3.584400E+04
11:26:49,0e0,+2.181270E+00,+5.179500E-05,+9.910000E+37,+6.324443E+02,+3.584400E+04,+2.181729E+00,+5.179500E-05,+9.910000E+37,+6.325098E+02,+3.584400E+04,+2.182181E+00,+5.179500E-05,+9.910000E+37,+6.325771E+02,+3.584400E+04,-1.874626E-02,+0.000000E+00,+9.910000E+37,+6.326494E+02,+3.584400E+04
11:26:49,0e0,+2.307348E+00,+5.779500E-05,+9.910000E+37,+6.328691E+02,+3.584400E+04,+2.310764E+00,+5.779500E-05,+9.910000E+37,+6.329355E+02,+3.584400E+04,+2.309715E+00,+5.779500E-05,+9.910000E+37,+6.330029E+02,+3.584400E+04,-1.751648E-02,+0.000000E+00,+9.910000E+37,+6.330742E+02,+3.584400E+04
11:26:49,0e0,+2.443399E+00,+6.449500E-05,+9.910000E+37,+6.332939E+02,+3.584400E+04,+2.443808E+00,+6.449500E-05,+9.910000E+37,+6.333623E+02,+3.584400E+04,+2.442851E+00,+6.449500E-05,+9.910000E+37,+6.334346E+02,+3.584400E+04,-1.838233E-02,+0.000000E+00,+9.910000E+37,+6.335068E+02,+3.584400E+04
11:26:49,0e0,+2.582407E+00,+7.197000E-05,+9.910000E+37,+6.337295E+02,+3.584400E+04,+2.583178E+00,+7.197000E-05,+9.910000E+37,+6.337949E+02,+3.584400E+04,+2.583546E+00,+7.197000E-05,+9.910000E+37,+6.338613E+02,+3.584400E+04,-1.815447E-02,+0.000000E+00,+9.910000E+37,+6.339326E+02,+3.584400E+04
11:26:49,0e0,+2.728793E+00,+8.031000E-05,+9.910000E+37,+6.341533E+02,+3.584400E+04,+2.730022E+00,+8.031000E-05,+9.910000E+37,+6.342188E+02,+3.584400E+04,+2.730797E+00,+8.031000E-05,+9.910000E+37,+6.342861E+02,+3.584400E+04,-1.942939E-02,+0.000000E+00,+9.910000E+37,+6.343564E+02,+3.584400E+04
11:26:49,0e0,+2.883512E+00,+8.961500E-05,+9.910000E+37,+6.345781E+02,+3.584400E+04,+2.884876E+00,+8.961500E-05,+9.910000E+37,+6.346455E+02,+3.584400E+04,+2.884285E+00,+8.961500E-05,+9.910000E+37,+6.347129E+02,+3.584400E+04,-1.838176E-02,+0.000000E+00,+9.910000E+37,+6.347822E+02,+3.584400E+04
11:26:49,0e0,+3.045606E+00,+1.000000E-04,+9.910000E+37,+6.350010E+02,+3.584400E+04,+3.046832E+00,+1.000000E-04,+9.910000E+37,+6.350664E+02,+3.584400E+04,+3.046250E+00,+1.000000E-04,+9.910000E+37,+6.351348E+02,+3.584400E+04,-1.883736E-02,+0.000000E+00,+9.910000E+37,+6.352061E+02,+3.584400E+04
11:26:49,0e0,+3.201005E+00,+1.116000E-04,+9.910000E+37,+6.354258E+02,+3.584400E+04,+3.202733E+00,+1.116000E-04,+9.910000E+37,+6.354980E+02,+3.584400E+04,+3.203786E+00,+1.116000E-04,+9.910000E+37,+6.355654E+02,+3.584400E+04,-2.735174E-02,+0.000000E+00,+9.910000E+37,+6.356318E+02,+3.584400E+04
11:26:49,0e0,+3.376853E+00,+1.245000E-04,+9.910000E+37,+6.358516E+02,+3.584400E+04,+3.377486E+00,+1.245000E-04,+9.910000E+37,+6.359189E+02,+3.584400E+04,+3.378494E+00,+1.245000E-04,+9.910000E+37,+6.359844E+02,+3.584400E+04,-2.698773E-02,+0.000000E+00,+9.910000E+37,+6.360518E+02,+3.584400E+04
11:26:49,0e0,+3.558789E+00,+1.389500E-04,+9.910000E+37,+6.362695E+02,+3.584400E+04,+3.562035E+00,+1.389500E-04,+9.910000E+37,+6.363359E+02,+3.584400E+04,+3.562266E+00,+1.389500E-04,+9.910000E+37,+6.364033E+02,+3.584400E+04,-2.771637E-02,+0.000000E+00,+9.910000E+37,+6.364688E+02,+3.584400E+04
11:26:49,0e0,+3.752124E+00,+1.550500E-04,+9.910000E+37,+6.366914E+02,+3.584400E+04,+3.753312E+00,+1.550500E-04,+9.910000E+37,+6.367588E+02,+3.584400E+04,+3.752670E+00,+1.550500E-04,+9.910000E+37,+6.368242E+02,+3.584400E+04,-2.448352E-02,+0.000000E+00,+9.910000E+37,+6.368916E+02,+3.584400E+04
11:26:49,0e0,+3.951827E+00,+1.730000E-04,+9.910000E+37,+6.371133E+02,+3.584400E+04,+3.953554E+00,+1.730000E-04,+9.910000E+37,+6.371787E+02,+3.584400E+04,+3.953967E+00,+1.730000E-04,+9.910000E+37,+6.372451E+02,+3.584400E+04,-2.489325E-02,+0.000000E+00,+9.910000E+37,+6.373115E+02,+3.584400E+04
11:26:49,0e0,+4.157539E+00,+1.930500E-04,+9.910000E+37,+6.375342E+02,+3.584400E+04,+4.161685E+00,+1.930500E-04,+9.910000E+37,+6.376006E+02,+3.584400E+04,+4.160037E+00,+1.930500E-04,+9.910000E+37,+6.376670E+02,+3.584400E+04,-2.553073E-02,+0.000000E+00,+9.910000E+37,+6.377334E+02,+3.584400E+04
11:26:49,0e0,+4.370852E+00,+2.154500E-04,+9.910000E+37,+6.379600E+02,+3.584400E+04,+4.373580E+00,+2.154500E-04,+9.910000E+37,+6.380264E+02,+3.584400E+04,+4.375503E+00,+2.154500E-04,+9.910000E+37,+6.380928E+02,+3.584400E+04,-2.680568E-02,+0.000000E+00,+9.910000E+37,+6.381592E+02,+3.584400E+04
11:26:49,0e0,+4.591415E+00,+2.404000E-04,+9.910000E+37,+6.383848E+02,+3.584400E+04,+4.595374E+00,+2.404000E-04,+9.910000E+37,+6.384521E+02,+3.584400E+04,+4.596925E+00,+2.404000E-04,+9.910000E+37,+6.385176E+02,+3.584400E+04,-2.630496E-02,+0.000000E+00,+9.910000E+37,+6.385850E+02,+3.584400E+04
11:26:49,0e0,+4.818256E+00,+2.682500E-04,+9.910000E+37,+6.388047E+02,+3.584400E+04,+4.821307E+00,+2.682500E-04,+9.910000E+37,+6.388701E+02,+3.584400E+04,+4.820946E+00,+2.682500E-04,+9.910000E+37,+6.389365E+02,+3.584400E+04,-2.471131E-02,+0.000000E+00,+9.910000E+37,+6.390029E+02,+3.584400E+04
11:26:49,0e0,+5.046827E+00,+2.993500E-04,+9.910000E+37,+6.392246E+02,+3.584400E+04,+5.051333E+00,+2.993500E-04,+9.910000E+37,+6.392910E+02,+3.584400E+04,+5.052155E+00,+2.993500E-04,+9.910000E+37,+6.393574E+02,+3.584400E+04,-2.671453E-02,+0.000000E+00,+9.910000E+37,+6.394238E+02,+3.584400E+04
11:26:49,0e0,+5.277814E+00,+3.340500E-04,+9.910000E+37,+6.396455E+02,+3.584400E+04,+5.282318E+00,+3.340500E-04,+9.910000E+37,+6.397129E+02,+3.584400E+04,+5.281767E+00,+3.340500E-04,+9.910000E+37,+6.397783E+02,+3.584400E+04,-2.493888E-02,+0.000000E+00,+9.910000E+37,+6.398447E+02,+3.584400E+04
11:26:49,0e0,+5.506240E+00,+3.727500E-04,+9.910000E+37,+6.400732E+02,+3.584400E+04,+5.510478E+00,+3.727500E-04,+9.910000E+37,+6.401406E+02,+3.584400E+04,+5.512390E+00,+3.727500E-04,+9.910000E+37,+6.402070E+02,+3.584400E+04,-2.703343E-02,+0.000000E+00,+9.910000E+37,+6.402734E+02,+3.584400E+04
11:26:49,0e0,+5.731126E+00,+4.159500E-04,+9.910000E+37,+6.404961E+02,+3.584400E+04,+5.735318E+00,+4.159500E-04,+9.910000E+37,+6.405625E+02,+3.584400E+04,+5.736359E+00,+4.159500E-04,+9.910000E+37,+6.406299E+02,+3.584400E+04,-2.562183E-02,+0.000000E+00,+9.910000E+37,+6.406953E+02,+3.584400E+04
11:26:49,0e0,+5.944801E+00,+4.641500E-04,+9.910000E+37,+6.409209E+02,+3.584400E+04,+5.951087E+00,+4.641500E-04,+9.910000E+37,+6.409873E+02,+3.584400E+04,+5.951594E+00,+4.641500E-04,+9.910000E+37,+6.410547E+02,+3.584400E+04,-2.635019E-02,+0.000000E+00,+9.910000E+37,+6.411221E+02,+3.584400E+04
11:26:49,0e0,+6.149894E+00,+5.179500E-04,+9.910000E+37,+6.413477E+02,+3.584400E+04,+6.151842E+00,+5.179500E-04,+9.910000E+37,+6.414141E+02,+3.584400E+04,+6.151881E+00,+5.179500E-04,+9.910000E+37,+6.414805E+02,+3.584400E+04,-2.616811E-02,+0.000000E+00,+9.910000E+37,+6.415479E+02,+3.584400E+04
11:26:49,0e0,+6.335697E+00,+5.779500E-04,+9.910000E+37,+6.417695E+02,+3.584400E+04,+6.338938E+00,+5.779500E-04,+9.910000E+37,+6.418369E+02,+3.584400E+04,+6.338477E+00,+5.779500E-04,+9.910000E+37,+6.419043E+02,+3.584400E+04,-2.625962E-02,+0.000000E+00,+9.910000E+37,+6.419697E+02,+3.584400E+04
11:26:49,0e0,+6.506389E+00,+6.449500E-04,+9.910000E+37,+6.421924E+02,+3.584400E+04,+6.509814E+00,+6.449500E-04,+9.910000E+37,+6.422588E+02,+3.584400E+04,+6.508720E+00,+6.449500E-04,+9.910000E+37,+6.423262E+02,+3.584400E+04,-2.425592E-02,+0.000000E+00,+9.910000E+37,+6.423916E+02,+3.584400E+04
11:26:49,0e0,+6.662711E+00,+7.197000E-04,+9.910000E+37,+6.426152E+02,+3.584400E+04,+6.666304E+00,+7.197000E-04,+9.910000E+37,+6.426816E+02,+3.584400E+04,+6.664487E+00,+7.197000E-04,+9.910000E+37,+6.427480E+02,+3.584400E+04,-2.676052E-02,+0.000000E+00,+9.910000E+37,+6.428154E+02,+3.584400E+04
11:26:49,0e0,+6.808139E+00,+8.031000E-04,+9.910000E+37,+6.430361E+02,+3.584400E+04,+6.811878E+00,+8.031000E-04,+9.910000E+37,+6.431035E+02,+3.584400E+04,+6.807491E+00,+8.031000E-04,+9.910000E+37,+6.431699E+02,+3.584400E+04,-2.594060E-02,+0.000000E+00,+9.910000E+37,+6.432363E+02,+3.584400E+04
11:26:49,0e0,+6.945105E+00,+8.961500E-04,+9.910000E+37,+6.434639E+02,+3.584400E+04,+6.947832E+00,+8.961500E-04,+9.910000E+37,+6.435293E+02,+3.584400E+04,+6.944610E+00,+8.961500E-04,+9.910000E+37,+6.435957E+02,+3.584400E+04,-2.534871E-02,+0.000000E+00,+9.910000E+37,+6.436621E+02,+3.584400E+04
11:26:49,0e0,+7.074133E+00,+1.000000E-03,+9.910000E+37,+6.438828E+02,+3.584400E+04,+7.076184E+00,+1.000000E-03,+9.910000E+37,+6.439502E+02,+3.584400E+04,+7.074185E+00,+1.000000E-03,+9.910000E+37,+6.440166E+02,+3.584400E+04,-2.557635E-02,+0.000000E+00,+9.910000E+37,+6.440830E+02,+3.584400E+04
11:26:49,0e0,+7.185281E+00,+1.116000E-03,+9.910000E+37,+6.443066E+02,+3.584400E+04,+7.189153E+00,+1.116000E-03,+9.910000E+37,+6.443730E+02,+3.584400E+04,+7.184062E+00,+1.116000E-03,+9.910000E+37,+6.444404E+02,+3.584400E+04,-3.349277E-01,+0.000000E+00,+9.910000E+37,+6.445059E+02,+3.584400E+04
11:26:49,0e0,+7.304438E+00,+1.245000E-03,+9.910000E+37,+6.447314E+02,+3.584400E+04,+7.305067E+00,+1.245000E-03,+9.910000E+37,+6.447979E+02,+3.584400E+04,+7.301114E+00,+1.245000E-03,+9.910000E+37,+6.448652E+02,+3.584400E+04,-3.193548E-01,+0.000000E+00,+9.910000E+37,+6.449307E+02,+3.584400E+04
11:26:49,0e0,+7.419941E+00,+1.389500E-03,+9.910000E+37,+6.451514E+02,+3.584400E+04,+7.423183E+00,+1.389500E-03,+9.910000E+37,+6.452187E+02,+3.584400E+04,+7.418363E+00,+1.389500E-03,+9.910000E+37,+6.452842E+02,+3.584400E+04,-3.265038E-01,+0.000000E+00,+9.910000E+37,+6.453516E+02,+3.584400E+04
11:26:49,0e0,+7.537731E+00,+1.550500E-03,+9.910000E+37,+6.455791E+02,+3.584400E+04,+7.540014E+00,+1.550500E-03,+9.910000E+37,+6.456445E+02,+3.584400E+04,+7.536695E+00,+1.550500E-03,+9.910000E+37,+6.457119E+02,+3.584400E+04,-3.146645E-01,+0.000000E+00,+9.910000E+37,+6.457773E+02,+3.584400E+04
11:26:49,0e0,+7.659812E+00,+1.730000E-03,+9.910000E+37,+6.460020E+02,+3.584400E+04,+7.660632E+00,+1.730000E-03,+9.910000E+37,+6.460674E+02,+3.584400E+04,+7.656795E+00,+1.730000E-03,+9.910000E+37,+6.461338E+02,+3.584400E+04,-3.135263E-01,+0.000000E+00,+9.910000E+37,+6.462002E+02,+3.584400E+04
11:26:49,0e0,+7.783858E+00,+1.930500E-03,+9.910000E+37,+6.464209E+02,+3.584400E+04,+7.783794E+00,+1.930500E-03,+9.910000E+37,+6.464873E+02,+3.584400E+04,+7.778554E+00,+1.930500E-03,+9.910000E+37,+6.465547E+02,+3.584400E+04,-2.977713E-01,+0.000000E+00,+9.910000E+37,+6.466201E+02,+3.584400E+04
11:26:49,0e0,+7.908828E+00,+2.154500E-03,+9.910000E+37,+6.468457E+02,+3.584400E+04,+7.910151E+00,+2.154500E-03,+9.910000E+37,+6.469131E+02,+3.584400E+04,+7.905902E+00,+2.154500E-03,+9.910000E+37,+6.469805E+02,+3.584400E+04,-2.979079E-01,+0.000000E+00,+9.910000E+37,+6.470459E+02,+3.584400E+04
11:26:49,0e0,+8.038194E+00,+2.404000E-03,+9.910000E+37,+6.472715E+02,+3.584400E+04,+8.037903E+00,+2.404000E-03,+9.910000E+37,+6.473379E+02,+3.584400E+04,+8.034953E+00,+2.404000E-03,+9.910000E+37,+6.474043E+02,+3.584400E+04,-2.891196E-01,+0.000000E+00,+9.910000E+37,+6.474707E+02,+3.584400E+04
11:26:49,0e0,+8.171453E+00,+2.682500E-03,+9.910000E+37,+6.476963E+02,+3.584400E+04,+8.172089E+00,+2.682500E-03,+9.910000E+37,+6.477637E+02,+3.584400E+04,+8.165998E+00,+2.682500E-03,+9.910000E+37,+6.478291E+02,+3.584400E+04,-2.817430E-01,+0.000000E+00,+9.910000E+37,+6.478955E+02,+3.584400E+04
11:26:49,0e0,+8.310647E+00,+2.993500E-03,+9.910000E+37,+6.481211E+02,+3.584400E+04,+8.308778E+00,+2.993500E-03,+9.910000E+37,+6.481875E+02,+3.584400E+04,+8.304764E+00,+2.993500E-03,+9.910000E+37,+6.482539E+02,+3.584400E+04,-2.768252E-01,+0.000000E+00,+9.910000E+37,+6.483203E+02,+3.584400E+04
11:26:49,0e0,+8.449559E+00,+3.340500E-03,+9.910000E+37,+6.485469E+02,+3.584400E+04,+8.449020E+00,+3.340500E-03,+9.910000E+37,+6.486133E+02,+3.584400E+04,+8.444147E+00,+3.340500E-03,+9.910000E+37,+6.486797E+02,+3.584400E+04,-2.640299E-01,+0.000000E+00,+9.910000E+37,+6.487461E+02,+3.584400E+04
11:26:49,0e0,+8.593626E+00,+3.727500E-03,+9.910000E+37,+6.489707E+02,+3.584400E+04,+8.592529E+00,+3.727500E-03,+9.910000E+37,+6.490381E+02,+3.584400E+04,+8.587883E+00,+3.727500E-03,+9.910000E+37,+6.491045E+02,+3.584400E+04,-2.626184E-01,+0.000000E+00,+9.910000E+37,+6.491699E+02,+3.584400E+04
11:26:49,0e0,+8.740242E+00,+4.159500E-03,+9.910000E+37,+6.493945E+02,+3.584400E+04,+8.739150E+00,+4.159500E-03,+9.910000E+37,+6.494609E+02,+3.584400E+04,+8.732725E+00,+4.159500E-03,+9.910000E+37,+6.495273E+02,+3.584400E+04,-2.493222E-01,+0.000000E+00,+9.910000E+37,+6.495938E+02,+3.584400E+04
11:26:49,0e0,+8.890494E+00,+4.641500E-03,+9.910000E+37,+6.498193E+02,+3.584400E+04,+8.887854E+00,+4.641500E-03,+9.910000E+37,+6.498857E+02,+3.584400E+04,+8.881118E+00,+4.641500E-03,+9.910000E+37,+6.499521E+02,+3.584400E+04,-2.480472E-01,+0.000000E+00,+9.910000E+37,+6.500186E+02,+3.584400E+04
11:26:49,0e0,+9.040200E+00,+5.179500E-03,+9.910000E+37,+6.502432E+02,+3.584400E+04,+9.036968E+00,+5.179500E-03,+9.910000E+37,+6.503096E+02,+3.584400E+04,+9.029593E+00,+5.179500E-03,+9.910000E+37,+6.503770E+02,+3.584400E+04,-2.255531E-01,+0.000000E+00,+9.910000E+37,+6.504434E+02,+3.584400E+04
11:26:49,0e0,+9.191832E+00,+5.779500E-03,+9.910000E+37,+6.506689E+02,+3.584400E+04,+9.187503E+00,+5.779500E-03,+9.910000E+37,+6.507344E+02,+3.584400E+04,+9.179705E+00,+5.779500E-03,+9.910000E+37,+6.508008E+02,+3.584400E+04,-2.228210E-01,+0.000000E+00,+9.910000E+37,+6.508672E+02,+3.584400E+04
11:26:49,0e0,+9.349729E+00,+6.449500E-03,+9.910000E+37,+6.510879E+02,+3.584400E+04,+9.343030E+00,+6.449500E-03,+9.910000E+37,+6.511553E+02,+3.584400E+04,+9.334199E+00,+6.449500E-03,+9.910000E+37,+6.512227E+02,+3.584400E+04,-2.104362E-01,+0.000000E+00,+9.910000E+37,+6.512891E+02,+3.584400E+04
11:26:49,0e0,+9.512197E+00,+7.197000E-03,+9.910000E+37,+6.515137E+02,+3.584400E+04,+9.502851E+00,+7.197000E-03,+9.910000E+37,+6.515801E+02,+3.584400E+04,+9.493105E+00,+7.197000E-03,+9.910000E+37,+6.516465E+02,+3.584400E+04,-1.962303E-01,+0.000000E+00,+9.910000E+37,+6.517139E+02,+3.584400E+04
11:26:49,0e0,+9.680516E+00,+8.031000E-03,+9.910000E+37,+6.519375E+02,+3.584400E+04,+9.671228E+00,+8.031000E-03,+9.910000E+37,+6.520039E+02,+3.584400E+04,+9.660295E+00,+8.031000E-03,+9.910000E+37,+6.520693E+02,+3.584400E+04,-1.907209E-01,+0.000000E+00,+9.910000E+37,+6.521357E+02,+3.584400E+04
11:26:49,0e0,+9.858132E+00,+8.961500E-03,+9.910000E+37,+6.523564E+02,+3.584400E+04,+9.847982E+00,+8.961500E-03,+9.910000E+37,+6.524238E+02,+3.584400E+04,+9.833639E+00,+8.961500E-03,+9.910000E+37,+6.524902E+02,+3.584400E+04,-1.749213E-01,+0.000000E+00,+9.910000E+37,+6.525566E+02,+3.584400E+04
