11:31:31,0e0,+7.612333E-03,+1.000000E-07,+9.910000E+37,+8.827109E+02,+3.584400E+04,+8.022174E-03,+1.000000E-07,+9.910000E+37,+8.827783E+02,+3.584400E+04,+6.337315E-03,+1.000000E-07,+9.910000E+37,+8.828437E+02,+3.584400E+04,-1.314989E-02,+0.000000E+00,+9.910000E+37,+8.829111E+02,+3.584400E+04
11:31:31,0e0,+9.524286E-03,+1.116000E-07,+9.910000E+37,+8.831328E+02,+3.584400E+04,+9.934723E-03,+1.116000E-07,+9.910000E+37,+8.832002E+02,+3.584400E+04,+1.002549E-02,+1.116000E-07,+9.910000E+37,+8.832666E+02,+3.584400E+04,-1.214802E-02,+0.000000E+00,+9.910000E+37,+8.833320E+02,+3.584400E+04
11:31:31,0e0,+1.184687E-02,+1.245000E-07,+9.910000E+37,+8.835576E+02,+3.584400E+04,+1.139152E-02,+1.245000E-07,+9.910000E+37,+8.836250E+02,+3.584400E+04,+1.230207E-02,+1.245000E-07,+9.910000E+37,+8.836924E+02,+3.584400E+04,-1.246676E-02,+0.000000E+00,+9.910000E+37,+8.837588E+02,+3.584400E+04
11:31:31,0e0,+1.389554E-02,+1.389500E-07,+9.910000E+37,+8.839814E+02,+3.584400E+04,+1.457871E-02,+1.389500E-07,+9.910000E+37,+8.840479E+02,+3.584400E+04,+1.362251E-02,+1.389500E-07,+9.910000E+37,+8.841143E+02,+3.584400E+04,-1.233017E-02,+0.000000E+00,+9.910000E+37,+8.841807E+02,+3.584400E+04
11:31:31,0e0,+1.671816E-02,+1.550500E-07,+9.910000E+37,+8.844082E+02,+3.584400E+04,+1.744702E-02,+1.550500E-07,+9.910000E+37,+8.844746E+02,+3.584400E+04,+1.835807E-02,+1.550500E-07,+9.910000E+37,+8.845410E+02,+3.584400E+04,-1.210254E-02,+0.000000E+00,+9.910000E+37,+8.846074E+02,+3.584400E+04
11:31:31,0e0,+2.017948E-02,+1.730000E-07,+9.910000E+37,+8.848301E+02,+3.584400E+04,+2.168155E-02,+1.730000E-07,+9.910000E+37,+8.848975E+02,+3.584400E+04,+2.140839E-02,+1.730000E-07,+9.910000E+37,+8.849639E+02,+3.584400E+04,-1.064561E-02,+0.000000E+00,+9.910000E+37,+8.850312E+02,+3.584400E+04
11:31:31,0e0,+2.327506E-02,+1.930500E-07,+9.910000E+37,+8.852578E+02,+3.584400E+04,+2.368498E-02,+1.930500E-07,+9.910000E+37,+8.853242E+02,+3.584400E+04,+2.209108E-02,+1.930500E-07,+9.910000E+37,+8.853916E+02,+3.584400E+04,-1.278590E-02,+0.000000E+00,+9.910000E+37,+8.854570E+02,+3.584400E+04
11:31:31,0e0,+2.746394E-02,+2.154500E-07,+9.910000E+37,+8.856807E+02,+3.584400E+04,+2.801028E-02,+2.154500E-07,+9.910000E+37,+8.857480E+02,+3.584400E+04,+2.719095E-02,+2.154500E-07,+9.910000E+37,+8.858154E+02,+3.584400E+04,-1.296775E-02,+0.000000E+00,+9.910000E+37,+8.858818E+02,+3.584400E+04
11:31:31,0e0,+3.247258E-02,+2.404000E-07,+9.910000E+37,+8.861055E+02,+3.584400E+04,+3.119749E-02,+2.404000E-07,+9.910000E+37,+8.861719E+02,+3.584400E+04,+3.056014E-02,+2.404000E-07,+9.910000E+37,+8.862383E+02,+3.584400E+04,-1.223923E-02,+0.000000E+00,+9.910000E+37,+8.863047E+02,+3.584400E+04
11:31:31,0e0,+3.411180E-02,+2.682500E-07,+9.910000E+37,+8.865293E+02,+3.584400E+04,+3.429356E-02,+2.682500E-07,+9.910000E+37,+8.865957E+02,+3.584400E+04,+3.461239E-02,+2.682500E-07,+9.910000E+37,+8.866621E+02,+3.584400E+04,-1.428854E-02,+0.000000E+00,+9.910000E+37,+8.867285E+02,+3.584400E+04
11:31:31,0e0,+3.902882E-02,+2.993500E-07,+9.910000E+37,+8.869541E+02,+3.584400E+04,+3.912017E-02,+2.993500E-07,+9.910000E+37,+8.870215E+02,+3.584400E+04,+3.902915E-02,+2.993500E-07,+9.910000E+37,+8.870879E+02,+3.584400E+04,-1.273999E-02,+0.000000E+00,+9.910000E+37,+8.871543E+02,+3.584400E+04
11:31:31,0e0,+4.349095E-02,+3.340500E-07,+9.910000E+37,+8.873789E+02,+3.584400E+04,+4.344550E-02,+3.340500E-07,+9.910000E+37,+8.874453E+02,+3.584400E+04,+4.317218E-02,+3.340500E-07,+9.910000E+37,+8.875117E+02,+3.584400E+04,-1.278567E-02,+0.000000E+00,+9.910000E+37,+8.875781E+02,+3.584400E+04
11:31:31,0e0,+4.895476E-02,+3.727500E-07,+9.910000E+37,+8.878037E+02,+3.584400E+04,+4.749721E-02,+3.727500E-07,+9.910000E+37,+8.878711E+02,+3.584400E+04,+4.813471E-02,+3.727500E-07,+9.910000E+37,+8.879385E+02,+3.584400E+04,-1.105537E-02,+0.000000E+00,+9.910000E+37,+8.880049E+02,+3.584400E+04
11:31:31,0e0,+5.555671E-02,+4.159500E-07,+9.910000E+37,+8.882275E+02,+3.584400E+04,+5.282447E-02,+4.159500E-07,+9.910000E+37,+8.882949E+02,+3.584400E+04,+5.523777E-02,+4.159500E-07,+9.910000E+37,+8.883613E+02,+3.584400E+04,-1.319560E-02,+0.000000E+00,+9.910000E+37,+8.884277E+02,+3.584400E+04
11:31:31,0e0,+6.056532E-02,+4.641500E-07,+9.910000E+37,+8.886523E+02,+3.584400E+04,+6.111145E-02,+4.641500E-07,+9.910000E+37,+8.887187E+02,+3.584400E+04,+5.970001E-02,+4.641500E-07,+9.910000E+37,+8.887852E+02,+3.584400E+04,-1.274014E-02,+0.000000E+00,+9.910000E+37,+8.888516E+02,+3.584400E+04
11:31:31,0e0,+6.516320E-02,+5.179500E-07,+9.910000E+37,+8.890742E+02,+3.584400E+04,+6.648424E-02,+5.179500E-07,+9.910000E+37,+8.891416E+02,+3.584400E+04,+6.734937E-02,+5.179500E-07,+9.910000E+37,+8.892080E+02,+3.584400E+04,-1.365116E-02,+0.000000E+00,+9.910000E+37,+8.892744E+02,+3.584400E+04
11:31:31,0e0,+7.335937E-02,+5.779500E-07,+9.910000E+37,+8.894990E+02,+3.584400E+04,+7.290396E-02,+5.779500E-07,+9.910000E+37,+8.895654E+02,+3.584400E+04,+7.313174E-02,+5.779500E-07,+9.910000E+37,+8.896328E+02,+3.584400E+04,-1.233037E-02,+0.000000E+00,+9.910000E+37,+8.896992E+02,+3.584400E+04
11:31:31,0e0,+8.023480E-02,+6.449500E-07,+9.910000E+37,+8.899229E+02,+3.584400E+04,+7.923222E-02,+6.449500E-07,+9.910000E+37,+8.899893E+02,+3.584400E+04,+8.050779E-02,+6.449500E-07,+9.910000E+37,+8.900557E+02,+3.584400E+04,-1.283114E-02,+0.000000E+00,+9.910000E+37,+8.901221E+02,+3.584400E+04
11:31:31,0e0,+8.751905E-02,+7.197000E-07,+9.910000E+37,+8.903467E+02,+3.584400E+04,+8.815694E-02,+7.197000E-07,+9.910000E+37,+8.904131E+02,+3.584400E+04,+8.751914E-02,+7.197000E-07,+9.910000E+37,+8.904805E+02,+3.584400E+04,-1.192039E-02,+0.000000E+00,+9.910000E+37,+8.905469E+02,+3.584400E+04
11:31:31,0e0,+9.671730E-02,+8.031000E-07,+9.910000E+37,+8.907705E+02,+3.584400E+04,+9.685355E-02,+8.031000E-07,+9.910000E+37,+8.908379E+02,+3.584400E+04,+9.617051E-02,+8.031000E-07,+9.910000E+37,+8.909033E+02,+3.584400E+04,-1.237580E-02,+0.000000E+00,+9.910000E+37,+8.909697E+02,+3.584400E+04
11:31:31,0e0,+1.057773E-01,+8.961500E-07,+9.910000E+37,+8.911924E+02,+3.584400E+04,+1.053677E-01,+8.961500E-07,+9.910000E+37,+8.912588E+02,+3.584400E+04,+1.066887E-01,+8.961500E-07,+9.910000E+37,+8.913252E+02,+3.584400E+04,-1.233026E-02,+0.000000E+00,+9.910000E+37,+8.913916E+02,+3.584400E+04
11:31:31,0e0,+1.149293E-01,+1.000000E-06,+9.910000E+37,+8.916152E+02,+3.584400E+04,+1.135625E-01,+1.000000E-06,+9.910000E+37,+8.916816E+02,+3.584400E+04,+1.152481E-01,+1.000000E-06,+9.910000E+37,+8.917480E+02,+3.584400E+04,-1.283120E-02,+0.000000E+00,+9.910000E+37,+8.918145E+02,+3.584400E+04
11:31:31,0e0,+1.131991E-01,+1.116000E-06,+9.910000E+37,+8.920361E+02,+3.584400E+04,+1.132901E-01,+1.116000E-06,+9.910000E+37,+8.921025E+02,+3.584400E+04,+1.133815E-01,+1.116000E-06,+9.910000E+37,+8.921689E+02,+3.584400E+04,-1.251242E-02,+0.000000E+00,+9.910000E+37,+8.922354E+02,+3.584400E+04
11:31:31,0e0,+1.226250E-01,+1.245000E-06,+9.910000E+37,+8.924619E+02,+3.584400E+04,+1.238539E-01,+1.245000E-06,+9.910000E+37,+8.925283E+02,+3.584400E+04,+1.230796E-01,+1.245000E-06,+9.910000E+37,+8.925947E+02,+3.584400E+04,-1.237574E-02,+0.000000E+00,+9.910000E+37,+8.926611E+02,+3.584400E+04
11:31:31,0e0,+1.339159E-01,+1.389500E-06,+9.910000E+37,+8.928857E+02,+3.584400E+04,+1.338701E-01,+1.389500E-06,+9.910000E+37,+8.929531E+02,+3.584400E+04,+1.332783E-01,+1.389500E-06,+9.910000E+37,+8.930205E+02,+3.584400E+04,-1.110087E-02,+0.000000E+00,+9.910000E+37,+8.930879E+02,+3.584400E+04
11:31:31,0e0,+1.436595E-01,+1.550500E-06,+9.910000E+37,+8.933115E+02,+3.584400E+04,+1.448431E-01,+1.550500E-06,+9.910000E+37,+8.933779E+02,+3.584400E+04,+1.422018E-01,+1.550500E-06,+9.910000E+37,+8.934443E+02,+3.584400E+04,-1.155634E-02,+0.000000E+00,+9.910000E+37,+8.935107E+02,+3.584400E+04
11:31:31,0e0,+1.559535E-01,+1.730000E-06,+9.910000E+37,+8.937334E+02,+3.584400E+04,+1.551788E-01,+1.730000E-06,+9.910000E+37,+8.937998E+02,+3.584400E+04,+1.554517E-01,+1.730000E-06,+9.910000E+37,+8.938662E+02,+3.584400E+04,-1.242149E-02,+0.000000E+00,+9.910000E+37,+8.939326E+02,+3.584400E+04
11:31:31,0e0,+1.677458E-01,+1.930500E-06,+9.910000E+37,+8.941553E+02,+3.584400E+04,+1.673810E-01,+1.930500E-06,+9.910000E+37,+8.942217E+02,+3.584400E+04,+1.690204E-01,+1.930500E-06,+9.910000E+37,+8.942881E+02,+3.584400E+04,-1.319548E-02,+0.000000E+00,+9.910000E+37,+8.943535E+02,+3.584400E+04
11:31:31,0e0,+1.810861E-01,+2.154500E-06,+9.910000E+37,+8.945791E+02,+3.584400E+04,+1.816323E-01,+2.154500E-06,+9.910000E+37,+8.946445E+02,+3.584400E+04,+1.799932E-01,+2.154500E-06,+9.910000E+37,+8.947109E+02,+3.584400E+04,-1.278572E-02,+0.000000E+00,+9.910000E+37,+8.947773E+02,+3.584400E+04
11:31:31,0e0,+1.939254E-01,+2.404000E-06,+9.910000E+37,+8.950029E+02,+3.584400E+04,+1.952465E-01,+2.404000E-06,+9.910000E+37,+8.950693E+02,+3.584400E+04,+1.954738E-01,+2.404000E-06,+9.910000E+37,+8.951367E+02,+3.584400E+04,-1.283124E-02,+0.000000E+00,+9.910000E+37,+8.952041E+02,+3.584400E+04
11:31:31,0e0,+2.089966E-01,+2.682500E-06,+9.910000E+37,+8.954297E+02,+3.584400E+04,+2.094975E-01,+2.682500E-06,+9.910000E+37,+8.954971E+02,+3.584400E+04,+2.090880E-01,+2.682500E-06,+9.910000E+37,+8.955645E+02,+3.584400E+04,-1.333210E-02,+0.000000E+00,+9.910000E+37,+8.956309E+02,+3.584400E+04
11:31:31,0e0,+2.242039E-01,+2.993500E-06,+9.910000E+37,+8.958555E+02,+3.584400E+04,+2.242040E-01,+2.993500E-06,+9.910000E+37,+8.959219E+02,+3.584400E+04,+2.246595E-01,+2.993500E-06,+9.910000E+37,+8.959883E+02,+3.584400E+04,-1.374218E-02,+0.000000E+00,+9.910000E+37,+8.960547E+02,+3.584400E+04
11:31:31,0e0,+2.407323E-01,+3.340500E-06,+9.910000E+37,+8.962773E+02,+3.584400E+04,+2.416880E-01,+3.340500E-06,+9.910000E+37,+8.963447E+02,+3.584400E+04,+2.412782E-01,+3.340500E-06,+9.910000E+37,+8.964102E+02,+3.584400E+04,-1.283124E-02,+0.000000E+00,+9.910000E+37,+8.964766E+02,+3.584400E+04
11:31:31,0e0,+2.588984E-01,+3.727500E-06,+9.910000E+37,+8.967041E+02,+3.584400E+04,+2.580789E-01,+3.727500E-06,+9.910000E+37,+8.967705E+02,+3.584400E+04,+2.573953E-01,+3.727500E-06,+9.910000E+37,+8.968369E+02,+3.584400E+04,-1.301339E-02,+0.000000E+00,+9.910000E+37,+8.969033E+02,+3.584400E+04
11:31:31,0e0,+2.763826E-01,+4.159500E-06,+9.910000E+37,+8.971260E+02,+3.584400E+04,+2.775208E-01,+4.159500E-06,+9.910000E+37,+8.971924E+02,+3.584400E+04,+2.766558E-01,+4.159500E-06,+9.910000E+37,+8.972588E+02,+3.584400E+04,-1.192057E-02,+0.000000E+00,+9.910000E+37,+8.973252E+02,+3.584400E+04
11:31:31,0e0,+2.963250E-01,+4.641500E-06,+9.910000E+37,+8.975518E+02,+3.584400E+04,+2.955512E-01,+4.641500E-06,+9.910000E+37,+8.976182E+02,+3.584400E+04,+2.961431E-01,+4.641500E-06,+9.910000E+37,+8.976846E+02,+3.584400E+04,-1.346864E-02,+0.000000E+00,+9.910000E+37,+8.977510E+02,+3.584400E+04
11:31:31,0e0,+3.154938E-01,+5.179500E-06,+9.910000E+37,+8.979756E+02,+3.584400E+04,+3.163134E-01,+5.179500E-06,+9.910000E+37,+8.980410E+02,+3.584400E+04,+3.163136E-01,+5.179500E-06,+9.910000E+37,+8.981074E+02,+3.584400E+04,-1.269452E-02,+0.000000E+00,+9.910000E+37,+8.981748E+02,+3.584400E+04
11:31:31,0e0,+3.370312E-01,+5.779500E-06,+9.910000E+37,+8.984004E+02,+3.584400E+04,+3.367565E-01,+5.779500E-06,+9.910000E+37,+8.984668E+02,+3.584400E+04,+3.377132E-01,+5.779500E-06,+9.910000E+37,+8.985332E+02,+3.584400E+04,-1.333201E-02,+0.000000E+00,+9.910000E+37,+8.985996E+02,+3.584400E+04
11:31:31,0e0,+3.594779E-01,+6.449500E-06,+9.910000E+37,+8.988271E+02,+3.584400E+04,+3.585663E-01,+6.449500E-06,+9.910000E+37,+8.988945E+02,+3.584400E+04,+3.595682E-01,+6.449500E-06,+9.910000E+37,+8.989600E+02,+3.584400E+04,-1.223923E-02,+0.000000E+00,+9.910000E+37,+8.990264E+02,+3.584400E+04
11:31:31,0e0,+3.820145E-01,+7.197000E-06,+9.910000E+37,+8.992578E+02,+3.584400E+04,+3.829256E-01,+7.197000E-06,+9.910000E+37,+8.993252E+02,+3.584400E+04,+3.819690E-01,+7.197000E-06,+9.910000E+37,+8.993916E+02,+3.584400E+04,-1.119202E-02,+0.000000E+00,+9.910000E+37,+8.994580E+02,+3.584400E+04
11:31:31,0e0,+4.069203E-01,+8.031000E-06,+9.910000E+37,+8.996797E+02,+3.584400E+04,+4.066926E-01,+8.031000E-06,+9.910000E+37,+8.997461E+02,+3.584400E+04,+4.060097E-01,+8.031000E-06,+9.910000E+37,+8.998125E+02,+3.584400E+04,-1.305920E-02,+0.000000E+00,+9.910000E+37,+8.998799E+02,+3.584400E+04
11:31:31,0e0,+4.313705E-01,+8.961500E-06,+9.910000E+37,+9.001035E+02,+3.584400E+04,+4.314164E-01,+8.961500E-06,+9.910000E+37,+9.001699E+02,+3.584400E+04,+4.331921E-01,+8.961500E-06,+9.910000E+37,+9.002373E+02,+3.584400E+04,-1.242144E-02,+0.000000E+00,+9.910000E+37,+9.003027E+02,+3.584400E+04
11:31:31,0e0,+4.583710E-01,+1.000000E-05,+9.910000E+37,+9.005225E+02,+3.584400E+04,+4.571410E-01,+1.000000E-05,+9.910000E+37,+9.005889E+02,+3.584400E+04,+4.587802E-01,+1.000000E-05,+9.910000E+37,+9.006562E+02,+3.584400E+04,-1.228490E-02,+0.000000E+00,+9.910000E+37,+9.007217E+02,+3.584400E+04
11:31:31,0e0,+4.726217E-01,+1.116000E-05,+9.910000E+37,+9.009434E+02,+3.584400E+04,+4.733961E-01,+1.116000E-05,+9.910000E+37,+9.010088E+02,+3.584400E+04,+4.729414E-01,+1.116000E-05,+9.910000E+37,+9.010752E+02,+3.584400E+04,-1.447044E-02,+0.000000E+00,+9.910000E+37,+9.011416E+02,+3.584400E+04
11:31:31,0e0,+4.985741E-01,+1.245000E-05,+9.910000E+37,+9.013574E+02,+3.584400E+04,+5.008057E-01,+1.245000E-05,+9.910000E+37,+9.014248E+02,+3.584400E+04,+5.011701E-01,+1.245000E-05,+9.910000E+37,+9.014912E+02,+3.584400E+04,-1.415187E-02,+0.000000E+00,+9.910000E+37,+9.015605E+02,+3.584400E+04
11:31:31,0e0,+5.266673E-01,+1.389500E-05,+9.910000E+37,+9.017773E+02,+3.584400E+04,+5.267574E-01,+1.389500E-05,+9.910000E+37,+9.018447E+02,+3.584400E+04,+5.288533E-01,+1.389500E-05,+9.910000E+37,+9.019102E+02,+3.584400E+04,-1.515386E-02,+0.000000E+00,+9.910000E+37,+9.019824E+02,+3.584400E+04
11:31:31,0e0,+5.562639E-01,+1.550500E-05,+9.910000E+37,+9.022061E+02,+3.584400E+04,+5.556704E-01,+1.550500E-05,+9.910000E+37,+9.022734E+02,+3.584400E+04,+5.567629E-01,+1.550500E-05,+9.910000E+37,+9.023389E+02,+3.584400E+04,-1.387836E-02,+0.000000E+00,+9.910000E+37,+9.024072E+02,+3.584400E+04
11:31:31,0e0,+5.860854E-01,+1.730000E-05,+9.910000E+37,+9.026260E+02,+3.584400E+04,+5.855393E-01,+1.730000E-05,+9.910000E+37,+9.026934E+02,+3.584400E+04,+5.861765E-01,+1.730000E-05,+9.910000E+37,+9.027598E+02,+3.584400E+04,-1.383287E-02,+0.000000E+00,+9.910000E+37,+9.028311E+02,+3.584400E+04
11:31:31,0e0,+6.171837E-01,+1.930500E-05,+9.910000E+37,+9.030527E+02,+3.584400E+04,+6.168187E-01,+1.930500E-05,+9.910000E+37,+9.031201E+02,+3.584400E+04,+6.164550E-01,+1.930500E-05,+9.910000E+37,+9.031855E+02,+3.584400E+04,-1.337764E-02,+0.000000E+00,+9.910000E+37,+9.032578E+02,+3.584400E+04
11:31:31,0e0,+6.494641E-01,+2.154500E-05,+9.910000E+37,+9.034775E+02,+3.584400E+04,+6.488273E-01,+2.154500E-05,+9.910000E+37,+9.035439E+02,+3.584400E+04,+6.491004E-01,+2.154500E-05,+9.910000E+37,+9.036113E+02,+3.584400E+04,-1.360530E-02,+0.000000E+00,+9.910000E+37,+9.036826E+02,+3.584400E+04
11:31:31,0e0,+6.822472E-01,+2.404000E-05,+9.910000E+37,+9.039053E+02,+3.584400E+04,+6.814286E-01,+2.404000E-05,+9.910000E+37,+9.039707E+02,+3.584400E+04,+6.812456E-01,+2.404000E-05,+9.910000E+37,+9.040371E+02,+3.584400E+04,-1.396959E-02,+0.000000E+00,+9.910000E+37,+9.041094E+02,+3.584400E+04
11:31:31,0e0,+7.158035E-01,+2.682500E-05,+9.910000E+37,+9.043311E+02,+3.584400E+04,+7.158946E-01,+2.682500E-05,+9.910000E+37,+9.043975E+02,+3.584400E+04,+7.151658E-01,+2.682500E-05,+9.910000E+37,+9.044648E+02,+3.584400E+04,-1.447082E-02,+0.000000E+00,+9.910000E+37,+9.045361E+02,+3.584400E+04
11:31:31,0e0,+7.497234E-01,+2.993500E-05,+9.910000E+37,+9.047588E+02,+3.584400E+04,+7.498604E-01,+2.993500E-05,+9.910000E+37,+9.048242E+02,+3.584400E+04,+7.504979E-01,+2.993500E-05,+9.910000E+37,+9.048916E+02,+3.584400E+04,-1.314995E-02,+0.000000E+00,+9.910000E+37,+9.049639E+02,+3.584400E+04
11:31:31,0e0,+7.852843E-01,+3.340500E-05,+9.910000E+37,+9.051836E+02,+3.584400E+04,+7.857389E-01,+3.340500E-05,+9.910000E+37,+9.052500E+02,+3.584400E+04,+7.851021E-01,+3.340500E-05,+9.910000E+37,+9.053174E+02,+3.584400E+04,-1.296785E-02,+0.000000E+00,+9.910000E+37,+9.053867E+02,+3.584400E+04
11:31:31,0e0,+8.223910E-01,+3.727500E-05,+9.910000E+37,+9.056094E+02,+3.584400E+04,+8.214344E-01,+3.727500E-05,+9.910000E+37,+9.056758E+02,+3.584400E+04,+8.227109E-01,+3.727500E-05,+9.910000E+37,+9.057432E+02,+3.584400E+04,-1.296788E-02,+0.000000E+00,+9.910000E+37,+9.058125E+02,+3.584400E+04
11:31:31,0e0,+8.618681E-01,+4.159500E-05,+9.910000E+37,+9.060352E+02,+3.584400E+04,+8.595897E-01,+4.159500E-05,+9.910000E+37,+9.061025E+02,+3.584400E+04,+8.597720E-01,+4.159500E-05,+9.910000E+37,+9.061680E+02,+3.584400E+04,-1.437935E-02,+0.000000E+00,+9.910000E+37,+9.062393E+02,+3.584400E+04
11:31:31,0e0,+8.993390E-01,+4.641500E-05,+9.910000E+37,+9.064609E+02,+3.584400E+04,+8.993378E-01,+4.641500E-05,+9.910000E+37,+9.065264E+02,+3.584400E+04,+8.997499E-01,+4.641500E-05,+9.910000E+37,+9.065928E+02,+3.584400E+04,-1.287687E-02,+0.000000E+00,+9.910000E+37,+9.066611E+02,+3.584400E+04
11:31:31,0e0,+9.398617E-01,+5.179500E-05,+9.910000E+37,+9.068789E+02,+3.584400E+04,+9.399074E-01,+5.179500E-05,+9.910000E+37,+9.069453E+02,+3.584400E+04,+9.404086E-01,+5.179500E-05,+9.910000E+37,+9.070117E+02,+3.584400E+04,-1.328652E-02,+0.000000E+00,+9.910000E+37,+9.070840E+02,+3.584400E+04
11:31:31,0e0,+9.817511E-01,+5.779500E-05,+9.910000E+37,+9.073047E+02,+3.584400E+04,+9.817050E-01,+5.779500E-05,+9.910000E+37,+9.073711E+02,+3.584400E+04,+9.814317E-01,+5.779500E-05,+9.910000E+37,+9.074375E+02,+3.584400E+04,-1.392385E-02,+0.000000E+00,+9.910000E+37,+9.075088E+02,+3.584400E+04
11:31:31,0e0,+1.024049E+00,+6.449500E-05,+9.910000E+37,+9.077285E+02,+3.584400E+04,+1.025779E+00,+6.449500E-05,+9.910000E+37,+9.077949E+02,+3.584400E+04,+1.024686E+00,+6.449500E-05,+9.910000E+37,+9.078623E+02,+3.584400E+04,-1.342306E-02,+0.000000E+00,+9.910000E+37,+9.079336E+02,+3.584400E+04
11:31:31,0e0,+1.069169E+00,+7.197000E-05,+9.910000E+37,+9.081533E+02,+3.584400E+04,+1.069262E+00,+7.197000E-05,+9.910000E+37,+9.082207E+02,+3.584400E+04,+1.069899E+00,+7.197000E-05,+9.910000E+37,+9.082861E+02,+3.584400E+04,-1.383299E-02,+0.000000E+00,+9.910000E+37,+9.083574E+02,+3.584400E+04
11:31:31,0e0,+1.115202E+00,+8.031000E-05,+9.910000E+37,+9.085791E+02,+3.584400E+04,+1.114884E+00,+8.031000E-05,+9.910000E+37,+9.086445E+02,+3.584400E+04,+1.114883E+00,+8.031000E-05,+9.910000E+37,+9.087109E+02,+3.584400E+04,-1.551789E-02,+0.000000E+00,+9.910000E+37,+9.087813E+02,+3.584400E+04
11:31:31,0e0,+1.162327E+00,+8.961500E-05,+9.910000E+37,+9.090029E+02,+3.584400E+04,+1.163647E+00,+8.961500E-05,+9.910000E+37,+9.090693E+02,+3.584400E+04,+1.163282E+00,+8.961500E-05,+9.910000E+37,+9.091357E+02,+3.584400E+04,-1.396947E-02,+0.000000E+00,+9.910000E+37,+9.092051E+02,+3.584400E+04
11:31:31,0e0,+1.211091E+00,+1.000000E-04,+9.910000E+37,+9.094150E+02,+3.584400E+04,+1.210267E+00,+1.000000E-04,+9.910000E+37,+9.094873E+02,+3.584400E+04,+1.212501E+00,+1.000000E-04,+9.910000E+37,+9.095527E+02,+3.584400E+04,-1.274009E-02,+0.000000E+00,+9.910000E+37,+9.096191E+02,+3.584400E+04
11:31:31,0e0,+1.250338E+00,+1.116000E-04,+9.910000E+37,+9.098350E+02,+3.584400E+04,+1.251386E+00,+1.116000E-04,+9.910000E+37,+9.099023E+02,+3.584400E+04,+1.251204E+00,+1.116000E-04,+9.910000E+37,+9.099678E+02,+3.584400E+04,-2.512485E-02,+0.000000E+00,+9.910000E+37,+9.100342E+02,+3.584400E+04
11:31:31,0e0,+1.300604E+00,+1.245000E-04,+9.910000E+37,+9.102549E+02,+3.584400E+04,+1.302292E+00,+1.245000E-04,+9.910000E+37,+9.103223E+02,+3.584400E+04,+1.302198E+00,+1.245000E-04,+9.910000E+37,+9.103877E+02,+3.584400E+04,-2.485120E-02,+0.000000E+00,+9.910000E+37,+9.104541E+02,+3.584400E+04
11:31:31,0e0,+1.353147E+00,+1.389500E-04,+9.910000E+37,+9.106787E+02,+3.584400E+04,+1.353512E+00,+1.389500E-04,+9.910000E+37,+9.107461E+02,+3.584400E+04,+1.353421E+00,+1.389500E-04,+9.910000E+37,+9.108115E+02,+3.584400E+04,-2.362220E-02,+0.000000E+00,+9.910000E+37,+9.108779E+02,+3.584400E+04
11:31:31,0e0,+1.406555E+00,+1.550500E-04,+9.910000E+37,+9.111006E+02,+3.584400E+04,+1.407376E+00,+1.550500E-04,+9.910000E+37,+9.111670E+02,+3.584400E+04,+1.406784E+00,+1.550500E-04,+9.910000E+37,+9.112344E+02,+3.584400E+04,-2.380440E-02,+0.000000E+00,+9.910000E+37,+9.112998E+02,+3.584400E+04
11:31:31,0e0,+1.459963E+00,+1.730000E-04,+9.910000E+37,+9.115254E+02,+3.584400E+04,+1.459779E+00,+1.730000E-04,+9.910000E+37,+9.115928E+02,+3.584400E+04,+1.460007E+00,+1.730000E-04,+9.910000E+37,+9.116582E+02,+3.584400E+04,-2.453291E-02,+0.000000E+00,+9.910000E+37,+9.117246E+02,+3.584400E+04
11:31:31,0e0,+1.515059E+00,+1.930500E-04,+9.910000E+37,+9.119502E+02,+3.584400E+04,+1.514189E+00,+1.930500E-04,+9.910000E+37,+9.120156E+02,+3.584400E+04,+1.515786E+00,+1.930500E-04,+9.910000E+37,+9.120830E+02,+3.584400E+04,-2.380438E-02,+0.000000E+00,+9.910000E+37,+9.121484E+02,+3.584400E+04
11:31:31,0e0,+1.571014E+00,+2.154500E-04,+9.910000E+37,+9.123691E+02,+3.584400E+04,+1.570740E+00,+2.154500E-04,+9.910000E+37,+9.124355E+02,+3.584400E+04,+1.571469E+00,+2.154500E-04,+9.910000E+37,+9.125020E+02,+3.584400E+04,-2.298471E-02,+0.000000E+00,+9.910000E+37,+9.125693E+02,+3.584400E+04
11:31:31,0e0,+1.627793E+00,+2.404000E-04,+9.910000E+37,+9.127900E+02,+3.584400E+04,+1.627837E+00,+2.404000E-04,+9.910000E+37,+9.128564E+02,+3.584400E+04,+1.628064E+00,+2.404000E-04,+9.910000E+37,+9.129238E+02,+3.584400E+04,-2.375899E-02,+0.000000E+00,+9.910000E+37,+9.129893E+02,+3.584400E+04
11:31:31,0e0,+1.686070E+00,+2.682500E-04,+9.910000E+37,+9.132100E+02,+3.584400E+04,+1.685754E+00,+2.682500E-04,+9.910000E+37,+9.132764E+02,+3.584400E+04,+1.685571E+00,+2.682500E-04,+9.910000E+37,+9.133428E+02,+3.584400E+04,-2.353103E-02,+0.000000E+00,+9.910000E+37,+9.134102E+02,+3.584400E+04
11:31:31,0e0,+1.742756E+00,+2.993500E-04,+9.910000E+37,+9.136309E+02,+3.584400E+04,+1.742754E+00,+2.993500E-04,+9.910000E+37,+9.136982E+02,+3.584400E+04,+1.743716E+00,+2.993500E-04,+9.910000E+37,+9.137637E+02,+3.584400E+04,-2.425991E-02,+0.000000E+00,+9.910000E+37,+9.138301E+02,+3.584400E+04
11:31:31,0e0,+1.801947E+00,+3.340500E-04,+9.910000E+37,+9.140547E+02,+3.584400E+04,+1.802312E+00,+3.340500E-04,+9.910000E+37,+9.141211E+02,+3.584400E+04,+1.802130E+00,+3.340500E-04,+9.910000E+37,+9.141875E+02,+3.584400E+04,-2.462399E-02,+0.000000E+00,+9.910000E+37,+9.142549E+02,+3.584400E+04
11:31:31,0e0,+1.859866E+00,+3.727500E-04,+9.910000E+37,+9.144746E+02,+3.584400E+04,+1.861048E+00,+3.727500E-04,+9.910000E+37,+9.145420E+02,+3.584400E+04,+1.861182E+00,+3.727500E-04,+9.910000E+37,+9.146074E+02,+3.584400E+04,-2.476066E-02,+0.000000E+00,+9.910000E+37,+9.146738E+02,+3.584400E+04
11:31:31,0e0,+1.919873E+00,+4.159500E-04,+9.910000E+37,+9.148945E+02,+3.584400E+04,+1.920375E+00,+4.159500E-04,+9.910000E+37,+9.149668E+02,+3.584400E+04,+1.921193E+00,+4.159500E-04,+9.910000E+37,+9.150342E+02,+3.584400E+04,-2.612692E-02,+0.000000E+00,+9.910000E+37,+9.150996E+02,+3.584400E+04
11:31:31,0e0,+1.979701E+00,+4.641500E-04,+9.910000E+37,+9.153164E+02,+3.584400E+04,+1.980609E+00,+4.641500E-04,+9.910000E+37,+9.153828E+02,+3.584400E+04,+1.980382E+00,+4.641500E-04,+9.910000E+37,+9.154502E+02,+3.584400E+04,-2.366799E-02,+0.000000E+00,+9.910000E+37,+9.155156E+02,+3.584400E+04
11:31:31,0e0,+2.040531E+00,+5.179500E-04,+9.910000E+37,+9.157373E+02,+3.584400E+04,+2.041807E+00,+5.179500E-04,+9.910000E+37,+9.158037E+02,+3.584400E+04,+2.041398E+00,+5.179500E-04,+9.910000E+37,+9.158711E+02,+3.584400E+04,-2.435091E-02,+0.000000E+00,+9.910000E+37,+9.159375E+02,+3.584400E+04
11:31:31,0e0,+2.101450E+00,+5.779500E-04,+9.910000E+37,+9.161650E+02,+3.584400E+04,+2.101722E+00,+5.779500E-04,+9.910000E+37,+9.162324E+02,+3.584400E+04,+2.101768E+00,+5.779500E-04,+9.910000E+37,+9.162979E+02,+3.584400E+04,-2.548940E-02,+0.000000E+00,+9.910000E+37,+9.163652E+02,+3.584400E+04
11:31:31,0e0,+2.163280E+00,+6.449500E-04,+9.910000E+37,+9.165869E+02,+3.584400E+04,+2.164375E+00,+6.449500E-04,+9.910000E+37,+9.166523E+02,+3.584400E+04,+2.164740E+00,+6.449500E-04,+9.910000E+37,+9.167188E+02,+3.584400E+04,-2.321249E-02,+0.000000E+00,+9.910000E+37,+9.167852E+02,+3.584400E+04
11:31:31,0e0,+2.225842E+00,+7.197000E-04,+9.910000E+37,+9.170039E+02,+3.584400E+04,+2.226935E+00,+7.197000E-04,+9.910000E+37,+9.170703E+02,+3.584400E+04,+2.226841E+00,+7.197000E-04,+9.910000E+37,+9.171357E+02,+3.584400E+04,-2.435069E-02,+0.000000E+00,+9.910000E+37,+9.172031E+02,+3.584400E+04
11:31:31,0e0,+2.289221E+00,+8.031000E-04,+9.910000E+37,+9.174268E+02,+3.584400E+04,+2.290634E+00,+8.031000E-04,+9.910000E+37,+9.174932E+02,+3.584400E+04,+2.289402E+00,+8.031000E-04,+9.910000E+37,+9.175605E+02,+3.584400E+04,-2.480640E-02,+0.000000E+00,+9.910000E+37,+9.176260E+02,+3.584400E+04
11:31:31,0e0,+2.353601E+00,+8.961500E-04,+9.910000E+37,+9.178486E+02,+3.584400E+04,+2.352414E+00,+8.961500E-04,+9.910000E+37,+9.179160E+02,+3.584400E+04,+2.353466E+00,+8.961500E-04,+9.910000E+37,+9.179814E+02,+3.584400E+04,-2.257472E-02,+0.000000E+00,+9.910000E+37,+9.180488E+02,+3.584400E+04
11:31:31,0e0,+2.418346E+00,+1.000000E-03,+9.910000E+37,+9.182715E+02,+3.584400E+04,+2.417572E+00,+1.000000E-03,+9.910000E+37,+9.183389E+02,+3.584400E+04,+2.418209E+00,+1.000000E-03,+9.910000E+37,+9.184043E+02,+3.584400E+04,-2.435060E-02,+0.000000E+00,+9.910000E+37,+9.184717E+02,+3.584400E+04
11:31:31,0e0,+2.469433E+00,+1.116000E-03,+9.910000E+37,+9.186963E+02,+3.584400E+04,+2.470433E+00,+1.116000E-03,+9.910000E+37,+9.187627E+02,+3.584400E+04,+2.470707E+00,+1.116000E-03,+9.910000E+37,+9.188291E+02,+3.584400E+04,-9.489515E-01,+0.000000E+00,+9.910000E+37,+9.188965E+02,+3.584400E+04
11:31:31,0e0,+2.537047E+00,+1.245000E-03,+9.910000E+37,+9.191191E+02,+3.584400E+04,+2.536230E+00,+1.245000E-03,+9.910000E+37,+9.191865E+02,+3.584400E+04,+2.535864E+00,+1.245000E-03,+9.910000E+37,+9.192520E+02,+3.584400E+04,-9.564633E-01,+0.000000E+00,+9.910000E+37,+9.193193E+02,+3.584400E+04
11:31:31,0e0,+2.601976E+00,+1.389500E-03,+9.910000E+37,+9.195391E+02,+3.584400E+04,+2.602069E+00,+1.389500E-03,+9.910000E+37,+9.196055E+02,+3.584400E+04,+2.602523E+00,+1.389500E-03,+9.910000E+37,+9.196729E+02,+3.584400E+04,-9.711711E-01,+0.000000E+00,+9.910000E+37,+9.197402E+02,+3.584400E+04
11:31:31,0e0,+2.667446E+00,+1.550500E-03,+9.910000E+37,+9.199609E+02,+3.584400E+04,+2.669817E+00,+1.550500E-03,+9.910000E+37,+9.200273E+02,+3.584400E+04,+2.670540E+00,+1.550500E-03,+9.910000E+37,+9.200938E+02,+3.584400E+04,-9.817347E-01,+0.000000E+00,+9.910000E+37,+9.201611E+02,+3.584400E+04
11:31:31,0e0,+2.736928E+00,+1.730000E-03,+9.910000E+37,+9.203857E+02,+3.584400E+04,+2.737884E+00,+1.730000E-03,+9.910000E+37,+9.204531E+02,+3.584400E+04,+2.737702E+00,+1.730000E-03,+9.910000E+37,+9.205205E+02,+3.584400E+04,-9.625663E-01,+0.000000E+00,+9.910000E+37,+9.205859E+02,+3.584400E+04
11:31:31,0e0,+2.806548E+00,+1.930500E-03,+9.910000E+37,+9.208105E+02,+3.584400E+04,+2.807502E+00,+1.930500E-03,+9.910000E+37,+9.208770E+02,+3.584400E+04,+2.808138E+00,+1.930500E-03,+9.910000E+37,+9.209434E+02,+3.584400E+04,-9.799135E-01,+0.000000E+00,+9.910000E+37,+9.210107E+02,+3.584400E+04
11:31:31,0e0,+2.877620E+00,+2.154500E-03,+9.910000E+37,+9.212324E+02,+3.584400E+04,+2.879029E+00,+2.154500E-03,+9.910000E+37,+9.212998E+02,+3.584400E+04,+2.878438E+00,+2.154500E-03,+9.910000E+37,+9.213652E+02,+3.584400E+04,-9.611532E-01,+0.000000E+00,+9.910000E+37,+9.214316E+02,+3.584400E+04
11:31:31,0e0,+2.951698E+00,+2.404000E-03,+9.910000E+37,+9.216563E+02,+3.584400E+04,+2.950279E+00,+2.404000E-03,+9.910000E+37,+9.217236E+02,+3.584400E+04,+2.951470E+00,+2.404000E-03,+9.910000E+37,+9.217891E+02,+3.584400E+04,-9.672547E-01,+0.000000E+00,+9.910000E+37,+9.218555E+02,+3.584400E+04
11:31:31,0e0,+3.026777E+00,+2.682500E-03,+9.910000E+37,+9.220752E+02,+3.584400E+04,+3.026190E+00,+2.682500E-03,+9.910000E+37,+9.221426E+02,+3.584400E+04,+3.026509E+00,+2.682500E-03,+9.910000E+37,+9.222100E+02,+3.584400E+04,-9.438518E-01,+0.000000E+00,+9.910000E+37,+9.222754E+02,+3.584400E+04
11:31:31,0e0,+3.102908E+00,+2.993500E-03,+9.910000E+37,+9.225000E+02,+3.584400E+04,+3.101722E+00,+2.993500E-03,+9.910000E+37,+9.225654E+02,+3.584400E+04,+3.102995E+00,+2.993500E-03,+9.910000E+37,+9.226318E+02,+3.584400E+04,-9.694859E-01,+0.000000E+00,+9.910000E+37,+9.226992E+02,+3.584400E+04
11:31:31,0e0,+3.180444E+00,+3.340500E-03,+9.910000E+37,+9.229229E+02,+3.584400E+04,+3.180947E+00,+3.340500E-03,+9.910000E+37,+9.229902E+02,+3.584400E+04,+3.180354E+00,+3.340500E-03,+9.910000E+37,+9.230557E+02,+3.584400E+04,-9.828742E-01,+0.000000E+00,+9.910000E+37,+9.231221E+02,+3.584400E+04
11:31:31,0e0,+3.260765E+00,+3.727500E-03,+9.910000E+37,+9.233486E+02,+3.584400E+04,+3.261719E+00,+3.727500E-03,+9.910000E+37,+9.234160E+02,+3.584400E+04,+3.261632E+00,+3.727500E-03,+9.910000E+37,+9.234814E+02,+3.584400E+04,-9.634300E-01,+0.000000E+00,+9.910000E+37,+9.235488E+02,+3.584400E+04
11:31:31,0e0,+3.344948E+00,+4.159500E-03,+9.910000E+37,+9.237754E+02,+3.584400E+04,+3.344446E+00,+4.159500E-03,+9.910000E+37,+9.238428E+02,+3.584400E+04,+3.345402E+00,+4.159500E-03,+9.910000E+37,+9.239082E+02,+3.584400E+04,-9.550073E-01,+0.000000E+00,+9.910000E+37,+9.239746E+02,+3.584400E+04
11:31:31,0e0,+3.430768E+00,+4.641500E-03,+9.910000E+37,+9.242012E+02,+3.584400E+04,+3.432283E+00,+4.641500E-03,+9.910000E+37,+9.242686E+02,+3.584400E+04,+3.432048E+00,+4.641500E-03,+9.910000E+37,+9.243359E+02,+3.584400E+04,-9.487223E-01,+0.000000E+00,+9.910000E+37,+9.244014E+02,+3.584400E+04
11:31:31,0e0,+3.520790E+00,+5.179500E-03,+9.910000E+37,+9.246270E+02,+3.584400E+04,+3.522610E+00,+5.179500E-03,+9.910000E+37,+9.246943E+02,+3.584400E+04,+3.522161E+00,+5.179500E-03,+9.910000E+37,+9.247598E+02,+3.584400E+04,-9.492236E-01,+0.000000E+00,+9.910000E+37,+9.248271E+02,+3.584400E+04
11:31:31,0e0,+3.614722E+00,+5.779500E-03,+9.910000E+37,+9.250488E+02,+3.584400E+04,+3.615631E+00,+5.779500E-03,+9.910000E+37,+9.251152E+02,+3.584400E+04,+3.614855E+00,+5.779500E-03,+9.910000E+37,+9.251826E+02,+3.584400E+04,-9.617453E-01,+0.000000E+00,+9.910000E+37,+9.252480E+02,+3.584400E+04
11:31:31,0e0,+3.712252E+00,+6.449500E-03,+9.910000E+37,+9.254717E+02,+3.584400E+04,+3.711662E+00,+6.449500E-03,+9.910000E+37,+9.255381E+02,+3.584400E+04,+3.712384E+00,+6.449500E-03,+9.910000E+37,+9.256055E+02,+3.584400E+04,-9.191722E-01,+0.000000E+00,+9.910000E+37,+9.256729E+02,+3.584400E+04
11:31:31,0e0,+3.814607E+00,+7.197000E-03,+9.910000E+37,+9.258926E+02,+3.584400E+04,+3.813652E+00,+7.197000E-03,+9.910000E+37,+9.259580E+02,+3.584400E+04,+3.813196E+00,+7.197000E-03,+9.910000E+37,+9.260244E+02,+3.584400E+04,-9.186702E-01,+0.000000E+00,+9.910000E+37,+9.260908E+02,+3.584400E+04
11:31:31,0e0,+3.920550E+00,+8.031000E-03,+9.910000E+37,+9.263115E+02,+3.584400E+04,+3.920463E+00,+8.031000E-03,+9.910000E+37,+9.263770E+02,+3.584400E+04,+3.919681E+00,+8.031000E-03,+9.910000E+37,+9.264443E+02,+3.584400E+04,-8.995007E-01,+0.000000E+00,+9.910000E+37,+9.265098E+02,+3.584400E+04
11:31:31,0e0,+4.032432E+00,+8.961500E-03,+9.910000E+37,+9.267334E+02,+3.584400E+04,+4.032287E+00,+8.961500E-03,+9.910000E+37,+9.268008E+02,+3.584400E+04,+4.032150E+00,+8.961500E-03,+9.910000E+37,+9.268672E+02,+3.584400E+04,-8.922603E-01,+0.000000E+00,+9.910000E+37,+9.269336E+02,+3.584400E+04
