11:29:50,0e0,+2.013579E-03,+1.000000E-07,+9.910000E+37,+7.846055E+02,+3.584400E+04,+3.243372E-03,+1.000000E-07,+9.910000E+37,+7.846729E+02,+3.584400E+04,+1.239166E-03,+1.000000E-07,+9.910000E+37,+7.847402E+02,+3.584400E+04,-1.501524E-02,+0.000000E+00,+9.910000E+37,+7.848057E+02,+3.584400E+04
11:29:50,0e0,+3.151625E-03,+1.116000E-07,+9.910000E+37,+7.850293E+02,+3.584400E+04,+4.791081E-03,+1.116000E-07,+9.910000E+37,+7.850957E+02,+3.584400E+04,+3.379479E-03,+1.116000E-07,+9.910000E+37,+7.851621E+02,+3.584400E+04,-1.273845E-02,+0.000000E+00,+9.910000E+37,+7.852285E+02,+3.584400E+04
11:29:50,0e0,+6.794468E-03,+1.245000E-07,+9.910000E+37,+7.854531E+02,+3.584400E+04,+5.154833E-03,+1.245000E-07,+9.910000E+37,+7.855195E+02,+3.584400E+04,+6.612077E-03,+1.245000E-07,+9.910000E+37,+7.855859E+02,+3.584400E+04,-1.597171E-02,+0.000000E+00,+9.910000E+37,+7.856523E+02,+3.584400E+04
11:29:50,0e0,+7.431522E-03,+1.389500E-07,+9.910000E+37,+7.858770E+02,+3.584400E+04,+9.116918E-03,+1.389500E-07,+9.910000E+37,+7.859443E+02,+3.584400E+04,+8.524597E-03,+1.389500E-07,+9.910000E+37,+7.860107E+02,+3.584400E+04,-1.392233E-02,+0.000000E+00,+9.910000E+37,+7.860771E+02,+3.584400E+04
11:29:50,0e0,+1.134725E-02,+1.550500E-07,+9.910000E+37,+7.863008E+02,+3.584400E+04,+1.043664E-02,+1.550500E-07,+9.910000E+37,+7.863682E+02,+3.584400E+04,+1.139307E-02,+1.550500E-07,+9.910000E+37,+7.864355E+02,+3.584400E+04,-1.419537E-02,+0.000000E+00,+9.910000E+37,+7.865020E+02,+3.584400E+04
11:29:50,0e0,+1.494458E-02,+1.730000E-07,+9.910000E+37,+7.867256E+02,+3.584400E+04,+1.458052E-02,+1.730000E-07,+9.910000E+37,+7.867930E+02,+3.584400E+04,+1.385200E-02,+1.730000E-07,+9.910000E+37,+7.868594E+02,+3.584400E+04,-1.278394E-02,+0.000000E+00,+9.910000E+37,+7.869258E+02,+3.584400E+04
11:29:50,0e0,+1.653776E-02,+1.930500E-07,+9.910000E+37,+7.871494E+02,+3.584400E+04,+1.699318E-02,+1.930500E-07,+9.910000E+37,+7.872158E+02,+3.584400E+04,+1.831420E-02,+1.930500E-07,+9.910000E+37,+7.872822E+02,+3.584400E+04,-1.387687E-02,+0.000000E+00,+9.910000E+37,+7.873486E+02,+3.584400E+04
11:29:50,0e0,+2.177425E-02,+2.154500E-07,+9.910000E+37,+7.875742E+02,+3.584400E+04,+2.181989E-02,+2.154500E-07,+9.910000E+37,+7.876406E+02,+3.584400E+04,+2.049901E-02,+2.154500E-07,+9.910000E+37,+7.877070E+02,+3.584400E+04,-1.264726E-02,+0.000000E+00,+9.910000E+37,+7.877744E+02,+3.584400E+04
11:29:50,0e0,+2.500688E-02,+2.404000E-07,+9.910000E+37,+7.879990E+02,+3.584400E+04,+2.500670E-02,+2.404000E-07,+9.910000E+37,+7.880664E+02,+3.584400E+04,+2.528070E-02,+2.404000E-07,+9.910000E+37,+7.881338E+02,+3.584400E+04,-1.301150E-02,+0.000000E+00,+9.910000E+37,+7.882002E+02,+3.584400E+04
11:29:50,0e0,+3.024298E-02,+2.682500E-07,+9.910000E+37,+7.884238E+02,+3.584400E+04,+2.946910E-02,+2.682500E-07,+9.910000E+37,+7.884902E+02,+3.584400E+04,+3.088060E-02,+2.682500E-07,+9.910000E+37,+7.885576E+02,+3.584400E+04,-1.401363E-02,+0.000000E+00,+9.910000E+37,+7.886240E+02,+3.584400E+04
11:29:50,0e0,+3.502381E-02,+2.993500E-07,+9.910000E+37,+7.888506E+02,+3.584400E+04,+3.443179E-02,+2.993500E-07,+9.910000E+37,+7.889180E+02,+3.584400E+04,+3.356645E-02,+2.993500E-07,+9.910000E+37,+7.889844E+02,+3.584400E+04,-1.383145E-02,+0.000000E+00,+9.910000E+37,+7.890518E+02,+3.584400E+04
11:29:50,0e0,+3.939459E-02,+3.340500E-07,+9.910000E+37,+7.892744E+02,+3.584400E+04,+4.003224E-02,+3.340500E-07,+9.910000E+37,+7.893408E+02,+3.584400E+04,+4.016876E-02,+3.340500E-07,+9.910000E+37,+7.894072E+02,+3.584400E+04,-1.424128E-02,+0.000000E+00,+9.910000E+37,+7.894736E+02,+3.584400E+04
11:29:50,0e0,+4.545033E-02,+3.727500E-07,+9.910000E+37,+7.896982E+02,+3.584400E+04,+4.517719E-02,+3.727500E-07,+9.910000E+37,+7.897646E+02,+3.584400E+04,+4.708984E-02,+3.727500E-07,+9.910000E+37,+7.898311E+02,+3.584400E+04,-1.232886E-02,+0.000000E+00,+9.910000E+37,+7.898975E+02,+3.584400E+04
11:29:50,0e0,+5.250779E-02,+4.159500E-07,+9.910000E+37,+7.901250E+02,+3.584400E+04,+5.446601E-02,+4.159500E-07,+9.910000E+37,+7.901914E+02,+3.584400E+04,+5.205250E-02,+4.159500E-07,+9.910000E+37,+7.902578E+02,+3.584400E+04,-1.323961E-02,+0.000000E+00,+9.910000E+37,+7.903242E+02,+3.584400E+04
11:29:50,0e0,+5.892739E-02,+4.641500E-07,+9.910000E+37,+7.905479E+02,+3.584400E+04,+5.865437E-02,+4.641500E-07,+9.910000E+37,+7.906152E+02,+3.584400E+04,+6.024864E-02,+4.641500E-07,+9.910000E+37,+7.906816E+02,+3.584400E+04,-1.460528E-02,+0.000000E+00,+9.910000E+37,+7.907490E+02,+3.584400E+04
11:29:50,0e0,+6.748739E-02,+5.179500E-07,+9.910000E+37,+7.909717E+02,+3.584400E+04,+6.771559E-02,+5.179500E-07,+9.910000E+37,+7.910381E+02,+3.584400E+04,+6.730568E-02,+5.179500E-07,+9.910000E+37,+7.911045E+02,+3.584400E+04,-1.346740E-02,+0.000000E+00,+9.910000E+37,+7.911709E+02,+3.584400E+04
11:29:50,0e0,+7.472700E-02,+5.779500E-07,+9.910000E+37,+7.913965E+02,+3.584400E+04,+7.518199E-02,+5.779500E-07,+9.910000E+37,+7.914639E+02,+3.584400E+04,+7.550094E-02,+5.779500E-07,+9.910000E+37,+7.915303E+02,+3.584400E+04,-1.392281E-02,+0.000000E+00,+9.910000E+37,+7.915967E+02,+3.584400E+04
11:29:50,0e0,+8.588192E-02,+6.449500E-07,+9.910000E+37,+7.918203E+02,+3.584400E+04,+8.524492E-02,+6.449500E-07,+9.910000E+37,+7.918867E+02,+3.584400E+04,+8.469838E-02,+6.449500E-07,+9.910000E+37,+7.919531E+02,+3.584400E+04,-1.387709E-02,+0.000000E+00,+9.910000E+37,+7.920195E+02,+3.584400E+04
11:29:50,0e0,+9.553528E-02,+7.197000E-07,+9.910000E+37,+7.922461E+02,+3.584400E+04,+9.644595E-02,+7.197000E-07,+9.910000E+37,+7.923125E+02,+3.584400E+04,+9.535286E-02,+7.197000E-07,+9.910000E+37,+7.923789E+02,+3.584400E+04,-1.547098E-02,+0.000000E+00,+9.910000E+37,+7.924453E+02,+3.584400E+04
11:29:50,0e0,+1.080103E-01,+8.031000E-07,+9.910000E+37,+7.926689E+02,+3.584400E+04,+1.068727E-01,+8.031000E-07,+9.910000E+37,+7.927363E+02,+3.584400E+04,+1.073729E-01,+8.031000E-07,+9.910000E+37,+7.928018E+02,+3.584400E+04,-1.405875E-02,+0.000000E+00,+9.910000E+37,+7.928682E+02,+3.584400E+04
11:29:50,0e0,+1.203958E-01,+8.961500E-07,+9.910000E+37,+7.931055E+02,+3.584400E+04,+1.213976E-01,+8.961500E-07,+9.910000E+37,+7.931729E+02,+3.584400E+04,+1.199850E-01,+8.961500E-07,+9.910000E+37,+7.932402E+02,+3.584400E+04,-1.374021E-02,+0.000000E+00,+9.910000E+37,+7.933066E+02,+3.584400E+04
11:29:50,0e0,+1.328705E-01,+1.000000E-06,+9.910000E+37,+7.935254E+02,+3.584400E+04,+1.322783E-01,+1.000000E-06,+9.910000E+37,+7.935928E+02,+3.584400E+04,+1.339636E-01,+1.000000E-06,+9.910000E+37,+7.936592E+02,+3.584400E+04,-1.442331E-02,+0.000000E+00,+9.910000E+37,+7.937256E+02,+3.584400E+04
11:29:50,0e0,+1.370148E-01,+1.116000E-06,+9.910000E+37,+7.939482E+02,+3.584400E+04,+1.360574E-01,+1.116000E-06,+9.910000E+37,+7.940146E+02,+3.584400E+04,+1.366958E-01,+1.116000E-06,+9.910000E+37,+7.940811E+02,+3.584400E+04,-1.419549E-02,+0.000000E+00,+9.910000E+37,+7.941475E+02,+3.584400E+04
11:29:50,0e0,+1.522672E-01,+1.245000E-06,+9.910000E+37,+7.943721E+02,+3.584400E+04,+1.517210E-01,+1.245000E-06,+9.910000E+37,+7.944385E+02,+3.584400E+04,+1.525405E-01,+1.245000E-06,+9.910000E+37,+7.945059E+02,+3.584400E+04,-1.556212E-02,+0.000000E+00,+9.910000E+37,+7.945732E+02,+3.584400E+04
11:29:50,0e0,+1.682937E-01,+1.389500E-06,+9.910000E+37,+7.947988E+02,+3.584400E+04,+1.698882E-01,+1.389500E-06,+9.910000E+37,+7.948662E+02,+3.584400E+04,+1.677024E-01,+1.389500E-06,+9.910000E+37,+7.949316E+02,+3.584400E+04,-1.428647E-02,+0.000000E+00,+9.910000E+37,+7.949980E+02,+3.584400E+04
11:29:50,0e0,+1.861423E-01,+1.550500E-06,+9.910000E+37,+7.952256E+02,+3.584400E+04,+1.870527E-01,+1.550500E-06,+9.910000E+37,+7.952920E+02,+3.584400E+04,+1.867802E-01,+1.550500E-06,+9.910000E+37,+7.953574E+02,+3.584400E+04,-1.387705E-02,+0.000000E+00,+9.910000E+37,+7.954238E+02,+3.584400E+04
11:29:50,0e0,+2.069960E-01,+1.730000E-06,+9.910000E+37,+7.956445E+02,+3.584400E+04,+2.069511E-01,+1.730000E-06,+9.910000E+37,+7.957109E+02,+3.584400E+04,+2.068145E-01,+1.730000E-06,+9.910000E+37,+7.957773E+02,+3.584400E+04,-1.410471E-02,+0.000000E+00,+9.910000E+37,+7.958437E+02,+3.584400E+04
11:29:50,0e0,+2.262093E-01,+1.930500E-06,+9.910000E+37,+7.960684E+02,+3.584400E+04,+2.293531E-01,+1.930500E-06,+9.910000E+37,+7.961357E+02,+3.584400E+04,+2.294432E-01,+1.930500E-06,+9.910000E+37,+7.962012E+02,+3.584400E+04,-1.606299E-02,+0.000000E+00,+9.910000E+37,+7.962676E+02,+3.584400E+04
11:29:50,0e0,+2.504781E-01,+2.154500E-06,+9.910000E+37,+7.964971E+02,+3.584400E+04,+2.527098E-01,+2.154500E-06,+9.910000E+37,+7.965645E+02,+3.584400E+04,+2.518454E-01,+2.154500E-06,+9.910000E+37,+7.966299E+02,+3.584400E+04,-1.428638E-02,+0.000000E+00,+9.910000E+37,+7.966963E+02,+3.584400E+04
11:29:50,0e0,+2.791177E-01,+2.404000E-06,+9.910000E+37,+7.969219E+02,+3.584400E+04,+2.762941E-01,+2.404000E-06,+9.910000E+37,+7.969893E+02,+3.584400E+04,+2.771137E-01,+2.404000E-06,+9.910000E+37,+7.970557E+02,+3.584400E+04,-1.474208E-02,+0.000000E+00,+9.910000E+37,+7.971211E+02,+3.584400E+04
11:29:50,0e0,+3.063005E-01,+2.682500E-06,+9.910000E+37,+7.973457E+02,+3.584400E+04,+3.071209E-01,+2.682500E-06,+9.910000E+37,+7.974131E+02,+3.584400E+04,+3.057542E-01,+2.682500E-06,+9.910000E+37,+7.974795E+02,+3.584400E+04,-1.337594E-02,+0.000000E+00,+9.910000E+37,+7.975459E+02,+3.584400E+04
11:29:50,0e0,+3.368970E-01,+2.993500E-06,+9.910000E+37,+7.977715E+02,+3.584400E+04,+3.376259E-01,+2.993500E-06,+9.910000E+37,+7.978379E+02,+3.584400E+04,+3.372616E-01,+2.993500E-06,+9.910000E+37,+7.979043E+02,+3.584400E+04,-1.410474E-02,+0.000000E+00,+9.910000E+37,+7.979707E+02,+3.584400E+04
11:29:50,0e0,+3.699073E-01,+3.340500E-06,+9.910000E+37,+7.982002E+02,+3.584400E+04,+3.718656E-01,+3.340500E-06,+9.910000E+37,+7.982656E+02,+3.584400E+04,+3.714105E-01,+3.340500E-06,+9.910000E+37,+7.983320E+02,+3.584400E+04,-1.510674E-02,+0.000000E+00,+9.910000E+37,+7.983984E+02,+3.584400E+04
11:29:50,0e0,+4.082452E-01,+3.727500E-06,+9.910000E+37,+7.986230E+02,+3.584400E+04,+4.078813E-01,+3.727500E-06,+9.910000E+37,+7.986895E+02,+3.584400E+04,+4.084728E-01,+3.727500E-06,+9.910000E+37,+7.987568E+02,+3.584400E+04,-1.538000E-02,+0.000000E+00,+9.910000E+37,+7.988232E+02,+3.584400E+04
11:29:50,0e0,+4.469454E-01,+4.159500E-06,+9.910000E+37,+7.990488E+02,+3.584400E+04,+4.476292E-01,+4.159500E-06,+9.910000E+37,+7.991152E+02,+3.584400E+04,+4.467641E-01,+4.159500E-06,+9.910000E+37,+7.991826E+02,+3.584400E+04,-1.437813E-02,+0.000000E+00,+9.910000E+37,+7.992490E+02,+3.584400E+04
11:29:50,0e0,+4.930245E-01,+4.641500E-06,+9.910000E+37,+7.994775E+02,+3.584400E+04,+4.926605E-01,+4.641500E-06,+9.910000E+37,+7.995439E+02,+3.584400E+04,+4.899269E-01,+4.641500E-06,+9.910000E+37,+7.996094E+02,+3.584400E+04,-1.374060E-02,+0.000000E+00,+9.910000E+37,+7.996758E+02,+3.584400E+04
11:29:50,0e0,+5.398308E-01,+5.179500E-06,+9.910000E+37,+7.998984E+02,+3.584400E+04,+5.402414E-01,+5.179500E-06,+9.910000E+37,+7.999639E+02,+3.584400E+04,+5.399689E-01,+5.179500E-06,+9.910000E+37,+8.000303E+02,+3.584400E+04,-1.337613E-02,+0.000000E+00,+9.910000E+37,+8.000977E+02,+3.584400E+04
11:29:50,0e0,+5.910087E-01,+5.779500E-06,+9.910000E+37,+8.003232E+02,+3.584400E+04,+5.920106E-01,+5.779500E-06,+9.910000E+37,+8.003887E+02,+3.584400E+04,+5.919211E-01,+5.779500E-06,+9.910000E+37,+8.004551E+02,+3.584400E+04,-1.419529E-02,+0.000000E+00,+9.910000E+37,+8.005225E+02,+3.584400E+04
11:29:50,0e0,+6.491069E-01,+6.449500E-06,+9.910000E+37,+8.007471E+02,+3.584400E+04,+6.488338E-01,+6.449500E-06,+9.910000E+37,+8.008145E+02,+3.584400E+04,+6.499711E-01,+6.449500E-06,+9.910000E+37,+8.008799E+02,+3.584400E+04,-1.296647E-02,+0.000000E+00,+9.910000E+37,+8.009473E+02,+3.584400E+04
11:29:50,0e0,+7.102096E-01,+7.197000E-06,+9.910000E+37,+8.011699E+02,+3.584400E+04,+7.093891E-01,+7.197000E-06,+9.910000E+37,+8.012354E+02,+3.584400E+04,+7.106645E-01,+7.197000E-06,+9.910000E+37,+8.013018E+02,+3.584400E+04,-1.515242E-02,+0.000000E+00,+9.910000E+37,+8.013691E+02,+3.584400E+04
11:29:50,0e0,+7.760949E-01,+8.031000E-06,+9.910000E+37,+8.015928E+02,+3.584400E+04,+7.763214E-01,+8.031000E-06,+9.910000E+37,+8.016592E+02,+3.584400E+04,+7.765046E-01,+8.031000E-06,+9.910000E+37,+8.017256E+02,+3.584400E+04,-1.524296E-02,+0.000000E+00,+9.910000E+37,+8.017920E+02,+3.584400E+04
11:29:50,0e0,+8.452539E-01,+8.961500E-06,+9.910000E+37,+8.020186E+02,+3.584400E+04,+8.463945E-01,+8.961500E-06,+9.910000E+37,+8.020840E+02,+3.584400E+04,+8.469864E-01,+8.961500E-06,+9.910000E+37,+8.021504E+02,+3.584400E+04,-1.401354E-02,+0.000000E+00,+9.910000E+37,+8.022178E+02,+3.584400E+04
11:29:50,0e0,+9.192423E-01,+1.000000E-05,+9.910000E+37,+8.024404E+02,+3.584400E+04,+9.222041E-01,+1.000000E-05,+9.910000E+37,+8.025068E+02,+3.584400E+04,+9.228873E-01,+1.000000E-05,+9.910000E+37,+8.025732E+02,+3.584400E+04,-1.433210E-02,+0.000000E+00,+9.910000E+37,+8.026396E+02,+3.584400E+04
11:29:50,0e0,+9.899089E-01,+1.116000E-05,+9.910000E+37,+8.028574E+02,+3.584400E+04,+9.895452E-01,+1.116000E-05,+9.910000E+37,+8.029238E+02,+3.584400E+04,+9.905933E-01,+1.116000E-05,+9.910000E+37,+8.029912E+02,+3.584400E+04,-1.496965E-02,+0.000000E+00,+9.910000E+37,+8.030625E+02,+3.584400E+04
11:29:50,0e0,+1.073232E+00,+1.245000E-05,+9.910000E+37,+8.032813E+02,+3.584400E+04,+1.074370E+00,+1.245000E-05,+9.910000E+37,+8.033486E+02,+3.584400E+04,+1.073552E+00,+1.245000E-05,+9.910000E+37,+8.034141E+02,+3.584400E+04,-1.683694E-02,+0.000000E+00,+9.910000E+37,+8.034854E+02,+3.584400E+04
11:29:50,0e0,+1.162930E+00,+1.389500E-05,+9.910000E+37,+8.037100E+02,+3.584400E+04,+1.163702E+00,+1.389500E-05,+9.910000E+37,+8.037764E+02,+3.584400E+04,+1.161697E+00,+1.389500E-05,+9.910000E+37,+8.038438E+02,+3.584400E+04,-1.442342E-02,+0.000000E+00,+9.910000E+37,+8.039111E+02,+3.584400E+04
11:29:50,0e0,+1.256089E+00,+1.550500E-05,+9.910000E+37,+8.041328E+02,+3.584400E+04,+1.254990E+00,+1.550500E-05,+9.910000E+37,+8.041992E+02,+3.584400E+04,+1.256038E+00,+1.550500E-05,+9.910000E+37,+8.042646E+02,+3.584400E+04,-1.606239E-02,+0.000000E+00,+9.910000E+37,+8.043340E+02,+3.584400E+04
11:29:50,0e0,+1.352520E+00,+1.730000E-05,+9.910000E+37,+8.045537E+02,+3.584400E+04,+1.354752E+00,+1.730000E-05,+9.910000E+37,+8.046211E+02,+3.584400E+04,+1.355253E+00,+1.730000E-05,+9.910000E+37,+8.046865E+02,+3.584400E+04,-1.547033E-02,+0.000000E+00,+9.910000E+37,+8.047578E+02,+3.584400E+04
11:29:50,0e0,+1.456471E+00,+1.930500E-05,+9.910000E+37,+8.049785E+02,+3.584400E+04,+1.458382E+00,+1.930500E-05,+9.910000E+37,+8.050449E+02,+3.584400E+04,+1.458021E+00,+1.930500E-05,+9.910000E+37,+8.051104E+02,+3.584400E+04,-1.405929E-02,+0.000000E+00,+9.910000E+37,+8.051787E+02,+3.584400E+04
11:29:50,0e0,+1.564519E+00,+2.154500E-05,+9.910000E+37,+8.053975E+02,+3.584400E+04,+1.565019E+00,+2.154500E-05,+9.910000E+37,+8.054639E+02,+3.584400E+04,+1.564790E+00,+2.154500E-05,+9.910000E+37,+8.055293E+02,+3.584400E+04,-1.506092E-02,+0.000000E+00,+9.910000E+37,+8.056016E+02,+3.584400E+04
11:29:50,0e0,+1.674251E+00,+2.404000E-05,+9.910000E+37,+8.058223E+02,+3.584400E+04,+1.677935E+00,+2.404000E-05,+9.910000E+37,+8.058887E+02,+3.584400E+04,+1.677068E+00,+2.404000E-05,+9.910000E+37,+8.059541E+02,+3.584400E+04,-1.542494E-02,+0.000000E+00,+9.910000E+37,+8.060254E+02,+3.584400E+04
11:29:50,0e0,+1.792176E+00,+2.682500E-05,+9.910000E+37,+8.062471E+02,+3.584400E+04,+1.792537E+00,+2.682500E-05,+9.910000E+37,+8.063125E+02,+3.584400E+04,+1.793995E+00,+2.682500E-05,+9.910000E+37,+8.063789E+02,+3.584400E+04,-1.456016E-02,+0.000000E+00,+9.910000E+37,+8.064502E+02,+3.584400E+04
11:29:50,0e0,+1.912603E+00,+2.993500E-05,+9.910000E+37,+8.066719E+02,+3.584400E+04,+1.915111E+00,+2.993500E-05,+9.910000E+37,+8.067383E+02,+3.584400E+04,+1.914743E+00,+2.993500E-05,+9.910000E+37,+8.068047E+02,+3.584400E+04,-1.410484E-02,+0.000000E+00,+9.910000E+37,+8.068730E+02,+3.584400E+04
11:29:50,0e0,+2.037727E+00,+3.340500E-05,+9.910000E+37,+8.070918E+02,+3.584400E+04,+2.039176E+00,+3.340500E-05,+9.910000E+37,+8.071572E+02,+3.584400E+04,+2.040092E+00,+3.340500E-05,+9.910000E+37,+8.072246E+02,+3.584400E+04,-1.547037E-02,+0.000000E+00,+9.910000E+37,+8.072969E+02,+3.584400E+04
11:29:50,0e0,+2.168222E+00,+3.727500E-05,+9.910000E+37,+8.075176E+02,+3.584400E+04,+2.171631E+00,+3.727500E-05,+9.910000E+37,+8.075850E+02,+3.584400E+04,+2.171723E+00,+3.727500E-05,+9.910000E+37,+8.076504E+02,+3.584400E+04,-1.528859E-02,+0.000000E+00,+9.910000E+37,+8.077217E+02,+3.584400E+04
11:29:50,0e0,+2.305312E+00,+4.159500E-05,+9.910000E+37,+8.079424E+02,+3.584400E+04,+2.306452E+00,+4.159500E-05,+9.910000E+37,+8.080078E+02,+3.584400E+04,+2.306815E+00,+4.159500E-05,+9.910000E+37,+8.080752E+02,+3.584400E+04,-1.583502E-02,+0.000000E+00,+9.910000E+37,+8.081426E+02,+3.584400E+04
11:29:50,0e0,+2.445590E+00,+4.641500E-05,+9.910000E+37,+8.083613E+02,+3.584400E+04,+2.448422E+00,+4.641500E-05,+9.910000E+37,+8.084277E+02,+3.584400E+04,+2.449011E+00,+4.641500E-05,+9.910000E+37,+8.084932E+02,+3.584400E+04,-1.670037E-02,+0.000000E+00,+9.910000E+37,+8.085645E+02,+3.584400E+04
11:29:50,0e0,+2.594849E+00,+5.179500E-05,+9.910000E+37,+8.087861E+02,+3.584400E+04,+2.594706E+00,+5.179500E-05,+9.910000E+37,+8.088525E+02,+3.584400E+04,+2.596849E+00,+5.179500E-05,+9.910000E+37,+8.089199E+02,+3.584400E+04,-1.392274E-02,+0.000000E+00,+9.910000E+37,+8.089873E+02,+3.584400E+04
11:29:50,0e0,+2.746281E+00,+5.779500E-05,+9.910000E+37,+8.092100E+02,+3.584400E+04,+2.749654E+00,+5.779500E-05,+9.910000E+37,+8.092764E+02,+3.584400E+04,+2.749747E+00,+5.779500E-05,+9.910000E+37,+8.093428E+02,+3.584400E+04,-1.574394E-02,+0.000000E+00,+9.910000E+37,+8.094121E+02,+3.584400E+04
11:29:50,0e0,+2.907972E+00,+6.449500E-05,+9.910000E+37,+8.096338E+02,+3.584400E+04,+2.909972E+00,+6.449500E-05,+9.910000E+37,+8.097002E+02,+3.584400E+04,+2.909604E+00,+6.449500E-05,+9.910000E+37,+8.097676E+02,+3.584400E+04,-1.524305E-02,+0.000000E+00,+9.910000E+37,+8.098350E+02,+3.584400E+04
11:29:50,0e0,+3.075299E+00,+7.197000E-05,+9.910000E+37,+8.100547E+02,+3.584400E+04,+3.077072E+00,+7.197000E-05,+9.910000E+37,+8.101201E+02,+3.584400E+04,+3.077886E+00,+7.197000E-05,+9.910000E+37,+8.101875E+02,+3.584400E+04,-1.578921E-02,+0.000000E+00,+9.910000E+37,+8.102598E+02,+3.584400E+04
11:29:50,0e0,+3.249541E+00,+8.031000E-05,+9.910000E+37,+8.104814E+02,+3.584400E+04,+3.252182E+00,+8.031000E-05,+9.910000E+37,+8.105488E+02,+3.584400E+04,+3.251039E+00,+8.031000E-05,+9.910000E+37,+8.106143E+02,+3.584400E+04,-1.537970E-02,+0.000000E+00,+9.910000E+37,+8.106855E+02,+3.584400E+04
11:29:50,0e0,+3.431115E+00,+8.961500E-05,+9.910000E+37,+8.109043E+02,+3.584400E+04,+3.434672E+00,+8.961500E-05,+9.910000E+37,+8.109707E+02,+3.584400E+04,+3.434081E+00,+8.961500E-05,+9.910000E+37,+8.110381E+02,+3.584400E+04,-1.442362E-02,+0.000000E+00,+9.910000E+37,+8.111104E+02,+3.584400E+04
11:29:50,0e0,+3.622725E+00,+1.000000E-04,+9.910000E+37,+8.113271E+02,+3.584400E+04,+3.623850E+00,+1.000000E-04,+9.910000E+37,+8.113926E+02,+3.584400E+04,+3.623400E+00,+1.000000E-04,+9.910000E+37,+8.114609E+02,+3.584400E+04,-1.501541E-02,+0.000000E+00,+9.910000E+37,+8.115322E+02,+3.584400E+04
11:29:50,0e0,+3.809901E+00,+1.116000E-04,+9.910000E+37,+8.117568E+02,+3.584400E+04,+3.811860E+00,+1.116000E-04,+9.910000E+37,+8.118242E+02,+3.584400E+04,+3.813541E+00,+1.116000E-04,+9.910000E+37,+8.118896E+02,+3.584400E+04,-2.302912E-02,+0.000000E+00,+9.910000E+37,+8.119570E+02,+3.584400E+04
11:29:50,0e0,+4.016930E+00,+1.245000E-04,+9.910000E+37,+8.121807E+02,+3.584400E+04,+4.017791E+00,+1.245000E-04,+9.910000E+37,+8.122461E+02,+3.584400E+04,+4.018755E+00,+1.245000E-04,+9.910000E+37,+8.123135E+02,+3.584400E+04,-2.234635E-02,+0.000000E+00,+9.910000E+37,+8.123789E+02,+3.584400E+04
11:29:50,0e0,+4.234752E+00,+1.389500E-04,+9.910000E+37,+8.126064E+02,+3.584400E+04,+4.236388E+00,+1.389500E-04,+9.910000E+37,+8.126719E+02,+3.584400E+04,+4.236946E+00,+1.389500E-04,+9.910000E+37,+8.127393E+02,+3.584400E+04,-2.248292E-02,+0.000000E+00,+9.910000E+37,+8.128047E+02,+3.584400E+04
11:29:50,0e0,+4.460995E+00,+1.550500E-04,+9.910000E+37,+8.130273E+02,+3.584400E+04,+4.462775E+00,+1.550500E-04,+9.910000E+37,+8.130937E+02,+3.584400E+04,+4.462900E+00,+1.550500E-04,+9.910000E+37,+8.131611E+02,+3.584400E+04,-2.243683E-02,+0.000000E+00,+9.910000E+37,+8.132266E+02,+3.584400E+04
11:29:50,0e0,+4.699310E+00,+1.730000E-04,+9.910000E+37,+8.134521E+02,+3.584400E+04,+4.697758E+00,+1.730000E-04,+9.910000E+37,+8.135195E+02,+3.584400E+04,+4.697484E+00,+1.730000E-04,+9.910000E+37,+8.135850E+02,+3.584400E+04,-2.220911E-02,+0.000000E+00,+9.910000E+37,+8.136514E+02,+3.584400E+04
11:29:50,0e0,+4.943718E+00,+1.930500E-04,+9.910000E+37,+8.138721E+02,+3.584400E+04,+4.943527E+00,+1.930500E-04,+9.910000E+37,+8.139395E+02,+3.584400E+04,+4.945996E+00,+1.930500E-04,+9.910000E+37,+8.140049E+02,+3.584400E+04,-2.216403E-02,+0.000000E+00,+9.910000E+37,+8.140713E+02,+3.584400E+04
11:29:50,0e0,+5.200933E+00,+2.154500E-04,+9.910000E+37,+8.142930E+02,+3.584400E+04,+5.201927E+00,+2.154500E-04,+9.910000E+37,+8.143594E+02,+3.584400E+04,+5.201288E+00,+2.154500E-04,+9.910000E+37,+8.144268E+02,+3.584400E+04,-2.271049E-02,+0.000000E+00,+9.910000E+37,+8.144922E+02,+3.584400E+04
11:29:50,0e0,+5.464649E+00,+2.404000E-04,+9.910000E+37,+8.147158E+02,+3.584400E+04,+5.466784E+00,+2.404000E-04,+9.910000E+37,+8.147822E+02,+3.584400E+04,+5.465732E+00,+2.404000E-04,+9.910000E+37,+8.148486E+02,+3.584400E+04,-2.129889E-02,+0.000000E+00,+9.910000E+37,+8.149160E+02,+3.584400E+04
11:29:50,0e0,+5.740295E+00,+2.682500E-04,+9.910000E+37,+8.151367E+02,+3.584400E+04,+5.741388E+00,+2.682500E-04,+9.910000E+37,+8.152041E+02,+3.584400E+04,+5.743128E+00,+2.682500E-04,+9.910000E+37,+8.152695E+02,+3.584400E+04,-2.216393E-02,+0.000000E+00,+9.910000E+37,+8.153369E+02,+3.584400E+04
11:29:50,0e0,+6.021682E+00,+2.993500E-04,+9.910000E+37,+8.155625E+02,+3.584400E+04,+6.023326E+00,+2.993500E-04,+9.910000E+37,+8.156299E+02,+3.584400E+04,+6.025192E+00,+2.993500E-04,+9.910000E+37,+8.156953E+02,+3.584400E+04,-2.016063E-02,+0.000000E+00,+9.910000E+37,+8.157627E+02,+3.584400E+04
11:29:50,0e0,+6.309098E+00,+3.340500E-04,+9.910000E+37,+8.159893E+02,+3.584400E+04,+6.313670E+00,+3.340500E-04,+9.910000E+37,+8.160547E+02,+3.584400E+04,+6.313996E+00,+3.340500E-04,+9.910000E+37,+8.161221E+02,+3.584400E+04,-2.189077E-02,+0.000000E+00,+9.910000E+37,+8.161875E+02,+3.584400E+04
11:29:50,0e0,+6.604171E+00,+3.727500E-04,+9.910000E+37,+8.164092E+02,+3.584400E+04,+6.605736E+00,+3.727500E-04,+9.910000E+37,+8.164766E+02,+3.584400E+04,+6.606850E+00,+3.727500E-04,+9.910000E+37,+8.165420E+02,+3.584400E+04,-2.316587E-02,+0.000000E+00,+9.910000E+37,+8.166084E+02,+3.584400E+04
11:29:50,0e0,+6.898596E+00,+4.159500E-04,+9.910000E+37,+8.168350E+02,+3.584400E+04,+6.902990E+00,+4.159500E-04,+9.910000E+37,+8.169014E+02,+3.584400E+04,+6.903990E+00,+4.159500E-04,+9.910000E+37,+8.169688E+02,+3.584400E+04,-2.220942E-02,+0.000000E+00,+9.910000E+37,+8.170342E+02,+3.584400E+04
11:29:50,0e0,+7.195198E+00,+4.641500E-04,+9.910000E+37,+8.172598E+02,+3.584400E+04,+7.198709E+00,+4.641500E-04,+9.910000E+37,+8.173252E+02,+3.584400E+04,+7.200343E+00,+4.641500E-04,+9.910000E+37,+8.173926E+02,+3.584400E+04,-2.339365E-02,+0.000000E+00,+9.910000E+37,+8.174580E+02,+3.584400E+04
11:29:50,0e0,+7.483718E+00,+5.179500E-04,+9.910000E+37,+8.176865E+02,+3.584400E+04,+7.490614E+00,+5.179500E-04,+9.910000E+37,+8.177529E+02,+3.584400E+04,+7.489138E+00,+5.179500E-04,+9.910000E+37,+8.178203E+02,+3.584400E+04,-2.152659E-02,+0.000000E+00,+9.910000E+37,+8.178857E+02,+3.584400E+04
11:29:50,0e0,+7.767030E+00,+5.779500E-04,+9.910000E+37,+8.181094E+02,+3.584400E+04,+7.770581E+00,+5.779500E-04,+9.910000E+37,+8.181758E+02,+3.584400E+04,+7.770638E+00,+5.779500E-04,+9.910000E+37,+8.182422E+02,+3.584400E+04,-2.116203E-02,+0.000000E+00,+9.910000E+37,+8.183096E+02,+3.584400E+04
11:29:50,0e0,+8.028820E+00,+6.449500E-04,+9.910000E+37,+8.185303E+02,+3.584400E+04,+8.034755E+00,+6.449500E-04,+9.910000E+37,+8.185967E+02,+3.584400E+04,+8.035119E+00,+6.449500E-04,+9.910000E+37,+8.186641E+02,+3.584400E+04,-2.084367E-02,+0.000000E+00,+9.910000E+37,+8.187295E+02,+3.584400E+04
11:29:50,0e0,+8.267740E+00,+7.197000E-04,+9.910000E+37,+8.189541E+02,+3.584400E+04,+8.271614E+00,+7.197000E-04,+9.910000E+37,+8.190205E+02,+3.584400E+04,+8.269479E+00,+7.197000E-04,+9.910000E+37,+8.190879E+02,+3.584400E+04,-2.207285E-02,+0.000000E+00,+9.910000E+37,+8.191553E+02,+3.584400E+04
11:29:50,0e0,+8.480484E+00,+8.031000E-04,+9.910000E+37,+8.193809E+02,+3.584400E+04,+8.485875E+00,+8.031000E-04,+9.910000E+37,+8.194463E+02,+3.584400E+04,+8.484602E+00,+8.031000E-04,+9.910000E+37,+8.195127E+02,+3.584400E+04,-2.161774E-02,+0.000000E+00,+9.910000E+37,+8.195781E+02,+3.584400E+04
11:29:50,0e0,+8.681425E+00,+8.961500E-04,+9.910000E+37,+8.198037E+02,+3.584400E+04,+8.687443E+00,+8.961500E-04,+9.910000E+37,+8.198701E+02,+3.584400E+04,+8.683987E+00,+8.961500E-04,+9.910000E+37,+8.199365E+02,+3.584400E+04,-2.293850E-02,+0.000000E+00,+9.910000E+37,+8.200039E+02,+3.584400E+04
11:29:50,0e0,+8.867838E+00,+1.000000E-03,+9.910000E+37,+8.202246E+02,+3.584400E+04,+8.871203E+00,+1.000000E-03,+9.910000E+37,+8.202910E+02,+3.584400E+04,+8.866687E+00,+1.000000E-03,+9.910000E+37,+8.203584E+02,+3.584400E+04,-2.120784E-02,+0.000000E+00,+9.910000E+37,+8.204238E+02,+3.584400E+04
11:29:50,0e0,+9.024742E+00,+1.116000E-03,+9.910000E+37,+8.206484E+02,+3.584400E+04,+9.028213E+00,+1.116000E-03,+9.910000E+37,+8.207139E+02,+3.584400E+04,+9.024386E+00,+1.116000E-03,+9.910000E+37,+8.207803E+02,+3.584400E+04,-1.968680E-01,+0.000000E+00,+9.910000E+37,+8.208467E+02,+3.584400E+04
11:29:50,0e0,+9.184418E+00,+1.245000E-03,+9.910000E+37,+8.210732E+02,+3.584400E+04,+9.185179E+00,+1.245000E-03,+9.910000E+37,+8.211396E+02,+3.584400E+04,+9.181290E+00,+1.245000E-03,+9.910000E+37,+8.212070E+02,+3.584400E+04,-1.905846E-01,+0.000000E+00,+9.910000E+37,+8.212725E+02,+3.584400E+04
11:29:50,0e0,+9.333817E+00,+1.389500E-03,+9.910000E+37,+8.214971E+02,+3.584400E+04,+9.334606E+00,+1.389500E-03,+9.910000E+37,+8.215625E+02,+3.584400E+04,+9.329783E+00,+1.389500E-03,+9.910000E+37,+8.216289E+02,+3.584400E+04,-1.893554E-01,+0.000000E+00,+9.910000E+37,+8.216953E+02,+3.584400E+04
11:29:50,0e0,+9.478012E+00,+1.550500E-03,+9.910000E+37,+8.219219E+02,+3.584400E+04,+9.478309E+00,+1.550500E-03,+9.910000E+37,+8.219893E+02,+3.584400E+04,+9.474451E+00,+1.550500E-03,+9.910000E+37,+8.220566E+02,+3.584400E+04,-1.873064E-01,+0.000000E+00,+9.910000E+37,+8.221221E+02,+3.584400E+04
11:29:50,0e0,+9.618335E+00,+1.730000E-03,+9.910000E+37,+8.223457E+02,+3.584400E+04,+9.617130E+00,+1.730000E-03,+9.910000E+37,+8.224121E+02,+3.584400E+04,+9.612078E+00,+1.730000E-03,+9.910000E+37,+8.224785E+02,+3.584400E+04,-1.815239E-01,+0.000000E+00,+9.910000E+37,+8.225449E+02,+3.584400E+04
11:29:50,0e0,+9.756198E+00,+1.930500E-03,+9.910000E+37,+8.227686E+02,+3.584400E+04,+9.758159E+00,+1.930500E-03,+9.910000E+37,+8.228350E+02,+3.584400E+04,+9.751253E+00,+1.930500E-03,+9.910000E+37,+8.229014E+02,+3.584400E+04,-1.828444E-01,+0.000000E+00,+9.910000E+37,+8.229678E+02,+3.584400E+04
11:29:50,0e0,+9.894300E+00,+2.154500E-03,+9.910000E+37,+8.231875E+02,+3.584400E+04,+9.893790E+00,+2.154500E-03,+9.910000E+37,+8.232539E+02,+3.584400E+04,+9.888512E+00,+2.154500E-03,+9.910000E+37,+8.233203E+02,+3.584400E+04,-1.844380E-01,+0.000000E+00,+9.910000E+37,+8.233867E+02,+3.584400E+04
11:29:50,0e0,+1.003224E+01,+2.404000E-03,+9.910000E+37,+8.236113E+02,+3.584400E+04,+1.003249E+01,+2.404000E-03,+9.910000E+37,+8.236777E+02,+3.584400E+04,+1.002509E+01,+2.404000E-03,+9.910000E+37,+8.237451E+02,+3.584400E+04,-1.704599E-01,+0.000000E+00,+9.910000E+37,+8.238105E+02,+3.584400E+04
11:29:50,0e0,+1.017336E+01,+2.682500E-03,+9.910000E+37,+8.240352E+02,+3.584400E+04,+1.017404E+01,+2.682500E-03,+9.910000E+37,+8.241016E+02,+3.584400E+04,+1.016714E+01,+2.682500E-03,+9.910000E+37,+8.241670E+02,+3.584400E+04,-1.732372E-01,+0.000000E+00,+9.910000E+37,+8.242334E+02,+3.584400E+04
11:29:50,0e0,+1.031780E+01,+2.993500E-03,+9.910000E+37,+8.244551E+02,+3.584400E+04,+1.031535E+01,+2.993500E-03,+9.910000E+37,+8.245225E+02,+3.584400E+04,+1.030982E+01,+2.993500E-03,+9.910000E+37,+8.245898E+02,+3.584400E+04,-1.623097E-01,+0.000000E+00,+9.910000E+37,+8.246553E+02,+3.584400E+04
11:29:50,0e0,+1.046412E+01,+3.340500E-03,+9.910000E+37,+8.248818E+02,+3.584400E+04,+1.046142E+01,+3.340500E-03,+9.910000E+37,+8.249473E+02,+3.584400E+04,+1.045653E+01,+3.340500E-03,+9.910000E+37,+8.250137E+02,+3.584400E+04,-1.632658E-01,+0.000000E+00,+9.910000E+37,+8.250801E+02,+3.584400E+04
11:29:50,0e0,+1.061492E+01,+3.727500E-03,+9.910000E+37,+8.252969E+02,+3.584400E+04,+1.061214E+01,+3.727500E-03,+9.910000E+37,+8.253691E+02,+3.584400E+04,+1.060388E+01,+3.727500E-03,+9.910000E+37,+8.254355E+02,+3.584400E+04,-1.621733E-01,+0.000000E+00,+9.910000E+37,+8.255020E+02,+3.584400E+04
11:29:50,0e0,+1.076782E+01,+4.159500E-03,+9.910000E+37,+8.257207E+02,+3.584400E+04,+1.076478E+01,+4.159500E-03,+9.910000E+37,+8.257871E+02,+3.584400E+04,+1.075957E+01,+4.159500E-03,+9.910000E+37,+8.258525E+02,+3.584400E+04,-1.537044E-01,+0.000000E+00,+9.910000E+37,+8.259189E+02,+3.584400E+04
11:29:50,0e0,+1.092412E+01,+4.641500E-03,+9.910000E+37,+8.261357E+02,+3.584400E+04,+1.092167E+01,+4.641500E-03,+9.910000E+37,+8.262031E+02,+3.584400E+04,+1.091236E+01,+4.641500E-03,+9.910000E+37,+8.262705E+02,+3.584400E+04,-1.518375E-01,+0.000000E+00,+9.910000E+37,+8.263379E+02,+3.584400E+04
11:29:50,0e0,+1.108412E+01,+5.179500E-03,+9.910000E+37,+8.265596E+02,+3.584400E+04,+1.108065E+01,+5.179500E-03,+9.910000E+37,+8.266270E+02,+3.584400E+04,+1.107139E+01,+5.179500E-03,+9.910000E+37,+8.266943E+02,+3.584400E+04,-1.470567E-01,+0.000000E+00,+9.910000E+37,+8.267598E+02,+3.584400E+04
11:29:50,0e0,+1.125062E+01,+5.779500E-03,+9.910000E+37,+8.269834E+02,+3.584400E+04,+1.124442E+01,+5.779500E-03,+9.910000E+37,+8.270508E+02,+3.584400E+04,+1.123546E+01,+5.779500E-03,+9.910000E+37,+8.271172E+02,+3.584400E+04,-1.360837E-01,+0.000000E+00,+9.910000E+37,+8.271826E+02,+3.584400E+04
11:29:50,0e0,+1.141873E+01,+6.449500E-03,+9.910000E+37,+8.274033E+02,+3.584400E+04,+1.141345E+01,+6.449500E-03,+9.910000E+37,+8.274707E+02,+3.584400E+04,+1.140398E+01,+6.449500E-03,+9.910000E+37,+8.275381E+02,+3.584400E+04,-1.308931E-01,+0.000000E+00,+9.910000E+37,+8.276055E+02,+3.584400E+04
11:29:50,0e0,+1.159002E+01,+7.197000E-03,+9.910000E+37,+8.278301E+02,+3.584400E+04,+1.158492E+01,+7.197000E-03,+9.910000E+37,+8.278975E+02,+3.584400E+04,+1.157322E+01,+7.197000E-03,+9.910000E+37,+8.279648E+02,+3.584400E+04,-1.308020E-01,+0.000000E+00,+9.910000E+37,+8.280303E+02,+3.584400E+04
11:29:50,0e0,+1.177014E+01,+8.031000E-03,+9.910000E+37,+8.282539E+02,+3.584400E+04,+1.176126E+01,+8.031000E-03,+9.910000E+37,+8.283203E+02,+3.584400E+04,+1.174896E+01,+8.031000E-03,+9.910000E+37,+8.283867E+02,+3.584400E+04,-1.188729E-01,+0.000000E+00,+9.910000E+37,+8.284541E+02,+3.584400E+04
11:29:50,0e0,+1.195850E+01,+8.961500E-03,+9.910000E+37,+8.286777E+02,+3.584400E+04,+1.194822E+01,+8.961500E-03,+9.910000E+37,+8.287451E+02,+3.584400E+04,+1.193674E+01,+8.961500E-03,+9.910000E+37,+8.288125E+02,+3.584400E+04,-1.187363E-01,+0.000000E+00,+9.910000E+37,+8.288799E+02,+3.584400E+04
