11:21:56,0e0,-1.213811E-02,+1.000000E-07,+9.910000E+37,+3.227920E+02,+3.584400E+04,-1.304875E-02,+1.000000E-07,+9.910000E+37,+3.228584E+02,+3.584400E+04,-1.427837E-02,+1.000000E-07,+9.910000E+37,+3.229258E+02,+3.584400E+04,-3.212717E-02,+0.000000E+00,+9.910000E+37,+3.229922E+02,+3.584400E+04
11:21:56,0e0,-1.182008E-02,+1.116000E-07,+9.910000E+37,+3.232158E+02,+3.584400E+04,-1.095425E-02,+1.116000E-07,+9.910000E+37,+3.232832E+02,+3.584400E+04,-1.063576E-02,+1.116000E-07,+9.910000E+37,+3.233486E+02,+3.584400E+04,-3.281042E-02,+0.000000E+00,+9.910000E+37,+3.234150E+02,+3.584400E+04
11:21:56,0e0,-8.586749E-03,+1.245000E-07,+9.910000E+37,+3.236406E+02,+3.584400E+04,-7.812634E-03,+1.245000E-07,+9.910000E+37,+3.237080E+02,+3.584400E+04,-7.038519E-03,+1.245000E-07,+9.910000E+37,+3.237734E+02,+3.584400E+04,-3.326571E-02,+0.000000E+00,+9.910000E+37,+3.238408E+02,+3.584400E+04
11:21:56,0e0,-5.080685E-03,+1.389500E-07,+9.910000E+37,+3.240684E+02,+3.584400E+04,-5.717993E-03,+1.389500E-07,+9.910000E+37,+3.241338E+02,+3.584400E+04,-5.627126E-03,+1.389500E-07,+9.910000E+37,+3.242002E+02,+3.584400E+04,-3.285594E-02,+0.000000E+00,+9.910000E+37,+3.242666E+02,+3.584400E+04
11:21:56,0e0,-2.075195E-03,+1.550500E-07,+9.910000E+37,+3.244912E+02,+3.584400E+04,-4.170001E-03,+1.550500E-07,+9.910000E+37,+3.245576E+02,+3.584400E+04,-1.938894E-03,+1.550500E-07,+9.910000E+37,+3.246240E+02,+3.584400E+04,-3.199084E-02,+0.000000E+00,+9.910000E+37,+3.246904E+02,+3.584400E+04
11:21:56,0e0,+3.378093E-04,+1.730000E-07,+9.910000E+37,+3.249160E+02,+3.584400E+04,+1.931474E-03,+1.730000E-07,+9.910000E+37,+3.249824E+02,+3.584400E+04,+8.386374E-04,+1.730000E-07,+9.910000E+37,+3.250488E+02,+3.584400E+04,-3.358427E-02,+0.000000E+00,+9.910000E+37,+3.251162E+02,+3.584400E+04
11:21:56,0e0,+5.391985E-03,+1.930500E-07,+9.910000E+37,+3.253408E+02,+3.584400E+04,+3.296986E-03,+1.930500E-07,+9.910000E+37,+3.254072E+02,+3.584400E+04,+4.116684E-03,+1.930500E-07,+9.910000E+37,+3.254736E+02,+3.584400E+04,-3.258280E-02,+0.000000E+00,+9.910000E+37,+3.255400E+02,+3.584400E+04
11:21:56,0e0,+9.626687E-03,+2.154500E-07,+9.910000E+37,+3.257617E+02,+3.584400E+04,+9.808779E-03,+2.154500E-07,+9.910000E+37,+3.258291E+02,+3.584400E+04,+8.169457E-03,+2.154500E-07,+9.910000E+37,+3.258945E+02,+3.584400E+04,-3.308360E-02,+0.000000E+00,+9.910000E+37,+3.259619E+02,+3.584400E+04
11:21:56,0e0,+1.263173E-02,+2.404000E-07,+9.910000E+37,+3.261807E+02,+3.584400E+04,+1.222236E-02,+2.404000E-07,+9.910000E+37,+3.262461E+02,+3.584400E+04,+1.440793E-02,+2.404000E-07,+9.910000E+37,+3.263125E+02,+3.584400E+04,-3.253725E-02,+0.000000E+00,+9.910000E+37,+3.263789E+02,+3.584400E+04
11:21:56,0e0,+1.654804E-02,+2.682500E-07,+9.910000E+37,+3.266035E+02,+3.584400E+04,+1.732177E-02,+2.682500E-07,+9.910000E+37,+3.266689E+02,+3.584400E+04,+1.750408E-02,+2.682500E-07,+9.910000E+37,+3.267354E+02,+3.584400E+04,-3.294683E-02,+0.000000E+00,+9.910000E+37,+3.268027E+02,+3.584400E+04
11:21:56,0e0,+2.278578E-02,+2.993500E-07,+9.910000E+37,+3.270264E+02,+3.584400E+04,+2.346867E-02,+2.993500E-07,+9.910000E+37,+3.270918E+02,+3.584400E+04,+2.082783E-02,+2.993500E-07,+9.910000E+37,+3.271582E+02,+3.584400E+04,-3.312927E-02,+0.000000E+00,+9.910000E+37,+3.272246E+02,+3.584400E+04
11:21:56,0e0,+2.692913E-02,+3.340500E-07,+9.910000E+37,+3.274463E+02,+3.584400E+04,+2.802199E-02,+3.340500E-07,+9.910000E+37,+3.275127E+02,+3.584400E+04,+2.733903E-02,+3.340500E-07,+9.910000E+37,+3.275801E+02,+3.584400E+04,-3.312919E-02,+0.000000E+00,+9.910000E+37,+3.276455E+02,+3.584400E+04
11:21:56,0e0,+3.348598E-02,+3.727500E-07,+9.910000E+37,+3.278672E+02,+3.584400E+04,+3.275743E-02,+3.727500E-07,+9.910000E+37,+3.279336E+02,+3.584400E+04,+3.426006E-02,+3.727500E-07,+9.910000E+37,+3.280010E+02,+3.584400E+04,-3.299239E-02,+0.000000E+00,+9.910000E+37,+3.280664E+02,+3.584400E+04
11:21:56,0e0,+4.036191E-02,+4.159500E-07,+9.910000E+37,+3.282939E+02,+3.584400E+04,+3.999719E-02,+4.159500E-07,+9.910000E+37,+3.283594E+02,+3.584400E+04,+3.885901E-02,+4.159500E-07,+9.910000E+37,+3.284268E+02,+3.584400E+04,-3.372127E-02,+0.000000E+00,+9.910000E+37,+3.284922E+02,+3.584400E+04
11:21:56,0e0,+4.600716E-02,+4.641500E-07,+9.910000E+37,+3.287178E+02,+3.584400E+04,+4.541552E-02,+4.641500E-07,+9.910000E+37,+3.287852E+02,+3.584400E+04,+4.682711E-02,+4.641500E-07,+9.910000E+37,+3.288506E+02,+3.584400E+04,-3.217301E-02,+0.000000E+00,+9.910000E+37,+3.289170E+02,+3.584400E+04
11:21:56,0e0,+5.256420E-02,+5.179500E-07,+9.910000E+37,+3.291426E+02,+3.584400E+04,+5.333826E-02,+5.179500E-07,+9.910000E+37,+3.292080E+02,+3.584400E+04,+5.361167E-02,+5.179500E-07,+9.910000E+37,+3.292754E+02,+3.584400E+04,-3.267397E-02,+0.000000E+00,+9.910000E+37,+3.293418E+02,+3.584400E+04
11:21:56,0e0,+6.299165E-02,+5.779500E-07,+9.910000E+37,+3.295635E+02,+3.584400E+04,+6.180766E-02,+5.779500E-07,+9.910000E+37,+3.296289E+02,+3.584400E+04,+6.176215E-02,+5.779500E-07,+9.910000E+37,+3.296953E+02,+3.584400E+04,-3.276500E-02,+0.000000E+00,+9.910000E+37,+3.297627E+02,+3.584400E+04
11:21:56,0e0,+7.059562E-02,+6.449500E-07,+9.910000E+37,+3.299834E+02,+3.584400E+04,+7.009450E-02,+6.449500E-07,+9.910000E+37,+3.300498E+02,+3.584400E+04,+7.032228E-02,+6.449500E-07,+9.910000E+37,+3.301162E+02,+3.584400E+04,-3.158116E-02,+0.000000E+00,+9.910000E+37,+3.301836E+02,+3.584400E+04
11:21:56,0e0,+7.952061E-02,+7.197000E-07,+9.910000E+37,+3.304111E+02,+3.584400E+04,+8.024901E-02,+7.197000E-07,+9.910000E+37,+3.304785E+02,+3.584400E+04,+8.006647E-02,+7.197000E-07,+9.910000E+37,+3.305459E+02,+3.584400E+04,-3.240094E-02,+0.000000E+00,+9.910000E+37,+3.306113E+02,+3.584400E+04
11:21:56,0e0,+8.976528E-02,+8.031000E-07,+9.910000E+37,+3.308350E+02,+3.584400E+04,+9.008381E-02,+8.031000E-07,+9.910000E+37,+3.309023E+02,+3.584400E+04,+8.958310E-02,+8.031000E-07,+9.910000E+37,+3.309678E+02,+3.584400E+04,-3.281048E-02,+0.000000E+00,+9.910000E+37,+3.310342E+02,+3.584400E+04
11:21:56,0e0,+1.007842E-01,+8.961500E-07,+9.910000E+37,+3.312578E+02,+3.584400E+04,+1.011482E-01,+8.961500E-07,+9.910000E+37,+3.313252E+02,+3.584400E+04,+9.937215E-02,+8.961500E-07,+9.910000E+37,+3.313906E+02,+3.584400E+04,-3.249149E-02,+0.000000E+00,+9.910000E+37,+3.314580E+02,+3.584400E+04
11:21:56,0e0,+1.126226E-01,+1.000000E-06,+9.910000E+37,+3.316816E+02,+3.584400E+04,+1.121680E-01,+1.000000E-06,+9.910000E+37,+3.317471E+02,+3.584400E+04,+1.122130E-01,+1.000000E-06,+9.910000E+37,+3.318135E+02,+3.584400E+04,-3.276509E-02,+0.000000E+00,+9.910000E+37,+3.318799E+02,+3.584400E+04
11:21:56,0e0,+1.129871E-01,+1.116000E-06,+9.910000E+37,+3.321074E+02,+3.584400E+04,+1.127132E-01,+1.116000E-06,+9.910000E+37,+3.321729E+02,+3.584400E+04,+1.135334E-01,+1.116000E-06,+9.910000E+37,+3.322402E+02,+3.584400E+04,-3.326601E-02,+0.000000E+00,+9.910000E+37,+3.323057E+02,+3.584400E+04
11:21:56,0e0,+1.261459E-01,+1.245000E-06,+9.910000E+37,+3.325342E+02,+3.584400E+04,+1.250987E-01,+1.245000E-06,+9.910000E+37,+3.326006E+02,+3.584400E+04,+1.261921E-01,+1.245000E-06,+9.910000E+37,+3.326670E+02,+3.584400E+04,-3.258306E-02,+0.000000E+00,+9.910000E+37,+3.327344E+02,+3.584400E+04
11:21:56,0e0,+1.378934E-01,+1.389500E-06,+9.910000E+37,+3.329580E+02,+3.584400E+04,+1.382128E-01,+1.389500E-06,+9.910000E+37,+3.330254E+02,+3.584400E+04,+1.385311E-01,+1.389500E-06,+9.910000E+37,+3.330908E+02,+3.584400E+04,-3.303854E-02,+0.000000E+00,+9.910000E+37,+3.331582E+02,+3.584400E+04
11:21:56,0e0,+1.525104E-01,+1.550500E-06,+9.910000E+37,+3.333789E+02,+3.584400E+04,+1.521000E-01,+1.550500E-06,+9.910000E+37,+3.334453E+02,+3.584400E+04,+1.523279E-01,+1.550500E-06,+9.910000E+37,+3.335117E+02,+3.584400E+04,-3.262846E-02,+0.000000E+00,+9.910000E+37,+3.335781E+02,+3.584400E+04
11:21:56,0e0,+1.669438E-01,+1.730000E-06,+9.910000E+37,+3.338037E+02,+3.584400E+04,+1.675354E-01,+1.730000E-06,+9.910000E+37,+3.338701E+02,+3.584400E+04,+1.677633E-01,+1.730000E-06,+9.910000E+37,+3.339375E+02,+3.584400E+04,-3.194568E-02,+0.000000E+00,+9.910000E+37,+3.340029E+02,+3.584400E+04
11:21:56,0e0,+1.834266E-01,+1.930500E-06,+9.910000E+37,+3.342256E+02,+3.584400E+04,+1.829717E-01,+1.930500E-06,+9.910000E+37,+3.342920E+02,+3.584400E+04,+1.836092E-01,+1.930500E-06,+9.910000E+37,+3.343594E+02,+3.584400E+04,-3.372164E-02,+0.000000E+00,+9.910000E+37,+3.344268E+02,+3.584400E+04
11:21:56,0e0,+2.000464E-01,+2.154500E-06,+9.910000E+37,+3.346504E+02,+3.584400E+04,+2.017767E-01,+2.154500E-06,+9.910000E+37,+3.347178E+02,+3.584400E+04,+2.006383E-01,+2.154500E-06,+9.910000E+37,+3.347832E+02,+3.584400E+04,-3.394932E-02,+0.000000E+00,+9.910000E+37,+3.348496E+02,+3.584400E+04
11:21:56,0e0,+2.184877E-01,+2.404000E-06,+9.910000E+37,+3.350723E+02,+3.584400E+04,+2.182143E-01,+2.404000E-06,+9.910000E+37,+3.351377E+02,+3.584400E+04,+2.177580E-01,+2.404000E-06,+9.910000E+37,+3.352051E+02,+3.584400E+04,-3.221859E-02,+0.000000E+00,+9.910000E+37,+3.352705E+02,+3.584400E+04
11:21:56,0e0,+2.372921E-01,+2.682500E-06,+9.910000E+37,+3.354922E+02,+3.584400E+04,+2.376120E-01,+2.682500E-06,+9.910000E+37,+3.355586E+02,+3.584400E+04,+2.369734E-01,+2.682500E-06,+9.910000E+37,+3.356260E+02,+3.584400E+04,-3.240095E-02,+0.000000E+00,+9.910000E+37,+3.356934E+02,+3.584400E+04
11:21:56,0e0,+2.586022E-01,+2.993500E-06,+9.910000E+37,+3.359209E+02,+3.584400E+04,+2.588756E-01,+2.993500E-06,+9.910000E+37,+3.359883E+02,+3.584400E+04,+2.588753E-01,+2.993500E-06,+9.910000E+37,+3.360547E+02,+3.584400E+04,-3.185447E-02,+0.000000E+00,+9.910000E+37,+3.361211E+02,+3.584400E+04
11:21:56,0e0,+2.805037E-01,+3.340500E-06,+9.910000E+37,+3.363447E+02,+3.584400E+04,+2.805495E-01,+3.340500E-06,+9.910000E+37,+3.364102E+02,+3.584400E+04,+2.800031E-01,+3.340500E-06,+9.910000E+37,+3.364775E+02,+3.584400E+04,-3.367576E-02,+0.000000E+00,+9.910000E+37,+3.365449E+02,+3.584400E+04
11:21:56,0e0,+3.020398E-01,+3.727500E-06,+9.910000E+37,+3.367676E+02,+3.584400E+04,+3.022675E-01,+3.727500E-06,+9.910000E+37,+3.368330E+02,+3.584400E+04,+3.033153E-01,+3.727500E-06,+9.910000E+37,+3.368994E+02,+3.584400E+04,-3.217316E-02,+0.000000E+00,+9.910000E+37,+3.369658E+02,+3.584400E+04
11:21:56,0e0,+3.282679E-01,+4.159500E-06,+9.910000E+37,+3.371924E+02,+3.584400E+04,+3.272207E-01,+4.159500E-06,+9.910000E+37,+3.372598E+02,+3.584400E+04,+3.274936E-01,+4.159500E-06,+9.910000E+37,+3.373252E+02,+3.584400E+04,-3.185445E-02,+0.000000E+00,+9.910000E+37,+3.373916E+02,+3.584400E+04
11:21:56,0e0,+3.531747E-01,+4.641500E-06,+9.910000E+37,+3.376182E+02,+3.584400E+04,+3.531746E-01,+4.641500E-06,+9.910000E+37,+3.376855E+02,+3.584400E+04,+3.537665E-01,+4.641500E-06,+9.910000E+37,+3.377510E+02,+3.584400E+04,-3.326631E-02,+0.000000E+00,+9.910000E+37,+3.378184E+02,+3.584400E+04
11:21:56,0e0,+3.810865E-01,+5.179500E-06,+9.910000E+37,+3.380381E+02,+3.584400E+04,+3.798565E-01,+5.179500E-06,+9.910000E+37,+3.381045E+02,+3.584400E+04,+3.805856E-01,+5.179500E-06,+9.910000E+37,+3.381719E+02,+3.584400E+04,-3.231020E-02,+0.000000E+00,+9.910000E+37,+3.382373E+02,+3.584400E+04
11:21:56,0e0,+4.096361E-01,+5.779500E-06,+9.910000E+37,+3.384600E+02,+3.584400E+04,+4.095905E-01,+5.779500E-06,+9.910000E+37,+3.385254E+02,+3.584400E+04,+4.085420E-01,+5.779500E-06,+9.910000E+37,+3.385928E+02,+3.584400E+04,-3.108051E-02,+0.000000E+00,+9.910000E+37,+3.386582E+02,+3.584400E+04
11:21:56,0e0,+4.395509E-01,+6.449500E-06,+9.910000E+37,+3.388799E+02,+3.584400E+04,+4.407346E-01,+6.449500E-06,+9.910000E+37,+3.389463E+02,+3.584400E+04,+4.392775E-01,+6.449500E-06,+9.910000E+37,+3.390127E+02,+3.584400E+04,-3.322084E-02,+0.000000E+00,+9.910000E+37,+3.390791E+02,+3.584400E+04
11:21:56,0e0,+4.713329E-01,+7.197000E-06,+9.910000E+37,+3.393057E+02,+3.584400E+04,+4.711961E-01,+7.197000E-06,+9.910000E+37,+3.393721E+02,+3.584400E+04,+4.696929E-01,+7.197000E-06,+9.910000E+37,+3.394385E+02,+3.584400E+04,-3.108039E-02,+0.000000E+00,+9.910000E+37,+3.395049E+02,+3.584400E+04
11:21:56,0e0,+5.035251E-01,+8.031000E-06,+9.910000E+37,+3.397314E+02,+3.584400E+04,+5.041168E-01,+8.031000E-06,+9.910000E+37,+3.397979E+02,+3.584400E+04,+5.052108E-01,+8.031000E-06,+9.910000E+37,+3.398652E+02,+3.584400E+04,-3.130808E-02,+0.000000E+00,+9.910000E+37,+3.399307E+02,+3.584400E+04
11:21:56,0e0,+5.390418E-01,+8.961500E-06,+9.910000E+37,+3.401553E+02,+3.584400E+04,+5.399515E-01,+8.961500E-06,+9.910000E+37,+3.402207E+02,+3.584400E+04,+5.389947E-01,+8.961500E-06,+9.910000E+37,+3.402881E+02,+3.584400E+04,-3.130807E-02,+0.000000E+00,+9.910000E+37,+3.403535E+02,+3.584400E+04
11:21:56,0e0,+5.755597E-01,+1.000000E-05,+9.910000E+37,+3.405752E+02,+3.584400E+04,+5.756048E-01,+1.000000E-05,+9.910000E+37,+3.406416E+02,+3.584400E+04,+5.762873E-01,+1.000000E-05,+9.910000E+37,+3.407090E+02,+3.584400E+04,-3.149022E-02,+0.000000E+00,+9.910000E+37,+3.407744E+02,+3.584400E+04
11:21:56,0e0,+6.023319E-01,+1.116000E-05,+9.910000E+37,+3.409941E+02,+3.584400E+04,+6.015584E-01,+1.116000E-05,+9.910000E+37,+3.410605E+02,+3.584400E+04,+6.023328E-01,+1.116000E-05,+9.910000E+37,+3.411270E+02,+3.584400E+04,-3.221871E-02,+0.000000E+00,+9.910000E+37,+3.411943E+02,+3.584400E+04
11:21:56,0e0,+6.413081E-01,+1.245000E-05,+9.910000E+37,+3.414072E+02,+3.584400E+04,+6.417177E-01,+1.245000E-05,+9.910000E+37,+3.414736E+02,+3.584400E+04,+6.421282E-01,+1.245000E-05,+9.910000E+37,+3.415410E+02,+3.584400E+04,-3.322071E-02,+0.000000E+00,+9.910000E+37,+3.416084E+02,+3.584400E+04
11:21:56,0e0,+6.811502E-01,+1.389500E-05,+9.910000E+37,+3.418281E+02,+3.584400E+04,+6.830623E-01,+1.389500E-05,+9.910000E+37,+3.418945E+02,+3.584400E+04,+6.837018E-01,+1.389500E-05,+9.910000E+37,+3.419619E+02,+3.584400E+04,-3.349349E-02,+0.000000E+00,+9.910000E+37,+3.420303E+02,+3.584400E+04
11:21:56,0e0,+7.237235E-01,+1.550500E-05,+9.910000E+37,+3.422500E+02,+3.584400E+04,+7.236783E-01,+1.550500E-05,+9.910000E+37,+3.423164E+02,+3.584400E+04,+7.244513E-01,+1.550500E-05,+9.910000E+37,+3.423818E+02,+3.584400E+04,-3.394930E-02,+0.000000E+00,+9.910000E+37,+3.424521E+02,+3.584400E+04
11:21:56,0e0,+7.682101E-01,+1.730000E-05,+9.910000E+37,+3.426680E+02,+3.584400E+04,+7.686208E-01,+1.730000E-05,+9.910000E+37,+3.427344E+02,+3.584400E+04,+7.674819E-01,+1.730000E-05,+9.910000E+37,+3.428018E+02,+3.584400E+04,-3.353931E-02,+0.000000E+00,+9.910000E+37,+3.428721E+02,+3.584400E+04
11:21:56,0e0,+8.124694E-01,+1.930500E-05,+9.910000E+37,+3.430947E+02,+3.584400E+04,+8.134711E-01,+1.930500E-05,+9.910000E+37,+3.431621E+02,+3.584400E+04,+8.129228E-01,+1.930500E-05,+9.910000E+37,+3.432275E+02,+3.584400E+04,-3.253780E-02,+0.000000E+00,+9.910000E+37,+3.432959E+02,+3.584400E+04
11:21:56,0e0,+8.593675E-01,+2.154500E-05,+9.910000E+37,+3.435156E+02,+3.584400E+04,+8.590931E-01,+2.154500E-05,+9.910000E+37,+3.435830E+02,+3.584400E+04,+8.606434E-01,+2.154500E-05,+9.910000E+37,+3.436494E+02,+3.584400E+04,-3.271945E-02,+0.000000E+00,+9.910000E+37,+3.437207E+02,+3.584400E+04
11:21:56,0e0,+9.086336E-01,+2.404000E-05,+9.910000E+37,+3.439404E+02,+3.584400E+04,+9.094074E-01,+2.404000E-05,+9.910000E+37,+3.440068E+02,+3.584400E+04,+9.089094E-01,+2.404000E-05,+9.910000E+37,+3.440752E+02,+3.584400E+04,-3.449550E-02,+0.000000E+00,+9.910000E+37,+3.441455E+02,+3.584400E+04
11:21:56,0e0,+9.598124E-01,+2.682500E-05,+9.910000E+37,+3.443672E+02,+3.584400E+04,+9.599937E-01,+2.682500E-05,+9.910000E+37,+3.444336E+02,+3.584400E+04,+9.599487E-01,+2.682500E-05,+9.910000E+37,+3.445000E+02,+3.584400E+04,-3.217310E-02,+0.000000E+00,+9.910000E+37,+3.445713E+02,+3.584400E+04
11:21:56,0e0,+1.012222E+00,+2.993500E-05,+9.910000E+37,+3.447930E+02,+3.584400E+04,+1.013222E+00,+2.993500E-05,+9.910000E+37,+3.448594E+02,+3.584400E+04,+1.013406E+00,+2.993500E-05,+9.910000E+37,+3.449268E+02,+3.584400E+04,-3.303868E-02,+0.000000E+00,+9.910000E+37,+3.449990E+02,+3.584400E+04
11:21:56,0e0,+1.068317E+00,+3.340500E-05,+9.910000E+37,+3.452217E+02,+3.584400E+04,+1.069592E+00,+3.340500E-05,+9.910000E+37,+3.452881E+02,+3.584400E+04,+1.070140E+00,+3.340500E-05,+9.910000E+37,+3.453555E+02,+3.584400E+04,-3.267431E-02,+0.000000E+00,+9.910000E+37,+3.454229E+02,+3.584400E+04
11:21:56,0e0,+1.127195E+00,+3.727500E-05,+9.910000E+37,+3.456367E+02,+3.584400E+04,+1.127924E+00,+3.727500E-05,+9.910000E+37,+3.457041E+02,+3.584400E+04,+1.127875E+00,+3.727500E-05,+9.910000E+37,+3.457705E+02,+3.584400E+04,-3.363064E-02,+0.000000E+00,+9.910000E+37,+3.458379E+02,+3.584400E+04
11:21:56,0e0,+1.189392E+00,+4.159500E-05,+9.910000E+37,+3.460498E+02,+3.584400E+04,+1.189345E+00,+4.159500E-05,+9.910000E+37,+3.461162E+02,+3.584400E+04,+1.188070E+00,+4.159500E-05,+9.910000E+37,+3.461836E+02,+3.584400E+04,-3.249183E-02,+0.000000E+00,+9.910000E+37,+3.462500E+02,+3.584400E+04
11:21:56,0e0,+1.250860E+00,+4.641500E-05,+9.910000E+37,+3.464668E+02,+3.584400E+04,+1.251590E+00,+4.641500E-05,+9.910000E+37,+3.465342E+02,+3.584400E+04,+1.252228E+00,+4.641500E-05,+9.910000E+37,+3.465996E+02,+3.584400E+04,-3.276554E-02,+0.000000E+00,+9.910000E+37,+3.466670E+02,+3.584400E+04
11:21:56,0e0,+1.317431E+00,+5.179500E-05,+9.910000E+37,+3.468818E+02,+3.584400E+04,+1.318660E+00,+5.179500E-05,+9.910000E+37,+3.469492E+02,+3.584400E+04,+1.318660E+00,+5.179500E-05,+9.910000E+37,+3.470156E+02,+3.584400E+04,-3.367627E-02,+0.000000E+00,+9.910000E+37,+3.470820E+02,+3.584400E+04
11:21:56,0e0,+1.386549E+00,+5.779500E-05,+9.910000E+37,+3.472988E+02,+3.584400E+04,+1.388782E+00,+5.779500E-05,+9.910000E+37,+3.473662E+02,+3.584400E+04,+1.388328E+00,+5.779500E-05,+9.910000E+37,+3.474316E+02,+3.584400E+04,-3.372185E-02,+0.000000E+00,+9.910000E+37,+3.474990E+02,+3.584400E+04
11:21:56,0e0,+1.459815E+00,+6.449500E-05,+9.910000E+37,+3.477158E+02,+3.584400E+04,+1.461408E+00,+6.449500E-05,+9.910000E+37,+3.477832E+02,+3.584400E+04,+1.461361E+00,+6.449500E-05,+9.910000E+37,+3.478496E+02,+3.584400E+04,-3.322046E-02,+0.000000E+00,+9.910000E+37,+3.479170E+02,+3.584400E+04
11:21:56,0e0,+1.535945E+00,+7.197000E-05,+9.910000E+37,+3.481367E+02,+3.584400E+04,+1.537086E+00,+7.197000E-05,+9.910000E+37,+3.482051E+02,+3.584400E+04,+1.536630E+00,+7.197000E-05,+9.910000E+37,+3.482773E+02,+3.584400E+04,-3.294757E-02,+0.000000E+00,+9.910000E+37,+3.483496E+02,+3.584400E+04
11:21:56,0e0,+1.615400E+00,+8.031000E-05,+9.910000E+37,+3.485693E+02,+3.584400E+04,+1.615261E+00,+8.031000E-05,+9.910000E+37,+3.486367E+02,+3.584400E+04,+1.616219E+00,+8.031000E-05,+9.910000E+37,+3.487021E+02,+3.584400E+04,-3.399497E-02,+0.000000E+00,+9.910000E+37,+3.487734E+02,+3.584400E+04
11:21:56,0e0,+1.697903E+00,+8.961500E-05,+9.910000E+37,+3.489971E+02,+3.584400E+04,+1.698133E+00,+8.961500E-05,+9.910000E+37,+3.490645E+02,+3.584400E+04,+1.700411E+00,+8.961500E-05,+9.910000E+37,+3.491299E+02,+3.584400E+04,-3.199124E-02,+0.000000E+00,+9.910000E+37,+3.491982E+02,+3.584400E+04
11:21:56,0e0,+1.786833E+00,+1.000000E-04,+9.910000E+37,+3.494189E+02,+3.584400E+04,+1.787061E+00,+1.000000E-04,+9.910000E+37,+3.494863E+02,+3.584400E+04,+1.786695E+00,+1.000000E-04,+9.910000E+37,+3.495527E+02,+3.584400E+04,-3.262858E-02,+0.000000E+00,+9.910000E+37,+3.496221E+02,+3.584400E+04
11:21:56,0e0,+1.867197E+00,+1.116000E-04,+9.910000E+37,+3.498477E+02,+3.584400E+04,+1.867790E+00,+1.116000E-04,+9.910000E+37,+3.499150E+02,+3.584400E+04,+1.866103E+00,+1.116000E-04,+9.910000E+37,+3.499805E+02,+3.584400E+04,-4.196309E-02,+0.000000E+00,+9.910000E+37,+3.500479E+02,+3.584400E+04
11:21:56,0e0,+1.959401E+00,+1.245000E-04,+9.910000E+37,+3.502705E+02,+3.584400E+04,+1.960906E+00,+1.245000E-04,+9.910000E+37,+3.503379E+02,+3.584400E+04,+1.960357E+00,+1.245000E-04,+9.910000E+37,+3.504043E+02,+3.584400E+04,-4.291934E-02,+0.000000E+00,+9.910000E+37,+3.504717E+02,+3.584400E+04
11:21:56,0e0,+2.057708E+00,+1.389500E-04,+9.910000E+37,+3.506973E+02,+3.584400E+04,+2.058798E+00,+1.389500E-04,+9.910000E+37,+3.507646E+02,+3.584400E+04,+2.059345E+00,+1.389500E-04,+9.910000E+37,+3.508311E+02,+3.584400E+04,-4.118885E-02,+0.000000E+00,+9.910000E+37,+3.508975E+02,+3.584400E+04
11:21:56,0e0,+2.159520E+00,+1.550500E-04,+9.910000E+37,+3.511221E+02,+3.584400E+04,+2.159935E+00,+1.550500E-04,+9.910000E+37,+3.511895E+02,+3.584400E+04,+2.160614E+00,+1.550500E-04,+9.910000E+37,+3.512549E+02,+3.584400E+04,-4.150759E-02,+0.000000E+00,+9.910000E+37,+3.513203E+02,+3.584400E+04
11:21:56,0e0,+2.264204E+00,+1.730000E-04,+9.910000E+37,+3.515449E+02,+3.584400E+04,+2.264607E+00,+1.730000E-04,+9.910000E+37,+3.516123E+02,+3.584400E+04,+2.267251E+00,+1.730000E-04,+9.910000E+37,+3.516777E+02,+3.584400E+04,-4.096149E-02,+0.000000E+00,+9.910000E+37,+3.517451E+02,+3.584400E+04
11:21:56,0e0,+2.373121E+00,+1.930500E-04,+9.910000E+37,+3.519668E+02,+3.584400E+04,+2.373577E+00,+1.930500E-04,+9.910000E+37,+3.520332E+02,+3.584400E+04,+2.373435E+00,+1.930500E-04,+9.910000E+37,+3.521006E+02,+3.584400E+04,-4.100683E-02,+0.000000E+00,+9.910000E+37,+3.521660E+02,+3.584400E+04
11:21:56,0e0,+2.482531E+00,+2.154500E-04,+9.910000E+37,+3.523945E+02,+3.584400E+04,+2.484764E+00,+2.154500E-04,+9.910000E+37,+3.524609E+02,+3.584400E+04,+2.484168E+00,+2.154500E-04,+9.910000E+37,+3.525283E+02,+3.584400E+04,-4.291938E-02,+0.000000E+00,+9.910000E+37,+3.525947E+02,+3.584400E+04
11:21:56,0e0,+2.594222E+00,+2.404000E-04,+9.910000E+37,+3.528154E+02,+3.584400E+04,+2.596455E+00,+2.404000E-04,+9.910000E+37,+3.528828E+02,+3.584400E+04,+2.598010E+00,+2.404000E-04,+9.910000E+37,+3.529492E+02,+3.584400E+04,-4.159892E-02,+0.000000E+00,+9.910000E+37,+3.530166E+02,+3.584400E+04
11:21:56,0e0,+2.709380E+00,+2.682500E-04,+9.910000E+37,+3.532402E+02,+3.584400E+04,+2.711518E+00,+2.682500E-04,+9.910000E+37,+3.533066E+02,+3.584400E+04,+2.711747E+00,+2.682500E-04,+9.910000E+37,+3.533730E+02,+3.584400E+04,-4.219092E-02,+0.000000E+00,+9.910000E+37,+3.534385E+02,+3.584400E+04
11:21:56,0e0,+2.823709E+00,+2.993500E-04,+9.910000E+37,+3.536641E+02,+3.584400E+04,+2.824800E+00,+2.993500E-04,+9.910000E+37,+3.537314E+02,+3.584400E+04,+2.827362E+00,+2.993500E-04,+9.910000E+37,+3.537969E+02,+3.584400E+04,-4.214539E-02,+0.000000E+00,+9.910000E+37,+3.538633E+02,+3.584400E+04
11:21:56,0e0,+2.936267E+00,+3.340500E-04,+9.910000E+37,+3.540898E+02,+3.584400E+04,+2.938593E+00,+3.340500E-04,+9.910000E+37,+3.541572E+02,+3.584400E+04,+2.939140E+00,+3.340500E-04,+9.910000E+37,+3.542227E+02,+3.584400E+04,-4.109783E-02,+0.000000E+00,+9.910000E+37,+3.542891E+02,+3.584400E+04
11:21:56,0e0,+3.048916E+00,+3.727500E-04,+9.910000E+37,+3.545107E+02,+3.584400E+04,+3.051237E+00,+3.727500E-04,+9.910000E+37,+3.545771E+02,+3.584400E+04,+3.051060E+00,+3.727500E-04,+9.910000E+37,+3.546436E+02,+3.584400E+04,-3.927663E-02,+0.000000E+00,+9.910000E+37,+3.547100E+02,+3.584400E+04
11:21:56,0e0,+3.158697E+00,+4.159500E-04,+9.910000E+37,+3.549316E+02,+3.584400E+04,+3.161839E+00,+4.159500E-04,+9.910000E+37,+3.549980E+02,+3.584400E+04,+3.161017E+00,+4.159500E-04,+9.910000E+37,+3.550654E+02,+3.584400E+04,-4.128024E-02,+0.000000E+00,+9.910000E+37,+3.551318E+02,+3.584400E+04
11:21:56,0e0,+3.266113E+00,+4.641500E-04,+9.910000E+37,+3.553535E+02,+3.584400E+04,+3.267975E+00,+4.641500E-04,+9.910000E+37,+3.554209E+02,+3.584400E+04,+3.268657E+00,+4.641500E-04,+9.910000E+37,+3.554873E+02,+3.584400E+04,-4.159880E-02,+0.000000E+00,+9.910000E+37,+3.555527E+02,+3.584400E+04
11:21:56,0e0,+3.374396E+00,+5.179500E-04,+9.910000E+37,+3.557754E+02,+3.584400E+04,+3.374529E+00,+5.179500E-04,+9.910000E+37,+3.558408E+02,+3.584400E+04,+3.375399E+00,+5.179500E-04,+9.910000E+37,+3.559082E+02,+3.584400E+04,-4.141691E-02,+0.000000E+00,+9.910000E+37,+3.559736E+02,+3.584400E+04
11:21:56,0e0,+3.478611E+00,+5.779500E-04,+9.910000E+37,+3.561953E+02,+3.584400E+04,+3.479933E+00,+5.779500E-04,+9.910000E+37,+3.562627E+02,+3.584400E+04,+3.478985E+00,+5.779500E-04,+9.910000E+37,+3.563281E+02,+3.584400E+04,-4.150809E-02,+0.000000E+00,+9.910000E+37,+3.563945E+02,+3.584400E+04
11:21:56,0e0,+3.581163E+00,+6.449500E-04,+9.910000E+37,+3.566162E+02,+3.584400E+04,+3.582654E+00,+6.449500E-04,+9.910000E+37,+3.566836E+02,+3.584400E+04,+3.579875E+00,+6.449500E-04,+9.910000E+37,+3.567490E+02,+3.584400E+04,-4.137105E-02,+0.000000E+00,+9.910000E+37,+3.568164E+02,+3.584400E+04
11:21:56,0e0,+3.681231E+00,+7.197000E-04,+9.910000E+37,+3.570381E+02,+3.584400E+04,+3.684289E+00,+7.197000E-04,+9.910000E+37,+3.571035E+02,+3.584400E+04,+3.684970E+00,+7.197000E-04,+9.910000E+37,+3.571709E+02,+3.584400E+04,-4.196280E-02,+0.000000E+00,+9.910000E+37,+3.572363E+02,+3.584400E+04
11:21:56,0e0,+3.783238E+00,+8.031000E-04,+9.910000E+37,+3.574580E+02,+3.584400E+04,+3.785185E+00,+8.031000E-04,+9.910000E+37,+3.575234E+02,+3.584400E+04,+3.784820E+00,+8.031000E-04,+9.910000E+37,+3.575908E+02,+3.584400E+04,-4.123463E-02,+0.000000E+00,+9.910000E+37,+3.576572E+02,+3.584400E+04
11:21:56,0e0,+3.884590E+00,+8.961500E-04,+9.910000E+37,+3.578789E+02,+3.584400E+04,+3.885949E+00,+8.961500E-04,+9.910000E+37,+3.579463E+02,+3.584400E+04,+3.886775E+00,+8.961500E-04,+9.910000E+37,+3.580127E+02,+3.584400E+04,-4.118927E-02,+0.000000E+00,+9.910000E+37,+3.580801E+02,+3.584400E+04
11:21:56,0e0,+3.985903E+00,+1.000000E-03,+9.910000E+37,+3.582979E+02,+3.584400E+04,+3.988678E+00,+1.000000E-03,+9.910000E+37,+3.583643E+02,+3.584400E+04,+3.987582E+00,+1.000000E-03,+9.910000E+37,+3.584316E+02,+3.584400E+04,-4.223670E-02,+0.000000E+00,+9.910000E+37,+3.584980E+02,+3.584400E+04
11:21:56,0e0,+4.075559E+00,+1.116000E-03,+9.910000E+37,+3.587217E+02,+3.584400E+04,+4.078060E+00,+1.116000E-03,+9.910000E+37,+3.587881E+02,+3.584400E+04,+4.076695E+00,+1.116000E-03,+9.910000E+37,+3.588555E+02,+3.584400E+04,-7.579140E-01,+0.000000E+00,+9.910000E+37,+3.589209E+02,+3.584400E+04
11:21:56,0e0,+4.175461E+00,+1.245000E-03,+9.910000E+37,+3.591426E+02,+3.584400E+04,+4.178456E+00,+1.245000E-03,+9.910000E+37,+3.592090E+02,+3.584400E+04,+4.176962E+00,+1.245000E-03,+9.910000E+37,+3.592764E+02,+3.584400E+04,-7.453924E-01,+0.000000E+00,+9.910000E+37,+3.593418E+02,+3.584400E+04
11:21:56,0e0,+4.275580E+00,+1.389500E-03,+9.910000E+37,+3.595693E+02,+3.584400E+04,+4.276403E+00,+1.389500E-03,+9.910000E+37,+3.596367E+02,+3.584400E+04,+4.276218E+00,+1.389500E-03,+9.910000E+37,+3.597021E+02,+3.584400E+04,-7.408833E-01,+0.000000E+00,+9.910000E+37,+3.597695E+02,+3.584400E+04
11:21:56,0e0,+4.374478E+00,+1.550500E-03,+9.910000E+37,+3.599912E+02,+3.584400E+04,+4.376345E+00,+1.550500E-03,+9.910000E+37,+3.600576E+02,+3.584400E+04,+4.376164E+00,+1.550500E-03,+9.910000E+37,+3.601250E+02,+3.584400E+04,-7.289982E-01,+0.000000E+00,+9.910000E+37,+3.601914E+02,+3.584400E+04
11:21:56,0e0,+4.474795E+00,+1.730000E-03,+9.910000E+37,+3.604131E+02,+3.584400E+04,+4.476788E+00,+1.730000E-03,+9.910000E+37,+3.604785E+02,+3.584400E+04,+4.474827E+00,+1.730000E-03,+9.910000E+37,+3.605459E+02,+3.584400E+04,-7.389724E-01,+0.000000E+00,+9.910000E+37,+3.606113E+02,+3.584400E+04
11:21:56,0e0,+4.574964E+00,+1.930500E-03,+9.910000E+37,+3.608389E+02,+3.584400E+04,+4.575138E+00,+1.930500E-03,+9.910000E+37,+3.609043E+02,+3.584400E+04,+4.575959E+00,+1.930500E-03,+9.910000E+37,+3.609717E+02,+3.584400E+04,-7.370132E-01,+0.000000E+00,+9.910000E+37,+3.610371E+02,+3.584400E+04
11:21:56,0e0,+4.674125E+00,+2.154500E-03,+9.910000E+37,+3.612627E+02,+3.584400E+04,+4.676721E+00,+2.154500E-03,+9.910000E+37,+3.613301E+02,+3.584400E+04,+4.677090E+00,+2.154500E-03,+9.910000E+37,+3.613955E+02,+3.584400E+04,-7.227598E-01,+0.000000E+00,+9.910000E+37,+3.614629E+02,+3.584400E+04
11:21:56,0e0,+4.775668E+00,+2.404000E-03,+9.910000E+37,+3.616846E+02,+3.584400E+04,+4.777399E+00,+2.404000E-03,+9.910000E+37,+3.617510E+02,+3.584400E+04,+4.776900E+00,+2.404000E-03,+9.910000E+37,+3.618184E+02,+3.584400E+04,-7.325510E-01,+0.000000E+00,+9.910000E+37,+3.618838E+02,+3.584400E+04
11:21:56,0e0,+4.879396E+00,+2.682500E-03,+9.910000E+37,+3.621055E+02,+3.584400E+04,+4.880802E+00,+2.682500E-03,+9.910000E+37,+3.621719E+02,+3.584400E+04,+4.879657E+00,+2.682500E-03,+9.910000E+37,+3.622393E+02,+3.584400E+04,-7.249911E-01,+0.000000E+00,+9.910000E+37,+3.623047E+02,+3.584400E+04
11:21:56,0e0,+4.984540E+00,+2.993500E-03,+9.910000E+37,+3.625273E+02,+3.584400E+04,+4.985496E+00,+2.993500E-03,+9.910000E+37,+3.625947E+02,+3.584400E+04,+4.983886E+00,+2.993500E-03,+9.910000E+37,+3.626611E+02,+3.584400E+04,-7.113767E-01,+0.000000E+00,+9.910000E+37,+3.627275E+02,+3.584400E+04
11:21:56,0e0,+5.093760E+00,+3.340500E-03,+9.910000E+37,+3.629473E+02,+3.584400E+04,+5.093256E+00,+3.340500E-03,+9.910000E+37,+3.630127E+02,+3.584400E+04,+5.090531E+00,+3.340500E-03,+9.910000E+37,+3.630801E+02,+3.584400E+04,-6.908391E-01,+0.000000E+00,+9.910000E+37,+3.631465E+02,+3.584400E+04
11:21:56,0e0,+5.201174E+00,+3.727500E-03,+9.910000E+37,+3.633682E+02,+3.584400E+04,+5.202077E+00,+3.727500E-03,+9.910000E+37,+3.634346E+02,+3.584400E+04,+5.200994E+00,+3.727500E-03,+9.910000E+37,+3.635020E+02,+3.584400E+04,-7.055475E-01,+0.000000E+00,+9.910000E+37,+3.635684E+02,+3.584400E+04
11:21:56,0e0,+5.315549E+00,+4.159500E-03,+9.910000E+37,+3.637852E+02,+3.584400E+04,+5.316604E+00,+4.159500E-03,+9.910000E+37,+3.638525E+02,+3.584400E+04,+5.313866E+00,+4.159500E-03,+9.910000E+37,+3.639189E+02,+3.584400E+04,-6.918868E-01,+0.000000E+00,+9.910000E+37,+3.639844E+02,+3.584400E+04
11:21:56,0e0,+5.434580E+00,+4.641500E-03,+9.910000E+37,+3.642021E+02,+3.584400E+04,+5.433220E+00,+4.641500E-03,+9.910000E+37,+3.642686E+02,+3.584400E+04,+5.431020E+00,+4.641500E-03,+9.910000E+37,+3.643359E+02,+3.584400E+04,-6.810943E-01,+0.000000E+00,+9.910000E+37,+3.644014E+02,+3.584400E+04
11:21:56,0e0,+5.556187E+00,+5.179500E-03,+9.910000E+37,+3.646240E+02,+3.584400E+04,+5.556380E+00,+5.179500E-03,+9.910000E+37,+3.646914E+02,+3.584400E+04,+5.552779E+00,+5.179500E-03,+9.910000E+37,+3.647578E+02,+3.584400E+04,-6.781352E-01,+0.000000E+00,+9.910000E+37,+3.648252E+02,+3.584400E+04
11:21:56,0e0,+5.683043E+00,+5.779500E-03,+9.910000E+37,+3.650449E+02,+3.584400E+04,+5.684237E+00,+5.779500E-03,+9.910000E+37,+3.651123E+02,+3.584400E+04,+5.679171E+00,+5.779500E-03,+9.910000E+37,+3.651777E+02,+3.584400E+04,-6.708944E-01,+0.000000E+00,+9.910000E+37,+3.652441E+02,+3.584400E+04
11:21:56,0e0,+5.816282E+00,+6.449500E-03,+9.910000E+37,+3.654668E+02,+3.584400E+04,+5.813679E+00,+6.449500E-03,+9.910000E+37,+3.655342E+02,+3.584400E+04,+5.812449E+00,+6.449500E-03,+9.910000E+37,+3.655996E+02,+3.584400E+04,-6.663409E-01,+0.000000E+00,+9.910000E+37,+3.656670E+02,+3.584400E+04
11:21:56,0e0,+5.953009E+00,+7.197000E-03,+9.910000E+37,+3.658887E+02,+3.584400E+04,+5.950644E+00,+7.197000E-03,+9.910000E+37,+3.659551E+02,+3.584400E+04,+5.948101E+00,+7.197000E-03,+9.910000E+37,+3.660225E+02,+3.584400E+04,-6.401578E-01,+0.000000E+00,+9.910000E+37,+3.660879E+02,+3.584400E+04
11:21:56,0e0,+6.095620E+00,+8.031000E-03,+9.910000E+37,+3.663096E+02,+3.584400E+04,+6.092944E+00,+8.031000E-03,+9.910000E+37,+3.663770E+02,+3.584400E+04,+6.087742E+00,+8.031000E-03,+9.910000E+37,+3.664434E+02,+3.584400E+04,-6.217161E-01,+0.000000E+00,+9.910000E+37,+3.665098E+02,+3.584400E+04
11:21:56,0e0,+6.244884E+00,+8.961500E-03,+9.910000E+37,+3.667314E+02,+3.584400E+04,+6.239787E+00,+8.961500E-03,+9.910000E+37,+3.667979E+02,+3.584400E+04,+6.234411E+00,+8.961500E-03,+9.910000E+37,+3.668652E+02,+3.584400E+04,-5.852863E-01,+0.000000E+00,+9.910000E+37,+3.669307E+02,+3.584400E+04
