11:25:03,0e0,-1.897082E-03,+1.000000E-07,+9.910000E+37,+5.052285E+02,+3.584400E+04,-2.261743E-03,+1.000000E-07,+9.910000E+37,+5.052959E+02,+3.584400E+04,-1.123071E-03,+1.000000E-07,+9.910000E+37,+5.053623E+02,+3.584400E+04,-2.143051E-02,+0.000000E+00,+9.910000E+37,+5.054297E+02,+3.584400E+04
11:25:03,0e0,+1.153573E-03,+1.116000E-07,+9.910000E+37,+5.056563E+02,+3.584400E+04,+5.614012E-04,+1.116000E-07,+9.910000E+37,+5.057227E+02,+3.584400E+04,+1.517788E-03,+1.116000E-07,+9.910000E+37,+5.057891E+02,+3.584400E+04,-2.056512E-02,+0.000000E+00,+9.910000E+37,+5.058555E+02,+3.584400E+04
11:25:03,0e0,+2.610803E-03,+1.245000E-07,+9.910000E+37,+5.060811E+02,+3.584400E+04,+3.020361E-03,+1.245000E-07,+9.910000E+37,+5.061475E+02,+3.584400E+04,+3.156886E-03,+1.245000E-07,+9.910000E+37,+5.062148E+02,+3.584400E+04,-2.133909E-02,+0.000000E+00,+9.910000E+37,+5.062803E+02,+3.584400E+04
11:25:03,0e0,+5.205914E-03,+1.389500E-07,+9.910000E+37,+5.065020E+02,+3.584400E+04,+4.841626E-03,+1.389500E-07,+9.910000E+37,+5.065684E+02,+3.584400E+04,+6.981730E-03,+1.389500E-07,+9.910000E+37,+5.066348E+02,+3.584400E+04,-2.092932E-02,+0.000000E+00,+9.910000E+37,+5.067021E+02,+3.584400E+04
11:25:03,0e0,+8.438855E-03,+1.550500E-07,+9.910000E+37,+5.069277E+02,+3.584400E+04,+7.846728E-03,+1.550500E-07,+9.910000E+37,+5.069951E+02,+3.584400E+04,+8.393243E-03,+1.550500E-07,+9.910000E+37,+5.070605E+02,+3.584400E+04,-2.061102E-02,+0.000000E+00,+9.910000E+37,+5.071279E+02,+3.584400E+04
11:25:03,0e0,+1.039667E-02,+1.730000E-07,+9.910000E+37,+5.073535E+02,+3.584400E+04,+9.804502E-03,+1.730000E-07,+9.910000E+37,+5.074209E+02,+3.584400E+04,+1.189978E-02,+1.730000E-07,+9.910000E+37,+5.074863E+02,+3.584400E+04,-2.152121E-02,+0.000000E+00,+9.910000E+37,+5.075527E+02,+3.584400E+04
11:25:03,0e0,+1.504116E-02,+1.930500E-07,+9.910000E+37,+5.077773E+02,+3.584400E+04,+1.349245E-02,+1.930500E-07,+9.910000E+37,+5.078437E+02,+3.584400E+04,+1.331057E-02,+1.930500E-07,+9.910000E+37,+5.079102E+02,+3.584400E+04,-2.015579E-02,+0.000000E+00,+9.910000E+37,+5.079766E+02,+3.584400E+04
11:25:03,0e0,+1.599656E-02,+2.154500E-07,+9.910000E+37,+5.082012E+02,+3.584400E+04,+1.686178E-02,+2.154500E-07,+9.910000E+37,+5.082676E+02,+3.584400E+04,+1.891151E-02,+2.154500E-07,+9.910000E+37,+5.083340E+02,+3.584400E+04,-2.184086E-02,+0.000000E+00,+9.910000E+37,+5.084004E+02,+3.584400E+04
11:25:03,0e0,+2.337338E-02,+2.404000E-07,+9.910000E+37,+5.086260E+02,+3.584400E+04,+2.177943E-02,+2.404000E-07,+9.910000E+37,+5.086924E+02,+3.584400E+04,+2.214402E-02,+2.404000E-07,+9.910000E+37,+5.087598E+02,+3.584400E+04,-2.024667E-02,+0.000000E+00,+9.910000E+37,+5.088252E+02,+3.584400E+04
11:25:03,0e0,+2.760832E-02,+2.682500E-07,+9.910000E+37,+5.090518E+02,+3.584400E+04,+2.760796E-02,+2.682500E-07,+9.910000E+37,+5.091191E+02,+3.584400E+04,+2.601373E-02,+2.682500E-07,+9.910000E+37,+5.091865E+02,+3.584400E+04,-2.115732E-02,+0.000000E+00,+9.910000E+37,+5.092520E+02,+3.584400E+04
11:25:03,0e0,+3.207007E-02,+2.993500E-07,+9.910000E+37,+5.094785E+02,+3.584400E+04,+3.211546E-02,+2.993500E-07,+9.910000E+37,+5.095439E+02,+3.584400E+04,+3.084046E-02,+2.993500E-07,+9.910000E+37,+5.096104E+02,+3.584400E+04,-2.120309E-02,+0.000000E+00,+9.910000E+37,+5.096777E+02,+3.584400E+04
11:25:03,0e0,+3.653222E-02,+3.340500E-07,+9.910000E+37,+5.099033E+02,+3.584400E+04,+3.644136E-02,+3.340500E-07,+9.910000E+37,+5.099697E+02,+3.584400E+04,+3.703305E-02,+3.340500E-07,+9.910000E+37,+5.100361E+02,+3.584400E+04,-2.092944E-02,+0.000000E+00,+9.910000E+37,+5.101025E+02,+3.584400E+04
11:25:03,0e0,+4.245135E-02,+3.727500E-07,+9.910000E+37,+5.103301E+02,+3.584400E+04,+4.181397E-02,+3.727500E-07,+9.910000E+37,+5.103955E+02,+3.584400E+04,+4.217824E-02,+3.727500E-07,+9.910000E+37,+5.104619E+02,+3.584400E+04,-2.083857E-02,+0.000000E+00,+9.910000E+37,+5.105293E+02,+3.584400E+04
11:25:03,0e0,+4.714122E-02,+4.159500E-07,+9.910000E+37,+5.107529E+02,+3.584400E+04,+4.768759E-02,+4.159500E-07,+9.910000E+37,+5.108184E+02,+3.584400E+04,+4.882604E-02,+4.159500E-07,+9.910000E+37,+5.108848E+02,+3.584400E+04,-2.147622E-02,+0.000000E+00,+9.910000E+37,+5.109521E+02,+3.584400E+04
11:25:03,0e0,+5.520049E-02,+4.641500E-07,+9.910000E+37,+5.111738E+02,+3.584400E+04,+5.501842E-02,+4.641500E-07,+9.910000E+37,+5.112402E+02,+3.584400E+04,+5.442634E-02,+4.641500E-07,+9.910000E+37,+5.113076E+02,+3.584400E+04,-2.074753E-02,+0.000000E+00,+9.910000E+37,+5.113730E+02,+3.584400E+04
11:25:03,0e0,+6.171194E-02,+5.179500E-07,+9.910000E+37,+5.115996E+02,+3.584400E+04,+6.175706E-02,+5.179500E-07,+9.910000E+37,+5.116670E+02,+3.584400E+04,+6.143904E-02,+5.179500E-07,+9.910000E+37,+5.117324E+02,+3.584400E+04,-2.111156E-02,+0.000000E+00,+9.910000E+37,+5.117988E+02,+3.584400E+04
11:25:03,0e0,+6.886029E-02,+5.779500E-07,+9.910000E+37,+5.120254E+02,+3.584400E+04,+7.059056E-02,+5.779500E-07,+9.910000E+37,+5.120918E+02,+3.584400E+04,+6.940663E-02,+5.779500E-07,+9.910000E+37,+5.121592E+02,+3.584400E+04,-2.138518E-02,+0.000000E+00,+9.910000E+37,+5.122246E+02,+3.584400E+04
11:25:03,0e0,+7.851335E-02,+6.449500E-07,+9.910000E+37,+5.124482E+02,+3.584400E+04,+7.810327E-02,+6.449500E-07,+9.910000E+37,+5.125156E+02,+3.584400E+04,+7.696518E-02,+6.449500E-07,+9.910000E+37,+5.125820E+02,+3.584400E+04,-2.193196E-02,+0.000000E+00,+9.910000E+37,+5.126484E+02,+3.584400E+04
11:25:03,0e0,+8.711898E-02,+7.197000E-07,+9.910000E+37,+5.128711E+02,+3.584400E+04,+8.598033E-02,+7.197000E-07,+9.910000E+37,+5.129395E+02,+3.584400E+04,+8.639008E-02,+7.197000E-07,+9.910000E+37,+5.130049E+02,+3.584400E+04,-1.960950E-02,+0.000000E+00,+9.910000E+37,+5.130713E+02,+3.584400E+04
11:25:03,0e0,+9.595218E-02,+8.031000E-07,+9.910000E+37,+5.132979E+02,+3.584400E+04,+9.490424E-02,+8.031000E-07,+9.910000E+37,+5.133643E+02,+3.584400E+04,+9.554237E-02,+8.031000E-07,+9.910000E+37,+5.134316E+02,+3.584400E+04,-2.133970E-02,+0.000000E+00,+9.910000E+37,+5.134971E+02,+3.584400E+04
11:25:03,0e0,+1.063796E-01,+8.961500E-07,+9.910000E+37,+5.137236E+02,+3.584400E+04,+1.062880E-01,+8.961500E-07,+9.910000E+37,+5.137891E+02,+3.584400E+04,+1.066521E-01,+8.961500E-07,+9.910000E+37,+5.138555E+02,+3.584400E+04,-2.124856E-02,+0.000000E+00,+9.910000E+37,+5.139219E+02,+3.584400E+04
11:25:03,0e0,+1.169879E-01,+1.000000E-06,+9.910000E+37,+5.141445E+02,+3.584400E+04,+1.165322E-01,+1.000000E-06,+9.910000E+37,+5.142109E+02,+3.584400E+04,+1.160765E-01,+1.000000E-06,+9.910000E+37,+5.142773E+02,+3.584400E+04,-2.083857E-02,+0.000000E+00,+9.910000E+37,+5.143438E+02,+3.584400E+04
11:25:03,0e0,+1.173521E-01,+1.116000E-06,+9.910000E+37,+5.145674E+02,+3.584400E+04,+1.179447E-01,+1.116000E-06,+9.910000E+37,+5.146348E+02,+3.584400E+04,+1.175798E-01,+1.116000E-06,+9.910000E+37,+5.147002E+02,+3.584400E+04,-2.029213E-02,+0.000000E+00,+9.910000E+37,+5.147666E+02,+3.584400E+04
11:25:03,0e0,+1.294183E-01,+1.245000E-06,+9.910000E+37,+5.149912E+02,+3.584400E+04,+1.302835E-01,+1.245000E-06,+9.910000E+37,+5.150586E+02,+3.584400E+04,+1.298284E-01,+1.245000E-06,+9.910000E+37,+5.151240E+02,+3.584400E+04,-2.056524E-02,+0.000000E+00,+9.910000E+37,+5.151904E+02,+3.584400E+04
11:25:03,0e0,+1.406187E-01,+1.389500E-06,+9.910000E+37,+5.154121E+02,+3.584400E+04,+1.412576E-01,+1.389500E-06,+9.910000E+37,+5.154795E+02,+3.584400E+04,+1.421676E-01,+1.389500E-06,+9.910000E+37,+5.155449E+02,+3.584400E+04,-2.038358E-02,+0.000000E+00,+9.910000E+37,+5.156113E+02,+3.584400E+04
11:25:03,0e0,+1.546443E-01,+1.550500E-06,+9.910000E+37,+5.158369E+02,+3.584400E+04,+1.550536E-01,+1.550500E-06,+9.910000E+37,+5.159043E+02,+3.584400E+04,+1.530489E-01,+1.550500E-06,+9.910000E+37,+5.159697E+02,+3.584400E+04,-2.147643E-02,+0.000000E+00,+9.910000E+37,+5.160361E+02,+3.584400E+04
11:25:03,0e0,+1.688497E-01,+1.730000E-06,+9.910000E+37,+5.162617E+02,+3.584400E+04,+1.689409E-01,+1.730000E-06,+9.910000E+37,+5.163281E+02,+3.584400E+04,+1.692135E-01,+1.730000E-06,+9.910000E+37,+5.163945E+02,+3.584400E+04,-2.133970E-02,+0.000000E+00,+9.910000E+37,+5.164609E+02,+3.584400E+04
11:25:03,0e0,+1.841489E-01,+1.930500E-06,+9.910000E+37,+5.166865E+02,+3.584400E+04,+1.840573E-01,+1.930500E-06,+9.910000E+37,+5.167529E+02,+3.584400E+04,+1.814612E-01,+1.930500E-06,+9.910000E+37,+5.168184E+02,+3.584400E+04,-1.956397E-02,+0.000000E+00,+9.910000E+37,+5.168848E+02,+3.584400E+04
11:25:03,0e0,+1.999480E-01,+2.154500E-06,+9.910000E+37,+5.171084E+02,+3.584400E+04,+1.994023E-01,+2.154500E-06,+9.910000E+37,+5.171748E+02,+3.584400E+04,+2.004491E-01,+2.154500E-06,+9.910000E+37,+5.172412E+02,+3.584400E+04,-2.033798E-02,+0.000000E+00,+9.910000E+37,+5.173086E+02,+3.584400E+04
11:25:03,0e0,+2.164309E-01,+2.404000E-06,+9.910000E+37,+5.175381E+02,+3.584400E+04,+2.166587E-01,+2.404000E-06,+9.910000E+37,+5.176045E+02,+3.584400E+04,+2.169771E-01,+2.404000E-06,+9.910000E+37,+5.176699E+02,+3.584400E+04,-2.083842E-02,+0.000000E+00,+9.910000E+37,+5.177363E+02,+3.584400E+04
11:25:03,0e0,+2.361919E-01,+2.682500E-06,+9.910000E+37,+5.179561E+02,+3.584400E+04,+2.348715E-01,+2.682500E-06,+9.910000E+37,+5.180225E+02,+3.584400E+04,+2.357364E-01,+2.682500E-06,+9.910000E+37,+5.180889E+02,+3.584400E+04,-2.070230E-02,+0.000000E+00,+9.910000E+37,+5.181553E+02,+3.584400E+04
11:25:03,0e0,+2.541773E-01,+2.993500E-06,+9.910000E+37,+5.183789E+02,+3.584400E+04,+2.531748E-01,+2.993500E-06,+9.910000E+37,+5.184463E+02,+3.584400E+04,+2.546329E-01,+2.993500E-06,+9.910000E+37,+5.185117E+02,+3.584400E+04,-1.956387E-02,+0.000000E+00,+9.910000E+37,+5.185781E+02,+3.584400E+04
11:25:03,0e0,+2.744390E-01,+3.340500E-06,+9.910000E+37,+5.188271E+02,+3.584400E+04,+2.747579E-01,+3.340500E-06,+9.910000E+37,+5.188936E+02,+3.584400E+04,+2.759417E-01,+3.340500E-06,+9.910000E+37,+5.189600E+02,+3.584400E+04,-1.992822E-02,+0.000000E+00,+9.910000E+37,+5.190264E+02,+3.584400E+04
11:25:03,0e0,+2.957489E-01,+3.727500E-06,+9.910000E+37,+5.192510E+02,+3.584400E+04,+2.964768E-01,+3.727500E-06,+9.910000E+37,+5.193184E+02,+3.584400E+04,+2.968864E-01,+3.727500E-06,+9.910000E+37,+5.193848E+02,+3.584400E+04,-2.033810E-02,+0.000000E+00,+9.910000E+37,+5.194521E+02,+3.584400E+04
11:25:03,0e0,+3.191974E-01,+4.159500E-06,+9.910000E+37,+5.196738E+02,+3.584400E+04,+3.199715E-01,+4.159500E-06,+9.910000E+37,+5.197402E+02,+3.584400E+04,+3.192889E-01,+4.159500E-06,+9.910000E+37,+5.198076E+02,+3.584400E+04,-2.211417E-02,+0.000000E+00,+9.910000E+37,+5.198730E+02,+3.584400E+04
11:25:03,0e0,+3.435122E-01,+4.641500E-06,+9.910000E+37,+5.200967E+02,+3.584400E+04,+3.442404E-01,+4.641500E-06,+9.910000E+37,+5.201631E+02,+3.584400E+04,+3.428742E-01,+4.641500E-06,+9.910000E+37,+5.202295E+02,+3.584400E+04,-2.033806E-02,+0.000000E+00,+9.910000E+37,+5.202959E+02,+3.584400E+04
11:25:03,0e0,+3.680081E-01,+5.179500E-06,+9.910000E+37,+5.205215E+02,+3.584400E+04,+3.688280E-01,+5.179500E-06,+9.910000E+37,+5.205879E+02,+3.584400E+04,+3.688731E-01,+5.179500E-06,+9.910000E+37,+5.206543E+02,+3.584400E+04,-2.020130E-02,+0.000000E+00,+9.910000E+37,+5.207207E+02,+3.584400E+04
11:25:03,0e0,+3.968760E-01,+5.779500E-06,+9.910000E+37,+5.209473E+02,+3.584400E+04,+3.948724E-01,+5.779500E-06,+9.910000E+37,+5.210137E+02,+3.584400E+04,+3.956463E-01,+5.779500E-06,+9.910000E+37,+5.210801E+02,+3.584400E+04,-2.175005E-02,+0.000000E+00,+9.910000E+37,+5.211465E+02,+3.584400E+04
11:25:03,0e0,+4.234676E-01,+6.449500E-06,+9.910000E+37,+5.213691E+02,+3.584400E+04,+4.241958E-01,+6.449500E-06,+9.910000E+37,+5.214355E+02,+3.584400E+04,+4.244686E-01,+6.449500E-06,+9.910000E+37,+5.215029E+02,+3.584400E+04,-1.938191E-02,+0.000000E+00,+9.910000E+37,+5.215703E+02,+3.584400E+04
11:25:03,0e0,+4.534740E-01,+7.197000E-06,+9.910000E+37,+5.217939E+02,+3.584400E+04,+4.542015E-01,+7.197000E-06,+9.910000E+37,+5.218613E+02,+3.584400E+04,+4.528807E-01,+7.197000E-06,+9.910000E+37,+5.219268E+02,+3.584400E+04,-2.056578E-02,+0.000000E+00,+9.910000E+37,+5.219932E+02,+3.584400E+04
11:25:03,0e0,+4.836599E-01,+8.031000E-06,+9.910000E+37,+5.222148E+02,+3.584400E+04,+4.850266E-01,+8.031000E-06,+9.910000E+37,+5.222822E+02,+3.584400E+04,+4.842073E-01,+8.031000E-06,+9.910000E+37,+5.223496E+02,+3.584400E+04,-2.065682E-02,+0.000000E+00,+9.910000E+37,+5.224150E+02,+3.584400E+04
11:25:03,0e0,+5.182661E-01,+8.961500E-06,+9.910000E+37,+5.226396E+02,+3.584400E+04,+5.169902E-01,+8.961500E-06,+9.910000E+37,+5.227061E+02,+3.584400E+04,+5.173087E-01,+8.961500E-06,+9.910000E+37,+5.227725E+02,+3.584400E+04,-2.088444E-02,+0.000000E+00,+9.910000E+37,+5.228389E+02,+3.584400E+04
11:25:03,0e0,+5.511866E-01,+1.000000E-05,+9.910000E+37,+5.230615E+02,+3.584400E+04,+5.506861E-01,+1.000000E-05,+9.910000E+37,+5.231289E+02,+3.584400E+04,+5.518231E-01,+1.000000E-05,+9.910000E+37,+5.231953E+02,+3.584400E+04,-2.120332E-02,+0.000000E+00,+9.910000E+37,+5.232607E+02,+3.584400E+04
11:25:03,0e0,+5.749997E-01,+1.116000E-05,+9.910000E+37,+5.234814E+02,+3.584400E+04,+5.749078E-01,+1.116000E-05,+9.910000E+37,+5.235469E+02,+3.584400E+04,+5.757278E-01,+1.116000E-05,+9.910000E+37,+5.236133E+02,+3.584400E+04,-2.279693E-02,+0.000000E+00,+9.910000E+37,+5.236807E+02,+3.584400E+04
11:25:03,0e0,+6.114246E-01,+1.245000E-05,+9.910000E+37,+5.238975E+02,+3.584400E+04,+6.121081E-01,+1.245000E-05,+9.910000E+37,+5.239648E+02,+3.584400E+04,+6.107866E-01,+1.245000E-05,+9.910000E+37,+5.240322E+02,+3.584400E+04,-2.188620E-02,+0.000000E+00,+9.910000E+37,+5.240977E+02,+3.584400E+04
11:25:03,0e0,+6.494884E-01,+1.389500E-05,+9.910000E+37,+5.243135E+02,+3.584400E+04,+6.503087E-01,+1.389500E-05,+9.910000E+37,+5.243799E+02,+3.584400E+04,+6.487138E-01,+1.389500E-05,+9.910000E+37,+5.244473E+02,+3.584400E+04,-2.197719E-02,+0.000000E+00,+9.910000E+37,+5.245127E+02,+3.584400E+04
11:25:03,0e0,+6.895567E-01,+1.550500E-05,+9.910000E+37,+5.247285E+02,+3.584400E+04,+6.886455E-01,+1.550500E-05,+9.910000E+37,+5.247959E+02,+3.584400E+04,+6.901957E-01,+1.550500E-05,+9.910000E+37,+5.248613E+02,+3.584400E+04,-2.243282E-02,+0.000000E+00,+9.910000E+37,+5.249346E+02,+3.584400E+04
11:25:03,0e0,+7.309475E-01,+1.730000E-05,+9.910000E+37,+5.251533E+02,+3.584400E+04,+7.314017E-01,+1.730000E-05,+9.910000E+37,+5.252207E+02,+3.584400E+04,+7.317668E-01,+1.730000E-05,+9.910000E+37,+5.252861E+02,+3.584400E+04,-2.129431E-02,+0.000000E+00,+9.910000E+37,+5.253574E+02,+3.584400E+04
11:25:03,0e0,+7.746579E-01,+1.930500E-05,+9.910000E+37,+5.255781E+02,+3.584400E+04,+7.743847E-01,+1.930500E-05,+9.910000E+37,+5.256445E+02,+3.584400E+04,+7.741122E-01,+1.930500E-05,+9.910000E+37,+5.257109E+02,+3.584400E+04,-2.234161E-02,+0.000000E+00,+9.910000E+37,+5.257832E+02,+3.584400E+04
11:25:03,0e0,+8.189158E-01,+2.154500E-05,+9.910000E+37,+5.260059E+02,+3.584400E+04,+8.206002E-01,+2.154500E-05,+9.910000E+37,+5.260732E+02,+3.584400E+04,+8.191434E-01,+2.154500E-05,+9.910000E+37,+5.261387E+02,+3.584400E+04,-2.074793E-02,+0.000000E+00,+9.910000E+37,+5.262061E+02,+3.584400E+04
11:25:03,0e0,+8.660877E-01,+2.404000E-05,+9.910000E+37,+5.264248E+02,+3.584400E+04,+8.653581E-01,+2.404000E-05,+9.910000E+37,+5.264902E+02,+3.584400E+04,+8.670439E-01,+2.404000E-05,+9.910000E+37,+5.265576E+02,+3.584400E+04,-2.120320E-02,+0.000000E+00,+9.910000E+37,+5.266270E+02,+3.584400E+04
11:25:03,0e0,+9.146705E-01,+2.682500E-05,+9.910000E+37,+5.268486E+02,+3.584400E+04,+9.143062E-01,+2.682500E-05,+9.910000E+37,+5.269170E+02,+3.584400E+04,+9.142150E-01,+2.682500E-05,+9.910000E+37,+5.269883E+02,+3.584400E+04,-2.188626E-02,+0.000000E+00,+9.910000E+37,+5.270605E+02,+3.584400E+04
11:25:03,0e0,+9.657577E-01,+2.993500E-05,+9.910000E+37,+5.272803E+02,+3.584400E+04,+9.661671E-01,+2.993500E-05,+9.910000E+37,+5.273467E+02,+3.584400E+04,+9.656661E-01,+2.993500E-05,+9.910000E+37,+5.274131E+02,+3.584400E+04,-2.111216E-02,+0.000000E+00,+9.910000E+37,+5.274844E+02,+3.584400E+04
11:25:03,0e0,+1.018483E+00,+3.340500E-05,+9.910000E+37,+5.277041E+02,+3.584400E+04,+1.019122E+00,+3.340500E-05,+9.910000E+37,+5.277715E+02,+3.584400E+04,+1.019850E+00,+3.340500E-05,+9.910000E+37,+5.278437E+02,+3.584400E+04,-2.056579E-02,+0.000000E+00,+9.910000E+37,+5.279170E+02,+3.584400E+04
11:25:03,0e0,+1.075354E+00,+3.727500E-05,+9.910000E+37,+5.281357E+02,+3.584400E+04,+1.075172E+00,+3.727500E-05,+9.910000E+37,+5.282031E+02,+3.584400E+04,+1.074213E+00,+3.727500E-05,+9.910000E+37,+5.282686E+02,+3.584400E+04,-2.111222E-02,+0.000000E+00,+9.910000E+37,+5.283398E+02,+3.584400E+04
11:25:03,0e0,+1.133317E+00,+4.159500E-05,+9.910000E+37,+5.285547E+02,+3.584400E+04,+1.134000E+00,+4.159500E-05,+9.910000E+37,+5.286221E+02,+3.584400E+04,+1.133408E+00,+4.159500E-05,+9.910000E+37,+5.286875E+02,+3.584400E+04,-2.188644E-02,+0.000000E+00,+9.910000E+37,+5.287549E+02,+3.584400E+04
11:25:03,0e0,+1.194786E+00,+4.641500E-05,+9.910000E+37,+5.289658E+02,+3.584400E+04,+1.194877E+00,+4.641500E-05,+9.910000E+37,+5.290332E+02,+3.584400E+04,+1.195378E+00,+4.641500E-05,+9.910000E+37,+5.290986E+02,+3.584400E+04,-2.124891E-02,+0.000000E+00,+9.910000E+37,+5.291650E+02,+3.584400E+04
11:25:03,0e0,+1.258529E+00,+5.179500E-05,+9.910000E+37,+5.293818E+02,+3.584400E+04,+1.261126E+00,+5.179500E-05,+9.910000E+37,+5.294482E+02,+3.584400E+04,+1.260033E+00,+5.179500E-05,+9.910000E+37,+5.295146E+02,+3.584400E+04,-2.197722E-02,+0.000000E+00,+9.910000E+37,+5.295820E+02,+3.584400E+04
11:25:03,0e0,+1.327104E+00,+5.779500E-05,+9.910000E+37,+5.297979E+02,+3.584400E+04,+1.327286E+00,+5.779500E-05,+9.910000E+37,+5.298633E+02,+3.584400E+04,+1.326189E+00,+5.779500E-05,+9.910000E+37,+5.299297E+02,+3.584400E+04,-2.165876E-02,+0.000000E+00,+9.910000E+37,+5.299971E+02,+3.584400E+04
11:25:03,0e0,+1.397769E+00,+6.449500E-05,+9.910000E+37,+5.302168E+02,+3.584400E+04,+1.398543E+00,+6.449500E-05,+9.910000E+37,+5.302822E+02,+3.584400E+04,+1.398499E+00,+6.449500E-05,+9.910000E+37,+5.303486E+02,+3.584400E+04,-2.129436E-02,+0.000000E+00,+9.910000E+37,+5.304180E+02,+3.584400E+04
11:25:03,0e0,+1.471806E+00,+7.197000E-05,+9.910000E+37,+5.306357E+02,+3.584400E+04,+1.473171E+00,+7.197000E-05,+9.910000E+37,+5.307021E+02,+3.584400E+04,+1.473080E+00,+7.197000E-05,+9.910000E+37,+5.307686E+02,+3.584400E+04,-2.033791E-02,+0.000000E+00,+9.910000E+37,+5.308408E+02,+3.584400E+04
11:25:03,0e0,+1.552488E+00,+8.031000E-05,+9.910000E+37,+5.310605E+02,+3.584400E+04,+1.552672E+00,+8.031000E-05,+9.910000E+37,+5.311279E+02,+3.584400E+04,+1.551032E+00,+8.031000E-05,+9.910000E+37,+5.311934E+02,+3.584400E+04,-2.134001E-02,+0.000000E+00,+9.910000E+37,+5.312656E+02,+3.584400E+04
11:25:03,0e0,+1.634402E+00,+8.961500E-05,+9.910000E+37,+5.314883E+02,+3.584400E+04,+1.634035E+00,+8.961500E-05,+9.910000E+37,+5.315537E+02,+3.584400E+04,+1.635175E+00,+8.961500E-05,+9.910000E+37,+5.316201E+02,+3.584400E+04,-2.143076E-02,+0.000000E+00,+9.910000E+37,+5.316924E+02,+3.584400E+04
11:25:03,0e0,+1.719498E+00,+1.000000E-04,+9.910000E+37,+5.319102E+02,+3.584400E+04,+1.721732E+00,+1.000000E-04,+9.910000E+37,+5.319756E+02,+3.584400E+04,+1.721641E+00,+1.000000E-04,+9.910000E+37,+5.320439E+02,+3.584400E+04,-2.170426E-02,+0.000000E+00,+9.910000E+37,+5.321162E+02,+3.584400E+04
11:25:03,0e0,+1.801733E+00,+1.116000E-04,+9.910000E+37,+5.323398E+02,+3.584400E+04,+1.802598E+00,+1.116000E-04,+9.910000E+37,+5.324063E+02,+3.584400E+04,+1.803144E+00,+1.116000E-04,+9.910000E+37,+5.324736E+02,+3.584400E+04,-3.035504E-02,+0.000000E+00,+9.910000E+37,+5.325391E+02,+3.584400E+04
11:25:03,0e0,+1.896348E+00,+1.245000E-04,+9.910000E+37,+5.327656E+02,+3.584400E+04,+1.896256E+00,+1.245000E-04,+9.910000E+37,+5.328311E+02,+3.584400E+04,+1.897261E+00,+1.245000E-04,+9.910000E+37,+5.328984E+02,+3.584400E+04,-3.122048E-02,+0.000000E+00,+9.910000E+37,+5.329658E+02,+3.584400E+04
11:25:03,0e0,+1.997114E+00,+1.389500E-04,+9.910000E+37,+5.331953E+02,+3.584400E+04,+1.996200E+00,+1.389500E-04,+9.910000E+37,+5.332607E+02,+3.584400E+04,+1.996200E+00,+1.389500E-04,+9.910000E+37,+5.333281E+02,+3.584400E+04,-3.090197E-02,+0.000000E+00,+9.910000E+37,+5.333936E+02,+3.584400E+04
11:25:03,0e0,+2.101425E+00,+1.550500E-04,+9.910000E+37,+5.336221E+02,+3.584400E+04,+2.100835E+00,+1.550500E-04,+9.910000E+37,+5.336875E+02,+3.584400E+04,+2.101884E+00,+1.550500E-04,+9.910000E+37,+5.337549E+02,+3.584400E+04,-3.085583E-02,+0.000000E+00,+9.910000E+37,+5.338213E+02,+3.584400E+04
11:25:03,0e0,+2.208928E+00,+1.730000E-04,+9.910000E+37,+5.340459E+02,+3.584400E+04,+2.209065E+00,+1.730000E-04,+9.910000E+37,+5.341113E+02,+3.584400E+04,+2.210068E+00,+1.730000E-04,+9.910000E+37,+5.341777E+02,+3.584400E+04,-2.985448E-02,+0.000000E+00,+9.910000E+37,+5.342451E+02,+3.584400E+04
11:25:03,0e0,+2.321349E+00,+1.930500E-04,+9.910000E+37,+5.344678E+02,+3.584400E+04,+2.323127E+00,+1.930500E-04,+9.910000E+37,+5.345352E+02,+3.584400E+04,+2.323032E+00,+1.930500E-04,+9.910000E+37,+5.346025E+02,+3.584400E+04,-3.076528E-02,+0.000000E+00,+9.910000E+37,+5.346680E+02,+3.584400E+04
11:25:03,0e0,+2.438778E+00,+2.154500E-04,+9.910000E+37,+5.348916E+02,+3.584400E+04,+2.439231E+00,+2.154500E-04,+9.910000E+37,+5.349590E+02,+3.584400E+04,+2.439959E+00,+2.154500E-04,+9.910000E+37,+5.350264E+02,+3.584400E+04,-3.035527E-02,+0.000000E+00,+9.910000E+37,+5.350918E+02,+3.584400E+04
11:25:03,0e0,+2.558571E+00,+2.404000E-04,+9.910000E+37,+5.353174E+02,+3.584400E+04,+2.558888E+00,+2.404000E-04,+9.910000E+37,+5.353848E+02,+3.584400E+04,+2.560848E+00,+2.404000E-04,+9.910000E+37,+5.354502E+02,+3.584400E+04,-3.012750E-02,+0.000000E+00,+9.910000E+37,+5.355176E+02,+3.584400E+04
11:25:03,0e0,+2.681327E+00,+2.682500E-04,+9.910000E+37,+5.357383E+02,+3.584400E+04,+2.682329E+00,+2.682500E-04,+9.910000E+37,+5.358047E+02,+3.584400E+04,+2.682556E+00,+2.682500E-04,+9.910000E+37,+5.358740E+02,+3.584400E+04,-3.058296E-02,+0.000000E+00,+9.910000E+37,+5.359443E+02,+3.584400E+04
11:25:03,0e0,+2.804901E+00,+2.993500E-04,+9.910000E+37,+5.361748E+02,+3.584400E+04,+2.807680E+00,+2.993500E-04,+9.910000E+37,+5.362402E+02,+3.584400E+04,+2.808546E+00,+2.993500E-04,+9.910000E+37,+5.363066E+02,+3.584400E+04,-2.962692E-02,+0.000000E+00,+9.910000E+37,+5.363740E+02,+3.584400E+04
11:25:03,0e0,+2.930845E+00,+3.340500E-04,+9.910000E+37,+5.365986E+02,+3.584400E+04,+2.931115E+00,+3.340500E-04,+9.910000E+37,+5.366650E+02,+3.584400E+04,+2.933440E+00,+3.340500E-04,+9.910000E+37,+5.367324E+02,+3.584400E+04,-2.994563E-02,+0.000000E+00,+9.910000E+37,+5.367979E+02,+3.584400E+04
11:25:03,0e0,+3.054645E+00,+3.727500E-04,+9.910000E+37,+5.370234E+02,+3.584400E+04,+3.058334E+00,+3.727500E-04,+9.910000E+37,+5.370898E+02,+3.584400E+04,+3.057106E+00,+3.727500E-04,+9.910000E+37,+5.371563E+02,+3.584400E+04,-3.071968E-02,+0.000000E+00,+9.910000E+37,+5.372217E+02,+3.584400E+04
11:25:03,0e0,+3.177766E+00,+4.159500E-04,+9.910000E+37,+5.374443E+02,+3.584400E+04,+3.180043E+00,+4.159500E-04,+9.910000E+37,+5.375107E+02,+3.584400E+04,+3.181550E+00,+4.159500E-04,+9.910000E+37,+5.375771E+02,+3.584400E+04,-3.217718E-02,+0.000000E+00,+9.910000E+37,+5.376445E+02,+3.584400E+04
11:25:03,0e0,+3.300254E+00,+4.641500E-04,+9.910000E+37,+5.378711E+02,+3.584400E+04,+3.301707E+00,+4.641500E-04,+9.910000E+37,+5.379375E+02,+3.584400E+04,+3.302026E+00,+4.641500E-04,+9.910000E+37,+5.380039E+02,+3.584400E+04,-3.062873E-02,+0.000000E+00,+9.910000E+37,+5.380703E+02,+3.584400E+04
11:25:03,0e0,+3.417534E+00,+5.179500E-04,+9.910000E+37,+5.382939E+02,+3.584400E+04,+3.421457E+00,+5.179500E-04,+9.910000E+37,+5.383604E+02,+3.584400E+04,+3.420271E+00,+5.179500E-04,+9.910000E+37,+5.384268E+02,+3.584400E+04,-3.081097E-02,+0.000000E+00,+9.910000E+37,+5.384922E+02,+3.584400E+04
11:25:03,0e0,+3.534695E+00,+5.779500E-04,+9.910000E+37,+5.387178E+02,+3.584400E+04,+3.536014E+00,+5.779500E-04,+9.910000E+37,+5.387832E+02,+3.584400E+04,+3.537334E+00,+5.779500E-04,+9.910000E+37,+5.388496E+02,+3.584400E+04,-3.003676E-02,+0.000000E+00,+9.910000E+37,+5.389150E+02,+3.584400E+04
11:25:03,0e0,+3.649209E+00,+6.449500E-04,+9.910000E+37,+5.391396E+02,+3.584400E+04,+3.651029E+00,+6.449500E-04,+9.910000E+37,+5.392061E+02,+3.584400E+04,+3.650207E+00,+6.449500E-04,+9.910000E+37,+5.392734E+02,+3.584400E+04,-3.090182E-02,+0.000000E+00,+9.910000E+37,+5.393389E+02,+3.584400E+04
11:25:03,0e0,+3.760170E+00,+7.197000E-04,+9.910000E+37,+5.395615E+02,+3.584400E+04,+3.762355E+00,+7.197000E-04,+9.910000E+37,+5.396289E+02,+3.584400E+04,+3.761855E+00,+7.197000E-04,+9.910000E+37,+5.396953E+02,+3.584400E+04,-3.076503E-02,+0.000000E+00,+9.910000E+37,+5.397627E+02,+3.584400E+04
11:25:03,0e0,+3.869771E+00,+8.031000E-04,+9.910000E+37,+5.399873E+02,+3.584400E+04,+3.873277E+00,+8.031000E-04,+9.910000E+37,+5.400547E+02,+3.584400E+04,+3.871177E+00,+8.031000E-04,+9.910000E+37,+5.401211E+02,+3.584400E+04,-2.903478E-02,+0.000000E+00,+9.910000E+37,+5.401875E+02,+3.584400E+04
11:25:03,0e0,+3.979225E+00,+8.961500E-04,+9.910000E+37,+5.404102E+02,+3.584400E+04,+3.979681E+00,+8.961500E-04,+9.910000E+37,+5.404756E+02,+3.584400E+04,+3.978907E+00,+8.961500E-04,+9.910000E+37,+5.405420E+02,+3.584400E+04,-3.035535E-02,+0.000000E+00,+9.910000E+37,+5.406094E+02,+3.584400E+04
11:25:03,0e0,+4.084999E+00,+1.000000E-03,+9.910000E+37,+5.408311E+02,+3.584400E+04,+4.086455E+00,+1.000000E-03,+9.910000E+37,+5.408984E+02,+3.584400E+04,+4.086226E+00,+1.000000E-03,+9.910000E+37,+5.409639E+02,+3.584400E+04,-3.026429E-02,+0.000000E+00,+9.910000E+37,+5.410312E+02,+3.584400E+04
11:25:03,0e0,+4.176825E+00,+1.116000E-03,+9.910000E+37,+5.412529E+02,+3.584400E+04,+4.179753E+00,+1.116000E-03,+9.910000E+37,+5.413193E+02,+3.584400E+04,+4.179391E+00,+1.116000E-03,+9.910000E+37,+5.413867E+02,+3.584400E+04,-8.071290E-01,+0.000000E+00,+9.910000E+37,+5.414541E+02,+3.584400E+04
11:25:03,0e0,+4.282290E+00,+1.245000E-03,+9.910000E+37,+5.416738E+02,+3.584400E+04,+4.283839E+00,+1.245000E-03,+9.910000E+37,+5.417402E+02,+3.584400E+04,+4.283880E+00,+1.245000E-03,+9.910000E+37,+5.418076E+02,+3.584400E+04,-7.742985E-01,+0.000000E+00,+9.910000E+37,+5.418730E+02,+3.584400E+04
11:25:03,0e0,+4.387697E+00,+1.389500E-03,+9.910000E+37,+5.420957E+02,+3.584400E+04,+4.388380E+00,+1.389500E-03,+9.910000E+37,+5.421631E+02,+3.584400E+04,+4.388151E+00,+1.389500E-03,+9.910000E+37,+5.422285E+02,+3.584400E+04,-7.757555E-01,+0.000000E+00,+9.910000E+37,+5.422949E+02,+3.584400E+04
11:25:03,0e0,+4.492422E+00,+1.550500E-03,+9.910000E+37,+5.425215E+02,+3.584400E+04,+4.493508E+00,+1.550500E-03,+9.910000E+37,+5.425879E+02,+3.584400E+04,+4.493288E+00,+1.550500E-03,+9.910000E+37,+5.426553E+02,+3.584400E+04,-7.786695E-01,+0.000000E+00,+9.910000E+37,+5.427207E+02,+3.584400E+04
11:25:03,0e0,+4.597110E+00,+1.730000E-03,+9.910000E+37,+5.429443E+02,+3.584400E+04,+4.599192E+00,+1.730000E-03,+9.910000E+37,+5.430098E+02,+3.584400E+04,+4.599514E+00,+1.730000E-03,+9.910000E+37,+5.430771E+02,+3.584400E+04,-7.811736E-01,+0.000000E+00,+9.910000E+37,+5.431445E+02,+3.584400E+04
11:25:03,0e0,+4.703557E+00,+1.930500E-03,+9.910000E+37,+5.433643E+02,+3.584400E+04,+4.706880E+00,+1.930500E-03,+9.910000E+37,+5.434316E+02,+3.584400E+04,+4.705374E+00,+1.930500E-03,+9.910000E+37,+5.434980E+02,+3.584400E+04,-7.846798E-01,+0.000000E+00,+9.910000E+37,+5.435635E+02,+3.584400E+04
11:25:03,0e0,+4.811376E+00,+2.154500E-03,+9.910000E+37,+5.437900E+02,+3.584400E+04,+4.814469E+00,+2.154500E-03,+9.910000E+37,+5.438564E+02,+3.584400E+04,+4.813420E+00,+2.154500E-03,+9.910000E+37,+5.439238E+02,+3.584400E+04,-7.982493E-01,+0.000000E+00,+9.910000E+37,+5.439893E+02,+3.584400E+04
11:25:03,0e0,+4.921972E+00,+2.404000E-03,+9.910000E+37,+5.442139E+02,+3.584400E+04,+4.924341E+00,+2.404000E-03,+9.910000E+37,+5.442803E+02,+3.584400E+04,+4.924385E+00,+2.404000E-03,+9.910000E+37,+5.443467E+02,+3.584400E+04,-7.690152E-01,+0.000000E+00,+9.910000E+37,+5.444121E+02,+3.584400E+04
11:25:03,0e0,+5.034348E+00,+2.682500E-03,+9.910000E+37,+5.446338E+02,+3.584400E+04,+5.037127E+00,+2.682500E-03,+9.910000E+37,+5.446992E+02,+3.584400E+04,+5.036532E+00,+2.682500E-03,+9.910000E+37,+5.447666E+02,+3.584400E+04,-7.778041E-01,+0.000000E+00,+9.910000E+37,+5.448320E+02,+3.584400E+04
11:25:03,0e0,+5.148503E+00,+2.993500E-03,+9.910000E+37,+5.450537E+02,+3.584400E+04,+5.152415E+00,+2.993500E-03,+9.910000E+37,+5.451201E+02,+3.584400E+04,+5.151416E+00,+2.993500E-03,+9.910000E+37,+5.451875E+02,+3.584400E+04,-7.958359E-01,+0.000000E+00,+9.910000E+37,+5.452529E+02,+3.584400E+04
11:25:03,0e0,+5.265470E+00,+3.340500E-03,+9.910000E+37,+5.454805E+02,+3.584400E+04,+5.269255E+00,+3.340500E-03,+9.910000E+37,+5.455469E+02,+3.584400E+04,+5.269297E+00,+3.340500E-03,+9.910000E+37,+5.456143E+02,+3.584400E+04,-7.766211E-01,+0.000000E+00,+9.910000E+37,+5.456797E+02,+3.584400E+04
11:25:03,0e0,+5.388270E+00,+3.727500E-03,+9.910000E+37,+5.459043E+02,+3.584400E+04,+5.390045E+00,+3.727500E-03,+9.910000E+37,+5.459707E+02,+3.584400E+04,+5.389222E+00,+3.727500E-03,+9.910000E+37,+5.460371E+02,+3.584400E+04,-7.796718E-01,+0.000000E+00,+9.910000E+37,+5.461035E+02,+3.584400E+04
11:25:03,0e0,+5.511755E+00,+4.159500E-03,+9.910000E+37,+5.463291E+02,+3.584400E+04,+5.513294E+00,+4.159500E-03,+9.910000E+37,+5.463945E+02,+3.584400E+04,+5.513622E+00,+4.159500E-03,+9.910000E+37,+5.464619E+02,+3.584400E+04,-7.604551E-01,+0.000000E+00,+9.910000E+37,+5.465293E+02,+3.584400E+04
11:25:03,0e0,+5.639070E+00,+4.641500E-03,+9.910000E+37,+5.467559E+02,+3.584400E+04,+5.641519E+00,+4.641500E-03,+9.910000E+37,+5.468213E+02,+3.584400E+04,+5.641574E+00,+4.641500E-03,+9.910000E+37,+5.468877E+02,+3.584400E+04,-7.446998E-01,+0.000000E+00,+9.910000E+37,+5.469551E+02,+3.584400E+04
11:25:03,0e0,+5.771250E+00,+5.179500E-03,+9.910000E+37,+5.471787E+02,+3.584400E+04,+5.773620E+00,+5.179500E-03,+9.910000E+37,+5.472461E+02,+3.584400E+04,+5.773015E+00,+5.179500E-03,+9.910000E+37,+5.473115E+02,+3.584400E+04,-7.225694E-01,+0.000000E+00,+9.910000E+37,+5.473779E+02,+3.584400E+04
11:25:03,0e0,+5.907429E+00,+5.779500E-03,+9.910000E+37,+5.475996E+02,+3.584400E+04,+5.909352E+00,+5.779500E-03,+9.910000E+37,+5.476670E+02,+3.584400E+04,+5.907656E+00,+5.779500E-03,+9.910000E+37,+5.477344E+02,+3.584400E+04,-6.977986E-01,+0.000000E+00,+9.910000E+37,+5.477998E+02,+3.584400E+04
11:25:03,0e0,+6.047576E+00,+6.449500E-03,+9.910000E+37,+5.480215E+02,+3.584400E+04,+6.048577E+00,+6.449500E-03,+9.910000E+37,+5.480889E+02,+3.584400E+04,+6.047578E+00,+6.449500E-03,+9.910000E+37,+5.481543E+02,+3.584400E+04,-6.909690E-01,+0.000000E+00,+9.910000E+37,+5.482207E+02,+3.584400E+04
11:25:03,0e0,+6.191963E+00,+7.197000E-03,+9.910000E+37,+5.484463E+02,+3.584400E+04,+6.194108E+00,+7.197000E-03,+9.910000E+37,+5.485137E+02,+3.584400E+04,+6.191278E+00,+7.197000E-03,+9.910000E+37,+5.485811E+02,+3.584400E+04,-6.959323E-01,+0.000000E+00,+9.910000E+37,+5.486465E+02,+3.584400E+04
11:25:03,0e0,+6.341580E+00,+8.031000E-03,+9.910000E+37,+5.488760E+02,+3.584400E+04,+6.343171E+00,+8.031000E-03,+9.910000E+37,+5.489424E+02,+3.584400E+04,+6.340578E+00,+8.031000E-03,+9.910000E+37,+5.490098E+02,+3.584400E+04,-6.703414E-01,+0.000000E+00,+9.910000E+37,+5.490752E+02,+3.584400E+04
11:25:03,0e0,+6.498392E+00,+8.961500E-03,+9.910000E+37,+5.492969E+02,+3.584400E+04,+6.497468E+00,+8.961500E-03,+9.910000E+37,+5.493633E+02,+3.584400E+04,+6.497344E+00,+8.961500E-03,+9.910000E+37,+5.494307E+02,+3.584400E+04,-6.401973E-01,+0.000000E+00,+9.910000E+37,+5.494961E+02,+3.584400E+04
