15:54:03,0e0,+1.309854E-02,+1.000000E-07,+9.910000E+37,+5.349778E+03,+3.584400E+04,+1.328103E-02,+1.000000E-07,+9.910000E+37,+5.349845E+03,+3.584400E+04,+1.232503E-02,+1.000000E-07,+9.910000E+37,+5.349911E+03,+3.584400E+04,-5.591065E-04,+0.000000E+00,+9.910000E+37,+5.349979E+03,+3.584400E+04
15:54:03,0e0,+1.387300E-02,+1.056500E-07,+9.910000E+37,+5.350202E+03,+3.584400E+04,+1.287091E-02,+1.056500E-07,+9.910000E+37,+5.350270E+03,+3.584400E+04,+1.373641E-02,+1.056500E-07,+9.910000E+37,+5.350337E+03,+3.584400E+04,-6.497204E-04,+0.000000E+00,+9.910000E+37,+5.350402E+03,+3.584400E+04
15:54:03,0e0,+1.482889E-02,+1.116000E-07,+9.910000E+37,+5.350624E+03,+3.584400E+04,+1.387280E-02,+1.116000E-07,+9.910000E+37,+5.350690E+03,+3.584400E+04,+1.510210E-02,+1.116000E-07,+9.910000E+37,+5.350757E+03,+3.584400E+04,-1.150787E-03,+0.000000E+00,+9.910000E+37,+5.350823E+03,+3.584400E+04
15:54:03,0e0,+1.564837E-02,+1.179000E-07,+9.910000E+37,+5.351050E+03,+3.584400E+04,+1.614915E-02,+1.179000E-07,+9.910000E+37,+5.351116E+03,+3.584400E+04,+1.578499E-02,+1.179000E-07,+9.910000E+37,+5.351184E+03,+3.584400E+04,-2.858639E-04,+0.000000E+00,+9.910000E+37,+5.351249E+03,+3.584400E+04
15:54:03,0e0,+1.637700E-02,+1.245000E-07,+9.910000E+37,+5.351474E+03,+3.584400E+04,+1.674117E-02,+1.245000E-07,+9.910000E+37,+5.351540E+03,+3.584400E+04,+1.628596E-02,+1.245000E-07,+9.910000E+37,+5.351606E+03,+3.584400E+04,-1.014277E-03,+0.000000E+00,+9.910000E+37,+5.351673E+03,+3.584400E+04
15:54:03,0e0,+1.746981E-02,+1.315500E-07,+9.910000E+37,+5.351898E+03,+3.584400E+04,+1.897223E-02,+1.315500E-07,+9.910000E+37,+5.351965E+03,+3.584400E+04,+1.760618E-02,+1.315500E-07,+9.910000E+37,+5.352031E+03,+3.584400E+04,-4.680604E-04,+0.000000E+00,+9.910000E+37,+5.352098E+03,+3.584400E+04
15:54:03,0e0,+1.806149E-02,+1.389500E-07,+9.910000E+37,+5.352322E+03,+3.584400E+04,+1.929082E-02,+1.389500E-07,+9.910000E+37,+5.352389E+03,+3.584400E+04,+1.787902E-02,+1.389500E-07,+9.910000E+37,+5.352455E+03,+3.584400E+04,-1.014322E-03,+0.000000E+00,+9.910000E+37,+5.352522E+03,+3.584400E+04
15:54:03,0e0,+2.102062E-02,+1.468000E-07,+9.910000E+37,+5.352748E+03,+3.584400E+04,+2.051993E-02,+1.468000E-07,+9.910000E+37,+5.352814E+03,+3.584400E+04,+2.033769E-02,+1.468000E-07,+9.910000E+37,+5.352882E+03,+3.584400E+04,+1.080573E-03,+0.000000E+00,+9.910000E+37,+5.352947E+03,+3.584400E+04
15:54:03,0e0,+2.047448E-02,+1.550500E-07,+9.910000E+37,+5.353172E+03,+3.584400E+04,+2.092949E-02,+1.550500E-07,+9.910000E+37,+5.353238E+03,+3.584400E+04,+2.047418E-02,+1.550500E-07,+9.910000E+37,+5.353305E+03,+3.584400E+04,-1.014173E-03,+0.000000E+00,+9.910000E+37,+5.353372E+03,+3.584400E+04
15:54:03,0e0,+2.338804E-02,+1.638000E-07,+9.910000E+37,+5.353599E+03,+3.584400E+04,+2.270526E-02,+1.638000E-07,+9.910000E+37,+5.353666E+03,+3.584400E+04,+2.256867E-02,+1.638000E-07,+9.910000E+37,+5.353731E+03,+3.584400E+04,-7.409006E-04,+0.000000E+00,+9.910000E+37,+5.353798E+03,+3.584400E+04
15:54:03,0e0,+2.261385E-02,+1.730000E-07,+9.910000E+37,+5.354023E+03,+3.584400E+04,+2.147567E-02,+1.730000E-07,+9.910000E+37,+5.354091E+03,+3.584400E+04,+2.366105E-02,+1.730000E-07,+9.910000E+37,+5.354156E+03,+3.584400E+04,-2.926677E-03,+0.000000E+00,+9.910000E+37,+5.354223E+03,+3.584400E+04
15:54:03,0e0,+2.489077E-02,+1.827500E-07,+9.910000E+37,+5.354447E+03,+3.584400E+04,+2.411646E-02,+1.827500E-07,+9.910000E+37,+5.354514E+03,+3.584400E+04,+2.498150E-02,+1.827500E-07,+9.910000E+37,+5.354580E+03,+3.584400E+04,-2.289429E-03,+0.000000E+00,+9.910000E+37,+5.354647E+03,+3.584400E+04
15:54:03,0e0,+2.657489E-02,+1.930500E-07,+9.910000E+37,+5.354872E+03,+3.584400E+04,+2.525467E-02,+1.930500E-07,+9.910000E+37,+5.354938E+03,+3.584400E+04,+2.484433E-02,+1.930500E-07,+9.910000E+37,+5.355006E+03,+3.584400E+04,-1.742780E-03,+0.000000E+00,+9.910000E+37,+5.355071E+03,+3.584400E+04
15:54:03,0e0,+2.721210E-02,+2.039500E-07,+9.910000E+37,+5.355296E+03,+3.584400E+04,+2.748550E-02,+2.039500E-07,+9.910000E+37,+5.355362E+03,+3.584400E+04,+2.835047E-02,+2.039500E-07,+9.910000E+37,+5.355429E+03,+3.584400E+04,-1.014322E-03,+0.000000E+00,+9.910000E+37,+5.355496E+03,+3.584400E+04
15:54:03,0e0,+2.953407E-02,+2.154500E-07,+9.910000E+37,+5.355717E+03,+3.584400E+04,+2.835032E-02,+2.154500E-07,+9.910000E+37,+5.355783E+03,+3.584400E+04,+2.825898E-02,+2.154500E-07,+9.910000E+37,+5.355850E+03,+3.584400E+04,-6.498098E-04,+0.000000E+00,+9.910000E+37,+5.355917E+03,+3.584400E+04
15:54:03,0e0,+3.135520E-02,+2.276000E-07,+9.910000E+37,+5.356142E+03,+3.584400E+04,+2.971593E-02,+2.276000E-07,+9.910000E+37,+5.356209E+03,+3.584400E+04,+3.035340E-02,+2.276000E-07,+9.910000E+37,+5.356275E+03,+3.584400E+04,+7.858872E-05,+0.000000E+00,+9.910000E+37,+5.356341E+03,+3.584400E+04
15:54:03,0e0,+3.372255E-02,+2.404000E-07,+9.910000E+37,+5.356566E+03,+3.584400E+04,+3.222027E-02,+2.404000E-07,+9.910000E+37,+5.356634E+03,+3.584400E+04,+3.185591E-02,+2.404000E-07,+9.910000E+37,+5.356701E+03,+3.584400E+04,-1.492053E-04,+0.000000E+00,+9.910000E+37,+5.356767E+03,+3.584400E+04
15:54:03,0e0,+3.508857E-02,+2.539500E-07,+9.910000E+37,+5.356992E+03,+3.584400E+04,+3.472415E-02,+2.539500E-07,+9.910000E+37,+5.357059E+03,+3.584400E+04,+3.513375E-02,+2.539500E-07,+9.910000E+37,+5.357125E+03,+3.584400E+04,-7.868409E-04,+0.000000E+00,+9.910000E+37,+5.357192E+03,+3.584400E+04
15:54:03,0e0,+3.581640E-02,+2.682500E-07,+9.910000E+37,+5.357419E+03,+3.584400E+04,+3.663626E-02,+2.682500E-07,+9.910000E+37,+5.357485E+03,+3.584400E+04,+3.686395E-02,+2.682500E-07,+9.910000E+37,+5.357552E+03,+3.584400E+04,+1.693517E-04,+0.000000E+00,+9.910000E+37,+5.357618E+03,+3.584400E+04
15:54:03,0e0,+3.918564E-02,+2.834000E-07,+9.910000E+37,+5.357841E+03,+3.584400E+04,+3.895813E-02,+2.834000E-07,+9.910000E+37,+5.357908E+03,+3.584400E+04,+3.672716E-02,+2.834000E-07,+9.910000E+37,+5.357975E+03,+3.584400E+04,-6.500334E-04,+0.000000E+00,+9.910000E+37,+5.358040E+03,+3.584400E+04
15:54:03,0e0,+4.041508E-02,+2.993500E-07,+9.910000E+37,+5.358265E+03,+3.584400E+04,+4.064250E-02,+2.993500E-07,+9.910000E+37,+5.358331E+03,+3.584400E+04,+3.923124E-02,+2.993500E-07,+9.910000E+37,+5.358398E+03,+3.584400E+04,-1.424327E-03,+0.000000E+00,+9.910000E+37,+5.358465E+03,+3.584400E+04
15:54:03,0e0,+4.337424E-02,+3.162500E-07,+9.910000E+37,+5.358689E+03,+3.584400E+04,+4.214489E-02,+3.162500E-07,+9.910000E+37,+5.358756E+03,+3.584400E+04,+4.200828E-02,+3.162500E-07,+9.910000E+37,+5.358822E+03,+3.584400E+04,-1.378864E-03,+0.000000E+00,+9.910000E+37,+5.358889E+03,+3.584400E+04
15:54:03,0e0,+4.674321E-02,+3.340500E-07,+9.910000E+37,+5.359114E+03,+3.584400E+04,+4.492232E-02,+3.340500E-07,+9.910000E+37,+5.359181E+03,+3.584400E+04,+4.569620E-02,+3.340500E-07,+9.910000E+37,+5.359247E+03,+3.584400E+04,-1.788408E-03,+0.000000E+00,+9.910000E+37,+5.359314E+03,+3.584400E+04
15:54:03,0e0,+4.842773E-02,+3.528500E-07,+9.910000E+37,+5.359540E+03,+3.584400E+04,+4.719841E-02,+3.528500E-07,+9.910000E+37,+5.359606E+03,+3.584400E+04,+4.806349E-02,+3.528500E-07,+9.910000E+37,+5.359674E+03,+3.584400E+04,-1.105309E-03,+0.000000E+00,+9.910000E+37,+5.359740E+03,+3.584400E+04
15:54:03,0e0,+4.929253E-02,+3.727500E-07,+9.910000E+37,+5.359965E+03,+3.584400E+04,+5.079502E-02,+3.727500E-07,+9.910000E+37,+5.360031E+03,+3.584400E+04,+5.006638E-02,+3.727500E-07,+9.910000E+37,+5.360098E+03,+3.584400E+04,-1.150966E-03,+0.000000E+00,+9.910000E+37,+5.360165E+03,+3.584400E+04
15:54:03,0e0,+5.425507E-02,+3.937500E-07,+9.910000E+37,+5.360391E+03,+3.584400E+04,+5.348113E-02,+3.937500E-07,+9.910000E+37,+5.360458E+03,+3.584400E+04,+5.284396E-02,+3.937500E-07,+9.910000E+37,+5.360525E+03,+3.584400E+04,+2.604425E-04,+0.000000E+00,+9.910000E+37,+5.360591E+03,+3.584400E+04
15:54:03,0e0,+5.521131E-02,+4.159500E-07,+9.910000E+37,+5.360816E+03,+3.584400E+04,+5.707783E-02,+4.159500E-07,+9.910000E+37,+5.360883E+03,+3.584400E+04,+5.666813E-02,+4.159500E-07,+9.910000E+37,+5.360949E+03,+3.584400E+04,-1.788467E-03,+0.000000E+00,+9.910000E+37,+5.361017E+03,+3.584400E+04
15:54:03,0e0,+5.894446E-02,+4.394000E-07,+9.910000E+37,+5.361240E+03,+3.584400E+04,+5.999160E-02,+4.394000E-07,+9.910000E+37,+5.361307E+03,+3.584400E+04,+5.980939E-02,+4.394000E-07,+9.910000E+37,+5.361373E+03,+3.584400E+04,-1.105383E-03,+0.000000E+00,+9.910000E+37,+5.361439E+03,+3.584400E+04
15:54:03,0e0,+6.267786E-02,+4.641500E-07,+9.910000E+37,+5.361666E+03,+3.584400E+04,+6.276882E-02,+4.641500E-07,+9.910000E+37,+5.361732E+03,+3.584400E+04,+6.304193E-02,+4.641500E-07,+9.910000E+37,+5.361800E+03,+3.584400E+04,-1.105338E-03,+0.000000E+00,+9.910000E+37,+5.361866E+03,+3.584400E+04
15:54:03,0e0,+6.691161E-02,+4.903000E-07,+9.910000E+37,+5.362092E+03,+3.584400E+04,+6.618321E-02,+4.903000E-07,+9.910000E+37,+5.362158E+03,+3.584400E+04,+6.568298E-02,+4.903000E-07,+9.910000E+37,+5.362225E+03,+3.584400E+04,+1.697093E-04,+0.000000E+00,+9.910000E+37,+5.362291E+03,+3.584400E+04
15:54:03,0e0,+6.959766E-02,+5.179500E-07,+9.910000E+37,+5.362516E+03,+3.584400E+04,+6.968874E-02,+5.179500E-07,+9.910000E+37,+5.362582E+03,+3.584400E+04,+6.923357E-02,+5.179500E-07,+9.910000E+37,+5.362648E+03,+3.584400E+04,-5.808473E-05,+0.000000E+00,+9.910000E+37,+5.362715E+03,+3.584400E+04
15:54:03,0e0,+7.355857E-02,+5.471500E-07,+9.910000E+37,+5.362940E+03,+3.584400E+04,+7.283017E-02,+5.471500E-07,+9.910000E+37,+5.363008E+03,+3.584400E+04,+7.228369E-02,+5.471500E-07,+9.910000E+37,+5.363075E+03,+3.584400E+04,-2.562612E-03,+0.000000E+00,+9.910000E+37,+5.363142E+03,+3.584400E+04
15:54:03,0e0,+7.701853E-02,+5.779500E-07,+9.910000E+37,+5.363365E+03,+3.584400E+04,+7.842991E-02,+5.779500E-07,+9.910000E+37,+5.363432E+03,+3.584400E+04,+7.770163E-02,+5.779500E-07,+9.910000E+37,+5.363498E+03,+3.584400E+04,+3.514588E-04,+0.000000E+00,+9.910000E+37,+5.363564E+03,+3.584400E+04
15:54:03,0e0,+8.366576E-02,+6.105500E-07,+9.910000E+37,+5.363790E+03,+3.584400E+04,+8.043268E-02,+6.105500E-07,+9.910000E+37,+5.363857E+03,+3.584400E+04,+8.225450E-02,+6.105500E-07,+9.910000E+37,+5.363925E+03,+3.584400E+04,-5.136132E-04,+0.000000E+00,+9.910000E+37,+5.363990E+03,+3.584400E+04
15:54:03,0e0,+8.557782E-02,+6.449500E-07,+9.910000E+37,+5.364216E+03,+3.584400E+04,+8.657944E-02,+6.449500E-07,+9.910000E+37,+5.364282E+03,+3.584400E+04,+8.594188E-02,+6.449500E-07,+9.910000E+37,+5.364349E+03,+3.584400E+04,-1.560658E-03,+0.000000E+00,+9.910000E+37,+5.364416E+03,+3.584400E+04
15:54:03,0e0,+8.999369E-02,+6.813000E-07,+9.910000E+37,+5.364640E+03,+3.584400E+04,+9.003943E-02,+6.813000E-07,+9.910000E+37,+5.364706E+03,+3.584400E+04,+8.990249E-02,+6.813000E-07,+9.910000E+37,+5.364772E+03,+3.584400E+04,-1.515135E-03,+0.000000E+00,+9.910000E+37,+5.364839E+03,+3.584400E+04
15:54:03,0e0,+9.441015E-02,+7.197000E-07,+9.910000E+37,+5.365066E+03,+3.584400E+04,+9.550256E-02,+7.197000E-07,+9.910000E+37,+5.365133E+03,+3.584400E+04,+9.472865E-02,+7.197000E-07,+9.910000E+37,+5.365199E+03,+3.584400E+04,-1.788557E-03,+0.000000E+00,+9.910000E+37,+5.365267E+03,+3.584400E+04
15:54:03,0e0,+9.973624E-02,+7.602500E-07,+9.910000E+37,+5.365489E+03,+3.584400E+04,+1.004649E-01,+7.602500E-07,+9.910000E+37,+5.365556E+03,+3.584400E+04,+1.001011E-01,+7.602500E-07,+9.910000E+37,+5.365623E+03,+3.584400E+04,-1.105547E-03,+0.000000E+00,+9.910000E+37,+5.365690E+03,+3.584400E+04
15:54:03,0e0,+1.058824E-01,+8.031000E-07,+9.910000E+37,+5.365918E+03,+3.584400E+04,+1.052906E-01,+8.031000E-07,+9.910000E+37,+5.365984E+03,+3.584400E+04,+1.055635E-01,+8.031000E-07,+9.910000E+37,+5.366052E+03,+3.584400E+04,-8.774251E-04,+0.000000E+00,+9.910000E+37,+5.366117E+03,+3.584400E+04
15:54:03,0e0,+1.105264E-01,+8.483500E-07,+9.910000E+37,+5.366342E+03,+3.584400E+04,+1.107993E-01,+8.483500E-07,+9.910000E+37,+5.366409E+03,+3.584400E+04,+1.106171E-01,+8.483500E-07,+9.910000E+37,+5.366477E+03,+3.584400E+04,+1.239628E-04,+0.000000E+00,+9.910000E+37,+5.366544E+03,+3.584400E+04
15:54:03,0e0,+1.172644E-01,+8.961500E-07,+9.910000E+37,+5.366771E+03,+3.584400E+04,+1.163991E-01,+8.961500E-07,+9.910000E+37,+5.366838E+03,+3.584400E+04,+1.163989E-01,+8.961500E-07,+9.910000E+37,+5.366904E+03,+3.584400E+04,-8.321553E-04,+0.000000E+00,+9.910000E+37,+5.366970E+03,+3.584400E+04
15:54:03,0e0,+1.239569E-01,+9.466500E-07,+9.910000E+37,+5.367195E+03,+3.584400E+04,+1.228185E-01,+9.466500E-07,+9.910000E+37,+5.367262E+03,+3.584400E+04,+1.235470E-01,+9.466500E-07,+9.910000E+37,+5.367329E+03,+3.584400E+04,-1.833856E-03,+0.000000E+00,+9.910000E+37,+5.367395E+03,+3.584400E+04
15:54:03,0e0,+1.297844E-01,+1.000000E-06,+9.910000E+37,+5.367616E+03,+3.584400E+04,+1.304672E-01,+1.000000E-06,+9.910000E+37,+5.367683E+03,+3.584400E+04,+1.290557E-01,+1.000000E-06,+9.910000E+37,+5.367750E+03,+3.584400E+04,-1.515150E-03,+0.000000E+00,+9.910000E+37,+5.367816E+03,+3.584400E+04
15:54:03,0e0,+1.251405E-01,+1.056500E-06,+9.910000E+37,+5.368040E+03,+3.584400E+04,+1.236381E-01,+1.056500E-06,+9.910000E+37,+5.368107E+03,+3.584400E+04,+1.232285E-01,+1.056500E-06,+9.910000E+37,+5.368173E+03,+3.584400E+04,-1.105383E-03,+0.000000E+00,+9.910000E+37,+5.368240E+03,+3.584400E+04
15:54:03,0e0,+1.301029E-01,+1.116000E-06,+9.910000E+37,+5.368465E+03,+3.584400E+04,+1.290098E-01,+1.116000E-06,+9.910000E+37,+5.368531E+03,+3.584400E+04,+1.293292E-01,+1.116000E-06,+9.910000E+37,+5.368599E+03,+3.584400E+04,-2.562627E-03,+0.000000E+00,+9.910000E+37,+5.368664E+03,+3.584400E+04
15:54:03,0e0,+1.358390E-01,+1.179000E-06,+9.910000E+37,+5.368885E+03,+3.584400E+04,+1.367955E-01,+1.179000E-06,+9.910000E+37,+5.368952E+03,+3.584400E+04,+1.372508E-01,+1.179000E-06,+9.910000E+37,+5.369018E+03,+3.584400E+04,-1.515150E-03,+0.000000E+00,+9.910000E+37,+5.369084E+03,+3.584400E+04
15:54:03,0e0,+1.434878E-01,+1.245000E-06,+9.910000E+37,+5.369311E+03,+3.584400E+04,+1.432143E-01,+1.245000E-06,+9.910000E+37,+5.369378E+03,+3.584400E+04,+1.440339E-01,+1.245000E-06,+9.910000E+37,+5.369443E+03,+3.584400E+04,-2.380237E-03,+0.000000E+00,+9.910000E+37,+5.369511E+03,+3.584400E+04
15:54:03,0e0,+1.507269E-01,+1.315500E-06,+9.910000E+37,+5.369737E+03,+3.584400E+04,+1.519104E-01,+1.315500E-06,+9.910000E+37,+5.369805E+03,+3.584400E+04,+1.505445E-01,+1.315500E-06,+9.910000E+37,+5.369870E+03,+3.584400E+04,-1.560375E-03,+0.000000E+00,+9.910000E+37,+5.369937E+03,+3.584400E+04
15:54:03,0e0,+1.586936E-01,+1.389500E-06,+9.910000E+37,+5.370163E+03,+3.584400E+04,+1.594222E-01,+1.389500E-06,+9.910000E+37,+5.370229E+03,+3.584400E+04,+1.576007E-01,+1.389500E-06,+9.910000E+37,+5.370296E+03,+3.584400E+04,-4.225075E-04,+0.000000E+00,+9.910000E+37,+5.370362E+03,+3.584400E+04
15:54:03,0e0,+1.683000E-01,+1.468000E-06,+9.910000E+37,+5.370588E+03,+3.584400E+04,+1.671616E-01,+1.468000E-06,+9.910000E+37,+5.370654E+03,+3.584400E+04,+1.662055E-01,+1.468000E-06,+9.910000E+37,+5.370721E+03,+3.584400E+04,-1.272559E-05,+0.000000E+00,+9.910000E+37,+5.370788E+03,+3.584400E+04
15:54:03,0e0,+1.747184E-01,+1.550500E-06,+9.910000E+37,+5.371014E+03,+3.584400E+04,+1.757208E-01,+1.550500E-06,+9.910000E+37,+5.371080E+03,+3.584400E+04,+1.763128E-01,+1.550500E-06,+9.910000E+37,+5.371147E+03,+3.584400E+04,-1.924753E-03,+0.000000E+00,+9.910000E+37,+5.371213E+03,+3.584400E+04
15:54:03,0e0,+1.839603E-01,+1.638000E-06,+9.910000E+37,+5.371437E+03,+3.584400E+04,+1.852360E-01,+1.638000E-06,+9.910000E+37,+5.371504E+03,+3.584400E+04,+1.836420E-01,+1.638000E-06,+9.910000E+37,+5.371571E+03,+3.584400E+04,-1.515031E-03,+0.000000E+00,+9.910000E+37,+5.371639E+03,+3.584400E+04
15:54:03,0e0,+1.946592E-01,+1.730000E-06,+9.910000E+37,+5.371861E+03,+3.584400E+04,+1.933855E-01,+1.730000E-06,+9.910000E+37,+5.371928E+03,+3.584400E+04,+1.932482E-01,+1.730000E-06,+9.910000E+37,+5.371995E+03,+3.584400E+04,-1.606151E-03,+0.000000E+00,+9.910000E+37,+5.372062E+03,+3.584400E+04
15:54:03,0e0,+2.031734E-01,+1.827500E-06,+9.910000E+37,+5.372282E+03,+3.584400E+04,+2.041297E-01,+1.827500E-06,+9.910000E+37,+5.372350E+03,+3.584400E+04,+2.029453E-01,+1.827500E-06,+9.910000E+37,+5.372415E+03,+3.584400E+04,-1.606435E-03,+0.000000E+00,+9.910000E+37,+5.372481E+03,+3.584400E+04
15:54:03,0e0,+2.146008E-01,+1.930500E-06,+9.910000E+37,+5.372704E+03,+3.584400E+04,+2.125058E-01,+1.930500E-06,+9.910000E+37,+5.372771E+03,+3.584400E+04,+2.151020E-01,+1.930500E-06,+9.910000E+37,+5.372838E+03,+3.584400E+04,-1.423985E-03,+0.000000E+00,+9.910000E+37,+5.372903E+03,+3.584400E+04
15:54:03,0e0,+2.253449E-01,+2.039500E-06,+9.910000E+37,+5.373130E+03,+3.584400E+04,+2.247531E-01,+2.039500E-06,+9.910000E+37,+5.373195E+03,+3.584400E+04,+2.250718E-01,+2.039500E-06,+9.910000E+37,+5.373263E+03,+3.584400E+04,-1.651317E-03,+0.000000E+00,+9.910000E+37,+5.373328E+03,+3.584400E+04
15:54:03,0e0,+2.361349E-01,+2.154500E-06,+9.910000E+37,+5.373556E+03,+3.584400E+04,+2.356336E-01,+2.154500E-06,+9.910000E+37,+5.373621E+03,+3.584400E+04,+2.351781E-01,+2.154500E-06,+9.910000E+37,+5.373688E+03,+3.584400E+04,-3.291100E-03,+0.000000E+00,+9.910000E+37,+5.373756E+03,+3.584400E+04
15:54:03,0e0,+2.465598E-01,+2.276000E-06,+9.910000E+37,+5.373980E+03,+3.584400E+04,+2.474706E-01,+2.276000E-06,+9.910000E+37,+5.374047E+03,+3.584400E+04,+2.474709E-01,+2.276000E-06,+9.910000E+37,+5.374114E+03,+3.584400E+04,-9.686053E-04,+0.000000E+00,+9.910000E+37,+5.374180E+03,+3.584400E+04
15:54:03,0e0,+2.602637E-01,+2.404000E-06,+9.910000E+37,+5.374403E+03,+3.584400E+04,+2.596262E-01,+2.404000E-06,+9.910000E+37,+5.374470E+03,+3.584400E+04,+2.595810E-01,+2.404000E-06,+9.910000E+37,+5.374537E+03,+3.584400E+04,-1.606122E-03,+0.000000E+00,+9.910000E+37,+5.374604E+03,+3.584400E+04
15:54:03,0e0,+2.738766E-01,+2.539500E-06,+9.910000E+37,+5.374824E+03,+3.584400E+04,+2.721007E-01,+2.539500E-06,+9.910000E+37,+5.374891E+03,+3.584400E+04,+2.728292E-01,+2.539500E-06,+9.910000E+37,+5.374957E+03,+3.584400E+04,-1.287475E-03,+0.000000E+00,+9.910000E+37,+5.375024E+03,+3.584400E+04
15:54:03,0e0,+2.861232E-01,+2.682500E-06,+9.910000E+37,+5.375250E+03,+3.584400E+04,+2.851216E-01,+2.682500E-06,+9.910000E+37,+5.375317E+03,+3.584400E+04,+2.857586E-01,+2.682500E-06,+9.910000E+37,+5.375383E+03,+3.584400E+04,-1.743048E-03,+0.000000E+00,+9.910000E+37,+5.375449E+03,+3.584400E+04
15:54:03,0e0,+2.998723E-01,+2.834000E-06,+9.910000E+37,+5.375675E+03,+3.584400E+04,+3.002816E-01,+2.834000E-06,+9.910000E+37,+5.375741E+03,+3.584400E+04,+2.992802E-01,+2.834000E-06,+9.910000E+37,+5.375809E+03,+3.584400E+04,-1.697332E-03,+0.000000E+00,+9.910000E+37,+5.375876E+03,+3.584400E+04
15:54:03,0e0,+3.145319E-01,+2.993500E-06,+9.910000E+37,+5.376102E+03,+3.584400E+04,+3.143490E-01,+2.993500E-06,+9.910000E+37,+5.376168E+03,+3.584400E+04,+3.133028E-01,+2.993500E-06,+9.910000E+37,+5.376234E+03,+3.584400E+04,-8.777827E-04,+0.000000E+00,+9.910000E+37,+5.376301E+03,+3.584400E+04
15:54:03,0e0,+3.294188E-01,+3.162500E-06,+9.910000E+37,+5.376525E+03,+3.584400E+04,+3.305575E-01,+3.162500E-06,+9.910000E+37,+5.376592E+03,+3.584400E+04,+3.284631E-01,+3.162500E-06,+9.910000E+37,+5.376659E+03,+3.584400E+04,-9.232461E-04,+0.000000E+00,+9.910000E+37,+5.376725E+03,+3.584400E+04
15:54:03,0e0,+3.461732E-01,+3.340500E-06,+9.910000E+37,+5.376950E+03,+3.584400E+04,+3.459454E-01,+3.340500E-06,+9.910000E+37,+5.377018E+03,+3.584400E+04,+3.455813E-01,+3.340500E-06,+9.910000E+37,+5.377083E+03,+3.584400E+04,-1.697525E-03,+0.000000E+00,+9.910000E+37,+5.377149E+03,+3.584400E+04
15:54:03,0e0,+3.629273E-01,+3.528500E-06,+9.910000E+37,+5.377374E+03,+3.584400E+04,+3.629727E-01,+3.528500E-06,+9.910000E+37,+5.377441E+03,+3.584400E+04,+3.620156E-01,+3.528500E-06,+9.910000E+37,+5.377507E+03,+3.584400E+04,-1.014411E-03,+0.000000E+00,+9.910000E+37,+5.377573E+03,+3.584400E+04
15:54:03,0e0,+3.803636E-01,+3.727500E-06,+9.910000E+37,+5.377795E+03,+3.584400E+04,+3.802270E-01,+3.727500E-06,+9.910000E+37,+5.377861E+03,+3.584400E+04,+3.815013E-01,+3.727500E-06,+9.910000E+37,+5.377928E+03,+3.584400E+04,-1.560748E-03,+0.000000E+00,+9.910000E+37,+5.377994E+03,+3.584400E+04
15:54:03,0e0,+3.991664E-01,+3.937500E-06,+9.910000E+37,+5.378219E+03,+3.584400E+04,+3.982551E-01,+3.937500E-06,+9.910000E+37,+5.378285E+03,+3.584400E+04,+3.987570E-01,+3.937500E-06,+9.910000E+37,+5.378352E+03,+3.584400E+04,-1.332983E-03,+0.000000E+00,+9.910000E+37,+5.378418E+03,+3.584400E+04
15:54:03,0e0,+4.175588E-01,+4.159500E-06,+9.910000E+37,+5.378643E+03,+3.584400E+04,+4.178317E-01,+4.159500E-06,+9.910000E+37,+5.378710E+03,+3.584400E+04,+4.174674E-01,+4.159500E-06,+9.910000E+37,+5.378775E+03,+3.584400E+04,-1.560554E-03,+0.000000E+00,+9.910000E+37,+5.378842E+03,+3.584400E+04
15:54:03,0e0,+4.385924E-01,+4.394000E-06,+9.910000E+37,+5.379063E+03,+3.584400E+04,+4.380007E-01,+4.394000E-06,+9.910000E+37,+5.379131E+03,+3.584400E+04,+4.384098E-01,+4.394000E-06,+9.910000E+37,+5.379196E+03,+3.584400E+04,-7.410496E-04,+0.000000E+00,+9.910000E+37,+5.379264E+03,+3.584400E+04
15:54:03,0e0,+4.596260E-01,+4.641500E-06,+9.910000E+37,+5.379491E+03,+3.584400E+04,+4.589427E-01,+4.641500E-06,+9.910000E+37,+5.379558E+03,+3.584400E+04,+4.595346E-01,+4.641500E-06,+9.910000E+37,+5.379625E+03,+3.584400E+04,-1.287490E-03,+0.000000E+00,+9.910000E+37,+5.379690E+03,+3.584400E+04
15:54:03,0e0,+4.828444E-01,+4.903000E-06,+9.910000E+37,+5.379914E+03,+3.584400E+04,+4.814783E-01,+4.903000E-06,+9.910000E+37,+5.379981E+03,+3.584400E+04,+4.837101E-01,+4.903000E-06,+9.910000E+37,+5.380047E+03,+3.584400E+04,-2.562404E-03,+0.000000E+00,+9.910000E+37,+5.380113E+03,+3.584400E+04
15:54:03,0e0,+5.048802E-01,+5.179500E-06,+9.910000E+37,+5.380339E+03,+3.584400E+04,+5.046064E-01,+5.179500E-06,+9.910000E+37,+5.380406E+03,+3.584400E+04,+5.046057E-01,+5.179500E-06,+9.910000E+37,+5.380472E+03,+3.584400E+04,-1.833901E-03,+0.000000E+00,+9.910000E+37,+5.380539E+03,+3.584400E+04
15:54:03,0e0,+5.287358E-01,+5.471500E-06,+9.910000E+37,+5.380767E+03,+3.584400E+04,+5.290995E-01,+5.471500E-06,+9.910000E+37,+5.380833E+03,+3.584400E+04,+5.286892E-01,+5.471500E-06,+9.910000E+37,+5.380899E+03,+3.584400E+04,-7.412136E-04,+0.000000E+00,+9.910000E+37,+5.380967E+03,+3.584400E+04
15:54:03,0e0,+5.540476E-01,+5.779500E-06,+9.910000E+37,+5.381191E+03,+3.584400E+04,+5.548676E-01,+5.779500E-06,+9.910000E+37,+5.381259E+03,+3.584400E+04,+5.541850E-01,+5.779500E-06,+9.910000E+37,+5.381326E+03,+3.584400E+04,-2.152815E-03,+0.000000E+00,+9.910000E+37,+5.381392E+03,+3.584400E+04
15:54:03,0e0,+5.812733E-01,+6.105500E-06,+9.910000E+37,+5.381616E+03,+3.584400E+04,+5.824119E-01,+6.105500E-06,+9.910000E+37,+5.381684E+03,+3.584400E+04,+5.811375E-01,+6.105500E-06,+9.910000E+37,+5.381749E+03,+3.584400E+04,-1.196265E-03,+0.000000E+00,+9.910000E+37,+5.381815E+03,+3.584400E+04
15:54:03,0e0,+6.109113E-01,+6.449500E-06,+9.910000E+37,+5.382037E+03,+3.584400E+04,+6.100466E-01,+6.449500E-06,+9.910000E+37,+5.382104E+03,+3.584400E+04,+6.110488E-01,+6.449500E-06,+9.910000E+37,+5.382171E+03,+3.584400E+04,-1.150861E-03,+0.000000E+00,+9.910000E+37,+5.382236E+03,+3.584400E+04
15:54:03,0e0,+6.383631E-01,+6.813000E-06,+9.910000E+37,+5.382457E+03,+3.584400E+04,+6.383176E-01,+6.813000E-06,+9.910000E+37,+5.382523E+03,+3.584400E+04,+6.396843E-01,+6.813000E-06,+9.910000E+37,+5.382590E+03,+3.584400E+04,-1.059636E-03,+0.000000E+00,+9.910000E+37,+5.382657E+03,+3.584400E+04
15:54:03,0e0,+6.718711E-01,+7.197000E-06,+9.910000E+37,+5.382885E+03,+3.584400E+04,+6.710975E-01,+7.197000E-06,+9.910000E+37,+5.382950E+03,+3.584400E+04,+6.707324E-01,+7.197000E-06,+9.910000E+37,+5.383017E+03,+3.584400E+04,-1.059681E-03,+0.000000E+00,+9.910000E+37,+5.383083E+03,+3.584400E+04
15:54:03,0e0,+7.046049E-01,+7.602500E-06,+9.910000E+37,+5.383308E+03,+3.584400E+04,+7.037857E-01,+7.602500E-06,+9.910000E+37,+5.383374E+03,+3.584400E+04,+7.043327E-01,+7.602500E-06,+9.910000E+37,+5.383440E+03,+3.584400E+04,-1.378581E-03,+0.000000E+00,+9.910000E+37,+5.383508E+03,+3.584400E+04
15:54:03,0e0,+7.377489E-01,+8.031000E-06,+9.910000E+37,+5.383735E+03,+3.584400E+04,+7.378401E-01,+8.031000E-06,+9.910000E+37,+5.383802E+03,+3.584400E+04,+7.394803E-01,+8.031000E-06,+9.910000E+37,+5.383868E+03,+3.584400E+04,-1.196355E-03,+0.000000E+00,+9.910000E+37,+5.383936E+03,+3.584400E+04
15:54:03,0e0,+7.733966E-01,+8.483500E-06,+9.910000E+37,+5.384158E+03,+3.584400E+04,+7.723024E-01,+8.483500E-06,+9.910000E+37,+5.384226E+03,+3.584400E+04,+7.722566E-01,+8.483500E-06,+9.910000E+37,+5.384293E+03,+3.584400E+04,-1.925007E-03,+0.000000E+00,+9.910000E+37,+5.384358E+03,+3.584400E+04
15:54:03,0e0,+8.124582E-01,+8.961500E-06,+9.910000E+37,+5.384583E+03,+3.584400E+04,+8.116399E-01,+8.961500E-06,+9.910000E+37,+5.384649E+03,+3.584400E+04,+8.106815E-01,+8.961500E-06,+9.910000E+37,+5.384717E+03,+3.584400E+04,-1.241833E-03,+0.000000E+00,+9.910000E+37,+5.384783E+03,+3.584400E+04
15:54:03,0e0,+8.501998E-01,+9.466500E-06,+9.910000E+37,+5.385004E+03,+3.584400E+04,+8.500174E-01,+9.466500E-06,+9.910000E+37,+5.385071E+03,+3.584400E+04,+8.508828E-01,+9.466500E-06,+9.910000E+37,+5.385137E+03,+3.584400E+04,-1.333103E-03,+0.000000E+00,+9.910000E+37,+5.385203E+03,+3.584400E+04
15:54:03,0e0,+8.904908E-01,+1.000000E-05,+9.910000E+37,+5.385425E+03,+3.584400E+04,+8.915827E-01,+1.000000E-05,+9.910000E+37,+5.385492E+03,+3.584400E+04,+8.908076E-01,+1.000000E-05,+9.910000E+37,+5.385559E+03,+3.584400E+04,-2.608135E-03,+0.000000E+00,+9.910000E+37,+5.385625E+03,+3.584400E+04
15:54:03,0e0,+9.227711E-01,+1.056500E-05,+9.910000E+37,+5.385843E+03,+3.584400E+04,+9.224980E-01,+1.056500E-05,+9.910000E+37,+5.385909E+03,+3.584400E+04,+9.214931E-01,+1.056500E-05,+9.910000E+37,+5.385976E+03,+3.584400E+04,-2.516523E-03,+0.000000E+00,+9.910000E+37,+5.386047E+03,+3.584400E+04
15:54:03,0e0,+9.665668E-01,+1.116000E-05,+9.910000E+37,+5.386270E+03,+3.584400E+04,+9.666120E-01,+1.116000E-05,+9.910000E+37,+5.386336E+03,+3.584400E+04,+9.668391E-01,+1.116000E-05,+9.910000E+37,+5.386403E+03,+3.584400E+04,-2.016187E-03,+0.000000E+00,+9.910000E+37,+5.386471E+03,+3.584400E+04
15:54:03,0e0,+1.014734E+00,+1.179000E-05,+9.910000E+37,+5.386690E+03,+3.584400E+04,+1.012640E+00,+1.179000E-05,+9.910000E+37,+5.386758E+03,+3.584400E+04,+1.013277E+00,+1.179000E-05,+9.910000E+37,+5.386823E+03,+3.584400E+04,-3.700241E-03,+0.000000E+00,+9.910000E+37,+5.386893E+03,+3.584400E+04
15:54:03,0e0,+1.061946E+00,+1.245000E-05,+9.910000E+37,+5.387105E+03,+3.584400E+04,+1.062355E+00,+1.245000E-05,+9.910000E+37,+5.387171E+03,+3.584400E+04,+1.062903E+00,+1.245000E-05,+9.910000E+37,+5.387238E+03,+3.584400E+04,-2.698854E-03,+0.000000E+00,+9.910000E+37,+5.387304E+03,+3.584400E+04
15:54:03,0e0,+1.113572E+00,+1.315500E-05,+9.910000E+37,+5.387517E+03,+3.584400E+04,+1.113344E+00,+1.315500E-05,+9.910000E+37,+5.387582E+03,+3.584400E+04,+1.113389E+00,+1.315500E-05,+9.910000E+37,+5.387649E+03,+3.584400E+04,-2.698854E-03,+0.000000E+00,+9.910000E+37,+5.387715E+03,+3.584400E+04
15:54:03,0e0,+1.167021E+00,+1.389500E-05,+9.910000E+37,+5.387930E+03,+3.584400E+04,+1.167840E+00,+1.389500E-05,+9.910000E+37,+5.387996E+03,+3.584400E+04,+1.167659E+00,+1.389500E-05,+9.910000E+37,+5.388063E+03,+3.584400E+04,-1.970261E-03,+0.000000E+00,+9.910000E+37,+5.388129E+03,+3.584400E+04
15:54:03,0e0,+1.222790E+00,+1.468000E-05,+9.910000E+37,+5.388345E+03,+3.584400E+04,+1.222882E+00,+1.468000E-05,+9.910000E+37,+5.388410E+03,+3.584400E+04,+1.222698E+00,+1.468000E-05,+9.910000E+37,+5.388478E+03,+3.584400E+04,-3.381863E-03,+0.000000E+00,+9.910000E+37,+5.388544E+03,+3.584400E+04
15:54:03,0e0,+1.281794E+00,+1.550500E-05,+9.910000E+37,+5.388762E+03,+3.584400E+04,+1.280653E+00,+1.550500E-05,+9.910000E+37,+5.388829E+03,+3.584400E+04,+1.280107E+00,+1.550500E-05,+9.910000E+37,+5.388895E+03,+3.584400E+04,-3.609657E-03,+0.000000E+00,+9.910000E+37,+5.388964E+03,+3.584400E+04
15:54:03,0e0,+1.341525E+00,+1.638000E-05,+9.910000E+37,+5.389184E+03,+3.584400E+04,+1.341436E+00,+1.638000E-05,+9.910000E+37,+5.389251E+03,+3.584400E+04,+1.341434E+00,+1.638000E-05,+9.910000E+37,+5.389316E+03,+3.584400E+04,-2.835408E-03,+0.000000E+00,+9.910000E+37,+5.389389E+03,+3.584400E+04
15:54:03,0e0,+1.403488E+00,+1.730000E-05,+9.910000E+37,+5.389609E+03,+3.584400E+04,+1.403715E+00,+1.730000E-05,+9.910000E+37,+5.389677E+03,+3.584400E+04,+1.403031E+00,+1.730000E-05,+9.910000E+37,+5.389742E+03,+3.584400E+04,-3.336281E-03,+0.000000E+00,+9.910000E+37,+5.389811E+03,+3.584400E+04
15:54:03,0e0,+1.467360E+00,+1.827500E-05,+9.910000E+37,+5.390024E+03,+3.584400E+04,+1.468500E+00,+1.827500E-05,+9.910000E+37,+5.390092E+03,+3.584400E+04,+1.468773E+00,+1.827500E-05,+9.910000E+37,+5.390159E+03,+3.584400E+04,-3.564134E-03,+0.000000E+00,+9.910000E+37,+5.390225E+03,+3.584400E+04
15:54:03,0e0,+1.536014E+00,+1.930500E-05,+9.910000E+37,+5.390437E+03,+3.584400E+04,+1.535787E+00,+1.930500E-05,+9.910000E+37,+5.390502E+03,+3.584400E+04,+1.535560E+00,+1.930500E-05,+9.910000E+37,+5.390568E+03,+3.584400E+04,-3.928334E-03,+0.000000E+00,+9.910000E+37,+5.390635E+03,+3.584400E+04
15:54:03,0e0,+1.605719E+00,+2.039500E-05,+9.910000E+37,+5.390852E+03,+3.584400E+04,+1.606264E+00,+2.039500E-05,+9.910000E+37,+5.390917E+03,+3.584400E+04,+1.605490E+00,+2.039500E-05,+9.910000E+37,+5.390984E+03,+3.584400E+04,-3.473118E-03,+0.000000E+00,+9.910000E+37,+5.391051E+03,+3.584400E+04
15:54:03,0e0,+1.676966E+00,+2.154500E-05,+9.910000E+37,+5.391267E+03,+3.584400E+04,+1.677422E+00,+2.154500E-05,+9.910000E+37,+5.391334E+03,+3.584400E+04,+1.677330E+00,+2.154500E-05,+9.910000E+37,+5.391399E+03,+3.584400E+04,-3.382102E-03,+0.000000E+00,+9.910000E+37,+5.391468E+03,+3.584400E+04
15:54:03,0e0,+1.750627E+00,+2.276000E-05,+9.910000E+37,+5.391688E+03,+3.584400E+04,+1.750218E+00,+2.276000E-05,+9.910000E+37,+5.391754E+03,+3.584400E+04,+1.751949E+00,+2.276000E-05,+9.910000E+37,+5.391820E+03,+3.584400E+04,-2.516583E-03,+0.000000E+00,+9.910000E+37,+5.391892E+03,+3.584400E+04
15:54:03,0e0,+1.826611E+00,+2.404000E-05,+9.910000E+37,+5.392113E+03,+3.584400E+04,+1.826473E+00,+2.404000E-05,+9.910000E+37,+5.392179E+03,+3.584400E+04,+1.827340E+00,+2.404000E-05,+9.910000E+37,+5.392245E+03,+3.584400E+04,-2.197936E-03,+0.000000E+00,+9.910000E+37,+5.392313E+03,+3.584400E+04
15:54:03,0e0,+1.904280E+00,+2.539500E-05,+9.910000E+37,+5.392537E+03,+3.584400E+04,+1.905329E+00,+2.539500E-05,+9.910000E+37,+5.392604E+03,+3.584400E+04,+1.905332E+00,+2.539500E-05,+9.910000E+37,+5.392670E+03,+3.584400E+04,-2.972230E-03,+0.000000E+00,+9.910000E+37,+5.392739E+03,+3.584400E+04
15:54:03,0e0,+1.985229E+00,+2.682500E-05,+9.910000E+37,+5.392958E+03,+3.584400E+04,+1.984729E+00,+2.682500E-05,+9.910000E+37,+5.393024E+03,+3.584400E+04,+1.985728E+00,+2.682500E-05,+9.910000E+37,+5.393091E+03,+3.584400E+04,-2.380118E-03,+0.000000E+00,+9.910000E+37,+5.393163E+03,+3.584400E+04
15:54:03,0e0,+2.068086E+00,+2.834000E-05,+9.910000E+37,+5.393382E+03,+3.584400E+04,+2.067634E+00,+2.834000E-05,+9.910000E+37,+5.393448E+03,+3.584400E+04,+2.067176E+00,+2.834000E-05,+9.910000E+37,+5.393514E+03,+3.584400E+04,-3.518596E-03,+0.000000E+00,+9.910000E+37,+5.393582E+03,+3.584400E+04
15:54:03,0e0,+2.149033E+00,+2.993500E-05,+9.910000E+37,+5.393803E+03,+3.584400E+04,+2.149441E+00,+2.993500E-05,+9.910000E+37,+5.393870E+03,+3.584400E+04,+2.149623E+00,+2.993500E-05,+9.910000E+37,+5.393936E+03,+3.584400E+04,-2.516806E-03,+0.000000E+00,+9.910000E+37,+5.394004E+03,+3.584400E+04
15:54:03,0e0,+2.233620E+00,+3.162500E-05,+9.910000E+37,+5.394228E+03,+3.584400E+04,+2.234765E+00,+3.162500E-05,+9.910000E+37,+5.394293E+03,+3.584400E+04,+2.234670E+00,+3.162500E-05,+9.910000E+37,+5.394360E+03,+3.584400E+04,-2.516761E-03,+0.000000E+00,+9.910000E+37,+5.394428E+03,+3.584400E+04
15:54:03,0e0,+2.319804E+00,+3.340500E-05,+9.910000E+37,+5.394652E+03,+3.584400E+04,+2.319345E+00,+3.340500E-05,+9.910000E+37,+5.394720E+03,+3.584400E+04,+2.320396E+00,+3.340500E-05,+9.910000E+37,+5.394785E+03,+3.584400E+04,-3.245249E-03,+0.000000E+00,+9.910000E+37,+5.394854E+03,+3.584400E+04
15:54:03,0e0,+2.405803E+00,+3.528500E-05,+9.910000E+37,+5.395067E+03,+3.584400E+04,+2.407806E+00,+3.528500E-05,+9.910000E+37,+5.395135E+03,+3.584400E+04,+2.408449E+00,+3.528500E-05,+9.910000E+37,+5.395200E+03,+3.584400E+04,-3.609449E-03,+0.000000E+00,+9.910000E+37,+5.395267E+03,+3.584400E+04
15:54:03,0e0,+2.495902E+00,+3.727500E-05,+9.910000E+37,+5.395478E+03,+3.584400E+04,+2.497403E+00,+3.727500E-05,+9.910000E+37,+5.395545E+03,+3.584400E+04,+2.497133E+00,+3.727500E-05,+9.910000E+37,+5.395610E+03,+3.584400E+04,-2.470940E-03,+0.000000E+00,+9.910000E+37,+5.395677E+03,+3.584400E+04
15:54:03,0e0,+2.586137E+00,+3.937500E-05,+9.910000E+37,+5.395895E+03,+3.584400E+04,+2.587364E+00,+3.937500E-05,+9.910000E+37,+5.395960E+03,+3.584400E+04,+2.587000E+00,+3.937500E-05,+9.910000E+37,+5.396027E+03,+3.584400E+04,-4.611298E-03,+0.000000E+00,+9.910000E+37,+5.396093E+03,+3.584400E+04
15:54:03,0e0,+2.676643E+00,+4.159500E-05,+9.910000E+37,+5.396311E+03,+3.584400E+04,+2.679559E+00,+4.159500E-05,+9.910000E+37,+5.396378E+03,+3.584400E+04,+2.679740E+00,+4.159500E-05,+9.910000E+37,+5.396443E+03,+3.584400E+04,-2.835423E-03,+0.000000E+00,+9.910000E+37,+5.396510E+03,+3.584400E+04
15:54:03,0e0,+2.770201E+00,+4.394000E-05,+9.910000E+37,+5.396729E+03,+3.584400E+04,+2.770886E+00,+4.394000E-05,+9.910000E+37,+5.396795E+03,+3.584400E+04,+2.770934E+00,+4.394000E-05,+9.910000E+37,+5.396862E+03,+3.584400E+04,-2.379954E-03,+0.000000E+00,+9.910000E+37,+5.396930E+03,+3.584400E+04
15:54:03,0e0,+2.862985E+00,+4.641500E-05,+9.910000E+37,+5.397149E+03,+3.584400E+04,+2.864572E+00,+4.641500E-05,+9.910000E+37,+5.397215E+03,+3.584400E+04,+2.865944E+00,+4.641500E-05,+9.910000E+37,+5.397282E+03,+3.584400E+04,-3.108770E-03,+0.000000E+00,+9.910000E+37,+5.397352E+03,+3.584400E+04
15:54:03,0e0,+2.957452E+00,+4.903000E-05,+9.910000E+37,+5.397575E+03,+3.584400E+04,+2.959089E+00,+4.903000E-05,+9.910000E+37,+5.397641E+03,+3.584400E+04,+2.960415E+00,+4.903000E-05,+9.910000E+37,+5.397707E+03,+3.584400E+04,-2.607793E-03,+0.000000E+00,+9.910000E+37,+5.397774E+03,+3.584400E+04
15:54:03,0e0,+3.054108E+00,+5.179500E-05,+9.910000E+37,+5.397992E+03,+3.584400E+04,+3.054193E+00,+5.179500E-05,+9.910000E+37,+5.398058E+03,+3.584400E+04,+3.054697E+00,+5.179500E-05,+9.910000E+37,+5.398125E+03,+3.584400E+04,-2.379999E-03,+0.000000E+00,+9.910000E+37,+5.398196E+03,+3.584400E+04
15:54:03,0e0,+3.148849E+00,+5.471500E-05,+9.910000E+37,+5.398418E+03,+3.584400E+04,+3.150352E+00,+5.471500E-05,+9.910000E+37,+5.398485E+03,+3.584400E+04,+3.150210E+00,+5.471500E-05,+9.910000E+37,+5.398551E+03,+3.584400E+04,-3.245354E-03,+0.000000E+00,+9.910000E+37,+5.398623E+03,+3.584400E+04
15:54:03,0e0,+3.245549E+00,+5.779500E-05,+9.910000E+37,+5.398844E+03,+3.584400E+04,+3.245857E+00,+5.779500E-05,+9.910000E+37,+5.398910E+03,+3.584400E+04,+3.247457E+00,+5.779500E-05,+9.910000E+37,+5.398978E+03,+3.584400E+04,-2.971977E-03,+0.000000E+00,+9.910000E+37,+5.399050E+03,+3.584400E+04
15:54:03,0e0,+3.340323E+00,+6.105500E-05,+9.910000E+37,+5.399270E+03,+3.584400E+04,+3.345162E+00,+6.105500E-05,+9.910000E+37,+5.399336E+03,+3.584400E+04,+3.344524E+00,+6.105500E-05,+9.910000E+37,+5.399402E+03,+3.584400E+04,-3.791720E-03,+0.000000E+00,+9.910000E+37,+5.399472E+03,+3.584400E+04
15:54:03,0e0,+3.439767E+00,+6.449500E-05,+9.910000E+37,+5.399695E+03,+3.584400E+04,+3.441540E+00,+6.449500E-05,+9.910000E+37,+5.399763E+03,+3.584400E+04,+3.441859E+00,+6.449500E-05,+9.910000E+37,+5.399828E+03,+3.584400E+04,-2.653018E-03,+0.000000E+00,+9.910000E+37,+5.399897E+03,+3.584400E+04
15:54:03,0e0,+3.537922E+00,+6.813000E-05,+9.910000E+37,+5.400110E+03,+3.584400E+04,+3.540286E+00,+6.813000E-05,+9.910000E+37,+5.400178E+03,+3.584400E+04,+3.540652E+00,+6.813000E-05,+9.910000E+37,+5.400243E+03,+3.584400E+04,-4.474685E-03,+0.000000E+00,+9.910000E+37,+5.400311E+03,+3.584400E+04
15:54:03,0e0,+3.635887E+00,+7.197000E-05,+9.910000E+37,+5.400522E+03,+3.584400E+04,+3.638623E+00,+7.197000E-05,+9.910000E+37,+5.400590E+03,+3.584400E+04,+3.639446E+00,+7.197000E-05,+9.910000E+37,+5.400655E+03,+3.584400E+04,-2.926409E-03,+0.000000E+00,+9.910000E+37,+5.400722E+03,+3.584400E+04
15:54:03,0e0,+3.736370E+00,+7.602500E-05,+9.910000E+37,+5.400937E+03,+3.584400E+04,+3.737097E+00,+7.602500E-05,+9.910000E+37,+5.401004E+03,+3.584400E+04,+3.738237E+00,+7.602500E-05,+9.910000E+37,+5.401069E+03,+3.584400E+04,-2.971739E-03,+0.000000E+00,+9.910000E+37,+5.401136E+03,+3.584400E+04
15:54:03,0e0,+3.834893E+00,+8.031000E-05,+9.910000E+37,+5.401352E+03,+3.584400E+04,+3.836893E+00,+8.031000E-05,+9.910000E+37,+5.401418E+03,+3.584400E+04,+3.838854E+00,+8.031000E-05,+9.910000E+37,+5.401484E+03,+3.584400E+04,-3.791675E-03,+0.000000E+00,+9.910000E+37,+5.401551E+03,+3.584400E+04
15:54:03,0e0,+3.935185E+00,+8.483500E-05,+9.910000E+37,+5.401767E+03,+3.584400E+04,+3.937371E+00,+8.483500E-05,+9.910000E+37,+5.401832E+03,+3.584400E+04,+3.938422E+00,+8.483500E-05,+9.910000E+37,+5.401899E+03,+3.584400E+04,-2.790049E-03,+0.000000E+00,+9.910000E+37,+5.401972E+03,+3.584400E+04
15:54:03,0e0,+4.034973E+00,+8.961500E-05,+9.910000E+37,+5.402193E+03,+3.584400E+04,+4.038486E+00,+8.961500E-05,+9.910000E+37,+5.402260E+03,+3.584400E+04,+4.039306E+00,+8.961500E-05,+9.910000E+37,+5.402327E+03,+3.584400E+04,-3.199995E-03,+0.000000E+00,+9.910000E+37,+5.402395E+03,+3.584400E+04
15:54:03,0e0,+4.137143E+00,+9.466500E-05,+9.910000E+37,+5.402615E+03,+3.584400E+04,+4.139647E+00,+9.466500E-05,+9.910000E+37,+5.402681E+03,+3.584400E+04,+4.139647E+00,+9.466500E-05,+9.910000E+37,+5.402748E+03,+3.584400E+04,-3.473029E-03,+0.000000E+00,+9.910000E+37,+5.402819E+03,+3.584400E+04
15:54:03,0e0,+4.237025E+00,+1.000000E-04,+9.910000E+37,+5.403036E+03,+3.584400E+04,+4.240079E+00,+1.000000E-04,+9.910000E+37,+5.403104E+03,+3.584400E+04,+4.239439E+00,+1.000000E-04,+9.910000E+37,+5.403172E+03,+3.584400E+04,-2.972022E-03,+0.000000E+00,+9.910000E+37,+5.403243E+03,+3.584400E+04
15:54:03,0e0,+4.326083E+00,+1.056500E-04,+9.910000E+37,+5.403469E+03,+3.584400E+04,+4.327946E+00,+1.056500E-04,+9.910000E+37,+5.403536E+03,+3.584400E+04,+4.329497E+00,+1.056500E-04,+9.910000E+37,+5.403602E+03,+3.584400E+04,-6.978363E-03,+0.000000E+00,+9.910000E+37,+5.403669E+03,+3.584400E+04
15:54:03,0e0,+4.426146E+00,+1.116000E-04,+9.910000E+37,+5.403895E+03,+3.584400E+04,+4.429971E+00,+1.116000E-04,+9.910000E+37,+5.403960E+03,+3.584400E+04,+4.429469E+00,+1.116000E-04,+9.910000E+37,+5.404026E+03,+3.584400E+04,-7.206187E-03,+0.000000E+00,+9.910000E+37,+5.404094E+03,+3.584400E+04
15:54:03,0e0,+4.526305E+00,+1.179000E-04,+9.910000E+37,+5.404317E+03,+3.584400E+04,+4.529811E+00,+1.179000E-04,+9.910000E+37,+5.404385E+03,+3.584400E+04,+4.530721E+00,+1.179000E-04,+9.910000E+37,+5.404452E+03,+3.584400E+04,-6.932810E-03,+0.000000E+00,+9.910000E+37,+5.404519E+03,+3.584400E+04
15:54:03,0e0,+4.629375E+00,+1.245000E-04,+9.910000E+37,+5.404741E+03,+3.584400E+04,+4.630012E+00,+1.245000E-04,+9.910000E+37,+5.404808E+03,+3.584400E+04,+4.631481E+00,+1.245000E-04,+9.910000E+37,+5.404875E+03,+3.584400E+04,-8.071020E-03,+0.000000E+00,+9.910000E+37,+5.404940E+03,+3.584400E+04
15:54:03,0e0,+4.729622E+00,+1.315500E-04,+9.910000E+37,+5.405167E+03,+3.584400E+04,+4.731853E+00,+1.315500E-04,+9.910000E+37,+5.405233E+03,+3.584400E+04,+4.734272E+00,+1.315500E-04,+9.910000E+37,+5.405301E+03,+3.584400E+04,-7.888928E-03,+0.000000E+00,+9.910000E+37,+5.405366E+03,+3.584400E+04
15:54:03,0e0,+4.833515E+00,+1.389500E-04,+9.910000E+37,+5.405591E+03,+3.584400E+04,+4.834712E+00,+1.389500E-04,+9.910000E+37,+5.405656E+03,+3.584400E+04,+4.836065E+00,+1.389500E-04,+9.910000E+37,+5.405724E+03,+3.584400E+04,-7.706836E-03,+0.000000E+00,+9.910000E+37,+5.405789E+03,+3.584400E+04
15:54:03,0e0,+4.934307E+00,+1.468000E-04,+9.910000E+37,+5.406012E+03,+3.584400E+04,+4.938092E+00,+1.468000E-04,+9.910000E+37,+5.406078E+03,+3.584400E+04,+4.938736E+00,+1.468000E-04,+9.910000E+37,+5.406146E+03,+3.584400E+04,-7.069498E-03,+0.000000E+00,+9.910000E+37,+5.406211E+03,+3.584400E+04
15:54:03,0e0,+5.039258E+00,+1.550500E-04,+9.910000E+37,+5.406433E+03,+3.584400E+04,+5.038426E+00,+1.550500E-04,+9.910000E+37,+5.406500E+03,+3.584400E+04,+5.042167E+00,+1.550500E-04,+9.910000E+37,+5.406565E+03,+3.584400E+04,-7.205978E-03,+0.000000E+00,+9.910000E+37,+5.406632E+03,+3.584400E+04
15:54:03,0e0,+5.141519E+00,+1.638000E-04,+9.910000E+37,+5.406859E+03,+3.584400E+04,+5.145016E+00,+1.638000E-04,+9.910000E+37,+5.406927E+03,+3.584400E+04,+5.145926E+00,+1.638000E-04,+9.910000E+37,+5.406992E+03,+3.584400E+04,-7.661149E-03,+0.000000E+00,+9.910000E+37,+5.407059E+03,+3.584400E+04
15:54:03,0e0,+5.244532E+00,+1.730000E-04,+9.910000E+37,+5.407285E+03,+3.584400E+04,+5.247269E+00,+1.730000E-04,+9.910000E+37,+5.407352E+03,+3.584400E+04,+5.248631E+00,+1.730000E-04,+9.910000E+37,+5.407418E+03,+3.584400E+04,-6.841376E-03,+0.000000E+00,+9.910000E+37,+5.407484E+03,+3.584400E+04
15:54:03,0e0,+5.348931E+00,+1.827500E-04,+9.910000E+37,+5.407705E+03,+3.584400E+04,+5.352254E+00,+1.827500E-04,+9.910000E+37,+5.407772E+03,+3.584400E+04,+5.352705E+00,+1.827500E-04,+9.910000E+37,+5.407838E+03,+3.584400E+04,-6.750450E-03,+0.000000E+00,+9.910000E+37,+5.407905E+03,+3.584400E+04
15:54:03,0e0,+5.453184E+00,+1.930500E-04,+9.910000E+37,+5.408130E+03,+3.584400E+04,+5.457148E+00,+1.930500E-04,+9.910000E+37,+5.408197E+03,+3.584400E+04,+5.457556E+00,+1.930500E-04,+9.910000E+37,+5.408263E+03,+3.584400E+04,-6.932825E-03,+0.000000E+00,+9.910000E+37,+5.408329E+03,+3.584400E+04
15:54:03,0e0,+5.558214E+00,+2.039500E-04,+9.910000E+37,+5.408552E+03,+3.584400E+04,+5.562361E+00,+2.039500E-04,+9.910000E+37,+5.408617E+03,+3.584400E+04,+5.563226E+00,+2.039500E-04,+9.910000E+37,+5.408685E+03,+3.584400E+04,-7.706657E-03,+0.000000E+00,+9.910000E+37,+5.408751E+03,+3.584400E+04
15:54:03,0e0,+5.664238E+00,+2.154500E-04,+9.910000E+37,+5.408973E+03,+3.584400E+04,+5.667256E+00,+2.154500E-04,+9.910000E+37,+5.409040E+03,+3.584400E+04,+5.668439E+00,+2.154500E-04,+9.910000E+37,+5.409105E+03,+3.584400E+04,-6.659284E-03,+0.000000E+00,+9.910000E+37,+5.409173E+03,+3.584400E+04
15:54:03,0e0,+5.769548E+00,+2.276000E-04,+9.910000E+37,+5.409398E+03,+3.584400E+04,+5.771872E+00,+2.276000E-04,+9.910000E+37,+5.409464E+03,+3.584400E+04,+5.774474E+00,+2.276000E-04,+9.910000E+37,+5.409530E+03,+3.584400E+04,-6.932825E-03,+0.000000E+00,+9.910000E+37,+5.409598E+03,+3.584400E+04
15:54:03,0e0,+5.875039E+00,+2.404000E-04,+9.910000E+37,+5.409818E+03,+3.584400E+04,+5.878542E+00,+2.404000E-04,+9.910000E+37,+5.409884E+03,+3.584400E+04,+5.877985E+00,+2.404000E-04,+9.910000E+37,+5.409951E+03,+3.584400E+04,-6.978258E-03,+0.000000E+00,+9.910000E+37,+5.410017E+03,+3.584400E+04
15:54:03,0e0,+5.982396E+00,+2.539500E-04,+9.910000E+37,+5.410241E+03,+3.584400E+04,+5.985674E+00,+2.539500E-04,+9.910000E+37,+5.410309E+03,+3.584400E+04,+5.985305E+00,+2.539500E-04,+9.910000E+37,+5.410374E+03,+3.584400E+04,-8.571997E-03,+0.000000E+00,+9.910000E+37,+5.410441E+03,+3.584400E+04
15:54:03,0e0,+6.088560E+00,+2.682500E-04,+9.910000E+37,+5.410663E+03,+3.584400E+04,+6.090880E+00,+2.682500E-04,+9.910000E+37,+5.410729E+03,+3.584400E+04,+6.092336E+00,+2.682500E-04,+9.910000E+37,+5.410796E+03,+3.584400E+04,-6.340578E-03,+0.000000E+00,+9.910000E+37,+5.410861E+03,+3.584400E+04
15:54:03,0e0,+6.194532E+00,+2.834000E-04,+9.910000E+37,+5.411088E+03,+3.584400E+04,+6.197495E+00,+2.834000E-04,+9.910000E+37,+5.411155E+03,+3.584400E+04,+6.198638E+00,+2.834000E-04,+9.910000E+37,+5.411221E+03,+3.584400E+04,-8.845195E-03,+0.000000E+00,+9.910000E+37,+5.411288E+03,+3.584400E+04
15:54:03,0e0,+6.302355E+00,+2.993500E-04,+9.910000E+37,+5.411513E+03,+3.584400E+04,+6.305543E+00,+2.993500E-04,+9.910000E+37,+5.411578E+03,+3.584400E+04,+6.307136E+00,+2.993500E-04,+9.910000E+37,+5.411646E+03,+3.584400E+04,-9.027332E-03,+0.000000E+00,+9.910000E+37,+5.411711E+03,+3.584400E+04
15:54:03,0e0,+6.410110E+00,+3.162500E-04,+9.910000E+37,+5.411939E+03,+3.584400E+04,+6.412982E+00,+3.162500E-04,+9.910000E+37,+5.412005E+03,+3.584400E+04,+6.414896E+00,+3.162500E-04,+9.910000E+37,+5.412072E+03,+3.584400E+04,-7.114634E-03,+0.000000E+00,+9.910000E+37,+5.412139E+03,+3.584400E+04
15:54:03,0e0,+6.517968E+00,+3.340500E-04,+9.910000E+37,+5.412359E+03,+3.584400E+04,+6.519187E+00,+3.340500E-04,+9.910000E+37,+5.412427E+03,+3.584400E+04,+6.521929E+00,+3.340500E-04,+9.910000E+37,+5.412492E+03,+3.584400E+04,-7.433772E-03,+0.000000E+00,+9.910000E+37,+5.412560E+03,+3.584400E+04
15:54:03,0e0,+6.624635E+00,+3.528500E-04,+9.910000E+37,+5.412784E+03,+3.584400E+04,+6.627458E+00,+3.528500E-04,+9.910000E+37,+5.412851E+03,+3.584400E+04,+6.629686E+00,+3.528500E-04,+9.910000E+37,+5.412917E+03,+3.584400E+04,-6.704852E-03,+0.000000E+00,+9.910000E+37,+5.412983E+03,+3.584400E+04
15:54:03,0e0,+6.731168E+00,+3.727500E-04,+9.910000E+37,+5.413204E+03,+3.584400E+04,+6.735769E+00,+3.727500E-04,+9.910000E+37,+5.413271E+03,+3.584400E+04,+6.736268E+00,+3.727500E-04,+9.910000E+37,+5.413337E+03,+3.584400E+04,-7.752225E-03,+0.000000E+00,+9.910000E+37,+5.413403E+03,+3.584400E+04
15:54:03,0e0,+6.839752E+00,+3.937500E-04,+9.910000E+37,+5.413626E+03,+3.584400E+04,+6.841751E+00,+3.937500E-04,+9.910000E+37,+5.413691E+03,+3.584400E+04,+6.843708E+00,+3.937500E-04,+9.910000E+37,+5.413758E+03,+3.584400E+04,-8.845195E-03,+0.000000E+00,+9.910000E+37,+5.413825E+03,+3.584400E+04
15:54:03,0e0,+6.945507E+00,+4.159500E-04,+9.910000E+37,+5.414049E+03,+3.584400E+04,+6.948318E+00,+4.159500E-04,+9.910000E+37,+5.414116E+03,+3.584400E+04,+6.951291E+00,+4.159500E-04,+9.910000E+37,+5.414182E+03,+3.584400E+04,-7.205680E-03,+0.000000E+00,+9.910000E+37,+5.414249E+03,+3.584400E+04
15:54:03,0e0,+7.053726E+00,+4.394000E-04,+9.910000E+37,+5.414476E+03,+3.584400E+04,+7.055866E+00,+4.394000E-04,+9.910000E+37,+5.414542E+03,+3.584400E+04,+7.056440E+00,+4.394000E-04,+9.910000E+37,+5.414609E+03,+3.584400E+04,-8.890748E-03,+0.000000E+00,+9.910000E+37,+5.414675E+03,+3.584400E+04
15:54:03,0e0,+7.158940E+00,+4.641500E-04,+9.910000E+37,+5.414901E+03,+3.584400E+04,+7.161353E+00,+4.641500E-04,+9.910000E+37,+5.414967E+03,+3.584400E+04,+7.164129E+00,+4.641500E-04,+9.910000E+37,+5.415034E+03,+3.584400E+04,-8.298606E-03,+0.000000E+00,+9.910000E+37,+5.415101E+03,+3.584400E+04
15:54:03,0e0,+7.263879E+00,+4.903000E-04,+9.910000E+37,+5.415329E+03,+3.584400E+04,+7.267291E+00,+4.903000E-04,+9.910000E+37,+5.415396E+03,+3.584400E+04,+7.268976E+00,+4.903000E-04,+9.910000E+37,+5.415464E+03,+3.584400E+04,-7.797942E-03,+0.000000E+00,+9.910000E+37,+5.415529E+03,+3.584400E+04
15:54:03,0e0,+7.369726E+00,+5.179500E-04,+9.910000E+37,+5.415755E+03,+3.584400E+04,+7.372550E+00,+5.179500E-04,+9.910000E+37,+5.415820E+03,+3.584400E+04,+7.372586E+00,+5.179500E-04,+9.910000E+37,+5.415888E+03,+3.584400E+04,-7.980183E-03,+0.000000E+00,+9.910000E+37,+5.415953E+03,+3.584400E+04
15:54:03,0e0,+7.472343E+00,+5.471500E-04,+9.910000E+37,+5.416176E+03,+3.584400E+04,+7.475029E+00,+5.471500E-04,+9.910000E+37,+5.416243E+03,+3.584400E+04,+7.478989E+00,+5.471500E-04,+9.910000E+37,+5.416309E+03,+3.584400E+04,-6.477505E-03,+0.000000E+00,+9.910000E+37,+5.416375E+03,+3.584400E+04
15:54:03,0e0,+7.575685E+00,+5.779500E-04,+9.910000E+37,+5.416602E+03,+3.584400E+04,+7.577137E+00,+5.779500E-04,+9.910000E+37,+5.416669E+03,+3.584400E+04,+7.579422E+00,+5.779500E-04,+9.910000E+37,+5.416735E+03,+3.584400E+04,-7.888839E-03,+0.000000E+00,+9.910000E+37,+5.416802E+03,+3.584400E+04
15:54:03,0e0,+7.675669E+00,+6.105500E-04,+9.910000E+37,+5.417025E+03,+3.584400E+04,+7.678528E+00,+6.105500E-04,+9.910000E+37,+5.417093E+03,+3.584400E+04,+7.681410E+00,+6.105500E-04,+9.910000E+37,+5.417158E+03,+3.584400E+04,-7.479206E-03,+0.000000E+00,+9.910000E+37,+5.417226E+03,+3.584400E+04
15:54:03,0e0,+7.775733E+00,+6.449500E-04,+9.910000E+37,+5.417447E+03,+3.584400E+04,+7.777424E+00,+6.449500E-04,+9.910000E+37,+5.417514E+03,+3.584400E+04,+7.778458E+00,+6.449500E-04,+9.910000E+37,+5.417581E+03,+3.584400E+04,-6.522775E-03,+0.000000E+00,+9.910000E+37,+5.417646E+03,+3.584400E+04
15:54:03,0e0,+7.871387E+00,+6.813000E-04,+9.910000E+37,+5.417867E+03,+3.584400E+04,+7.875084E+00,+6.813000E-04,+9.910000E+37,+5.417935E+03,+3.584400E+04,+7.874934E+00,+6.813000E-04,+9.910000E+37,+5.418002E+03,+3.584400E+04,-8.572042E-03,+0.000000E+00,+9.910000E+37,+5.418072E+03,+3.584400E+04
15:54:03,0e0,+7.965535E+00,+7.197000E-04,+9.910000E+37,+5.418302E+03,+3.584400E+04,+7.970417E+00,+7.197000E-04,+9.910000E+37,+5.418367E+03,+3.584400E+04,+7.969543E+00,+7.197000E-04,+9.910000E+37,+5.418435E+03,+3.584400E+04,-6.477714E-03,+0.000000E+00,+9.910000E+37,+5.418500E+03,+3.584400E+04
15:54:03,0e0,+8.056364E+00,+7.602500E-04,+9.910000E+37,+5.418725E+03,+3.584400E+04,+8.060596E+00,+7.602500E-04,+9.910000E+37,+5.418790E+03,+3.584400E+04,+8.060182E+00,+7.602500E-04,+9.910000E+37,+5.418857E+03,+3.584400E+04,-8.116573E-03,+0.000000E+00,+9.910000E+37,+5.418923E+03,+3.584400E+04
15:54:03,0e0,+8.145322E+00,+8.031000E-04,+9.910000E+37,+5.419146E+03,+3.584400E+04,+8.148966E+00,+8.031000E-04,+9.910000E+37,+5.419214E+03,+3.584400E+04,+8.148499E+00,+8.031000E-04,+9.910000E+37,+5.419279E+03,+3.584400E+04,-8.116752E-03,+0.000000E+00,+9.910000E+37,+5.419346E+03,+3.584400E+04
15:54:03,0e0,+8.228853E+00,+8.483500E-04,+9.910000E+37,+5.419573E+03,+3.584400E+04,+8.233691E+00,+8.483500E-04,+9.910000E+37,+5.419641E+03,+3.584400E+04,+8.234315E+00,+8.483500E-04,+9.910000E+37,+5.419706E+03,+3.584400E+04,-6.067500E-03,+0.000000E+00,+9.910000E+37,+5.419772E+03,+3.584400E+04
15:54:03,0e0,+8.310028E+00,+8.961500E-04,+9.910000E+37,+5.419999E+03,+3.584400E+04,+8.314673E+00,+8.961500E-04,+9.910000E+37,+5.420066E+03,+3.584400E+04,+8.316047E+00,+8.961500E-04,+9.910000E+37,+5.420132E+03,+3.584400E+04,-7.205948E-03,+0.000000E+00,+9.910000E+37,+5.420198E+03,+3.584400E+04
15:54:03,0e0,+8.387794E+00,+9.466500E-04,+9.910000E+37,+5.420423E+03,+3.584400E+04,+8.392157E+00,+9.466500E-04,+9.910000E+37,+5.420488E+03,+3.584400E+04,+8.394366E+00,+9.466500E-04,+9.910000E+37,+5.420555E+03,+3.584400E+04,-7.388189E-03,+0.000000E+00,+9.910000E+37,+5.420623E+03,+3.584400E+04
15:54:03,0e0,+8.461862E+00,+1.000000E-03,+9.910000E+37,+5.420845E+03,+3.584400E+04,+8.465045E+00,+1.000000E-03,+9.910000E+37,+5.420912E+03,+3.584400E+04,+8.467568E+00,+1.000000E-03,+9.910000E+37,+5.420978E+03,+3.584400E+04,-6.613776E-03,+0.000000E+00,+9.910000E+37,+5.421044E+03,+3.584400E+04
15:54:03,0e0,+8.519040E+00,+1.056500E-03,+9.910000E+37,+5.421268E+03,+3.584400E+04,+8.522429E+00,+1.056500E-03,+9.910000E+37,+5.421335E+03,+3.584400E+04,+8.523111E+00,+1.056500E-03,+9.910000E+37,+5.421402E+03,+3.584400E+04,-8.815251E-02,+0.000000E+00,+9.910000E+37,+5.421469E+03,+3.584400E+04
15:54:03,0e0,+8.583519E+00,+1.116000E-03,+9.910000E+37,+5.421694E+03,+3.584400E+04,+8.587740E+00,+1.116000E-03,+9.910000E+37,+5.421762E+03,+3.584400E+04,+8.589298E+00,+1.116000E-03,+9.910000E+37,+5.421829E+03,+3.584400E+04,-8.824383E-02,+0.000000E+00,+9.910000E+37,+5.421901E+03,+3.584400E+04
15:54:03,0e0,+8.647208E+00,+1.179000E-03,+9.910000E+37,+5.422125E+03,+3.584400E+04,+8.650022E+00,+1.179000E-03,+9.910000E+37,+5.422192E+03,+3.584400E+04,+8.653042E+00,+1.179000E-03,+9.910000E+37,+5.422260E+03,+3.584400E+04,-8.838031E-02,+0.000000E+00,+9.910000E+37,+5.422325E+03,+3.584400E+04
15:54:03,0e0,+8.706260E+00,+1.245000E-03,+9.910000E+37,+5.422551E+03,+3.584400E+04,+8.711177E+00,+1.245000E-03,+9.910000E+37,+5.422617E+03,+3.584400E+04,+8.713588E+00,+1.245000E-03,+9.910000E+37,+5.422684E+03,+3.584400E+04,-8.542097E-02,+0.000000E+00,+9.910000E+37,+5.422751E+03,+3.584400E+04
15:54:03,0e0,+8.764619E+00,+1.315500E-03,+9.910000E+37,+5.422977E+03,+3.584400E+04,+8.769863E+00,+1.315500E-03,+9.910000E+37,+5.423044E+03,+3.584400E+04,+8.770761E+00,+1.315500E-03,+9.910000E+37,+5.423111E+03,+3.584400E+04,-8.227974E-02,+0.000000E+00,+9.910000E+37,+5.423178E+03,+3.584400E+04
15:54:03,0e0,+8.819944E+00,+1.389500E-03,+9.910000E+37,+5.423400E+03,+3.584400E+04,+8.824535E+00,+1.389500E-03,+9.910000E+37,+5.423468E+03,+3.584400E+04,+8.827089E+00,+1.389500E-03,+9.910000E+37,+5.423534E+03,+3.584400E+04,-8.264381E-02,+0.000000E+00,+9.910000E+37,+5.423600E+03,+3.584400E+04
15:54:03,0e0,+8.874384E+00,+1.468000E-03,+9.910000E+37,+5.423825E+03,+3.584400E+04,+8.880111E+00,+1.468000E-03,+9.910000E+37,+5.423893E+03,+3.584400E+04,+8.881716E+00,+1.468000E-03,+9.910000E+37,+5.423960E+03,+3.584400E+04,-8.437420E-02,+0.000000E+00,+9.910000E+37,+5.424026E+03,+3.584400E+04
15:54:03,0e0,+8.925866E+00,+1.550500E-03,+9.910000E+37,+5.424251E+03,+3.584400E+04,+8.932495E+00,+1.550500E-03,+9.910000E+37,+5.424317E+03,+3.584400E+04,+8.935123E+00,+1.550500E-03,+9.910000E+37,+5.424385E+03,+3.584400E+04,-8.396402E-02,+0.000000E+00,+9.910000E+37,+5.424450E+03,+3.584400E+04
15:54:03,0e0,+8.978073E+00,+1.638000E-03,+9.910000E+37,+5.424676E+03,+3.584400E+04,+8.982314E+00,+1.638000E-03,+9.910000E+37,+5.424742E+03,+3.584400E+04,+8.985203E+00,+1.638000E-03,+9.910000E+37,+5.424810E+03,+3.584400E+04,-8.359985E-02,+0.000000E+00,+9.910000E+37,+5.424876E+03,+3.584400E+04
15:54:03,0e0,+9.029320E+00,+1.730000E-03,+9.910000E+37,+5.425100E+03,+3.584400E+04,+9.033650E+00,+1.730000E-03,+9.910000E+37,+5.425166E+03,+3.584400E+04,+9.037651E+00,+1.730000E-03,+9.910000E+37,+5.425232E+03,+3.584400E+04,-8.305362E-02,+0.000000E+00,+9.910000E+37,+5.425298E+03,+3.584400E+04
15:54:03,0e0,+9.075704E+00,+1.827500E-03,+9.910000E+37,+5.425518E+03,+3.584400E+04,+9.083812E+00,+1.827500E-03,+9.910000E+37,+5.425584E+03,+3.584400E+04,+9.085358E+00,+1.827500E-03,+9.910000E+37,+5.425650E+03,+3.584400E+04,-7.827333E-02,+0.000000E+00,+9.910000E+37,+5.425717E+03,+3.584400E+04
15:54:03,0e0,+9.123919E+00,+1.930500E-03,+9.910000E+37,+5.425941E+03,+3.584400E+04,+9.131568E+00,+1.930500E-03,+9.910000E+37,+5.426007E+03,+3.584400E+04,+9.132787E+00,+1.930500E-03,+9.910000E+37,+5.426073E+03,+3.584400E+04,-8.159690E-02,+0.000000E+00,+9.910000E+37,+5.426140E+03,+3.584400E+04
15:54:03,0e0,+9.169566E+00,+2.039500E-03,+9.910000E+37,+5.426365E+03,+3.584400E+04,+9.176998E+00,+2.039500E-03,+9.910000E+37,+5.426433E+03,+3.584400E+04,+9.179090E+00,+2.039500E-03,+9.910000E+37,+5.426498E+03,+3.584400E+04,-7.995766E-02,+0.000000E+00,+9.910000E+37,+5.426564E+03,+3.584400E+04
15:54:03,0e0,+9.215935E+00,+2.154500E-03,+9.910000E+37,+5.426790E+03,+3.584400E+04,+9.224253E+00,+2.154500E-03,+9.910000E+37,+5.426856E+03,+3.584400E+04,+9.225624E+00,+2.154500E-03,+9.910000E+37,+5.426923E+03,+3.584400E+04,-7.927482E-02,+0.000000E+00,+9.910000E+37,+5.426989E+03,+3.584400E+04
15:54:03,0e0,+9.261587E+00,+2.276000E-03,+9.910000E+37,+5.427215E+03,+3.584400E+04,+9.268904E+00,+2.276000E-03,+9.910000E+37,+5.427282E+03,+3.584400E+04,+9.271782E+00,+2.276000E-03,+9.910000E+37,+5.427350E+03,+3.584400E+04,-8.109598E-02,+0.000000E+00,+9.910000E+37,+5.427415E+03,+3.584400E+04
15:54:03,0e0,+9.308904E+00,+2.404000E-03,+9.910000E+37,+5.427641E+03,+3.584400E+04,+9.315266E+00,+2.404000E-03,+9.910000E+37,+5.427708E+03,+3.584400E+04,+9.318957E+00,+2.404000E-03,+9.910000E+37,+5.427775E+03,+3.584400E+04,-8.127780E-02,+0.000000E+00,+9.910000E+37,+5.427841E+03,+3.584400E+04
15:54:03,0e0,+9.354137E+00,+2.539500E-03,+9.910000E+37,+5.428066E+03,+3.584400E+04,+9.362604E+00,+2.539500E-03,+9.910000E+37,+5.428134E+03,+3.584400E+04,+9.365207E+00,+2.539500E-03,+9.910000E+37,+5.428201E+03,+3.584400E+04,-8.091371E-02,+0.000000E+00,+9.910000E+37,+5.428267E+03,+3.584400E+04
15:54:03,0e0,+9.402170E+00,+2.682500E-03,+9.910000E+37,+5.428491E+03,+3.584400E+04,+9.411511E+00,+2.682500E-03,+9.910000E+37,+5.428559E+03,+3.584400E+04,+9.414653E+00,+2.682500E-03,+9.910000E+37,+5.428626E+03,+3.584400E+04,-8.186974E-02,+0.000000E+00,+9.910000E+37,+5.428691E+03,+3.584400E+04
15:54:03,0e0,+9.451657E+00,+2.834000E-03,+9.910000E+37,+5.428911E+03,+3.584400E+04,+9.460124E+00,+2.834000E-03,+9.910000E+37,+5.428978E+03,+3.584400E+04,+9.464416E+00,+2.834000E-03,+9.910000E+37,+5.429044E+03,+3.584400E+04,-8.027652E-02,+0.000000E+00,+9.910000E+37,+5.429110E+03,+3.584400E+04
15:54:03,0e0,+9.502876E+00,+2.993500E-03,+9.910000E+37,+5.429336E+03,+3.584400E+04,+9.511491E+00,+2.993500E-03,+9.910000E+37,+5.429402E+03,+3.584400E+04,+9.515235E+00,+2.993500E-03,+9.910000E+37,+5.429469E+03,+3.584400E+04,-8.227953E-02,+0.000000E+00,+9.910000E+37,+5.429535E+03,+3.584400E+04
15:54:03,0e0,+9.552543E+00,+3.162500E-03,+9.910000E+37,+5.429760E+03,+3.584400E+04,+9.561674E+00,+3.162500E-03,+9.910000E+37,+5.429826E+03,+3.584400E+04,+9.565755E+00,+3.162500E-03,+9.910000E+37,+5.429892E+03,+3.584400E+04,-8.300824E-02,+0.000000E+00,+9.910000E+37,+5.429958E+03,+3.584400E+04
15:54:03,0e0,+9.603945E+00,+3.340500E-03,+9.910000E+37,+5.430184E+03,+3.584400E+04,+9.613152E+00,+3.340500E-03,+9.910000E+37,+5.430250E+03,+3.584400E+04,+9.618386E+00,+3.340500E-03,+9.910000E+37,+5.430316E+03,+3.584400E+04,-8.300832E-02,+0.000000E+00,+9.910000E+37,+5.430383E+03,+3.584400E+04
15:54:03,0e0,+9.656650E+00,+3.528500E-03,+9.910000E+37,+5.430608E+03,+3.584400E+04,+9.668194E+00,+3.528500E-03,+9.910000E+37,+5.430675E+03,+3.584400E+04,+9.670236E+00,+3.528500E-03,+9.910000E+37,+5.430741E+03,+3.584400E+04,-7.941157E-02,+0.000000E+00,+9.910000E+37,+5.430808E+03,+3.584400E+04
15:54:03,0e0,+9.711448E+00,+3.727500E-03,+9.910000E+37,+5.431032E+03,+3.584400E+04,+9.721594E+00,+3.727500E-03,+9.910000E+37,+5.431099E+03,+3.584400E+04,+9.724636E+00,+3.727500E-03,+9.910000E+37,+5.431165E+03,+3.584400E+04,-7.886516E-02,+0.000000E+00,+9.910000E+37,+5.431231E+03,+3.584400E+04
15:54:03,0e0,+9.767214E+00,+3.937500E-03,+9.910000E+37,+5.431452E+03,+3.584400E+04,+9.776881E+00,+3.937500E-03,+9.910000E+37,+5.431519E+03,+3.584400E+04,+9.779167E+00,+3.937500E-03,+9.910000E+37,+5.431585E+03,+3.584400E+04,-7.954811E-02,+0.000000E+00,+9.910000E+37,+5.431651E+03,+3.584400E+04
15:54:03,0e0,+9.823259E+00,+4.159500E-03,+9.910000E+37,+5.431876E+03,+3.584400E+04,+9.831285E+00,+4.159500E-03,+9.910000E+37,+5.431942E+03,+3.584400E+04,+9.835130E+00,+4.159500E-03,+9.910000E+37,+5.432009E+03,+3.584400E+04,-7.968459E-02,+0.000000E+00,+9.910000E+37,+5.432074E+03,+3.584400E+04
15:54:03,0e0,+9.877894E+00,+4.394000E-03,+9.910000E+37,+5.432300E+03,+3.584400E+04,+9.887961E+00,+4.394000E-03,+9.910000E+37,+5.432366E+03,+3.584400E+04,+9.892550E+00,+4.394000E-03,+9.910000E+37,+5.432434E+03,+3.584400E+04,-7.708962E-02,+0.000000E+00,+9.910000E+37,+5.432499E+03,+3.584400E+04
15:54:03,0e0,+9.934483E+00,+4.641500E-03,+9.910000E+37,+5.432723E+03,+3.584400E+04,+9.945148E+00,+4.641500E-03,+9.910000E+37,+5.432789E+03,+3.584400E+04,+9.948097E+00,+4.641500E-03,+9.910000E+37,+5.432855E+03,+3.584400E+04,-7.645224E-02,+0.000000E+00,+9.910000E+37,+5.432922E+03,+3.584400E+04
15:54:03,0e0,+9.992263E+00,+4.903000E-03,+9.910000E+37,+5.433146E+03,+3.584400E+04,+1.000135E+01,+4.903000E-03,+9.910000E+37,+5.433213E+03,+3.584400E+04,+1.000377E+01,+4.903000E-03,+9.910000E+37,+5.433280E+03,+3.584400E+04,-7.731724E-02,+0.000000E+00,+9.910000E+37,+5.433346E+03,+3.584400E+04
15:54:03,0e0,+1.004906E+01,+5.179500E-03,+9.910000E+37,+5.433566E+03,+3.584400E+04,+1.005724E+01,+5.179500E-03,+9.910000E+37,+5.433633E+03,+3.584400E+04,+1.006291E+01,+5.179500E-03,+9.910000E+37,+5.433700E+03,+3.584400E+04,-7.690772E-02,+0.000000E+00,+9.910000E+37,+5.433766E+03,+3.584400E+04
15:54:03,0e0,+1.010739E+01,+5.471500E-03,+9.910000E+37,+5.433990E+03,+3.584400E+04,+1.011824E+01,+5.471500E-03,+9.910000E+37,+5.434058E+03,+3.584400E+04,+1.012026E+01,+5.471500E-03,+9.910000E+37,+5.434123E+03,+3.584400E+04,-7.494959E-02,+0.000000E+00,+9.910000E+37,+5.434189E+03,+3.584400E+04
15:54:03,0e0,+1.016429E+01,+5.779500E-03,+9.910000E+37,+5.434412E+03,+3.584400E+04,+1.017448E+01,+5.779500E-03,+9.910000E+37,+5.434478E+03,+3.584400E+04,+1.017851E+01,+5.779500E-03,+9.910000E+37,+5.434544E+03,+3.584400E+04,-7.417586E-02,+0.000000E+00,+9.910000E+37,+5.434610E+03,+3.584400E+04
15:54:03,0e0,+1.022243E+01,+6.105500E-03,+9.910000E+37,+5.434835E+03,+3.584400E+04,+1.023298E+01,+6.105500E-03,+9.910000E+37,+5.434901E+03,+3.584400E+04,+1.023628E+01,+6.105500E-03,+9.910000E+37,+5.434968E+03,+3.584400E+04,-7.280996E-02,+0.000000E+00,+9.910000E+37,+5.435035E+03,+3.584400E+04
15:54:03,0e0,+1.028130E+01,+6.449500E-03,+9.910000E+37,+5.435257E+03,+3.584400E+04,+1.029144E+01,+6.449500E-03,+9.910000E+37,+5.435324E+03,+3.584400E+04,+1.029491E+01,+6.449500E-03,+9.910000E+37,+5.435390E+03,+3.584400E+04,-7.485893E-02,+0.000000E+00,+9.910000E+37,+5.435456E+03,+3.584400E+04
15:54:03,0e0,+1.033950E+01,+6.813000E-03,+9.910000E+37,+5.435680E+03,+3.584400E+04,+1.034997E+01,+6.813000E-03,+9.910000E+37,+5.435746E+03,+3.584400E+04,+1.035303E+01,+6.813000E-03,+9.910000E+37,+5.435812E+03,+3.584400E+04,-7.335645E-02,+0.000000E+00,+9.910000E+37,+5.435880E+03,+3.584400E+04
15:54:03,0e0,+1.039800E+01,+7.197000E-03,+9.910000E+37,+5.436102E+03,+3.584400E+04,+1.040870E+01,+7.197000E-03,+9.910000E+37,+5.436168E+03,+3.584400E+04,+1.041216E+01,+7.197000E-03,+9.910000E+37,+5.436235E+03,+3.584400E+04,-6.957780E-02,+0.000000E+00,+9.910000E+37,+5.436301E+03,+3.584400E+04
15:54:03,0e0,+1.045693E+01,+7.602500E-03,+9.910000E+37,+5.436521E+03,+3.584400E+04,+1.046855E+01,+7.602500E-03,+9.910000E+37,+5.436589E+03,+3.584400E+04,+1.047351E+01,+7.602500E-03,+9.910000E+37,+5.436654E+03,+3.584400E+04,-7.076144E-02,+0.000000E+00,+9.910000E+37,+5.436721E+03,+3.584400E+04
15:54:03,0e0,+1.051917E+01,+8.031000E-03,+9.910000E+37,+5.436945E+03,+3.584400E+04,+1.052970E+01,+8.031000E-03,+9.910000E+37,+5.437013E+03,+3.584400E+04,+1.053524E+01,+8.031000E-03,+9.910000E+37,+5.437080E+03,+3.584400E+04,-6.989655E-02,+0.000000E+00,+9.910000E+37,+5.437146E+03,+3.584400E+04
15:54:03,0e0,+1.058488E+01,+8.483500E-03,+9.910000E+37,+5.437367E+03,+3.584400E+04,+1.059558E+01,+8.483500E-03,+9.910000E+37,+5.437434E+03,+3.584400E+04,+1.060044E+01,+8.483500E-03,+9.910000E+37,+5.437501E+03,+3.584400E+04,-6.739241E-02,+0.000000E+00,+9.910000E+37,+5.437566E+03,+3.584400E+04
15:54:03,0e0,+1.065270E+01,+8.961500E-03,+9.910000E+37,+5.437789E+03,+3.584400E+04,+1.066268E+01,+8.961500E-03,+9.910000E+37,+5.437855E+03,+3.584400E+04,+1.066737E+01,+8.961500E-03,+9.910000E+37,+5.437922E+03,+3.584400E+04,-6.570788E-02,+0.000000E+00,+9.910000E+37,+5.437988E+03,+3.584400E+04
15:54:03,0e0,+1.072040E+01,+9.466500E-03,+9.910000E+37,+5.438212E+03,+3.584400E+04,+1.073256E+01,+9.466500E-03,+9.910000E+37,+5.438278E+03,+3.584400E+04,+1.073794E+01,+9.466500E-03,+9.910000E+37,+5.438346E+03,+3.584400E+04,-6.497943E-02,+0.000000E+00,+9.910000E+37,+5.438411E+03,+3.584400E+04
