0E0 +1.222744E-01,+1.000000E-04,+9.910000E+37,+4.012454E+03,+3.584000E+04,+1.228661E-01,+1.000000E-04,+9.910000E+37,+4.012520E+03,+3.584000E+04,+1.226386E-01,+1.000000E-04,+9.910000E+37,+4.012587E+03,+3.584000E+04,-6.034076E-04,+0.000000E+00,+9.910000E+37,+4.012659E+03,+3.584000E+04
0E0 +1.227295E-01,+1.000000E-04,+9.910000E+37,+4.012921E+03,+3.584000E+04,+1.221377E-01,+1.000000E-04,+9.910000E+37,+4.012986E+03,+3.584000E+04,+1.224562E-01,+1.000000E-04,+9.910000E+37,+4.013054E+03,+3.584000E+04,-1.058519E-03,+0.000000E+00,+9.910000E+37,+4.013119E+03,+3.584000E+04
0E0 +1.217734E-01,+1.000000E-04,+9.910000E+37,+4.014118E+03,+3.584000E+04,+1.214998E-01,+1.000000E-04,+9.910000E+37,+4.014184E+03,+3.584000E+04,+1.217280E-01,+1.000000E-04,+9.910000E+37,+4.014251E+03,+3.584000E+04,-1.969084E-03,+0.000000E+00,+9.910000E+37,+4.014316E+03,+3.584000E+04
0E0 +1.221829E-01,+1.000000E-04,+9.910000E+37,+4.014577E+03,+3.584000E+04,+1.218186E-01,+1.000000E-04,+9.910000E+37,+4.014643E+03,+3.584000E+04,+1.214546E-01,+1.000000E-04,+9.910000E+37,+4.014709E+03,+3.584000E+04,-1.513988E-03,+0.000000E+00,+9.910000E+37,+4.014780E+03,+3.584000E+04
0E0 +1.209987E-01,+1.000000E-04,+9.910000E+37,+4.212722E+03,+3.584000E+04,+1.221374E-01,+1.000000E-04,+9.910000E+37,+4.212788E+03,+3.584000E+04,+1.232758E-01,+1.000000E-04,+9.910000E+37,+4.212854E+03,+3.584000E+04,-9.223819E-04,+0.000000E+00,+9.910000E+37,+4.212920E+03,+3.584000E+04
0E0 +1.223185E-01,+1.000000E-04,+9.910000E+37,+4.657609E+03,+3.584000E+04,+1.216812E-01,+1.000000E-04,+9.910000E+37,+4.657676E+03,+3.584000E+04,+1.212710E-01,+1.000000E-04,+9.910000E+37,+4.657742E+03,+3.584000E+04,-2.288684E-03,+0.000000E+00,+9.910000E+37,+4.657809E+03,+3.584000E+04
0E0 +1.227280E-01,+1.000000E-04,+9.910000E+37,+4.940538E+03,+3.584000E+04,+1.223637E-01,+1.000000E-04,+9.910000E+37,+4.940604E+03,+3.584000E+04,+1.228644E-01,+1.000000E-04,+9.910000E+37,+4.940671E+03,+3.584000E+04,-2.015650E-03,+0.000000E+00,+9.910000E+37,+4.940736E+03,+3.584000E+04
0E0 +1.229098E-01,+1.000000E-04,+9.910000E+37,+5.335000E+03,+3.584000E+04,+1.231827E-01,+1.000000E-04,+9.910000E+37,+5.335067E+03,+3.584000E+04,+1.230918E-01,+1.000000E-04,+9.910000E+37,+5.335133E+03,+3.584000E+04,-2.858788E-04,+0.000000E+00,+9.910000E+37,+5.335199E+03,+3.584000E+04
0E0 +1.223632E-01,+1.000000E-04,+9.910000E+37,+5.336050E+03,+3.584000E+04,+1.220448E-01,+1.000000E-04,+9.910000E+37,+5.336115E+03,+3.584000E+04,+1.229094E-01,+1.000000E-04,+9.910000E+37,+5.336182E+03,+3.584000E+04,-6.500632E-04,+0.000000E+00,+9.910000E+37,+5.336249E+03,+3.584000E+04
0E0 +1.232739E-01,+1.000000E-04,+9.910000E+37,+5.337122E+03,+3.584000E+04,+1.218626E-01,+1.000000E-04,+9.910000E+37,+5.337187E+03,+3.584000E+04,+1.229549E-01,+1.000000E-04,+9.910000E+37,+5.337254E+03,+3.584000E+04,-1.242056E-03,+0.000000E+00,+9.910000E+37,+5.337321E+03,+3.584000E+04
0E0 +1.227732E-01,+1.000000E-04,+9.910000E+37,+5.338120E+03,+3.584000E+04,+1.228189E-01,+1.000000E-04,+9.910000E+37,+5.338187E+03,+3.584000E+04,+1.232739E-01,+1.000000E-04,+9.910000E+37,+5.338252E+03,+3.584000E+04,+2.605766E-04,+0.000000E+00,+9.910000E+37,+5.338318E+03,+3.584000E+04
0E0 +1.215888E-01,+1.000000E-04,+9.910000E+37,+5.339158E+03,+3.584000E+04,+1.235020E-01,+1.000000E-04,+9.910000E+37,+5.339224E+03,+3.584000E+04,+1.226366E-01,+1.000000E-04,+9.910000E+37,+5.339290E+03,+3.584000E+04,-2.403408E-04,+0.000000E+00,+9.910000E+37,+5.339357E+03,+3.584000E+04
0E0 +1.208610E-01,+1.000000E-04,+9.910000E+37,+5.341191E+03,+3.584000E+04,+1.224090E-01,+1.000000E-04,+9.910000E+37,+5.341257E+03,+3.584000E+04,+1.210436E-01,+1.000000E-04,+9.910000E+37,+5.341323E+03,+3.584000E+04,-3.766268E-04,+0.000000E+00,+9.910000E+37,+5.341391E+03,+3.584000E+04
0E0 +1.220449E-01,+1.000000E-04,+9.910000E+37,+5.342237E+03,+3.584000E+04,+1.225455E-01,+1.000000E-04,+9.910000E+37,+5.342303E+03,+3.584000E+04,+1.215440E-01,+1.000000E-04,+9.910000E+37,+5.342369E+03,+3.584000E+04,-1.378685E-03,+0.000000E+00,+9.910000E+37,+5.342437E+03,+3.584000E+04
0E0 +1.222725E-01,+1.000000E-04,+9.910000E+37,+5.343300E+03,+3.584000E+04,+1.220448E-01,+1.000000E-04,+9.910000E+37,+5.343365E+03,+3.584000E+04,+1.226365E-01,+1.000000E-04,+9.910000E+37,+5.343432E+03,+3.584000E+04,-3.154472E-03,+0.000000E+00,+9.910000E+37,+5.343499E+03,+3.584000E+04
0E0 +1.225910E-01,+1.000000E-04,+9.910000E+37,+5.344434E+03,+3.584000E+04,+1.219082E-01,+1.000000E-04,+9.910000E+37,+5.344499E+03,+3.584000E+04,+1.234106E-01,+1.000000E-04,+9.910000E+37,+5.344565E+03,+3.584000E+04,-2.152652E-03,+0.000000E+00,+9.910000E+37,+5.344633E+03,+3.584000E+04
0E0 +1.214530E-01,+1.000000E-04,+9.910000E+37,+5.345341E+03,+3.584000E+04,+1.221357E-01,+1.000000E-04,+9.910000E+37,+5.345406E+03,+3.584000E+04,+1.225458E-01,+1.000000E-04,+9.910000E+37,+5.345473E+03,+3.584000E+04,-2.015531E-03,+0.000000E+00,+9.910000E+37,+5.345540E+03,+3.584000E+04
0E0 +1.213160E-01,+1.000000E-04,+9.910000E+37,+5.445842E+03,+3.584000E+04,+1.217716E-01,+1.000000E-04,+9.910000E+37,+5.445908E+03,+3.584000E+04,+1.225912E-01,+1.000000E-04,+9.910000E+37,+5.445974E+03,+3.584000E+04,-9.688288E-04,+0.000000E+00,+9.910000E+37,+5.446040E+03,+3.584000E+04
0E0 +1.218168E-01,+1.000000E-04,+9.910000E+37,+5.446352E+03,+3.584000E+04,+1.212249E-01,+1.000000E-04,+9.910000E+37,+5.446417E+03,+3.584000E+04,+1.213613E-01,+1.000000E-04,+9.910000E+37,+5.446483E+03,+3.584000E+04,-2.856553E-04,+0.000000E+00,+9.910000E+37,+5.446551E+03,+3.584000E+04
0E0 +1.222267E-01,+1.000000E-04,+9.910000E+37,+5.446952E+03,+3.584000E+04,+1.224544E-01,+1.000000E-04,+9.910000E+37,+5.447018E+03,+3.584000E+04,+1.225910E-01,+1.000000E-04,+9.910000E+37,+5.447084E+03,+3.584000E+04,-1.196370E-03,+0.000000E+00,+9.910000E+37,+5.447151E+03,+3.584000E+04
0E0 +1.216345E-01,+1.000000E-04,+9.910000E+37,+5.447419E+03,+3.584000E+04,+1.225457E-01,+1.000000E-04,+9.910000E+37,+5.447484E+03,+3.584000E+04,+1.214979E-01,+1.000000E-04,+9.910000E+37,+5.447551E+03,+3.584000E+04,-1.333117E-03,+0.000000E+00,+9.910000E+37,+5.447620E+03,+3.584000E+04
0E0 +1.230463E-01,+1.000000E-04,+9.910000E+37,+5.447875E+03,+3.584000E+04,+1.224999E-01,+1.000000E-04,+9.910000E+37,+5.447940E+03,+3.584000E+04,+1.207236E-01,+1.000000E-04,+9.910000E+37,+5.448007E+03,+3.584000E+04,-1.515195E-03,+0.000000E+00,+9.910000E+37,+5.448074E+03,+3.584000E+04
