14:27:15,0e0,-1.860023E+00,+1.000000E-07,+9.910000E+37,+1.532031E+02,+3.584400E+04,+1.370634E-01,+1.000000E-07,+9.910000E+37,+1.532705E+02,+3.584400E+04,+1.383390E-01,+1.000000E-07,+9.910000E+37,+1.533369E+02,+3.584400E+04,+7.714409E-02,+0.000000E+00,+9.910000E+37,+1.534043E+02,+3.584400E+04
14:27:15,0e0,-1.648244E+00,+1.056500E-07,+9.910000E+37,+1.536260E+02,+3.584400E+04,+1.388850E-01,+1.056500E-07,+9.910000E+37,+1.536934E+02,+3.584400E+04,+1.406155E-01,+1.056500E-07,+9.910000E+37,+1.537588E+02,+3.584400E+04,+7.837316E-02,+0.000000E+00,+9.910000E+37,+1.538252E+02,+3.584400E+04
14:27:15,0e0,-1.594375E+00,+1.116000E-07,+9.910000E+37,+1.540488E+02,+3.584400E+04,+1.418450E-01,+1.116000E-07,+9.910000E+37,+1.541162E+02,+3.584400E+04,+1.420268E-01,+1.116000E-07,+9.910000E+37,+1.541816E+02,+3.584400E+04,+7.682535E-02,+0.000000E+00,+9.910000E+37,+1.542480E+02,+3.584400E+04
14:27:15,0e0,-1.451578E+00,+1.179000E-07,+9.910000E+37,+1.544736E+02,+3.584400E+04,+1.421644E-01,+1.179000E-07,+9.910000E+37,+1.545400E+02,+3.584400E+04,+1.439390E-01,+1.179000E-07,+9.910000E+37,+1.546064E+02,+3.584400E+04,+7.764474E-02,+0.000000E+00,+9.910000E+37,+1.546729E+02,+3.584400E+04
14:27:15,0e0,-1.425349E+00,+1.245000E-07,+9.910000E+37,+1.548965E+02,+3.584400E+04,+1.431648E-01,+1.245000E-07,+9.910000E+37,+1.549629E+02,+3.584400E+04,+1.442123E-01,+1.245000E-07,+9.910000E+37,+1.550293E+02,+3.584400E+04,+7.723483E-02,+0.000000E+00,+9.910000E+37,+1.550967E+02,+3.584400E+04
14:27:15,0e0,-1.272125E+00,+1.315500E-07,+9.910000E+37,+1.553232E+02,+3.584400E+04,+1.445764E-01,+1.315500E-07,+9.910000E+37,+1.553906E+02,+3.584400E+04,+1.455328E-01,+1.315500E-07,+9.910000E+37,+1.554570E+02,+3.584400E+04,+7.782683E-02,+0.000000E+00,+9.910000E+37,+1.555234E+02,+3.584400E+04
14:27:15,0e0,-9.466876E-01,+1.389500E-07,+9.910000E+37,+1.557500E+02,+3.584400E+04,+1.475820E-01,+1.389500E-07,+9.910000E+37,+1.558174E+02,+3.584400E+04,+1.476270E-01,+1.389500E-07,+9.910000E+37,+1.558828E+02,+3.584400E+04,+7.805470E-02,+0.000000E+00,+9.910000E+37,+1.559502E+02,+3.584400E+04
14:27:15,0e0,-7.151886E-01,+1.468000E-07,+9.910000E+37,+1.561738E+02,+3.584400E+04,+1.482189E-01,+1.468000E-07,+9.910000E+37,+1.562402E+02,+3.584400E+04,+1.489022E-01,+1.468000E-07,+9.910000E+37,+1.563057E+02,+3.584400E+04,+7.882860E-02,+0.000000E+00,+9.910000E+37,+1.563730E+02,+3.584400E+04
14:27:15,0e0,-4.774975E-01,+1.550500E-07,+9.910000E+37,+1.565986E+02,+3.584400E+04,+1.495396E-01,+1.550500E-07,+9.910000E+37,+1.566660E+02,+3.584400E+04,+1.490387E-01,+1.550500E-07,+9.910000E+37,+1.567314E+02,+3.584400E+04,+7.805455E-02,+0.000000E+00,+9.910000E+37,+1.567988E+02,+3.584400E+04
14:27:15,0e0,-6.229361E-01,+1.638000E-07,+9.910000E+37,+1.570234E+02,+3.584400E+04,+1.512697E-01,+1.638000E-07,+9.910000E+37,+1.570908E+02,+3.584400E+04,+1.505867E-01,+1.638000E-07,+9.910000E+37,+1.571582E+02,+3.584400E+04,+7.691601E-02,+0.000000E+00,+9.910000E+37,+1.572236E+02,+3.584400E+04
14:27:15,0e0,-2.811510E-01,+1.730000E-07,+9.910000E+37,+1.574463E+02,+3.584400E+04,+1.540929E-01,+1.730000E-07,+9.910000E+37,+1.575137E+02,+3.584400E+04,+1.533642E-01,+1.730000E-07,+9.910000E+37,+1.575811E+02,+3.584400E+04,+7.782659E-02,+0.000000E+00,+9.910000E+37,+1.576465E+02,+3.584400E+04
14:27:15,0e0,-2.711789E-01,+1.827500E-07,+9.910000E+37,+1.578672E+02,+3.584400E+04,+1.540015E-01,+1.827500E-07,+9.910000E+37,+1.579336E+02,+3.584400E+04,+1.533190E-01,+1.827500E-07,+9.910000E+37,+1.580010E+02,+3.584400E+04,+7.728025E-02,+0.000000E+00,+9.910000E+37,+1.580684E+02,+3.584400E+04
14:27:15,0e0,-1.444533E-03,+1.930500E-07,+9.910000E+37,+1.582920E+02,+3.584400E+04,+1.551862E-01,+1.930500E-07,+9.910000E+37,+1.583594E+02,+3.584400E+04,+1.564606E-01,+1.930500E-07,+9.910000E+37,+1.584248E+02,+3.584400E+04,+7.632408E-02,+0.000000E+00,+9.910000E+37,+1.584912E+02,+3.584400E+04
14:27:15,0e0,+1.763347E-02,+2.039500E-07,+9.910000E+37,+1.587168E+02,+3.584400E+04,+1.572799E-01,+2.039500E-07,+9.910000E+37,+1.587842E+02,+3.584400E+04,+1.556405E-01,+2.039500E-07,+9.910000E+37,+1.588496E+02,+3.584400E+04,+7.737157E-02,+0.000000E+00,+9.910000E+37,+1.589170E+02,+3.584400E+04
14:27:15,0e0,+1.045988E-01,+2.154500E-07,+9.910000E+37,+1.591396E+02,+3.584400E+04,+1.595111E-01,+2.154500E-07,+9.910000E+37,+1.592070E+02,+3.584400E+04,+1.588735E-01,+2.154500E-07,+9.910000E+37,+1.592744E+02,+3.584400E+04,+7.709810E-02,+0.000000E+00,+9.910000E+37,+1.593398E+02,+3.584400E+04
14:27:15,0e0,+9.521982E-02,+2.276000E-07,+9.910000E+37,+1.595645E+02,+3.584400E+04,+1.602848E-01,+2.276000E-07,+9.910000E+37,+1.596309E+02,+3.584400E+04,+1.599206E-01,+2.276000E-07,+9.910000E+37,+1.596982E+02,+3.584400E+04,+7.732588E-02,+0.000000E+00,+9.910000E+37,+1.597637E+02,+3.584400E+04
14:27:15,0e0,+1.567789E-01,+2.404000E-07,+9.910000E+37,+1.599883E+02,+3.584400E+04,+1.611047E-01,+2.404000E-07,+9.910000E+37,+1.600547E+02,+3.584400E+04,+1.618788E-01,+2.404000E-07,+9.910000E+37,+1.601211E+02,+3.584400E+04,+7.664275E-02,+0.000000E+00,+9.910000E+37,+1.601885E+02,+3.584400E+04
14:27:15,0e0,+1.631991E-01,+2.539500E-07,+9.910000E+37,+1.604092E+02,+3.584400E+04,+1.624248E-01,+2.539500E-07,+9.910000E+37,+1.604756E+02,+3.584400E+04,+1.630169E-01,+2.539500E-07,+9.910000E+37,+1.605420E+02,+3.584400E+04,+7.750764E-02,+0.000000E+00,+9.910000E+37,+1.606094E+02,+3.584400E+04
14:27:15,0e0,+1.634266E-01,+2.682500E-07,+9.910000E+37,+1.608311E+02,+3.584400E+04,+1.645197E-01,+2.682500E-07,+9.910000E+37,+1.608984E+02,+3.584400E+04,+1.649749E-01,+2.682500E-07,+9.910000E+37,+1.609639E+02,+3.584400E+04,+7.650590E-02,+0.000000E+00,+9.910000E+37,+1.610303E+02,+3.584400E+04
14:27:15,0e0,+1.653839E-01,+2.834000E-07,+9.910000E+37,+1.612559E+02,+3.584400E+04,+1.660221E-01,+2.834000E-07,+9.910000E+37,+1.613223E+02,+3.584400E+04,+1.663413E-01,+2.834000E-07,+9.910000E+37,+1.613887E+02,+3.584400E+04,+7.723475E-02,+0.000000E+00,+9.910000E+37,+1.614551E+02,+3.584400E+04
14:27:15,0e0,+1.676156E-01,+2.993500E-07,+9.910000E+37,+1.616816E+02,+3.584400E+04,+1.681165E-01,+2.993500E-07,+9.910000E+37,+1.617480E+02,+3.584400E+04,+1.675247E-01,+2.993500E-07,+9.910000E+37,+1.618154E+02,+3.584400E+04,+7.564098E-02,+0.000000E+00,+9.910000E+37,+1.618809E+02,+3.584400E+04
14:27:15,0e0,+1.686175E-01,+3.162500E-07,+9.910000E+37,+1.621055E+02,+3.584400E+04,+1.702566E-01,+3.162500E-07,+9.910000E+37,+1.621729E+02,+3.584400E+04,+1.690269E-01,+3.162500E-07,+9.910000E+37,+1.622402E+02,+3.584400E+04,+7.104212E-02,+0.000000E+00,+9.910000E+37,+1.623057E+02,+3.584400E+04
14:27:15,0e0,+1.710305E-01,+3.340500E-07,+9.910000E+37,+1.625322E+02,+3.584400E+04,+1.702566E-01,+3.340500E-07,+9.910000E+37,+1.625996E+02,+3.584400E+04,+1.694370E-01,+3.340500E-07,+9.910000E+37,+1.626650E+02,+3.584400E+04,+6.603372E-02,+0.000000E+00,+9.910000E+37,+1.627314E+02,+3.584400E+04
14:27:15,0e0,+1.714856E-01,+3.528500E-07,+9.910000E+37,+1.629580E+02,+3.584400E+04,+1.714852E-01,+3.528500E-07,+9.910000E+37,+1.630244E+02,+3.584400E+04,+1.729427E-01,+3.528500E-07,+9.910000E+37,+1.630908E+02,+3.584400E+04,+2.018306E-02,+0.000000E+00,+9.910000E+37,+1.631582E+02,+3.584400E+04
14:27:15,0e0,+1.747640E-01,+3.727500E-07,+9.910000E+37,+1.633838E+02,+3.584400E+04,+1.730341E-01,+3.727500E-07,+9.910000E+37,+1.634512E+02,+3.584400E+04,+1.751285E-01,+3.727500E-07,+9.910000E+37,+1.635166E+02,+3.584400E+04,-6.628223E-02,+0.000000E+00,+9.910000E+37,+1.635830E+02,+3.584400E+04
14:27:15,0e0,+1.749007E-01,+3.937500E-07,+9.910000E+37,+1.638037E+02,+3.584400E+04,+1.759933E-01,+3.937500E-07,+9.910000E+37,+1.638701E+02,+3.584400E+04,+1.768128E-01,+3.937500E-07,+9.910000E+37,+1.639365E+02,+3.584400E+04,-1.426847E-01,+0.000000E+00,+9.910000E+37,+1.640029E+02,+3.584400E+04
14:27:15,0e0,+1.772228E-01,+4.159500E-07,+9.910000E+37,+1.642236E+02,+3.584400E+04,+1.764939E-01,+4.159500E-07,+9.910000E+37,+1.642910E+02,+3.584400E+04,+1.780423E-01,+4.159500E-07,+9.910000E+37,+1.643564E+02,+3.584400E+04,-2.369367E-01,+0.000000E+00,+9.910000E+37,+1.644238E+02,+3.584400E+04
14:27:15,0e0,+1.777687E-01,+4.394000E-07,+9.910000E+37,+1.646455E+02,+3.584400E+04,+1.780878E-01,+4.394000E-07,+9.910000E+37,+1.647129E+02,+3.584400E+04,+1.789983E-01,+4.394000E-07,+9.910000E+37,+1.647803E+02,+3.584400E+04,-3.108852E-01,+0.000000E+00,+9.910000E+37,+1.648457E+02,+3.584400E+04
14:27:15,0e0,+1.807742E-01,+4.641500E-07,+9.910000E+37,+1.650664E+02,+3.584400E+04,+1.800911E-01,+4.641500E-07,+9.910000E+37,+1.651328E+02,+3.584400E+04,+1.810930E-01,+4.641500E-07,+9.910000E+37,+1.652002E+02,+3.584400E+04,-4.312335E-01,+0.000000E+00,+9.910000E+37,+1.652656E+02,+3.584400E+04
14:27:15,0e0,+1.825043E-01,+4.903000E-07,+9.910000E+37,+1.654863E+02,+3.584400E+04,+1.819124E-01,+4.903000E-07,+9.910000E+37,+1.655527E+02,+3.584400E+04,+1.821857E-01,+4.903000E-07,+9.910000E+37,+1.656191E+02,+3.584400E+04,-5.952948E-01,+0.000000E+00,+9.910000E+37,+1.656865E+02,+3.584400E+04
14:27:15,0e0,+1.849173E-01,+5.179500E-07,+9.910000E+37,+1.659141E+02,+3.584400E+04,+1.838703E-01,+5.179500E-07,+9.910000E+37,+1.659805E+02,+3.584400E+04,+1.835058E-01,+5.179500E-07,+9.910000E+37,+1.660479E+02,+3.584400E+04,-7.906861E-01,+0.000000E+00,+9.910000E+37,+1.661133E+02,+3.584400E+04
14:27:15,0e0,+1.869212E-01,+5.471500E-07,+9.910000E+37,+1.663408E+02,+3.584400E+04,+1.871485E-01,+5.471500E-07,+9.910000E+37,+1.664063E+02,+3.584400E+04,+1.857826E-01,+5.471500E-07,+9.910000E+37,+1.664727E+02,+3.584400E+04,-9.857557E-01,+0.000000E+00,+9.910000E+37,+1.665391E+02,+3.584400E+04
14:27:15,0e0,+1.880138E-01,+5.779500E-07,+9.910000E+37,+1.667627E+02,+3.584400E+04,+1.858276E-01,+5.779500E-07,+9.910000E+37,+1.668291E+02,+3.584400E+04,+1.878318E-01,+5.779500E-07,+9.910000E+37,+1.668955E+02,+3.584400E+04,-1.202183E+00,+0.000000E+00,+9.910000E+37,+1.669619E+02,+3.584400E+04
14:27:15,0e0,+1.894252E-01,+6.105500E-07,+9.910000E+37,+1.671865E+02,+3.584400E+04,+1.893339E-01,+6.105500E-07,+9.910000E+37,+1.672539E+02,+3.584400E+04,+1.884692E-01,+6.105500E-07,+9.910000E+37,+1.673193E+02,+3.584400E+04,-1.443925E+00,+0.000000E+00,+9.910000E+37,+1.673857E+02,+3.584400E+04
14:27:15,0e0,+1.907462E-01,+6.449500E-07,+9.910000E+37,+1.676113E+02,+3.584400E+04,+1.912919E-01,+6.449500E-07,+9.910000E+37,+1.676787E+02,+3.584400E+04,+1.908371E-01,+6.449500E-07,+9.910000E+37,+1.677461E+02,+3.584400E+04,-1.676017E+00,+0.000000E+00,+9.910000E+37,+1.678115E+02,+3.584400E+04
14:27:15,0e0,+1.927033E-01,+6.813000E-07,+9.910000E+37,+1.680352E+02,+3.584400E+04,+1.938874E-01,+6.813000E-07,+9.910000E+37,+1.681016E+02,+3.584400E+04,+1.937054E-01,+6.813000E-07,+9.910000E+37,+1.681680E+02,+3.584400E+04,-1.964571E+00,+0.000000E+00,+9.910000E+37,+1.682354E+02,+3.584400E+04
14:27:15,0e0,+1.954808E-01,+7.197000E-07,+9.910000E+37,+1.684590E+02,+3.584400E+04,+1.936591E-01,+7.197000E-07,+9.910000E+37,+1.685264E+02,+3.584400E+04,+1.953897E-01,+7.197000E-07,+9.910000E+37,+1.685938E+02,+3.584400E+04,-2.268789E+00,+0.000000E+00,+9.910000E+37,+1.686592E+02,+3.584400E+04
14:27:15,0e0,+1.960729E-01,+7.602500E-07,+9.910000E+37,+1.688828E+02,+3.584400E+04,+1.975752E-01,+7.602500E-07,+9.910000E+37,+1.689482E+02,+3.584400E+04,+1.973471E-01,+7.602500E-07,+9.910000E+37,+1.690146E+02,+3.584400E+04,-2.548827E+00,+0.000000E+00,+9.910000E+37,+1.690820E+02,+3.584400E+04
14:27:15,0e0,+2.003529E-01,+8.031000E-07,+9.910000E+37,+1.693066E+02,+3.584400E+04,+1.988956E-01,+8.031000E-07,+9.910000E+37,+1.693730E+02,+3.584400E+04,+1.980303E-01,+8.031000E-07,+9.910000E+37,+1.694395E+02,+3.584400E+04,-2.882323E+00,+0.000000E+00,+9.910000E+37,+1.695059E+02,+3.584400E+04
14:27:15,0e0,+1.995780E-01,+8.483500E-07,+9.910000E+37,+1.697266E+02,+3.584400E+04,+2.010813E-01,+8.483500E-07,+9.910000E+37,+1.697930E+02,+3.584400E+04,+2.005347E-01,+8.483500E-07,+9.910000E+37,+1.698604E+02,+3.584400E+04,-3.234990E+00,+0.000000E+00,+9.910000E+37,+1.699258E+02,+3.584400E+04
14:27:15,0e0,+2.031302E-01,+8.961500E-07,+9.910000E+37,+1.701475E+02,+3.584400E+04,+2.029031E-01,+8.961500E-07,+9.910000E+37,+1.702139E+02,+3.584400E+04,+2.016274E-01,+8.961500E-07,+9.910000E+37,+1.702803E+02,+3.584400E+04,-3.601683E+00,+0.000000E+00,+9.910000E+37,+1.703467E+02,+3.584400E+04
14:27:15,0e0,+2.044962E-01,+9.466500E-07,+9.910000E+37,+1.705723E+02,+3.584400E+04,+2.047693E-01,+9.466500E-07,+9.910000E+37,+1.706387E+02,+3.584400E+04,+2.052245E-01,+9.466500E-07,+9.910000E+37,+1.707051E+02,+3.584400E+04,-4.045782E+00,+0.000000E+00,+9.910000E+37,+1.707725E+02,+3.584400E+04
14:27:15,0e0,+2.072279E-01,+1.000000E-06,+9.910000E+37,+1.709961E+02,+3.584400E+04,+2.056792E-01,+1.000000E-06,+9.910000E+37,+1.710615E+02,+3.584400E+04,+2.077740E-01,+1.000000E-06,+9.910000E+37,+1.711279E+02,+3.584400E+04,-4.481731E+00,+0.000000E+00,+9.910000E+37,+1.711953E+02,+3.584400E+04
14:27:15,0e0,+1.973479E-01,+1.056500E-06,+9.910000E+37,+1.714189E+02,+3.584400E+04,+1.983949E-01,+1.056500E-06,+9.910000E+37,+1.714854E+02,+3.584400E+04,+1.985770E-01,+1.056500E-06,+9.910000E+37,+1.715527E+02,+3.584400E+04,+7.755274E-02,+0.000000E+00,+9.910000E+37,+1.716201E+02,+3.584400E+04
14:27:15,0e0,+1.993506E-01,+1.116000E-06,+9.910000E+37,+1.718447E+02,+3.584400E+04,+2.000340E-01,+1.116000E-06,+9.910000E+37,+1.719102E+02,+3.584400E+04,+1.983492E-01,+1.116000E-06,+9.910000E+37,+1.719775E+02,+3.584400E+04,+7.664201E-02,+0.000000E+00,+9.910000E+37,+1.720430E+02,+3.584400E+04
14:27:15,0e0,+2.014912E-01,+1.179000E-06,+9.910000E+37,+1.722666E+02,+3.584400E+04,+2.014909E-01,+1.179000E-06,+9.910000E+37,+1.723330E+02,+3.584400E+04,+2.022194E-01,+1.179000E-06,+9.910000E+37,+1.724004E+02,+3.584400E+04,+7.755303E-02,+0.000000E+00,+9.910000E+37,+1.724658E+02,+3.584400E+04
14:27:15,0e0,+2.028569E-01,+1.245000E-06,+9.910000E+37,+1.726914E+02,+3.584400E+04,+2.024924E-01,+1.245000E-06,+9.910000E+37,+1.727588E+02,+3.584400E+04,+2.041317E-01,+1.245000E-06,+9.910000E+37,+1.728242E+02,+3.584400E+04,+7.746199E-02,+0.000000E+00,+9.910000E+37,+1.728916E+02,+3.584400E+04
14:27:15,0e0,+2.045872E-01,+1.315500E-06,+9.910000E+37,+1.731113E+02,+3.584400E+04,+2.039495E-01,+1.315500E-06,+9.910000E+37,+1.731777E+02,+3.584400E+04,+2.047698E-01,+1.315500E-06,+9.910000E+37,+1.732441E+02,+3.584400E+04,+7.759857E-02,+0.000000E+00,+9.910000E+37,+1.733105E+02,+3.584400E+04
14:27:15,0e0,+2.075467E-01,+1.389500E-06,+9.910000E+37,+1.735332E+02,+3.584400E+04,+2.063629E-01,+1.389500E-06,+9.910000E+37,+1.736006E+02,+3.584400E+04,+2.057255E-01,+1.389500E-06,+9.910000E+37,+1.736660E+02,+3.584400E+04,+7.650545E-02,+0.000000E+00,+9.910000E+37,+1.737334E+02,+3.584400E+04
14:27:15,0e0,+2.085947E-01,+1.468000E-06,+9.910000E+37,+1.739580E+02,+3.584400E+04,+2.078198E-01,+1.468000E-06,+9.910000E+37,+1.740254E+02,+3.584400E+04,+2.086851E-01,+1.468000E-06,+9.910000E+37,+1.740908E+02,+3.584400E+04,+7.809943E-02,+0.000000E+00,+9.910000E+37,+1.741572E+02,+3.584400E+04
14:27:15,0e0,+2.101420E-01,+1.550500E-06,+9.910000E+37,+1.743828E+02,+3.584400E+04,+2.089127E-01,+1.550500E-06,+9.910000E+37,+1.744492E+02,+3.584400E+04,+2.102785E-01,+1.550500E-06,+9.910000E+37,+1.745166E+02,+3.584400E+04,+7.746223E-02,+0.000000E+00,+9.910000E+37,+1.745820E+02,+3.584400E+04
14:27:15,0e0,+2.109162E-01,+1.638000E-06,+9.910000E+37,+1.748027E+02,+3.584400E+04,+2.111891E-01,+1.638000E-06,+9.910000E+37,+1.748691E+02,+3.584400E+04,+2.095036E-01,+1.638000E-06,+9.910000E+37,+1.749365E+02,+3.584400E+04,+7.746211E-02,+0.000000E+00,+9.910000E+37,+1.750020E+02,+3.584400E+04
14:27:15,0e0,+2.122819E-01,+1.730000E-06,+9.910000E+37,+1.752275E+02,+3.584400E+04,+2.125551E-01,+1.730000E-06,+9.910000E+37,+1.752949E+02,+3.584400E+04,+2.131926E-01,+1.730000E-06,+9.910000E+37,+1.753604E+02,+3.584400E+04,+7.668775E-02,+0.000000E+00,+9.910000E+37,+1.754268E+02,+3.584400E+04
14:27:15,0e0,+2.151505E-01,+1.827500E-06,+9.910000E+37,+1.756523E+02,+3.584400E+04,+2.135110E-01,+1.827500E-06,+9.910000E+37,+1.757197E+02,+3.584400E+04,+2.141033E-01,+1.827500E-06,+9.910000E+37,+1.757852E+02,+3.584400E+04,+7.937458E-02,+0.000000E+00,+9.910000E+37,+1.758516E+02,+3.584400E+04
14:27:15,0e0,+2.163806E-01,+1.930500E-06,+9.910000E+37,+1.760771E+02,+3.584400E+04,+2.164715E-01,+1.930500E-06,+9.910000E+37,+1.761436E+02,+3.584400E+04,+2.159246E-01,+1.930500E-06,+9.910000E+37,+1.762109E+02,+3.584400E+04,+7.805389E-02,+0.000000E+00,+9.910000E+37,+1.762764E+02,+3.584400E+04
14:27:15,0e0,+2.176544E-01,+2.039500E-06,+9.910000E+37,+1.764990E+02,+3.584400E+04,+2.185650E-01,+2.039500E-06,+9.910000E+37,+1.765645E+02,+3.584400E+04,+2.192485E-01,+2.039500E-06,+9.910000E+37,+1.766318E+02,+3.584400E+04,+7.846385E-02,+0.000000E+00,+9.910000E+37,+1.766973E+02,+3.584400E+04
14:27:15,0e0,+2.198400E-01,+2.154500E-06,+9.910000E+37,+1.769199E+02,+3.584400E+04,+2.190204E-01,+2.154500E-06,+9.910000E+37,+1.769863E+02,+3.584400E+04,+2.207509E-01,+2.154500E-06,+9.910000E+37,+1.770537E+02,+3.584400E+04,+7.864615E-02,+0.000000E+00,+9.910000E+37,+1.771191E+02,+3.584400E+04
14:27:15,0e0,+2.210240E-01,+2.276000E-06,+9.910000E+37,+1.773447E+02,+3.584400E+04,+2.206140E-01,+2.276000E-06,+9.910000E+37,+1.774111E+02,+3.584400E+04,+2.206143E-01,+2.276000E-06,+9.910000E+37,+1.774785E+02,+3.584400E+04,+6.598786E-02,+0.000000E+00,+9.910000E+37,+1.775449E+02,+3.584400E+04
14:27:15,0e0,+2.224360E-01,+2.404000E-06,+9.910000E+37,+1.777705E+02,+3.584400E+04,+2.223899E-01,+2.404000E-06,+9.910000E+37,+1.778379E+02,+3.584400E+04,+2.229817E-01,+2.404000E-06,+9.910000E+37,+1.779033E+02,+3.584400E+04,+6.289157E-02,+0.000000E+00,+9.910000E+37,+1.779707E+02,+3.584400E+04
14:27:15,0e0,+2.245295E-01,+2.539500E-06,+9.910000E+37,+1.781914E+02,+3.584400E+04,+2.243018E-01,+2.539500E-06,+9.910000E+37,+1.782578E+02,+3.584400E+04,+2.255768E-01,+2.539500E-06,+9.910000E+37,+1.783252E+02,+3.584400E+04,+6.389341E-02,+0.000000E+00,+9.910000E+37,+1.783926E+02,+3.584400E+04
14:27:15,0e0,+2.260779E-01,+2.682500E-06,+9.910000E+37,+1.786162E+02,+3.584400E+04,+2.254402E-01,+2.682500E-06,+9.910000E+37,+1.786836E+02,+3.584400E+04,+2.250306E-01,+2.682500E-06,+9.910000E+37,+1.787490E+02,+3.584400E+04,+6.362030E-02,+0.000000E+00,+9.910000E+37,+1.788154E+02,+3.584400E+04
14:27:15,0e0,+2.278081E-01,+2.834000E-06,+9.910000E+37,+1.790371E+02,+3.584400E+04,+2.279909E-01,+2.834000E-06,+9.910000E+37,+1.791035E+02,+3.584400E+04,+2.269432E-01,+2.834000E-06,+9.910000E+37,+1.791699E+02,+3.584400E+04,+6.553251E-02,+0.000000E+00,+9.910000E+37,+1.792354E+02,+3.584400E+04
14:27:15,0e0,+2.290374E-01,+2.993500E-06,+9.910000E+37,+1.794609E+02,+3.584400E+04,+2.306769E-01,+2.993500E-06,+9.910000E+37,+1.795273E+02,+3.584400E+04,+2.303123E-01,+2.993500E-06,+9.910000E+37,+1.795947E+02,+3.584400E+04,+6.357449E-02,+0.000000E+00,+9.910000E+37,+1.796602E+02,+3.584400E+04
14:27:15,0e0,+2.306764E-01,+3.162500E-06,+9.910000E+37,+1.798867E+02,+3.584400E+04,+2.305859E-01,+3.162500E-06,+9.910000E+37,+1.799531E+02,+3.584400E+04,+2.312685E-01,+3.162500E-06,+9.910000E+37,+1.800195E+02,+3.584400E+04,+6.357470E-02,+0.000000E+00,+9.910000E+37,+1.800859E+02,+3.584400E+04
14:27:15,0e0,+2.336364E-01,+3.340500E-06,+9.910000E+37,+1.803105E+02,+3.584400E+04,+2.329985E-01,+3.340500E-06,+9.910000E+37,+1.803770E+02,+3.584400E+04,+2.335449E-01,+3.340500E-06,+9.910000E+37,+1.804443E+02,+3.584400E+04,+6.193545E-02,+0.000000E+00,+9.910000E+37,+1.805107E+02,+3.584400E+04
14:27:15,0e0,+2.342733E-01,+3.528500E-06,+9.910000E+37,+1.807373E+02,+3.584400E+04,+2.338642E-01,+3.528500E-06,+9.910000E+37,+1.808047E+02,+3.584400E+04,+2.354575E-01,+3.528500E-06,+9.910000E+37,+1.808701E+02,+3.584400E+04,+5.565202E-02,+0.000000E+00,+9.910000E+37,+1.809375E+02,+3.584400E+04
14:27:15,0e0,+2.363671E-01,+3.727500E-06,+9.910000E+37,+1.811631E+02,+3.584400E+04,+2.361856E-01,+3.727500E-06,+9.910000E+37,+1.812295E+02,+3.584400E+04,+2.364136E-01,+3.727500E-06,+9.910000E+37,+1.812959E+02,+3.584400E+04,+2.978960E-02,+0.000000E+00,+9.910000E+37,+1.813633E+02,+3.584400E+04
14:27:15,0e0,+2.392823E-01,+3.937500E-06,+9.910000E+37,+1.815859E+02,+3.584400E+04,+2.378704E-01,+3.937500E-06,+9.910000E+37,+1.816533E+02,+3.584400E+04,+2.390087E-01,+3.937500E-06,+9.910000E+37,+1.817188E+02,+3.584400E+04,-3.914526E-02,+0.000000E+00,+9.910000E+37,+1.817852E+02,+3.584400E+04
14:27:15,0e0,+2.405570E-01,+4.159500E-06,+9.910000E+37,+1.820117E+02,+3.584400E+04,+2.401475E-01,+4.159500E-06,+9.910000E+37,+1.820771E+02,+3.584400E+04,+2.397827E-01,+4.159500E-06,+9.910000E+37,+1.821445E+02,+3.584400E+04,-1.492871E-01,+0.000000E+00,+9.910000E+37,+1.822100E+02,+3.584400E+04
14:27:15,0e0,+2.416952E-01,+4.394000E-06,+9.910000E+37,+1.824365E+02,+3.584400E+04,+2.416494E-01,+4.394000E-06,+9.910000E+37,+1.825039E+02,+3.584400E+04,+2.440173E-01,+4.394000E-06,+9.910000E+37,+1.825693E+02,+3.584400E+04,-2.456794E-01,+0.000000E+00,+9.910000E+37,+1.826367E+02,+3.584400E+04
14:27:15,0e0,+2.441996E-01,+4.641500E-06,+9.910000E+37,+1.828623E+02,+3.584400E+04,+2.440173E-01,+4.641500E-06,+9.910000E+37,+1.829297E+02,+3.584400E+04,+2.443362E-01,+4.641500E-06,+9.910000E+37,+1.829951E+02,+3.584400E+04,-3.368851E-01,+0.000000E+00,+9.910000E+37,+1.830625E+02,+3.584400E+04
14:27:15,0e0,+2.455652E-01,+4.903000E-06,+9.910000E+37,+1.832881E+02,+3.584400E+04,+2.469767E-01,+4.903000E-06,+9.910000E+37,+1.833555E+02,+3.584400E+04,+2.462034E-01,+4.903000E-06,+9.910000E+37,+1.834209E+02,+3.584400E+04,-4.864669E-01,+0.000000E+00,+9.910000E+37,+1.834873E+02,+3.584400E+04
14:27:15,0e0,+2.488893E-01,+5.179500E-06,+9.910000E+37,+1.837119E+02,+3.584400E+04,+2.492989E-01,+5.179500E-06,+9.910000E+37,+1.837793E+02,+3.584400E+04,+2.487518E-01,+5.179500E-06,+9.910000E+37,+1.838447E+02,+3.584400E+04,-6.630956E-01,+0.000000E+00,+9.910000E+37,+1.839121E+02,+3.584400E+04
14:27:15,0e0,+2.507558E-01,+5.471500E-06,+9.910000E+37,+1.841348E+02,+3.584400E+04,+2.492529E-01,+5.471500E-06,+9.910000E+37,+1.842021E+02,+3.584400E+04,+2.497091E-01,+5.471500E-06,+9.910000E+37,+1.842676E+02,+3.584400E+04,-8.667272E-01,+0.000000E+00,+9.910000E+37,+1.843350E+02,+3.584400E+04
14:27:15,0e0,+2.523949E-01,+5.779500E-06,+9.910000E+37,+1.845605E+02,+3.584400E+04,+2.512562E-01,+5.779500E-06,+9.910000E+37,+1.846270E+02,+3.584400E+04,+2.524407E-01,+5.779500E-06,+9.910000E+37,+1.846943E+02,+3.584400E+04,-1.083016E+00,+0.000000E+00,+9.910000E+37,+1.847598E+02,+3.584400E+04
14:27:15,0e0,+2.541713E-01,+6.105500E-06,+9.910000E+37,+1.849805E+02,+3.584400E+04,+2.542627E-01,+6.105500E-06,+9.910000E+37,+1.850469E+02,+3.584400E+04,+2.528503E-01,+6.105500E-06,+9.910000E+37,+1.851123E+02,+3.584400E+04,-1.297986E+00,+0.000000E+00,+9.910000E+37,+1.851787E+02,+3.584400E+04
14:27:15,0e0,+2.569028E-01,+6.449500E-06,+9.910000E+37,+1.854014E+02,+3.584400E+04,+2.556733E-01,+6.449500E-06,+9.910000E+37,+1.854678E+02,+3.584400E+04,+2.546713E-01,+6.449500E-06,+9.910000E+37,+1.855342E+02,+3.584400E+04,-1.559719E+00,+0.000000E+00,+9.910000E+37,+1.856006E+02,+3.584400E+04
14:27:15,0e0,+2.577678E-01,+6.813000E-06,+9.910000E+37,+1.858262E+02,+3.584400E+04,+2.598622E-01,+6.813000E-06,+9.910000E+37,+1.858936E+02,+3.584400E+04,+2.581320E-01,+6.813000E-06,+9.910000E+37,+1.859609E+02,+3.584400E+04,-1.819311E+00,+0.000000E+00,+9.910000E+37,+1.860264E+02,+3.584400E+04
14:27:15,0e0,+2.604999E-01,+7.197000E-06,+9.910000E+37,+1.862480E+02,+3.584400E+04,+2.608643E-01,+7.197000E-06,+9.910000E+37,+1.863154E+02,+3.584400E+04,+2.592700E-01,+7.197000E-06,+9.910000E+37,+1.863809E+02,+3.584400E+04,-2.080635E+00,+0.000000E+00,+9.910000E+37,+1.864482E+02,+3.584400E+04
14:27:15,0e0,+2.621396E-01,+7.602500E-06,+9.910000E+37,+1.866748E+02,+3.584400E+04,+2.623209E-01,+7.602500E-06,+9.910000E+37,+1.867412E+02,+3.584400E+04,+2.635502E-01,+7.602500E-06,+9.910000E+37,+1.868076E+02,+3.584400E+04,-2.395327E+00,+0.000000E+00,+9.910000E+37,+1.868750E+02,+3.584400E+04
14:27:15,0e0,+2.642787E-01,+8.031000E-06,+9.910000E+37,+1.871006E+02,+3.584400E+04,+2.634592E-01,+8.031000E-06,+9.910000E+37,+1.871670E+02,+3.584400E+04,+2.643700E-01,+8.031000E-06,+9.910000E+37,+1.872344E+02,+3.584400E+04,-2.707784E+00,+0.000000E+00,+9.910000E+37,+1.872998E+02,+3.584400E+04
14:27:15,0e0,+2.656443E-01,+8.483500E-06,+9.910000E+37,+1.875273E+02,+3.584400E+04,+2.669194E-01,+8.483500E-06,+9.910000E+37,+1.875928E+02,+3.584400E+04,+2.661453E-01,+8.483500E-06,+9.910000E+37,+1.876592E+02,+3.584400E+04,-3.052802E+00,+0.000000E+00,+9.910000E+37,+1.877266E+02,+3.584400E+04
14:27:15,0e0,+2.696970E-01,+8.961500E-06,+9.910000E+37,+1.879502E+02,+3.584400E+04,+2.701069E-01,+8.961500E-06,+9.910000E+37,+1.880166E+02,+3.584400E+04,+2.694696E-01,+8.961500E-06,+9.910000E+37,+1.880840E+02,+3.584400E+04,-3.412428E+00,+0.000000E+00,+9.910000E+37,+1.881494E+02,+3.584400E+04
14:27:15,0e0,+2.711083E-01,+9.466500E-06,+9.910000E+37,+1.883711E+02,+3.584400E+04,+2.712451E-01,+9.466500E-06,+9.910000E+37,+1.884375E+02,+3.584400E+04,+2.716093E-01,+9.466500E-06,+9.910000E+37,+1.885049E+02,+3.584400E+04,-3.804942E+00,+0.000000E+00,+9.910000E+37,+1.885723E+02,+3.584400E+04
14:27:15,0e0,+2.735674E-01,+1.000000E-05,+9.910000E+37,+1.887939E+02,+3.584400E+04,+2.744778E-01,+1.000000E-05,+9.910000E+37,+1.888613E+02,+3.584400E+04,+2.730205E-01,+1.000000E-05,+9.910000E+37,+1.889268E+02,+3.584400E+04,-4.286149E+00,+0.000000E+00,+9.910000E+37,+1.889932E+02,+3.584400E+04
14:27:15,0e0,+2.636406E-01,+1.056500E-05,+9.910000E+37,+1.892148E+02,+3.584400E+04,+2.650985E-01,+1.056500E-05,+9.910000E+37,+1.892822E+02,+3.584400E+04,+2.637777E-01,+1.056500E-05,+9.910000E+37,+1.893477E+02,+3.584400E+04,+6.334639E-02,+0.000000E+00,+9.910000E+37,+1.894150E+02,+3.584400E+04
14:27:15,0e0,+2.654170E-01,+1.116000E-05,+9.910000E+37,+1.896338E+02,+3.584400E+04,+2.666919E-01,+1.116000E-05,+9.910000E+37,+1.896992E+02,+3.584400E+04,+2.662820E-01,+1.116000E-05,+9.910000E+37,+1.897656E+02,+3.584400E+04,+6.134295E-02,+0.000000E+00,+9.910000E+37,+1.898320E+02,+3.584400E+04
14:27:15,0e0,+2.674658E-01,+1.179000E-05,+9.910000E+37,+1.900527E+02,+3.584400E+04,+2.671919E-01,+1.179000E-05,+9.910000E+37,+1.901201E+02,+3.584400E+04,+2.691503E-01,+1.179000E-05,+9.910000E+37,+1.901855E+02,+3.584400E+04,+6.448466E-02,+0.000000E+00,+9.910000E+37,+1.902529E+02,+3.584400E+04
14:27:15,0e0,+2.694234E-01,+1.245000E-05,+9.910000E+37,+1.904668E+02,+3.584400E+04,+2.710632E-01,+1.245000E-05,+9.910000E+37,+1.905342E+02,+3.584400E+04,+2.700157E-01,+1.245000E-05,+9.910000E+37,+1.905996E+02,+3.584400E+04,+6.589627E-02,+0.000000E+00,+9.910000E+37,+1.906689E+02,+3.584400E+04
14:27:15,0e0,+2.716087E-01,+1.315500E-05,+9.910000E+37,+1.908887E+02,+3.584400E+04,+2.718364E-01,+1.315500E-05,+9.910000E+37,+1.909561E+02,+3.584400E+04,+2.719736E-01,+1.315500E-05,+9.910000E+37,+1.910215E+02,+3.584400E+04,+6.530449E-02,+0.000000E+00,+9.910000E+37,+1.910908E+02,+3.584400E+04
14:27:15,0e0,+2.743410E-01,+1.389500E-05,+9.910000E+37,+1.913027E+02,+3.584400E+04,+2.738401E-01,+1.389500E-05,+9.910000E+37,+1.913691E+02,+3.584400E+04,+2.734759E-01,+1.389500E-05,+9.910000E+37,+1.914365E+02,+3.584400E+04,+6.671607E-02,+0.000000E+00,+9.910000E+37,+1.915020E+02,+3.584400E+04
14:27:15,0e0,+2.768909E-01,+1.468000E-05,+9.910000E+37,+1.917139E+02,+3.584400E+04,+2.772098E-01,+1.468000E-05,+9.910000E+37,+1.917812E+02,+3.584400E+04,+2.750243E-01,+1.468000E-05,+9.910000E+37,+1.918467E+02,+3.584400E+04,+6.475818E-02,+0.000000E+00,+9.910000E+37,+1.919131E+02,+3.584400E+04
14:27:15,0e0,+2.778471E-01,+1.550500E-05,+9.910000E+37,+1.921309E+02,+3.584400E+04,+2.759796E-01,+1.550500E-05,+9.910000E+37,+1.921963E+02,+3.584400E+04,+2.778015E-01,+1.550500E-05,+9.910000E+37,+1.922637E+02,+3.584400E+04,+6.375605E-02,+0.000000E+00,+9.910000E+37,+1.923311E+02,+3.584400E+04
14:27:15,0e0,+2.789398E-01,+1.638000E-05,+9.910000E+37,+1.925459E+02,+3.584400E+04,+2.796680E-01,+1.638000E-05,+9.910000E+37,+1.926123E+02,+3.584400E+04,+2.792582E-01,+1.638000E-05,+9.910000E+37,+1.926797E+02,+3.584400E+04,+6.448489E-02,+0.000000E+00,+9.910000E+37,+1.927451E+02,+3.584400E+04
14:27:15,0e0,+2.813529E-01,+1.730000E-05,+9.910000E+37,+1.929609E+02,+3.584400E+04,+2.813985E-01,+1.730000E-05,+9.910000E+37,+1.930264E+02,+3.584400E+04,+2.808976E-01,+1.730000E-05,+9.910000E+37,+1.930938E+02,+3.584400E+04,+6.425714E-02,+0.000000E+00,+9.910000E+37,+1.931592E+02,+3.584400E+04
14:27:15,0e0,+2.845404E-01,+1.827500E-05,+9.910000E+37,+1.933770E+02,+3.584400E+04,+2.831285E-01,+1.827500E-05,+9.910000E+37,+1.934443E+02,+3.584400E+04,+2.838573E-01,+1.827500E-05,+9.910000E+37,+1.935098E+02,+3.584400E+04,+6.056914E-02,+0.000000E+00,+9.910000E+37,+1.935791E+02,+3.584400E+04
14:27:15,0e0,+2.853597E-01,+1.930500E-05,+9.910000E+37,+1.937920E+02,+3.584400E+04,+2.855426E-01,+1.930500E-05,+9.910000E+37,+1.938574E+02,+3.584400E+04,+2.865887E-01,+1.930500E-05,+9.910000E+37,+1.939238E+02,+3.584400E+04,+6.239042E-02,+0.000000E+00,+9.910000E+37,+1.939912E+02,+3.584400E+04
14:27:15,0e0,+2.871348E-01,+2.039500E-05,+9.910000E+37,+1.942041E+02,+3.584400E+04,+2.875909E-01,+2.039500E-05,+9.910000E+37,+1.942695E+02,+3.584400E+04,+2.880914E-01,+2.039500E-05,+9.910000E+37,+1.943359E+02,+3.584400E+04,+6.202585E-02,+0.000000E+00,+9.910000E+37,+1.944023E+02,+3.584400E+04
14:27:15,0e0,+2.896397E-01,+2.154500E-05,+9.910000E+37,+1.946201E+02,+3.584400E+04,+2.902316E-01,+2.154500E-05,+9.910000E+37,+1.946855E+02,+3.584400E+04,+2.886829E-01,+2.154500E-05,+9.910000E+37,+1.947520E+02,+3.584400E+04,+6.257251E-02,+0.000000E+00,+9.910000E+37,+1.948193E+02,+3.584400E+04
14:27:15,0e0,+2.914152E-01,+2.276000E-05,+9.910000E+37,+1.950322E+02,+3.584400E+04,+2.915066E-01,+2.276000E-05,+9.910000E+37,+1.950986E+02,+3.584400E+04,+2.916432E-01,+2.276000E-05,+9.910000E+37,+1.951650E+02,+3.584400E+04,+6.266347E-02,+0.000000E+00,+9.910000E+37,+1.952314E+02,+3.584400E+04
14:27:15,0e0,+2.930085E-01,+2.404000E-05,+9.910000E+37,+1.954492E+02,+3.584400E+04,+2.938288E-01,+2.404000E-05,+9.910000E+37,+1.955146E+02,+3.584400E+04,+2.940564E-01,+2.404000E-05,+9.910000E+37,+1.955811E+02,+3.584400E+04,+6.152493E-02,+0.000000E+00,+9.910000E+37,+1.956484E+02,+3.584400E+04
14:27:15,0e0,+2.962874E-01,+2.539500E-05,+9.910000E+37,+1.958623E+02,+3.584400E+04,+2.959682E-01,+2.539500E-05,+9.910000E+37,+1.959297E+02,+3.584400E+04,+2.961507E-01,+2.539500E-05,+9.910000E+37,+1.959951E+02,+3.584400E+04,+6.198058E-02,+0.000000E+00,+9.910000E+37,+1.960645E+02,+3.584400E+04
14:27:15,0e0,+2.974709E-01,+2.682500E-05,+9.910000E+37,+1.962832E+02,+3.584400E+04,+2.978803E-01,+2.682500E-05,+9.910000E+37,+1.963496E+02,+3.584400E+04,+2.985184E-01,+2.682500E-05,+9.910000E+37,+1.964170E+02,+3.584400E+04,+6.257230E-02,+0.000000E+00,+9.910000E+37,+1.964844E+02,+3.584400E+04
14:27:15,0e0,+3.007494E-01,+2.834000E-05,+9.910000E+37,+1.967041E+02,+3.584400E+04,+3.004762E-01,+2.834000E-05,+9.910000E+37,+1.967705E+02,+3.584400E+04,+3.000664E-01,+2.834000E-05,+9.910000E+37,+1.968369E+02,+3.584400E+04,+6.498575E-02,+0.000000E+00,+9.910000E+37,+1.969033E+02,+3.584400E+04
14:27:15,0e0,+3.027982E-01,+2.993500E-05,+9.910000E+37,+1.971240E+02,+3.584400E+04,+3.043464E-01,+2.993500E-05,+9.910000E+37,+1.971904E+02,+3.584400E+04,+3.025702E-01,+2.993500E-05,+9.910000E+37,+1.972578E+02,+3.584400E+04,+6.102449E-02,+0.000000E+00,+9.910000E+37,+1.973262E+02,+3.584400E+04
14:27:15,0e0,+3.050292E-01,+3.162500E-05,+9.910000E+37,+1.975410E+02,+3.584400E+04,+3.044824E-01,+3.162500E-05,+9.910000E+37,+1.976064E+02,+3.584400E+04,+3.048015E-01,+3.162500E-05,+9.910000E+37,+1.976738E+02,+3.584400E+04,+6.193474E-02,+0.000000E+00,+9.910000E+37,+1.977393E+02,+3.584400E+04
14:27:15,0e0,+3.076247E-01,+3.340500E-05,+9.910000E+37,+1.979521E+02,+3.584400E+04,+3.066227E-01,+3.340500E-05,+9.910000E+37,+1.980176E+02,+3.584400E+04,+3.068507E-01,+3.340500E-05,+9.910000E+37,+1.980850E+02,+3.584400E+04,+6.311855E-02,+0.000000E+00,+9.910000E+37,+1.981504E+02,+3.584400E+04
14:27:15,0e0,+3.077158E-01,+3.528500E-05,+9.910000E+37,+1.983672E+02,+3.584400E+04,+3.093091E-01,+3.528500E-05,+9.910000E+37,+1.984336E+02,+3.584400E+04,+3.096738E-01,+3.528500E-05,+9.910000E+37,+1.985000E+02,+3.584400E+04,+6.375614E-02,+0.000000E+00,+9.910000E+37,+1.985664E+02,+3.584400E+04
14:27:15,0e0,+3.116313E-01,+3.727500E-05,+9.910000E+37,+1.987832E+02,+3.584400E+04,+3.116313E-01,+3.727500E-05,+9.910000E+37,+1.988496E+02,+3.584400E+04,+3.099916E-01,+3.727500E-05,+9.910000E+37,+1.989160E+02,+3.584400E+04,+6.548643E-02,+0.000000E+00,+9.910000E+37,+1.989824E+02,+3.584400E+04
14:27:15,0e0,+3.144999E-01,+3.937500E-05,+9.910000E+37,+1.991982E+02,+3.584400E+04,+3.149095E-01,+3.937500E-05,+9.910000E+37,+1.992637E+02,+3.584400E+04,+3.140900E-01,+3.937500E-05,+9.910000E+37,+1.993301E+02,+3.584400E+04,+6.498551E-02,+0.000000E+00,+9.910000E+37,+1.993955E+02,+3.584400E+04
14:27:15,0e0,+3.166860E-01,+4.159500E-05,+9.910000E+37,+1.996172E+02,+3.584400E+04,+3.159112E-01,+4.159500E-05,+9.910000E+37,+1.996836E+02,+3.584400E+04,+3.165028E-01,+4.159500E-05,+9.910000E+37,+1.997500E+02,+3.584400E+04,+6.462142E-02,+0.000000E+00,+9.910000E+37,+1.998193E+02,+3.584400E+04
14:27:15,0e0,+3.197358E-01,+4.394000E-05,+9.910000E+37,+2.000391E+02,+3.584400E+04,+3.179144E-01,+4.394000E-05,+9.910000E+37,+2.001055E+02,+3.584400E+04,+3.186426E-01,+4.394000E-05,+9.910000E+37,+2.001709E+02,+3.584400E+04,+4.445058E-02,+0.000000E+00,+9.910000E+37,+2.002393E+02,+3.584400E+04
14:27:15,0e0,+3.216485E-01,+4.641500E-05,+9.910000E+37,+2.004590E+02,+3.584400E+04,+3.205095E-01,+4.641500E-05,+9.910000E+37,+2.005254E+02,+3.584400E+04,+3.214204E-01,+4.641500E-05,+9.910000E+37,+2.005928E+02,+3.584400E+04,-3.964667E-02,+0.000000E+00,+9.910000E+37,+2.006611E+02,+3.584400E+04
14:27:15,0e0,+3.241069E-01,+4.903000E-05,+9.910000E+37,+2.008809E+02,+3.584400E+04,+3.233325E-01,+4.903000E-05,+9.910000E+37,+2.009482E+02,+3.584400E+04,+3.236061E-01,+4.903000E-05,+9.910000E+37,+2.010137E+02,+3.584400E+04,-1.692756E-01,+0.000000E+00,+9.910000E+37,+2.010820E+02,+3.584400E+04
14:27:15,0e0,+3.264746E-01,+5.179500E-05,+9.910000E+37,+2.013018E+02,+3.584400E+04,+3.249261E-01,+5.179500E-05,+9.910000E+37,+2.013682E+02,+3.584400E+04,+3.272486E-01,+5.179500E-05,+9.910000E+37,+2.014336E+02,+3.584400E+04,-3.327869E-01,+0.000000E+00,+9.910000E+37,+2.015029E+02,+3.584400E+04
14:27:15,0e0,+3.295246E-01,+5.471500E-05,+9.910000E+37,+2.017227E+02,+3.584400E+04,+3.290701E-01,+5.471500E-05,+9.910000E+37,+2.017881E+02,+3.584400E+04,+3.286609E-01,+5.471500E-05,+9.910000E+37,+2.018545E+02,+3.584400E+04,-5.043154E-01,+0.000000E+00,+9.910000E+37,+2.019238E+02,+3.584400E+04
14:27:15,0e0,+3.320751E-01,+5.779500E-05,+9.910000E+37,+2.021445E+02,+3.584400E+04,+3.305264E-01,+5.779500E-05,+9.910000E+37,+2.022109E+02,+3.584400E+04,+3.314826E-01,+5.779500E-05,+9.910000E+37,+2.022773E+02,+3.584400E+04,-7.059430E-01,+0.000000E+00,+9.910000E+37,+2.023496E+02,+3.584400E+04
14:27:15,0e0,+3.338505E-01,+6.105500E-05,+9.910000E+37,+2.025703E+02,+3.584400E+04,+3.338961E-01,+6.105500E-05,+9.910000E+37,+2.026377E+02,+3.584400E+04,+3.336228E-01,+6.105500E-05,+9.910000E+37,+2.027041E+02,+3.584400E+04,-9.257836E-01,+0.000000E+00,+9.910000E+37,+2.027734E+02,+3.584400E+04
14:27:15,0e0,+3.369010E-01,+6.449500E-05,+9.910000E+37,+2.029941E+02,+3.584400E+04,+3.364912E-01,+6.449500E-05,+9.910000E+37,+2.030605E+02,+3.584400E+04,+3.360357E-01,+6.449500E-05,+9.910000E+37,+2.031279E+02,+3.584400E+04,-1.123769E+00,+0.000000E+00,+9.910000E+37,+2.031953E+02,+3.584400E+04
14:27:15,0e0,+3.398151E-01,+6.813000E-05,+9.910000E+37,+2.034150E+02,+3.584400E+04,+3.391321E-01,+6.813000E-05,+9.910000E+37,+2.034814E+02,+3.584400E+04,+3.392686E-01,+6.813000E-05,+9.910000E+37,+2.035469E+02,+3.584400E+04,-1.364827E+00,+0.000000E+00,+9.910000E+37,+2.036172E+02,+3.584400E+04
14:27:15,0e0,+3.437308E-01,+7.197000E-05,+9.910000E+37,+2.038350E+02,+3.584400E+04,+3.427749E-01,+7.197000E-05,+9.910000E+37,+2.039014E+02,+3.584400E+04,+3.412718E-01,+7.197000E-05,+9.910000E+37,+2.039687E+02,+3.584400E+04,-1.608075E+00,+0.000000E+00,+9.910000E+37,+2.040400E+02,+3.584400E+04
14:27:15,0e0,+3.438668E-01,+7.602500E-05,+9.910000E+37,+2.042529E+02,+3.584400E+04,+3.445958E-01,+7.602500E-05,+9.910000E+37,+2.043193E+02,+3.584400E+04,+3.455521E-01,+7.602500E-05,+9.910000E+37,+2.043867E+02,+3.584400E+04,-1.874315E+00,+0.000000E+00,+9.910000E+37,+2.044521E+02,+3.584400E+04
14:27:15,0e0,+3.475102E-01,+8.031000E-05,+9.910000E+37,+2.046670E+02,+3.584400E+04,+3.476921E-01,+8.031000E-05,+9.910000E+37,+2.047334E+02,+3.584400E+04,+3.476461E-01,+8.031000E-05,+9.910000E+37,+2.048008E+02,+3.584400E+04,-2.155447E+00,+0.000000E+00,+9.910000E+37,+2.048662E+02,+3.584400E+04
14:27:15,0e0,+3.496046E-01,+8.483500E-05,+9.910000E+37,+2.050820E+02,+3.584400E+04,+3.510611E-01,+8.483500E-05,+9.910000E+37,+2.051494E+02,+3.584400E+04,+3.513345E-01,+8.483500E-05,+9.910000E+37,+2.052148E+02,+3.584400E+04,-2.437121E+00,+0.000000E+00,+9.910000E+37,+2.052812E+02,+3.584400E+04
14:27:15,0e0,+3.540657E-01,+8.961500E-05,+9.910000E+37,+2.054990E+02,+3.584400E+04,+3.537933E-01,+8.961500E-05,+9.910000E+37,+2.055645E+02,+3.584400E+04,+3.536114E-01,+8.961500E-05,+9.910000E+37,+2.056318E+02,+3.584400E+04,-2.750310E+00,+0.000000E+00,+9.910000E+37,+2.056973E+02,+3.584400E+04
14:27:15,0e0,+3.570263E-01,+9.466500E-05,+9.910000E+37,+2.059131E+02,+3.584400E+04,+3.559789E-01,+9.466500E-05,+9.910000E+37,+2.059805E+02,+3.584400E+04,+3.555686E-01,+9.466500E-05,+9.910000E+37,+2.060459E+02,+3.584400E+04,-3.105798E+00,+0.000000E+00,+9.910000E+37,+2.061123E+02,+3.584400E+04
14:27:15,0e0,+3.608053E-01,+1.000000E-04,+9.910000E+37,+2.063281E+02,+3.584400E+04,+3.590747E-01,+1.000000E-04,+9.910000E+37,+2.063955E+02,+3.584400E+04,+3.600770E-01,+1.000000E-04,+9.910000E+37,+2.064609E+02,+3.584400E+04,-3.514781E+00,+0.000000E+00,+9.910000E+37,+2.065303E+02,+3.584400E+04
14:27:15,0e0,+3.524729E-01,+1.056500E-04,+9.910000E+37,+2.067549E+02,+3.584400E+04,+3.518351E-01,+1.056500E-04,+9.910000E+37,+2.068203E+02,+3.584400E+04,+3.515168E-01,+1.056500E-04,+9.910000E+37,+2.068867E+02,+3.584400E+04,-2.063384E-01,+0.000000E+00,+9.910000E+37,+2.069541E+02,+3.584400E+04
14:27:15,0e0,+3.533829E-01,+1.116000E-04,+9.910000E+37,+2.071797E+02,+3.584400E+04,+3.541576E-01,+1.116000E-04,+9.910000E+37,+2.072461E+02,+3.584400E+04,+3.554781E-01,+1.116000E-04,+9.910000E+37,+2.073135E+02,+3.584400E+04,-2.137146E-01,+0.000000E+00,+9.910000E+37,+2.073789E+02,+3.584400E+04
14:27:15,0e0,+3.587108E-01,+1.179000E-04,+9.910000E+37,+2.076006E+02,+3.584400E+04,+3.562517E-01,+1.179000E-04,+9.910000E+37,+2.076680E+02,+3.584400E+04,+3.574359E-01,+1.179000E-04,+9.910000E+37,+2.077344E+02,+3.584400E+04,-2.109371E-01,+0.000000E+00,+9.910000E+37,+2.078008E+02,+3.584400E+04
14:27:15,0e0,+3.587096E-01,+1.245000E-04,+9.910000E+37,+2.080234E+02,+3.584400E+04,+3.600314E-01,+1.245000E-04,+9.910000E+37,+2.080908E+02,+3.584400E+04,+3.603501E-01,+1.245000E-04,+9.910000E+37,+2.081562E+02,+3.584400E+04,-2.162188E-01,+0.000000E+00,+9.910000E+37,+2.082227E+02,+3.584400E+04
14:27:15,0e0,+3.633998E-01,+1.315500E-04,+9.910000E+37,+2.084492E+02,+3.584400E+04,+3.615338E-01,+1.315500E-04,+9.910000E+37,+2.085166E+02,+3.584400E+04,+3.615786E-01,+1.315500E-04,+9.910000E+37,+2.085830E+02,+3.584400E+04,-2.145341E-01,+0.000000E+00,+9.910000E+37,+2.086504E+02,+3.584400E+04
14:27:15,0e0,+3.658140E-01,+1.389500E-04,+9.910000E+37,+2.088711E+02,+3.584400E+04,+3.646295E-01,+1.389500E-04,+9.910000E+37,+2.089385E+02,+3.584400E+04,+3.650851E-01,+1.389500E-04,+9.910000E+37,+2.090049E+02,+3.584400E+04,-2.070214E-01,+0.000000E+00,+9.910000E+37,+2.090723E+02,+3.584400E+04
14:27:15,0e0,+3.677709E-01,+1.468000E-04,+9.910000E+37,+2.092939E+02,+3.584400E+04,+3.674983E-01,+1.468000E-04,+9.910000E+37,+2.093594E+02,+3.584400E+04,+3.673615E-01,+1.468000E-04,+9.910000E+37,+2.094268E+02,+3.584400E+04,-2.102086E-01,+0.000000E+00,+9.910000E+37,+2.094922E+02,+3.584400E+04
14:27:15,0e0,+3.702296E-01,+1.550500E-04,+9.910000E+37,+2.097158E+02,+3.584400E+04,+3.699105E-01,+1.550500E-04,+9.910000E+37,+2.097822E+02,+3.584400E+04,+3.704574E-01,+1.550500E-04,+9.910000E+37,+2.098486E+02,+3.584400E+04,-2.043806E-01,+0.000000E+00,+9.910000E+37,+2.099150E+02,+3.584400E+04
14:27:15,0e0,+3.739181E-01,+1.638000E-04,+9.910000E+37,+2.101348E+02,+3.584400E+04,+3.735539E-01,+1.638000E-04,+9.910000E+37,+2.102002E+02,+3.584400E+04,+3.723696E-01,+1.638000E-04,+9.910000E+37,+2.102676E+02,+3.584400E+04,-2.180401E-01,+0.000000E+00,+9.910000E+37,+2.103350E+02,+3.584400E+04
14:27:15,0e0,+3.765590E-01,+1.730000E-04,+9.910000E+37,+2.105605E+02,+3.584400E+04,+3.758755E-01,+1.730000E-04,+9.910000E+37,+2.106270E+02,+3.584400E+04,+3.752833E-01,+1.730000E-04,+9.910000E+37,+2.106943E+02,+3.584400E+04,-2.135780E-01,+0.000000E+00,+9.910000E+37,+2.107598E+02,+3.584400E+04
14:27:15,0e0,+3.788356E-01,+1.827500E-04,+9.910000E+37,+2.109824E+02,+3.584400E+04,+3.796552E-01,+1.827500E-04,+9.910000E+37,+2.110479E+02,+3.584400E+04,+3.783346E-01,+1.827500E-04,+9.910000E+37,+2.111143E+02,+3.584400E+04,-2.148984E-01,+0.000000E+00,+9.910000E+37,+2.111807E+02,+3.584400E+04
14:27:15,0e0,+3.822504E-01,+1.930500E-04,+9.910000E+37,+2.114004E+02,+3.584400E+04,+3.822045E-01,+1.930500E-04,+9.910000E+37,+2.114658E+02,+3.584400E+04,+3.821136E-01,+1.930500E-04,+9.910000E+37,+2.115332E+02,+3.584400E+04,-2.112103E-01,+0.000000E+00,+9.910000E+37,+2.115996E+02,+3.584400E+04
14:27:15,0e0,+3.849367E-01,+2.039500E-04,+9.910000E+37,+2.118271E+02,+3.584400E+04,+3.850732E-01,+2.039500E-04,+9.910000E+37,+2.118926E+02,+3.584400E+04,+3.849823E-01,+2.039500E-04,+9.910000E+37,+2.119590E+02,+3.584400E+04,-2.143520E-01,+0.000000E+00,+9.910000E+37,+2.120264E+02,+3.584400E+04
14:27:15,0e0,+3.871213E-01,+2.154500E-04,+9.910000E+37,+2.122490E+02,+3.584400E+04,+3.874399E-01,+2.154500E-04,+9.910000E+37,+2.123154E+02,+3.584400E+04,+3.878506E-01,+2.154500E-04,+9.910000E+37,+2.123818E+02,+3.584400E+04,-2.154903E-01,+0.000000E+00,+9.910000E+37,+2.124482E+02,+3.584400E+04
14:27:15,0e0,+3.918121E-01,+2.276000E-04,+9.910000E+37,+2.126699E+02,+3.584400E+04,+3.915846E-01,+2.276000E-04,+9.910000E+37,+2.127354E+02,+3.584400E+04,+3.912662E-01,+2.276000E-04,+9.910000E+37,+2.128027E+02,+3.584400E+04,-2.088882E-01,+0.000000E+00,+9.910000E+37,+2.128682E+02,+3.584400E+04
14:27:15,0e0,+3.940424E-01,+2.404000E-04,+9.910000E+37,+2.130898E+02,+3.584400E+04,+3.946802E-01,+2.404000E-04,+9.910000E+37,+2.131553E+02,+3.584400E+04,+3.933139E-01,+2.404000E-04,+9.910000E+37,+2.132217E+02,+3.584400E+04,-2.130771E-01,+0.000000E+00,+9.910000E+37,+2.132881E+02,+3.584400E+04
14:27:15,0e0,+3.985961E-01,+2.539500E-04,+9.910000E+37,+2.135107E+02,+3.584400E+04,+3.981860E-01,+2.539500E-04,+9.910000E+37,+2.135781E+02,+3.584400E+04,+3.964104E-01,+2.539500E-04,+9.910000E+37,+2.136436E+02,+3.584400E+04,-2.090703E-01,+0.000000E+00,+9.910000E+37,+2.137109E+02,+3.584400E+04
14:27:15,0e0,+4.015099E-01,+2.682500E-04,+9.910000E+37,+2.139365E+02,+3.584400E+04,+4.010554E-01,+2.682500E-04,+9.910000E+37,+2.140039E+02,+3.584400E+04,+4.000063E-01,+2.682500E-04,+9.910000E+37,+2.140693E+02,+3.584400E+04,-2.145797E-01,+0.000000E+00,+9.910000E+37,+2.141367E+02,+3.584400E+04
14:27:15,0e0,+4.030122E-01,+2.834000E-04,+9.910000E+37,+2.143584E+02,+3.584400E+04,+4.046972E-01,+2.834000E-04,+9.910000E+37,+2.144248E+02,+3.584400E+04,+4.047437E-01,+2.834000E-04,+9.910000E+37,+2.144922E+02,+3.584400E+04,-2.094801E-01,+0.000000E+00,+9.910000E+37,+2.145576E+02,+3.584400E+04
14:27:15,0e0,+4.069279E-01,+2.993500E-04,+9.910000E+37,+2.147793E+02,+3.584400E+04,+4.071095E-01,+2.993500E-04,+9.910000E+37,+2.148457E+02,+3.584400E+04,+4.079766E-01,+2.993500E-04,+9.910000E+37,+2.149131E+02,+3.584400E+04,-2.197703E-01,+0.000000E+00,+9.910000E+37,+2.149785E+02,+3.584400E+04
14:27:15,0e0,+4.112083E-01,+3.162500E-04,+9.910000E+37,+2.152002E+02,+3.584400E+04,+4.093401E-01,+3.162500E-04,+9.910000E+37,+2.152666E+02,+3.584400E+04,+4.111178E-01,+3.162500E-04,+9.910000E+37,+2.153330E+02,+3.584400E+04,-2.092069E-01,+0.000000E+00,+9.910000E+37,+2.153984E+02,+3.584400E+04
14:27:15,0e0,+4.143490E-01,+3.340500E-04,+9.910000E+37,+2.156221E+02,+3.584400E+04,+4.145769E-01,+3.340500E-04,+9.910000E+37,+2.156895E+02,+3.584400E+04,+4.143049E-01,+3.340500E-04,+9.910000E+37,+2.157549E+02,+3.584400E+04,-2.141699E-01,+0.000000E+00,+9.910000E+37,+2.158213E+02,+3.584400E+04
14:27:15,0e0,+4.178558E-01,+3.528500E-04,+9.910000E+37,+2.160479E+02,+3.584400E+04,+4.181741E-01,+3.528500E-04,+9.910000E+37,+2.161152E+02,+3.584400E+04,+4.175817E-01,+3.528500E-04,+9.910000E+37,+2.161816E+02,+3.584400E+04,-2.152171E-01,+0.000000E+00,+9.910000E+37,+2.162490E+02,+3.584400E+04
14:27:15,0e0,+4.210896E-01,+3.727500E-04,+9.910000E+37,+2.164687E+02,+3.584400E+04,+4.208148E-01,+3.727500E-04,+9.910000E+37,+2.165361E+02,+3.584400E+04,+4.205877E-01,+3.727500E-04,+9.910000E+37,+2.166025E+02,+3.584400E+04,-2.110282E-01,+0.000000E+00,+9.910000E+37,+2.166699E+02,+3.584400E+04
14:27:15,0e0,+4.254134E-01,+3.937500E-04,+9.910000E+37,+2.168906E+02,+3.584400E+04,+4.250952E-01,+3.937500E-04,+9.910000E+37,+2.169580E+02,+3.584400E+04,+4.251862E-01,+3.937500E-04,+9.910000E+37,+2.170244E+02,+3.584400E+04,-2.147618E-01,+0.000000E+00,+9.910000E+37,+2.170918E+02,+3.584400E+04
14:27:15,0e0,+4.287380E-01,+4.159500E-04,+9.910000E+37,+2.173193E+02,+3.584400E+04,+4.278274E-01,+4.159500E-04,+9.910000E+37,+2.173848E+02,+3.584400E+04,+4.289662E-01,+4.159500E-04,+9.910000E+37,+2.174521E+02,+3.584400E+04,-2.100265E-01,+0.000000E+00,+9.910000E+37,+2.175176E+02,+3.584400E+04
14:27:15,0e0,+4.325172E-01,+4.394000E-04,+9.910000E+37,+2.177402E+02,+3.584400E+04,+4.316973E-01,+4.394000E-04,+9.910000E+37,+2.178057E+02,+3.584400E+04,+4.323350E-01,+4.394000E-04,+9.910000E+37,+2.178730E+02,+3.584400E+04,-2.103907E-01,+0.000000E+00,+9.910000E+37,+2.179395E+02,+3.584400E+04
14:27:15,0e0,+4.354305E-01,+4.641500E-04,+9.910000E+37,+2.181611E+02,+3.584400E+04,+4.346108E-01,+4.641500E-04,+9.910000E+37,+2.182266E+02,+3.584400E+04,+4.368879E-01,+4.641500E-04,+9.910000E+37,+2.182949E+02,+3.584400E+04,-2.843381E-01,+0.000000E+00,+9.910000E+37,+2.183662E+02,+3.584400E+04
14:27:15,0e0,+4.390747E-01,+4.903000E-04,+9.910000E+37,+2.185918E+02,+3.584400E+04,+4.394848E-01,+4.903000E-04,+9.910000E+37,+2.186592E+02,+3.584400E+04,+4.403936E-01,+4.903000E-04,+9.910000E+37,+2.187256E+02,+3.584400E+04,-2.180401E-01,+0.000000E+00,+9.910000E+37,+2.187930E+02,+3.584400E+04
14:27:15,0e0,+4.427150E-01,+5.179500E-04,+9.910000E+37,+2.190186E+02,+3.584400E+04,+4.425334E-01,+5.179500E-04,+9.910000E+37,+2.190859E+02,+3.584400E+04,+4.418957E-01,+5.179500E-04,+9.910000E+37,+2.191523E+02,+3.584400E+04,-2.104363E-01,+0.000000E+00,+9.910000E+37,+2.192197E+02,+3.584400E+04
14:27:15,0e0,+4.474518E-01,+5.471500E-04,+9.910000E+37,+2.194424E+02,+3.584400E+04,+4.470869E-01,+5.471500E-04,+9.910000E+37,+2.195078E+02,+3.584400E+04,+4.468587E-01,+5.471500E-04,+9.910000E+37,+2.195742E+02,+3.584400E+04,-2.062019E-01,+0.000000E+00,+9.910000E+37,+2.196416E+02,+3.584400E+04
14:27:15,0e0,+4.515949E-01,+5.779500E-04,+9.910000E+37,+2.198613E+02,+3.584400E+04,+4.500461E-01,+5.779500E-04,+9.910000E+37,+2.199277E+02,+3.584400E+04,+4.513217E-01,+5.779500E-04,+9.910000E+37,+2.199941E+02,+3.584400E+04,-2.103908E-01,+0.000000E+00,+9.910000E+37,+2.200605E+02,+3.584400E+04
14:27:15,0e0,+4.552373E-01,+6.105500E-04,+9.910000E+37,+2.202812E+02,+3.584400E+04,+4.541438E-01,+6.105500E-04,+9.910000E+37,+2.203486E+02,+3.584400E+04,+4.551915E-01,+6.105500E-04,+9.910000E+37,+2.204141E+02,+3.584400E+04,-2.162188E-01,+0.000000E+00,+9.910000E+37,+2.204795E+02,+3.584400E+04
14:27:15,0e0,+4.595166E-01,+6.449500E-04,+9.910000E+37,+2.207031E+02,+3.584400E+04,+4.596081E-01,+6.449500E-04,+9.910000E+37,+2.207705E+02,+3.584400E+04,+4.603826E-01,+6.449500E-04,+9.910000E+37,+2.208359E+02,+3.584400E+04,-2.179490E-01,+0.000000E+00,+9.910000E+37,+2.209033E+02,+3.584400E+04
14:27:15,0e0,+4.642981E-01,+6.813000E-04,+9.910000E+37,+2.211260E+02,+3.584400E+04,+4.657562E-01,+6.813000E-04,+9.910000E+37,+2.211914E+02,+3.584400E+04,+4.636151E-01,+6.813000E-04,+9.910000E+37,+2.212588E+02,+3.584400E+04,-2.152171E-01,+0.000000E+00,+9.910000E+37,+2.213252E+02,+3.584400E+04
14:27:15,0e0,+4.678484E-01,+7.197000E-04,+9.910000E+37,+2.215508E+02,+3.584400E+04,+4.678043E-01,+7.197000E-04,+9.910000E+37,+2.216162E+02,+3.584400E+04,+4.673933E-01,+7.197000E-04,+9.910000E+37,+2.216826E+02,+3.584400E+04,-2.229120E-01,+0.000000E+00,+9.910000E+37,+2.217490E+02,+3.584400E+04
14:27:15,0e0,+4.730857E-01,+7.602500E-04,+9.910000E+37,+2.219707E+02,+3.584400E+04,+4.720834E-01,+7.602500E-04,+9.910000E+37,+2.220361E+02,+3.584400E+04,+4.746793E-01,+7.602500E-04,+9.910000E+37,+2.221035E+02,+3.584400E+04,-2.117112E-01,+0.000000E+00,+9.910000E+37,+2.221689E+02,+3.584400E+04
14:27:15,0e0,+4.785494E-01,+8.031000E-04,+9.910000E+37,+2.223916E+02,+3.584400E+04,+4.773195E-01,+8.031000E-04,+9.910000E+37,+2.224590E+02,+3.584400E+04,+4.782319E-01,+8.031000E-04,+9.910000E+37,+2.225264E+02,+3.584400E+04,-2.179946E-01,+0.000000E+00,+9.910000E+37,+2.225928E+02,+3.584400E+04
14:27:15,0e0,+4.823295E-01,+8.483500E-04,+9.910000E+37,+2.228184E+02,+3.584400E+04,+4.831034E-01,+8.483500E-04,+9.910000E+37,+2.228857E+02,+3.584400E+04,+4.811890E-01,+8.483500E-04,+9.910000E+37,+2.229531E+02,+3.584400E+04,-2.185865E-01,+0.000000E+00,+9.910000E+37,+2.230186E+02,+3.584400E+04
14:27:15,0e0,+4.874744E-01,+8.961500E-04,+9.910000E+37,+2.232383E+02,+3.584400E+04,+4.863352E-01,+8.961500E-04,+9.910000E+37,+2.233057E+02,+3.584400E+04,+4.877920E-01,+8.961500E-04,+9.910000E+37,+2.233711E+02,+3.584400E+04,-2.292413E-01,+0.000000E+00,+9.910000E+37,+2.234385E+02,+3.584400E+04
14:27:15,0e0,+4.918909E-01,+9.466500E-04,+9.910000E+37,+2.236602E+02,+3.584400E+04,+4.915715E-01,+9.466500E-04,+9.910000E+37,+2.237275E+02,+3.584400E+04,+4.917993E-01,+9.466500E-04,+9.910000E+37,+2.237930E+02,+3.584400E+04,-2.838372E-01,+0.000000E+00,+9.910000E+37,+2.238604E+02,+3.584400E+04
14:27:15,0e0,+4.958509E-01,+1.000000E-03,+9.910000E+37,+2.240801E+02,+3.584400E+04,+4.961239E-01,+1.000000E-03,+9.910000E+37,+2.241465E+02,+3.584400E+04,+4.960783E-01,+1.000000E-03,+9.910000E+37,+2.242129E+02,+3.584400E+04,-4.174353E-01,+0.000000E+00,+9.910000E+37,+2.242803E+02,+3.584400E+04
14:27:15,0e0,+4.903421E-01,+1.056500E-03,+9.910000E+37,+2.245039E+02,+3.584400E+04,+4.903873E-01,+1.056500E-03,+9.910000E+37,+2.245703E+02,+3.584400E+04,+4.898863E-01,+1.056500E-03,+9.910000E+37,+2.246377E+02,+3.584400E+04,-1.383450E+00,+0.000000E+00,+9.910000E+37,+2.247031E+02,+3.584400E+04
14:27:15,0e0,+4.949405E-01,+1.116000E-03,+9.910000E+37,+2.249258E+02,+3.584400E+04,+4.945310E-01,+1.116000E-03,+9.910000E+37,+2.249932E+02,+3.584400E+04,+4.941655E-01,+1.116000E-03,+9.910000E+37,+2.250586E+02,+3.584400E+04,-1.428208E+00,+0.000000E+00,+9.910000E+37,+2.251250E+02,+3.584400E+04
14:27:15,0e0,+5.003580E-01,+1.179000E-03,+9.910000E+37,+2.253457E+02,+3.584400E+04,+4.989480E-01,+1.179000E-03,+9.910000E+37,+2.254121E+02,+3.584400E+04,+4.990834E-01,+1.179000E-03,+9.910000E+37,+2.254785E+02,+3.584400E+04,-1.415050E+00,+0.000000E+00,+9.910000E+37,+2.255459E+02,+3.584400E+04
14:27:15,0e0,+5.042288E-01,+1.245000E-03,+9.910000E+37,+2.257686E+02,+3.584400E+04,+5.040923E-01,+1.245000E-03,+9.910000E+37,+2.258359E+02,+3.584400E+04,+5.042289E-01,+1.245000E-03,+9.910000E+37,+2.259023E+02,+3.584400E+04,-1.411728E+00,+0.000000E+00,+9.910000E+37,+2.259688E+02,+3.584400E+04
14:27:15,0e0,+5.096016E-01,+1.315500E-03,+9.910000E+37,+2.261895E+02,+3.584400E+04,+5.090564E-01,+1.315500E-03,+9.910000E+37,+2.262559E+02,+3.584400E+04,+5.095111E-01,+1.315500E-03,+9.910000E+37,+2.263232E+02,+3.584400E+04,-1.385498E+00,+0.000000E+00,+9.910000E+37,+2.263896E+02,+3.584400E+04
14:27:15,0e0,+5.139273E-01,+1.389500E-03,+9.910000E+37,+2.266123E+02,+3.584400E+04,+5.139287E-01,+1.389500E-03,+9.910000E+37,+2.266787E+02,+3.584400E+04,+5.147008E-01,+1.389500E-03,+9.910000E+37,+2.267461E+02,+3.584400E+04,-1.401527E+00,+0.000000E+00,+9.910000E+37,+2.268125E+02,+3.584400E+04
14:27:15,0e0,+5.198464E-01,+1.468000E-03,+9.910000E+37,+2.270352E+02,+3.584400E+04,+5.199389E-01,+1.468000E-03,+9.910000E+37,+2.271016E+02,+3.584400E+04,+5.198916E-01,+1.468000E-03,+9.910000E+37,+2.271689E+02,+3.584400E+04,-1.387548E+00,+0.000000E+00,+9.910000E+37,+2.272354E+02,+3.584400E+04
14:27:15,0e0,+5.254922E-01,+1.550500E-03,+9.910000E+37,+2.274580E+02,+3.584400E+04,+5.255379E-01,+1.550500E-03,+9.910000E+37,+2.275244E+02,+3.584400E+04,+5.258110E-01,+1.550500E-03,+9.910000E+37,+2.275918E+02,+3.584400E+04,-1.411636E+00,+0.000000E+00,+9.910000E+37,+2.276582E+02,+3.584400E+04
14:27:15,0e0,+5.299079E-01,+1.638000E-03,+9.910000E+37,+2.278809E+02,+3.584400E+04,+5.310927E-01,+1.638000E-03,+9.910000E+37,+2.279473E+02,+3.584400E+04,+5.314567E-01,+1.638000E-03,+9.910000E+37,+2.280146E+02,+3.584400E+04,-1.417101E+00,+0.000000E+00,+9.910000E+37,+2.280811E+02,+3.584400E+04
14:27:15,0e0,+5.368757E-01,+1.730000E-03,+9.910000E+37,+2.283027E+02,+3.584400E+04,+5.351001E-01,+1.730000E-03,+9.910000E+37,+2.283691E+02,+3.584400E+04,+5.343702E-01,+1.730000E-03,+9.910000E+37,+2.284355E+02,+3.584400E+04,-1.413457E+00,+0.000000E+00,+9.910000E+37,+2.285029E+02,+3.584400E+04
14:27:15,0e0,+5.397419E-01,+1.827500E-03,+9.910000E+37,+2.287246E+02,+3.584400E+04,+5.423853E-01,+1.827500E-03,+9.910000E+37,+2.287900E+02,+3.584400E+04,+5.413378E-01,+1.827500E-03,+9.910000E+37,+2.288574E+02,+3.584400E+04,-1.426570E+00,+0.000000E+00,+9.910000E+37,+2.289229E+02,+3.584400E+04
14:27:15,0e0,+5.469838E-01,+1.930500E-03,+9.910000E+37,+2.291436E+02,+3.584400E+04,+5.474384E-01,+1.930500E-03,+9.910000E+37,+2.292109E+02,+3.584400E+04,+5.473470E-01,+1.930500E-03,+9.910000E+37,+2.292773E+02,+3.584400E+04,-1.440550E+00,+0.000000E+00,+9.910000E+37,+2.293447E+02,+3.584400E+04
14:27:15,0e0,+5.516258E-01,+2.039500E-03,+9.910000E+37,+2.295664E+02,+3.584400E+04,+5.526749E-01,+2.039500E-03,+9.910000E+37,+2.296328E+02,+3.584400E+04,+5.524462E-01,+2.039500E-03,+9.910000E+37,+2.296992E+02,+3.584400E+04,-1.425295E+00,+0.000000E+00,+9.910000E+37,+2.297656E+02,+3.584400E+04
14:27:15,0e0,+5.580933E-01,+2.154500E-03,+9.910000E+37,+2.299893E+02,+3.584400E+04,+5.591871E-01,+2.154500E-03,+9.910000E+37,+2.300557E+02,+3.584400E+04,+5.577271E-01,+2.154500E-03,+9.910000E+37,+2.301230E+02,+3.584400E+04,-1.443645E+00,+0.000000E+00,+9.910000E+37,+2.301885E+02,+3.584400E+04
14:27:15,0e0,+5.647857E-01,+2.276000E-03,+9.910000E+37,+2.304121E+02,+3.584400E+04,+5.640581E-01,+2.276000E-03,+9.910000E+37,+2.304795E+02,+3.584400E+04,+5.636926E-01,+2.276000E-03,+9.910000E+37,+2.305449E+02,+3.584400E+04,-1.422700E+00,+0.000000E+00,+9.910000E+37,+2.306123E+02,+3.584400E+04
14:27:15,0e0,+5.714788E-01,+2.404000E-03,+9.910000E+37,+2.308379E+02,+3.584400E+04,+5.718892E-01,+2.404000E-03,+9.910000E+37,+2.309033E+02,+3.584400E+04,+5.711608E-01,+2.404000E-03,+9.910000E+37,+2.309707E+02,+3.584400E+04,-1.436635E+00,+0.000000E+00,+9.910000E+37,+2.310361E+02,+3.584400E+04
14:27:15,0e0,+5.765781E-01,+2.539500E-03,+9.910000E+37,+2.312588E+02,+3.584400E+04,+5.773082E-01,+2.539500E-03,+9.910000E+37,+2.313252E+02,+3.584400E+04,+5.768518E-01,+2.539500E-03,+9.910000E+37,+2.313926E+02,+3.584400E+04,-1.443964E+00,+0.000000E+00,+9.910000E+37,+2.314600E+02,+3.584400E+04
14:27:15,0e0,+5.826792E-01,+2.682500E-03,+9.910000E+37,+2.316797E+02,+3.584400E+04,+5.834996E-01,+2.682500E-03,+9.910000E+37,+2.317451E+02,+3.584400E+04,+5.836350E-01,+2.682500E-03,+9.910000E+37,+2.318115E+02,+3.584400E+04,-1.403758E+00,+0.000000E+00,+9.910000E+37,+2.318779E+02,+3.584400E+04
14:27:15,0e0,+5.899195E-01,+2.834000E-03,+9.910000E+37,+2.321006E+02,+3.584400E+04,+5.905567E-01,+2.834000E-03,+9.910000E+37,+2.321670E+02,+3.584400E+04,+5.902830E-01,+2.834000E-03,+9.910000E+37,+2.322334E+02,+3.584400E+04,-1.430760E+00,+0.000000E+00,+9.910000E+37,+2.322998E+02,+3.584400E+04
14:27:15,0e0,+5.964299E-01,+2.993500E-03,+9.910000E+37,+2.325283E+02,+3.584400E+04,+5.959289E-01,+2.993500E-03,+9.910000E+37,+2.325957E+02,+3.584400E+04,+5.963392E-01,+2.993500E-03,+9.910000E+37,+2.326621E+02,+3.584400E+04,-1.406992E+00,+0.000000E+00,+9.910000E+37,+2.327285E+02,+3.584400E+04
14:27:15,0e0,+6.039427E-01,+3.162500E-03,+9.910000E+37,+2.329531E+02,+3.584400E+04,+6.033064E-01,+3.162500E-03,+9.910000E+37,+2.330205E+02,+3.584400E+04,+6.027133E-01,+3.162500E-03,+9.910000E+37,+2.330859E+02,+3.584400E+04,-1.392964E+00,+0.000000E+00,+9.910000E+37,+2.331533E+02,+3.584400E+04
14:27:15,0e0,+6.095887E-01,+3.340500E-03,+9.910000E+37,+2.333750E+02,+3.584400E+04,+6.087682E-01,+3.340500E-03,+9.910000E+37,+2.334424E+02,+3.584400E+04,+6.090873E-01,+3.340500E-03,+9.910000E+37,+2.335078E+02,+3.584400E+04,-1.406488E+00,+0.000000E+00,+9.910000E+37,+2.335752E+02,+3.584400E+04
14:27:15,0e0,+6.171016E-01,+3.528500E-03,+9.910000E+37,+2.337969E+02,+3.584400E+04,+6.165108E-01,+3.528500E-03,+9.910000E+37,+2.338633E+02,+3.584400E+04,+6.171476E-01,+3.528500E-03,+9.910000E+37,+2.339307E+02,+3.584400E+04,-1.399977E+00,+0.000000E+00,+9.910000E+37,+2.339971E+02,+3.584400E+04
14:27:15,0e0,+6.237942E-01,+3.727500E-03,+9.910000E+37,+2.342197E+02,+3.584400E+04,+6.243407E-01,+3.727500E-03,+9.910000E+37,+2.342861E+02,+3.584400E+04,+6.220172E-01,+3.727500E-03,+9.910000E+37,+2.343535E+02,+3.584400E+04,-1.409993E+00,+0.000000E+00,+9.910000E+37,+2.344209E+02,+3.584400E+04
14:27:15,0e0,+6.311702E-01,+3.937500E-03,+9.910000E+37,+2.346416E+02,+3.584400E+04,+6.303982E-01,+3.937500E-03,+9.910000E+37,+2.347090E+02,+3.584400E+04,+6.315345E-01,+3.937500E-03,+9.910000E+37,+2.347744E+02,+3.584400E+04,-1.383175E+00,+0.000000E+00,+9.910000E+37,+2.348418E+02,+3.584400E+04
14:27:15,0e0,+6.385012E-01,+4.159500E-03,+9.910000E+37,+2.350635E+02,+3.584400E+04,+6.391834E-01,+4.159500E-03,+9.910000E+37,+2.351309E+02,+3.584400E+04,+6.385022E-01,+4.159500E-03,+9.910000E+37,+2.351973E+02,+3.584400E+04,-1.411043E+00,+0.000000E+00,+9.910000E+37,+2.352637E+02,+3.584400E+04
14:27:15,0e0,+6.471520E-01,+4.394000E-03,+9.910000E+37,+2.354873E+02,+3.584400E+04,+6.451944E-01,+4.394000E-03,+9.910000E+37,+2.355547E+02,+3.584400E+04,+6.451940E-01,+4.394000E-03,+9.910000E+37,+2.356201E+02,+3.584400E+04,-1.461583E+00,+0.000000E+00,+9.910000E+37,+2.356875E+02,+3.584400E+04
14:27:15,0e0,+6.531625E-01,+4.641500E-03,+9.910000E+37,+2.359082E+02,+3.584400E+04,+6.536159E-01,+4.641500E-03,+9.910000E+37,+2.359756E+02,+3.584400E+04,+6.532068E-01,+4.641500E-03,+9.910000E+37,+2.360410E+02,+3.584400E+04,-1.438818E+00,+0.000000E+00,+9.910000E+37,+2.361084E+02,+3.584400E+04
14:27:15,0e0,+6.626782E-01,+4.903000E-03,+9.910000E+37,+2.363291E+02,+3.584400E+04,+6.617672E-01,+4.903000E-03,+9.910000E+37,+2.363965E+02,+3.584400E+04,+6.609022E-01,+4.903000E-03,+9.910000E+37,+2.364619E+02,+3.584400E+04,-1.416688E+00,+0.000000E+00,+9.910000E+37,+2.365293E+02,+3.584400E+04
14:27:15,0e0,+6.701463E-01,+5.179500E-03,+9.910000E+37,+2.367529E+02,+3.584400E+04,+6.682786E-01,+5.179500E-03,+9.910000E+37,+2.368203E+02,+3.584400E+04,+6.688260E-01,+5.179500E-03,+9.910000E+37,+2.368867E+02,+3.584400E+04,-1.372245E+00,+0.000000E+00,+9.910000E+37,+2.369541E+02,+3.584400E+04
14:27:15,0e0,+6.750172E-01,+5.471500E-03,+9.910000E+37,+2.371787E+02,+3.584400E+04,+6.758814E-01,+5.471500E-03,+9.910000E+37,+2.372461E+02,+3.584400E+04,+6.761092E-01,+5.471500E-03,+9.910000E+37,+2.373115E+02,+3.584400E+04,-1.412725E+00,+0.000000E+00,+9.910000E+37,+2.373779E+02,+3.584400E+04
14:27:15,0e0,+6.848983E-01,+5.779500E-03,+9.910000E+37,+2.375996E+02,+3.584400E+04,+6.837580E-01,+5.779500E-03,+9.910000E+37,+2.376670E+02,+3.584400E+04,+6.834418E-01,+5.779500E-03,+9.910000E+37,+2.377324E+02,+3.584400E+04,-1.417235E+00,+0.000000E+00,+9.910000E+37,+2.377998E+02,+3.584400E+04
14:27:15,0e0,+6.916833E-01,+6.105500E-03,+9.910000E+37,+2.380205E+02,+3.584400E+04,+6.923207E-01,+6.105500E-03,+9.910000E+37,+2.380869E+02,+3.584400E+04,+6.909541E-01,+6.105500E-03,+9.910000E+37,+2.381543E+02,+3.584400E+04,-1.412817E+00,+0.000000E+00,+9.910000E+37,+2.382197E+02,+3.584400E+04
14:27:15,0e0,+7.000612E-01,+6.449500E-03,+9.910000E+37,+2.384414E+02,+3.584400E+04,+6.984185E-01,+6.449500E-03,+9.910000E+37,+2.385078E+02,+3.584400E+04,+6.976916E-01,+6.449500E-03,+9.910000E+37,+2.385742E+02,+3.584400E+04,-1.411633E+00,+0.000000E+00,+9.910000E+37,+2.386396E+02,+3.584400E+04
14:27:15,0e0,+7.080725E-01,+6.813000E-03,+9.910000E+37,+2.388633E+02,+3.584400E+04,+7.067975E-01,+6.813000E-03,+9.910000E+37,+2.389287E+02,+3.584400E+04,+7.064785E-01,+6.813000E-03,+9.910000E+37,+2.389961E+02,+3.584400E+04,-1.379350E+00,+0.000000E+00,+9.910000E+37,+2.390615E+02,+3.584400E+04
14:27:15,0e0,+7.160429E-01,+7.197000E-03,+9.910000E+37,+2.392822E+02,+3.584400E+04,+7.154037E-01,+7.197000E-03,+9.910000E+37,+2.393486E+02,+3.584400E+04,+7.152203E-01,+7.197000E-03,+9.910000E+37,+2.394150E+02,+3.584400E+04,-1.387226E+00,+0.000000E+00,+9.910000E+37,+2.394824E+02,+3.584400E+04
14:27:15,0e0,+7.242375E-01,+7.602500E-03,+9.910000E+37,+2.397041E+02,+3.584400E+04,+7.230515E-01,+7.602500E-03,+9.910000E+37,+2.397695E+02,+3.584400E+04,+7.238723E-01,+7.602500E-03,+9.910000E+37,+2.398369E+02,+3.584400E+04,-1.360772E+00,+0.000000E+00,+9.910000E+37,+2.399023E+02,+3.584400E+04
14:27:15,0e0,+7.327502E-01,+8.031000E-03,+9.910000E+37,+2.401250E+02,+3.584400E+04,+7.307466E-01,+8.031000E-03,+9.910000E+37,+2.401904E+02,+3.584400E+04,+7.318861E-01,+8.031000E-03,+9.910000E+37,+2.402578E+02,+3.584400E+04,-1.355809E+00,+0.000000E+00,+9.910000E+37,+2.403242E+02,+3.584400E+04
14:27:15,0e0,+7.395794E-01,+8.483500E-03,+9.910000E+37,+2.405469E+02,+3.584400E+04,+7.383502E-01,+8.483500E-03,+9.910000E+37,+2.406123E+02,+3.584400E+04,+7.397177E-01,+8.483500E-03,+9.910000E+37,+2.406787E+02,+3.584400E+04,-1.365553E+00,+0.000000E+00,+9.910000E+37,+2.407461E+02,+3.584400E+04
14:27:15,0e0,+7.474567E-01,+8.961500E-03,+9.910000E+37,+2.409678E+02,+3.584400E+04,+7.479587E-01,+8.961500E-03,+9.910000E+37,+2.410342E+02,+3.584400E+04,+7.482770E-01,+8.961500E-03,+9.910000E+37,+2.411006E+02,+3.584400E+04,-1.396379E+00,+0.000000E+00,+9.910000E+37,+2.411670E+02,+3.584400E+04
14:27:15,0e0,+7.561069E-01,+9.466500E-03,+9.910000E+37,+2.413916E+02,+3.584400E+04,+7.561535E-01,+9.466500E-03,+9.910000E+37,+2.414590E+02,+3.584400E+04,+7.567002E-01,+9.466500E-03,+9.910000E+37,+2.415244E+02,+3.584400E+04,-1.378667E+00,+0.000000E+00,+9.910000E+37,+2.415908E+02,+3.584400E+04
0E0 +1.075101E-01,+1.000000E-04,+9.910000E+37,+2.646875E+02,+3.584000E+04,+1.056888E-01,+1.000000E-04,+9.910000E+37,+2.647529E+02,+3.584000E+04,+1.066451E-01,+1.000000E-04,+9.910000E+37,+2.648203E+02,+3.584000E+04,-1.578933E-02,+0.000000E+00,+9.910000E+37,+2.648857E+02,+3.584000E+04
0E0 +1.070096E-01,+1.000000E-04,+9.910000E+37,+2.656426E+02,+3.584000E+04,+1.065081E-01,+1.000000E-04,+9.910000E+37,+2.657080E+02,+3.584000E+04,+1.073737E-01,+1.000000E-04,+9.910000E+37,+2.657754E+02,+3.584000E+04,-1.592590E-02,+0.000000E+00,+9.910000E+37,+2.658408E+02,+3.584000E+04
0E0 +1.056887E-01,+1.000000E-04,+9.910000E+37,+2.666230E+02,+3.584000E+04,+1.071914E-01,+1.000000E-04,+9.910000E+37,+2.666885E+02,+3.584000E+04,+1.078292E-01,+1.000000E-04,+9.910000E+37,+2.667559E+02,+3.584000E+04,-1.619914E-02,+0.000000E+00,+9.910000E+37,+2.668213E+02,+3.584000E+04
0E0 +1.066449E-01,+1.000000E-04,+9.910000E+37,+2.675576E+02,+3.584000E+04,+1.072825E-01,+1.000000E-04,+9.910000E+37,+2.676230E+02,+3.584000E+04,+1.073734E-01,+1.000000E-04,+9.910000E+37,+2.676904E+02,+3.584000E+04,-1.629025E-02,+0.000000E+00,+9.910000E+37,+2.677559E+02,+3.584000E+04
0E0 +1.061441E-01,+1.000000E-04,+9.910000E+37,+2.684063E+02,+3.584000E+04,+1.073284E-01,+1.000000E-04,+9.910000E+37,+2.684717E+02,+3.584000E+04,+1.059618E-01,+1.000000E-04,+9.910000E+37,+2.685391E+02,+3.584000E+04,-1.624472E-02,+0.000000E+00,+9.910000E+37,+2.686045E+02,+3.584000E+04
0E0 +1.070552E-01,+1.000000E-04,+9.910000E+37,+2.692061E+02,+3.584000E+04,+1.068270E-01,+1.000000E-04,+9.910000E+37,+2.692715E+02,+3.584000E+04,+1.079658E-01,+1.000000E-04,+9.910000E+37,+2.693389E+02,+3.584000E+04,-1.583493E-02,+0.000000E+00,+9.910000E+37,+2.694043E+02,+3.584000E+04
0E0 +1.060982E-01,+1.000000E-04,+9.910000E+37,+2.699600E+02,+3.584000E+04,+1.067819E-01,+1.000000E-04,+9.910000E+37,+2.700254E+02,+3.584000E+04,+1.071910E-01,+1.000000E-04,+9.910000E+37,+2.700928E+02,+3.584000E+04,-1.446891E-02,+0.000000E+00,+9.910000E+37,+2.701582E+02,+3.584000E+04
0E0 +1.060983E-01,+1.000000E-04,+9.910000E+37,+2.709687E+02,+3.584000E+04,+1.071457E-01,+1.000000E-04,+9.910000E+37,+2.710342E+02,+3.584000E+04,+1.071003E-01,+1.000000E-04,+9.910000E+37,+2.711016E+02,+3.584000E+04,-1.565273E-02,+0.000000E+00,+9.910000E+37,+2.711670E+02,+3.584000E+04
0E0 +1.069634E-01,+1.000000E-04,+9.910000E+37,+2.718213E+02,+3.584000E+04,+1.065537E-01,+1.000000E-04,+9.910000E+37,+2.718867E+02,+3.584000E+04,+1.068265E-01,+1.000000E-04,+9.910000E+37,+2.719541E+02,+3.584000E+04,-1.287463E-02,+0.000000E+00,+9.910000E+37,+2.720195E+02,+3.584000E+04
0E0 +1.078742E-01,+1.000000E-04,+9.910000E+37,+2.726250E+02,+3.584000E+04,+1.069633E-01,+1.000000E-04,+9.910000E+37,+2.726904E+02,+3.584000E+04,+1.079654E-01,+1.000000E-04,+9.910000E+37,+2.727578E+02,+3.584000E+04,-1.624474E-02,+0.000000E+00,+9.910000E+37,+2.728232E+02,+3.584000E+04
