10:50:12,0e0,-5.676733E+00,+1.000000E-07,+9.910000E+37,+5.655967E+02,+3.584400E+04,+4.936585E-02,+1.000000E-07,+9.910000E+37,+5.656621E+02,+3.584400E+04,+5.014020E-02,+1.000000E-07,+9.910000E+37,+5.657285E+02,+3.584400E+04,-6.729066E-04,+0.000000E+00,+9.910000E+37,+5.657949E+02,+3.584400E+04
10:50:12,0e0,-3.910914E+00,+1.116000E-07,+9.910000E+37,+5.660176E+02,+3.584400E+04,+5.478451E-02,+1.116000E-07,+9.910000E+37,+5.660850E+02,+3.584400E+04,+5.405614E-02,+1.116000E-07,+9.910000E+37,+5.661514E+02,+3.584400E+04,-5.817264E-04,+0.000000E+00,+9.910000E+37,+5.662168E+02,+3.584400E+04
10:50:12,0e0,-3.411588E+00,+1.245000E-07,+9.910000E+37,+5.664424E+02,+3.584400E+04,+5.537578E-02,+1.245000E-07,+9.910000E+37,+5.665088E+02,+3.584400E+04,+5.574033E-02,+1.245000E-07,+9.910000E+37,+5.665752E+02,+3.584400E+04,+6.021261E-04,+0.000000E+00,+9.910000E+37,+5.666416E+02,+3.584400E+04
10:50:12,0e0,-2.130113E+00,+1.389500E-07,+9.910000E+37,+5.668652E+02,+3.584400E+04,+5.879077E-02,+1.389500E-07,+9.910000E+37,+5.669316E+02,+3.584400E+04,+5.929157E-02,+1.389500E-07,+9.910000E+37,+5.669990E+02,+3.584400E+04,-6.729960E-04,+0.000000E+00,+9.910000E+37,+5.670654E+02,+3.584400E+04
10:50:12,0e0,-1.465361E+00,+1.550500E-07,+9.910000E+37,+5.672900E+02,+3.584400E+04,+6.334439E-02,+1.550500E-07,+9.910000E+37,+5.673574E+02,+3.584400E+04,+6.257039E-02,+1.550500E-07,+9.910000E+37,+5.674238E+02,+3.584400E+04,+1.285076E-03,+0.000000E+00,+9.910000E+37,+5.674893E+02,+3.584400E+04
10:50:12,0e0,-5.680163E-01,+1.730000E-07,+9.910000E+37,+5.677139E+02,+3.584400E+04,+6.612182E-02,+1.730000E-07,+9.910000E+37,+5.677803E+02,+3.584400E+04,+6.634927E-02,+1.730000E-07,+9.910000E+37,+5.678467E+02,+3.584400E+04,-5.364269E-04,+0.000000E+00,+9.910000E+37,+5.679131E+02,+3.584400E+04
10:50:12,0e0,-2.149440E-01,+1.930500E-07,+9.910000E+37,+5.681377E+02,+3.584400E+04,+7.008320E-02,+1.930500E-07,+9.910000E+37,+5.682041E+02,+3.584400E+04,+6.926334E-02,+1.930500E-07,+9.910000E+37,+5.682705E+02,+3.584400E+04,-2.631545E-04,+0.000000E+00,+9.910000E+37,+5.683369E+02,+3.584400E+04
10:50:12,0e0,+2.650881E-02,+2.154500E-07,+9.910000E+37,+5.685615E+02,+3.584400E+04,+7.272384E-02,+2.154500E-07,+9.910000E+37,+5.686289E+02,+3.584400E+04,+7.181230E-02,+2.154500E-07,+9.910000E+37,+5.686953E+02,+3.584400E+04,-2.631396E-04,+0.000000E+00,+9.910000E+37,+5.687617E+02,+3.584400E+04
10:50:12,0e0,+7.682168E-02,+2.404000E-07,+9.910000E+37,+5.689844E+02,+3.584400E+04,+7.641163E-02,+2.404000E-07,+9.910000E+37,+5.690508E+02,+3.584400E+04,+7.536387E-02,+2.404000E-07,+9.910000E+37,+5.691172E+02,+3.584400E+04,+2.830774E-04,+0.000000E+00,+9.910000E+37,+5.691836E+02,+3.584400E+04
10:50:12,0e0,+8.114696E-02,+2.682500E-07,+9.910000E+37,+5.694082E+02,+3.584400E+04,+7.882449E-02,+2.682500E-07,+9.910000E+37,+5.694756E+02,+3.584400E+04,+8.023620E-02,+2.682500E-07,+9.910000E+37,+5.695420E+02,+3.584400E+04,+5.563647E-04,+0.000000E+00,+9.910000E+37,+5.696084E+02,+3.584400E+04
10:50:12,0e0,+8.292252E-02,+2.993500E-07,+9.910000E+37,+5.698340E+02,+3.584400E+04,+8.478966E-02,+2.993500E-07,+9.910000E+37,+5.699004E+02,+3.584400E+04,+8.274025E-02,+2.993500E-07,+9.910000E+37,+5.699668E+02,+3.584400E+04,-1.720935E-04,+0.000000E+00,+9.910000E+37,+5.700332E+02,+3.584400E+04
10:50:12,0e0,+8.788574E-02,+3.340500E-07,+9.910000E+37,+5.702588E+02,+3.584400E+04,+8.752146E-02,+3.340500E-07,+9.910000E+37,+5.703252E+02,+3.584400E+04,+8.765796E-02,+3.340500E-07,+9.910000E+37,+5.703916E+02,+3.584400E+04,-1.811832E-03,+0.000000E+00,+9.910000E+37,+5.704580E+02,+3.584400E+04
10:50:12,0e0,+9.161961E-02,+3.727500E-07,+9.910000E+37,+5.706797E+02,+3.584400E+04,+9.066266E-02,+3.727500E-07,+9.910000E+37,+5.707471E+02,+3.584400E+04,+9.175566E-02,+3.727500E-07,+9.910000E+37,+5.708145E+02,+3.584400E+04,-3.013191E-02,+0.000000E+00,+9.910000E+37,+5.708818E+02,+3.584400E+04
10:50:12,0e0,+9.421456E-02,+4.159500E-07,+9.910000E+37,+5.711074E+02,+3.584400E+04,+9.626392E-02,+4.159500E-07,+9.910000E+37,+5.711738E+02,+3.584400E+04,+9.594494E-02,+4.159500E-07,+9.910000E+37,+5.712402E+02,+3.584400E+04,-3.295496E-02,+0.000000E+00,+9.910000E+37,+5.713066E+02,+3.584400E+04
10:50:12,0e0,+9.885868E-02,+4.641500E-07,+9.910000E+37,+5.715342E+02,+3.584400E+04,+1.000885E-01,+4.641500E-07,+9.910000E+37,+5.716006E+02,+3.584400E+04,+9.894952E-02,+4.641500E-07,+9.910000E+37,+5.716670E+02,+3.584400E+04,-2.811960E-01,+0.000000E+00,+9.910000E+37,+5.717334E+02,+3.584400E+04
10:50:12,0e0,+1.033210E-01,+5.179500E-07,+9.910000E+37,+5.719561E+02,+3.584400E+04,+1.020457E-01,+5.179500E-07,+9.910000E+37,+5.720225E+02,+3.584400E+04,+1.025921E-01,+5.179500E-07,+9.910000E+37,+5.720898E+02,+3.584400E+04,-7.404545E-01,+0.000000E+00,+9.910000E+37,+5.721572E+02,+3.584400E+04
10:50:12,0e0,+1.081928E-01,+5.779500E-07,+9.910000E+37,+5.723896E+02,+3.584400E+04,+1.070084E-01,+5.779500E-07,+9.910000E+37,+5.724570E+02,+3.584400E+04,+1.074183E-01,+5.779500E-07,+9.910000E+37,+5.725234E+02,+3.584400E+04,-1.659610E+00,+0.000000E+00,+9.910000E+37,+5.725898E+02,+3.584400E+04
10:50:12,0e0,+1.119257E-01,+6.449500E-07,+9.910000E+37,+5.728145E+02,+3.584400E+04,+1.128371E-01,+6.449500E-07,+9.910000E+37,+5.728809E+02,+3.584400E+04,+1.107420E-01,+6.449500E-07,+9.910000E+37,+5.729473E+02,+3.584400E+04,-2.794412E+00,+0.000000E+00,+9.910000E+37,+5.730137E+02,+3.584400E+04
10:50:12,0e0,+1.172990E-01,+7.197000E-07,+9.910000E+37,+5.732461E+02,+3.584400E+04,+1.161146E-01,+7.197000E-07,+9.910000E+37,+5.733125E+02,+3.584400E+04,+1.168439E-01,+7.197000E-07,+9.910000E+37,+5.733789E+02,+3.584400E+04,-4.381154E+00,+0.000000E+00,+9.910000E+37,+5.734453E+02,+3.584400E+04
10:50:12,0e0,+1.211236E-01,+8.031000E-07,+9.910000E+37,+5.736699E+02,+3.584400E+04,+1.213511E-01,+8.031000E-07,+9.910000E+37,+5.737363E+02,+3.584400E+04,+1.201677E-01,+8.031000E-07,+9.910000E+37,+5.738027E+02,+3.584400E+04,-6.599891E+00,+0.000000E+00,+9.910000E+37,+5.738691E+02,+3.584400E+04
10:50:12,0e0,+1.255396E-01,+8.961500E-07,+9.910000E+37,+5.740996E+02,+3.584400E+04,+1.262687E-01,+8.961500E-07,+9.910000E+37,+5.741660E+02,+3.584400E+04,+1.259048E-01,+8.961500E-07,+9.910000E+37,+5.742324E+02,+3.584400E+04,-8.305551E+00,+0.000000E+00,+9.910000E+37,+5.742988E+02,+3.584400E+04
10:50:12,0e0,+1.308212E-01,+1.000000E-06,+9.910000E+37,+5.745205E+02,+3.584400E+04,+1.304117E-01,+1.000000E-06,+9.910000E+37,+5.745869E+02,+3.584400E+04,+1.299106E-01,+1.000000E-06,+9.910000E+37,+5.746533E+02,+3.584400E+04,-1.096030E+01,+0.000000E+00,+9.910000E+37,+5.747197E+02,+3.584400E+04
10:50:12,0e0,+1.248570E-01,+1.116000E-06,+9.910000E+37,+5.749463E+02,+3.584400E+04,+1.256317E-01,+1.116000E-06,+9.910000E+37,+5.750137E+02,+3.584400E+04,+1.252217E-01,+1.116000E-06,+9.910000E+37,+5.750791E+02,+3.584400E+04,+2.377778E-04,+0.000000E+00,+9.910000E+37,+5.751455E+02,+3.584400E+04
10:50:12,0e0,+1.294103E-01,+1.245000E-06,+9.910000E+37,+5.753701E+02,+3.584400E+04,+1.293650E-01,+1.245000E-06,+9.910000E+37,+5.754365E+02,+3.584400E+04,+1.283631E-01,+1.245000E-06,+9.910000E+37,+5.755029E+02,+3.584400E+04,+1.466870E-04,+0.000000E+00,+9.910000E+37,+5.755703E+02,+3.584400E+04
10:50:12,0e0,+1.332808E-01,+1.389500E-06,+9.910000E+37,+5.757949E+02,+3.584400E+04,+1.321421E-01,+1.389500E-06,+9.910000E+37,+5.758613E+02,+3.584400E+04,+1.333715E-01,+1.389500E-06,+9.910000E+37,+5.759287E+02,+3.584400E+04,-1.720652E-03,+0.000000E+00,+9.910000E+37,+5.759961E+02,+3.584400E+04
10:50:12,0e0,+1.361028E-01,+1.550500E-06,+9.910000E+37,+5.762178E+02,+3.584400E+04,+1.382437E-01,+1.550500E-06,+9.910000E+37,+5.762852E+02,+3.584400E+04,+1.361028E-01,+1.550500E-06,+9.910000E+37,+5.763516E+02,+3.584400E+04,-5.362332E-04,+0.000000E+00,+9.910000E+37,+5.764170E+02,+3.584400E+04
10:50:12,0e0,+1.414311E-01,+1.730000E-06,+9.910000E+37,+5.766416E+02,+3.584400E+04,+1.417948E-01,+1.730000E-06,+9.910000E+37,+5.767080E+02,+3.584400E+04,+1.419314E-01,+1.730000E-06,+9.910000E+37,+5.767744E+02,+3.584400E+04,-1.356304E-03,+0.000000E+00,+9.910000E+37,+5.768408E+02,+3.584400E+04
10:50:12,0e0,+1.461657E-01,+1.930500E-06,+9.910000E+37,+5.770654E+02,+3.584400E+04,+1.464850E-01,+1.930500E-06,+9.910000E+37,+5.771318E+02,+3.584400E+04,+1.458926E-01,+1.930500E-06,+9.910000E+37,+5.771982E+02,+3.584400E+04,+5.566180E-04,+0.000000E+00,+9.910000E+37,+5.772646E+02,+3.584400E+04
10:50:12,0e0,+1.505821E-01,+2.154500E-06,+9.910000E+37,+5.774932E+02,+3.584400E+04,+1.497169E-01,+2.154500E-06,+9.910000E+37,+5.775605E+02,+3.584400E+04,+1.503092E-01,+2.154500E-06,+9.910000E+37,+5.776270E+02,+3.584400E+04,-3.086776E-04,+0.000000E+00,+9.910000E+37,+5.776924E+02,+3.584400E+04
10:50:12,0e0,+1.569112E-01,+2.404000E-06,+9.910000E+37,+5.779141E+02,+3.584400E+04,+1.551357E-01,+2.404000E-06,+9.910000E+37,+5.779805E+02,+3.584400E+04,+1.544070E-01,+2.404000E-06,+9.910000E+37,+5.780469E+02,+3.584400E+04,+1.022220E-05,+0.000000E+00,+9.910000E+37,+5.781143E+02,+3.584400E+04
10:50:12,0e0,+1.593240E-01,+2.682500E-06,+9.910000E+37,+5.783389E+02,+3.584400E+04,+1.599168E-01,+2.682500E-06,+9.910000E+37,+5.784063E+02,+3.584400E+04,+1.602353E-01,+2.682500E-06,+9.910000E+37,+5.784717E+02,+3.584400E+04,-2.628863E-04,+0.000000E+00,+9.910000E+37,+5.785381E+02,+3.584400E+04
10:50:12,0e0,+1.654256E-01,+2.993500E-06,+9.910000E+37,+5.787627E+02,+3.584400E+04,+1.641500E-01,+2.993500E-06,+9.910000E+37,+5.788301E+02,+3.584400E+04,+1.639681E-01,+2.993500E-06,+9.910000E+37,+5.788955E+02,+3.584400E+04,-1.082808E-03,+0.000000E+00,+9.910000E+37,+5.789619E+02,+3.584400E+04
10:50:12,0e0,+1.699327E-01,+3.340500E-06,+9.910000E+37,+5.791865E+02,+3.584400E+04,+1.696144E-01,+3.340500E-06,+9.910000E+37,+5.792529E+02,+3.584400E+04,+1.694776E-01,+3.340500E-06,+9.910000E+37,+5.793193E+02,+3.584400E+04,-3.528595E-05,+0.000000E+00,+9.910000E+37,+5.793857E+02,+3.584400E+04
10:50:12,0e0,+1.738946E-01,+3.727500E-06,+9.910000E+37,+5.796104E+02,+3.584400E+04,+1.739392E-01,+3.727500E-06,+9.910000E+37,+5.796777E+02,+3.584400E+04,+1.749415E-01,+3.727500E-06,+9.910000E+37,+5.797441E+02,+3.584400E+04,-1.041676E-02,+0.000000E+00,+9.910000E+37,+5.798115E+02,+3.584400E+04
10:50:12,0e0,+1.812708E-01,+4.159500E-06,+9.910000E+37,+5.800400E+02,+3.584400E+04,+1.801778E-01,+4.159500E-06,+9.910000E+37,+5.801064E+02,+3.584400E+04,+1.802230E-01,+4.159500E-06,+9.910000E+37,+5.801719E+02,+3.584400E+04,-5.112217E-02,+0.000000E+00,+9.910000E+37,+5.802383E+02,+3.584400E+04
10:50:12,0e0,+1.848670E-01,+4.641500E-06,+9.910000E+37,+5.804619E+02,+3.584400E+04,+1.865067E-01,+4.641500E-06,+9.910000E+37,+5.805283E+02,+3.584400E+04,+1.854597E-01,+4.641500E-06,+9.910000E+37,+5.805947E+02,+3.584400E+04,-2.375740E-01,+0.000000E+00,+9.910000E+37,+5.806611E+02,+3.584400E+04
10:50:12,0e0,+1.906492E-01,+5.179500E-06,+9.910000E+37,+5.808848E+02,+3.584400E+04,+1.902857E-01,+5.179500E-06,+9.910000E+37,+5.809512E+02,+3.584400E+04,+1.905587E-01,+5.179500E-06,+9.910000E+37,+5.810176E+02,+3.584400E+04,-6.380478E-01,+0.000000E+00,+9.910000E+37,+5.810850E+02,+3.584400E+04
10:50:12,0e0,+1.958861E-01,+5.779500E-06,+9.910000E+37,+5.813115E+02,+3.584400E+04,+1.983447E-01,+5.779500E-06,+9.910000E+37,+5.813779E+02,+3.584400E+04,+1.956577E-01,+5.779500E-06,+9.910000E+37,+5.814453E+02,+3.584400E+04,-1.604875E+00,+0.000000E+00,+9.910000E+37,+5.815117E+02,+3.584400E+04
10:50:12,0e0,+2.026694E-01,+6.449500E-06,+9.910000E+37,+5.817363E+02,+3.584400E+04,+2.037179E-01,+6.449500E-06,+9.910000E+37,+5.818018E+02,+3.584400E+04,+2.038996E-01,+6.449500E-06,+9.910000E+37,+5.818691E+02,+3.584400E+04,-2.830615E+00,+0.000000E+00,+9.910000E+37,+5.819365E+02,+3.584400E+04
10:50:12,0e0,+2.097733E-01,+7.197000E-06,+9.910000E+37,+5.821621E+02,+3.584400E+04,+2.085888E-01,+7.197000E-06,+9.910000E+37,+5.822295E+02,+3.584400E+04,+2.104111E-01,+7.197000E-06,+9.910000E+37,+5.822949E+02,+3.584400E+04,-4.536555E+00,+0.000000E+00,+9.910000E+37,+5.823613E+02,+3.584400E+04
10:50:12,0e0,+2.150086E-01,+8.031000E-06,+9.910000E+37,+5.825859E+02,+3.584400E+04,+2.157831E-01,+8.031000E-06,+9.910000E+37,+5.826523E+02,+3.584400E+04,+2.150546E-01,+8.031000E-06,+9.910000E+37,+5.827188E+02,+3.584400E+04,-6.287978E+00,+0.000000E+00,+9.910000E+37,+5.827852E+02,+3.584400E+04
10:50:12,0e0,+2.223397E-01,+8.961500E-06,+9.910000E+37,+5.830107E+02,+3.584400E+04,+2.217478E-01,+8.961500E-06,+9.910000E+37,+5.830762E+02,+3.584400E+04,+2.220659E-01,+8.961500E-06,+9.910000E+37,+5.831436E+02,+3.584400E+04,-8.396387E+00,+0.000000E+00,+9.910000E+37,+5.832090E+02,+3.584400E+04
10:50:12,0e0,+2.290784E-01,+1.000000E-05,+9.910000E+37,+5.834307E+02,+3.584400E+04,+2.298979E-01,+1.000000E-05,+9.910000E+37,+5.834971E+02,+3.584400E+04,+2.295800E-01,+1.000000E-05,+9.910000E+37,+5.835635E+02,+3.584400E+04,-1.057085E+01,+0.000000E+00,+9.910000E+37,+5.836299E+02,+3.584400E+04
10:50:12,0e0,+2.260733E-01,+1.116000E-05,+9.910000E+37,+5.838496E+02,+3.584400E+04,+2.237513E-01,+1.116000E-05,+9.910000E+37,+5.839160E+02,+3.584400E+04,+2.242524E-01,+1.116000E-05,+9.910000E+37,+5.839824E+02,+3.584400E+04,-1.155522E-02,+0.000000E+00,+9.910000E+37,+5.840498E+02,+3.584400E+04
10:50:12,0e0,+2.302173E-01,+1.245000E-05,+9.910000E+37,+5.842705E+02,+3.584400E+04,+2.310366E-01,+1.245000E-05,+9.910000E+37,+5.843359E+02,+3.584400E+04,+2.297620E-01,+1.245000E-05,+9.910000E+37,+5.844023E+02,+3.584400E+04,-1.109977E-02,+0.000000E+00,+9.910000E+37,+5.844688E+02,+3.584400E+04
10:50:12,0e0,+2.347232E-01,+1.389500E-05,+9.910000E+37,+5.846865E+02,+3.584400E+04,+2.358622E-01,+1.389500E-05,+9.910000E+37,+5.847529E+02,+3.584400E+04,+2.362260E-01,+1.389500E-05,+9.910000E+37,+5.848193E+02,+3.584400E+04,-1.146415E-02,+0.000000E+00,+9.910000E+37,+5.848867E+02,+3.584400E+04
10:50:12,0e0,+2.434207E-01,+1.550500E-05,+9.910000E+37,+5.851064E+02,+3.584400E+04,+2.429196E-01,+1.550500E-05,+9.910000E+37,+5.851738E+02,+3.584400E+04,+2.432846E-01,+1.550500E-05,+9.910000E+37,+5.852393E+02,+3.584400E+04,-1.100898E-02,+0.000000E+00,+9.910000E+37,+5.853066E+02,+3.584400E+04
10:50:12,0e0,+2.493402E-01,+1.730000E-05,+9.910000E+37,+5.855254E+02,+3.584400E+04,+2.494762E-01,+1.730000E-05,+9.910000E+37,+5.855918E+02,+3.584400E+04,+2.482925E-01,+1.730000E-05,+9.910000E+37,+5.856572E+02,+3.584400E+04,-1.269354E-02,+0.000000E+00,+9.910000E+37,+5.857285E+02,+3.584400E+04
10:50:12,0e0,+2.560784E-01,+1.930500E-05,+9.910000E+37,+5.859492E+02,+3.584400E+04,+2.553951E-01,+1.930500E-05,+9.910000E+37,+5.860156E+02,+3.584400E+04,+2.565795E-01,+1.930500E-05,+9.910000E+37,+5.860820E+02,+3.584400E+04,-1.119073E-02,+0.000000E+00,+9.910000E+37,+5.861523E+02,+3.584400E+04
10:50:12,0e0,+2.621788E-01,+2.154500E-05,+9.910000E+37,+5.863750E+02,+3.584400E+04,+2.629532E-01,+2.154500E-05,+9.910000E+37,+5.864404E+02,+3.584400E+04,+2.629535E-01,+2.154500E-05,+9.910000E+37,+5.865068E+02,+3.584400E+04,-1.205587E-02,+0.000000E+00,+9.910000E+37,+5.865771E+02,+3.584400E+04
10:50:12,0e0,+2.698749E-01,+2.404000E-05,+9.910000E+37,+5.867988E+02,+3.584400E+04,+2.698289E-01,+2.404000E-05,+9.910000E+37,+5.868662E+02,+3.584400E+04,+2.689631E-01,+2.404000E-05,+9.910000E+37,+5.869375E+02,+3.584400E+04,-1.337667E-02,+0.000000E+00,+9.910000E+37,+5.870088E+02,+3.584400E+04
10:50:12,0e0,+2.773873E-01,+2.682500E-05,+9.910000E+37,+5.872266E+02,+3.584400E+04,+2.769769E-01,+2.682500E-05,+9.910000E+37,+5.872930E+02,+3.584400E+04,+2.770221E-01,+2.682500E-05,+9.910000E+37,+5.873594E+02,+3.584400E+04,-1.196504E-02,+0.000000E+00,+9.910000E+37,+5.874307E+02,+3.584400E+04
10:50:12,0e0,+2.862657E-01,+2.993500E-05,+9.910000E+37,+5.876533E+02,+3.584400E+04,+2.838516E-01,+2.993500E-05,+9.910000E+37,+5.877197E+02,+3.584400E+04,+2.849903E-01,+2.993500E-05,+9.910000E+37,+5.877861E+02,+3.584400E+04,-1.173751E-02,+0.000000E+00,+9.910000E+37,+5.878535E+02,+3.584400E+04
10:50:12,0e0,+2.931862E-01,+3.340500E-05,+9.910000E+37,+5.880762E+02,+3.584400E+04,+2.913197E-01,+3.340500E-05,+9.910000E+37,+5.881426E+02,+3.584400E+04,+2.929134E-01,+3.340500E-05,+9.910000E+37,+5.882090E+02,+3.584400E+04,-1.387784E-02,+0.000000E+00,+9.910000E+37,+5.882773E+02,+3.584400E+04
10:50:12,0e0,+2.997432E-01,+3.727500E-05,+9.910000E+37,+5.884990E+02,+3.584400E+04,+2.992867E-01,+3.727500E-05,+9.910000E+37,+5.885654E+02,+3.584400E+04,+2.991970E-01,+3.727500E-05,+9.910000E+37,+5.886318E+02,+3.584400E+04,-1.119070E-02,+0.000000E+00,+9.910000E+37,+5.887002E+02,+3.584400E+04
10:50:12,0e0,+3.091684E-01,+4.159500E-05,+9.910000E+37,+5.889141E+02,+3.584400E+04,+3.083487E-01,+4.159500E-05,+9.910000E+37,+5.889814E+02,+3.584400E+04,+3.076201E-01,+4.159500E-05,+9.910000E+37,+5.890479E+02,+3.584400E+04,-1.191941E-02,+0.000000E+00,+9.910000E+37,+5.891133E+02,+3.584400E+04
10:50:12,0e0,+3.159064E-01,+4.641500E-05,+9.910000E+37,+5.893232E+02,+3.584400E+04,+3.177279E-01,+4.641500E-05,+9.910000E+37,+5.893896E+02,+3.584400E+04,+3.175455E-01,+4.641500E-05,+9.910000E+37,+5.894561E+02,+3.584400E+04,-1.202841E-01,+0.000000E+00,+9.910000E+37,+5.895234E+02,+3.584400E+04
10:50:12,0e0,+3.231906E-01,+5.179500E-05,+9.910000E+37,+5.897383E+02,+3.584400E+04,+3.260608E-01,+5.179500E-05,+9.910000E+37,+5.898047E+02,+3.584400E+04,+3.242844E-01,+5.179500E-05,+9.910000E+37,+5.898711E+02,+3.584400E+04,-3.981278E-01,+0.000000E+00,+9.910000E+37,+5.899375E+02,+3.584400E+04
10:50:12,0e0,+3.320245E-01,+5.779500E-05,+9.910000E+37,+5.901523E+02,+3.584400E+04,+3.324336E-01,+5.779500E-05,+9.910000E+37,+5.902197E+02,+3.584400E+04,+3.348476E-01,+5.779500E-05,+9.910000E+37,+5.902871E+02,+3.584400E+04,-1.035972E+00,+0.000000E+00,+9.910000E+37,+5.903545E+02,+3.584400E+04
10:50:12,0e0,+3.419958E-01,+6.449500E-05,+9.910000E+37,+5.905693E+02,+3.584400E+04,+3.414500E-01,+6.449500E-05,+9.910000E+37,+5.906357E+02,+3.584400E+04,+3.429059E-01,+6.449500E-05,+9.910000E+37,+5.907021E+02,+3.584400E+04,-1.999203E+00,+0.000000E+00,+9.910000E+37,+5.907695E+02,+3.584400E+04
10:50:12,0e0,+3.495530E-01,+7.197000E-05,+9.910000E+37,+5.909941E+02,+3.584400E+04,+3.507379E-01,+7.197000E-05,+9.910000E+37,+5.910605E+02,+3.584400E+04,+3.516034E-01,+7.197000E-05,+9.910000E+37,+5.911279E+02,+3.584400E+04,-3.100263E+00,+0.000000E+00,+9.910000E+37,+5.911953E+02,+3.584400E+04
10:50:12,0e0,+3.602999E-01,+8.031000E-05,+9.910000E+37,+5.914092E+02,+3.584400E+04,+3.611196E-01,+8.031000E-05,+9.910000E+37,+5.914756E+02,+3.584400E+04,+3.611190E-01,+8.031000E-05,+9.910000E+37,+5.915420E+02,+3.584400E+04,-3.753681E+00,+0.000000E+00,+9.910000E+37,+5.916143E+02,+3.584400E+04
10:50:12,0e0,+3.690867E-01,+8.961500E-05,+9.910000E+37,+5.918301E+02,+3.584400E+04,+3.698162E-01,+8.961500E-05,+9.910000E+37,+5.918965E+02,+3.584400E+04,+3.704070E-01,+8.961500E-05,+9.910000E+37,+5.919629E+02,+3.584400E+04,-6.325137E+00,+0.000000E+00,+9.910000E+37,+5.920283E+02,+3.584400E+04
10:50:12,0e0,+3.786492E-01,+1.000000E-04,+9.910000E+37,+5.922344E+02,+3.584400E+04,+3.778285E-01,+1.000000E-04,+9.910000E+37,+5.923008E+02,+3.584400E+04,+3.782840E-01,+1.000000E-04,+9.910000E+37,+5.923672E+02,+3.584400E+04,-8.290579E+00,+0.000000E+00,+9.910000E+37,+5.924336E+02,+3.584400E+04
10:50:12,0e0,+3.771917E-01,+1.116000E-04,+9.910000E+37,+5.926563E+02,+3.584400E+04,+3.771921E-01,+1.116000E-04,+9.910000E+37,+5.927236E+02,+3.584400E+04,+3.765088E-01,+1.116000E-04,+9.910000E+37,+5.927891E+02,+3.584400E+04,-4.387440E-01,+0.000000E+00,+9.910000E+37,+5.928555E+02,+3.584400E+04
10:50:12,0e0,+3.844757E-01,+1.245000E-04,+9.910000E+37,+5.930771E+02,+3.584400E+04,+3.857514E-01,+1.245000E-04,+9.910000E+37,+5.931426E+02,+3.584400E+04,+3.847491E-01,+1.245000E-04,+9.910000E+37,+5.932090E+02,+3.584400E+04,-5.063165E-01,+0.000000E+00,+9.910000E+37,+5.932754E+02,+3.584400E+04
10:50:12,0e0,+3.945393E-01,+1.389500E-04,+9.910000E+37,+5.935010E+02,+3.584400E+04,+3.932179E-01,+1.389500E-04,+9.910000E+37,+5.935674E+02,+3.584400E+04,+3.945855E-01,+1.389500E-04,+9.910000E+37,+5.936338E+02,+3.584400E+04,-4.928841E-01,+0.000000E+00,+9.910000E+37,+5.937002E+02,+3.584400E+04
10:50:12,0e0,+4.042374E-01,+1.550500E-04,+9.910000E+37,+5.939199E+02,+3.584400E+04,+4.027351E-01,+1.550500E-04,+9.910000E+37,+5.939873E+02,+3.584400E+04,+4.027346E-01,+1.550500E-04,+9.910000E+37,+5.940527E+02,+3.584400E+04,-4.417951E-01,+0.000000E+00,+9.910000E+37,+5.941201E+02,+3.584400E+04
10:50:12,0e0,+4.119769E-01,+1.730000E-04,+9.910000E+37,+5.943418E+02,+3.584400E+04,+4.121598E-01,+1.730000E-04,+9.910000E+37,+5.944092E+02,+3.584400E+04,+4.128430E-01,+1.730000E-04,+9.910000E+37,+5.944756E+02,+3.584400E+04,-4.659278E-01,+0.000000E+00,+9.910000E+37,+5.945410E+02,+3.584400E+04
10:50:12,0e0,+4.206291E-01,+1.930500E-04,+9.910000E+37,+5.947607E+02,+3.584400E+04,+4.219493E-01,+1.930500E-04,+9.910000E+37,+5.948271E+02,+3.584400E+04,+4.209024E-01,+1.930500E-04,+9.910000E+37,+5.948936E+02,+3.584400E+04,-5.087301E-01,+0.000000E+00,+9.910000E+37,+5.949609E+02,+3.584400E+04
10:50:12,0e0,+4.308729E-01,+2.154500E-04,+9.910000E+37,+5.951836E+02,+3.584400E+04,+4.305546E-01,+2.154500E-04,+9.910000E+37,+5.952510E+02,+3.584400E+04,+4.293696E-01,+2.154500E-04,+9.910000E+37,+5.953164E+02,+3.584400E+04,-5.010809E-01,+0.000000E+00,+9.910000E+37,+5.953828E+02,+3.584400E+04
10:50:12,0e0,+4.392045E-01,+2.404000E-04,+9.910000E+37,+5.956084E+02,+3.584400E+04,+4.390693E-01,+2.404000E-04,+9.910000E+37,+5.956758E+02,+3.584400E+04,+4.390694E-01,+2.404000E-04,+9.910000E+37,+5.957412E+02,+3.584400E+04,-4.367862E-01,+0.000000E+00,+9.910000E+37,+5.958076E+02,+3.584400E+04
10:50:12,0e0,+4.489487E-01,+2.682500E-04,+9.910000E+37,+5.960322E+02,+3.584400E+04,+4.480370E-01,+2.682500E-04,+9.910000E+37,+5.960977E+02,+3.584400E+04,+4.501783E-01,+2.682500E-04,+9.910000E+37,+5.961641E+02,+3.584400E+04,-5.094592E-01,+0.000000E+00,+9.910000E+37,+5.962314E+02,+3.584400E+04
10:50:12,0e0,+4.585554E-01,+2.993500E-04,+9.910000E+37,+5.964531E+02,+3.584400E+04,+4.587828E-01,+2.993500E-04,+9.910000E+37,+5.965205E+02,+3.584400E+04,+4.586007E-01,+2.993500E-04,+9.910000E+37,+5.965859E+02,+3.584400E+04,-4.824565E-01,+0.000000E+00,+9.910000E+37,+5.966523E+02,+3.584400E+04
10:50:12,0e0,+4.696192E-01,+3.340500E-04,+9.910000E+37,+5.968779E+02,+3.584400E+04,+4.688458E-01,+3.340500E-04,+9.910000E+37,+5.969443E+02,+3.584400E+04,+4.683905E-01,+3.340500E-04,+9.910000E+37,+5.970107E+02,+3.584400E+04,-4.836864E-01,+0.000000E+00,+9.910000E+37,+5.970771E+02,+3.584400E+04
10:50:12,0e0,+4.803201E-01,+3.727500E-04,+9.910000E+37,+5.973018E+02,+3.584400E+04,+4.785432E-01,+3.727500E-04,+9.910000E+37,+5.973682E+02,+3.584400E+04,+4.809123E-01,+3.727500E-04,+9.910000E+37,+5.974346E+02,+3.584400E+04,-4.966638E-01,+0.000000E+00,+9.910000E+37,+5.975010E+02,+3.584400E+04
10:50:12,0e0,+4.901555E-01,+4.159500E-04,+9.910000E+37,+5.977256E+02,+3.584400E+04,+4.903832E-01,+4.159500E-04,+9.910000E+37,+5.977920E+02,+3.584400E+04,+4.893362E-01,+4.159500E-04,+9.910000E+37,+5.978594E+02,+3.584400E+04,-4.733045E-01,+0.000000E+00,+9.910000E+37,+5.979268E+02,+3.584400E+04
10:50:12,0e0,+5.001708E-01,+4.641500E-04,+9.910000E+37,+5.981504E+02,+3.584400E+04,+5.009461E-01,+4.641500E-04,+9.910000E+37,+5.982168E+02,+3.584400E+04,+5.007173E-01,+4.641500E-04,+9.910000E+37,+5.982842E+02,+3.584400E+04,-5.118262E-01,+0.000000E+00,+9.910000E+37,+5.983496E+02,+3.584400E+04
10:50:12,0e0,+5.121922E-01,+5.179500E-04,+9.910000E+37,+5.985713E+02,+3.584400E+04,+5.109180E-01,+5.179500E-04,+9.910000E+37,+5.986377E+02,+3.584400E+04,+5.100064E-01,+5.179500E-04,+9.910000E+37,+5.987051E+02,+3.584400E+04,-5.615038E-01,+0.000000E+00,+9.910000E+37,+5.987725E+02,+3.584400E+04
10:50:12,0e0,+5.225285E-01,+5.779500E-04,+9.910000E+37,+5.989971E+02,+3.584400E+04,+5.212982E-01,+5.779500E-04,+9.910000E+37,+5.990635E+02,+3.584400E+04,+5.226194E-01,+5.779500E-04,+9.910000E+37,+5.991309E+02,+3.584400E+04,-8.718191E-01,+0.000000E+00,+9.910000E+37,+5.991982E+02,+3.584400E+04
10:50:12,0e0,+5.339555E-01,+6.449500E-04,+9.910000E+37,+5.994238E+02,+3.584400E+04,+5.341394E-01,+6.449500E-04,+9.910000E+37,+5.994912E+02,+3.584400E+04,+5.326344E-01,+6.449500E-04,+9.910000E+37,+5.995566E+02,+3.584400E+04,-1.250073E+00,+0.000000E+00,+9.910000E+37,+5.996230E+02,+3.584400E+04
10:50:12,0e0,+5.455678E-01,+7.197000E-04,+9.910000E+37,+5.998486E+02,+3.584400E+04,+5.457942E-01,+7.197000E-04,+9.910000E+37,+5.999160E+02,+3.584400E+04,+5.461140E-01,+7.197000E-04,+9.910000E+37,+5.999814E+02,+3.584400E+04,-1.524281E+00,+0.000000E+00,+9.910000E+37,+6.000479E+02,+3.584400E+04
10:50:12,0e0,+5.581782E-01,+8.031000E-04,+9.910000E+37,+6.002734E+02,+3.584400E+04,+5.574500E-01,+8.031000E-04,+9.910000E+37,+6.003408E+02,+3.584400E+04,+5.577699E-01,+8.031000E-04,+9.910000E+37,+6.004063E+02,+3.584400E+04,-1.997969E+00,+0.000000E+00,+9.910000E+37,+6.004736E+02,+3.584400E+04
10:50:12,0e0,+5.720662E-01,+8.961500E-04,+9.910000E+37,+6.006953E+02,+3.584400E+04,+5.710188E-01,+8.961500E-04,+9.910000E+37,+6.007607E+02,+3.584400E+04,+5.702888E-01,+8.961500E-04,+9.910000E+37,+6.008271E+02,+3.584400E+04,-2.222776E+00,+0.000000E+00,+9.910000E+37,+6.008945E+02,+3.584400E+04
10:50:12,0e0,+5.838122E-01,+1.000000E-03,+9.910000E+37,+6.011152E+02,+3.584400E+04,+5.839953E-01,+1.000000E-03,+9.910000E+37,+6.011826E+02,+3.584400E+04,+5.841759E-01,+1.000000E-03,+9.910000E+37,+6.012490E+02,+3.584400E+04,-2.531082E+00,+0.000000E+00,+9.910000E+37,+6.013154E+02,+3.584400E+04
10:50:12,0e0,+5.844969E-01,+1.116000E-03,+9.910000E+37,+6.015400E+02,+3.584400E+04,+5.847688E-01,+1.116000E-03,+9.910000E+37,+6.016055E+02,+3.584400E+04,+5.845406E-01,+1.116000E-03,+9.910000E+37,+6.016719E+02,+3.584400E+04,-1.955127E+00,+0.000000E+00,+9.910000E+37,+6.017393E+02,+3.584400E+04
10:50:12,0e0,+5.976089E-01,+1.245000E-03,+9.910000E+37,+6.019609E+02,+3.584400E+04,+5.987011E-01,+1.245000E-03,+9.910000E+37,+6.020283E+02,+3.584400E+04,+5.979274E-01,+1.245000E-03,+9.910000E+37,+6.020937E+02,+3.584400E+04,-1.950707E+00,+0.000000E+00,+9.910000E+37,+6.021602E+02,+3.584400E+04
10:50:12,0e0,+6.105393E-01,+1.389500E-03,+9.910000E+37,+6.023818E+02,+3.584400E+04,+6.100371E-01,+1.389500E-03,+9.910000E+37,+6.024482E+02,+3.584400E+04,+6.107212E-01,+1.389500E-03,+9.910000E+37,+6.025146E+02,+3.584400E+04,-1.920742E+00,+0.000000E+00,+9.910000E+37,+6.025820E+02,+3.584400E+04
10:50:12,0e0,+6.248817E-01,+1.550500E-03,+9.910000E+37,+6.028066E+02,+3.584400E+04,+6.246090E-01,+1.550500E-03,+9.910000E+37,+6.028730E+02,+3.584400E+04,+6.241997E-01,+1.550500E-03,+9.910000E+37,+6.029404E+02,+3.584400E+04,-1.926439E+00,+0.000000E+00,+9.910000E+37,+6.030059E+02,+3.584400E+04
10:50:12,0e0,+6.388615E-01,+1.730000E-03,+9.910000E+37,+6.032256E+02,+3.584400E+04,+6.386304E-01,+1.730000E-03,+9.910000E+37,+6.032920E+02,+3.584400E+04,+6.391327E-01,+1.730000E-03,+9.910000E+37,+6.033594E+02,+3.584400E+04,-1.888279E+00,+0.000000E+00,+9.910000E+37,+6.034248E+02,+3.584400E+04
10:50:12,0e0,+6.531553E-01,+1.930500E-03,+9.910000E+37,+6.036455E+02,+3.584400E+04,+6.537941E-01,+1.930500E-03,+9.910000E+37,+6.037119E+02,+3.584400E+04,+6.530636E-01,+1.930500E-03,+9.910000E+37,+6.037793E+02,+3.584400E+04,-1.852170E+00,+0.000000E+00,+9.910000E+37,+6.038447E+02,+3.584400E+04
10:50:12,0e0,+6.680433E-01,+2.154500E-03,+9.910000E+37,+6.040664E+02,+3.584400E+04,+6.695020E-01,+2.154500E-03,+9.910000E+37,+6.041318E+02,+3.584400E+04,+6.702304E-01,+2.154500E-03,+9.910000E+37,+6.041982E+02,+3.584400E+04,-1.816336E+00,+0.000000E+00,+9.910000E+37,+6.042656E+02,+3.584400E+04
10:50:12,0e0,+6.855755E-01,+2.404000E-03,+9.910000E+37,+6.044854E+02,+3.584400E+04,+6.844809E-01,+2.404000E-03,+9.910000E+37,+6.045527E+02,+3.584400E+04,+6.842072E-01,+2.404000E-03,+9.910000E+37,+6.046182E+02,+3.584400E+04,-1.806997E+00,+0.000000E+00,+9.910000E+37,+6.046846E+02,+3.584400E+04
10:50:12,0e0,+7.002347E-01,+2.682500E-03,+9.910000E+37,+6.049102E+02,+3.584400E+04,+7.014199E-01,+2.682500E-03,+9.910000E+37,+6.049766E+02,+3.584400E+04,+7.010556E-01,+2.682500E-03,+9.910000E+37,+6.050430E+02,+3.584400E+04,-1.862369E+00,+0.000000E+00,+9.910000E+37,+6.051104E+02,+3.584400E+04
10:50:12,0e0,+7.168533E-01,+2.993500E-03,+9.910000E+37,+6.053320E+02,+3.584400E+04,+7.178571E-01,+2.993500E-03,+9.910000E+37,+6.053984E+02,+3.584400E+04,+7.172188E-01,+2.993500E-03,+9.910000E+37,+6.054658E+02,+3.584400E+04,-1.851396E+00,+0.000000E+00,+9.910000E+37,+6.055312E+02,+3.584400E+04
10:50:12,0e0,+7.340633E-01,+3.340500E-03,+9.910000E+37,+6.057549E+02,+3.584400E+04,+7.353855E-01,+3.340500E-03,+9.910000E+37,+6.058213E+02,+3.584400E+04,+7.346114E-01,+3.340500E-03,+9.910000E+37,+6.058887E+02,+3.584400E+04,-1.831998E+00,+0.000000E+00,+9.910000E+37,+6.059541E+02,+3.584400E+04
10:50:12,0e0,+7.536885E-01,+3.727500E-03,+9.910000E+37,+6.061768E+02,+3.584400E+04,+7.530065E-01,+3.727500E-03,+9.910000E+37,+6.062441E+02,+3.584400E+04,+7.521865E-01,+3.727500E-03,+9.910000E+37,+6.063115E+02,+3.584400E+04,-1.849527E+00,+0.000000E+00,+9.910000E+37,+6.063770E+02,+3.584400E+04
10:50:12,0e0,+7.711279E-01,+4.159500E-03,+9.910000E+37,+6.066016E+02,+3.584400E+04,+7.711730E-01,+4.159500E-03,+9.910000E+37,+6.066680E+02,+3.584400E+04,+7.711735E-01,+4.159500E-03,+9.910000E+37,+6.067344E+02,+3.584400E+04,-1.814969E+00,+0.000000E+00,+9.910000E+37,+6.068008E+02,+3.584400E+04
10:50:12,0e0,+7.904330E-01,+4.641500E-03,+9.910000E+37,+6.070225E+02,+3.584400E+04,+7.882912E-01,+4.641500E-03,+9.910000E+37,+6.070889E+02,+3.584400E+04,+7.902964E-01,+4.641500E-03,+9.910000E+37,+6.071563E+02,+3.584400E+04,-1.814967E+00,+0.000000E+00,+9.910000E+37,+6.072227E+02,+3.584400E+04
10:50:12,0e0,+8.093740E-01,+5.179500E-03,+9.910000E+37,+6.074473E+02,+3.584400E+04,+8.089178E-01,+5.179500E-03,+9.910000E+37,+6.075146E+02,+3.584400E+04,+8.106031E-01,+5.179500E-03,+9.910000E+37,+6.075801E+02,+3.584400E+04,-1.857543E+00,+0.000000E+00,+9.910000E+37,+6.076465E+02,+3.584400E+04
10:50:12,0e0,+8.287687E-01,+5.779500E-03,+9.910000E+37,+6.078721E+02,+3.584400E+04,+8.300912E-01,+5.779500E-03,+9.910000E+37,+6.079385E+02,+3.584400E+04,+8.279034E-01,+5.779500E-03,+9.910000E+37,+6.080059E+02,+3.584400E+04,-1.787420E+00,+0.000000E+00,+9.910000E+37,+6.080713E+02,+3.584400E+04
10:50:12,0e0,+8.506250E-01,+6.449500E-03,+9.910000E+37,+6.082871E+02,+3.584400E+04,+8.493499E-01,+6.449500E-03,+9.910000E+37,+6.083545E+02,+3.584400E+04,+8.501700E-01,+6.449500E-03,+9.910000E+37,+6.084219E+02,+3.584400E+04,-1.783682E+00,+0.000000E+00,+9.910000E+37,+6.084873E+02,+3.584400E+04
10:50:12,0e0,+8.727552E-01,+7.197000E-03,+9.910000E+37,+6.087070E+02,+3.584400E+04,+8.695643E-01,+7.197000E-03,+9.910000E+37,+6.087734E+02,+3.584400E+04,+8.711611E-01,+7.197000E-03,+9.910000E+37,+6.088398E+02,+3.584400E+04,-1.817105E+00,+0.000000E+00,+9.910000E+37,+6.089062E+02,+3.584400E+04
10:50:12,0e0,+8.931059E-01,+8.031000E-03,+9.910000E+37,+6.091260E+02,+3.584400E+04,+8.936061E-01,+8.031000E-03,+9.910000E+37,+6.091924E+02,+3.584400E+04,+8.923317E-01,+8.031000E-03,+9.910000E+37,+6.092598E+02,+3.584400E+04,-1.826625E+00,+0.000000E+00,+9.910000E+37,+6.093252E+02,+3.584400E+04
10:50:12,0e0,+9.152327E-01,+8.961500E-03,+9.910000E+37,+6.095459E+02,+3.584400E+04,+9.159194E-01,+8.961500E-03,+9.910000E+37,+6.096123E+02,+3.584400E+04,+9.157807E-01,+8.961500E-03,+9.910000E+37,+6.096797E+02,+3.584400E+04,-1.858862E+00,+0.000000E+00,+9.910000E+37,+6.097451E+02,+3.584400E+04
