10:54:40,0e0,-1.011024E+01,+1.000000E-07,+9.910000E+37,+8.251230E+02,+3.584400E+04,+9.944493E-02,+1.000000E-07,+9.910000E+37,+8.251904E+02,+3.584400E+04,+1.003554E-01,+1.000000E-07,+9.910000E+37,+8.252559E+02,+3.584400E+04,+3.975433E-02,+0.000000E+00,+9.910000E+37,+8.253232E+02,+3.584400E+04
10:54:40,0e0,-8.096423E+00,+1.116000E-07,+9.910000E+37,+8.255449E+02,+3.584400E+04,+1.029964E-01,+1.116000E-07,+9.910000E+37,+8.256113E+02,+3.584400E+04,+1.042260E-01,+1.116000E-07,+9.910000E+37,+8.256777E+02,+3.584400E+04,+3.948107E-02,+0.000000E+00,+9.910000E+37,+8.257441E+02,+3.584400E+04
10:54:40,0e0,-7.895787E+00,+1.245000E-07,+9.910000E+37,+8.259678E+02,+3.584400E+04,+1.068208E-01,+1.245000E-07,+9.910000E+37,+8.260342E+02,+3.584400E+04,+1.046348E-01,+1.245000E-07,+9.910000E+37,+8.261006E+02,+3.584400E+04,+3.975424E-02,+0.000000E+00,+9.910000E+37,+8.261680E+02,+3.584400E+04
10:54:40,0e0,-5.250168E+00,+1.389500E-07,+9.910000E+37,+8.263936E+02,+3.584400E+04,+1.083232E-01,+1.389500E-07,+9.910000E+37,+8.264590E+02,+3.584400E+04,+1.092339E-01,+1.389500E-07,+9.910000E+37,+8.265254E+02,+3.584400E+04,+3.975457E-02,+0.000000E+00,+9.910000E+37,+8.265918E+02,+3.584400E+04
10:54:40,0e0,-2.415759E+00,+1.550500E-07,+9.910000E+37,+8.268174E+02,+3.584400E+04,+1.129221E-01,+1.550500E-07,+9.910000E+37,+8.268838E+02,+3.584400E+04,+1.119659E-01,+1.550500E-07,+9.910000E+37,+8.269502E+02,+3.584400E+04,+3.979999E-02,+0.000000E+00,+9.910000E+37,+8.270166E+02,+3.584400E+04
10:54:40,0e0,-1.904280E+00,+1.730000E-07,+9.910000E+37,+8.272402E+02,+3.584400E+04,+1.150620E-01,+1.730000E-07,+9.910000E+37,+8.273076E+02,+3.584400E+04,+1.157905E-01,+1.730000E-07,+9.910000E+37,+8.273740E+02,+3.584400E+04,+4.039174E-02,+0.000000E+00,+9.910000E+37,+8.274404E+02,+3.584400E+04
10:54:40,0e0,-9.035460E-01,+1.930500E-07,+9.910000E+37,+8.276641E+02,+3.584400E+04,+1.191595E-01,+1.930500E-07,+9.910000E+37,+8.277305E+02,+3.584400E+04,+1.191141E-01,+1.930500E-07,+9.910000E+37,+8.277969E+02,+3.584400E+04,+3.966340E-02,+0.000000E+00,+9.910000E+37,+8.278633E+02,+3.584400E+04
10:54:40,0e0,-3.431205E-01,+2.154500E-07,+9.910000E+37,+8.280879E+02,+3.584400E+04,+1.213910E-01,+2.154500E-07,+9.910000E+37,+8.281533E+02,+3.584400E+04,+1.228476E-01,+2.154500E-07,+9.910000E+37,+8.282197E+02,+3.584400E+04,+4.052824E-02,+0.000000E+00,+9.910000E+37,+8.282861E+02,+3.584400E+04
10:54:40,0e0,+1.102358E-01,+2.404000E-07,+9.910000E+37,+8.285107E+02,+3.584400E+04,+1.265813E-01,+2.404000E-07,+9.910000E+37,+8.285781E+02,+3.584400E+04,+1.260347E-01,+2.404000E-07,+9.910000E+37,+8.286455E+02,+3.584400E+04,+3.866148E-02,+0.000000E+00,+9.910000E+37,+8.287129E+02,+3.584400E+04
10:54:40,0e0,+1.296316E-01,+2.682500E-07,+9.910000E+37,+8.289346E+02,+3.584400E+04,+1.305424E-01,+2.682500E-07,+9.910000E+37,+8.290010E+02,+3.584400E+04,+1.290855E-01,+2.682500E-07,+9.910000E+37,+8.290674E+02,+3.584400E+04,+4.048294E-02,+0.000000E+00,+9.910000E+37,+8.291338E+02,+3.584400E+04
10:54:40,0e0,+1.335927E-01,+2.993500E-07,+9.910000E+37,+8.293643E+02,+3.584400E+04,+1.324095E-01,+2.993500E-07,+9.910000E+37,+8.294316E+02,+3.584400E+04,+1.328647E-01,+2.993500E-07,+9.910000E+37,+8.294971E+02,+3.584400E+04,+3.816050E-02,+0.000000E+00,+9.910000E+37,+8.295635E+02,+3.584400E+04
10:54:40,0e0,+1.376454E-01,+3.340500E-07,+9.910000E+37,+8.297930E+02,+3.584400E+04,+1.347759E-01,+3.340500E-07,+9.910000E+37,+8.298594E+02,+3.584400E+04,+1.366894E-01,+3.340500E-07,+9.910000E+37,+8.299268E+02,+3.584400E+04,-3.864960E-02,+0.000000E+00,+9.910000E+37,+8.299941E+02,+3.584400E+04
10:54:40,0e0,+1.399671E-01,+3.727500E-07,+9.910000E+37,+8.302256E+02,+3.584400E+04,+1.402400E-01,+3.727500E-07,+9.910000E+37,+8.302920E+02,+3.584400E+04,+1.406501E-01,+3.727500E-07,+9.910000E+37,+8.303584E+02,+3.584400E+04,-1.197852E-01,+0.000000E+00,+9.910000E+37,+8.304248E+02,+3.584400E+04
10:54:40,0e0,+1.443828E-01,+4.159500E-07,+9.910000E+37,+8.306475E+02,+3.584400E+04,+1.440192E-01,+4.159500E-07,+9.910000E+37,+8.307148E+02,+3.584400E+04,+1.442927E-01,+4.159500E-07,+9.910000E+37,+8.307803E+02,+3.584400E+04,-4.032699E-01,+0.000000E+00,+9.910000E+37,+8.308467E+02,+3.584400E+04
10:54:40,0e0,+1.475711E-01,+4.641500E-07,+9.910000E+37,+8.310937E+02,+3.584400E+04,+1.475710E-01,+4.641500E-07,+9.910000E+37,+8.311611E+02,+3.584400E+04,+1.482535E-01,+4.641500E-07,+9.910000E+37,+8.312285E+02,+3.584400E+04,-1.216952E+00,+0.000000E+00,+9.910000E+37,+8.312949E+02,+3.584400E+04
10:54:40,0e0,+1.515779E-01,+5.179500E-07,+9.910000E+37,+8.315166E+02,+3.584400E+04,+1.521694E-01,+5.179500E-07,+9.910000E+37,+8.315830E+02,+3.584400E+04,+1.518963E-01,+5.179500E-07,+9.910000E+37,+8.316494E+02,+3.584400E+04,-2.272920E+00,+0.000000E+00,+9.910000E+37,+8.317158E+02,+3.584400E+04
10:54:40,0e0,+1.562222E-01,+5.779500E-07,+9.910000E+37,+8.320654E+02,+3.584400E+04,+1.557663E-01,+5.779500E-07,+9.910000E+37,+8.321318E+02,+3.584400E+04,+1.568137E-01,+5.779500E-07,+9.910000E+37,+8.321982E+02,+3.584400E+04,-3.730223E+00,+0.000000E+00,+9.910000E+37,+8.322646E+02,+3.584400E+04
10:54:40,0e0,+1.612298E-01,+6.449500E-07,+9.910000E+37,+8.324922E+02,+3.584400E+04,+1.604103E-01,+6.449500E-07,+9.910000E+37,+8.325586E+02,+3.584400E+04,+1.609567E-01,+6.449500E-07,+9.910000E+37,+8.326250E+02,+3.584400E+04,-5.255227E+00,+0.000000E+00,+9.910000E+37,+8.326924E+02,+3.584400E+04
10:54:40,0e0,+1.644168E-01,+7.197000E-07,+9.910000E+37,+8.329170E+02,+3.584400E+04,+1.663293E-01,+7.197000E-07,+9.910000E+37,+8.329844E+02,+3.584400E+04,+1.668757E-01,+7.197000E-07,+9.910000E+37,+8.330508E+02,+3.584400E+04,-7.821990E+00,+0.000000E+00,+9.910000E+37,+8.331162E+02,+3.584400E+04
10:54:40,0e0,+1.700174E-01,+8.031000E-07,+9.910000E+37,+8.333398E+02,+3.584400E+04,+1.697896E-01,+8.031000E-07,+9.910000E+37,+8.334053E+02,+3.584400E+04,+1.681504E-01,+8.031000E-07,+9.910000E+37,+8.334717E+02,+3.584400E+04,-1.008369E+01,+0.000000E+00,+9.910000E+37,+8.335381E+02,+3.584400E+04
10:54:40,0e0,+1.753444E-01,+8.961500E-07,+9.910000E+37,+8.337617E+02,+3.584400E+04,+1.745248E-01,+8.961500E-07,+9.910000E+37,+8.338281E+02,+3.584400E+04,+1.751167E-01,+8.961500E-07,+9.910000E+37,+8.338945E+02,+3.584400E+04,-1.297287E+01,+0.000000E+00,+9.910000E+37,+8.339609E+02,+3.584400E+04
10:54:40,0e0,+1.804437E-01,+1.000000E-06,+9.910000E+37,+8.341875E+02,+3.584400E+04,+1.790778E-01,+1.000000E-06,+9.910000E+37,+8.342539E+02,+3.584400E+04,+1.789412E-01,+1.000000E-06,+9.910000E+37,+8.343203E+02,+3.584400E+04,-1.542447E+01,+0.000000E+00,+9.910000E+37,+8.343867E+02,+3.584400E+04
10:54:40,0e0,+1.722483E-01,+1.116000E-06,+9.910000E+37,+8.346113E+02,+3.584400E+04,+1.721575E-01,+1.116000E-06,+9.910000E+37,+8.346777E+02,+3.584400E+04,+1.723852E-01,+1.116000E-06,+9.910000E+37,+8.347451E+02,+3.584400E+04,+3.898010E-02,+0.000000E+00,+9.910000E+37,+8.348125E+02,+3.584400E+04
10:54:40,0e0,+1.769836E-01,+1.245000E-06,+9.910000E+37,+8.350361E+02,+3.584400E+04,+1.748435E-01,+1.245000E-06,+9.910000E+37,+8.351035E+02,+3.584400E+04,+1.754355E-01,+1.245000E-06,+9.910000E+37,+8.351709E+02,+3.584400E+04,+4.066467E-02,+0.000000E+00,+9.910000E+37,+8.352373E+02,+3.584400E+04
10:54:40,0e0,+1.796245E-01,+1.389500E-06,+9.910000E+37,+8.354609E+02,+3.584400E+04,+1.804439E-01,+1.389500E-06,+9.910000E+37,+8.355273E+02,+3.584400E+04,+1.792145E-01,+1.389500E-06,+9.910000E+37,+8.355947E+02,+3.584400E+04,+3.884387E-02,+0.000000E+00,+9.910000E+37,+8.356621E+02,+3.584400E+04
10:54:40,0e0,+1.824015E-01,+1.550500E-06,+9.910000E+37,+8.358877E+02,+3.584400E+04,+1.827202E-01,+1.550500E-06,+9.910000E+37,+8.359551E+02,+3.584400E+04,+1.831761E-01,+1.550500E-06,+9.910000E+37,+8.360225E+02,+3.584400E+04,+3.916234E-02,+0.000000E+00,+9.910000E+37,+8.360898E+02,+3.584400E+04
10:54:40,0e0,+1.873190E-01,+1.730000E-06,+9.910000E+37,+8.363135E+02,+3.584400E+04,+1.877742E-01,+1.730000E-06,+9.910000E+37,+8.363799E+02,+3.584400E+04,+1.861344E-01,+1.730000E-06,+9.910000E+37,+8.364463E+02,+3.584400E+04,+4.030046E-02,+0.000000E+00,+9.910000E+37,+8.365137E+02,+3.584400E+04
10:54:40,0e0,+1.914621E-01,+1.930500E-06,+9.910000E+37,+8.367373E+02,+3.584400E+04,+1.901416E-01,+1.930500E-06,+9.910000E+37,+8.368037E+02,+3.584400E+04,+1.918718E-01,+1.930500E-06,+9.910000E+37,+8.368701E+02,+3.584400E+04,+3.861597E-02,+0.000000E+00,+9.910000E+37,+8.369365E+02,+3.584400E+04
10:54:40,0e0,+1.952411E-01,+2.154500E-06,+9.910000E+37,+8.371611E+02,+3.584400E+04,+1.950138E-01,+2.154500E-06,+9.910000E+37,+8.372275E+02,+3.584400E+04,+1.953322E-01,+2.154500E-06,+9.910000E+37,+8.372939E+02,+3.584400E+04,+4.011822E-02,+0.000000E+00,+9.910000E+37,+8.373613E+02,+3.584400E+04
10:54:40,0e0,+1.991117E-01,+2.404000E-06,+9.910000E+37,+8.375859E+02,+3.584400E+04,+1.982455E-01,+2.404000E-06,+9.910000E+37,+8.376523E+02,+3.584400E+04,+1.995210E-01,+2.404000E-06,+9.910000E+37,+8.377187E+02,+3.584400E+04,+3.898031E-02,+0.000000E+00,+9.910000E+37,+8.377852E+02,+3.584400E+04
10:54:40,0e0,+2.033002E-01,+2.682500E-06,+9.910000E+37,+8.380107E+02,+3.584400E+04,+2.033457E-01,+2.682500E-06,+9.910000E+37,+8.380771E+02,+3.584400E+04,+2.026627E-01,+2.682500E-06,+9.910000E+37,+8.381445E+02,+3.584400E+04,+3.602055E-02,+0.000000E+00,+9.910000E+37,+8.382100E+02,+3.584400E+04
10:54:40,0e0,+2.075343E-01,+2.993500E-06,+9.910000E+37,+8.384316E+02,+3.584400E+04,+2.069877E-01,+2.993500E-06,+9.910000E+37,+8.384980E+02,+3.584400E+04,+2.072156E-01,+2.993500E-06,+9.910000E+37,+8.385654E+02,+3.584400E+04,+3.929821E-02,+0.000000E+00,+9.910000E+37,+8.386328E+02,+3.584400E+04
10:54:40,0e0,+2.117231E-01,+3.340500E-06,+9.910000E+37,+8.388574E+02,+3.584400E+04,+2.115865E-01,+3.340500E-06,+9.910000E+37,+8.389248E+02,+3.584400E+04,+2.118142E-01,+3.340500E-06,+9.910000E+37,+8.389902E+02,+3.584400E+04,-2.225205E-03,+0.000000E+00,+9.910000E+37,+8.390566E+02,+3.584400E+04
10:54:40,0e0,+2.162761E-01,+3.727500E-06,+9.910000E+37,+8.392822E+02,+3.584400E+04,+2.158663E-01,+3.727500E-06,+9.910000E+37,+8.393486E+02,+3.584400E+04,+2.168681E-01,+3.727500E-06,+9.910000E+37,+8.394160E+02,+3.584400E+04,+6.789938E-03,+0.000000E+00,+9.910000E+37,+8.394834E+02,+3.584400E+04
10:54:40,0e0,+2.202837E-01,+4.159500E-06,+9.910000E+37,+8.397090E+02,+3.584400E+04,+2.207839E-01,+4.159500E-06,+9.910000E+37,+8.397764E+02,+3.584400E+04,+2.205109E-01,+4.159500E-06,+9.910000E+37,+8.398418E+02,+3.584400E+04,-3.972140E-01,+0.000000E+00,+9.910000E+37,+8.399082E+02,+3.584400E+04
10:54:40,0e0,+2.252002E-01,+4.641500E-06,+9.910000E+37,+8.401328E+02,+3.584400E+04,+2.241080E-01,+4.641500E-06,+9.910000E+37,+8.401992E+02,+3.584400E+04,+2.259743E-01,+4.641500E-06,+9.910000E+37,+8.402666E+02,+3.584400E+04,-9.190727E-01,+0.000000E+00,+9.910000E+37,+8.403340E+02,+3.584400E+04
10:54:40,0e0,+2.277037E-01,+5.179500E-06,+9.910000E+37,+8.405576E+02,+3.584400E+04,+2.293896E-01,+5.179500E-06,+9.910000E+37,+8.406230E+02,+3.584400E+04,+2.297545E-01,+5.179500E-06,+9.910000E+37,+8.406895E+02,+3.584400E+04,-2.171061E+00,+0.000000E+00,+9.910000E+37,+8.407568E+02,+3.584400E+04
10:54:40,0e0,+2.330774E-01,+5.779500E-06,+9.910000E+37,+8.409785E+02,+3.584400E+04,+2.336224E-01,+5.779500E-06,+9.910000E+37,+8.410449E+02,+3.584400E+04,+2.348981E-01,+5.779500E-06,+9.910000E+37,+8.411123E+02,+3.584400E+04,-3.486935E+00,+0.000000E+00,+9.910000E+37,+8.411797E+02,+3.584400E+04
10:54:40,0e0,+2.373102E-01,+6.449500E-06,+9.910000E+37,+8.414053E+02,+3.584400E+04,+2.394512E-01,+6.449500E-06,+9.910000E+37,+8.414727E+02,+3.584400E+04,+2.383586E-01,+6.449500E-06,+9.910000E+37,+8.415381E+02,+3.584400E+04,-5.082107E+00,+0.000000E+00,+9.910000E+37,+8.416045E+02,+3.584400E+04
10:54:40,0e0,+2.427291E-01,+7.197000E-06,+9.910000E+37,+8.418291E+02,+3.584400E+04,+2.436396E-01,+7.197000E-06,+9.910000E+37,+8.418955E+02,+3.584400E+04,+2.434587E-01,+7.197000E-06,+9.910000E+37,+8.419629E+02,+3.584400E+04,-7.437777E+00,+0.000000E+00,+9.910000E+37,+8.420303E+02,+3.584400E+04
10:54:40,0e0,+2.490578E-01,+8.031000E-06,+9.910000E+37,+8.422549E+02,+3.584400E+04,+2.480568E-01,+8.031000E-06,+9.910000E+37,+8.423213E+02,+3.584400E+04,+2.490126E-01,+8.031000E-06,+9.910000E+37,+8.423887E+02,+3.584400E+04,-9.770349E+00,+0.000000E+00,+9.910000E+37,+8.424541E+02,+3.584400E+04
10:54:40,0e0,+2.537477E-01,+8.961500E-06,+9.910000E+37,+8.426748E+02,+3.584400E+04,+2.542032E-01,+8.961500E-06,+9.910000E+37,+8.427412E+02,+3.584400E+04,+2.537934E-01,+8.961500E-06,+9.910000E+37,+8.428076E+02,+3.584400E+04,-1.245756E+01,+0.000000E+00,+9.910000E+37,+8.428740E+02,+3.584400E+04
10:54:40,0e0,+2.577534E-01,+1.000000E-05,+9.910000E+37,+8.430947E+02,+3.584400E+04,+2.600315E-01,+1.000000E-05,+9.910000E+37,+8.431611E+02,+3.584400E+04,+2.591660E-01,+1.000000E-05,+9.910000E+37,+8.432275E+02,+3.584400E+04,-1.513555E+01,+0.000000E+00,+9.910000E+37,+8.432939E+02,+3.584400E+04
10:54:40,0e0,+2.524271E-01,+1.116000E-05,+9.910000E+37,+8.435156E+02,+3.584400E+04,+2.518357E-01,+1.116000E-05,+9.910000E+37,+8.435811E+02,+3.584400E+04,+2.510610E-01,+1.116000E-05,+9.910000E+37,+8.436475E+02,+3.584400E+04,+2.204248E-02,+0.000000E+00,+9.910000E+37,+8.437158E+02,+3.584400E+04
10:54:40,0e0,+2.585738E-01,+1.245000E-05,+9.910000E+37,+8.439365E+02,+3.584400E+04,+2.570263E-01,+1.245000E-05,+9.910000E+37,+8.440029E+02,+3.584400E+04,+2.581189E-01,+1.245000E-05,+9.910000E+37,+8.440703E+02,+3.584400E+04,+2.281670E-02,+0.000000E+00,+9.910000E+37,+8.441416E+02,+3.584400E+04
10:54:40,0e0,+2.615786E-01,+1.389500E-05,+9.910000E+37,+8.443623E+02,+3.584400E+04,+2.621710E-01,+1.389500E-05,+9.910000E+37,+8.444307E+02,+3.584400E+04,+2.609870E-01,+1.389500E-05,+9.910000E+37,+8.445029E+02,+3.584400E+04,+2.163279E-02,+0.000000E+00,+9.910000E+37,+8.445752E+02,+3.584400E+04
10:54:40,0e0,+2.657677E-01,+1.550500E-05,+9.910000E+37,+8.447949E+02,+3.584400E+04,+2.658131E-01,+1.550500E-05,+9.910000E+37,+8.448604E+02,+3.584400E+04,+2.672246E-01,+1.550500E-05,+9.910000E+37,+8.449268E+02,+3.584400E+04,+2.263437E-02,+0.000000E+00,+9.910000E+37,+8.449971E+02,+3.584400E+04
10:54:40,0e0,+2.706849E-01,+1.730000E-05,+9.910000E+37,+8.452187E+02,+3.584400E+04,+2.702297E-01,+1.730000E-05,+9.910000E+37,+8.452852E+02,+3.584400E+04,+2.715048E-01,+1.730000E-05,+9.910000E+37,+8.453525E+02,+3.584400E+04,+2.104118E-02,+0.000000E+00,+9.910000E+37,+8.454199E+02,+3.584400E+04
10:54:40,0e0,+2.754659E-01,+1.930500E-05,+9.910000E+37,+8.456377E+02,+3.584400E+04,+2.753292E-01,+1.930500E-05,+9.910000E+37,+8.457041E+02,+3.584400E+04,+2.750559E-01,+1.930500E-05,+9.910000E+37,+8.457715E+02,+3.584400E+04,+2.113178E-02,+0.000000E+00,+9.910000E+37,+8.458418E+02,+3.584400E+04
10:54:40,0e0,+2.799280E-01,+2.154500E-05,+9.910000E+37,+8.460635E+02,+3.584400E+04,+2.796546E-01,+2.154500E-05,+9.910000E+37,+8.461309E+02,+3.584400E+04,+2.805197E-01,+2.154500E-05,+9.910000E+37,+8.461963E+02,+3.584400E+04,+2.113192E-02,+0.000000E+00,+9.910000E+37,+8.462666E+02,+3.584400E+04
10:54:40,0e0,+2.850277E-01,+2.404000E-05,+9.910000E+37,+8.464873E+02,+3.584400E+04,+2.850274E-01,+2.404000E-05,+9.910000E+37,+8.465547E+02,+3.584400E+04,+2.840716E-01,+2.404000E-05,+9.910000E+37,+8.466201E+02,+3.584400E+04,+1.903772E-02,+0.000000E+00,+9.910000E+37,+8.466904E+02,+3.584400E+04
10:54:40,0e0,+2.905817E-01,+2.682500E-05,+9.910000E+37,+8.469111E+02,+3.584400E+04,+2.906274E-01,+2.682500E-05,+9.910000E+37,+8.469766E+02,+3.584400E+04,+2.905816E-01,+2.682500E-05,+9.910000E+37,+8.470439E+02,+3.584400E+04,+2.067687E-02,+0.000000E+00,+9.910000E+37,+8.471162E+02,+3.584400E+04
10:54:40,0e0,+2.957724E-01,+2.993500E-05,+9.910000E+37,+8.473369E+02,+3.584400E+04,+2.950895E-01,+2.993500E-05,+9.910000E+37,+8.474033E+02,+3.584400E+04,+2.947258E-01,+2.993500E-05,+9.910000E+37,+8.474707E+02,+3.584400E+04,+2.003916E-02,+0.000000E+00,+9.910000E+37,+8.475400E+02,+3.584400E+04
10:54:40,0e0,+3.005074E-01,+3.340500E-05,+9.910000E+37,+8.477646E+02,+3.584400E+04,+3.007351E-01,+3.340500E-05,+9.910000E+37,+8.478320E+02,+3.584400E+04,+3.001890E-01,+3.340500E-05,+9.910000E+37,+8.478984E+02,+3.584400E+04,+2.122280E-02,+0.000000E+00,+9.910000E+37,+8.479678E+02,+3.584400E+04
10:54:40,0e0,+3.059713E-01,+3.727500E-05,+9.910000E+37,+8.481797E+02,+3.584400E+04,+3.058805E-01,+3.727500E-05,+9.910000E+37,+8.482461E+02,+3.584400E+04,+3.049697E-01,+3.727500E-05,+9.910000E+37,+8.483125E+02,+3.584400E+04,+2.117740E-02,+0.000000E+00,+9.910000E+37,+8.483799E+02,+3.584400E+04
10:54:40,0e0,+3.107522E-01,+4.159500E-05,+9.910000E+37,+8.485918E+02,+3.584400E+04,+3.112531E-01,+4.159500E-05,+9.910000E+37,+8.486572E+02,+3.584400E+04,+3.110712E-01,+4.159500E-05,+9.910000E+37,+8.487236E+02,+3.584400E+04,+2.085878E-02,+0.000000E+00,+9.910000E+37,+8.487910E+02,+3.584400E+04
10:54:40,0e0,+3.163526E-01,+4.641500E-05,+9.910000E+37,+8.490098E+02,+3.584400E+04,+3.170810E-01,+4.641500E-05,+9.910000E+37,+8.490752E+02,+3.584400E+04,+3.163516E-01,+4.641500E-05,+9.910000E+37,+8.491416E+02,+3.584400E+04,-1.738300E-01,+0.000000E+00,+9.910000E+37,+8.492090E+02,+3.584400E+04
10:54:40,0e0,+3.220436E-01,+5.179500E-05,+9.910000E+37,+8.494229E+02,+3.584400E+04,+3.232279E-01,+5.179500E-05,+9.910000E+37,+8.494893E+02,+3.584400E+04,+3.227726E-01,+5.179500E-05,+9.910000E+37,+8.495557E+02,+3.584400E+04,-7.496423E-01,+0.000000E+00,+9.910000E+37,+8.496230E+02,+3.584400E+04
10:54:40,0e0,+3.293746E-01,+5.779500E-05,+9.910000E+37,+8.498379E+02,+3.584400E+04,+3.285090E-01,+5.779500E-05,+9.910000E+37,+8.499043E+02,+3.584400E+04,+3.280540E-01,+5.779500E-05,+9.910000E+37,+8.499707E+02,+3.584400E+04,-1.824643E+00,+0.000000E+00,+9.910000E+37,+8.500381E+02,+3.584400E+04
10:54:40,0e0,+3.336087E-01,+6.449500E-05,+9.910000E+37,+8.502529E+02,+3.584400E+04,+3.340178E-01,+6.449500E-05,+9.910000E+37,+8.503193E+02,+3.584400E+04,+3.347466E-01,+6.449500E-05,+9.910000E+37,+8.503867E+02,+3.584400E+04,-2.879056E+00,+0.000000E+00,+9.910000E+37,+8.504580E+02,+3.584400E+04
10:54:40,0e0,+3.412122E-01,+7.197000E-05,+9.910000E+37,+8.506807E+02,+3.584400E+04,+3.407564E-01,+7.197000E-05,+9.910000E+37,+8.507461E+02,+3.584400E+04,+3.398011E-01,+7.197000E-05,+9.910000E+37,+8.508125E+02,+3.584400E+04,-4.911078E+00,+0.000000E+00,+9.910000E+37,+8.508818E+02,+3.584400E+04
10:54:40,0e0,+3.472223E-01,+8.031000E-05,+9.910000E+37,+8.510947E+02,+3.584400E+04,+3.467207E-01,+8.031000E-05,+9.910000E+37,+8.511621E+02,+3.584400E+04,+3.453535E-01,+8.031000E-05,+9.910000E+37,+8.512295E+02,+3.584400E+04,-7.111939E+00,+0.000000E+00,+9.910000E+37,+8.512949E+02,+3.584400E+04
10:54:40,0e0,+3.538235E-01,+8.961500E-05,+9.910000E+37,+8.515068E+02,+3.584400E+04,+3.546888E-01,+8.961500E-05,+9.910000E+37,+8.515742E+02,+3.584400E+04,+3.541433E-01,+8.961500E-05,+9.910000E+37,+8.516396E+02,+3.584400E+04,-9.460910E+00,+0.000000E+00,+9.910000E+37,+8.517061E+02,+3.584400E+04
10:54:40,0e0,+3.595595E-01,+1.000000E-04,+9.910000E+37,+8.519180E+02,+3.584400E+04,+3.608357E-01,+1.000000E-04,+9.910000E+37,+8.519844E+02,+3.584400E+04,+3.606076E-01,+1.000000E-04,+9.910000E+37,+8.520518E+02,+3.584400E+04,-1.195875E+01,+0.000000E+00,+9.910000E+37,+8.521172E+02,+3.584400E+04
10:54:40,0e0,+3.562372E-01,+1.116000E-04,+9.910000E+37,+8.523408E+02,+3.584400E+04,+3.554627E-01,+1.116000E-04,+9.910000E+37,+8.524072E+02,+3.584400E+04,+3.561006E-01,+1.116000E-04,+9.910000E+37,+8.524736E+02,+3.584400E+04,-6.780187E-01,+0.000000E+00,+9.910000E+37,+8.525400E+02,+3.584400E+04
10:54:40,0e0,+3.619735E-01,+1.245000E-04,+9.910000E+37,+8.527607E+02,+3.584400E+04,+3.616103E-01,+1.245000E-04,+9.910000E+37,+8.528271E+02,+3.584400E+04,+3.612449E-01,+1.245000E-04,+9.910000E+37,+8.528945E+02,+3.584400E+04,-6.226040E-01,+0.000000E+00,+9.910000E+37,+8.529600E+02,+3.584400E+04
10:54:40,0e0,+3.674371E-01,+1.389500E-04,+9.910000E+37,+8.531816E+02,+3.584400E+04,+3.683023E-01,+1.389500E-04,+9.910000E+37,+8.532490E+02,+3.584400E+04,+3.673016E-01,+1.389500E-04,+9.910000E+37,+8.533145E+02,+3.584400E+04,-7.650319E-01,+0.000000E+00,+9.910000E+37,+8.533809E+02,+3.584400E+04
10:54:40,0e0,+3.739482E-01,+1.550500E-04,+9.910000E+37,+8.536064E+02,+3.584400E+04,+3.738115E-01,+1.550500E-04,+9.910000E+37,+8.536729E+02,+3.584400E+04,+3.740389E-01,+1.550500E-04,+9.910000E+37,+8.537393E+02,+3.584400E+04,-6.399073E-01,+0.000000E+00,+9.910000E+37,+8.538047E+02,+3.584400E+04
10:54:40,0e0,+3.808229E-01,+1.730000E-04,+9.910000E+37,+8.540303E+02,+3.584400E+04,+3.795488E-01,+1.730000E-04,+9.910000E+37,+8.540957E+02,+3.584400E+04,+3.803234E-01,+1.730000E-04,+9.910000E+37,+8.541621E+02,+3.584400E+04,-7.599328E-01,+0.000000E+00,+9.910000E+37,+8.542285E+02,+3.584400E+04
10:54:40,0e0,+3.871072E-01,+1.930500E-04,+9.910000E+37,+8.544492E+02,+3.584400E+04,+3.871973E-01,+1.930500E-04,+9.910000E+37,+8.545156E+02,+3.584400E+04,+3.873795E-01,+1.930500E-04,+9.910000E+37,+8.545820E+02,+3.584400E+04,-7.375302E-01,+0.000000E+00,+9.910000E+37,+8.546475E+02,+3.584400E+04
10:54:40,0e0,+3.946185E-01,+2.154500E-04,+9.910000E+37,+8.548672E+02,+3.584400E+04,+3.939357E-01,+2.154500E-04,+9.910000E+37,+8.549336E+02,+3.584400E+04,+3.927975E-01,+2.154500E-04,+9.910000E+37,+8.550000E+02,+3.584400E+04,-6.583022E-01,+0.000000E+00,+9.910000E+37,+8.550674E+02,+3.584400E+04
10:54:40,0e0,+3.993542E-01,+2.404000E-04,+9.910000E+37,+8.552871E+02,+3.584400E+04,+4.011754E-01,+2.404000E-04,+9.910000E+37,+8.553535E+02,+3.584400E+04,+4.008113E-01,+2.404000E-04,+9.910000E+37,+8.554209E+02,+3.584400E+04,-6.912685E-01,+0.000000E+00,+9.910000E+37,+8.554863E+02,+3.584400E+04
10:54:40,0e0,+4.076409E-01,+2.682500E-04,+9.910000E+37,+8.557070E+02,+3.584400E+04,+4.070492E-01,+2.682500E-04,+9.910000E+37,+8.557744E+02,+3.584400E+04,+4.061364E-01,+2.682500E-04,+9.910000E+37,+8.558398E+02,+3.584400E+04,-7.613440E-01,+0.000000E+00,+9.910000E+37,+8.559062E+02,+3.584400E+04
10:54:40,0e0,+4.128752E-01,+2.993500E-04,+9.910000E+37,+8.561279E+02,+3.584400E+04,+4.141510E-01,+2.993500E-04,+9.910000E+37,+8.561953E+02,+3.584400E+04,+4.169291E-01,+2.993500E-04,+9.910000E+37,+8.562607E+02,+3.584400E+04,-7.437229E-01,+0.000000E+00,+9.910000E+37,+8.563271E+02,+3.584400E+04
10:54:40,0e0,+4.218920E-01,+3.340500E-04,+9.910000E+37,+8.565537E+02,+3.584400E+04,+4.213914E-01,+3.340500E-04,+9.910000E+37,+8.566211E+02,+3.584400E+04,+4.226207E-01,+3.340500E-04,+9.910000E+37,+8.566865E+02,+3.584400E+04,-7.160382E-01,+0.000000E+00,+9.910000E+37,+8.567529E+02,+3.584400E+04
10:54:40,0e0,+4.299047E-01,+3.727500E-04,+9.910000E+37,+8.569746E+02,+3.584400E+04,+4.309069E-01,+3.727500E-04,+9.910000E+37,+8.570410E+02,+3.584400E+04,+4.294964E-01,+3.727500E-04,+9.910000E+37,+8.571084E+02,+3.584400E+04,-7.408997E-01,+0.000000E+00,+9.910000E+37,+8.571738E+02,+3.584400E+04
10:54:40,0e0,+4.371443E-01,+4.159500E-04,+9.910000E+37,+8.574014E+02,+3.584400E+04,+4.378726E-01,+4.159500E-04,+9.910000E+37,+8.574668E+02,+3.584400E+04,+4.380552E-01,+4.159500E-04,+9.910000E+37,+8.575332E+02,+3.584400E+04,-6.498786E-01,+0.000000E+00,+9.910000E+37,+8.576006E+02,+3.584400E+04
10:54:40,0e0,+4.476160E-01,+4.641500E-04,+9.910000E+37,+8.578252E+02,+3.584400E+04,+4.447477E-01,+4.641500E-04,+9.910000E+37,+8.578916E+02,+3.584400E+04,+4.455220E-01,+4.641500E-04,+9.910000E+37,+8.579580E+02,+3.584400E+04,-7.367558E-01,+0.000000E+00,+9.910000E+37,+8.580254E+02,+3.584400E+04
10:54:40,0e0,+4.552653E-01,+5.179500E-04,+9.910000E+37,+8.582490E+02,+3.584400E+04,+4.551744E-01,+5.179500E-04,+9.910000E+37,+8.583154E+02,+3.584400E+04,+4.546732E-01,+5.179500E-04,+9.910000E+37,+8.583828E+02,+3.584400E+04,-6.071228E-01,+0.000000E+00,+9.910000E+37,+8.584482E+02,+3.584400E+04
10:54:40,0e0,+4.639176E-01,+5.779500E-04,+9.910000E+37,+8.586689E+02,+3.584400E+04,+4.630969E-01,+5.779500E-04,+9.910000E+37,+8.587363E+02,+3.584400E+04,+4.629142E-01,+5.779500E-04,+9.910000E+37,+8.588037E+02,+3.584400E+04,-7.952663E-01,+0.000000E+00,+9.910000E+37,+8.588691E+02,+3.584400E+04
10:54:40,0e0,+4.729770E-01,+6.449500E-04,+9.910000E+37,+8.590938E+02,+3.584400E+04,+4.727493E-01,+6.449500E-04,+9.910000E+37,+8.591602E+02,+3.584400E+04,+4.726126E-01,+6.449500E-04,+9.910000E+37,+8.592275E+02,+3.584400E+04,-1.078984E+00,+0.000000E+00,+9.910000E+37,+8.592930E+02,+3.584400E+04
10:54:40,0e0,+4.822198E-01,+7.197000E-04,+9.910000E+37,+8.595146E+02,+3.584400E+04,+4.816728E-01,+7.197000E-04,+9.910000E+37,+8.595801E+02,+3.584400E+04,+4.805338E-01,+7.197000E-04,+9.910000E+37,+8.596465E+02,+3.584400E+04,-1.299730E+00,+0.000000E+00,+9.910000E+37,+8.597129E+02,+3.584400E+04
10:54:40,0e0,+4.905976E-01,+8.031000E-04,+9.910000E+37,+8.599395E+02,+3.584400E+04,+4.911887E-01,+8.031000E-04,+9.910000E+37,+8.600049E+02,+3.584400E+04,+4.932378E-01,+8.031000E-04,+9.910000E+37,+8.600713E+02,+3.584400E+04,-1.729838E+00,+0.000000E+00,+9.910000E+37,+8.601377E+02,+3.584400E+04
10:54:40,0e0,+5.015697E-01,+8.961500E-04,+9.910000E+37,+8.603643E+02,+3.584400E+04,+5.012072E-01,+8.961500E-04,+9.910000E+37,+8.604297E+02,+3.584400E+04,+5.012059E-01,+8.961500E-04,+9.910000E+37,+8.604971E+02,+3.584400E+04,-1.796135E+00,+0.000000E+00,+9.910000E+37,+8.605625E+02,+3.584400E+04
10:54:40,0e0,+5.125886E-01,+1.000000E-03,+9.910000E+37,+8.607803E+02,+3.584400E+04,+5.120875E-01,+1.000000E-03,+9.910000E+37,+8.608457E+02,+3.584400E+04,+5.123607E-01,+1.000000E-03,+9.910000E+37,+8.609131E+02,+3.584400E+04,-2.354510E+00,+0.000000E+00,+9.910000E+37,+8.609795E+02,+3.584400E+04
10:54:40,0e0,+5.102679E-01,+1.116000E-03,+9.910000E+37,+8.612051E+02,+3.584400E+04,+5.102661E-01,+1.116000E-03,+9.910000E+37,+8.612715E+02,+3.584400E+04,+5.111768E-01,+1.116000E-03,+9.910000E+37,+8.613389E+02,+3.584400E+04,-1.846768E+00,+0.000000E+00,+9.910000E+37,+8.614063E+02,+3.584400E+04
10:54:40,0e0,+5.194175E-01,+1.245000E-03,+9.910000E+37,+8.616309E+02,+3.584400E+04,+5.193714E-01,+1.245000E-03,+9.910000E+37,+8.616963E+02,+3.584400E+04,+5.206015E-01,+1.245000E-03,+9.910000E+37,+8.617627E+02,+3.584400E+04,-1.809205E+00,+0.000000E+00,+9.910000E+37,+8.618291E+02,+3.584400E+04
10:54:40,0e0,+5.308928E-01,+1.389500E-03,+9.910000E+37,+8.620498E+02,+3.584400E+04,+5.301628E-01,+1.389500E-03,+9.910000E+37,+8.621172E+02,+3.584400E+04,+5.309824E-01,+1.389500E-03,+9.910000E+37,+8.621826E+02,+3.584400E+04,-1.822546E+00,+0.000000E+00,+9.910000E+37,+8.622490E+02,+3.584400E+04
10:54:40,0e0,+5.421823E-01,+1.550500E-03,+9.910000E+37,+8.624717E+02,+3.584400E+04,+5.404983E-01,+1.550500E-03,+9.910000E+37,+8.625391E+02,+3.584400E+04,+5.413635E-01,+1.550500E-03,+9.910000E+37,+8.626045E+02,+3.584400E+04,-1.824412E+00,+0.000000E+00,+9.910000E+37,+8.626709E+02,+3.584400E+04
10:54:40,0e0,+5.537024E-01,+1.730000E-03,+9.910000E+37,+8.628965E+02,+3.584400E+04,+5.531105E-01,+1.730000E-03,+9.910000E+37,+8.629619E+02,+3.584400E+04,+5.523819E-01,+1.730000E-03,+9.910000E+37,+8.630283E+02,+3.584400E+04,-1.812117E+00,+0.000000E+00,+9.910000E+37,+8.630957E+02,+3.584400E+04
10:54:40,0e0,+5.634462E-01,+1.930500E-03,+9.910000E+37,+8.633164E+02,+3.584400E+04,+5.640377E-01,+1.930500E-03,+9.910000E+37,+8.633818E+02,+3.584400E+04,+5.646746E-01,+1.930500E-03,+9.910000E+37,+8.634482E+02,+3.584400E+04,-1.843307E+00,+0.000000E+00,+9.910000E+37,+8.635156E+02,+3.584400E+04
10:54:40,0e0,+5.749189E-01,+2.154500E-03,+9.910000E+37,+8.637373E+02,+3.584400E+04,+5.762401E-01,+2.154500E-03,+9.910000E+37,+8.638047E+02,+3.584400E+04,+5.760117E-01,+2.154500E-03,+9.910000E+37,+8.638711E+02,+3.584400E+04,-1.853826E+00,+0.000000E+00,+9.910000E+37,+8.639365E+02,+3.584400E+04
10:54:40,0e0,+5.887157E-01,+2.404000E-03,+9.910000E+37,+8.641611E+02,+3.584400E+04,+5.891703E-01,+2.404000E-03,+9.910000E+37,+8.642285E+02,+3.584400E+04,+5.878045E-01,+2.404000E-03,+9.910000E+37,+8.642939E+02,+3.584400E+04,-1.828281E+00,+0.000000E+00,+9.910000E+37,+8.643604E+02,+3.584400E+04
10:54:40,0e0,+6.011908E-01,+2.682500E-03,+9.910000E+37,+8.645801E+02,+3.584400E+04,+6.011449E-01,+2.682500E-03,+9.910000E+37,+8.646475E+02,+3.584400E+04,+6.013726E-01,+2.682500E-03,+9.910000E+37,+8.647129E+02,+3.584400E+04,-1.826234E+00,+0.000000E+00,+9.910000E+37,+8.647803E+02,+3.584400E+04
10:54:40,0e0,+6.154869E-01,+2.993500E-03,+9.910000E+37,+8.650039E+02,+3.584400E+04,+6.139849E-01,+2.993500E-03,+9.910000E+37,+8.650713E+02,+3.584400E+04,+6.138479E-01,+2.993500E-03,+9.910000E+37,+8.651387E+02,+3.584400E+04,-1.804013E+00,+0.000000E+00,+9.910000E+37,+8.652041E+02,+3.584400E+04
10:54:40,0e0,+6.287820E-01,+3.340500E-03,+9.910000E+37,+8.654316E+02,+3.584400E+04,+6.282352E-01,+3.340500E-03,+9.910000E+37,+8.654990E+02,+3.584400E+04,+6.275529E-01,+3.340500E-03,+9.910000E+37,+8.655645E+02,+3.584400E+04,-1.847905E+00,+0.000000E+00,+9.910000E+37,+8.656309E+02,+3.584400E+04
10:54:40,0e0,+6.422586E-01,+3.727500E-03,+9.910000E+37,+8.658535E+02,+3.584400E+04,+6.411206E-01,+3.727500E-03,+9.910000E+37,+8.659209E+02,+3.584400E+04,+6.412112E-01,+3.727500E-03,+9.910000E+37,+8.659873E+02,+3.584400E+04,-1.837980E+00,+0.000000E+00,+9.910000E+37,+8.660537E+02,+3.584400E+04
10:54:40,0e0,+6.553722E-01,+4.159500E-03,+9.910000E+37,+8.662783E+02,+3.584400E+04,+6.569650E-01,+4.159500E-03,+9.910000E+37,+8.663438E+02,+3.584400E+04,+6.562370E-01,+4.159500E-03,+9.910000E+37,+8.664102E+02,+3.584400E+04,-1.871675E+00,+0.000000E+00,+9.910000E+37,+8.664766E+02,+3.584400E+04
10:54:40,0e0,+6.709427E-01,+4.641500E-03,+9.910000E+37,+8.667021E+02,+3.584400E+04,+6.711707E-01,+4.641500E-03,+9.910000E+37,+8.667686E+02,+3.584400E+04,+6.705330E-01,+4.641500E-03,+9.910000E+37,+8.668350E+02,+3.584400E+04,-1.834564E+00,+0.000000E+00,+9.910000E+37,+8.669014E+02,+3.584400E+04
10:54:40,0e0,+6.865135E-01,+5.179500E-03,+9.910000E+37,+8.671279E+02,+3.584400E+04,+6.853309E-01,+5.179500E-03,+9.910000E+37,+8.671953E+02,+3.584400E+04,+6.860589E-01,+5.179500E-03,+9.910000E+37,+8.672627E+02,+3.584400E+04,-1.886928E+00,+0.000000E+00,+9.910000E+37,+8.673301E+02,+3.584400E+04
10:54:40,0e0,+6.997182E-01,+5.779500E-03,+9.910000E+37,+8.675527E+02,+3.584400E+04,+6.992174E-01,+5.779500E-03,+9.910000E+37,+8.676201E+02,+3.584400E+04,+6.998090E-01,+5.779500E-03,+9.910000E+37,+8.676855E+02,+3.584400E+04,-1.788986E+00,+0.000000E+00,+9.910000E+37,+8.677520E+02,+3.584400E+04
10:54:40,0e0,+7.145611E-01,+6.449500E-03,+9.910000E+37,+8.679775E+02,+3.584400E+04,+7.138324E-01,+6.449500E-03,+9.910000E+37,+8.680430E+02,+3.584400E+04,+7.142419E-01,+6.449500E-03,+9.910000E+37,+8.681094E+02,+3.584400E+04,-1.874817E+00,+0.000000E+00,+9.910000E+37,+8.681758E+02,+3.584400E+04
10:54:40,0e0,+7.306333E-01,+7.197000E-03,+9.910000E+37,+8.684023E+02,+3.584400E+04,+7.295860E-01,+7.197000E-03,+9.910000E+37,+8.684688E+02,+3.584400E+04,+7.295870E-01,+7.197000E-03,+9.910000E+37,+8.685352E+02,+3.584400E+04,-1.821496E+00,+0.000000E+00,+9.910000E+37,+8.686016E+02,+3.584400E+04
10:54:40,0e0,+7.452033E-01,+8.031000E-03,+9.910000E+37,+8.688262E+02,+3.584400E+04,+7.455676E-01,+8.031000E-03,+9.910000E+37,+8.688936E+02,+3.584400E+04,+7.444286E-01,+8.031000E-03,+9.910000E+37,+8.689590E+02,+3.584400E+04,-1.816851E+00,+0.000000E+00,+9.910000E+37,+8.690254E+02,+3.584400E+04
10:54:40,0e0,+7.584046E-01,+8.961500E-03,+9.910000E+37,+8.692461E+02,+3.584400E+04,+7.600915E-01,+8.961500E-03,+9.910000E+37,+8.693125E+02,+3.584400E+04,+7.578589E-01,+8.961500E-03,+9.910000E+37,+8.693789E+02,+3.584400E+04,-1.847677E+00,+0.000000E+00,+9.910000E+37,+8.694453E+02,+3.584400E+04
