10:56:31,0e0,+1.243418E-02,+1.000000E-07,+9.910000E+37,+9.339160E+02,+3.584400E+04,+1.325408E-02,+1.000000E-07,+9.910000E+37,+9.339814E+02,+3.584400E+04,+1.320855E-02,+1.000000E-07,+9.910000E+37,+9.340479E+02,+3.584400E+04,-8.691892E-03,+0.000000E+00,+9.910000E+37,+9.341143E+02,+3.584400E+04
10:56:31,0e0,+1.502968E-02,+1.116000E-07,+9.910000E+37,+9.343398E+02,+3.584400E+04,+1.452871E-02,+1.116000E-07,+9.910000E+37,+9.344072E+02,+3.584400E+04,+1.434660E-02,+1.116000E-07,+9.910000E+37,+9.344746E+02,+3.584400E+04,-8.281797E-03,+0.000000E+00,+9.910000E+37,+9.345420E+02,+3.584400E+04
10:56:31,0e0,+1.676014E-02,+1.245000E-07,+9.910000E+37,+9.347656E+02,+3.584400E+04,+1.539367E-02,+1.245000E-07,+9.910000E+37,+9.348320E+02,+3.584400E+04,+1.726073E-02,+1.245000E-07,+9.910000E+37,+9.348984E+02,+3.584400E+04,-8.282065E-03,+0.000000E+00,+9.910000E+37,+9.349648E+02,+3.584400E+04
10:56:31,0e0,+1.935476E-02,+1.389500E-07,+9.910000E+37,+9.351904E+02,+3.584400E+04,+1.944584E-02,+1.389500E-07,+9.910000E+37,+9.352568E+02,+3.584400E+04,+1.903623E-02,+1.389500E-07,+9.910000E+37,+9.353232E+02,+3.584400E+04,-7.598996E-03,+0.000000E+00,+9.910000E+37,+9.353906E+02,+3.584400E+04
10:56:31,0e0,+2.286083E-02,+1.550500E-07,+9.910000E+37,+9.356162E+02,+3.584400E+04,+2.231428E-02,+1.550500E-07,+9.910000E+37,+9.356826E+02,+3.584400E+04,+2.217750E-02,+1.550500E-07,+9.910000E+37,+9.357500E+02,+3.584400E+04,-9.056225E-03,+0.000000E+00,+9.910000E+37,+9.358154E+02,+3.584400E+04
10:56:31,0e0,+2.500091E-02,+1.730000E-07,+9.910000E+37,+9.360410E+02,+3.584400E+04,+2.481855E-02,+1.730000E-07,+9.910000E+37,+9.361074E+02,+3.584400E+04,+2.431808E-02,+1.730000E-07,+9.910000E+37,+9.361738E+02,+3.584400E+04,-7.507980E-03,+0.000000E+00,+9.910000E+37,+9.362412E+02,+3.584400E+04
10:56:31,0e0,+2.741382E-02,+1.930500E-07,+9.910000E+37,+9.364648E+02,+3.584400E+04,+2.814251E-02,+1.930500E-07,+9.910000E+37,+9.365322E+02,+3.584400E+04,+2.818802E-02,+1.930500E-07,+9.910000E+37,+9.365986E+02,+3.584400E+04,-8.919343E-03,+0.000000E+00,+9.910000E+37,+9.366641E+02,+3.584400E+04
10:56:31,0e0,+3.233093E-02,+2.154500E-07,+9.910000E+37,+9.368896E+02,+3.584400E+04,+3.096524E-02,+2.154500E-07,+9.910000E+37,+9.369561E+02,+3.584400E+04,+3.187567E-02,+2.154500E-07,+9.910000E+37,+9.370225E+02,+3.584400E+04,-8.099526E-03,+0.000000E+00,+9.910000E+37,+9.370889E+02,+3.584400E+04
10:56:31,0e0,+3.510845E-02,+2.404000E-07,+9.910000E+37,+9.373125E+02,+3.584400E+04,+3.437966E-02,+2.404000E-07,+9.910000E+37,+9.373789E+02,+3.584400E+04,+3.501731E-02,+2.404000E-07,+9.910000E+37,+9.374453E+02,+3.584400E+04,-7.644638E-03,+0.000000E+00,+9.910000E+37,+9.375127E+02,+3.584400E+04
10:56:31,0e0,+3.802231E-02,+2.682500E-07,+9.910000E+37,+9.377373E+02,+3.584400E+04,+4.007128E-02,+2.682500E-07,+9.910000E+37,+9.378037E+02,+3.584400E+04,+3.802186E-02,+2.682500E-07,+9.910000E+37,+9.378701E+02,+3.584400E+04,-7.508099E-03,+0.000000E+00,+9.910000E+37,+9.379365E+02,+3.584400E+04
10:56:31,0e0,+4.234764E-02,+2.993500E-07,+9.910000E+37,+9.381611E+02,+3.584400E+04,+4.303056E-02,+2.993500E-07,+9.910000E+37,+9.382275E+02,+3.584400E+04,+4.266638E-02,+2.993500E-07,+9.910000E+37,+9.382939E+02,+3.584400E+04,-8.464009E-03,+0.000000E+00,+9.910000E+37,+9.383604E+02,+3.584400E+04
10:56:31,0e0,+4.753873E-02,+3.340500E-07,+9.910000E+37,+9.385859E+02,+3.584400E+04,+4.717439E-02,+3.340500E-07,+9.910000E+37,+9.386523E+02,+3.584400E+04,+4.721984E-02,+3.340500E-07,+9.910000E+37,+9.387188E+02,+3.584400E+04,-8.828104E-03,+0.000000E+00,+9.910000E+37,+9.387852E+02,+3.584400E+04
10:56:31,0e0,+5.254656E-02,+3.727500E-07,+9.910000E+37,+9.390088E+02,+3.584400E+04,+5.086195E-02,+3.727500E-07,+9.910000E+37,+9.390752E+02,+3.584400E+04,+5.063418E-02,+3.727500E-07,+9.910000E+37,+9.391416E+02,+3.584400E+04,-8.464068E-03,+0.000000E+00,+9.910000E+37,+9.392080E+02,+3.584400E+04
10:56:31,0e0,+5.714563E-02,+4.159500E-07,+9.910000E+37,+9.394336E+02,+3.584400E+04,+5.659860E-02,+4.159500E-07,+9.910000E+37,+9.395000E+02,+3.584400E+04,+5.641660E-02,+4.159500E-07,+9.910000E+37,+9.395664E+02,+3.584400E+04,-7.781267E-03,+0.000000E+00,+9.910000E+37,+9.396328E+02,+3.584400E+04
10:56:31,0e0,+6.160718E-02,+4.641500E-07,+9.910000E+37,+9.398574E+02,+3.584400E+04,+6.115156E-02,+4.641500E-07,+9.910000E+37,+9.399238E+02,+3.584400E+04,+6.165239E-02,+4.641500E-07,+9.910000E+37,+9.399902E+02,+3.584400E+04,-7.416993E-03,+0.000000E+00,+9.910000E+37,+9.400566E+02,+3.584400E+04
10:56:31,0e0,+6.770793E-02,+5.179500E-07,+9.910000E+37,+9.402783E+02,+3.584400E+04,+6.720725E-02,+5.179500E-07,+9.910000E+37,+9.403447E+02,+3.584400E+04,+6.779903E-02,+5.179500E-07,+9.910000E+37,+9.404121E+02,+3.584400E+04,-7.826492E-03,+0.000000E+00,+9.910000E+37,+9.404775E+02,+3.584400E+04
10:56:31,0e0,+7.276180E-02,+5.779500E-07,+9.910000E+37,+9.407012E+02,+3.584400E+04,+7.303521E-02,+5.779500E-07,+9.910000E+37,+9.407686E+02,+3.584400E+04,+7.185134E-02,+5.779500E-07,+9.910000E+37,+9.408350E+02,+3.584400E+04,-7.963300E-03,+0.000000E+00,+9.910000E+37,+9.409014E+02,+3.584400E+04
10:56:31,0e0,+8.022872E-02,+6.449500E-07,+9.910000E+37,+9.411270E+02,+3.584400E+04,+7.931787E-02,+6.449500E-07,+9.910000E+37,+9.411943E+02,+3.584400E+04,+7.991019E-02,+6.449500E-07,+9.910000E+37,+9.412607E+02,+3.584400E+04,-8.783117E-03,+0.000000E+00,+9.910000E+37,+9.413271E+02,+3.584400E+04
10:56:31,0e0,+8.746821E-02,+7.197000E-07,+9.910000E+37,+9.415518E+02,+3.584400E+04,+8.724040E-02,+7.197000E-07,+9.910000E+37,+9.416182E+02,+3.584400E+04,+8.642092E-02,+7.197000E-07,+9.910000E+37,+9.416855E+02,+3.584400E+04,-8.100033E-03,+0.000000E+00,+9.910000E+37,+9.417510E+02,+3.584400E+04
10:56:31,0e0,+9.302285E-02,+8.031000E-07,+9.910000E+37,+9.419756E+02,+3.584400E+04,+9.452537E-02,+8.031000E-07,+9.910000E+37,+9.420420E+02,+3.584400E+04,+9.261307E-02,+8.031000E-07,+9.910000E+37,+9.421084E+02,+3.584400E+04,-7.826746E-03,+0.000000E+00,+9.910000E+37,+9.421748E+02,+3.584400E+04
10:56:31,0e0,+1.012183E-01,+8.961500E-07,+9.910000E+37,+9.424004E+02,+3.584400E+04,+9.948805E-02,+8.961500E-07,+9.910000E+37,+9.424668E+02,+3.584400E+04,+1.007176E-01,+8.961500E-07,+9.910000E+37,+9.425332E+02,+3.584400E+04,-8.145556E-03,+0.000000E+00,+9.910000E+37,+9.425996E+02,+3.584400E+04
10:56:31,0e0,+1.085941E-01,+1.000000E-06,+9.910000E+37,+9.428193E+02,+3.584400E+04,+1.078658E-01,+1.000000E-06,+9.910000E+37,+9.428857E+02,+3.584400E+04,+1.090496E-01,+1.000000E-06,+9.910000E+37,+9.429521E+02,+3.584400E+04,-7.371500E-03,+0.000000E+00,+9.910000E+37,+9.430186E+02,+3.584400E+04
10:56:31,0e0,+1.044054E-01,+1.116000E-06,+9.910000E+37,+9.432422E+02,+3.584400E+04,+1.065454E-01,+1.116000E-06,+9.910000E+37,+9.433086E+02,+3.584400E+04,+1.060903E-01,+1.116000E-06,+9.910000E+37,+9.433750E+02,+3.584400E+04,-6.870598E-03,+0.000000E+00,+9.910000E+37,+9.434414E+02,+3.584400E+04
10:56:31,0e0,+1.122363E-01,+1.245000E-06,+9.910000E+37,+9.436670E+02,+3.584400E+04,+1.119635E-01,+1.245000E-06,+9.910000E+37,+9.437344E+02,+3.584400E+04,+1.131019E-01,+1.245000E-06,+9.910000E+37,+9.437998E+02,+3.584400E+04,-7.326066E-03,+0.000000E+00,+9.910000E+37,+9.438662E+02,+3.584400E+04
10:56:31,0e0,+1.192479E-01,+1.389500E-06,+9.910000E+37,+9.440918E+02,+3.584400E+04,+1.208876E-01,+1.389500E-06,+9.910000E+37,+9.441592E+02,+3.584400E+04,+1.192940E-01,+1.389500E-06,+9.910000E+37,+9.442246E+02,+3.584400E+04,-8.099824E-03,+0.000000E+00,+9.910000E+37,+9.442910E+02,+3.584400E+04
10:56:31,0e0,+1.286274E-01,+1.550500E-06,+9.910000E+37,+9.445166E+02,+3.584400E+04,+1.286273E-01,+1.550500E-06,+9.910000E+37,+9.445840E+02,+3.584400E+04,+1.283545E-01,+1.550500E-06,+9.910000E+37,+9.446494E+02,+3.584400E+04,-7.052869E-03,+0.000000E+00,+9.910000E+37,+9.447158E+02,+3.584400E+04
10:56:31,0e0,+1.375053E-01,+1.730000E-06,+9.910000E+37,+9.449414E+02,+3.584400E+04,+1.376428E-01,+1.730000E-06,+9.910000E+37,+9.450068E+02,+3.584400E+04,+1.381433E-01,+1.730000E-06,+9.910000E+37,+9.450732E+02,+3.584400E+04,-8.236423E-03,+0.000000E+00,+9.910000E+37,+9.451396E+02,+3.584400E+04
10:56:31,0e0,+1.480693E-01,+1.930500E-06,+9.910000E+37,+9.453652E+02,+3.584400E+04,+1.472501E-01,+1.930500E-06,+9.910000E+37,+9.454326E+02,+3.584400E+04,+1.471124E-01,+1.930500E-06,+9.910000E+37,+9.455000E+02,+3.584400E+04,-8.737192E-03,+0.000000E+00,+9.910000E+37,+9.455654E+02,+3.584400E+04
10:56:31,0e0,+1.581766E-01,+2.154500E-06,+9.910000E+37,+9.457920E+02,+3.584400E+04,+1.582677E-01,+2.154500E-06,+9.910000E+37,+9.458594E+02,+3.584400E+04,+1.582676E-01,+2.154500E-06,+9.910000E+37,+9.459248E+02,+3.584400E+04,-7.599130E-03,+0.000000E+00,+9.910000E+37,+9.459912E+02,+3.584400E+04
10:56:31,0e0,+1.677835E-01,+2.404000E-06,+9.910000E+37,+9.462148E+02,+3.584400E+04,+1.693771E-01,+2.404000E-06,+9.910000E+37,+9.462813E+02,+3.584400E+04,+1.696960E-01,+2.404000E-06,+9.910000E+37,+9.463477E+02,+3.584400E+04,-8.464336E-03,+0.000000E+00,+9.910000E+37,+9.464150E+02,+3.584400E+04
10:56:31,0e0,+1.795760E-01,+2.682500E-06,+9.910000E+37,+9.466406E+02,+3.584400E+04,+1.785282E-01,+2.682500E-06,+9.910000E+37,+9.467070E+02,+3.584400E+04,+1.801231E-01,+2.682500E-06,+9.910000E+37,+9.467734E+02,+3.584400E+04,-8.327663E-03,+0.000000E+00,+9.910000E+37,+9.468398E+02,+3.584400E+04
10:56:31,0e0,+1.930984E-01,+2.993500E-06,+9.910000E+37,+9.470645E+02,+3.584400E+04,+1.928709E-01,+2.993500E-06,+9.910000E+37,+9.471309E+02,+3.584400E+04,+1.918235E-01,+2.993500E-06,+9.910000E+37,+9.471982E+02,+3.584400E+04,-7.371515E-03,+0.000000E+00,+9.910000E+37,+9.472646E+02,+3.584400E+04
10:56:31,0e0,+2.039347E-01,+3.340500E-06,+9.910000E+37,+9.474902E+02,+3.584400E+04,+2.043898E-01,+3.340500E-06,+9.910000E+37,+9.475576E+02,+3.584400E+04,+2.057558E-01,+3.340500E-06,+9.910000E+37,+9.476230E+02,+3.584400E+04,-8.190572E-03,+0.000000E+00,+9.910000E+37,+9.476895E+02,+3.584400E+04
10:56:31,0e0,+2.173654E-01,+3.727500E-06,+9.910000E+37,+9.479111E+02,+3.584400E+04,+2.177302E-01,+3.727500E-06,+9.910000E+37,+9.479785E+02,+3.584400E+04,+2.181402E-01,+3.727500E-06,+9.910000E+37,+9.480439E+02,+3.584400E+04,-1.014884E-02,+0.000000E+00,+9.910000E+37,+9.481104E+02,+3.584400E+04
10:56:31,0e0,+2.321178E-01,+4.159500E-06,+9.910000E+37,+9.483340E+02,+3.584400E+04,+2.308425E-01,+4.159500E-06,+9.910000E+37,+9.484004E+02,+3.584400E+04,+2.312073E-01,+4.159500E-06,+9.910000E+37,+9.484668E+02,+3.584400E+04,-8.600801E-03,+0.000000E+00,+9.910000E+37,+9.485342E+02,+3.584400E+04
10:56:31,0e0,+2.451843E-01,+4.641500E-06,+9.910000E+37,+9.487617E+02,+3.584400E+04,+2.460502E-01,+4.641500E-06,+9.910000E+37,+9.488271E+02,+3.584400E+04,+2.472796E-01,+4.641500E-06,+9.910000E+37,+9.488936E+02,+3.584400E+04,-8.600846E-03,+0.000000E+00,+9.910000E+37,+9.489600E+02,+3.584400E+04
10:56:31,0e0,+2.628060E-01,+5.179500E-06,+9.910000E+37,+9.491855E+02,+3.584400E+04,+2.620769E-01,+5.179500E-06,+9.910000E+37,+9.492529E+02,+3.584400E+04,+2.627600E-01,+5.179500E-06,+9.910000E+37,+9.493184E+02,+3.584400E+04,-9.830281E-03,+0.000000E+00,+9.910000E+37,+9.493848E+02,+3.584400E+04
10:56:31,0e0,+2.797888E-01,+5.779500E-06,+9.910000E+37,+9.496104E+02,+3.584400E+04,+2.801978E-01,+5.779500E-06,+9.910000E+37,+9.496768E+02,+3.584400E+04,+2.796512E-01,+5.779500E-06,+9.910000E+37,+9.497441E+02,+3.584400E+04,-8.464336E-03,+0.000000E+00,+9.910000E+37,+9.498115E+02,+3.584400E+04
10:56:31,0e0,+2.960878E-01,+6.449500E-06,+9.910000E+37,+9.500381E+02,+3.584400E+04,+2.958600E-01,+6.449500E-06,+9.910000E+37,+9.501045E+02,+3.584400E+04,+2.967706E-01,+6.449500E-06,+9.910000E+37,+9.501709E+02,+3.584400E+04,-8.737475E-03,+0.000000E+00,+9.910000E+37,+9.502363E+02,+3.584400E+04
10:56:31,0e0,+3.143457E-01,+7.197000E-06,+9.910000E+37,+9.504609E+02,+3.584400E+04,+3.138438E-01,+7.197000E-06,+9.910000E+37,+9.505273E+02,+3.584400E+04,+3.136624E-01,+7.197000E-06,+9.910000E+37,+9.505947E+02,+3.584400E+04,-9.284362E-03,+0.000000E+00,+9.910000E+37,+9.506602E+02,+3.584400E+04
10:56:31,0e0,+3.325123E-01,+8.031000E-06,+9.910000E+37,+9.508838E+02,+3.584400E+04,+3.329219E-01,+8.031000E-06,+9.910000E+37,+9.509512E+02,+3.584400E+04,+3.327394E-01,+8.031000E-06,+9.910000E+37,+9.510186E+02,+3.584400E+04,-9.375244E-03,+0.000000E+00,+9.910000E+37,+9.510840E+02,+3.584400E+04
10:56:31,0e0,+3.529098E-01,+8.961500E-06,+9.910000E+37,+9.513057E+02,+3.584400E+04,+3.530917E-01,+8.961500E-06,+9.910000E+37,+9.513721E+02,+3.584400E+04,+3.509963E-01,+8.961500E-06,+9.910000E+37,+9.514375E+02,+3.584400E+04,-8.600950E-03,+0.000000E+00,+9.910000E+37,+9.515039E+02,+3.584400E+04
10:56:31,0e0,+3.731704E-01,+1.000000E-05,+9.910000E+37,+9.517266E+02,+3.584400E+04,+3.724877E-01,+1.000000E-05,+9.910000E+37,+9.517930E+02,+3.584400E+04,+3.732614E-01,+1.000000E-05,+9.910000E+37,+9.518594E+02,+3.584400E+04,-1.256211E-02,+0.000000E+00,+9.910000E+37,+9.519258E+02,+3.584400E+04
10:56:31,0e0,+3.812745E-01,+1.116000E-05,+9.910000E+37,+9.521445E+02,+3.584400E+04,+3.814570E-01,+1.116000E-05,+9.910000E+37,+9.522119E+02,+3.584400E+04,+3.820488E-01,+1.116000E-05,+9.910000E+37,+9.522793E+02,+3.584400E+04,-1.005787E-02,+0.000000E+00,+9.910000E+37,+9.523467E+02,+3.584400E+04
10:56:31,0e0,+4.033573E-01,+1.245000E-05,+9.910000E+37,+9.525674E+02,+3.584400E+04,+4.019461E-01,+1.245000E-05,+9.910000E+37,+9.526348E+02,+3.584400E+04,+4.038581E-01,+1.245000E-05,+9.910000E+37,+9.527002E+02,+3.584400E+04,-9.329453E-03,+0.000000E+00,+9.910000E+37,+9.527705E+02,+3.584400E+04
10:56:31,0e0,+4.238919E-01,+1.389500E-05,+9.910000E+37,+9.529873E+02,+3.584400E+04,+4.254392E-01,+1.389500E-05,+9.910000E+37,+9.530537E+02,+3.584400E+04,+4.258491E-01,+1.389500E-05,+9.910000E+37,+9.531201E+02,+3.584400E+04,-9.283796E-03,+0.000000E+00,+9.910000E+37,+9.531924E+02,+3.584400E+04
10:56:31,0e0,+4.466553E-01,+1.550500E-05,+9.910000E+37,+9.534121E+02,+3.584400E+04,+4.478858E-01,+1.550500E-05,+9.910000E+37,+9.534785E+02,+3.584400E+04,+4.468837E-01,+1.550500E-05,+9.910000E+37,+9.535459E+02,+3.584400E+04,-8.008957E-03,+0.000000E+00,+9.910000E+37,+9.536133E+02,+3.584400E+04
10:56:31,0e0,+4.714251E-01,+1.730000E-05,+9.910000E+37,+9.538330E+02,+3.584400E+04,+4.705145E-01,+1.730000E-05,+9.910000E+37,+9.539004E+02,+3.584400E+04,+4.721535E-01,+1.730000E-05,+9.910000E+37,+9.539658E+02,+3.584400E+04,-9.739190E-03,+0.000000E+00,+9.910000E+37,+9.540361E+02,+3.584400E+04
10:56:31,0e0,+4.972412E-01,+1.930500E-05,+9.910000E+37,+9.542568E+02,+3.584400E+04,+4.966938E-01,+1.930500E-05,+9.910000E+37,+9.543242E+02,+3.584400E+04,+4.957380E-01,+1.930500E-05,+9.910000E+37,+9.543896E+02,+3.584400E+04,-9.010762E-03,+0.000000E+00,+9.910000E+37,+9.544600E+02,+3.584400E+04
10:56:31,0e0,+5.213716E-01,+2.154500E-05,+9.910000E+37,+9.546826E+02,+3.584400E+04,+5.215081E-01,+2.154500E-05,+9.910000E+37,+9.547490E+02,+3.584400E+04,+5.207341E-01,+2.154500E-05,+9.910000E+37,+9.548164E+02,+3.584400E+04,-8.691952E-03,+0.000000E+00,+9.910000E+37,+9.548838E+02,+3.584400E+04
10:56:31,0e0,+5.454559E-01,+2.404000E-05,+9.910000E+37,+9.551016E+02,+3.584400E+04,+5.481890E-01,+2.404000E-05,+9.910000E+37,+9.551689E+02,+3.584400E+04,+5.467768E-01,+2.404000E-05,+9.910000E+37,+9.552344E+02,+3.584400E+04,-8.919686E-03,+0.000000E+00,+9.910000E+37,+9.553047E+02,+3.584400E+04
10:56:31,0e0,+5.730497E-01,+2.682500E-05,+9.910000E+37,+9.555273E+02,+3.584400E+04,+5.739596E-01,+2.682500E-05,+9.910000E+37,+9.555938E+02,+3.584400E+04,+5.728216E-01,+2.682500E-05,+9.910000E+37,+9.556602E+02,+3.584400E+04,-9.238616E-03,+0.000000E+00,+9.910000E+37,+9.557285E+02,+3.584400E+04
10:56:31,0e0,+6.004569E-01,+2.993500E-05,+9.910000E+37,+9.559404E+02,+3.584400E+04,+6.017784E-01,+2.993500E-05,+9.910000E+37,+9.560068E+02,+3.584400E+04,+6.012766E-01,+2.993500E-05,+9.910000E+37,+9.560732E+02,+3.584400E+04,-9.967059E-03,+0.000000E+00,+9.910000E+37,+9.561387E+02,+3.584400E+04
10:56:31,0e0,+6.303709E-01,+3.340500E-05,+9.910000E+37,+9.563496E+02,+3.584400E+04,+6.315539E-01,+3.340500E-05,+9.910000E+37,+9.564150E+02,+3.584400E+04,+6.297342E-01,+3.340500E-05,+9.910000E+37,+9.564814E+02,+3.584400E+04,-1.010372E-02,+0.000000E+00,+9.910000E+37,+9.565488E+02,+3.584400E+04
10:56:31,0e0,+6.609215E-01,+3.727500E-05,+9.910000E+37,+9.567656E+02,+3.584400E+04,+6.614676E-01,+3.727500E-05,+9.910000E+37,+9.568330E+02,+3.584400E+04,+6.611487E-01,+3.727500E-05,+9.910000E+37,+9.568994E+02,+3.584400E+04,-9.648040E-03,+0.000000E+00,+9.910000E+37,+9.569648E+02,+3.584400E+04
10:56:31,0e0,+6.914720E-01,+4.159500E-05,+9.910000E+37,+9.571846E+02,+3.584400E+04,+6.930658E-01,+4.159500E-05,+9.910000E+37,+9.572500E+02,+3.584400E+04,+6.927014E-01,+4.159500E-05,+9.910000E+37,+9.573164E+02,+3.584400E+04,-8.282170E-03,+0.000000E+00,+9.910000E+37,+9.573828E+02,+3.584400E+04
10:56:31,0e0,+7.244817E-01,+4.641500E-05,+9.910000E+37,+9.575977E+02,+3.584400E+04,+7.241172E-01,+4.641500E-05,+9.910000E+37,+9.576641E+02,+3.584400E+04,+7.239350E-01,+4.641500E-05,+9.910000E+37,+9.577295E+02,+3.584400E+04,-8.327782E-03,+0.000000E+00,+9.910000E+37,+9.577959E+02,+3.584400E+04
10:56:31,0e0,+7.583109E-01,+5.179500E-05,+9.910000E+37,+9.580117E+02,+3.584400E+04,+7.571279E-01,+5.179500E-05,+9.910000E+37,+9.580791E+02,+3.584400E+04,+7.574000E-01,+5.179500E-05,+9.910000E+37,+9.581445E+02,+3.584400E+04,-8.965299E-03,+0.000000E+00,+9.910000E+37,+9.582129E+02,+3.584400E+04
10:56:31,0e0,+7.915931E-01,+5.779500E-05,+9.910000E+37,+9.584336E+02,+3.584400E+04,+7.907277E-01,+5.779500E-05,+9.910000E+37,+9.585000E+02,+3.584400E+04,+7.916840E-01,+5.779500E-05,+9.910000E+37,+9.585664E+02,+3.584400E+04,-9.693712E-03,+0.000000E+00,+9.910000E+37,+9.586348E+02,+3.584400E+04
10:56:31,0e0,+8.268791E-01,+6.449500E-05,+9.910000E+37,+9.588555E+02,+3.584400E+04,+8.268334E-01,+6.449500E-05,+9.910000E+37,+9.589219E+02,+3.584400E+04,+8.271066E-01,+6.449500E-05,+9.910000E+37,+9.589883E+02,+3.584400E+04,-8.965194E-03,+0.000000E+00,+9.910000E+37,+9.590586E+02,+3.584400E+04
10:56:31,0e0,+8.630756E-01,+7.197000E-05,+9.910000E+37,+9.592705E+02,+3.584400E+04,+8.627117E-01,+7.197000E-05,+9.910000E+37,+9.593428E+02,+3.584400E+04,+8.634855E-01,+7.197000E-05,+9.910000E+37,+9.594102E+02,+3.584400E+04,-9.693831E-03,+0.000000E+00,+9.910000E+37,+9.594756E+02,+3.584400E+04
10:56:31,0e0,+9.005028E-01,+8.031000E-05,+9.910000E+37,+9.596885E+02,+3.584400E+04,+9.010928E-01,+8.031000E-05,+9.910000E+37,+9.597559E+02,+3.584400E+04,+9.019583E-01,+8.031000E-05,+9.910000E+37,+9.598213E+02,+3.584400E+04,-9.511769E-03,+0.000000E+00,+9.910000E+37,+9.598877E+02,+3.584400E+04
10:56:31,0e0,+9.413887E-01,+8.961500E-05,+9.910000E+37,+9.601045E+02,+3.584400E+04,+9.408410E-01,+8.961500E-05,+9.910000E+37,+9.601709E+02,+3.584400E+04,+9.407504E-01,+8.961500E-05,+9.910000E+37,+9.602373E+02,+3.584400E+04,-9.375483E-03,+0.000000E+00,+9.910000E+37,+9.603047E+02,+3.584400E+04
10:56:31,0e0,+9.824548E-01,+1.000000E-04,+9.910000E+37,+9.605176E+02,+3.584400E+04,+9.823192E-01,+1.000000E-04,+9.910000E+37,+9.605840E+02,+3.584400E+04,+9.822282E-01,+1.000000E-04,+9.910000E+37,+9.606504E+02,+3.584400E+04,-9.284034E-03,+0.000000E+00,+9.910000E+37,+9.607168E+02,+3.584400E+04
10:56:31,0e0,+1.013371E+00,+1.116000E-04,+9.910000E+37,+9.609385E+02,+3.584400E+04,+1.012506E+00,+1.116000E-04,+9.910000E+37,+9.610059E+02,+3.584400E+04,+1.012962E+00,+1.116000E-04,+9.910000E+37,+9.610713E+02,+3.584400E+04,-2.012016E-02,+0.000000E+00,+9.910000E+37,+9.611387E+02,+3.584400E+04
10:56:31,0e0,+1.057490E+00,+1.245000E-04,+9.910000E+37,+9.613613E+02,+3.584400E+04,+1.055350E+00,+1.245000E-04,+9.910000E+37,+9.614277E+02,+3.584400E+04,+1.056761E+00,+1.245000E-04,+9.910000E+37,+9.614941E+02,+3.584400E+04,-2.039339E-02,+0.000000E+00,+9.910000E+37,+9.615596E+02,+3.584400E+04
10:56:31,0e0,+1.099650E+00,+1.389500E-04,+9.910000E+37,+9.617832E+02,+3.584400E+04,+1.099648E+00,+1.389500E-04,+9.910000E+37,+9.618506E+02,+3.584400E+04,+1.100973E+00,+1.389500E-04,+9.910000E+37,+9.619170E+02,+3.584400E+04,-1.998359E-02,+0.000000E+00,+9.910000E+37,+9.619834E+02,+3.584400E+04
10:56:31,0e0,+1.146182E+00,+1.550500E-04,+9.910000E+37,+9.622090E+02,+3.584400E+04,+1.146228E+00,+1.550500E-04,+9.910000E+37,+9.622764E+02,+3.584400E+04,+1.147366E+00,+1.550500E-04,+9.910000E+37,+9.623418E+02,+3.584400E+04,-2.144082E-02,+0.000000E+00,+9.910000E+37,+9.624092E+02,+3.584400E+04
10:56:31,0e0,+1.193670E+00,+1.730000E-04,+9.910000E+37,+9.626328E+02,+3.584400E+04,+1.194080E+00,+1.730000E-04,+9.910000E+37,+9.627002E+02,+3.584400E+04,+1.193622E+00,+1.730000E-04,+9.910000E+37,+9.627676E+02,+3.584400E+04,-2.034789E-02,+0.000000E+00,+9.910000E+37,+9.628330E+02,+3.584400E+04
10:56:31,0e0,+1.242980E+00,+1.930500E-04,+9.910000E+37,+9.630566E+02,+3.584400E+04,+1.242706E+00,+1.930500E-04,+9.910000E+37,+9.631221E+02,+3.584400E+04,+1.244163E+00,+1.930500E-04,+9.910000E+37,+9.631895E+02,+3.584400E+04,-2.175954E-02,+0.000000E+00,+9.910000E+37,+9.632549E+02,+3.584400E+04
10:56:31,0e0,+1.294110E+00,+2.154500E-04,+9.910000E+37,+9.634795E+02,+3.584400E+04,+1.294429E+00,+2.154500E-04,+9.910000E+37,+9.635469E+02,+3.584400E+04,+1.293791E+00,+2.154500E-04,+9.910000E+37,+9.636123E+02,+3.584400E+04,-2.066661E-02,+0.000000E+00,+9.910000E+37,+9.636797E+02,+3.584400E+04
10:56:31,0e0,+1.346607E+00,+2.404000E-04,+9.910000E+37,+9.639004E+02,+3.584400E+04,+1.346697E+00,+2.404000E-04,+9.910000E+37,+9.639658E+02,+3.584400E+04,+1.346881E+00,+2.404000E-04,+9.910000E+37,+9.640332E+02,+3.584400E+04,-2.130419E-02,+0.000000E+00,+9.910000E+37,+9.640986E+02,+3.584400E+04
10:56:31,0e0,+1.398555E+00,+2.682500E-04,+9.910000E+37,+9.643193E+02,+3.584400E+04,+1.401015E+00,+2.682500E-04,+9.910000E+37,+9.643867E+02,+3.584400E+04,+1.401835E+00,+2.682500E-04,+9.910000E+37,+9.644521E+02,+3.584400E+04,-2.185045E-02,+0.000000E+00,+9.910000E+37,+9.645195E+02,+3.584400E+04
10:56:31,0e0,+1.455970E+00,+2.993500E-04,+9.910000E+37,+9.647412E+02,+3.584400E+04,+1.457017E+00,+2.993500E-04,+9.910000E+37,+9.648066E+02,+3.584400E+04,+1.458156E+00,+2.993500E-04,+9.910000E+37,+9.648740E+02,+3.584400E+04,-2.130410E-02,+0.000000E+00,+9.910000E+37,+9.649395E+02,+3.584400E+04
10:56:31,0e0,+1.510972E+00,+3.340500E-04,+9.910000E+37,+9.651660E+02,+3.584400E+04,+1.509923E+00,+3.340500E-04,+9.910000E+37,+9.652334E+02,+3.584400E+04,+1.511155E+00,+3.340500E-04,+9.910000E+37,+9.653008E+02,+3.584400E+04,-2.007468E-02,+0.000000E+00,+9.910000E+37,+9.653662E+02,+3.584400E+04
10:56:31,0e0,+1.553223E+00,+3.727500E-04,+9.910000E+37,+9.655938E+02,+3.584400E+04,+1.553633E+00,+3.727500E-04,+9.910000E+37,+9.656602E+02,+3.584400E+04,+1.553496E+00,+3.727500E-04,+9.910000E+37,+9.657266E+02,+3.584400E+04,-2.166857E-02,+0.000000E+00,+9.910000E+37,+9.657939E+02,+3.584400E+04
10:56:31,0e0,+1.608860E+00,+4.159500E-04,+9.910000E+37,+9.660176E+02,+3.584400E+04,+1.609635E+00,+4.159500E-04,+9.910000E+37,+9.660840E+02,+3.584400E+04,+1.609906E+00,+4.159500E-04,+9.910000E+37,+9.661514E+02,+3.584400E+04,-2.189606E-02,+0.000000E+00,+9.910000E+37,+9.662168E+02,+3.584400E+04
10:56:31,0e0,+1.670007E+00,+4.641500E-04,+9.910000E+37,+9.664395E+02,+3.584400E+04,+1.670599E+00,+4.641500E-04,+9.910000E+37,+9.665059E+02,+3.584400E+04,+1.670917E+00,+4.641500E-04,+9.910000E+37,+9.665732E+02,+3.584400E+04,-2.148633E-02,+0.000000E+00,+9.910000E+37,+9.666406E+02,+3.584400E+04
10:56:31,0e0,+2.280341E+00,+5.179500E-04,+9.910000E+37,+9.668652E+02,+3.584400E+04,+2.004836E+00,+5.179500E-04,+9.910000E+37,+9.669316E+02,+3.584400E+04,+1.986898E+00,+5.179500E-04,+9.910000E+37,+9.669980E+02,+3.584400E+04,-2.034788E-02,+0.000000E+00,+9.910000E+37,+9.670654E+02,+3.584400E+04
10:56:31,0e0,+1.762571E+00,+5.779500E-04,+9.910000E+37,+9.672900E+02,+3.584400E+04,+1.762388E+00,+5.779500E-04,+9.910000E+37,+9.673564E+02,+3.584400E+04,+1.763435E+00,+5.779500E-04,+9.910000E+37,+9.674229E+02,+3.584400E+04,-2.262475E-02,+0.000000E+00,+9.910000E+37,+9.674893E+02,+3.584400E+04
10:56:31,0e0,+1.824172E+00,+6.449500E-04,+9.910000E+37,+9.677139E+02,+3.584400E+04,+1.825630E+00,+6.449500E-04,+9.910000E+37,+9.677803E+02,+3.584400E+04,+1.824674E+00,+6.449500E-04,+9.910000E+37,+9.678467E+02,+3.584400E+04,-1.989269E-02,+0.000000E+00,+9.910000E+37,+9.679141E+02,+3.584400E+04
10:56:31,0e0,+1.922835E+00,+7.197000E-04,+9.910000E+37,+9.681387E+02,+3.584400E+04,+1.924112E+00,+7.197000E-04,+9.910000E+37,+9.682051E+02,+3.584400E+04,+1.924567E+00,+7.197000E-04,+9.910000E+37,+9.682715E+02,+3.584400E+04,-2.194157E-02,+0.000000E+00,+9.910000E+37,+9.683389E+02,+3.584400E+04
10:56:31,0e0,+1.913958E+00,+8.031000E-04,+9.910000E+37,+9.685625E+02,+3.584400E+04,+1.912316E+00,+8.031000E-04,+9.910000E+37,+9.686299E+02,+3.584400E+04,+1.914641E+00,+8.031000E-04,+9.910000E+37,+9.686963E+02,+3.584400E+04,-2.162284E-02,+0.000000E+00,+9.910000E+37,+9.687637E+02,+3.584400E+04
10:56:31,0e0,+1.974969E+00,+8.961500E-04,+9.910000E+37,+9.689854E+02,+3.584400E+04,+1.974560E+00,+8.961500E-04,+9.910000E+37,+9.690518E+02,+3.584400E+04,+1.973828E+00,+8.961500E-04,+9.910000E+37,+9.691191E+02,+3.584400E+04,-2.116793E-02,+0.000000E+00,+9.910000E+37,+9.691846E+02,+3.584400E+04
10:56:31,0e0,+2.036297E+00,+1.000000E-03,+9.910000E+37,+9.694072E+02,+3.584400E+04,+2.036616E+00,+1.000000E-03,+9.910000E+37,+9.694746E+02,+3.584400E+04,+2.037663E+00,+1.000000E-03,+9.910000E+37,+9.695410E+02,+3.584400E+04,-2.171430E-02,+0.000000E+00,+9.910000E+37,+9.696084E+02,+3.584400E+04
10:56:31,0e0,+2.086059E+00,+1.116000E-03,+9.910000E+37,+9.698311E+02,+3.584400E+04,+2.087291E+00,+1.116000E-03,+9.910000E+37,+9.698975E+02,+3.584400E+04,+2.087198E+00,+1.116000E-03,+9.910000E+37,+9.699648E+02,+3.584400E+04,-1.244582E+00,+0.000000E+00,+9.910000E+37,+9.700322E+02,+3.584400E+04
10:56:31,0e0,+2.150848E+00,+1.245000E-03,+9.910000E+37,+9.702559E+02,+3.584400E+04,+2.151032E+00,+1.245000E-03,+9.910000E+37,+9.703223E+02,+3.584400E+04,+2.151034E+00,+1.245000E-03,+9.910000E+37,+9.703896E+02,+3.584400E+04,-1.227235E+00,+0.000000E+00,+9.910000E+37,+9.704570E+02,+3.584400E+04
10:56:31,0e0,+2.217509E+00,+1.389500E-03,+9.910000E+37,+9.706758E+02,+3.584400E+04,+2.217189E+00,+1.389500E-03,+9.910000E+37,+9.707422E+02,+3.584400E+04,+2.216100E+00,+1.389500E-03,+9.910000E+37,+9.708096E+02,+3.584400E+04,-1.192446E+00,+0.000000E+00,+9.910000E+37,+9.708750E+02,+3.584400E+04
10:56:31,0e0,+2.284666E+00,+1.550500E-03,+9.910000E+37,+9.711016E+02,+3.584400E+04,+2.284663E+00,+1.550500E-03,+9.910000E+37,+9.711689E+02,+3.584400E+04,+2.284664E+00,+1.550500E-03,+9.910000E+37,+9.712344E+02,+3.584400E+04,-1.223637E+00,+0.000000E+00,+9.910000E+37,+9.713008E+02,+3.584400E+04
10:56:31,0e0,+2.353458E+00,+1.730000E-03,+9.910000E+37,+9.715234E+02,+3.584400E+04,+2.354417E+00,+1.730000E-03,+9.910000E+37,+9.715908E+02,+3.584400E+04,+2.353823E+00,+1.730000E-03,+9.910000E+37,+9.716582E+02,+3.584400E+04,-1.225640E+00,+0.000000E+00,+9.910000E+37,+9.717236E+02,+3.584400E+04
10:56:31,0e0,+2.425215E+00,+1.930500E-03,+9.910000E+37,+9.719424E+02,+3.584400E+04,+2.426034E+00,+1.930500E-03,+9.910000E+37,+9.720088E+02,+3.584400E+04,+2.427445E+00,+1.930500E-03,+9.910000E+37,+9.720752E+02,+3.584400E+04,-1.211571E+00,+0.000000E+00,+9.910000E+37,+9.721416E+02,+3.584400E+04
10:56:31,0e0,+2.501024E+00,+2.154500E-03,+9.910000E+37,+9.723633E+02,+3.584400E+04,+2.501434E+00,+2.154500E-03,+9.910000E+37,+9.724287E+02,+3.584400E+04,+2.501252E+00,+2.154500E-03,+9.910000E+37,+9.724951E+02,+3.584400E+04,-1.226824E+00,+0.000000E+00,+9.910000E+37,+9.725625E+02,+3.584400E+04
10:56:31,0e0,+2.577190E+00,+2.404000E-03,+9.910000E+37,+9.727832E+02,+3.584400E+04,+2.578515E+00,+2.404000E-03,+9.910000E+37,+9.728506E+02,+3.584400E+04,+2.577511E+00,+2.404000E-03,+9.910000E+37,+9.729180E+02,+3.584400E+04,-1.231013E+00,+0.000000E+00,+9.910000E+37,+9.729834E+02,+3.584400E+04
10:56:31,0e0,+2.660241E+00,+2.682500E-03,+9.910000E+37,+9.732080E+02,+3.584400E+04,+2.657688E+00,+2.682500E-03,+9.910000E+37,+9.732744E+02,+3.584400E+04,+2.658101E+00,+2.682500E-03,+9.910000E+37,+9.733408E+02,+3.584400E+04,-1.194497E+00,+0.000000E+00,+9.910000E+37,+9.734082E+02,+3.584400E+04
10:56:31,0e0,+2.744155E+00,+2.993500E-03,+9.910000E+37,+9.736289E+02,+3.584400E+04,+2.742288E+00,+2.993500E-03,+9.910000E+37,+9.736953E+02,+3.584400E+04,+2.742193E+00,+2.993500E-03,+9.910000E+37,+9.737617E+02,+3.584400E+04,-1.220812E+00,+0.000000E+00,+9.910000E+37,+9.738281E+02,+3.584400E+04
10:56:31,0e0,+2.828883E+00,+3.340500E-03,+9.910000E+37,+9.740547E+02,+3.584400E+04,+2.829980E+00,+3.340500E-03,+9.910000E+37,+9.741221E+02,+3.584400E+04,+2.829294E+00,+3.340500E-03,+9.910000E+37,+9.741875E+02,+3.584400E+04,-1.238572E+00,+0.000000E+00,+9.910000E+37,+9.742539E+02,+3.584400E+04
10:56:31,0e0,+2.921314E+00,+3.727500E-03,+9.910000E+37,+9.744775E+02,+3.584400E+04,+2.920221E+00,+3.727500E-03,+9.910000E+37,+9.745439E+02,+3.584400E+04,+2.920721E+00,+3.727500E-03,+9.910000E+37,+9.746104E+02,+3.584400E+04,-1.232880E+00,+0.000000E+00,+9.910000E+37,+9.746768E+02,+3.584400E+04
10:56:31,0e0,+3.016973E+00,+4.159500E-03,+9.910000E+37,+9.749004E+02,+3.584400E+04,+3.015514E+00,+4.159500E-03,+9.910000E+37,+9.749668E+02,+3.584400E+04,+3.014191E+00,+4.159500E-03,+9.910000E+37,+9.750342E+02,+3.584400E+04,-1.235475E+00,+0.000000E+00,+9.910000E+37,+9.750996E+02,+3.584400E+04
10:56:31,0e0,+3.114907E+00,+4.641500E-03,+9.910000E+37,+9.753223E+02,+3.584400E+04,+3.115409E+00,+4.641500E-03,+9.910000E+37,+9.753896E+02,+3.584400E+04,+3.115046E+00,+4.641500E-03,+9.910000E+37,+9.754551E+02,+3.584400E+04,-1.210978E+00,+0.000000E+00,+9.910000E+37,+9.755215E+02,+3.584400E+04
10:56:31,0e0,+3.219854E+00,+5.179500E-03,+9.910000E+37,+9.757422E+02,+3.584400E+04,+3.220538E+00,+5.179500E-03,+9.910000E+37,+9.758096E+02,+3.584400E+04,+3.219306E+00,+5.179500E-03,+9.910000E+37,+9.758750E+02,+3.584400E+04,-1.218945E+00,+0.000000E+00,+9.910000E+37,+9.759414E+02,+3.584400E+04
10:56:31,0e0,+3.330447E+00,+5.779500E-03,+9.910000E+37,+9.761631E+02,+3.584400E+04,+3.331129E+00,+5.779500E-03,+9.910000E+37,+9.762305E+02,+3.584400E+04,+3.329349E+00,+5.779500E-03,+9.910000E+37,+9.762979E+02,+3.584400E+04,-1.193404E+00,+0.000000E+00,+9.910000E+37,+9.763633E+02,+3.584400E+04
10:56:31,0e0,+3.450739E+00,+6.449500E-03,+9.910000E+37,+9.765879E+02,+3.584400E+04,+3.448916E+00,+6.449500E-03,+9.910000E+37,+9.766543E+02,+3.584400E+04,+3.449191E+00,+6.449500E-03,+9.910000E+37,+9.767207E+02,+3.584400E+04,-1.178696E+00,+0.000000E+00,+9.910000E+37,+9.767881E+02,+3.584400E+04
10:56:31,0e0,+3.582866E+00,+7.197000E-03,+9.910000E+37,+9.770117E+02,+3.584400E+04,+3.587554E+00,+7.197000E-03,+9.910000E+37,+9.770781E+02,+3.584400E+04,+3.589288E+00,+7.197000E-03,+9.910000E+37,+9.771445E+02,+3.584400E+04,-1.169407E+00,+0.000000E+00,+9.910000E+37,+9.772119E+02,+3.584400E+04
10:56:31,0e0,+3.738849E+00,+8.031000E-03,+9.910000E+37,+9.774336E+02,+3.584400E+04,+3.669827E+00,+8.031000E-03,+9.910000E+37,+9.774990E+02,+3.584400E+04,+3.666913E+00,+8.031000E-03,+9.910000E+37,+9.775654E+02,+3.584400E+04,-1.156839E+00,+0.000000E+00,+9.910000E+37,+9.776328E+02,+3.584400E+04
10:56:31,0e0,+3.787293E+00,+8.961500E-03,+9.910000E+37,+9.778525E+02,+3.584400E+04,+3.787065E+00,+8.961500E-03,+9.910000E+37,+9.779189E+02,+3.584400E+04,+3.784925E+00,+8.961500E-03,+9.910000E+37,+9.779854E+02,+3.584400E+04,-1.192538E+00,+0.000000E+00,+9.910000E+37,+9.780518E+02,+3.584400E+04
