16:36:23,0e0,+1.196906E-02,+1.000000E-07,+9.910000E+37,+1.121854E+03,+3.584400E+04,+1.142289E-02,+1.000000E-07,+9.910000E+37,+1.121920E+03,+3.584400E+04,+1.347116E-02,+1.000000E-07,+9.910000E+37,+1.121987E+03,+3.584400E+04,-5.240962E-03,+0.000000E+00,+9.910000E+37,+1.122053E+03,+3.584400E+04
16:36:23,0e0,+1.137641E-02,+1.056500E-07,+9.910000E+37,+1.122287E+03,+3.584400E+04,+1.151367E-02,+1.056500E-07,+9.910000E+37,+1.122354E+03,+3.584400E+04,+1.260588E-02,+1.056500E-07,+9.910000E+37,+1.122421E+03,+3.584400E+04,-5.104244E-03,+0.000000E+00,+9.910000E+37,+1.122486E+03,+3.584400E+04
16:36:23,0e0,+1.379022E-02,+1.116000E-07,+9.910000E+37,+1.122715E+03,+3.584400E+04,+1.306145E-02,+1.116000E-07,+9.910000E+37,+1.122780E+03,+3.584400E+04,+1.360831E-02,+1.116000E-07,+9.910000E+37,+1.122847E+03,+3.584400E+04,-5.012900E-03,+0.000000E+00,+9.910000E+37,+1.122913E+03,+3.584400E+04
16:36:23,0e0,+1.424551E-02,+1.179000E-07,+9.910000E+37,+1.123144E+03,+3.584400E+04,+1.378982E-02,+1.179000E-07,+9.910000E+37,+1.123210E+03,+3.584400E+04,+1.515612E-02,+1.179000E-07,+9.910000E+37,+1.123277E+03,+3.584400E+04,-5.878180E-03,+0.000000E+00,+9.910000E+37,+1.123344E+03,+3.584400E+04
16:36:23,0e0,+1.574814E-02,+1.245000E-07,+9.910000E+37,+1.123575E+03,+3.584400E+04,+1.552035E-02,+1.245000E-07,+9.910000E+37,+1.123642E+03,+3.584400E+04,+1.520163E-02,+1.245000E-07,+9.910000E+37,+1.123708E+03,+3.584400E+04,-4.603311E-03,+0.000000E+00,+9.910000E+37,+1.123775E+03,+3.584400E+04
16:36:23,0e0,+1.806954E-02,+1.315500E-07,+9.910000E+37,+1.124001E+03,+3.584400E+04,+1.756890E-02,+1.315500E-07,+9.910000E+37,+1.124067E+03,+3.584400E+04,+1.793355E-02,+1.315500E-07,+9.910000E+37,+1.124134E+03,+3.584400E+04,-4.102051E-03,+0.000000E+00,+9.910000E+37,+1.124200E+03,+3.584400E+04
16:36:23,0e0,+1.939017E-02,+1.389500E-07,+9.910000E+37,+1.124426E+03,+3.584400E+04,+1.957192E-02,+1.389500E-07,+9.910000E+37,+1.124492E+03,+3.584400E+04,+1.861611E-02,+1.389500E-07,+9.910000E+37,+1.124559E+03,+3.584400E+04,-4.648745E-03,+0.000000E+00,+9.910000E+37,+1.124625E+03,+3.584400E+04
16:36:23,0e0,+1.925342E-02,+1.468000E-07,+9.910000E+37,+1.124860E+03,+3.584400E+04,+2.002746E-02,+1.468000E-07,+9.910000E+37,+1.124927E+03,+3.584400E+04,+1.970862E-02,+1.468000E-07,+9.910000E+37,+1.124992E+03,+3.584400E+04,-5.195409E-03,+0.000000E+00,+9.910000E+37,+1.125059E+03,+3.584400E+04
16:36:23,0e0,+2.148440E-02,+1.550500E-07,+9.910000E+37,+1.125289E+03,+3.584400E+04,+2.089278E-02,+1.550500E-07,+9.910000E+37,+1.125355E+03,+3.584400E+04,+2.107407E-02,+1.550500E-07,+9.910000E+37,+1.125422E+03,+3.584400E+04,-4.421398E-03,+0.000000E+00,+9.910000E+37,+1.125488E+03,+3.584400E+04
16:36:23,0e0,+2.139279E-02,+1.638000E-07,+9.910000E+37,+1.125718E+03,+3.584400E+04,+2.239525E-02,+1.638000E-07,+9.910000E+37,+1.125783E+03,+3.584400E+04,+2.380662E-02,+1.638000E-07,+9.910000E+37,+1.125850E+03,+3.584400E+04,-5.104288E-03,+0.000000E+00,+9.910000E+37,+1.125916E+03,+3.584400E+04
16:36:23,0e0,+2.539982E-02,+1.730000E-07,+9.910000E+37,+1.126143E+03,+3.584400E+04,+2.371511E-02,+1.730000E-07,+9.910000E+37,+1.126209E+03,+3.584400E+04,+2.508150E-02,+1.730000E-07,+9.910000E+37,+1.126274E+03,+3.584400E+04,-4.967749E-03,+0.000000E+00,+9.910000E+37,+1.126341E+03,+3.584400E+04
16:36:23,0e0,+2.640143E-02,+1.827500E-07,+9.910000E+37,+1.126573E+03,+3.584400E+04,+2.626473E-02,+1.827500E-07,+9.910000E+37,+1.126640E+03,+3.584400E+04,+2.376029E-02,+1.827500E-07,+9.910000E+37,+1.126707E+03,+3.584400E+04,-5.240932E-03,+0.000000E+00,+9.910000E+37,+1.126773E+03,+3.584400E+04
16:36:23,0e0,+2.694814E-02,+1.930500E-07,+9.910000E+37,+1.126999E+03,+3.584400E+04,+2.767615E-02,+1.930500E-07,+9.910000E+37,+1.127065E+03,+3.584400E+04,+2.767603E-02,+1.930500E-07,+9.910000E+37,+1.127132E+03,+3.584400E+04,-7.017046E-03,+0.000000E+00,+9.910000E+37,+1.127199E+03,+3.584400E+04
16:36:23,0e0,+2.936059E-02,+2.039500E-07,+9.910000E+37,+1.127423E+03,+3.584400E+04,+2.908707E-02,+2.039500E-07,+9.910000E+37,+1.127489E+03,+3.584400E+04,+2.813157E-02,+2.039500E-07,+9.910000E+37,+1.127556E+03,+3.584400E+04,-5.013257E-03,+0.000000E+00,+9.910000E+37,+1.127622E+03,+3.584400E+04
16:36:23,0e0,+3.109086E-02,+2.154500E-07,+9.910000E+37,+1.127850E+03,+3.584400E+04,+3.013465E-02,+2.154500E-07,+9.910000E+37,+1.127916E+03,+3.584400E+04,+3.049898E-02,+2.154500E-07,+9.910000E+37,+1.127983E+03,+3.584400E+04,-5.195335E-03,+0.000000E+00,+9.910000E+37,+1.128049E+03,+3.584400E+04
16:36:23,0e0,+3.254786E-02,+2.276000E-07,+9.910000E+37,+1.128271E+03,+3.584400E+04,+3.282109E-02,+2.276000E-07,+9.910000E+37,+1.128338E+03,+3.584400E+04,+3.386828E-02,+2.276000E-07,+9.910000E+37,+1.128404E+03,+3.584400E+04,-5.605146E-03,+0.000000E+00,+9.910000E+37,+1.128472E+03,+3.584400E+04
16:36:23,0e0,+3.659999E-02,+2.404000E-07,+9.910000E+37,+1.128698E+03,+3.584400E+04,+3.550696E-02,+2.404000E-07,+9.910000E+37,+1.128765E+03,+3.584400E+04,+3.386760E-02,+2.404000E-07,+9.910000E+37,+1.128831E+03,+3.584400E+04,-3.465369E-03,+0.000000E+00,+9.910000E+37,+1.128898E+03,+3.584400E+04
16:36:23,0e0,+3.505138E-02,+2.539500E-07,+9.910000E+37,+1.129123E+03,+3.584400E+04,+3.559804E-02,+2.539500E-07,+9.910000E+37,+1.129189E+03,+3.584400E+04,+3.518820E-02,+2.539500E-07,+9.910000E+37,+1.129256E+03,+3.584400E+04,-4.785433E-03,+0.000000E+00,+9.910000E+37,+1.129322E+03,+3.584400E+04
16:36:23,0e0,+3.887603E-02,+2.682500E-07,+9.910000E+37,+1.129545E+03,+3.584400E+04,+3.782851E-02,+2.682500E-07,+9.910000E+37,+1.129611E+03,+3.584400E+04,+3.901255E-02,+2.682500E-07,+9.910000E+37,+1.129679E+03,+3.584400E+04,-5.286276E-03,+0.000000E+00,+9.910000E+37,+1.129745E+03,+3.584400E+04
16:36:23,0e0,+4.042369E-02,+2.834000E-07,+9.910000E+37,+1.129974E+03,+3.584400E+04,+4.101631E-02,+2.834000E-07,+9.910000E+37,+1.130040E+03,+3.584400E+04,+4.119816E-02,+2.834000E-07,+9.910000E+37,+1.130106E+03,+3.584400E+04,-5.422831E-03,+0.000000E+00,+9.910000E+37,+1.130173E+03,+3.584400E+04
16:36:23,0e0,+4.224458E-02,+2.993500E-07,+9.910000E+37,+1.130400E+03,+3.584400E+04,+4.315546E-02,+2.993500E-07,+9.910000E+37,+1.130467E+03,+3.584400E+04,+4.402077E-02,+2.993500E-07,+9.910000E+37,+1.130533E+03,+3.584400E+04,-5.240560E-03,+0.000000E+00,+9.910000E+37,+1.130600E+03,+3.584400E+04
16:36:23,0e0,+4.643396E-02,+3.162500E-07,+9.910000E+37,+1.130828E+03,+3.584400E+04,+4.606920E-02,+3.162500E-07,+9.910000E+37,+1.130895E+03,+3.584400E+04,+4.684356E-02,+3.162500E-07,+9.910000E+37,+1.130960E+03,+3.584400E+04,-4.694521E-03,+0.000000E+00,+9.910000E+37,+1.131026E+03,+3.584400E+04
16:36:23,0e0,+4.907495E-02,+3.340500E-07,+9.910000E+37,+1.131259E+03,+3.584400E+04,+4.912019E-02,+3.340500E-07,+9.910000E+37,+1.131325E+03,+3.584400E+04,+5.003041E-02,+3.340500E-07,+9.910000E+37,+1.131392E+03,+3.584400E+04,-4.557759E-03,+0.000000E+00,+9.910000E+37,+1.131459E+03,+3.584400E+04
16:36:23,0e0,+5.121413E-02,+3.528500E-07,+9.910000E+37,+1.131686E+03,+3.584400E+04,+5.330834E-02,+3.528500E-07,+9.910000E+37,+1.131751E+03,+3.584400E+04,+5.139583E-02,+3.528500E-07,+9.910000E+37,+1.131817E+03,+3.584400E+04,-4.467055E-03,+0.000000E+00,+9.910000E+37,+1.131884E+03,+3.584400E+04
16:36:23,0e0,+5.613118E-02,+3.727500E-07,+9.910000E+37,+1.132122E+03,+3.584400E+04,+5.567595E-02,+3.727500E-07,+9.910000E+37,+1.132188E+03,+3.584400E+04,+5.458340E-02,+3.727500E-07,+9.910000E+37,+1.132255E+03,+3.584400E+04,-4.740164E-03,+0.000000E+00,+9.910000E+37,+1.132321E+03,+3.584400E+04
16:36:23,0e0,+5.777043E-02,+3.937500E-07,+9.910000E+37,+1.132548E+03,+3.584400E+04,+5.713317E-02,+3.937500E-07,+9.910000E+37,+1.132614E+03,+3.584400E+04,+5.681431E-02,+3.937500E-07,+9.910000E+37,+1.132681E+03,+3.584400E+04,-5.104125E-03,+0.000000E+00,+9.910000E+37,+1.132747E+03,+3.584400E+04
16:36:23,0e0,+6.013829E-02,+4.159500E-07,+9.910000E+37,+1.132974E+03,+3.584400E+04,+6.068406E-02,+4.159500E-07,+9.910000E+37,+1.133040E+03,+3.584400E+04,+5.899945E-02,+4.159500E-07,+9.910000E+37,+1.133106E+03,+3.584400E+04,-4.649013E-03,+0.000000E+00,+9.910000E+37,+1.133173E+03,+3.584400E+04
16:36:23,0e0,+6.327873E-02,+4.394000E-07,+9.910000E+37,+1.133402E+03,+3.584400E+04,+6.428117E-02,+4.394000E-07,+9.910000E+37,+1.133469E+03,+3.584400E+04,+6.432655E-02,+4.394000E-07,+9.910000E+37,+1.133535E+03,+3.584400E+04,-6.152019E-03,+0.000000E+00,+9.910000E+37,+1.133602E+03,+3.584400E+04
16:36:23,0e0,+6.696653E-02,+4.641500E-07,+9.910000E+37,+1.133827E+03,+3.584400E+04,+6.733131E-02,+4.641500E-07,+9.910000E+37,+1.133894E+03,+3.584400E+04,+6.774122E-02,+4.641500E-07,+9.910000E+37,+1.133960E+03,+3.584400E+04,-4.694134E-03,+0.000000E+00,+9.910000E+37,+1.134027E+03,+3.584400E+04
16:36:23,0e0,+7.152024E-02,+4.903000E-07,+9.910000E+37,+1.134257E+03,+3.584400E+04,+6.947058E-02,+4.903000E-07,+9.910000E+37,+1.134324E+03,+3.584400E+04,+7.120126E-02,+4.903000E-07,+9.910000E+37,+1.134391E+03,+3.584400E+04,-4.876494E-03,+0.000000E+00,+9.910000E+37,+1.134456E+03,+3.584400E+04
16:36:23,0e0,+7.443383E-02,+5.179500E-07,+9.910000E+37,+1.134679E+03,+3.584400E+04,+7.488903E-02,+5.179500E-07,+9.910000E+37,+1.134745E+03,+3.584400E+04,+7.311273E-02,+5.179500E-07,+9.910000E+37,+1.134812E+03,+3.584400E+04,-4.557759E-03,+0.000000E+00,+9.910000E+37,+1.134878E+03,+3.584400E+04
16:36:23,0e0,+7.825789E-02,+5.471500E-07,+9.910000E+37,+1.135105E+03,+3.584400E+04,+7.912332E-02,+5.471500E-07,+9.910000E+37,+1.135173E+03,+3.584400E+04,+7.734686E-02,+5.471500E-07,+9.910000E+37,+1.135239E+03,+3.584400E+04,-5.013391E-03,+0.000000E+00,+9.910000E+37,+1.135306E+03,+3.584400E+04
16:36:23,0e0,+8.226457E-02,+5.779500E-07,+9.910000E+37,+1.135529E+03,+3.584400E+04,+8.290213E-02,+5.779500E-07,+9.910000E+37,+1.135596E+03,+3.584400E+04,+8.272013E-02,+5.779500E-07,+9.910000E+37,+1.135662E+03,+3.584400E+04,-5.833134E-03,+0.000000E+00,+9.910000E+37,+1.135729E+03,+3.584400E+04
16:36:23,0e0,+8.631644E-02,+6.105500E-07,+9.910000E+37,+1.135966E+03,+3.584400E+04,+8.740982E-02,+6.105500E-07,+9.910000E+37,+1.136032E+03,+3.584400E+04,+8.640781E-02,+6.105500E-07,+9.910000E+37,+1.136099E+03,+3.584400E+04,-5.969822E-03,+0.000000E+00,+9.910000E+37,+1.136165E+03,+3.584400E+04
16:36:23,0e0,+9.082434E-02,+6.449500E-07,+9.910000E+37,+1.136391E+03,+3.584400E+04,+9.091446E-02,+6.449500E-07,+9.910000E+37,+1.136457E+03,+3.584400E+04,+9.073281E-02,+6.449500E-07,+9.910000E+37,+1.136523E+03,+3.584400E+04,-4.284784E-03,+0.000000E+00,+9.910000E+37,+1.136590E+03,+3.584400E+04
16:36:23,0e0,+9.592292E-02,+6.813000E-07,+9.910000E+37,+1.136816E+03,+3.584400E+04,+9.455755E-02,+6.813000E-07,+9.910000E+37,+1.136883E+03,+3.584400E+04,+9.483004E-02,+6.813000E-07,+9.910000E+37,+1.136949E+03,+3.584400E+04,-4.421517E-03,+0.000000E+00,+9.910000E+37,+1.137016E+03,+3.584400E+04
16:36:23,0e0,+1.000662E-01,+7.197000E-07,+9.910000E+37,+1.137242E+03,+3.584400E+04,+1.005214E-01,+7.197000E-07,+9.910000E+37,+1.137310E+03,+3.584400E+04,+1.010218E-01,+7.197000E-07,+9.910000E+37,+1.137375E+03,+3.584400E+04,-6.516188E-03,+0.000000E+00,+9.910000E+37,+1.137441E+03,+3.584400E+04
16:36:23,0e0,+1.048466E-01,+7.602500E-07,+9.910000E+37,+1.137673E+03,+3.584400E+04,+1.053478E-01,+7.602500E-07,+9.910000E+37,+1.137740E+03,+3.584400E+04,+1.043003E-01,+7.602500E-07,+9.910000E+37,+1.137806E+03,+3.584400E+04,-4.921928E-03,+0.000000E+00,+9.910000E+37,+1.137872E+03,+3.584400E+04
16:36:23,0e0,+1.094452E-01,+8.031000E-07,+9.910000E+37,+1.138098E+03,+3.584400E+04,+1.091260E-01,+8.031000E-07,+9.910000E+37,+1.138165E+03,+3.584400E+04,+1.093544E-01,+8.031000E-07,+9.910000E+37,+1.138232E+03,+3.584400E+04,-6.151319E-03,+0.000000E+00,+9.910000E+37,+1.138298E+03,+3.584400E+04
16:36:23,0e0,+1.147257E-01,+8.483500E-07,+9.910000E+37,+1.138529E+03,+3.584400E+04,+1.155916E-01,+8.483500E-07,+9.910000E+37,+1.138596E+03,+3.584400E+04,+1.155457E-01,+8.483500E-07,+9.910000E+37,+1.138663E+03,+3.584400E+04,-5.195364E-03,+0.000000E+00,+9.910000E+37,+1.138729E+03,+3.584400E+04
16:36:23,0e0,+1.192783E-01,+8.961500E-07,+9.910000E+37,+1.138958E+03,+3.584400E+04,+1.195061E-01,+8.961500E-07,+9.910000E+37,+1.139024E+03,+3.584400E+04,+1.199164E-01,+8.961500E-07,+9.910000E+37,+1.139091E+03,+3.584400E+04,-4.830763E-03,+0.000000E+00,+9.910000E+37,+1.139157E+03,+3.584400E+04
16:36:23,0e0,+1.264726E-01,+9.466500E-07,+9.910000E+37,+1.139395E+03,+3.584400E+04,+1.256535E-01,+9.466500E-07,+9.910000E+37,+1.139461E+03,+3.584400E+04,+1.267918E-01,+9.466500E-07,+9.910000E+37,+1.139527E+03,+3.584400E+04,-5.832538E-03,+0.000000E+00,+9.910000E+37,+1.139594E+03,+3.584400E+04
16:36:23,0e0,+1.328467E-01,+1.000000E-06,+9.910000E+37,+1.139816E+03,+3.584400E+04,+1.323463E-01,+1.000000E-06,+9.910000E+37,+1.139883E+03,+3.584400E+04,+1.317086E-01,+1.000000E-06,+9.910000E+37,+1.139949E+03,+3.584400E+04,-4.740193E-03,+0.000000E+00,+9.910000E+37,+1.140016E+03,+3.584400E+04
16:36:23,0e0,+1.254708E-01,+1.056500E-06,+9.910000E+37,+1.140242E+03,+3.584400E+04,+1.280661E-01,+1.056500E-06,+9.910000E+37,+1.140310E+03,+3.584400E+04,+1.267002E-01,+1.056500E-06,+9.910000E+37,+1.140375E+03,+3.584400E+04,-6.105632E-03,+0.000000E+00,+9.910000E+37,+1.140442E+03,+3.584400E+04
16:36:23,0e0,+1.327557E-01,+1.116000E-06,+9.910000E+37,+1.140668E+03,+3.584400E+04,+1.328010E-01,+1.116000E-06,+9.910000E+37,+1.140735E+03,+3.584400E+04,+1.333022E-01,+1.116000E-06,+9.910000E+37,+1.140801E+03,+3.584400E+04,-5.514219E-03,+0.000000E+00,+9.910000E+37,+1.140868E+03,+3.584400E+04
16:36:23,0e0,+1.391297E-01,+1.179000E-06,+9.910000E+37,+1.141094E+03,+3.584400E+04,+1.402228E-01,+1.179000E-06,+9.910000E+37,+1.141159E+03,+3.584400E+04,+1.389473E-01,+1.179000E-06,+9.910000E+37,+1.141227E+03,+3.584400E+04,-4.466861E-03,+0.000000E+00,+9.910000E+37,+1.141292E+03,+3.584400E+04
16:36:23,0e0,+1.447298E-01,+1.245000E-06,+9.910000E+37,+1.141518E+03,+3.584400E+04,+1.440004E-01,+1.245000E-06,+9.910000E+37,+1.141584E+03,+3.584400E+04,+1.445009E-01,+1.245000E-06,+9.910000E+37,+1.141651E+03,+3.584400E+04,-5.423203E-03,+0.000000E+00,+9.910000E+37,+1.141717E+03,+3.584400E+04
16:36:23,0e0,+1.526062E-01,+1.315500E-06,+9.910000E+37,+1.141942E+03,+3.584400E+04,+1.515590E-01,+1.315500E-06,+9.910000E+37,+1.142008E+03,+3.584400E+04,+1.521504E-01,+1.315500E-06,+9.910000E+37,+1.142075E+03,+3.584400E+04,-5.240709E-03,+0.000000E+00,+9.910000E+37,+1.142143E+03,+3.584400E+04
16:36:23,0e0,+1.583880E-01,+1.389500E-06,+9.910000E+37,+1.142371E+03,+3.584400E+04,+1.575226E-01,+1.389500E-06,+9.910000E+37,+1.142438E+03,+3.584400E+04,+1.584794E-01,+1.389500E-06,+9.910000E+37,+1.142503E+03,+3.584400E+04,-4.876465E-03,+0.000000E+00,+9.910000E+37,+1.142569E+03,+3.584400E+04
16:36:23,0e0,+1.659000E-01,+1.468000E-06,+9.910000E+37,+1.142796E+03,+3.584400E+04,+1.650348E-01,+1.468000E-06,+9.910000E+37,+1.142863E+03,+3.584400E+04,+1.652628E-01,+1.468000E-06,+9.910000E+37,+1.142929E+03,+3.584400E+04,-4.694268E-03,+0.000000E+00,+9.910000E+37,+1.142995E+03,+3.584400E+04
16:36:23,0e0,+1.729573E-01,+1.550500E-06,+9.910000E+37,+1.143228E+03,+3.584400E+04,+1.720461E-01,+1.550500E-06,+9.910000E+37,+1.143295E+03,+3.584400E+04,+1.726835E-01,+1.550500E-06,+9.910000E+37,+1.143360E+03,+3.584400E+04,-5.423009E-03,+0.000000E+00,+9.910000E+37,+1.143427E+03,+3.584400E+04
16:36:23,0e0,+1.810611E-01,+1.638000E-06,+9.910000E+37,+1.143659E+03,+3.584400E+04,+1.807421E-01,+1.638000E-06,+9.910000E+37,+1.143725E+03,+3.584400E+04,+1.797411E-01,+1.638000E-06,+9.910000E+37,+1.143791E+03,+3.584400E+04,-4.922166E-03,+0.000000E+00,+9.910000E+37,+1.143858E+03,+3.584400E+04
16:36:23,0e0,+1.876627E-01,+1.730000E-06,+9.910000E+37,+1.144086E+03,+3.584400E+04,+1.881173E-01,+1.730000E-06,+9.910000E+37,+1.144153E+03,+3.584400E+04,+1.867515E-01,+1.730000E-06,+9.910000E+37,+1.144219E+03,+3.584400E+04,-5.559370E-03,+0.000000E+00,+9.910000E+37,+1.144285E+03,+3.584400E+04
16:36:23,0e0,+1.960398E-01,+1.827500E-06,+9.910000E+37,+1.144506E+03,+3.584400E+04,+1.963135E-01,+1.827500E-06,+9.910000E+37,+1.144572E+03,+3.584400E+04,+1.953573E-01,+1.827500E-06,+9.910000E+37,+1.144639E+03,+3.584400E+04,-6.561249E-03,+0.000000E+00,+9.910000E+37,+1.144705E+03,+3.584400E+04
16:36:23,0e0,+2.048723E-01,+1.930500E-06,+9.910000E+37,+1.144936E+03,+3.584400E+04,+2.045543E-01,+1.930500E-06,+9.910000E+37,+1.145001E+03,+3.584400E+04,+2.047819E-01,+1.930500E-06,+9.910000E+37,+1.145067E+03,+3.584400E+04,-5.195230E-03,+0.000000E+00,+9.910000E+37,+1.145135E+03,+3.584400E+04
16:36:23,0e0,+2.138414E-01,+2.039500E-06,+9.910000E+37,+1.145360E+03,+3.584400E+04,+2.136134E-01,+2.039500E-06,+9.910000E+37,+1.145428E+03,+3.584400E+04,+2.134323E-01,+2.039500E-06,+9.910000E+37,+1.145493E+03,+3.584400E+04,-5.058855E-03,+0.000000E+00,+9.910000E+37,+1.145561E+03,+3.584400E+04
16:36:23,0e0,+2.230836E-01,+2.154500E-06,+9.910000E+37,+1.145785E+03,+3.584400E+04,+2.219457E-01,+2.154500E-06,+9.910000E+37,+1.145853E+03,+3.584400E+04,+2.223549E-01,+2.154500E-06,+9.910000E+37,+1.145918E+03,+3.584400E+04,-6.333649E-03,+0.000000E+00,+9.910000E+37,+1.145984E+03,+3.584400E+04
16:36:23,0e0,+2.331910E-01,+2.276000E-06,+9.910000E+37,+1.146212E+03,+3.584400E+04,+2.308687E-01,+2.276000E-06,+9.910000E+37,+1.146278E+03,+3.584400E+04,+2.315073E-01,+2.276000E-06,+9.910000E+37,+1.146344E+03,+3.584400E+04,-3.146678E-03,+0.000000E+00,+9.910000E+37,+1.146410E+03,+3.584400E+04
16:36:23,0e0,+2.422513E-01,+2.404000E-06,+9.910000E+37,+1.146641E+03,+3.584400E+04,+2.411128E-01,+2.404000E-06,+9.910000E+37,+1.146707E+03,+3.584400E+04,+2.414324E-01,+2.404000E-06,+9.910000E+37,+1.146774E+03,+3.584400E+04,-5.695969E-03,+0.000000E+00,+9.910000E+37,+1.146840E+03,+3.584400E+04
16:36:23,0e0,+2.526771E-01,+2.539500E-06,+9.910000E+37,+1.147073E+03,+3.584400E+04,+2.510843E-01,+2.539500E-06,+9.910000E+37,+1.147140E+03,+3.584400E+04,+2.513565E-01,+2.539500E-06,+9.910000E+37,+1.147207E+03,+3.584400E+04,-5.240962E-03,+0.000000E+00,+9.910000E+37,+1.147272E+03,+3.584400E+04
16:36:23,0e0,+2.612363E-01,+2.682500E-06,+9.910000E+37,+1.147498E+03,+3.584400E+04,+2.631487E-01,+2.682500E-06,+9.910000E+37,+1.147563E+03,+3.584400E+04,+2.623288E-01,+2.682500E-06,+9.910000E+37,+1.147630E+03,+3.584400E+04,-5.468443E-03,+0.000000E+00,+9.910000E+37,+1.147696E+03,+3.584400E+04
16:36:23,0e0,+2.717081E-01,+2.834000E-06,+9.910000E+37,+1.147924E+03,+3.584400E+04,+2.726639E-01,+2.834000E-06,+9.910000E+37,+1.147991E+03,+3.584400E+04,+2.718898E-01,+2.834000E-06,+9.910000E+37,+1.148057E+03,+3.584400E+04,-6.060496E-03,+0.000000E+00,+9.910000E+37,+1.148123E+03,+3.584400E+04
16:36:23,0e0,+2.827710E-01,+2.993500E-06,+9.910000E+37,+1.148345E+03,+3.584400E+04,+2.832714E-01,+2.993500E-06,+9.910000E+37,+1.148411E+03,+3.584400E+04,+2.829536E-01,+2.993500E-06,+9.910000E+37,+1.148478E+03,+3.584400E+04,-4.649058E-03,+0.000000E+00,+9.910000E+37,+1.148544E+03,+3.584400E+04
16:36:23,0e0,+2.959745E-01,+3.162500E-06,+9.910000E+37,+1.148773E+03,+3.584400E+04,+2.936518E-01,+3.162500E-06,+9.910000E+37,+1.148840E+03,+3.584400E+04,+2.944720E-01,+3.162500E-06,+9.910000E+37,+1.148907E+03,+3.584400E+04,-5.286053E-03,+0.000000E+00,+9.910000E+37,+1.148973E+03,+3.584400E+04
16:36:23,0e0,+3.075844E-01,+3.340500E-06,+9.910000E+37,+1.149197E+03,+3.584400E+04,+3.070832E-01,+3.340500E-06,+9.910000E+37,+1.149265E+03,+3.584400E+04,+3.064915E-01,+3.340500E-06,+9.910000E+37,+1.149330E+03,+3.584400E+04,-4.785776E-03,+0.000000E+00,+9.910000E+37,+1.149397E+03,+3.584400E+04
16:36:23,0e0,+3.193763E-01,+3.528500E-06,+9.910000E+37,+1.149623E+03,+3.584400E+04,+3.183289E-01,+3.528500E-06,+9.910000E+37,+1.149690E+03,+3.584400E+04,+3.190114E-01,+3.528500E-06,+9.910000E+37,+1.149756E+03,+3.584400E+04,-5.559400E-03,+0.000000E+00,+9.910000E+37,+1.149823E+03,+3.584400E+04
16:36:23,0e0,+3.325791E-01,+3.727500E-06,+9.910000E+37,+1.150051E+03,+3.584400E+04,+3.307580E-01,+3.727500E-06,+9.910000E+37,+1.150117E+03,+3.584400E+04,+3.313960E-01,+3.727500E-06,+9.910000E+37,+1.150185E+03,+3.584400E+04,-4.922226E-03,+0.000000E+00,+9.910000E+37,+1.150252E+03,+3.584400E+04
16:36:23,0e0,+3.456005E-01,+3.937500E-06,+9.910000E+37,+1.150478E+03,+3.584400E+04,+3.445078E-01,+3.937500E-06,+9.910000E+37,+1.150544E+03,+3.584400E+04,+3.442795E-01,+3.937500E-06,+9.910000E+37,+1.150610E+03,+3.584400E+04,-5.195707E-03,+0.000000E+00,+9.910000E+37,+1.150678E+03,+3.584400E+04
16:36:23,0e0,+3.574830E-01,+4.159500E-06,+9.910000E+37,+1.150916E+03,+3.584400E+04,+3.576202E-01,+4.159500E-06,+9.910000E+37,+1.150982E+03,+3.584400E+04,+3.580292E-01,+4.159500E-06,+9.910000E+37,+1.151048E+03,+3.584400E+04,-5.969524E-03,+0.000000E+00,+9.910000E+37,+1.151114E+03,+3.584400E+04
16:36:23,0e0,+3.718703E-01,+4.394000E-06,+9.910000E+37,+1.151342E+03,+3.584400E+04,+3.720983E-01,+4.394000E-06,+9.910000E+37,+1.151407E+03,+3.584400E+04,+3.711423E-01,+4.394000E-06,+9.910000E+37,+1.151474E+03,+3.584400E+04,-5.878106E-03,+0.000000E+00,+9.910000E+37,+1.151541E+03,+3.584400E+04
16:36:23,0e0,+3.864844E-01,+4.641500E-06,+9.910000E+37,+1.151777E+03,+3.584400E+04,+3.868030E-01,+4.641500E-06,+9.910000E+37,+1.151843E+03,+3.584400E+04,+3.861659E-01,+4.641500E-06,+9.910000E+37,+1.151909E+03,+3.584400E+04,-5.058542E-03,+0.000000E+00,+9.910000E+37,+1.151977E+03,+3.584400E+04
16:36:23,0e0,+4.012806E-01,+4.903000E-06,+9.910000E+37,+1.152207E+03,+3.584400E+04,+4.002808E-01,+4.903000E-06,+9.910000E+37,+1.152274E+03,+3.584400E+04,+4.000527E-01,+4.903000E-06,+9.910000E+37,+1.152340E+03,+3.584400E+04,-5.423233E-03,+0.000000E+00,+9.910000E+37,+1.152407E+03,+3.584400E+04
16:36:23,0e0,+4.161696E-01,+5.179500E-06,+9.910000E+37,+1.152633E+03,+3.584400E+04,+4.155318E-01,+5.179500E-06,+9.910000E+37,+1.152700E+03,+3.584400E+04,+4.153951E-01,+5.179500E-06,+9.910000E+37,+1.152766E+03,+3.584400E+04,-6.106302E-03,+0.000000E+00,+9.910000E+37,+1.152833E+03,+3.584400E+04
16:36:23,0e0,+4.314672E-01,+5.471500E-06,+9.910000E+37,+1.153063E+03,+3.584400E+04,+4.304649E-01,+5.471500E-06,+9.910000E+37,+1.153131E+03,+3.584400E+04,+4.316489E-01,+5.471500E-06,+9.910000E+37,+1.153196E+03,+3.584400E+04,-5.832762E-03,+0.000000E+00,+9.910000E+37,+1.153264E+03,+3.584400E+04
16:36:23,0e0,+4.474478E-01,+5.779500E-06,+9.910000E+37,+1.153492E+03,+3.584400E+04,+4.457625E-01,+5.779500E-06,+9.910000E+37,+1.153559E+03,+3.584400E+04,+4.466273E-01,+5.779500E-06,+9.910000E+37,+1.153625E+03,+3.584400E+04,-6.652713E-03,+0.000000E+00,+9.910000E+37,+1.153692E+03,+3.584400E+04
16:36:23,0e0,+4.632460E-01,+6.105500E-06,+9.910000E+37,+1.153920E+03,+3.584400E+04,+4.624267E-01,+6.105500E-06,+9.910000E+37,+1.153987E+03,+3.584400E+04,+4.628367E-01,+6.105500E-06,+9.910000E+37,+1.154053E+03,+3.584400E+04,-5.832955E-03,+0.000000E+00,+9.910000E+37,+1.154119E+03,+3.584400E+04
16:36:23,0e0,+4.798177E-01,+6.449500E-06,+9.910000E+37,+1.154349E+03,+3.584400E+04,+4.796813E-01,+6.449500E-06,+9.910000E+37,+1.154416E+03,+3.584400E+04,+4.802729E-01,+6.449500E-06,+9.910000E+37,+1.154481E+03,+3.584400E+04,-5.924091E-03,+0.000000E+00,+9.910000E+37,+1.154548E+03,+3.584400E+04
16:36:23,0e0,+4.965263E-01,+6.813000E-06,+9.910000E+37,+1.154771E+03,+3.584400E+04,+4.978478E-01,+6.813000E-06,+9.910000E+37,+1.154837E+03,+3.584400E+04,+4.967538E-01,+6.813000E-06,+9.910000E+37,+1.154903E+03,+3.584400E+04,-5.332366E-03,+0.000000E+00,+9.910000E+37,+1.154970E+03,+3.584400E+04
16:36:23,0e0,+5.143748E-01,+7.197000E-06,+9.910000E+37,+1.155197E+03,+3.584400E+04,+5.152398E-01,+7.197000E-06,+9.910000E+37,+1.155263E+03,+3.584400E+04,+5.156954E-01,+7.197000E-06,+9.910000E+37,+1.155330E+03,+3.584400E+04,-5.833343E-03,+0.000000E+00,+9.910000E+37,+1.155397E+03,+3.584400E+04
16:36:23,0e0,+5.319918E-01,+7.602500E-06,+9.910000E+37,+1.155626E+03,+3.584400E+04,+5.331777E-01,+7.602500E-06,+9.910000E+37,+1.155691E+03,+3.584400E+04,+5.342698E-01,+7.602500E-06,+9.910000E+37,+1.155759E+03,+3.584400E+04,-5.559772E-03,+0.000000E+00,+9.910000E+37,+1.155824E+03,+3.584400E+04
16:36:23,0e0,+5.497482E-01,+8.031000E-06,+9.910000E+37,+1.156052E+03,+3.584400E+04,+5.522985E-01,+8.031000E-06,+9.910000E+37,+1.156119E+03,+3.584400E+04,+5.522531E-01,+8.031000E-06,+9.910000E+37,+1.156186E+03,+3.584400E+04,-6.425023E-03,+0.000000E+00,+9.910000E+37,+1.156252E+03,+3.584400E+04
16:36:23,0e0,+5.702369E-01,+8.483500E-06,+9.910000E+37,+1.156478E+03,+3.584400E+04,+5.685055E-01,+8.483500E-06,+9.910000E+37,+1.156543E+03,+3.584400E+04,+5.702825E-01,+8.483500E-06,+9.910000E+37,+1.156609E+03,+3.584400E+04,-5.331695E-03,+0.000000E+00,+9.910000E+37,+1.156677E+03,+3.584400E+04
16:36:23,0e0,+5.892223E-01,+8.961500E-06,+9.910000E+37,+1.156908E+03,+3.584400E+04,+5.899979E-01,+8.961500E-06,+9.910000E+37,+1.156974E+03,+3.584400E+04,+5.892226E-01,+8.961500E-06,+9.910000E+37,+1.157040E+03,+3.584400E+04,-5.377725E-03,+0.000000E+00,+9.910000E+37,+1.157106E+03,+3.584400E+04
16:36:23,0e0,+6.096193E-01,+9.466500E-06,+9.910000E+37,+1.157341E+03,+3.584400E+04,+6.101649E-01,+9.466500E-06,+9.910000E+37,+1.157408E+03,+3.584400E+04,+6.099818E-01,+9.466500E-06,+9.910000E+37,+1.157474E+03,+3.584400E+04,-6.015107E-03,+0.000000E+00,+9.910000E+37,+1.157541E+03,+3.584400E+04
16:36:23,0e0,+6.297885E-01,+1.000000E-05,+9.910000E+37,+1.157769E+03,+3.584400E+04,+6.298347E-01,+1.000000E-05,+9.910000E+37,+1.157834E+03,+3.584400E+04,+6.297424E-01,+1.000000E-05,+9.910000E+37,+1.157900E+03,+3.584400E+04,-5.104899E-03,+0.000000E+00,+9.910000E+37,+1.157967E+03,+3.584400E+04
16:36:23,0e0,+6.393948E-01,+1.056500E-05,+9.910000E+37,+1.158198E+03,+3.584400E+04,+6.388479E-01,+1.056500E-05,+9.910000E+37,+1.158264E+03,+3.584400E+04,+6.390750E-01,+1.056500E-05,+9.910000E+37,+1.158331E+03,+3.584400E+04,-8.428320E-03,+0.000000E+00,+9.910000E+37,+1.158396E+03,+3.584400E+04
16:36:23,0e0,+6.608841E-01,+1.116000E-05,+9.910000E+37,+1.158620E+03,+3.584400E+04,+6.587894E-01,+1.116000E-05,+9.910000E+37,+1.158688E+03,+3.584400E+04,+6.593813E-01,+1.116000E-05,+9.910000E+37,+1.158753E+03,+3.584400E+04,-6.606892E-03,+0.000000E+00,+9.910000E+37,+1.158820E+03,+3.584400E+04
16:36:23,0e0,+6.807796E-01,+1.179000E-05,+9.910000E+37,+1.159044E+03,+3.584400E+04,+6.797759E-01,+1.179000E-05,+9.910000E+37,+1.159110E+03,+3.584400E+04,+6.816898E-01,+1.179000E-05,+9.910000E+37,+1.159176E+03,+3.584400E+04,-7.335007E-03,+0.000000E+00,+9.910000E+37,+1.159242E+03,+3.584400E+04
16:36:23,0e0,+7.020401E-01,+1.245000E-05,+9.910000E+37,+1.159462E+03,+3.584400E+04,+7.018605E-01,+1.245000E-05,+9.910000E+37,+1.159529E+03,+3.584400E+04,+7.031338E-01,+1.245000E-05,+9.910000E+37,+1.159595E+03,+3.584400E+04,-6.606892E-03,+0.000000E+00,+9.910000E+37,+1.159662E+03,+3.584400E+04
16:36:23,0e0,+7.245793E-01,+1.315500E-05,+9.910000E+37,+1.159882E+03,+3.584400E+04,+7.242609E-01,+1.315500E-05,+9.910000E+37,+1.159948E+03,+3.584400E+04,+7.244883E-01,+1.315500E-05,+9.910000E+37,+1.160015E+03,+3.584400E+04,-7.471979E-03,+0.000000E+00,+9.910000E+37,+1.160083E+03,+3.584400E+04
16:36:23,0e0,+7.462485E-01,+1.389500E-05,+9.910000E+37,+1.160309E+03,+3.584400E+04,+7.464767E-01,+1.389500E-05,+9.910000E+37,+1.160376E+03,+3.584400E+04,+7.459306E-01,+1.389500E-05,+9.910000E+37,+1.160441E+03,+3.584400E+04,-7.472351E-03,+0.000000E+00,+9.910000E+37,+1.160508E+03,+3.584400E+04
16:36:23,0e0,+7.692869E-01,+1.468000E-05,+9.910000E+37,+1.160732E+03,+3.584400E+04,+7.693331E-01,+1.468000E-05,+9.910000E+37,+1.160798E+03,+3.584400E+04,+7.706064E-01,+1.468000E-05,+9.910000E+37,+1.160865E+03,+3.584400E+04,-6.561130E-03,+0.000000E+00,+9.910000E+37,+1.160937E+03,+3.584400E+04
16:36:23,0e0,+7.924162E-01,+1.550500E-05,+9.910000E+37,+1.161164E+03,+3.584400E+04,+7.919585E-01,+1.550500E-05,+9.910000E+37,+1.161231E+03,+3.584400E+04,+7.918233E-01,+1.550500E-05,+9.910000E+37,+1.161297E+03,+3.584400E+04,-6.515712E-03,+0.000000E+00,+9.910000E+37,+1.161364E+03,+3.584400E+04
16:36:23,0e0,+8.151329E-01,+1.638000E-05,+9.910000E+37,+1.161587E+03,+3.584400E+04,+8.145850E-01,+1.638000E-05,+9.910000E+37,+1.161653E+03,+3.584400E+04,+8.152220E-01,+1.638000E-05,+9.910000E+37,+1.161720E+03,+3.584400E+04,-6.743565E-03,+0.000000E+00,+9.910000E+37,+1.161786E+03,+3.584400E+04
16:36:23,0e0,+8.402194E-01,+1.730000E-05,+9.910000E+37,+1.162010E+03,+3.584400E+04,+8.396746E-01,+1.730000E-05,+9.910000E+37,+1.162077E+03,+3.584400E+04,+8.408591E-01,+1.730000E-05,+9.910000E+37,+1.162143E+03,+3.584400E+04,-7.471964E-03,+0.000000E+00,+9.910000E+37,+1.162209E+03,+3.584400E+04
16:36:23,0e0,+8.642579E-01,+1.827500E-05,+9.910000E+37,+1.162426E+03,+3.584400E+04,+8.639872E-01,+1.827500E-05,+9.910000E+37,+1.162491E+03,+3.584400E+04,+8.632098E-01,+1.827500E-05,+9.910000E+37,+1.162558E+03,+3.584400E+04,-7.153377E-03,+0.000000E+00,+9.910000E+37,+1.162629E+03,+3.584400E+04
16:36:23,0e0,+8.899815E-01,+1.930500E-05,+9.910000E+37,+1.162854E+03,+3.584400E+04,+8.896625E-01,+1.930500E-05,+9.910000E+37,+1.162922E+03,+3.584400E+04,+8.897092E-01,+1.930500E-05,+9.910000E+37,+1.162987E+03,+3.584400E+04,-7.016703E-03,+0.000000E+00,+9.910000E+37,+1.163055E+03,+3.584400E+04
16:36:23,0e0,+9.155232E-01,+2.039500E-05,+9.910000E+37,+1.163275E+03,+3.584400E+04,+9.140661E-01,+2.039500E-05,+9.910000E+37,+1.163341E+03,+3.584400E+04,+9.157048E-01,+2.039500E-05,+9.910000E+37,+1.163408E+03,+3.584400E+04,-6.379440E-03,+0.000000E+00,+9.910000E+37,+1.163478E+03,+3.584400E+04
16:36:23,0e0,+9.407459E-01,+2.154500E-05,+9.910000E+37,+1.163712E+03,+3.584400E+04,+9.418387E-01,+2.154500E-05,+9.910000E+37,+1.163778E+03,+3.584400E+04,+9.406999E-01,+2.154500E-05,+9.910000E+37,+1.163845E+03,+3.584400E+04,-7.016301E-03,+0.000000E+00,+9.910000E+37,+1.163912E+03,+3.584400E+04
16:36:23,0e0,+9.671075E-01,+2.276000E-05,+9.910000E+37,+1.164141E+03,+3.584400E+04,+9.671996E-01,+2.276000E-05,+9.910000E+37,+1.164206E+03,+3.584400E+04,+9.682454E-01,+2.276000E-05,+9.910000E+37,+1.164273E+03,+3.584400E+04,-6.424844E-03,+0.000000E+00,+9.910000E+37,+1.164339E+03,+3.584400E+04
16:36:23,0e0,+9.938314E-01,+2.404000E-05,+9.910000E+37,+1.164559E+03,+3.584400E+04,+9.935578E-01,+2.404000E-05,+9.910000E+37,+1.164624E+03,+3.584400E+04,+9.939219E-01,+2.404000E-05,+9.910000E+37,+1.164690E+03,+3.584400E+04,-7.290021E-03,+0.000000E+00,+9.910000E+37,+1.164758E+03,+3.584400E+04
16:36:23,0e0,+1.021192E+00,+2.539500E-05,+9.910000E+37,+1.164981E+03,+3.584400E+04,+1.022832E+00,+2.539500E-05,+9.910000E+37,+1.165048E+03,+3.584400E+04,+1.021786E+00,+2.539500E-05,+9.910000E+37,+1.165115E+03,+3.584400E+04,-6.652534E-03,+0.000000E+00,+9.910000E+37,+1.165181E+03,+3.584400E+04
16:36:23,0e0,+1.048874E+00,+2.682500E-05,+9.910000E+37,+1.165403E+03,+3.584400E+04,+1.049561E+00,+2.682500E-05,+9.910000E+37,+1.165469E+03,+3.584400E+04,+1.049286E+00,+2.682500E-05,+9.910000E+37,+1.165536E+03,+3.584400E+04,-6.516010E-03,+0.000000E+00,+9.910000E+37,+1.165604E+03,+3.584400E+04
16:36:23,0e0,+1.077558E+00,+2.834000E-05,+9.910000E+37,+1.165829E+03,+3.584400E+04,+1.078787E+00,+2.834000E-05,+9.910000E+37,+1.165896E+03,+3.584400E+04,+1.077789E+00,+2.834000E-05,+9.910000E+37,+1.165962E+03,+3.584400E+04,-7.016748E-03,+0.000000E+00,+9.910000E+37,+1.166030E+03,+3.584400E+04
16:36:23,0e0,+1.105602E+00,+2.993500E-05,+9.910000E+37,+1.166266E+03,+3.584400E+04,+1.106924E+00,+2.993500E-05,+9.910000E+37,+1.166331E+03,+3.584400E+04,+1.108199E+00,+2.993500E-05,+9.910000E+37,+1.166397E+03,+3.584400E+04,-6.880030E-03,+0.000000E+00,+9.910000E+37,+1.166465E+03,+3.584400E+04
16:36:23,0e0,+1.135194E+00,+3.162500E-05,+9.910000E+37,+1.166690E+03,+3.584400E+04,+1.136384E+00,+3.162500E-05,+9.910000E+37,+1.166758E+03,+3.584400E+04,+1.135924E+00,+3.162500E-05,+9.910000E+37,+1.166823E+03,+3.584400E+04,-6.880030E-03,+0.000000E+00,+9.910000E+37,+1.166891E+03,+3.584400E+04
16:36:23,0e0,+1.165745E+00,+3.340500E-05,+9.910000E+37,+1.167116E+03,+3.584400E+04,+1.166885E+00,+3.340500E-05,+9.910000E+37,+1.167183E+03,+3.584400E+04,+1.167614E+00,+3.340500E-05,+9.910000E+37,+1.167248E+03,+3.584400E+04,-7.016599E-03,+0.000000E+00,+9.910000E+37,+1.167315E+03,+3.584400E+04
16:36:23,0e0,+1.197346E+00,+3.528500E-05,+9.910000E+37,+1.167536E+03,+3.584400E+04,+1.197570E+00,+3.528500E-05,+9.910000E+37,+1.167603E+03,+3.584400E+04,+1.197300E+00,+3.528500E-05,+9.910000E+37,+1.167669E+03,+3.584400E+04,-6.106183E-03,+0.000000E+00,+9.910000E+37,+1.167736E+03,+3.584400E+04
16:36:23,0e0,+1.229030E+00,+3.727500E-05,+9.910000E+37,+1.167962E+03,+3.584400E+04,+1.229441E+00,+3.727500E-05,+9.910000E+37,+1.168027E+03,+3.584400E+04,+1.228803E+00,+3.727500E-05,+9.910000E+37,+1.168095E+03,+3.584400E+04,-7.699668E-03,+0.000000E+00,+9.910000E+37,+1.168160E+03,+3.584400E+04
16:36:23,0e0,+1.261447E+00,+3.937500E-05,+9.910000E+37,+1.168380E+03,+3.584400E+04,+1.260032E+00,+3.937500E-05,+9.910000E+37,+1.168447E+03,+3.584400E+04,+1.260399E+00,+3.937500E-05,+9.910000E+37,+1.168513E+03,+3.584400E+04,-9.202525E-03,+0.000000E+00,+9.910000E+37,+1.168580E+03,+3.584400E+04
16:36:23,0e0,+1.292861E+00,+4.159500E-05,+9.910000E+37,+1.168801E+03,+3.584400E+04,+1.293954E+00,+4.159500E-05,+9.910000E+37,+1.168868E+03,+3.584400E+04,+1.292586E+00,+4.159500E-05,+9.910000E+37,+1.168934E+03,+3.584400E+04,-6.379277E-03,+0.000000E+00,+9.910000E+37,+1.169006E+03,+3.584400E+04
16:36:23,0e0,+1.325641E+00,+4.394000E-05,+9.910000E+37,+1.169241E+03,+3.584400E+04,+1.325961E+00,+4.394000E-05,+9.910000E+37,+1.169308E+03,+3.584400E+04,+1.326690E+00,+4.394000E-05,+9.910000E+37,+1.169375E+03,+3.584400E+04,-6.515905E-03,+0.000000E+00,+9.910000E+37,+1.169442E+03,+3.584400E+04
16:36:23,0e0,+1.360653E+00,+4.641500E-05,+9.910000E+37,+1.169661E+03,+3.584400E+04,+1.360517E+00,+4.641500E-05,+9.910000E+37,+1.169729E+03,+3.584400E+04,+1.360653E+00,+4.641500E-05,+9.910000E+37,+1.169794E+03,+3.584400E+04,-6.606907E-03,+0.000000E+00,+9.910000E+37,+1.169862E+03,+3.584400E+04
16:36:23,0e0,+1.397031E+00,+4.903000E-05,+9.910000E+37,+1.170091E+03,+3.584400E+04,+1.395391E+00,+4.903000E-05,+9.910000E+37,+1.170156E+03,+3.584400E+04,+1.395346E+00,+4.903000E-05,+9.910000E+37,+1.170224E+03,+3.584400E+04,-8.064345E-03,+0.000000E+00,+9.910000E+37,+1.170289E+03,+3.584400E+04
16:36:23,0e0,+1.431950E+00,+5.179500E-05,+9.910000E+37,+1.170512E+03,+3.584400E+04,+1.430813E+00,+5.179500E-05,+9.910000E+37,+1.170577E+03,+3.584400E+04,+1.430083E+00,+5.179500E-05,+9.910000E+37,+1.170645E+03,+3.584400E+04,-8.109763E-03,+0.000000E+00,+9.910000E+37,+1.170713E+03,+3.584400E+04
16:36:23,0e0,+1.466324E+00,+5.471500E-05,+9.910000E+37,+1.170946E+03,+3.584400E+04,+1.466327E+00,+5.471500E-05,+9.910000E+37,+1.171012E+03,+3.584400E+04,+1.466506E+00,+5.471500E-05,+9.910000E+37,+1.171079E+03,+3.584400E+04,-6.379172E-03,+0.000000E+00,+9.910000E+37,+1.171145E+03,+3.584400E+04
16:36:23,0e0,+1.503795E+00,+5.779500E-05,+9.910000E+37,+1.171373E+03,+3.584400E+04,+1.503657E+00,+5.779500E-05,+9.910000E+37,+1.171438E+03,+3.584400E+04,+1.504340E+00,+5.779500E-05,+9.910000E+37,+1.171506E+03,+3.584400E+04,-8.428648E-03,+0.000000E+00,+9.910000E+37,+1.171571E+03,+3.584400E+04
16:36:23,0e0,+1.541993E+00,+6.105500E-05,+9.910000E+37,+1.171795E+03,+3.584400E+04,+1.540627E+00,+6.105500E-05,+9.910000E+37,+1.171860E+03,+3.584400E+04,+1.540899E+00,+6.105500E-05,+9.910000E+37,+1.171928E+03,+3.584400E+04,-7.654384E-03,+0.000000E+00,+9.910000E+37,+1.171993E+03,+3.584400E+04
16:36:23,0e0,+1.579554E+00,+6.449500E-05,+9.910000E+37,+1.172212E+03,+3.584400E+04,+1.579964E+00,+6.449500E-05,+9.910000E+37,+1.172278E+03,+3.584400E+04,+1.579052E+00,+6.449500E-05,+9.910000E+37,+1.172346E+03,+3.584400E+04,-7.517323E-03,+0.000000E+00,+9.910000E+37,+1.172412E+03,+3.584400E+04
16:36:23,0e0,+1.619030E+00,+6.813000E-05,+9.910000E+37,+1.172634E+03,+3.584400E+04,+1.618438E+00,+6.813000E-05,+9.910000E+37,+1.172701E+03,+3.584400E+04,+1.618252E+00,+6.813000E-05,+9.910000E+37,+1.172767E+03,+3.584400E+04,-7.244423E-03,+0.000000E+00,+9.910000E+37,+1.172836E+03,+3.584400E+04
16:36:23,0e0,+1.658954E+00,+7.197000E-05,+9.910000E+37,+1.173061E+03,+3.584400E+04,+1.658814E+00,+7.197000E-05,+9.910000E+37,+1.173126E+03,+3.584400E+04,+1.658225E+00,+7.197000E-05,+9.910000E+37,+1.173192E+03,+3.584400E+04,-8.155301E-03,+0.000000E+00,+9.910000E+37,+1.173262E+03,+3.584400E+04
16:36:23,0e0,+1.699795E+00,+7.602500E-05,+9.910000E+37,+1.173482E+03,+3.584400E+04,+1.700021E+00,+7.602500E-05,+9.910000E+37,+1.173548E+03,+3.584400E+04,+1.699201E+00,+7.602500E-05,+9.910000E+37,+1.173615E+03,+3.584400E+04,-7.472232E-03,+0.000000E+00,+9.910000E+37,+1.173683E+03,+3.584400E+04
16:36:23,0e0,+1.742001E+00,+8.031000E-05,+9.910000E+37,+1.173909E+03,+3.584400E+04,+1.742908E+00,+8.031000E-05,+9.910000E+37,+1.173976E+03,+3.584400E+04,+1.741633E+00,+8.031000E-05,+9.910000E+37,+1.174043E+03,+3.584400E+04,-8.838311E-03,+0.000000E+00,+9.910000E+37,+1.174110E+03,+3.584400E+04
16:36:23,0e0,+1.785614E+00,+8.483500E-05,+9.910000E+37,+1.174331E+03,+3.584400E+04,+1.783744E+00,+8.483500E-05,+9.910000E+37,+1.174396E+03,+3.584400E+04,+1.784976E+00,+8.483500E-05,+9.910000E+37,+1.174464E+03,+3.584400E+04,-7.426456E-03,+0.000000E+00,+9.910000E+37,+1.174533E+03,+3.584400E+04
16:36:23,0e0,+1.828091E+00,+8.961500E-05,+9.910000E+37,+1.174760E+03,+3.584400E+04,+1.828364E+00,+8.961500E-05,+9.910000E+37,+1.174827E+03,+3.584400E+04,+1.830596E+00,+8.961500E-05,+9.910000E+37,+1.174893E+03,+3.584400E+04,-7.472053E-03,+0.000000E+00,+9.910000E+37,+1.174961E+03,+3.584400E+04
16:36:23,0e0,+1.873301E+00,+9.466500E-05,+9.910000E+37,+1.175186E+03,+3.584400E+04,+1.873710E+00,+9.466500E-05,+9.910000E+37,+1.175251E+03,+3.584400E+04,+1.874394E+00,+9.466500E-05,+9.910000E+37,+1.175318E+03,+3.584400E+04,-6.424963E-03,+0.000000E+00,+9.910000E+37,+1.175387E+03,+3.584400E+04
16:36:23,0e0,+1.919238E+00,+1.000000E-04,+9.910000E+37,+1.175607E+03,+3.584400E+04,+1.920149E+00,+1.000000E-04,+9.910000E+37,+1.175674E+03,+3.584400E+04,+1.920695E+00,+1.000000E-04,+9.910000E+37,+1.175740E+03,+3.584400E+04,-8.428127E-03,+0.000000E+00,+9.910000E+37,+1.175811E+03,+3.584400E+04
16:36:23,0e0,+1.954751E+00,+1.056500E-04,+9.910000E+37,+1.176040E+03,+3.584400E+04,+1.955798E+00,+1.056500E-04,+9.910000E+37,+1.176106E+03,+3.584400E+04,+1.955434E+00,+1.056500E-04,+9.910000E+37,+1.176174E+03,+3.584400E+04,-1.498428E-02,+0.000000E+00,+9.910000E+37,+1.176239E+03,+3.584400E+04
16:36:23,0e0,+2.001965E+00,+1.116000E-04,+9.910000E+37,+1.176467E+03,+3.584400E+04,+2.000548E+00,+1.116000E-04,+9.910000E+37,+1.176534E+03,+3.584400E+04,+2.002100E+00,+1.116000E-04,+9.910000E+37,+1.176601E+03,+3.584400E+04,-1.493892E-02,+0.000000E+00,+9.910000E+37,+1.176667E+03,+3.584400E+04
16:36:23,0e0,+2.050269E+00,+1.179000E-04,+9.910000E+37,+1.176895E+03,+3.584400E+04,+2.050411E+00,+1.179000E-04,+9.910000E+37,+1.176960E+03,+3.584400E+04,+2.051682E+00,+1.179000E-04,+9.910000E+37,+1.177027E+03,+3.584400E+04,-1.553090E-02,+0.000000E+00,+9.910000E+37,+1.177094E+03,+3.584400E+04
16:36:23,0e0,+2.099255E+00,+1.245000E-04,+9.910000E+37,+1.177318E+03,+3.584400E+04,+2.100260E+00,+1.245000E-04,+9.910000E+37,+1.177386E+03,+3.584400E+04,+2.100124E+00,+1.245000E-04,+9.910000E+37,+1.177451E+03,+3.584400E+04,-1.448353E-02,+0.000000E+00,+9.910000E+37,+1.177518E+03,+3.584400E+04
16:36:23,0e0,+2.150657E+00,+1.315500E-04,+9.910000E+37,+1.177745E+03,+3.584400E+04,+2.151433E+00,+1.315500E-04,+9.910000E+37,+1.177812E+03,+3.584400E+04,+2.151388E+00,+1.315500E-04,+9.910000E+37,+1.177879E+03,+3.584400E+04,-1.516639E-02,+0.000000E+00,+9.910000E+37,+1.177944E+03,+3.584400E+04
16:36:23,0e0,+2.202742E+00,+1.389500E-04,+9.910000E+37,+1.178171E+03,+3.584400E+04,+2.202289E+00,+1.389500E-04,+9.910000E+37,+1.178236E+03,+3.584400E+04,+2.203246E+00,+1.389500E-04,+9.910000E+37,+1.178304E+03,+3.584400E+04,-1.402825E-02,+0.000000E+00,+9.910000E+37,+1.178369E+03,+3.584400E+04
16:36:23,0e0,+2.257880E+00,+1.468000E-04,+9.910000E+37,+1.178598E+03,+3.584400E+04,+2.256652E+00,+1.468000E-04,+9.910000E+37,+1.178664E+03,+3.584400E+04,+2.256468E+00,+1.468000E-04,+9.910000E+37,+1.178730E+03,+3.584400E+04,-1.430088E-02,+0.000000E+00,+9.910000E+37,+1.178798E+03,+3.584400E+04
16:36:23,0e0,+2.309508E+00,+1.550500E-04,+9.910000E+37,+1.179024E+03,+3.584400E+04,+2.311104E+00,+1.550500E-04,+9.910000E+37,+1.179091E+03,+3.584400E+04,+2.310692E+00,+1.550500E-04,+9.910000E+37,+1.179157E+03,+3.584400E+04,-1.498415E-02,+0.000000E+00,+9.910000E+37,+1.179225E+03,+3.584400E+04
16:36:23,0e0,+2.364182E+00,+1.638000E-04,+9.910000E+37,+1.179451E+03,+3.584400E+04,+2.366095E+00,+1.638000E-04,+9.910000E+37,+1.179518E+03,+3.584400E+04,+2.366646E+00,+1.638000E-04,+9.910000E+37,+1.179585E+03,+3.584400E+04,-1.548530E-02,+0.000000E+00,+9.910000E+37,+1.179650E+03,+3.584400E+04
16:36:23,0e0,+2.423010E+00,+1.730000E-04,+9.910000E+37,+1.179876E+03,+3.584400E+04,+2.423829E+00,+1.730000E-04,+9.910000E+37,+1.179943E+03,+3.584400E+04,+2.422327E+00,+1.730000E-04,+9.910000E+37,+1.180009E+03,+3.584400E+04,-1.339076E-02,+0.000000E+00,+9.910000E+37,+1.180076E+03,+3.584400E+04
16:36:23,0e0,+2.480058E+00,+1.827500E-04,+9.910000E+37,+1.180310E+03,+3.584400E+04,+2.480878E+00,+1.827500E-04,+9.910000E+37,+1.180375E+03,+3.584400E+04,+2.480597E+00,+1.827500E-04,+9.910000E+37,+1.180441E+03,+3.584400E+04,-1.411922E-02,+0.000000E+00,+9.910000E+37,+1.180509E+03,+3.584400E+04
16:36:23,0e0,+2.539513E+00,+1.930500E-04,+9.910000E+37,+1.180740E+03,+3.584400E+04,+2.540974E+00,+1.930500E-04,+9.910000E+37,+1.180808E+03,+3.584400E+04,+2.540200E+00,+1.930500E-04,+9.910000E+37,+1.180873E+03,+3.584400E+04,-1.389161E-02,+0.000000E+00,+9.910000E+37,+1.180939E+03,+3.584400E+04
16:36:23,0e0,+2.601624E+00,+2.039500E-04,+9.910000E+37,+1.181167E+03,+3.584400E+04,+2.601573E+00,+2.039500E-04,+9.910000E+37,+1.181233E+03,+3.584400E+04,+2.601161E+00,+2.039500E-04,+9.910000E+37,+1.181301E+03,+3.584400E+04,-1.421036E-02,+0.000000E+00,+9.910000E+37,+1.181366E+03,+3.584400E+04
16:36:23,0e0,+2.661577E+00,+2.154500E-04,+9.910000E+37,+1.181596E+03,+3.584400E+04,+2.662216E+00,+2.154500E-04,+9.910000E+37,+1.181662E+03,+3.584400E+04,+2.663900E+00,+2.154500E-04,+9.910000E+37,+1.181729E+03,+3.584400E+04,-1.361839E-02,+0.000000E+00,+9.910000E+37,+1.181795E+03,+3.584400E+04
16:36:23,0e0,+2.724954E+00,+2.276000E-04,+9.910000E+37,+1.182022E+03,+3.584400E+04,+2.725271E+00,+2.276000E-04,+9.910000E+37,+1.182089E+03,+3.584400E+04,+2.724859E+00,+2.276000E-04,+9.910000E+37,+1.182156E+03,+3.584400E+04,-1.507549E-02,+0.000000E+00,+9.910000E+37,+1.182222E+03,+3.584400E+04
16:36:23,0e0,+2.788785E+00,+2.404000E-04,+9.910000E+37,+1.182451E+03,+3.584400E+04,+2.789283E+00,+2.404000E-04,+9.910000E+37,+1.182518E+03,+3.584400E+04,+2.790332E+00,+2.404000E-04,+9.910000E+37,+1.182585E+03,+3.584400E+04,-1.339076E-02,+0.000000E+00,+9.910000E+37,+1.182652E+03,+3.584400E+04
16:36:23,0e0,+2.853710E+00,+2.539500E-04,+9.910000E+37,+1.182880E+03,+3.584400E+04,+2.853744E+00,+2.539500E-04,+9.910000E+37,+1.182945E+03,+3.584400E+04,+2.854664E+00,+2.539500E-04,+9.910000E+37,+1.183012E+03,+3.584400E+04,-1.380058E-02,+0.000000E+00,+9.910000E+37,+1.183079E+03,+3.584400E+04
16:36:23,0e0,+2.918990E+00,+2.682500E-04,+9.910000E+37,+1.183309E+03,+3.584400E+04,+2.919586E+00,+2.682500E-04,+9.910000E+37,+1.183375E+03,+3.584400E+04,+2.920321E+00,+2.682500E-04,+9.910000E+37,+1.183441E+03,+3.584400E+04,-1.457465E-02,+0.000000E+00,+9.910000E+37,+1.183508E+03,+3.584400E+04
16:36:23,0e0,+2.987885E+00,+2.834000E-04,+9.910000E+37,+1.183735E+03,+3.584400E+04,+2.987472E+00,+2.834000E-04,+9.910000E+37,+1.183802E+03,+3.584400E+04,+2.986736E+00,+2.834000E-04,+9.910000E+37,+1.183868E+03,+3.584400E+04,-1.407336E-02,+0.000000E+00,+9.910000E+37,+1.183934E+03,+3.584400E+04
16:36:23,0e0,+3.055672E+00,+2.993500E-04,+9.910000E+37,+1.184162E+03,+3.584400E+04,+3.055079E+00,+2.993500E-04,+9.910000E+37,+1.184229E+03,+3.584400E+04,+3.056166E+00,+2.993500E-04,+9.910000E+37,+1.184296E+03,+3.584400E+04,-1.461968E-02,+0.000000E+00,+9.910000E+37,+1.184362E+03,+3.584400E+04
16:36:23,0e0,+3.125054E+00,+3.162500E-04,+9.910000E+37,+1.184597E+03,+3.584400E+04,+3.125646E+00,+3.162500E-04,+9.910000E+37,+1.184663E+03,+3.584400E+04,+3.125327E+00,+3.162500E-04,+9.910000E+37,+1.184730E+03,+3.584400E+04,-1.452906E-02,+0.000000E+00,+9.910000E+37,+1.184796E+03,+3.584400E+04
16:36:23,0e0,+3.194351E+00,+3.340500E-04,+9.910000E+37,+1.185024E+03,+3.584400E+04,+3.195487E+00,+3.340500E-04,+9.910000E+37,+1.185091E+03,+3.584400E+04,+3.196032E+00,+3.340500E-04,+9.910000E+37,+1.185157E+03,+3.584400E+04,-1.457465E-02,+0.000000E+00,+9.910000E+37,+1.185223E+03,+3.584400E+04
16:36:23,0e0,+3.265187E+00,+3.528500E-04,+9.910000E+37,+1.185444E+03,+3.584400E+04,+3.266783E+00,+3.528500E-04,+9.910000E+37,+1.185512E+03,+3.584400E+04,+3.266874E+00,+3.528500E-04,+9.910000E+37,+1.185577E+03,+3.584400E+04,-1.430127E-02,+0.000000E+00,+9.910000E+37,+1.185644E+03,+3.584400E+04
16:36:23,0e0,+3.337852E+00,+3.727500E-04,+9.910000E+37,+1.185870E+03,+3.584400E+04,+3.337990E+00,+3.727500E-04,+9.910000E+37,+1.185938E+03,+3.584400E+04,+3.338811E+00,+3.727500E-04,+9.910000E+37,+1.186003E+03,+3.584400E+04,-1.480213E-02,+0.000000E+00,+9.910000E+37,+1.186069E+03,+3.584400E+04
16:36:23,0e0,+3.410251E+00,+3.937500E-04,+9.910000E+37,+1.186304E+03,+3.584400E+04,+3.410519E+00,+3.937500E-04,+9.910000E+37,+1.186370E+03,+3.584400E+04,+3.409282E+00,+3.937500E-04,+9.910000E+37,+1.186438E+03,+3.584400E+04,-1.457462E-02,+0.000000E+00,+9.910000E+37,+1.186503E+03,+3.584400E+04
16:36:23,0e0,+3.482997E+00,+4.159500E-04,+9.910000E+37,+1.186731E+03,+3.584400E+04,+3.484320E+00,+4.159500E-04,+9.910000E+37,+1.186798E+03,+3.584400E+04,+3.483999E+00,+4.159500E-04,+9.910000E+37,+1.186864E+03,+3.584400E+04,-1.366390E-02,+0.000000E+00,+9.910000E+37,+1.186932E+03,+3.584400E+04
16:36:23,0e0,+3.556889E+00,+4.394000E-04,+9.910000E+37,+1.187157E+03,+3.584400E+04,+3.557437E+00,+4.394000E-04,+9.910000E+37,+1.187224E+03,+3.584400E+04,+3.557983E+00,+4.394000E-04,+9.910000E+37,+1.187291E+03,+3.584400E+04,-1.553082E-02,+0.000000E+00,+9.910000E+37,+1.187357E+03,+3.584400E+04
16:36:23,0e0,+3.629321E+00,+4.641500E-04,+9.910000E+37,+1.187581E+03,+3.584400E+04,+3.629637E+00,+4.641500E-04,+9.910000E+37,+1.187647E+03,+3.584400E+04,+3.629455E+00,+4.641500E-04,+9.910000E+37,+1.187714E+03,+3.584400E+04,-1.407346E-02,+0.000000E+00,+9.910000E+37,+1.187781E+03,+3.584400E+04
16:36:23,0e0,+3.702531E+00,+4.903000E-04,+9.910000E+37,+1.188009E+03,+3.584400E+04,+3.705999E+00,+4.903000E-04,+9.910000E+37,+1.188076E+03,+3.584400E+04,+3.704226E+00,+4.903000E-04,+9.910000E+37,+1.188143E+03,+3.584400E+04,-1.416430E-02,+0.000000E+00,+9.910000E+37,+1.188209E+03,+3.584400E+04
16:36:23,0e0,+3.776880E+00,+5.179500E-04,+9.910000E+37,+1.188433E+03,+3.584400E+04,+3.778474E+00,+5.179500E-04,+9.910000E+37,+1.188500E+03,+3.584400E+04,+3.778979E+00,+5.179500E-04,+9.910000E+37,+1.188566E+03,+3.584400E+04,-1.452899E-02,+0.000000E+00,+9.910000E+37,+1.188633E+03,+3.584400E+04
16:36:23,0e0,+3.850410E+00,+5.471500E-04,+9.910000E+37,+1.188859E+03,+3.584400E+04,+3.851140E+00,+5.471500E-04,+9.910000E+37,+1.188925E+03,+3.584400E+04,+3.852003E+00,+5.471500E-04,+9.910000E+37,+1.188992E+03,+3.584400E+04,-1.261698E-02,+0.000000E+00,+9.910000E+37,+1.189060E+03,+3.584400E+04
16:36:23,0e0,+3.922525E+00,+5.779500E-04,+9.910000E+37,+1.189284E+03,+3.584400E+04,+3.923426E+00,+5.779500E-04,+9.910000E+37,+1.189351E+03,+3.584400E+04,+3.925261E+00,+5.779500E-04,+9.910000E+37,+1.189418E+03,+3.584400E+04,-1.507534E-02,+0.000000E+00,+9.910000E+37,+1.189483E+03,+3.584400E+04
16:36:23,0e0,+3.995828E+00,+6.105500E-04,+9.910000E+37,+1.189711E+03,+3.584400E+04,+3.997290E+00,+6.105500E-04,+9.910000E+37,+1.189778E+03,+3.584400E+04,+3.998197E+00,+6.105500E-04,+9.910000E+37,+1.189844E+03,+3.584400E+04,-1.452897E-02,+0.000000E+00,+9.910000E+37,+1.189910E+03,+3.584400E+04
16:36:23,0e0,+4.067443E+00,+6.449500E-04,+9.910000E+37,+1.190134E+03,+3.584400E+04,+4.067618E+00,+6.449500E-04,+9.910000E+37,+1.190199E+03,+3.584400E+04,+4.069138E+00,+6.449500E-04,+9.910000E+37,+1.190267E+03,+3.584400E+04,-1.348191E-02,+0.000000E+00,+9.910000E+37,+1.190333E+03,+3.584400E+04
16:36:23,0e0,+4.139061E+00,+6.813000E-04,+9.910000E+37,+1.190562E+03,+3.584400E+04,+4.140520E+00,+6.813000E-04,+9.910000E+37,+1.190628E+03,+3.584400E+04,+4.139789E+00,+6.813000E-04,+9.910000E+37,+1.190694E+03,+3.584400E+04,-1.402783E-02,+0.000000E+00,+9.910000E+37,+1.190762E+03,+3.584400E+04
16:36:23,0e0,+4.208764E+00,+7.197000E-04,+9.910000E+37,+1.190984E+03,+3.584400E+04,+4.209492E+00,+7.197000E-04,+9.910000E+37,+1.191051E+03,+3.584400E+04,+4.211496E+00,+7.197000E-04,+9.910000E+37,+1.191118E+03,+3.584400E+04,-1.452900E-02,+0.000000E+00,+9.910000E+37,+1.191184E+03,+3.584400E+04
16:36:23,0e0,+4.278831E+00,+7.602500E-04,+9.910000E+37,+1.191412E+03,+3.584400E+04,+4.279925E+00,+7.602500E-04,+9.910000E+37,+1.191479E+03,+3.584400E+04,+4.280789E+00,+7.602500E-04,+9.910000E+37,+1.191546E+03,+3.584400E+04,-1.407376E-02,+0.000000E+00,+9.910000E+37,+1.191613E+03,+3.584400E+04
16:36:23,0e0,+4.346577E+00,+8.031000E-04,+9.910000E+37,+1.191840E+03,+3.584400E+04,+4.349448E+00,+8.031000E-04,+9.910000E+37,+1.191906E+03,+3.584400E+04,+4.348950E+00,+8.031000E-04,+9.910000E+37,+1.191973E+03,+3.584400E+04,-1.543994E-02,+0.000000E+00,+9.910000E+37,+1.192039E+03,+3.584400E+04
16:36:23,0e0,+4.412768E+00,+8.483500E-04,+9.910000E+37,+1.192263E+03,+3.584400E+04,+4.414771E+00,+8.483500E-04,+9.910000E+37,+1.192330E+03,+3.584400E+04,+4.417099E+00,+8.483500E-04,+9.910000E+37,+1.192396E+03,+3.584400E+04,-1.512101E-02,+0.000000E+00,+9.910000E+37,+1.192462E+03,+3.584400E+04
16:36:23,0e0,+4.480251E+00,+8.961500E-04,+9.910000E+37,+1.192690E+03,+3.584400E+04,+4.482706E+00,+8.961500E-04,+9.910000E+37,+1.192758E+03,+3.584400E+04,+4.484116E+00,+8.961500E-04,+9.910000E+37,+1.192824E+03,+3.584400E+04,-1.498426E-02,+0.000000E+00,+9.910000E+37,+1.192891E+03,+3.584400E+04
16:36:23,0e0,+4.545945E+00,+9.466500E-04,+9.910000E+37,+1.193121E+03,+3.584400E+04,+4.549035E+00,+9.466500E-04,+9.910000E+37,+1.193187E+03,+3.584400E+04,+4.549632E+00,+9.466500E-04,+9.910000E+37,+1.193254E+03,+3.584400E+04,-1.489323E-02,+0.000000E+00,+9.910000E+37,+1.193319E+03,+3.584400E+04
16:36:23,0e0,+4.611823E+00,+1.000000E-03,+9.910000E+37,+1.193549E+03,+3.584400E+04,+4.615059E+00,+1.000000E-03,+9.910000E+37,+1.193615E+03,+3.584400E+04,+4.614782E+00,+1.000000E-03,+9.910000E+37,+1.193683E+03,+3.584400E+04,-1.461980E-02,+0.000000E+00,+9.910000E+37,+1.193749E+03,+3.584400E+04
16:36:23,0e0,+4.660580E+00,+1.056500E-03,+9.910000E+37,+1.193976E+03,+3.584400E+04,+4.665419E+00,+1.056500E-03,+9.910000E+37,+1.194041E+03,+3.584400E+04,+4.667601E+00,+1.056500E-03,+9.910000E+37,+1.194108E+03,+3.584400E+04,-4.308067E-01,+0.000000E+00,+9.910000E+37,+1.194174E+03,+3.584400E+04
16:36:23,0e0,+4.723596E+00,+1.116000E-03,+9.910000E+37,+1.194406E+03,+3.584400E+04,+4.728014E+00,+1.116000E-03,+9.910000E+37,+1.194474E+03,+3.584400E+04,+4.729052E+00,+1.116000E-03,+9.910000E+37,+1.194541E+03,+3.584400E+04,-4.019859E-01,+0.000000E+00,+9.910000E+37,+1.194606E+03,+3.584400E+04
16:36:23,0e0,+4.785840E+00,+1.179000E-03,+9.910000E+37,+1.194831E+03,+3.584400E+04,+4.791436E+00,+1.179000E-03,+9.910000E+37,+1.194898E+03,+3.584400E+04,+4.791666E+00,+1.179000E-03,+9.910000E+37,+1.194964E+03,+3.584400E+04,-4.138239E-01,+0.000000E+00,+9.910000E+37,+1.195030E+03,+3.584400E+04
16:36:23,0e0,+4.846840E+00,+1.245000E-03,+9.910000E+37,+1.195258E+03,+3.584400E+04,+4.851306E+00,+1.245000E-03,+9.910000E+37,+1.195324E+03,+3.584400E+04,+4.852395E+00,+1.245000E-03,+9.910000E+37,+1.195392E+03,+3.584400E+04,-3.978425E-01,+0.000000E+00,+9.910000E+37,+1.195459E+03,+3.584400E+04
16:36:23,0e0,+4.907434E+00,+1.315500E-03,+9.910000E+37,+1.195680E+03,+3.584400E+04,+4.911531E+00,+1.315500E-03,+9.910000E+37,+1.195747E+03,+3.584400E+04,+4.914131E+00,+1.315500E-03,+9.910000E+37,+1.195812E+03,+3.584400E+04,-3.983432E-01,+0.000000E+00,+9.910000E+37,+1.195880E+03,+3.584400E+04
16:36:23,0e0,+4.968458E+00,+1.389500E-03,+9.910000E+37,+1.196104E+03,+3.584400E+04,+4.974595E+00,+1.389500E-03,+9.910000E+37,+1.196171E+03,+3.584400E+04,+4.974185E+00,+1.389500E-03,+9.910000E+37,+1.196238E+03,+3.584400E+04,-3.975693E-01,+0.000000E+00,+9.910000E+37,+1.196304E+03,+3.584400E+04
16:36:23,0e0,+5.029227E+00,+1.468000E-03,+9.910000E+37,+1.196524E+03,+3.584400E+04,+5.033966E+00,+1.468000E-03,+9.910000E+37,+1.196592E+03,+3.584400E+04,+5.035057E+00,+1.468000E-03,+9.910000E+37,+1.196658E+03,+3.584400E+04,-3.852303E-01,+0.000000E+00,+9.910000E+37,+1.196726E+03,+3.584400E+04
16:36:23,0e0,+5.086958E+00,+1.550500E-03,+9.910000E+37,+1.196952E+03,+3.584400E+04,+5.092598E+00,+1.550500E-03,+9.910000E+37,+1.197019E+03,+3.584400E+04,+5.094606E+00,+1.550500E-03,+9.910000E+37,+1.197085E+03,+3.584400E+04,-4.065389E-01,+0.000000E+00,+9.910000E+37,+1.197151E+03,+3.584400E+04
16:36:23,0e0,+5.146871E+00,+1.638000E-03,+9.910000E+37,+1.197384E+03,+3.584400E+04,+5.152152E+00,+1.638000E-03,+9.910000E+37,+1.197451E+03,+3.584400E+04,+5.154473E+00,+1.638000E-03,+9.910000E+37,+1.197517E+03,+3.584400E+04,-3.887362E-01,+0.000000E+00,+9.910000E+37,+1.197584E+03,+3.584400E+04
16:36:23,0e0,+5.205427E+00,+1.730000E-03,+9.910000E+37,+1.197806E+03,+3.584400E+04,+5.211291E+00,+1.730000E-03,+9.910000E+37,+1.197872E+03,+3.584400E+04,+5.214074E+00,+1.730000E-03,+9.910000E+37,+1.197939E+03,+3.584400E+04,-4.154174E-01,+0.000000E+00,+9.910000E+37,+1.198007E+03,+3.584400E+04
16:36:23,0e0,+5.264253E+00,+1.827500E-03,+9.910000E+37,+1.198235E+03,+3.584400E+04,+5.271801E+00,+1.827500E-03,+9.910000E+37,+1.198302E+03,+3.584400E+04,+5.271976E+00,+1.827500E-03,+9.910000E+37,+1.198369E+03,+3.584400E+04,-3.864597E-01,+0.000000E+00,+9.910000E+37,+1.198435E+03,+3.584400E+04
16:36:23,0e0,+5.322792E+00,+1.930500E-03,+9.910000E+37,+1.198661E+03,+3.584400E+04,+5.328656E+00,+1.930500E-03,+9.910000E+37,+1.198727E+03,+3.584400E+04,+5.333300E+00,+1.930500E-03,+9.910000E+37,+1.198793E+03,+3.584400E+04,-3.977514E-01,+0.000000E+00,+9.910000E+37,+1.198860E+03,+3.584400E+04
16:36:23,0e0,+5.382526E+00,+2.039500E-03,+9.910000E+37,+1.199090E+03,+3.584400E+04,+5.388252E+00,+2.039500E-03,+9.910000E+37,+1.199157E+03,+3.584400E+04,+5.392862E+00,+2.039500E-03,+9.910000E+37,+1.199223E+03,+3.584400E+04,-3.867785E-01,+0.000000E+00,+9.910000E+37,+1.199289E+03,+3.584400E+04
16:36:23,0e0,+5.442396E+00,+2.154500E-03,+9.910000E+37,+1.199510E+03,+3.584400E+04,+5.450099E+00,+2.154500E-03,+9.910000E+37,+1.199577E+03,+3.584400E+04,+5.452687E+00,+2.154500E-03,+9.910000E+37,+1.199643E+03,+3.584400E+04,-4.013940E-01,+0.000000E+00,+9.910000E+37,+1.199709E+03,+3.584400E+04
16:36:23,0e0,+5.500263E+00,+2.276000E-03,+9.910000E+37,+1.199938E+03,+3.584400E+04,+5.510143E+00,+2.276000E-03,+9.910000E+37,+1.200005E+03,+3.584400E+04,+5.511739E+00,+2.276000E-03,+9.910000E+37,+1.200070E+03,+3.584400E+04,-3.862320E-01,+0.000000E+00,+9.910000E+37,+1.200138E+03,+3.584400E+04
16:36:23,0e0,+5.559755E+00,+2.404000E-03,+9.910000E+37,+1.200365E+03,+3.584400E+04,+5.568736E+00,+2.404000E-03,+9.910000E+37,+1.200431E+03,+3.584400E+04,+5.572432E+00,+2.404000E-03,+9.910000E+37,+1.200498E+03,+3.584400E+04,-3.732556E-01,+0.000000E+00,+9.910000E+37,+1.200564E+03,+3.584400E+04
16:36:23,0e0,+5.620507E+00,+2.539500E-03,+9.910000E+37,+1.200791E+03,+3.584400E+04,+5.628665E+00,+2.539500E-03,+9.910000E+37,+1.200858E+03,+3.584400E+04,+5.634209E+00,+2.539500E-03,+9.910000E+37,+1.200924E+03,+3.584400E+04,-3.686571E-01,+0.000000E+00,+9.910000E+37,+1.200990E+03,+3.584400E+04
16:36:23,0e0,+5.680871E+00,+2.682500E-03,+9.910000E+37,+1.201216E+03,+3.584400E+04,+5.689888E+00,+2.682500E-03,+9.910000E+37,+1.201282E+03,+3.584400E+04,+5.692341E+00,+2.682500E-03,+9.910000E+37,+1.201349E+03,+3.584400E+04,-3.614632E-01,+0.000000E+00,+9.910000E+37,+1.201416E+03,+3.584400E+04
16:36:23,0e0,+5.741835E+00,+2.834000E-03,+9.910000E+37,+1.201639E+03,+3.584400E+04,+5.750898E+00,+2.834000E-03,+9.910000E+37,+1.201705E+03,+3.584400E+04,+5.756630E+00,+2.834000E-03,+9.910000E+37,+1.201772E+03,+3.584400E+04,-3.629200E-01,+0.000000E+00,+9.910000E+37,+1.201840E+03,+3.584400E+04
16:36:23,0e0,+5.802346E+00,+2.993500E-03,+9.910000E+37,+1.202069E+03,+3.584400E+04,+5.811810E+00,+2.993500E-03,+9.910000E+37,+1.202136E+03,+3.584400E+04,+5.818691E+00,+2.993500E-03,+9.910000E+37,+1.202203E+03,+3.584400E+04,-3.636485E-01,+0.000000E+00,+9.910000E+37,+1.202271E+03,+3.584400E+04
16:36:23,0e0,+5.863994E+00,+3.162500E-03,+9.910000E+37,+1.202507E+03,+3.584400E+04,+5.876147E+00,+3.162500E-03,+9.910000E+37,+1.202573E+03,+3.584400E+04,+5.879193E+00,+3.162500E-03,+9.910000E+37,+1.202640E+03,+3.584400E+04,-3.570465E-01,+0.000000E+00,+9.910000E+37,+1.202707E+03,+3.584400E+04
16:36:23,0e0,+5.924990E+00,+3.340500E-03,+9.910000E+37,+1.202936E+03,+3.584400E+04,+5.937698E+00,+3.340500E-03,+9.910000E+37,+1.203002E+03,+3.584400E+04,+5.942342E+00,+3.340500E-03,+9.910000E+37,+1.203069E+03,+3.584400E+04,-3.640127E-01,+0.000000E+00,+9.910000E+37,+1.203135E+03,+3.584400E+04
16:36:23,0e0,+5.989276E+00,+3.528500E-03,+9.910000E+37,+1.203358E+03,+3.584400E+04,+6.002347E+00,+3.528500E-03,+9.910000E+37,+1.203424E+03,+3.584400E+04,+6.005629E+00,+3.528500E-03,+9.910000E+37,+1.203491E+03,+3.584400E+04,-3.567733E-01,+0.000000E+00,+9.910000E+37,+1.203557E+03,+3.584400E+04
16:36:23,0e0,+6.052691E+00,+3.727500E-03,+9.910000E+37,+1.203789E+03,+3.584400E+04,+6.066182E+00,+3.727500E-03,+9.910000E+37,+1.203855E+03,+3.584400E+04,+6.072871E+00,+3.727500E-03,+9.910000E+37,+1.203922E+03,+3.584400E+04,-3.594142E-01,+0.000000E+00,+9.910000E+37,+1.203989E+03,+3.584400E+04
16:36:23,0e0,+6.118714E+00,+3.937500E-03,+9.910000E+37,+1.204218E+03,+3.584400E+04,+6.131739E+00,+3.937500E-03,+9.910000E+37,+1.204283E+03,+3.584400E+04,+6.136378E+00,+3.937500E-03,+9.910000E+37,+1.204350E+03,+3.584400E+04,-3.402001E-01,+0.000000E+00,+9.910000E+37,+1.204416E+03,+3.584400E+04
16:36:23,0e0,+6.184316E+00,+4.159500E-03,+9.910000E+37,+1.204647E+03,+3.584400E+04,+6.198028E+00,+4.159500E-03,+9.910000E+37,+1.204714E+03,+3.584400E+04,+6.202857E+00,+4.159500E-03,+9.910000E+37,+1.204781E+03,+3.584400E+04,-3.371494E-01,+0.000000E+00,+9.910000E+37,+1.204847E+03,+3.584400E+04
16:36:23,0e0,+6.251206E+00,+4.394000E-03,+9.910000E+37,+1.205071E+03,+3.584400E+04,+6.264410E+00,+4.394000E-03,+9.910000E+37,+1.205139E+03,+3.584400E+04,+6.269501E+00,+4.394000E-03,+9.910000E+37,+1.205205E+03,+3.584400E+04,-3.362841E-01,+0.000000E+00,+9.910000E+37,+1.205271E+03,+3.584400E+04
16:36:23,0e0,+6.319044E+00,+4.641500E-03,+9.910000E+37,+1.205498E+03,+3.584400E+04,+6.332654E+00,+4.641500E-03,+9.910000E+37,+1.205565E+03,+3.584400E+04,+6.338399E+00,+4.641500E-03,+9.910000E+37,+1.205631E+03,+3.584400E+04,-3.212591E-01,+0.000000E+00,+9.910000E+37,+1.205698E+03,+3.584400E+04
16:36:23,0e0,+6.386477E+00,+4.903000E-03,+9.910000E+37,+1.205930E+03,+3.584400E+04,+6.400853E+00,+4.903000E-03,+9.910000E+37,+1.205997E+03,+3.584400E+04,+6.407921E+00,+4.903000E-03,+9.910000E+37,+1.206063E+03,+3.584400E+04,-3.240820E-01,+0.000000E+00,+9.910000E+37,+1.206129E+03,+3.584400E+04
16:36:23,0e0,+6.456582E+00,+5.179500E-03,+9.910000E+37,+1.206353E+03,+3.584400E+04,+6.471466E+00,+5.179500E-03,+9.910000E+37,+1.206419E+03,+3.584400E+04,+6.477341E+00,+5.179500E-03,+9.910000E+37,+1.206485E+03,+3.584400E+04,-3.095120E-01,+0.000000E+00,+9.910000E+37,+1.206552E+03,+3.584400E+04
16:36:23,0e0,+6.527198E+00,+5.471500E-03,+9.910000E+37,+1.206779E+03,+3.584400E+04,+6.542402E+00,+5.471500E-03,+9.910000E+37,+1.206846E+03,+3.584400E+04,+6.548138E+00,+5.471500E-03,+9.910000E+37,+1.206912E+03,+3.584400E+04,-2.934397E-01,+0.000000E+00,+9.910000E+37,+1.206979E+03,+3.584400E+04
16:36:23,0e0,+6.597820E+00,+5.779500E-03,+9.910000E+37,+1.207201E+03,+3.584400E+04,+6.611685E+00,+5.779500E-03,+9.910000E+37,+1.207269E+03,+3.584400E+04,+6.620214E+00,+5.779500E-03,+9.910000E+37,+1.207336E+03,+3.584400E+04,-2.888410E-01,+0.000000E+00,+9.910000E+37,+1.207401E+03,+3.584400E+04
16:36:23,0e0,+6.670612E+00,+6.105500E-03,+9.910000E+37,+1.207629E+03,+3.584400E+04,+6.686229E+00,+6.105500E-03,+9.910000E+37,+1.207695E+03,+3.584400E+04,+6.691628E+00,+6.105500E-03,+9.910000E+37,+1.207763E+03,+3.584400E+04,-2.703098E-01,+0.000000E+00,+9.910000E+37,+1.207828E+03,+3.584400E+04
16:36:23,0e0,+6.742953E+00,+6.449500E-03,+9.910000E+37,+1.208050E+03,+3.584400E+04,+6.760167E+00,+6.449500E-03,+9.910000E+37,+1.208116E+03,+3.584400E+04,+6.767038E+00,+6.449500E-03,+9.910000E+37,+1.208184E+03,+3.584400E+04,-2.608393E-01,+0.000000E+00,+9.910000E+37,+1.208251E+03,+3.584400E+04
16:36:23,0e0,+6.817668E+00,+6.813000E-03,+9.910000E+37,+1.208476E+03,+3.584400E+04,+6.837396E+00,+6.813000E-03,+9.910000E+37,+1.208543E+03,+3.584400E+04,+6.842578E+00,+6.813000E-03,+9.910000E+37,+1.208609E+03,+3.584400E+04,-2.514599E-01,+0.000000E+00,+9.910000E+37,+1.208675E+03,+3.584400E+04
16:36:23,0e0,+6.892140E+00,+7.197000E-03,+9.910000E+37,+1.208904E+03,+3.584400E+04,+6.911772E+00,+7.197000E-03,+9.910000E+37,+1.208972E+03,+3.584400E+04,+6.918801E+00,+7.197000E-03,+9.910000E+37,+1.209037E+03,+3.584400E+04,-2.397585E-01,+0.000000E+00,+9.910000E+37,+1.209104E+03,+3.584400E+04
16:36:23,0e0,+6.968807E+00,+7.602500E-03,+9.910000E+37,+1.209331E+03,+3.584400E+04,+6.990673E+00,+7.602500E-03,+9.910000E+37,+1.209397E+03,+3.584400E+04,+6.996224E+00,+7.602500E-03,+9.910000E+37,+1.209464E+03,+3.584400E+04,-2.311076E-01,+0.000000E+00,+9.910000E+37,+1.209529E+03,+3.584400E+04
16:36:23,0e0,+7.048401E+00,+8.031000E-03,+9.910000E+37,+1.209755E+03,+3.584400E+04,+7.067205E+00,+8.031000E-03,+9.910000E+37,+1.209822E+03,+3.584400E+04,+7.074793E+00,+8.031000E-03,+9.910000E+37,+1.209888E+03,+3.584400E+04,-2.246877E-01,+0.000000E+00,+9.910000E+37,+1.209954E+03,+3.584400E+04
16:36:23,0e0,+7.128441E+00,+8.483500E-03,+9.910000E+37,+1.210181E+03,+3.584400E+04,+7.149339E+00,+8.483500E-03,+9.910000E+37,+1.210248E+03,+3.584400E+04,+7.156905E+00,+8.483500E-03,+9.910000E+37,+1.210313E+03,+3.584400E+04,-2.138973E-01,+0.000000E+00,+9.910000E+37,+1.210381E+03,+3.584400E+04
16:36:23,0e0,+7.209263E+00,+8.961500E-03,+9.910000E+37,+1.210606E+03,+3.584400E+04,+7.231475E+00,+8.961500E-03,+9.910000E+37,+1.210673E+03,+3.584400E+04,+7.239122E+00,+8.961500E-03,+9.910000E+37,+1.210739E+03,+3.584400E+04,-2.100274E-01,+0.000000E+00,+9.910000E+37,+1.210807E+03,+3.584400E+04
16:36:23,0e0,+7.292657E+00,+9.466500E-03,+9.910000E+37,+1.211032E+03,+3.584400E+04,+7.314564E+00,+9.466500E-03,+9.910000E+37,+1.211100E+03,+3.584400E+04,+7.323621E+00,+9.466500E-03,+9.910000E+37,+1.211165E+03,+3.584400E+04,-1.902227E-01,+0.000000E+00,+9.910000E+37,+1.211230E+03,+3.584400E+04
