17:08:39,0e0,+1.459092E-03,+1.000000E-07,+9.910000E+37,+2.991758E+02,+3.584400E+04,+1.231387E-03,+1.000000E-07,+9.910000E+37,+2.992422E+02,+3.584400E+04,+3.052697E-03,+1.000000E-07,+9.910000E+37,+2.993086E+02,+3.584400E+04,-1.629750E-02,+0.000000E+00,+9.910000E+37,+2.993750E+02,+3.584400E+04
17:08:39,0e0,+3.416881E-03,+1.056500E-07,+9.910000E+37,+2.996016E+02,+3.584400E+04,+3.234670E-03,+1.056500E-07,+9.910000E+37,+2.996680E+02,+3.584400E+04,+2.142012E-03,+1.056500E-07,+9.910000E+37,+2.997344E+02,+3.584400E+04,-1.538719E-02,+0.000000E+00,+9.910000E+37,+2.998018E+02,+3.584400E+04
17:08:39,0e0,+3.872126E-03,+1.116000E-07,+9.910000E+37,+3.000254E+02,+3.584400E+04,+1.732081E-03,+1.116000E-07,+9.910000E+37,+3.000918E+02,+3.584400E+04,+2.506077E-03,+1.116000E-07,+9.910000E+37,+3.001592E+02,+3.584400E+04,-1.579687E-02,+0.000000E+00,+9.910000E+37,+3.002246E+02,+3.584400E+04
17:08:39,0e0,+4.054546E-03,+1.179000E-07,+9.910000E+37,+3.004512E+02,+3.584400E+04,+5.602092E-03,+1.179000E-07,+9.910000E+37,+3.005176E+02,+3.584400E+04,+5.010873E-03,+1.179000E-07,+9.910000E+37,+3.005840E+02,+3.584400E+04,-1.643424E-02,+0.000000E+00,+9.910000E+37,+3.006514E+02,+3.584400E+04
17:08:39,0e0,+5.374461E-03,+1.245000E-07,+9.910000E+37,+3.008770E+02,+3.584400E+04,+6.239697E-03,+1.245000E-07,+9.910000E+37,+3.009424E+02,+3.584400E+04,+5.055800E-03,+1.245000E-07,+9.910000E+37,+3.010088E+02,+3.584400E+04,-1.552357E-02,+0.000000E+00,+9.910000E+37,+3.010762E+02,+3.584400E+04
17:08:39,0e0,+7.969812E-03,+1.315500E-07,+9.910000E+37,+3.013018E+02,+3.584400E+04,+6.695077E-03,+1.315500E-07,+9.910000E+37,+3.013682E+02,+3.584400E+04,+7.059321E-03,+1.315500E-07,+9.910000E+37,+3.014346E+02,+3.584400E+04,-1.515941E-02,+0.000000E+00,+9.910000E+37,+3.015010E+02,+3.584400E+04
17:08:39,0e0,+7.969782E-03,+1.389500E-07,+9.910000E+37,+3.017275E+02,+3.584400E+04,+8.424997E-03,+1.389500E-07,+9.910000E+37,+3.017930E+02,+3.584400E+04,+7.833123E-03,+1.389500E-07,+9.910000E+37,+3.018594E+02,+3.584400E+04,-1.616096E-02,+0.000000E+00,+9.910000E+37,+3.019268E+02,+3.584400E+04
17:08:39,0e0,+9.290040E-03,+1.468000E-07,+9.910000E+37,+3.021504E+02,+3.584400E+04,+9.198964E-03,+1.468000E-07,+9.910000E+37,+3.022178E+02,+3.584400E+04,+8.425027E-03,+1.468000E-07,+9.910000E+37,+3.022832E+02,+3.584400E+04,-1.534167E-02,+0.000000E+00,+9.910000E+37,+3.023506E+02,+3.584400E+04
17:08:39,0e0,+1.124786E-02,+1.550500E-07,+9.910000E+37,+3.025762E+02,+3.584400E+04,+9.836480E-03,+1.550500E-07,+9.910000E+37,+3.026426E+02,+3.584400E+04,+1.106563E-02,+1.550500E-07,+9.910000E+37,+3.027090E+02,+3.584400E+04,-1.584268E-02,+0.000000E+00,+9.910000E+37,+3.027754E+02,+3.584400E+04
17:08:39,0e0,+1.179416E-02,+1.638000E-07,+9.910000E+37,+3.030010E+02,+3.584400E+04,+1.220399E-02,+1.638000E-07,+9.910000E+37,+3.030674E+02,+3.584400E+04,+1.234065E-02,+1.638000E-07,+9.910000E+37,+3.031338E+02,+3.584400E+04,-1.643424E-02,+0.000000E+00,+9.910000E+37,+3.032012E+02,+3.584400E+04
17:08:39,0e0,+1.379760E-02,+1.730000E-07,+9.910000E+37,+3.034258E+02,+3.584400E+04,+1.402541E-02,+1.730000E-07,+9.910000E+37,+3.034912E+02,+3.584400E+04,+1.302344E-02,+1.730000E-07,+9.910000E+37,+3.035576E+02,+3.584400E+04,-1.716305E-02,+0.000000E+00,+9.910000E+37,+3.036240E+02,+3.584400E+04
17:08:39,0e0,+1.529992E-02,+1.827500E-07,+9.910000E+37,+3.038506E+02,+3.584400E+04,+1.452595E-02,+1.827500E-07,+9.910000E+37,+3.039160E+02,+3.584400E+04,+1.475348E-02,+1.827500E-07,+9.910000E+37,+3.039824E+02,+3.584400E+04,-1.515932E-02,+0.000000E+00,+9.910000E+37,+3.040498E+02,+3.584400E+04
17:08:39,0e0,+1.675704E-02,+1.930500E-07,+9.910000E+37,+3.042715E+02,+3.584400E+04,+1.611948E-02,+1.930500E-07,+9.910000E+37,+3.043379E+02,+3.584400E+04,+1.643836E-02,+1.930500E-07,+9.910000E+37,+3.044033E+02,+3.584400E+04,-1.529570E-02,+0.000000E+00,+9.910000E+37,+3.044707E+02,+3.584400E+04
17:08:39,0e0,+2.008107E-02,+2.039500E-07,+9.910000E+37,+3.046914E+02,+3.584400E+04,+1.807728E-02,+2.039500E-07,+9.910000E+37,+3.047588E+02,+3.584400E+04,+1.639256E-02,+2.039500E-07,+9.910000E+37,+3.048242E+02,+3.584400E+04,-1.552373E-02,+0.000000E+00,+9.910000E+37,+3.048916E+02,+3.584400E+04
17:08:39,0e0,+2.085443E-02,+2.154500E-07,+9.910000E+37,+3.051191E+02,+3.584400E+04,+2.053608E-02,+2.154500E-07,+9.910000E+37,+3.051855E+02,+3.584400E+04,+2.058136E-02,+2.154500E-07,+9.910000E+37,+3.052520E+02,+3.584400E+04,-1.757291E-02,+0.000000E+00,+9.910000E+37,+3.053184E+02,+3.584400E+04
17:08:39,0e0,+2.103642E-02,+2.276000E-07,+9.910000E+37,+3.055430E+02,+3.584400E+04,+2.308562E-02,+2.276000E-07,+9.910000E+37,+3.056104E+02,+3.584400E+04,+2.226591E-02,+2.276000E-07,+9.910000E+37,+3.056768E+02,+3.584400E+04,-1.602449E-02,+0.000000E+00,+9.910000E+37,+3.057432E+02,+3.584400E+04
17:08:39,0e0,+2.599950E-02,+2.404000E-07,+9.910000E+37,+3.059687E+02,+3.584400E+04,+2.367742E-02,+2.404000E-07,+9.910000E+37,+3.060352E+02,+3.584400E+04,+2.590854E-02,+2.404000E-07,+9.910000E+37,+3.061016E+02,+3.584400E+04,-1.607001E-02,+0.000000E+00,+9.910000E+37,+3.061680E+02,+3.584400E+04
17:08:39,0e0,+2.727436E-02,+2.539500E-07,+9.910000E+37,+3.063906E+02,+3.584400E+04,+2.691032E-02,+2.539500E-07,+9.910000E+37,+3.064580E+02,+3.584400E+04,+2.672827E-02,+2.539500E-07,+9.910000E+37,+3.065244E+02,+3.584400E+04,-1.493187E-02,+0.000000E+00,+9.910000E+37,+3.065918E+02,+3.584400E+04
17:08:39,0e0,+2.791137E-02,+2.682500E-07,+9.910000E+37,+3.068174E+02,+3.584400E+04,+2.786586E-02,+2.682500E-07,+9.910000E+37,+3.068838E+02,+3.584400E+04,+2.973294E-02,+2.682500E-07,+9.910000E+37,+3.069512E+02,+3.584400E+04,-1.497741E-02,+0.000000E+00,+9.910000E+37,+3.070166E+02,+3.584400E+04
17:08:39,0e0,+3.214607E-02,+2.834000E-07,+9.910000E+37,+3.072393E+02,+3.584400E+04,+3.123525E-02,+2.834000E-07,+9.910000E+37,+3.073057E+02,+3.584400E+04,+3.173617E-02,+2.834000E-07,+9.910000E+37,+3.073730E+02,+3.584400E+04,-1.584242E-02,+0.000000E+00,+9.910000E+37,+3.074385E+02,+3.584400E+04
17:08:39,0e0,+3.414944E-02,+2.993500E-07,+9.910000E+37,+3.076631E+02,+3.584400E+04,+3.496885E-02,+2.993500E-07,+9.910000E+37,+3.077305E+02,+3.584400E+04,+3.346631E-02,+2.993500E-07,+9.910000E+37,+3.077979E+02,+3.584400E+04,-1.515941E-02,+0.000000E+00,+9.910000E+37,+3.078633E+02,+3.584400E+04
17:08:39,0e0,+3.679016E-02,+3.162500E-07,+9.910000E+37,+3.080898E+02,+3.584400E+04,+3.610706E-02,+3.162500E-07,+9.910000E+37,+3.081572E+02,+3.584400E+04,+3.569731E-02,+3.162500E-07,+9.910000E+37,+3.082227E+02,+3.584400E+04,-1.525049E-02,+0.000000E+00,+9.910000E+37,+3.082891E+02,+3.584400E+04
17:08:39,0e0,+3.952211E-02,+3.340500E-07,+9.910000E+37,+3.085146E+02,+3.584400E+04,+3.970388E-02,+3.340500E-07,+9.910000E+37,+3.085811E+02,+3.584400E+04,+3.801930E-02,+3.340500E-07,+9.910000E+37,+3.086475E+02,+3.584400E+04,-1.643454E-02,+0.000000E+00,+9.910000E+37,+3.087148E+02,+3.584400E+04
17:08:39,0e0,+4.056868E-02,+3.528500E-07,+9.910000E+37,+3.089414E+02,+3.584400E+04,+4.220790E-02,+3.528500E-07,+9.910000E+37,+3.090068E+02,+3.584400E+04,+4.252675E-02,+3.528500E-07,+9.910000E+37,+3.090742E+02,+3.584400E+04,-1.588802E-02,+0.000000E+00,+9.910000E+37,+3.091416E+02,+3.584400E+04
17:08:39,0e0,+4.389268E-02,+3.727500E-07,+9.910000E+37,+3.093672E+02,+3.584400E+04,+4.475719E-02,+3.727500E-07,+9.910000E+37,+3.094336E+02,+3.584400E+04,+4.366454E-02,+3.727500E-07,+9.910000E+37,+3.095000E+02,+3.584400E+04,-1.588795E-02,+0.000000E+00,+9.910000E+37,+3.095664E+02,+3.584400E+04
17:08:39,0e0,+4.758081E-02,+3.937500E-07,+9.910000E+37,+3.097881E+02,+3.584400E+04,+4.985699E-02,+3.937500E-07,+9.910000E+37,+3.098545E+02,+3.584400E+04,+4.735255E-02,+3.937500E-07,+9.910000E+37,+3.099209E+02,+3.584400E+04,-1.593365E-02,+0.000000E+00,+9.910000E+37,+3.099883E+02,+3.584400E+04
17:08:39,0e0,+5.117711E-02,+4.159500E-07,+9.910000E+37,+3.102129E+02,+3.584400E+04,+5.117738E-02,+4.159500E-07,+9.910000E+37,+3.102793E+02,+3.584400E+04,+5.108631E-02,+4.159500E-07,+9.910000E+37,+3.103467E+02,+3.584400E+04,-1.461320E-02,+0.000000E+00,+9.910000E+37,+3.104121E+02,+3.584400E+04
17:08:39,0e0,+5.431870E-02,+4.394000E-07,+9.910000E+37,+3.106387E+02,+3.584400E+04,+5.532056E-02,+4.394000E-07,+9.910000E+37,+3.107051E+02,+3.584400E+04,+5.463740E-02,+4.394000E-07,+9.910000E+37,+3.107715E+02,+3.584400E+04,-1.666214E-02,+0.000000E+00,+9.910000E+37,+3.108389E+02,+3.584400E+04
17:08:39,0e0,+5.768770E-02,+4.641500E-07,+9.910000E+37,+3.110625E+02,+3.584400E+04,+5.928147E-02,+4.641500E-07,+9.910000E+37,+3.111289E+02,+3.584400E+04,+5.786991E-02,+4.641500E-07,+9.910000E+37,+3.111953E+02,+3.584400E+04,-1.588812E-02,+0.000000E+00,+9.910000E+37,+3.112627E+02,+3.584400E+04
17:08:39,0e0,+6.255990E-02,+4.903000E-07,+9.910000E+37,+3.114883E+02,+3.584400E+04,+6.196767E-02,+4.903000E-07,+9.910000E+37,+3.115547E+02,+3.584400E+04,+6.287858E-02,+4.903000E-07,+9.910000E+37,+3.116211E+02,+3.584400E+04,-1.447619E-02,+0.000000E+00,+9.910000E+37,+3.116885E+02,+3.584400E+04
17:08:39,0e0,+6.583759E-02,+5.179500E-07,+9.910000E+37,+3.119150E+02,+3.584400E+04,+6.574684E-02,+5.179500E-07,+9.910000E+37,+3.119814E+02,+3.584400E+04,+6.611133E-02,+5.179500E-07,+9.910000E+37,+3.120488E+02,+3.584400E+04,-1.497741E-02,+0.000000E+00,+9.910000E+37,+3.121143E+02,+3.584400E+04
17:08:39,0e0,+6.957129E-02,+5.471500E-07,+9.910000E+37,+3.123389E+02,+3.584400E+04,+7.007220E-02,+5.471500E-07,+9.910000E+37,+3.124053E+02,+3.584400E+04,+6.975320E-02,+5.471500E-07,+9.910000E+37,+3.124727E+02,+3.584400E+04,-1.520503E-02,+0.000000E+00,+9.910000E+37,+3.125381E+02,+3.584400E+04
17:08:39,0e0,+7.567245E-02,+5.779500E-07,+9.910000E+37,+3.127598E+02,+3.584400E+04,+7.549042E-02,+5.779500E-07,+9.910000E+37,+3.128262E+02,+3.584400E+04,+7.494405E-02,+5.779500E-07,+9.910000E+37,+3.128926E+02,+3.584400E+04,-1.625241E-02,+0.000000E+00,+9.910000E+37,+3.129600E+02,+3.584400E+04
17:08:39,0e0,+8.013421E-02,+6.105500E-07,+9.910000E+37,+3.131846E+02,+3.584400E+04,+7.917792E-02,+6.105500E-07,+9.910000E+37,+3.132510E+02,+3.584400E+04,+8.068043E-02,+6.105500E-07,+9.910000E+37,+3.133174E+02,+3.584400E+04,-1.552370E-02,+0.000000E+00,+9.910000E+37,+3.133848E+02,+3.584400E+04
17:08:39,0e0,+8.414093E-02,+6.449500E-07,+9.910000E+37,+3.136055E+02,+3.584400E+04,+8.477843E-02,+6.449500E-07,+9.910000E+37,+3.136719E+02,+3.584400E+04,+8.482361E-02,+6.449500E-07,+9.910000E+37,+3.137393E+02,+3.584400E+04,-1.547833E-02,+0.000000E+00,+9.910000E+37,+3.138047E+02,+3.584400E+04
17:08:39,0e0,+8.996874E-02,+6.813000E-07,+9.910000E+37,+3.140303E+02,+3.584400E+04,+8.955863E-02,+6.813000E-07,+9.910000E+37,+3.140957E+02,+3.584400E+04,+8.992311E-02,+6.813000E-07,+9.910000E+37,+3.141621E+02,+3.584400E+04,-1.543273E-02,+0.000000E+00,+9.910000E+37,+3.142295E+02,+3.584400E+04
17:08:39,0e0,+9.320128E-02,+7.197000E-07,+9.910000E+37,+3.144521E+02,+3.584400E+04,+9.579691E-02,+7.197000E-07,+9.910000E+37,+3.145176E+02,+3.584400E+04,+9.602419E-02,+7.197000E-07,+9.910000E+37,+3.145850E+02,+3.584400E+04,-1.711757E-02,+0.000000E+00,+9.910000E+37,+3.146504E+02,+3.584400E+04
17:08:39,0e0,+1.008047E-01,+7.602500E-07,+9.910000E+37,+3.148750E+02,+3.584400E+04,+1.015787E-01,+7.602500E-07,+9.910000E+37,+3.149414E+02,+3.584400E+04,+1.013056E-01,+7.602500E-07,+9.910000E+37,+3.150078E+02,+3.584400E+04,-1.616116E-02,+0.000000E+00,+9.910000E+37,+3.150742E+02,+3.584400E+04
17:08:39,0e0,+1.059949E-01,+8.031000E-07,+9.910000E+37,+3.152969E+02,+3.584400E+04,+1.064045E-01,+8.031000E-07,+9.910000E+37,+3.153643E+02,+3.584400E+04,+1.069513E-01,+8.031000E-07,+9.910000E+37,+3.154307E+02,+3.584400E+04,-1.720873E-02,+0.000000E+00,+9.910000E+37,+3.154980E+02,+3.584400E+04
17:08:39,0e0,+1.138256E-01,+8.483500E-07,+9.910000E+37,+3.157246E+02,+3.584400E+04,+1.127793E-01,+8.483500E-07,+9.910000E+37,+3.157910E+02,+3.584400E+04,+1.123693E-01,+8.483500E-07,+9.910000E+37,+3.158574E+02,+3.584400E+04,-1.502258E-02,+0.000000E+00,+9.910000E+37,+3.159238E+02,+3.584400E+04
17:08:39,0e0,+1.194726E-01,+8.961500E-07,+9.910000E+37,+3.161445E+02,+3.584400E+04,+1.197907E-01,+8.961500E-07,+9.910000E+37,+3.162109E+02,+3.584400E+04,+1.192899E-01,+8.961500E-07,+9.910000E+37,+3.162783E+02,+3.584400E+04,-1.584256E-02,+0.000000E+00,+9.910000E+37,+3.163438E+02,+3.584400E+04
17:08:39,0e0,+1.278045E-01,+9.466500E-07,+9.910000E+37,+3.165664E+02,+3.584400E+04,+1.265746E-01,+9.466500E-07,+9.910000E+37,+3.166338E+02,+3.584400E+04,+1.264836E-01,+9.466500E-07,+9.910000E+37,+3.167002E+02,+3.584400E+04,-1.456788E-02,+0.000000E+00,+9.910000E+37,+3.167666E+02,+3.584400E+04
17:08:39,0e0,+1.319925E-01,+1.000000E-06,+9.910000E+37,+3.169893E+02,+3.584400E+04,+1.337682E-01,+1.000000E-06,+9.910000E+37,+3.170547E+02,+3.584400E+04,+1.323568E-01,+1.000000E-06,+9.910000E+37,+3.171211E+02,+3.584400E+04,-1.629812E-02,+0.000000E+00,+9.910000E+37,+3.171865E+02,+3.584400E+04
17:08:39,0e0,+1.289880E-01,+1.056500E-06,+9.910000E+37,+3.174121E+02,+3.584400E+04,+1.279400E-01,+1.056500E-06,+9.910000E+37,+3.174795E+02,+3.584400E+04,+1.283045E-01,+1.056500E-06,+9.910000E+37,+3.175449E+02,+3.584400E+04,-1.383945E-02,+0.000000E+00,+9.910000E+37,+3.176113E+02,+3.584400E+04
17:08:39,0e0,+1.344054E-01,+1.116000E-06,+9.910000E+37,+3.178379E+02,+3.584400E+04,+1.357263E-01,+1.116000E-06,+9.910000E+37,+3.179043E+02,+3.584400E+04,+1.357713E-01,+1.116000E-06,+9.910000E+37,+3.179707E+02,+3.584400E+04,-1.547837E-02,+0.000000E+00,+9.910000E+37,+3.180371E+02,+3.584400E+04
17:08:39,0e0,+1.425095E-01,+1.179000E-06,+9.910000E+37,+3.182578E+02,+3.584400E+04,+1.432838E-01,+1.179000E-06,+9.910000E+37,+3.183242E+02,+3.584400E+04,+1.431018E-01,+1.179000E-06,+9.910000E+37,+3.183906E+02,+3.584400E+04,-1.643480E-02,+0.000000E+00,+9.910000E+37,+3.184570E+02,+3.584400E+04
17:08:39,0e0,+1.517979E-01,+1.245000E-06,+9.910000E+37,+3.186777E+02,+3.584400E+04,+1.505689E-01,+1.245000E-06,+9.910000E+37,+3.187451E+02,+3.584400E+04,+1.498853E-01,+1.245000E-06,+9.910000E+37,+3.188115E+02,+3.584400E+04,-1.456776E-02,+0.000000E+00,+9.910000E+37,+3.188779E+02,+3.584400E+04
17:08:39,0e0,+1.587641E-01,+1.315500E-06,+9.910000E+37,+3.191045E+02,+3.584400E+04,+1.604031E-01,+1.315500E-06,+9.910000E+37,+3.191709E+02,+3.584400E+04,+1.588095E-01,+1.315500E-06,+9.910000E+37,+3.192383E+02,+3.584400E+04,-1.620698E-02,+0.000000E+00,+9.910000E+37,+3.193047E+02,+3.584400E+04
17:08:39,0e0,+1.666405E-01,+1.389500E-06,+9.910000E+37,+3.195303E+02,+3.584400E+04,+1.677343E-01,+1.389500E-06,+9.910000E+37,+3.195957E+02,+3.584400E+04,+1.683712E-01,+1.389500E-06,+9.910000E+37,+3.196631E+02,+3.584400E+04,-1.502310E-02,+0.000000E+00,+9.910000E+37,+3.197295E+02,+3.584400E+04
17:08:39,0e0,+1.758374E-01,+1.468000E-06,+9.910000E+37,+3.199561E+02,+3.584400E+04,+1.754730E-01,+1.468000E-06,+9.910000E+37,+3.200234E+02,+3.584400E+04,+1.765204E-01,+1.468000E-06,+9.910000E+37,+3.200889E+02,+3.584400E+04,-1.584283E-02,+0.000000E+00,+9.910000E+37,+3.201563E+02,+3.584400E+04
17:08:39,0e0,+1.874479E-01,+1.550500E-06,+9.910000E+37,+3.203828E+02,+3.584400E+04,+1.866283E-01,+1.550500E-06,+9.910000E+37,+3.204502E+02,+3.584400E+04,+1.848524E-01,+1.550500E-06,+9.910000E+37,+3.205156E+02,+3.584400E+04,-1.484111E-02,+0.000000E+00,+9.910000E+37,+3.205820E+02,+3.584400E+04
17:08:39,0e0,+1.936392E-01,+1.638000E-06,+9.910000E+37,+3.208086E+02,+3.584400E+04,+1.951873E-01,+1.638000E-06,+9.910000E+37,+3.208740E+02,+3.584400E+04,+1.956433E-01,+1.638000E-06,+9.910000E+37,+3.209414E+02,+3.584400E+04,-1.520529E-02,+0.000000E+00,+9.910000E+37,+3.210068E+02,+3.584400E+04
17:08:39,0e0,+2.053409E-01,+1.730000E-06,+9.910000E+37,+3.212324E+02,+3.584400E+04,+2.047489E-01,+1.730000E-06,+9.910000E+37,+3.212998E+02,+3.584400E+04,+2.049314E-01,+1.730000E-06,+9.910000E+37,+3.213652E+02,+3.584400E+04,-1.529616E-02,+0.000000E+00,+9.910000E+37,+3.214326E+02,+3.584400E+04
17:08:39,0e0,+2.150841E-01,+1.827500E-06,+9.910000E+37,+3.216533E+02,+3.584400E+04,+2.152210E-01,+1.827500E-06,+9.910000E+37,+3.217197E+02,+3.584400E+04,+2.144917E-01,+1.827500E-06,+9.910000E+37,+3.217861E+02,+3.584400E+04,-1.474990E-02,+0.000000E+00,+9.910000E+37,+3.218525E+02,+3.584400E+04
17:08:39,0e0,+2.261932E-01,+1.930500E-06,+9.910000E+37,+3.220791E+02,+3.584400E+04,+2.261932E-01,+1.930500E-06,+9.910000E+37,+3.221455E+02,+3.584400E+04,+2.259203E-01,+1.930500E-06,+9.910000E+37,+3.222129E+02,+3.584400E+04,-1.438560E-02,+0.000000E+00,+9.910000E+37,+3.222783E+02,+3.584400E+04
17:08:39,0e0,+2.373930E-01,+2.039500E-06,+9.910000E+37,+3.225049E+02,+3.584400E+04,+2.371198E-01,+2.039500E-06,+9.910000E+37,+3.225713E+02,+3.584400E+04,+2.380314E-01,+2.039500E-06,+9.910000E+37,+3.226377E+02,+3.584400E+04,-1.452188E-02,+0.000000E+00,+9.910000E+37,+3.227041E+02,+3.584400E+04
17:08:39,0e0,+2.495957E-01,+2.154500E-06,+9.910000E+37,+3.229268E+02,+3.584400E+04,+2.479562E-01,+2.154500E-06,+9.910000E+37,+3.229941E+02,+3.584400E+04,+2.487307E-01,+2.154500E-06,+9.910000E+37,+3.230596E+02,+3.584400E+04,-1.525065E-02,+0.000000E+00,+9.910000E+37,+3.231270E+02,+3.584400E+04
17:08:39,0e0,+2.616622E-01,+2.276000E-06,+9.910000E+37,+3.233525E+02,+3.584400E+04,+2.619796E-01,+2.276000E-06,+9.910000E+37,+3.234199E+02,+3.584400E+04,+2.616154E-01,+2.276000E-06,+9.910000E+37,+3.234854E+02,+3.584400E+04,-1.529622E-02,+0.000000E+00,+9.910000E+37,+3.235527E+02,+3.584400E+04
17:08:39,0e0,+2.753659E-01,+2.404000E-06,+9.910000E+37,+3.237773E+02,+3.584400E+04,+2.741367E-01,+2.404000E-06,+9.910000E+37,+3.238428E+02,+3.584400E+04,+2.724966E-01,+2.404000E-06,+9.910000E+37,+3.239102E+02,+3.584400E+04,-1.470427E-02,+0.000000E+00,+9.910000E+37,+3.239756E+02,+3.584400E+04
17:08:39,0e0,+2.877954E-01,+2.539500E-06,+9.910000E+37,+3.241992E+02,+3.584400E+04,+2.878860E-01,+2.539500E-06,+9.910000E+37,+3.242646E+02,+3.584400E+04,+2.865660E-01,+2.539500E-06,+9.910000E+37,+3.243320E+02,+3.584400E+04,-1.470439E-02,+0.000000E+00,+9.910000E+37,+3.243975E+02,+3.584400E+04
17:08:39,0e0,+3.013632E-01,+2.682500E-06,+9.910000E+37,+3.246221E+02,+3.584400E+04,+3.004522E-01,+2.682500E-06,+9.910000E+37,+3.246885E+02,+3.584400E+04,+3.011808E-01,+2.682500E-06,+9.910000E+37,+3.247549E+02,+3.584400E+04,-1.488645E-02,+0.000000E+00,+9.910000E+37,+3.248223E+02,+3.584400E+04
17:08:39,0e0,+3.150669E-01,+2.834000E-06,+9.910000E+37,+3.250469E+02,+3.584400E+04,+3.144292E-01,+2.834000E-06,+9.910000E+37,+3.251123E+02,+3.584400E+04,+3.148856E-01,+2.834000E-06,+9.910000E+37,+3.251797E+02,+3.584400E+04,-1.538780E-02,+0.000000E+00,+9.910000E+37,+3.252461E+02,+3.584400E+04
17:08:39,0e0,+3.294994E-01,+2.993500E-06,+9.910000E+37,+3.254707E+02,+3.584400E+04,+3.306838E-01,+2.993500E-06,+9.910000E+37,+3.255381E+02,+3.584400E+04,+3.315490E-01,+2.993500E-06,+9.910000E+37,+3.256045E+02,+3.584400E+04,-1.552397E-02,+0.000000E+00,+9.910000E+37,+3.256709E+02,+3.584400E+04
17:08:39,0e0,+3.470298E-01,+3.162500E-06,+9.910000E+37,+3.258984E+02,+3.584400E+04,+3.461637E-01,+3.162500E-06,+9.910000E+37,+3.259639E+02,+3.584400E+04,+3.457088E-01,+3.162500E-06,+9.910000E+37,+3.260303E+02,+3.584400E+04,-1.502304E-02,+0.000000E+00,+9.910000E+37,+3.260967E+02,+3.584400E+04
17:08:39,0e0,+3.628290E-01,+3.340500E-06,+9.910000E+37,+3.263232E+02,+3.584400E+04,+3.624180E-01,+3.340500E-06,+9.910000E+37,+3.263887E+02,+3.584400E+04,+3.637846E-01,+3.340500E-06,+9.910000E+37,+3.264551E+02,+3.584400E+04,-1.438567E-02,+0.000000E+00,+9.910000E+37,+3.265225E+02,+3.584400E+04
17:08:39,0e0,+3.805394E-01,+3.528500E-06,+9.910000E+37,+3.267441E+02,+3.584400E+04,+3.793548E-01,+3.528500E-06,+9.910000E+37,+3.268105E+02,+3.584400E+04,+3.804485E-01,+3.528500E-06,+9.910000E+37,+3.268779E+02,+3.584400E+04,-1.456779E-02,+0.000000E+00,+9.910000E+37,+3.269434E+02,+3.584400E+04
17:08:39,0e0,+3.974323E-01,+3.727500E-06,+9.910000E+37,+3.271670E+02,+3.584400E+04,+3.972938E-01,+3.727500E-06,+9.910000E+37,+3.272334E+02,+3.584400E+04,+3.981594E-01,+3.727500E-06,+9.910000E+37,+3.272998E+02,+3.584400E+04,-1.493216E-02,+0.000000E+00,+9.910000E+37,+3.273662E+02,+3.584400E+04
17:08:39,0e0,+4.177371E-01,+3.937500E-06,+9.910000E+37,+3.275918E+02,+3.584400E+04,+4.161433E-01,+3.937500E-06,+9.910000E+37,+3.276572E+02,+3.584400E+04,+4.165989E-01,+3.937500E-06,+9.910000E+37,+3.277246E+02,+3.584400E+04,-1.352063E-02,+0.000000E+00,+9.910000E+37,+3.277920E+02,+3.584400E+04
17:08:39,0e0,+4.355389E-01,+4.159500E-06,+9.910000E+37,+3.280166E+02,+3.584400E+04,+4.358574E-01,+4.159500E-06,+9.910000E+37,+3.280830E+02,+3.584400E+04,+4.352657E-01,+4.159500E-06,+9.910000E+37,+3.281504E+02,+3.584400E+04,-1.424910E-02,+0.000000E+00,+9.910000E+37,+3.282168E+02,+3.584400E+04
17:08:39,0e0,+4.553902E-01,+4.394000E-06,+9.910000E+37,+3.284385E+02,+3.584400E+04,+4.551168E-01,+4.394000E-06,+9.910000E+37,+3.285059E+02,+3.584400E+04,+4.541603E-01,+4.394000E-06,+9.910000E+37,+3.285713E+02,+3.584400E+04,-1.479560E-02,+0.000000E+00,+9.910000E+37,+3.286377E+02,+3.584400E+04
17:08:39,0e0,+4.770166E-01,+4.641500E-06,+9.910000E+37,+3.288643E+02,+3.584400E+04,+4.762889E-01,+4.641500E-06,+9.910000E+37,+3.289307E+02,+3.584400E+04,+4.764250E-01,+4.641500E-06,+9.910000E+37,+3.289971E+02,+3.584400E+04,-1.424900E-02,+0.000000E+00,+9.910000E+37,+3.290645E+02,+3.584400E+04
17:08:39,0e0,+4.970950E-01,+4.903000E-06,+9.910000E+37,+3.292891E+02,+3.584400E+04,+4.960013E-01,+4.903000E-06,+9.910000E+37,+3.293555E+02,+3.584400E+04,+4.970042E-01,+4.903000E-06,+9.910000E+37,+3.294219E+02,+3.584400E+04,-1.420350E-02,+0.000000E+00,+9.910000E+37,+3.294893E+02,+3.584400E+04
17:08:39,0e0,+5.193592E-01,+5.179500E-06,+9.910000E+37,+3.297139E+02,+3.584400E+04,+5.192225E-01,+5.179500E-06,+9.910000E+37,+3.297813E+02,+3.584400E+04,+5.193145E-01,+5.179500E-06,+9.910000E+37,+3.298467E+02,+3.584400E+04,-1.402120E-02,+0.000000E+00,+9.910000E+37,+3.299141E+02,+3.584400E+04
17:08:39,0e0,+5.428988E-01,+5.471500E-06,+9.910000E+37,+3.301348E+02,+3.584400E+04,+5.408937E-01,+5.471500E-06,+9.910000E+37,+3.302021E+02,+3.584400E+04,+5.419421E-01,+5.471500E-06,+9.910000E+37,+3.302676E+02,+3.584400E+04,-1.388472E-02,+0.000000E+00,+9.910000E+37,+3.303350E+02,+3.584400E+04
17:08:39,0e0,+5.656636E-01,+5.779500E-06,+9.910000E+37,+3.305605E+02,+3.584400E+04,+5.660274E-01,+5.779500E-06,+9.910000E+37,+3.306260E+02,+3.584400E+04,+5.671667E-01,+5.779500E-06,+9.910000E+37,+3.306934E+02,+3.584400E+04,-1.547872E-02,+0.000000E+00,+9.910000E+37,+3.307588E+02,+3.584400E+04
17:08:39,0e0,+5.912961E-01,+6.105500E-06,+9.910000E+37,+3.309814E+02,+3.584400E+04,+5.906132E-01,+6.105500E-06,+9.910000E+37,+3.310488E+02,+3.584400E+04,+5.916608E-01,+6.105500E-06,+9.910000E+37,+3.311143E+02,+3.584400E+04,-1.552422E-02,+0.000000E+00,+9.910000E+37,+3.311816E+02,+3.584400E+04
17:08:39,0e0,+6.165638E-01,+6.449500E-06,+9.910000E+37,+3.314023E+02,+3.584400E+04,+6.155174E-01,+6.449500E-06,+9.910000E+37,+3.314687E+02,+3.584400E+04,+6.148341E-01,+6.449500E-06,+9.910000E+37,+3.315352E+02,+3.584400E+04,-1.543324E-02,+0.000000E+00,+9.910000E+37,+3.316025E+02,+3.584400E+04
17:08:39,0e0,+6.429259E-01,+6.813000E-06,+9.910000E+37,+3.318281E+02,+3.584400E+04,+6.434730E-01,+6.813000E-06,+9.910000E+37,+3.318945E+02,+3.584400E+04,+6.417872E-01,+6.813000E-06,+9.910000E+37,+3.319619E+02,+3.584400E+04,-1.393034E-02,+0.000000E+00,+9.910000E+37,+3.320293E+02,+3.584400E+04
17:08:39,0e0,+6.708352E-01,+7.197000E-06,+9.910000E+37,+3.322539E+02,+3.584400E+04,+6.701066E-01,+7.197000E-06,+9.910000E+37,+3.323203E+02,+3.584400E+04,+6.705625E-01,+7.197000E-06,+9.910000E+37,+3.323877E+02,+3.584400E+04,-1.497780E-02,+0.000000E+00,+9.910000E+37,+3.324541E+02,+3.584400E+04
17:08:39,0e0,+6.992463E-01,+7.602500E-06,+9.910000E+37,+3.326807E+02,+3.584400E+04,+6.982442E-01,+7.602500E-06,+9.910000E+37,+3.327471E+02,+3.584400E+04,+7.000211E-01,+7.602500E-06,+9.910000E+37,+3.328135E+02,+3.584400E+04,-1.534182E-02,+0.000000E+00,+9.910000E+37,+3.328799E+02,+3.584400E+04
17:08:39,0e0,+7.300250E-01,+8.031000E-06,+9.910000E+37,+3.331025E+02,+3.584400E+04,+7.285681E-01,+8.031000E-06,+9.910000E+37,+3.331680E+02,+3.584400E+04,+7.280211E-01,+8.031000E-06,+9.910000E+37,+3.332354E+02,+3.584400E+04,-1.525095E-02,+0.000000E+00,+9.910000E+37,+3.333008E+02,+3.584400E+04
17:08:39,0e0,+7.587084E-01,+8.483500E-06,+9.910000E+37,+3.335273E+02,+3.584400E+04,+7.582072E-01,+8.483500E-06,+9.910000E+37,+3.335928E+02,+3.584400E+04,+7.583914E-01,+8.483500E-06,+9.910000E+37,+3.336602E+02,+3.584400E+04,-1.534215E-02,+0.000000E+00,+9.910000E+37,+3.337256E+02,+3.584400E+04
17:08:39,0e0,+7.890298E-01,+8.961500E-06,+9.910000E+37,+3.339473E+02,+3.584400E+04,+7.883919E-01,+8.961500E-06,+9.910000E+37,+3.340127E+02,+3.584400E+04,+7.897145E-01,+8.961500E-06,+9.910000E+37,+3.340791E+02,+3.584400E+04,-1.374835E-02,+0.000000E+00,+9.910000E+37,+3.341465E+02,+3.584400E+04
17:08:39,0e0,+8.202184E-01,+9.466500E-06,+9.910000E+37,+3.343672E+02,+3.584400E+04,+8.206729E-01,+9.466500E-06,+9.910000E+37,+3.344346E+02,+3.584400E+04,+8.224951E-01,+9.466500E-06,+9.910000E+37,+3.345000E+02,+3.584400E+04,-1.506846E-02,+0.000000E+00,+9.910000E+37,+3.345674E+02,+3.584400E+04
17:08:39,0e0,+8.528177E-01,+1.000000E-05,+9.910000E+37,+3.347900E+02,+3.584400E+04,+8.532274E-01,+1.000000E-05,+9.910000E+37,+3.348574E+02,+3.584400E+04,+8.540488E-01,+1.000000E-05,+9.910000E+37,+3.349248E+02,+3.584400E+04,-1.365712E-02,+0.000000E+00,+9.910000E+37,+3.349902E+02,+3.584400E+04
17:08:39,0e0,+8.745341E-01,+1.056500E-05,+9.910000E+37,+3.352158E+02,+3.584400E+04,+8.758589E-01,+1.056500E-05,+9.910000E+37,+3.352832E+02,+3.584400E+04,+8.754475E-01,+1.056500E-05,+9.910000E+37,+3.353486E+02,+3.584400E+04,-1.570635E-02,+0.000000E+00,+9.910000E+37,+3.354170E+02,+3.584400E+04
17:08:39,0e0,+9.085003E-01,+1.116000E-05,+9.910000E+37,+3.356387E+02,+3.584400E+04,+9.082268E-01,+1.116000E-05,+9.910000E+37,+3.357051E+02,+3.584400E+04,+9.083654E-01,+1.116000E-05,+9.910000E+37,+3.357725E+02,+3.584400E+04,-1.424910E-02,+0.000000E+00,+9.910000E+37,+3.358398E+02,+3.584400E+04
17:08:39,0e0,+9.434229E-01,+1.179000E-05,+9.910000E+37,+3.360596E+02,+3.584400E+04,+9.433783E-01,+1.179000E-05,+9.910000E+37,+3.361260E+02,+3.584400E+04,+9.436501E-01,+1.179000E-05,+9.910000E+37,+3.361924E+02,+3.584400E+04,-1.625256E-02,+0.000000E+00,+9.910000E+37,+3.362627E+02,+3.584400E+04
17:08:39,0e0,+9.794388E-01,+1.245000E-05,+9.910000E+37,+3.364854E+02,+3.584400E+04,+9.787105E-01,+1.245000E-05,+9.910000E+37,+3.365508E+02,+3.584400E+04,+9.779776E-01,+1.245000E-05,+9.910000E+37,+3.366182E+02,+3.584400E+04,-1.657133E-02,+0.000000E+00,+9.910000E+37,+3.366885E+02,+3.584400E+04
17:08:39,0e0,+1.017592E+00,+1.315500E-05,+9.910000E+37,+3.369063E+02,+3.584400E+04,+1.016135E+00,+1.315500E-05,+9.910000E+37,+3.369727E+02,+3.584400E+04,+1.017501E+00,+1.315500E-05,+9.910000E+37,+3.370400E+02,+3.584400E+04,-1.620702E-02,+0.000000E+00,+9.910000E+37,+3.371113E+02,+3.584400E+04
17:08:39,0e0,+1.053652E+00,+1.389500E-05,+9.910000E+37,+3.373311E+02,+3.584400E+04,+1.053514E+00,+1.389500E-05,+9.910000E+37,+3.373975E+02,+3.584400E+04,+1.053103E+00,+1.389500E-05,+9.910000E+37,+3.374639E+02,+3.584400E+04,-1.730007E-02,+0.000000E+00,+9.910000E+37,+3.375352E+02,+3.584400E+04
17:08:39,0e0,+1.093035E+00,+1.468000E-05,+9.910000E+37,+3.377529E+02,+3.584400E+04,+1.092259E+00,+1.468000E-05,+9.910000E+37,+3.378203E+02,+3.584400E+04,+1.091484E+00,+1.468000E-05,+9.910000E+37,+3.378867E+02,+3.584400E+04,-1.675341E-02,+0.000000E+00,+9.910000E+37,+3.379580E+02,+3.584400E+04
17:08:39,0e0,+1.130502E+00,+1.550500E-05,+9.910000E+37,+3.381768E+02,+3.584400E+04,+1.131961E+00,+1.550500E-05,+9.910000E+37,+3.382422E+02,+3.584400E+04,+1.132554E+00,+1.550500E-05,+9.910000E+37,+3.383096E+02,+3.584400E+04,-1.661676E-02,+0.000000E+00,+9.910000E+37,+3.383799E+02,+3.584400E+04
17:08:39,0e0,+1.171433E+00,+1.638000E-05,+9.910000E+37,+3.386025E+02,+3.584400E+04,+1.171798E+00,+1.638000E-05,+9.910000E+37,+3.386699E+02,+3.584400E+04,+1.170932E+00,+1.638000E-05,+9.910000E+37,+3.387363E+02,+3.584400E+04,-1.634392E-02,+0.000000E+00,+9.910000E+37,+3.388076E+02,+3.584400E+04
17:08:39,0e0,+1.215146E+00,+1.730000E-05,+9.910000E+37,+3.390293E+02,+3.584400E+04,+1.214873E+00,+1.730000E-05,+9.910000E+37,+3.390947E+02,+3.584400E+04,+1.213508E+00,+1.730000E-05,+9.910000E+37,+3.391621E+02,+3.584400E+04,-1.497784E-02,+0.000000E+00,+9.910000E+37,+3.392305E+02,+3.584400E+04
17:08:39,0e0,+1.256803E+00,+1.827500E-05,+9.910000E+37,+3.394434E+02,+3.584400E+04,+1.255072E+00,+1.827500E-05,+9.910000E+37,+3.395098E+02,+3.584400E+04,+1.255300E+00,+1.827500E-05,+9.910000E+37,+3.395762E+02,+3.584400E+04,-1.566064E-02,+0.000000E+00,+9.910000E+37,+3.396426E+02,+3.584400E+04
17:08:39,0e0,+1.298917E+00,+1.930500E-05,+9.910000E+37,+3.398574E+02,+3.584400E+04,+1.298688E+00,+1.930500E-05,+9.910000E+37,+3.399229E+02,+3.584400E+04,+1.299604E+00,+1.930500E-05,+9.910000E+37,+3.399883E+02,+3.584400E+04,-1.616144E-02,+0.000000E+00,+9.910000E+37,+3.400557E+02,+3.584400E+04
17:08:39,0e0,+1.342992E+00,+2.039500E-05,+9.910000E+37,+3.402705E+02,+3.584400E+04,+1.342442E+00,+2.039500E-05,+9.910000E+37,+3.403369E+02,+3.584400E+04,+1.343173E+00,+2.039500E-05,+9.910000E+37,+3.404033E+02,+3.584400E+04,-1.611598E-02,+0.000000E+00,+9.910000E+37,+3.404707E+02,+3.584400E+04
17:08:39,0e0,+1.388521E+00,+2.154500E-05,+9.910000E+37,+3.406875E+02,+3.584400E+04,+1.388795E+00,+2.154500E-05,+9.910000E+37,+3.407549E+02,+3.584400E+04,+1.387700E+00,+2.154500E-05,+9.910000E+37,+3.408203E+02,+3.584400E+04,-1.570623E-02,+0.000000E+00,+9.910000E+37,+3.408877E+02,+3.584400E+04
17:08:39,0e0,+1.434144E+00,+2.276000E-05,+9.910000E+37,+3.411016E+02,+3.584400E+04,+1.435234E+00,+2.276000E-05,+9.910000E+37,+3.411689E+02,+3.584400E+04,+1.434325E+00,+2.276000E-05,+9.910000E+37,+3.412344E+02,+3.584400E+04,-1.643451E-02,+0.000000E+00,+9.910000E+37,+3.413047E+02,+3.584400E+04
17:08:39,0e0,+1.480217E+00,+2.404000E-05,+9.910000E+37,+3.415234E+02,+3.584400E+04,+1.481310E+00,+2.404000E-05,+9.910000E+37,+3.415898E+02,+3.584400E+04,+1.479897E+00,+2.404000E-05,+9.910000E+37,+3.416572E+02,+3.584400E+04,-1.679929E-02,+0.000000E+00,+9.910000E+37,+3.417285E+02,+3.584400E+04
17:08:39,0e0,+1.528206E+00,+2.539500E-05,+9.910000E+37,+3.419512E+02,+3.584400E+04,+1.528570E+00,+2.539500E-05,+9.910000E+37,+3.420176E+02,+3.584400E+04,+1.528204E+00,+2.539500E-05,+9.910000E+37,+3.420850E+02,+3.584400E+04,-1.679917E-02,+0.000000E+00,+9.910000E+37,+3.421514E+02,+3.584400E+04
17:08:39,0e0,+1.576785E+00,+2.682500E-05,+9.910000E+37,+3.423711E+02,+3.584400E+04,+1.576967E+00,+2.682500E-05,+9.910000E+37,+3.424375E+02,+3.584400E+04,+1.578701E+00,+2.682500E-05,+9.910000E+37,+3.425039E+02,+3.584400E+04,-1.729995E-02,+0.000000E+00,+9.910000E+37,+3.425723E+02,+3.584400E+04
17:08:39,0e0,+1.628875E+00,+2.834000E-05,+9.910000E+37,+3.427920E+02,+3.584400E+04,+1.627738E+00,+2.834000E-05,+9.910000E+37,+3.428584E+02,+3.584400E+04,+1.628009E+00,+2.834000E-05,+9.910000E+37,+3.429248E+02,+3.584400E+04,-1.525058E-02,+0.000000E+00,+9.910000E+37,+3.429941E+02,+3.584400E+04
17:08:39,0e0,+1.678408E+00,+2.993500E-05,+9.910000E+37,+3.432148E+02,+3.584400E+04,+1.677724E+00,+2.993500E-05,+9.910000E+37,+3.432812E+02,+3.584400E+04,+1.678225E+00,+2.993500E-05,+9.910000E+37,+3.433477E+02,+3.584400E+04,-1.666258E-02,+0.000000E+00,+9.910000E+37,+3.434160E+02,+3.584400E+04
17:08:39,0e0,+1.729676E+00,+3.162500E-05,+9.910000E+37,+3.436387E+02,+3.584400E+04,+1.729857E+00,+3.162500E-05,+9.910000E+37,+3.437061E+02,+3.584400E+04,+1.729993E+00,+3.162500E-05,+9.910000E+37,+3.437715E+02,+3.584400E+04,-1.666255E-02,+0.000000E+00,+9.910000E+37,+3.438389E+02,+3.584400E+04
17:08:39,0e0,+1.783080E+00,+3.340500E-05,+9.910000E+37,+3.440605E+02,+3.584400E+04,+1.782307E+00,+3.340500E-05,+9.910000E+37,+3.441270E+02,+3.584400E+04,+1.784132E+00,+3.340500E-05,+9.910000E+37,+3.441924E+02,+3.584400E+04,-1.593406E-02,+0.000000E+00,+9.910000E+37,+3.442627E+02,+3.584400E+04
17:08:39,0e0,+1.837303E+00,+3.528500E-05,+9.910000E+37,+3.444756E+02,+3.584400E+04,+1.837582E+00,+3.528500E-05,+9.910000E+37,+3.445430E+02,+3.584400E+04,+1.837897E+00,+3.528500E-05,+9.910000E+37,+3.446084E+02,+3.584400E+04,-1.579738E-02,+0.000000E+00,+9.910000E+37,+3.446758E+02,+3.584400E+04
17:08:39,0e0,+1.892578E+00,+3.727500E-05,+9.910000E+37,+3.448896E+02,+3.584400E+04,+1.891712E+00,+3.727500E-05,+9.910000E+37,+3.449561E+02,+3.584400E+04,+1.893992E+00,+3.727500E-05,+9.910000E+37,+3.450225E+02,+3.584400E+04,-1.443149E-02,+0.000000E+00,+9.910000E+37,+3.450898E+02,+3.584400E+04
17:08:39,0e0,+1.948490E+00,+3.937500E-05,+9.910000E+37,+3.453057E+02,+3.584400E+04,+1.949493E+00,+3.937500E-05,+9.910000E+37,+3.453721E+02,+3.584400E+04,+1.949719E+00,+3.937500E-05,+9.910000E+37,+3.454385E+02,+3.584400E+04,-1.634358E-02,+0.000000E+00,+9.910000E+37,+3.455049E+02,+3.584400E+04
17:08:39,0e0,+2.006177E+00,+4.159500E-05,+9.910000E+37,+3.457227E+02,+3.584400E+04,+2.007043E+00,+4.159500E-05,+9.910000E+37,+3.457900E+02,+3.584400E+04,+2.006860E+00,+4.159500E-05,+9.910000E+37,+3.458555E+02,+3.584400E+04,-1.593377E-02,+0.000000E+00,+9.910000E+37,+3.459229E+02,+3.584400E+04
17:08:39,0e0,+2.066366E+00,+4.394000E-05,+9.910000E+37,+3.461396E+02,+3.584400E+04,+2.065367E+00,+4.394000E-05,+9.910000E+37,+3.462061E+02,+3.584400E+04,+2.065181E+00,+4.394000E-05,+9.910000E+37,+3.462734E+02,+3.584400E+04,-1.420386E-02,+0.000000E+00,+9.910000E+37,+3.463398E+02,+3.584400E+04
17:08:39,0e0,+2.126148E+00,+4.641500E-05,+9.910000E+37,+3.465566E+02,+3.584400E+04,+2.124826E+00,+4.641500E-05,+9.910000E+37,+3.466240E+02,+3.584400E+04,+2.124779E+00,+4.641500E-05,+9.910000E+37,+3.466904E+02,+3.584400E+04,-1.493227E-02,+0.000000E+00,+9.910000E+37,+3.467568E+02,+3.584400E+04
17:08:39,0e0,+2.185014E+00,+4.903000E-05,+9.910000E+37,+3.469727E+02,+3.584400E+04,+2.186701E+00,+4.903000E-05,+9.910000E+37,+3.470381E+02,+3.584400E+04,+2.188709E+00,+4.903000E-05,+9.910000E+37,+3.471045E+02,+3.584400E+04,-1.502334E-02,+0.000000E+00,+9.910000E+37,+3.471768E+02,+3.584400E+04
17:08:39,0e0,+2.249262E+00,+5.179500E-05,+9.910000E+37,+3.473994E+02,+3.584400E+04,+2.249168E+00,+5.179500E-05,+9.910000E+37,+3.474658E+02,+3.584400E+04,+2.248162E+00,+5.179500E-05,+9.910000E+37,+3.475332E+02,+3.584400E+04,-1.611648E-02,+0.000000E+00,+9.910000E+37,+3.476006E+02,+3.584400E+04
17:08:39,0e0,+2.313187E+00,+5.471500E-05,+9.910000E+37,+3.478145E+02,+3.584400E+04,+2.312728E+00,+5.471500E-05,+9.910000E+37,+3.478818E+02,+3.584400E+04,+2.313273E+00,+5.471500E-05,+9.910000E+37,+3.479473E+02,+3.584400E+04,-1.443148E-02,+0.000000E+00,+9.910000E+37,+3.480146E+02,+3.584400E+04
17:08:39,0e0,+2.377560E+00,+5.779500E-05,+9.910000E+37,+3.482266E+02,+3.584400E+04,+2.377657E+00,+5.779500E-05,+9.910000E+37,+3.482939E+02,+3.584400E+04,+2.377835E+00,+5.779500E-05,+9.910000E+37,+3.483594E+02,+3.584400E+04,-1.465915E-02,+0.000000E+00,+9.910000E+37,+3.484268E+02,+3.584400E+04
17:08:39,0e0,+2.442258E+00,+6.105500E-05,+9.910000E+37,+3.486396E+02,+3.584400E+04,+2.444173E+00,+6.105500E-05,+9.910000E+37,+3.487061E+02,+3.584400E+04,+2.443897E+00,+6.105500E-05,+9.910000E+37,+3.487725E+02,+3.584400E+04,-1.502337E-02,+0.000000E+00,+9.910000E+37,+3.488398E+02,+3.584400E+04
17:08:39,0e0,+2.511420E+00,+6.449500E-05,+9.910000E+37,+3.490576E+02,+3.584400E+04,+2.510006E+00,+6.449500E-05,+9.910000E+37,+3.491230E+02,+3.584400E+04,+2.513149E+00,+6.449500E-05,+9.910000E+37,+3.491885E+02,+3.584400E+04,-1.438564E-02,+0.000000E+00,+9.910000E+37,+3.492559E+02,+3.584400E+04
17:08:39,0e0,+2.580494E+00,+6.813000E-05,+9.910000E+37,+3.494736E+02,+3.584400E+04,+2.580763E+00,+6.813000E-05,+9.910000E+37,+3.495391E+02,+3.584400E+04,+2.579484E+00,+6.813000E-05,+9.910000E+37,+3.496055E+02,+3.584400E+04,-1.611646E-02,+0.000000E+00,+9.910000E+37,+3.496738E+02,+3.584400E+04
17:08:39,0e0,+2.651513E+00,+7.197000E-05,+9.910000E+37,+3.498926E+02,+3.584400E+04,+2.651788E+00,+7.197000E-05,+9.910000E+37,+3.499600E+02,+3.584400E+04,+2.651196E+00,+7.197000E-05,+9.910000E+37,+3.500264E+02,+3.584400E+04,-1.497766E-02,+0.000000E+00,+9.910000E+37,+3.500977E+02,+3.584400E+04
17:08:39,0e0,+2.721897E+00,+7.602500E-05,+9.910000E+37,+3.503184E+02,+3.584400E+04,+2.722903E+00,+7.602500E-05,+9.910000E+37,+3.503857E+02,+3.584400E+04,+2.723449E+00,+7.602500E-05,+9.910000E+37,+3.504521E+02,+3.584400E+04,-1.484106E-02,+0.000000E+00,+9.910000E+37,+3.505234E+02,+3.584400E+04
17:08:39,0e0,+2.794747E+00,+8.031000E-05,+9.910000E+37,+3.507471E+02,+3.584400E+04,+2.794653E+00,+8.031000E-05,+9.910000E+37,+3.508135E+02,+3.584400E+04,+2.796343E+00,+8.031000E-05,+9.910000E+37,+3.508799E+02,+3.584400E+04,-1.543315E-02,+0.000000E+00,+9.910000E+37,+3.509492E+02,+3.584400E+04
17:08:39,0e0,+2.872880E+00,+8.483500E-05,+9.910000E+37,+3.511670E+02,+3.584400E+04,+2.870827E+00,+8.483500E-05,+9.910000E+37,+3.512334E+02,+3.584400E+04,+2.871830E+00,+8.483500E-05,+9.910000E+37,+3.513008E+02,+3.584400E+04,-1.474980E-02,+0.000000E+00,+9.910000E+37,+3.513721E+02,+3.584400E+04
17:08:39,0e0,+2.947274E+00,+8.961500E-05,+9.910000E+37,+3.515947E+02,+3.584400E+04,+2.947408E+00,+8.961500E-05,+9.910000E+37,+3.516621E+02,+3.584400E+04,+2.947134E+00,+8.961500E-05,+9.910000E+37,+3.517275E+02,+3.584400E+04,-1.575179E-02,+0.000000E+00,+9.910000E+37,+3.517969E+02,+3.584400E+04
17:08:39,0e0,+3.025127E+00,+9.466500E-05,+9.910000E+37,+3.520166E+02,+3.584400E+04,+3.025856E+00,+9.466500E-05,+9.910000E+37,+3.520840E+02,+3.584400E+04,+3.026266E+00,+9.466500E-05,+9.910000E+37,+3.521504E+02,+3.584400E+04,-1.616186E-02,+0.000000E+00,+9.910000E+37,+3.522197E+02,+3.584400E+04
17:08:39,0e0,+3.106036E+00,+1.000000E-04,+9.910000E+37,+3.524404E+02,+3.584400E+04,+3.105125E+00,+1.000000E-04,+9.910000E+37,+3.525068E+02,+3.584400E+04,+3.105988E+00,+1.000000E-04,+9.910000E+37,+3.525742E+02,+3.584400E+04,-1.625295E-02,+0.000000E+00,+9.910000E+37,+3.526445E+02,+3.584400E+04
17:08:39,0e0,+3.175153E+00,+1.056500E-04,+9.910000E+37,+3.528672E+02,+3.584400E+04,+3.174423E+00,+1.056500E-04,+9.910000E+37,+3.529346E+02,+3.584400E+04,+3.175106E+00,+1.056500E-04,+9.910000E+37,+3.530010E+02,+3.584400E+04,-2.135232E-02,+0.000000E+00,+9.910000E+37,+3.530684E+02,+3.584400E+04
17:08:39,0e0,+3.256648E+00,+1.116000E-04,+9.910000E+37,+3.532939E+02,+3.584400E+04,+3.257559E+00,+1.116000E-04,+9.910000E+37,+3.533613E+02,+3.584400E+04,+3.255871E+00,+1.116000E-04,+9.910000E+37,+3.534268E+02,+3.584400E+04,-2.226278E-02,+0.000000E+00,+9.910000E+37,+3.534932E+02,+3.584400E+04
17:08:39,0e0,+3.341061E+00,+1.179000E-04,+9.910000E+37,+3.537187E+02,+3.584400E+04,+3.341747E+00,+1.179000E-04,+9.910000E+37,+3.537852E+02,+3.584400E+04,+3.341147E+00,+1.179000E-04,+9.910000E+37,+3.538525E+02,+3.584400E+04,-2.235374E-02,+0.000000E+00,+9.910000E+37,+3.539189E+02,+3.584400E+04
17:08:39,0e0,+3.426518E+00,+1.245000E-04,+9.910000E+37,+3.541445E+02,+3.584400E+04,+3.426839E+00,+1.245000E-04,+9.910000E+37,+3.542119E+02,+3.584400E+04,+3.426333E+00,+1.245000E-04,+9.910000E+37,+3.542783E+02,+3.584400E+04,-2.308264E-02,+0.000000E+00,+9.910000E+37,+3.543447E+02,+3.584400E+04
17:08:39,0e0,+3.513754E+00,+1.315500E-04,+9.910000E+37,+3.545674E+02,+3.584400E+04,+3.515762E+00,+1.315500E-04,+9.910000E+37,+3.546348E+02,+3.584400E+04,+3.513113E+00,+1.315500E-04,+9.910000E+37,+3.547012E+02,+3.584400E+04,-2.235347E-02,+0.000000E+00,+9.910000E+37,+3.547686E+02,+3.584400E+04
17:08:39,0e0,+3.601346E+00,+1.389500E-04,+9.910000E+37,+3.549893E+02,+3.584400E+04,+3.602348E+00,+1.389500E-04,+9.910000E+37,+3.550557E+02,+3.584400E+04,+3.602943E+00,+1.389500E-04,+9.910000E+37,+3.551230E+02,+3.584400E+04,-2.335571E-02,+0.000000E+00,+9.910000E+37,+3.551885E+02,+3.584400E+04
17:08:39,0e0,+3.692728E+00,+1.468000E-04,+9.910000E+37,+3.554111E+02,+3.584400E+04,+3.694599E+00,+1.468000E-04,+9.910000E+37,+3.554785E+02,+3.584400E+04,+3.695286E+00,+1.468000E-04,+9.910000E+37,+3.555449E+02,+3.584400E+04,-2.185288E-02,+0.000000E+00,+9.910000E+37,+3.556123E+02,+3.584400E+04
17:08:39,0e0,+3.786346E+00,+1.550500E-04,+9.910000E+37,+3.558389E+02,+3.584400E+04,+3.785388E+00,+1.550500E-04,+9.910000E+37,+3.559053E+02,+3.584400E+04,+3.785834E+00,+1.550500E-04,+9.910000E+37,+3.559727E+02,+3.584400E+04,-2.039555E-02,+0.000000E+00,+9.910000E+37,+3.560381E+02,+3.584400E+04
17:08:39,0e0,+3.878533E+00,+1.638000E-04,+9.910000E+37,+3.562646E+02,+3.584400E+04,+3.878211E+00,+1.638000E-04,+9.910000E+37,+3.563301E+02,+3.584400E+04,+3.879625E+00,+1.638000E-04,+9.910000E+37,+3.563975E+02,+3.584400E+04,-2.194394E-02,+0.000000E+00,+9.910000E+37,+3.564639E+02,+3.584400E+04
17:08:39,0e0,+3.974883E+00,+1.730000E-04,+9.910000E+37,+3.566875E+02,+3.584400E+04,+3.974511E+00,+1.730000E-04,+9.910000E+37,+3.567529E+02,+3.584400E+04,+3.976927E+00,+1.730000E-04,+9.910000E+37,+3.568203E+02,+3.584400E+04,-2.262703E-02,+0.000000E+00,+9.910000E+37,+3.568867E+02,+3.584400E+04
17:08:39,0e0,+4.071716E+00,+1.827500E-04,+9.910000E+37,+3.571113E+02,+3.584400E+04,+4.073814E+00,+1.827500E-04,+9.910000E+37,+3.571768E+02,+3.584400E+04,+4.073314E+00,+1.827500E-04,+9.910000E+37,+3.572441E+02,+3.584400E+04,-2.148861E-02,+0.000000E+00,+9.910000E+37,+3.573105E+02,+3.584400E+04
17:08:39,0e0,+4.170884E+00,+1.930500E-04,+9.910000E+37,+3.575322E+02,+3.584400E+04,+4.171521E+00,+1.930500E-04,+9.910000E+37,+3.575996E+02,+3.584400E+04,+4.172250E+00,+1.930500E-04,+9.910000E+37,+3.576660E+02,+3.584400E+04,-2.321908E-02,+0.000000E+00,+9.910000E+37,+3.577334E+02,+3.584400E+04
17:08:39,0e0,+4.271177E+00,+2.039500E-04,+9.910000E+37,+3.579531E+02,+3.584400E+04,+4.270542E+00,+2.039500E-04,+9.910000E+37,+3.580195E+02,+3.584400E+04,+4.272367E+00,+2.039500E-04,+9.910000E+37,+3.580859E+02,+3.584400E+04,-2.157958E-02,+0.000000E+00,+9.910000E+37,+3.581533E+02,+3.584400E+04
17:08:39,0e0,+4.372658E+00,+2.154500E-04,+9.910000E+37,+3.583760E+02,+3.584400E+04,+4.373944E+00,+2.154500E-04,+9.910000E+37,+3.584434E+02,+3.584400E+04,+4.374208E+00,+2.154500E-04,+9.910000E+37,+3.585098E+02,+3.584400E+04,-2.139744E-02,+0.000000E+00,+9.910000E+37,+3.585771E+02,+3.584400E+04
17:08:39,0e0,+4.476890E+00,+2.276000E-04,+9.910000E+37,+3.587998E+02,+3.584400E+04,+4.476566E+00,+2.276000E-04,+9.910000E+37,+3.588662E+02,+3.584400E+04,+4.478205E+00,+2.276000E-04,+9.910000E+37,+3.589326E+02,+3.584400E+04,-2.098799E-02,+0.000000E+00,+9.910000E+37,+3.590000E+02,+3.584400E+04
17:08:39,0e0,+4.581744E+00,+2.404000E-04,+9.910000E+37,+3.592217E+02,+3.584400E+04,+4.583652E+00,+2.404000E-04,+9.910000E+37,+3.592891E+02,+3.584400E+04,+4.582011E+00,+2.404000E-04,+9.910000E+37,+3.593545E+02,+3.584400E+04,-2.094246E-02,+0.000000E+00,+9.910000E+37,+3.594219E+02,+3.584400E+04
17:08:39,0e0,+4.687598E+00,+2.539500E-04,+9.910000E+37,+3.596426E+02,+3.584400E+04,+4.686683E+00,+2.539500E-04,+9.910000E+37,+3.597080E+02,+3.584400E+04,+4.688827E+00,+2.539500E-04,+9.910000E+37,+3.597754E+02,+3.584400E+04,-2.303700E-02,+0.000000E+00,+9.910000E+37,+3.598408E+02,+3.584400E+04
17:08:39,0e0,+4.796097E+00,+2.682500E-04,+9.910000E+37,+3.600635E+02,+3.584400E+04,+4.794816E+00,+2.682500E-04,+9.910000E+37,+3.601309E+02,+3.584400E+04,+4.796329E+00,+2.682500E-04,+9.910000E+37,+3.601973E+02,+3.584400E+04,-2.144308E-02,+0.000000E+00,+9.910000E+37,+3.602646E+02,+3.584400E+04
17:08:39,0e0,+4.904916E+00,+2.834000E-04,+9.910000E+37,+3.604863E+02,+3.584400E+04,+4.903044E+00,+2.834000E-04,+9.910000E+37,+3.605537E+02,+3.584400E+04,+4.904048E+00,+2.834000E-04,+9.910000E+37,+3.606201E+02,+3.584400E+04,-2.267271E-02,+0.000000E+00,+9.910000E+37,+3.606875E+02,+3.584400E+04
17:08:39,0e0,+5.012223E+00,+2.993500E-04,+9.910000E+37,+3.609160E+02,+3.584400E+04,+5.013547E+00,+2.993500E-04,+9.910000E+37,+3.609824E+02,+3.584400E+04,+5.014450E+00,+2.993500E-04,+9.910000E+37,+3.610498E+02,+3.584400E+04,-2.208053E-02,+0.000000E+00,+9.910000E+37,+3.611162E+02,+3.584400E+04
17:08:39,0e0,+5.122173E+00,+3.162500E-04,+9.910000E+37,+3.613408E+02,+3.584400E+04,+5.123458E+00,+3.162500E-04,+9.910000E+37,+3.614072E+02,+3.584400E+04,+5.122721E+00,+3.162500E-04,+9.910000E+37,+3.614746E+02,+3.584400E+04,-2.217165E-02,+0.000000E+00,+9.910000E+37,+3.615410E+02,+3.584400E+04
17:08:39,0e0,+5.235046E+00,+3.340500E-04,+9.910000E+37,+3.617637E+02,+3.584400E+04,+5.236005E+00,+3.340500E-04,+9.910000E+37,+3.618301E+02,+3.584400E+04,+5.234407E+00,+3.340500E-04,+9.910000E+37,+3.618975E+02,+3.584400E+04,-2.039595E-02,+0.000000E+00,+9.910000E+37,+3.619639E+02,+3.584400E+04
17:08:39,0e0,+5.345274E+00,+3.528500E-04,+9.910000E+37,+3.621865E+02,+3.584400E+04,+5.345402E+00,+3.528500E-04,+9.910000E+37,+3.622529E+02,+3.584400E+04,+5.345278E+00,+3.528500E-04,+9.910000E+37,+3.623193E+02,+3.584400E+04,-2.267276E-02,+0.000000E+00,+9.910000E+37,+3.623867E+02,+3.584400E+04
17:08:39,0e0,+5.456500E+00,+3.727500E-04,+9.910000E+37,+3.626113E+02,+3.584400E+04,+5.456631E+00,+3.727500E-04,+9.910000E+37,+3.626787E+02,+3.584400E+04,+5.456736E+00,+3.727500E-04,+9.910000E+37,+3.627451E+02,+3.584400E+04,-2.294588E-02,+0.000000E+00,+9.910000E+37,+3.628125E+02,+3.584400E+04
17:08:39,0e0,+5.567451E+00,+3.937500E-04,+9.910000E+37,+3.630322E+02,+3.584400E+04,+5.569095E+00,+3.937500E-04,+9.910000E+37,+3.630986E+02,+3.584400E+04,+5.568184E+00,+3.937500E-04,+9.910000E+37,+3.631650E+02,+3.584400E+04,-2.308236E-02,+0.000000E+00,+9.910000E+37,+3.632314E+02,+3.584400E+04
17:08:39,0e0,+5.679643E+00,+4.159500E-04,+9.910000E+37,+3.634531E+02,+3.584400E+04,+5.680006E+00,+4.159500E-04,+9.910000E+37,+3.635195E+02,+3.584400E+04,+5.680097E+00,+4.159500E-04,+9.910000E+37,+3.635869E+02,+3.584400E+04,-2.071473E-02,+0.000000E+00,+9.910000E+37,+3.636523E+02,+3.584400E+04
17:08:39,0e0,+5.789635E+00,+4.394000E-04,+9.910000E+37,+3.638750E+02,+3.584400E+04,+5.790333E+00,+4.394000E-04,+9.910000E+37,+3.639404E+02,+3.584400E+04,+5.790411E+00,+4.394000E-04,+9.910000E+37,+3.640078E+02,+3.584400E+04,-2.098761E-02,+0.000000E+00,+9.910000E+37,+3.640742E+02,+3.584400E+04
17:08:39,0e0,+5.899913E+00,+4.641500E-04,+9.910000E+37,+3.642969E+02,+3.584400E+04,+5.899136E+00,+4.641500E-04,+9.910000E+37,+3.643643E+02,+3.584400E+04,+5.901189E+00,+4.641500E-04,+9.910000E+37,+3.644307E+02,+3.584400E+04,-2.121536E-02,+0.000000E+00,+9.910000E+37,+3.644980E+02,+3.584400E+04
17:08:39,0e0,+6.008038E+00,+4.903000E-04,+9.910000E+37,+3.647246E+02,+3.584400E+04,+6.010110E+00,+4.903000E-04,+9.910000E+37,+3.647910E+02,+3.584400E+04,+6.008175E+00,+4.903000E-04,+9.910000E+37,+3.648584E+02,+3.584400E+04,-2.171656E-02,+0.000000E+00,+9.910000E+37,+3.649248E+02,+3.584400E+04
17:08:39,0e0,+6.117776E+00,+5.179500E-04,+9.910000E+37,+3.651514E+02,+3.584400E+04,+6.116500E+00,+5.179500E-04,+9.910000E+37,+3.652178E+02,+3.584400E+04,+6.116921E+00,+5.179500E-04,+9.910000E+37,+3.652842E+02,+3.584400E+04,-1.966752E-02,+0.000000E+00,+9.910000E+37,+3.653516E+02,+3.584400E+04
17:08:39,0e0,+6.222308E+00,+5.471500E-04,+9.910000E+37,+3.655732E+02,+3.584400E+04,+6.222761E+00,+5.471500E-04,+9.910000E+37,+3.656406E+02,+3.584400E+04,+6.222226E+00,+5.471500E-04,+9.910000E+37,+3.657061E+02,+3.584400E+04,-2.217206E-02,+0.000000E+00,+9.910000E+37,+3.657734E+02,+3.584400E+04
17:08:39,0e0,+6.326531E+00,+5.779500E-04,+9.910000E+37,+3.659990E+02,+3.584400E+04,+6.327250E+00,+5.779500E-04,+9.910000E+37,+3.660654E+02,+3.584400E+04,+6.327487E+00,+5.779500E-04,+9.910000E+37,+3.661328E+02,+3.584400E+04,-2.308273E-02,+0.000000E+00,+9.910000E+37,+3.662002E+02,+3.584400E+04
17:08:39,0e0,+6.425221E+00,+6.105500E-04,+9.910000E+37,+3.664238E+02,+3.584400E+04,+6.428788E+00,+6.105500E-04,+9.910000E+37,+3.664902E+02,+3.584400E+04,+6.426999E+00,+6.105500E-04,+9.910000E+37,+3.665566E+02,+3.584400E+04,-2.189855E-02,+0.000000E+00,+9.910000E+37,+3.666240E+02,+3.584400E+04
17:08:39,0e0,+6.527083E+00,+6.449500E-04,+9.910000E+37,+3.668467E+02,+3.584400E+04,+6.528585E+00,+6.449500E-04,+9.910000E+37,+3.669131E+02,+3.584400E+04,+6.527767E+00,+6.449500E-04,+9.910000E+37,+3.669795E+02,+3.584400E+04,-2.176186E-02,+0.000000E+00,+9.910000E+37,+3.670459E+02,+3.584400E+04
17:08:39,0e0,+6.623053E+00,+6.813000E-04,+9.910000E+37,+3.672686E+02,+3.584400E+04,+6.624114E+00,+6.813000E-04,+9.910000E+37,+3.673350E+02,+3.584400E+04,+6.624658E+00,+6.813000E-04,+9.910000E+37,+3.674014E+02,+3.584400E+04,-2.057819E-02,+0.000000E+00,+9.910000E+37,+3.674678E+02,+3.584400E+04
17:08:39,0e0,+6.718581E+00,+7.197000E-04,+9.910000E+37,+3.676904E+02,+3.584400E+04,+6.719182E+00,+7.197000E-04,+9.910000E+37,+3.677568E+02,+3.584400E+04,+6.719171E+00,+7.197000E-04,+9.910000E+37,+3.678242E+02,+3.584400E+04,-2.112450E-02,+0.000000E+00,+9.910000E+37,+3.678896E+02,+3.584400E+04
17:08:39,0e0,+6.811689E+00,+7.602500E-04,+9.910000E+37,+3.681172E+02,+3.584400E+04,+6.812466E+00,+7.602500E-04,+9.910000E+37,+3.681846E+02,+3.584400E+04,+6.811632E+00,+7.602500E-04,+9.910000E+37,+3.682520E+02,+3.584400E+04,-2.117001E-02,+0.000000E+00,+9.910000E+37,+3.683174E+02,+3.584400E+04
17:08:39,0e0,+6.902896E+00,+8.031000E-04,+9.910000E+37,+3.685430E+02,+3.584400E+04,+6.902898E+00,+8.031000E-04,+9.910000E+37,+3.686104E+02,+3.584400E+04,+6.901798E+00,+8.031000E-04,+9.910000E+37,+3.686768E+02,+3.584400E+04,-2.085140E-02,+0.000000E+00,+9.910000E+37,+3.687441E+02,+3.584400E+04
17:08:39,0e0,+6.990812E+00,+8.483500E-04,+9.910000E+37,+3.689648E+02,+3.584400E+04,+6.992118E+00,+8.483500E-04,+9.910000E+37,+3.690313E+02,+3.584400E+04,+6.991979E+00,+8.483500E-04,+9.910000E+37,+3.690986E+02,+3.584400E+04,-2.308246E-02,+0.000000E+00,+9.910000E+37,+3.691650E+02,+3.584400E+04
17:08:39,0e0,+7.078856E+00,+8.961500E-04,+9.910000E+37,+3.693906E+02,+3.584400E+04,+7.078869E+00,+8.961500E-04,+9.910000E+37,+3.694580E+02,+3.584400E+04,+7.078137E+00,+8.961500E-04,+9.910000E+37,+3.695234E+02,+3.584400E+04,-2.139811E-02,+0.000000E+00,+9.910000E+37,+3.695908E+02,+3.584400E+04
17:08:39,0e0,+7.163584E+00,+9.466500E-04,+9.910000E+37,+3.698174E+02,+3.584400E+04,+7.165325E+00,+9.466500E-04,+9.910000E+37,+3.698848E+02,+3.584400E+04,+7.163619E+00,+9.466500E-04,+9.910000E+37,+3.699502E+02,+3.584400E+04,-2.349222E-02,+0.000000E+00,+9.910000E+37,+3.700166E+02,+3.584400E+04
17:08:39,0e0,+7.248415E+00,+1.000000E-03,+9.910000E+37,+3.702402E+02,+3.584400E+04,+7.249325E+00,+1.000000E-03,+9.910000E+37,+3.703076E+02,+3.584400E+04,+7.248684E+00,+1.000000E-03,+9.910000E+37,+3.703740E+02,+3.584400E+04,-2.208072E-02,+0.000000E+00,+9.910000E+37,+3.704404E+02,+3.584400E+04
17:08:39,0e0,+7.317258E+00,+1.056500E-03,+9.910000E+37,+3.706650E+02,+3.584400E+04,+7.319026E+00,+1.056500E-03,+9.910000E+37,+3.707314E+02,+3.584400E+04,+7.317705E+00,+1.056500E-03,+9.910000E+37,+3.707988E+02,+3.584400E+04,-1.463313E-01,+0.000000E+00,+9.910000E+37,+3.708652E+02,+3.584400E+04
17:08:39,0e0,+7.398346E+00,+1.116000E-03,+9.910000E+37,+3.710889E+02,+3.584400E+04,+7.400218E+00,+1.116000E-03,+9.910000E+37,+3.711553E+02,+3.584400E+04,+7.397776E+00,+1.116000E-03,+9.910000E+37,+3.712217E+02,+3.584400E+04,-1.450108E-01,+0.000000E+00,+9.910000E+37,+3.712881E+02,+3.584400E+04
17:08:39,0e0,+7.478561E+00,+1.179000E-03,+9.910000E+37,+3.715088E+02,+3.584400E+04,+7.481290E+00,+1.179000E-03,+9.910000E+37,+3.715752E+02,+3.584400E+04,+7.481672E+00,+1.179000E-03,+9.910000E+37,+3.716426E+02,+3.584400E+04,-1.452384E-01,+0.000000E+00,+9.910000E+37,+3.717080E+02,+3.584400E+04
17:08:39,0e0,+7.557051E+00,+1.245000E-03,+9.910000E+37,+3.719326E+02,+3.584400E+04,+7.560835E+00,+1.245000E-03,+9.910000E+37,+3.720000E+02,+3.584400E+04,+7.558598E+00,+1.245000E-03,+9.910000E+37,+3.720654E+02,+3.584400E+04,-1.447831E-01,+0.000000E+00,+9.910000E+37,+3.721318E+02,+3.584400E+04
17:08:39,0e0,+7.636000E+00,+1.315500E-03,+9.910000E+37,+3.723574E+02,+3.584400E+04,+7.638290E+00,+1.315500E-03,+9.910000E+37,+3.724248E+02,+3.584400E+04,+7.636400E+00,+1.315500E-03,+9.910000E+37,+3.724912E+02,+3.584400E+04,-1.433718E-01,+0.000000E+00,+9.910000E+37,+3.725586E+02,+3.584400E+04
17:08:39,0e0,+7.713538E+00,+1.389500E-03,+9.910000E+37,+3.727783E+02,+3.584400E+04,+7.715180E+00,+1.389500E-03,+9.910000E+37,+3.728457E+02,+3.584400E+04,+7.716403E+00,+1.389500E-03,+9.910000E+37,+3.729121E+02,+3.584400E+04,-1.460580E-01,+0.000000E+00,+9.910000E+37,+3.729795E+02,+3.584400E+04
17:08:39,0e0,+7.789742E+00,+1.468000E-03,+9.910000E+37,+3.732002E+02,+3.584400E+04,+7.792391E+00,+1.468000E-03,+9.910000E+37,+3.732676E+02,+3.584400E+04,+7.793049E+00,+1.468000E-03,+9.910000E+37,+3.733340E+02,+3.584400E+04,-1.432352E-01,+0.000000E+00,+9.910000E+37,+3.734014E+02,+3.584400E+04
17:08:39,0e0,+7.866426E+00,+1.550500E-03,+9.910000E+37,+3.736230E+02,+3.584400E+04,+7.867458E+00,+1.550500E-03,+9.910000E+37,+3.736904E+02,+3.584400E+04,+7.868649E+00,+1.550500E-03,+9.910000E+37,+3.737559E+02,+3.584400E+04,-1.435540E-01,+0.000000E+00,+9.910000E+37,+3.738232E+02,+3.584400E+04
17:08:39,0e0,+7.943653E+00,+1.638000E-03,+9.910000E+37,+3.740479E+02,+3.584400E+04,+7.945189E+00,+1.638000E-03,+9.910000E+37,+3.741133E+02,+3.584400E+04,+7.944782E+00,+1.638000E-03,+9.910000E+37,+3.741807E+02,+3.584400E+04,-1.431441E-01,+0.000000E+00,+9.910000E+37,+3.742461E+02,+3.584400E+04
17:08:39,0e0,+8.016904E+00,+1.730000E-03,+9.910000E+37,+3.744688E+02,+3.584400E+04,+8.022686E+00,+1.730000E-03,+9.910000E+37,+3.745342E+02,+3.584400E+04,+8.021444E+00,+1.730000E-03,+9.910000E+37,+3.746006E+02,+3.584400E+04,-1.434628E-01,+0.000000E+00,+9.910000E+37,+3.746660E+02,+3.584400E+04
17:08:39,0e0,+8.094084E+00,+1.827500E-03,+9.910000E+37,+3.748926E+02,+3.584400E+04,+8.095390E+00,+1.827500E-03,+9.910000E+37,+3.749590E+02,+3.584400E+04,+8.096029E+00,+1.827500E-03,+9.910000E+37,+3.750254E+02,+3.584400E+04,-1.359959E-01,+0.000000E+00,+9.910000E+37,+3.750908E+02,+3.584400E+04
17:08:39,0e0,+8.169202E+00,+1.930500E-03,+9.910000E+37,+3.753164E+02,+3.584400E+04,+8.171149E+00,+1.930500E-03,+9.910000E+37,+3.753838E+02,+3.584400E+04,+8.173700E+00,+1.930500E-03,+9.910000E+37,+3.754492E+02,+3.584400E+04,-1.401846E-01,+0.000000E+00,+9.910000E+37,+3.755156E+02,+3.584400E+04
17:08:39,0e0,+8.244065E+00,+2.039500E-03,+9.910000E+37,+3.757383E+02,+3.584400E+04,+8.248832E+00,+2.039500E-03,+9.910000E+37,+3.758057E+02,+3.584400E+04,+8.247818E+00,+2.039500E-03,+9.910000E+37,+3.758711E+02,+3.584400E+04,-1.436450E-01,+0.000000E+00,+9.910000E+37,+3.759375E+02,+3.584400E+04
17:08:39,0e0,+8.319453E+00,+2.154500E-03,+9.910000E+37,+3.761631E+02,+3.584400E+04,+8.323819E+00,+2.154500E-03,+9.910000E+37,+3.762295E+02,+3.584400E+04,+8.322984E+00,+2.154500E-03,+9.910000E+37,+3.762959E+02,+3.584400E+04,-1.368610E-01,+0.000000E+00,+9.910000E+37,+3.763633E+02,+3.584400E+04
17:08:39,0e0,+8.394278E+00,+2.276000E-03,+9.910000E+37,+3.765869E+02,+3.584400E+04,+8.396614E+00,+2.276000E-03,+9.910000E+37,+3.766533E+02,+3.584400E+04,+8.400124E+00,+2.276000E-03,+9.910000E+37,+3.767197E+02,+3.584400E+04,-1.347211E-01,+0.000000E+00,+9.910000E+37,+3.767852E+02,+3.584400E+04
17:08:39,0e0,+8.469699E+00,+2.404000E-03,+9.910000E+37,+3.770068E+02,+3.584400E+04,+8.472998E+00,+2.404000E-03,+9.910000E+37,+3.770732E+02,+3.584400E+04,+8.474740E+00,+2.404000E-03,+9.910000E+37,+3.771396E+02,+3.584400E+04,-1.319438E-01,+0.000000E+00,+9.910000E+37,+3.772070E+02,+3.584400E+04
17:08:39,0e0,+8.543828E+00,+2.539500E-03,+9.910000E+37,+3.774316E+02,+3.584400E+04,+8.548999E+00,+2.539500E-03,+9.910000E+37,+3.774980E+02,+3.584400E+04,+8.551241E+00,+2.539500E-03,+9.910000E+37,+3.775654E+02,+3.584400E+04,-1.367699E-01,+0.000000E+00,+9.910000E+37,+3.776309E+02,+3.584400E+04
17:08:39,0e0,+8.618485E+00,+2.682500E-03,+9.910000E+37,+3.778535E+02,+3.584400E+04,+8.623208E+00,+2.682500E-03,+9.910000E+37,+3.779189E+02,+3.584400E+04,+8.626313E+00,+2.682500E-03,+9.910000E+37,+3.779854E+02,+3.584400E+04,-1.376352E-01,+0.000000E+00,+9.910000E+37,+3.780518E+02,+3.584400E+04
17:08:39,0e0,+8.692905E+00,+2.834000E-03,+9.910000E+37,+3.782754E+02,+3.584400E+04,+8.700937E+00,+2.834000E-03,+9.910000E+37,+3.783418E+02,+3.584400E+04,+8.703219E+00,+2.834000E-03,+9.910000E+37,+3.784082E+02,+3.584400E+04,-1.314884E-01,+0.000000E+00,+9.910000E+37,+3.784746E+02,+3.584400E+04
17:08:39,0e0,+8.770733E+00,+2.993500E-03,+9.910000E+37,+3.786895E+02,+3.584400E+04,+8.777458E+00,+2.993500E-03,+9.910000E+37,+3.787617E+02,+3.584400E+04,+8.777822E+00,+2.993500E-03,+9.910000E+37,+3.788281E+02,+3.584400E+04,-1.313063E-01,+0.000000E+00,+9.910000E+37,+3.788936E+02,+3.584400E+04
17:08:39,0e0,+8.847561E+00,+3.162500E-03,+9.910000E+37,+3.791143E+02,+3.584400E+04,+8.853961E+00,+3.162500E-03,+9.910000E+37,+3.791807E+02,+3.584400E+04,+8.856455E+00,+3.162500E-03,+9.910000E+37,+3.792461E+02,+3.584400E+04,-1.319896E-01,+0.000000E+00,+9.910000E+37,+3.793125E+02,+3.584400E+04
17:08:39,0e0,+8.926583E+00,+3.340500E-03,+9.910000E+37,+3.795332E+02,+3.584400E+04,+8.931621E+00,+3.340500E-03,+9.910000E+37,+3.796006E+02,+3.584400E+04,+8.934793E+00,+3.340500E-03,+9.910000E+37,+3.796660E+02,+3.584400E+04,-1.272088E-01,+0.000000E+00,+9.910000E+37,+3.797324E+02,+3.584400E+04
17:08:39,0e0,+9.004737E+00,+3.528500E-03,+9.910000E+37,+3.799531E+02,+3.584400E+04,+9.012448E+00,+3.528500E-03,+9.910000E+37,+3.800195E+02,+3.584400E+04,+9.013764E+00,+3.528500E-03,+9.910000E+37,+3.800869E+02,+3.584400E+04,-1.266622E-01,+0.000000E+00,+9.910000E+37,+3.801523E+02,+3.584400E+04
17:08:39,0e0,+9.084923E+00,+3.727500E-03,+9.910000E+37,+3.803750E+02,+3.584400E+04,+9.091939E+00,+3.727500E-03,+9.910000E+37,+3.804414E+02,+3.584400E+04,+9.095491E+00,+3.727500E-03,+9.910000E+37,+3.805078E+02,+3.584400E+04,-1.252510E-01,+0.000000E+00,+9.910000E+37,+3.805742E+02,+3.584400E+04
17:08:39,0e0,+9.166457E+00,+3.937500E-03,+9.910000E+37,+3.807998E+02,+3.584400E+04,+9.175053E+00,+3.937500E-03,+9.910000E+37,+3.808652E+02,+3.584400E+04,+9.178670E+00,+3.937500E-03,+9.910000E+37,+3.809316E+02,+3.584400E+04,-1.290300E-01,+0.000000E+00,+9.910000E+37,+3.809980E+02,+3.584400E+04
17:08:39,0e0,+9.250460E+00,+4.159500E-03,+9.910000E+37,+3.812227E+02,+3.584400E+04,+9.259900E+00,+4.159500E-03,+9.910000E+37,+3.812891E+02,+3.584400E+04,+9.261391E+00,+4.159500E-03,+9.910000E+37,+3.813564E+02,+3.584400E+04,-1.236121E-01,+0.000000E+00,+9.910000E+37,+3.814238E+02,+3.584400E+04
17:08:39,0e0,+9.336053E+00,+4.394000E-03,+9.910000E+37,+3.816445E+02,+3.584400E+04,+9.345223E+00,+4.394000E-03,+9.910000E+37,+3.817109E+02,+3.584400E+04,+9.346532E+00,+4.394000E-03,+9.910000E+37,+3.817773E+02,+3.584400E+04,-1.226559E-01,+0.000000E+00,+9.910000E+37,+3.818447E+02,+3.584400E+04
17:08:39,0e0,+9.423807E+00,+4.641500E-03,+9.910000E+37,+3.820684E+02,+3.584400E+04,+9.430672E+00,+4.641500E-03,+9.910000E+37,+3.821357E+02,+3.584400E+04,+9.434272E+00,+4.641500E-03,+9.910000E+37,+3.822012E+02,+3.584400E+04,-1.206981E-01,+0.000000E+00,+9.910000E+37,+3.822676E+02,+3.584400E+04
17:08:39,0e0,+9.511491E+00,+4.903000E-03,+9.910000E+37,+3.824893E+02,+3.584400E+04,+9.518864E+00,+4.903000E-03,+9.910000E+37,+3.825557E+02,+3.584400E+04,+9.521783E+00,+4.903000E-03,+9.910000E+37,+3.826221E+02,+3.584400E+04,-1.165091E-01,+0.000000E+00,+9.910000E+37,+3.826885E+02,+3.584400E+04
17:08:39,0e0,+9.600140E+00,+5.179500E-03,+9.910000E+37,+3.829121E+02,+3.584400E+04,+9.608006E+00,+5.179500E-03,+9.910000E+37,+3.829785E+02,+3.584400E+04,+9.610419E+00,+5.179500E-03,+9.910000E+37,+3.830449E+02,+3.584400E+04,-1.218364E-01,+0.000000E+00,+9.910000E+37,+3.831113E+02,+3.584400E+04
17:08:39,0e0,+9.691069E+00,+5.471500E-03,+9.910000E+37,+3.833320E+02,+3.584400E+04,+9.699099E+00,+5.471500E-03,+9.910000E+37,+3.833994E+02,+3.584400E+04,+9.703189E+00,+5.471500E-03,+9.910000E+37,+3.834668E+02,+3.584400E+04,-1.175565E-01,+0.000000E+00,+9.910000E+37,+3.835322E+02,+3.584400E+04
17:08:39,0e0,+9.783645E+00,+5.779500E-03,+9.910000E+37,+3.837578E+02,+3.584400E+04,+9.791315E+00,+5.779500E-03,+9.910000E+37,+3.838242E+02,+3.584400E+04,+9.794188E+00,+5.779500E-03,+9.910000E+37,+3.838906E+02,+3.584400E+04,-1.146880E-01,+0.000000E+00,+9.910000E+37,+3.839580E+02,+3.584400E+04
17:08:39,0e0,+9.877008E+00,+6.105500E-03,+9.910000E+37,+3.841816E+02,+3.584400E+04,+9.883507E+00,+6.105500E-03,+9.910000E+37,+3.842480E+02,+3.584400E+04,+9.887395E+00,+6.105500E-03,+9.910000E+37,+3.843145E+02,+3.584400E+04,-1.118654E-01,+0.000000E+00,+9.910000E+37,+3.843809E+02,+3.584400E+04
17:08:39,0e0,+9.971926E+00,+6.449500E-03,+9.910000E+37,+3.846006E+02,+3.584400E+04,+9.979908E+00,+6.449500E-03,+9.910000E+37,+3.846670E+02,+3.584400E+04,+9.981721E+00,+6.449500E-03,+9.910000E+37,+3.847334E+02,+3.584400E+04,-1.081320E-01,+0.000000E+00,+9.910000E+37,+3.848008E+02,+3.584400E+04
17:08:39,0e0,+1.006755E+01,+6.813000E-03,+9.910000E+37,+3.850205E+02,+3.584400E+04,+1.007522E+01,+6.813000E-03,+9.910000E+37,+3.850879E+02,+3.584400E+04,+1.007872E+01,+6.813000E-03,+9.910000E+37,+3.851533E+02,+3.584400E+04,-1.071758E-01,+0.000000E+00,+9.910000E+37,+3.852207E+02,+3.584400E+04
17:08:39,0e0,+1.016438E+01,+7.197000E-03,+9.910000E+37,+3.854482E+02,+3.584400E+04,+1.017279E+01,+7.197000E-03,+9.910000E+37,+3.855156E+02,+3.584400E+04,+1.017566E+01,+7.197000E-03,+9.910000E+37,+3.855820E+02,+3.584400E+04,-1.065841E-01,+0.000000E+00,+9.910000E+37,+3.856484E+02,+3.584400E+04
17:08:39,0e0,+1.026469E+01,+7.602500E-03,+9.910000E+37,+3.858740E+02,+3.584400E+04,+1.027260E+01,+7.602500E-03,+9.910000E+37,+3.859414E+02,+3.584400E+04,+1.027544E+01,+7.602500E-03,+9.910000E+37,+3.860078E+02,+3.584400E+04,-1.040342E-01,+0.000000E+00,+9.910000E+37,+3.860742E+02,+3.584400E+04
17:08:39,0e0,+1.036501E+01,+8.031000E-03,+9.910000E+37,+3.862959E+02,+3.584400E+04,+1.037434E+01,+8.031000E-03,+9.910000E+37,+3.863613E+02,+3.584400E+04,+1.037576E+01,+8.031000E-03,+9.910000E+37,+3.864287E+02,+3.584400E+04,-1.032602E-01,+0.000000E+00,+9.910000E+37,+3.864941E+02,+3.584400E+04
17:08:39,0e0,+1.046853E+01,+8.483500E-03,+9.910000E+37,+3.867158E+02,+3.584400E+04,+1.047781E+01,+8.483500E-03,+9.910000E+37,+3.867832E+02,+3.584400E+04,+1.047978E+01,+8.483500E-03,+9.910000E+37,+3.868486E+02,+3.584400E+04,-9.852516E-02,+0.000000E+00,+9.910000E+37,+3.869160E+02,+3.584400E+04
17:08:39,0e0,+1.057291E+01,+8.961500E-03,+9.910000E+37,+3.871357E+02,+3.584400E+04,+1.058134E+01,+8.961500E-03,+9.910000E+37,+3.872031E+02,+3.584400E+04,+1.058417E+01,+8.961500E-03,+9.910000E+37,+3.872686E+02,+3.584400E+04,-9.433635E-02,+0.000000E+00,+9.910000E+37,+3.873359E+02,+3.584400E+04
17:08:39,0e0,+1.068028E+01,+9.466500E-03,+9.910000E+37,+3.875566E+02,+3.584400E+04,+1.068912E+01,+9.466500E-03,+9.910000E+37,+3.876230E+02,+3.584400E+04,+1.069060E+01,+9.466500E-03,+9.910000E+37,+3.876904E+02,+3.584400E+04,-9.119485E-02,+0.000000E+00,+9.910000E+37,+3.877559E+02,+3.584400E+04
