16:20:21,0e0,-1.220963E+01,+1.000000E-07,+9.910000E+37,+1.887734E+02,+3.584400E+04,+9.475026E-02,+1.000000E-07,+9.910000E+37,+1.888408E+02,+3.584400E+04,+9.556967E-02,+1.000000E-07,+9.910000E+37,+1.889063E+02,+3.584400E+04,-1.398200E-01,+0.000000E+00,+9.910000E+37,+1.889727E+02,+3.584400E+04
16:20:21,0e0,-1.186986E+01,+1.056500E-07,+9.910000E+37,+1.892031E+02,+3.584400E+04,+9.761876E-02,+1.056500E-07,+9.910000E+37,+1.892705E+02,+3.584400E+04,+9.620655E-02,+1.056500E-07,+9.910000E+37,+1.893359E+02,+3.584400E+04,-1.738307E-01,+0.000000E+00,+9.910000E+37,+1.894033E+02,+3.584400E+04
16:20:21,0e0,-9.785471E+00,+1.116000E-07,+9.910000E+37,+1.896299E+02,+3.584400E+04,+9.834698E-02,+1.116000E-07,+9.910000E+37,+1.896963E+02,+3.584400E+04,+1.004421E-01,+1.116000E-07,+9.910000E+37,+1.897627E+02,+3.584400E+04,-1.405028E-01,+0.000000E+00,+9.910000E+37,+1.898301E+02,+3.584400E+04
16:20:21,0e0,-1.001136E+01,+1.179000E-07,+9.910000E+37,+1.900576E+02,+3.584400E+04,+1.006233E-01,+1.179000E-07,+9.910000E+37,+1.901250E+02,+3.584400E+04,+1.010333E-01,+1.179000E-07,+9.910000E+37,+1.901904E+02,+3.584400E+04,-1.769723E-01,+0.000000E+00,+9.910000E+37,+1.902568E+02,+3.584400E+04
16:20:21,0e0,-8.640817E+00,+1.245000E-07,+9.910000E+37,+1.904854E+02,+3.584400E+04,+1.044025E-01,+1.245000E-07,+9.910000E+37,+1.905518E+02,+3.584400E+04,+1.019892E-01,+1.245000E-07,+9.910000E+37,+1.906172E+02,+3.584400E+04,-1.423240E-01,+0.000000E+00,+9.910000E+37,+1.906836E+02,+3.584400E+04
16:20:21,0e0,-8.147336E+00,+1.315500E-07,+9.910000E+37,+1.909180E+02,+3.584400E+04,+1.060871E-01,+1.315500E-07,+9.910000E+37,+1.909844E+02,+3.584400E+04,+1.037645E-01,+1.315500E-07,+9.910000E+37,+1.910508E+02,+3.584400E+04,-1.413680E-01,+0.000000E+00,+9.910000E+37,+1.911182E+02,+3.584400E+04
16:20:21,0e0,-7.208309E+00,+1.389500E-07,+9.910000E+37,+1.913437E+02,+3.584400E+04,+1.077263E-01,+1.389500E-07,+9.910000E+37,+1.914102E+02,+3.584400E+04,+1.061325E-01,+1.389500E-07,+9.910000E+37,+1.914766E+02,+3.584400E+04,-1.928167E-01,+0.000000E+00,+9.910000E+37,+1.915439E+02,+3.584400E+04
16:20:21,0e0,-6.263057E+00,+1.468000E-07,+9.910000E+37,+1.917695E+02,+3.584400E+04,+1.079987E-01,+1.468000E-07,+9.910000E+37,+1.918350E+02,+3.584400E+04,+1.084548E-01,+1.468000E-07,+9.910000E+37,+1.919014E+02,+3.584400E+04,-1.321253E-01,+0.000000E+00,+9.910000E+37,+1.919688E+02,+3.584400E+04
16:20:21,0e0,-6.006889E+00,+1.550500E-07,+9.910000E+37,+1.921963E+02,+3.584400E+04,+1.102300E-01,+1.550500E-07,+9.910000E+37,+1.922637E+02,+3.584400E+04,+1.113231E-01,+1.550500E-07,+9.910000E+37,+1.923301E+02,+3.584400E+04,-1.797951E-01,+0.000000E+00,+9.910000E+37,+1.923965E+02,+3.584400E+04
16:20:21,0e0,-3.437976E+00,+1.638000E-07,+9.910000E+37,+1.926250E+02,+3.584400E+04,+1.140094E-01,+1.638000E-07,+9.910000E+37,+1.926924E+02,+3.584400E+04,+1.130533E-01,+1.638000E-07,+9.910000E+37,+1.927598E+02,+3.584400E+04,-1.420965E-01,+0.000000E+00,+9.910000E+37,+1.928252E+02,+3.584400E+04
16:20:21,0e0,-3.572392E+00,+1.730000E-07,+9.910000E+37,+1.930498E+02,+3.584400E+04,+1.151482E-01,+1.730000E-07,+9.910000E+37,+1.931162E+02,+3.584400E+04,+1.146467E-01,+1.730000E-07,+9.910000E+37,+1.931826E+02,+3.584400E+04,-1.667735E-01,+0.000000E+00,+9.910000E+37,+1.932490E+02,+3.584400E+04
16:20:21,0e0,-2.866863E+00,+1.827500E-07,+9.910000E+37,+1.934756E+02,+3.584400E+04,+1.179705E-01,+1.827500E-07,+9.910000E+37,+1.935430E+02,+3.584400E+04,+1.167864E-01,+1.827500E-07,+9.910000E+37,+1.936084E+02,+3.584400E+04,-1.329447E-01,+0.000000E+00,+9.910000E+37,+1.936748E+02,+3.584400E+04
16:20:21,0e0,-2.451285E+00,+1.930500E-07,+9.910000E+37,+1.938984E+02,+3.584400E+04,+1.185623E-01,+1.930500E-07,+9.910000E+37,+1.939648E+02,+3.584400E+04,+1.178341E-01,+1.930500E-07,+9.910000E+37,+1.940313E+02,+3.584400E+04,-2.601122E-01,+0.000000E+00,+9.910000E+37,+1.940986E+02,+3.584400E+04
16:20:21,0e0,-8.583218E-01,+2.039500E-07,+9.910000E+37,+1.943271E+02,+3.584400E+04,+1.198371E-01,+2.039500E-07,+9.910000E+37,+1.943936E+02,+3.584400E+04,+1.213398E-01,+2.039500E-07,+9.910000E+37,+1.944609E+02,+3.584400E+04,-1.392280E-01,+0.000000E+00,+9.910000E+37,+1.945273E+02,+3.584400E+04
16:20:21,0e0,-6.710905E-01,+2.154500E-07,+9.910000E+37,+1.947500E+02,+3.584400E+04,+1.224779E-01,+2.154500E-07,+9.910000E+37,+1.948174E+02,+3.584400E+04,+1.215673E-01,+2.154500E-07,+9.910000E+37,+1.948848E+02,+3.584400E+04,-3.019569E-01,+0.000000E+00,+9.910000E+37,+1.949502E+02,+3.584400E+04
16:20:21,0e0,-2.255984E-01,+2.276000E-07,+9.910000E+37,+1.951816E+02,+3.584400E+04,+1.258017E-01,+2.276000E-07,+9.910000E+37,+1.952490E+02,+3.584400E+04,+1.261658E-01,+2.276000E-07,+9.910000E+37,+1.953145E+02,+3.584400E+04,-1.737397E-01,+0.000000E+00,+9.910000E+37,+1.953809E+02,+3.584400E+04
16:20:21,0e0,-7.799056E-02,+2.404000E-07,+9.910000E+37,+1.956025E+02,+3.584400E+04,+1.261655E-01,+2.404000E-07,+9.910000E+37,+1.956689E+02,+3.584400E+04,+1.270310E-01,+2.404000E-07,+9.910000E+37,+1.957354E+02,+3.584400E+04,-3.663855E-01,+0.000000E+00,+9.910000E+37,+1.958018E+02,+3.584400E+04
16:20:21,0e0,+6.888860E-02,+2.539500E-07,+9.910000E+37,+1.960371E+02,+3.584400E+04,+1.283511E-01,+2.539500E-07,+9.910000E+37,+1.961035E+02,+3.584400E+04,+1.294439E-01,+2.539500E-07,+9.910000E+37,+1.961709E+02,+3.584400E+04,-3.662490E-01,+0.000000E+00,+9.910000E+37,+1.962383E+02,+3.584400E+04
16:20:21,0e0,+1.307644E-01,+2.682500E-07,+9.910000E+37,+1.964639E+02,+3.584400E+04,+1.309919E-01,+2.682500E-07,+9.910000E+37,+1.965303E+02,+3.584400E+04,+1.314017E-01,+2.682500E-07,+9.910000E+37,+1.965967E+02,+3.584400E+04,-1.459666E-01,+0.000000E+00,+9.910000E+37,+1.966641E+02,+3.584400E+04
16:20:21,0e0,+1.315385E-01,+2.834000E-07,+9.910000E+37,+1.968877E+02,+3.584400E+04,+1.307636E-01,+2.834000E-07,+9.910000E+37,+1.969551E+02,+3.584400E+04,+1.332683E-01,+2.834000E-07,+9.910000E+37,+1.970225E+02,+3.584400E+04,-4.196133E-01,+0.000000E+00,+9.910000E+37,+1.970879E+02,+3.584400E+04
16:20:21,0e0,+1.353630E-01,+2.993500E-07,+9.910000E+37,+1.973154E+02,+3.584400E+04,+1.335417E-01,+2.993500E-07,+9.910000E+37,+1.973809E+02,+3.584400E+04,+1.323578E-01,+2.993500E-07,+9.910000E+37,+1.974473E+02,+3.584400E+04,-2.608407E-01,+0.000000E+00,+9.910000E+37,+1.975137E+02,+3.584400E+04
16:20:21,0e0,+1.360464E-01,+3.162500E-07,+9.910000E+37,+1.977520E+02,+3.584400E+04,+1.354536E-01,+3.162500E-07,+9.910000E+37,+1.978184E+02,+3.584400E+04,+1.372294E-01,+3.162500E-07,+9.910000E+37,+1.978848E+02,+3.584400E+04,-3.324637E-01,+0.000000E+00,+9.910000E+37,+1.979512E+02,+3.584400E+04
16:20:21,0e0,+1.378671E-01,+3.340500E-07,+9.910000E+37,+1.981807E+02,+3.584400E+04,+1.363184E-01,+3.340500E-07,+9.910000E+37,+1.982480E+02,+3.584400E+04,+1.373203E-01,+3.340500E-07,+9.910000E+37,+1.983135E+02,+3.584400E+04,-7.818262E-01,+0.000000E+00,+9.910000E+37,+1.983799E+02,+3.584400E+04
16:20:21,0e0,+1.394603E-01,+3.528500E-07,+9.910000E+37,+1.986182E+02,+3.584400E+04,+1.393238E-01,+3.528500E-07,+9.910000E+37,+1.986855E+02,+3.584400E+04,+1.383674E-01,+3.528500E-07,+9.910000E+37,+1.987510E+02,+3.584400E+04,-9.665517E-01,+0.000000E+00,+9.910000E+37,+1.988174E+02,+3.584400E+04
16:20:21,0e0,+1.422378E-01,+3.727500E-07,+9.910000E+37,+1.990469E+02,+3.584400E+04,+1.421921E-01,+3.727500E-07,+9.910000E+37,+1.991133E+02,+3.584400E+04,+1.416003E-01,+3.727500E-07,+9.910000E+37,+1.991807E+02,+3.584400E+04,-1.129695E+00,+0.000000E+00,+9.910000E+37,+1.992480E+02,+3.584400E+04
16:20:21,0e0,+1.449700E-01,+3.937500E-07,+9.910000E+37,+1.994756E+02,+3.584400E+04,+1.437860E-01,+3.937500E-07,+9.910000E+37,+1.995410E+02,+3.584400E+04,+1.424650E-01,+3.937500E-07,+9.910000E+37,+1.996074E+02,+3.584400E+04,-1.149732E+00,+0.000000E+00,+9.910000E+37,+1.996738E+02,+3.584400E+04
16:20:21,0e0,+1.449691E-01,+4.159500E-07,+9.910000E+37,+1.999102E+02,+3.584400E+04,+1.473826E-01,+4.159500E-07,+9.910000E+37,+1.999775E+02,+3.584400E+04,+1.446052E-01,+4.159500E-07,+9.910000E+37,+2.000430E+02,+3.584400E+04,-1.608744E+00,+0.000000E+00,+9.910000E+37,+2.001094E+02,+3.584400E+04
16:20:21,0e0,+1.476557E-01,+4.394000E-07,+9.910000E+37,+2.003389E+02,+3.584400E+04,+1.482481E-01,+4.394000E-07,+9.910000E+37,+2.004043E+02,+3.584400E+04,+1.467450E-01,+4.394000E-07,+9.910000E+37,+2.004717E+02,+3.584400E+04,-2.330078E+00,+0.000000E+00,+9.910000E+37,+2.005371E+02,+3.584400E+04
16:20:21,0e0,+1.502050E-01,+4.641500E-07,+9.910000E+37,+2.007715E+02,+3.584400E+04,+1.500693E-01,+4.641500E-07,+9.910000E+37,+2.008389E+02,+3.584400E+04,+1.501142E-01,+4.641500E-07,+9.910000E+37,+2.009053E+02,+3.584400E+04,-2.716922E+00,+0.000000E+00,+9.910000E+37,+2.009717E+02,+3.584400E+04
16:20:21,0e0,+1.521628E-01,+4.903000E-07,+9.910000E+37,+2.012002E+02,+3.584400E+04,+1.520726E-01,+4.903000E-07,+9.910000E+37,+2.012676E+02,+3.584400E+04,+1.515259E-01,+4.903000E-07,+9.910000E+37,+2.013340E+02,+3.584400E+04,-3.125988E+00,+0.000000E+00,+9.910000E+37,+2.014004E+02,+3.584400E+04
16:20:21,0e0,+1.546674E-01,+5.179500E-07,+9.910000E+37,+2.016309E+02,+3.584400E+04,+1.545308E-01,+5.179500E-07,+9.910000E+37,+2.016973E+02,+3.584400E+04,+1.550316E-01,+5.179500E-07,+9.910000E+37,+2.017637E+02,+3.584400E+04,-4.155761E+00,+0.000000E+00,+9.910000E+37,+2.018301E+02,+3.584400E+04
16:20:21,0e0,+1.553496E-01,+5.471500E-07,+9.910000E+37,+2.020586E+02,+3.584400E+04,+1.579456E-01,+5.471500E-07,+9.910000E+37,+2.021240E+02,+3.584400E+04,+1.568980E-01,+5.471500E-07,+9.910000E+37,+2.021904E+02,+3.584400E+04,-4.536540E+00,+0.000000E+00,+9.910000E+37,+2.022568E+02,+3.584400E+04
16:20:21,0e0,+1.584914E-01,+5.779500E-07,+9.910000E+37,+2.024912E+02,+3.584400E+04,+1.584009E-01,+5.779500E-07,+9.910000E+37,+2.025586E+02,+3.584400E+04,+1.600397E-01,+5.779500E-07,+9.910000E+37,+2.026250E+02,+3.584400E+04,-5.496599E+00,+0.000000E+00,+9.910000E+37,+2.026914E+02,+3.584400E+04
16:20:21,0e0,+1.608595E-01,+6.105500E-07,+9.910000E+37,+2.029229E+02,+3.584400E+04,+1.597666E-01,+6.105500E-07,+9.910000E+37,+2.029902E+02,+3.584400E+04,+1.601763E-01,+6.105500E-07,+9.910000E+37,+2.030557E+02,+3.584400E+04,-6.822104E+00,+0.000000E+00,+9.910000E+37,+2.031230E+02,+3.584400E+04
16:20:21,0e0,+1.628166E-01,+6.449500E-07,+9.910000E+37,+2.033496E+02,+3.584400E+04,+1.648207E-01,+6.449500E-07,+9.910000E+37,+2.034170E+02,+3.584400E+04,+1.629538E-01,+6.449500E-07,+9.910000E+37,+2.034824E+02,+3.584400E+04,-7.371367E+00,+0.000000E+00,+9.910000E+37,+2.035498E+02,+3.584400E+04
16:20:21,0e0,+1.668698E-01,+6.813000E-07,+9.910000E+37,+2.037734E+02,+3.584400E+04,+1.649571E-01,+6.813000E-07,+9.910000E+37,+2.038398E+02,+3.584400E+04,+1.654578E-01,+6.813000E-07,+9.910000E+37,+2.039063E+02,+3.584400E+04,-8.914150E+00,+0.000000E+00,+9.910000E+37,+2.039736E+02,+3.584400E+04
16:20:21,0e0,+1.670056E-01,+7.197000E-07,+9.910000E+37,+2.042031E+02,+3.584400E+04,+1.675521E-01,+7.197000E-07,+9.910000E+37,+2.042705E+02,+3.584400E+04,+1.678254E-01,+7.197000E-07,+9.910000E+37,+2.043359E+02,+3.584400E+04,-9.851033E+00,+0.000000E+00,+9.910000E+37,+2.044023E+02,+3.584400E+04
16:20:21,0e0,+1.698739E-01,+7.602500E-07,+9.910000E+37,+2.046367E+02,+3.584400E+04,+1.704662E-01,+7.602500E-07,+9.910000E+37,+2.047041E+02,+3.584400E+04,+1.692365E-01,+7.602500E-07,+9.910000E+37,+2.047695E+02,+3.584400E+04,-1.103930E+01,+0.000000E+00,+9.910000E+37,+2.048359E+02,+3.584400E+04
16:20:21,0e0,+1.716496E-01,+8.031000E-07,+9.910000E+37,+2.050693E+02,+3.584400E+04,+1.727881E-01,+8.031000E-07,+9.910000E+37,+2.051357E+02,+3.584400E+04,+1.728792E-01,+8.031000E-07,+9.910000E+37,+2.052031E+02,+3.584400E+04,-1.255023E+01,+0.000000E+00,+9.910000E+37,+2.052705E+02,+3.584400E+04
16:20:21,0e0,+1.745639E-01,+8.483500E-07,+9.910000E+37,+2.054971E+02,+3.584400E+04,+1.727879E-01,+8.483500E-07,+9.910000E+37,+2.055645E+02,+3.584400E+04,+1.733344E-01,+8.483500E-07,+9.910000E+37,+2.056299E+02,+3.584400E+04,-1.406295E+01,+0.000000E+00,+9.910000E+37,+2.056963E+02,+3.584400E+04
16:20:21,0e0,+1.760208E-01,+8.961500E-07,+9.910000E+37,+2.059268E+02,+3.584400E+04,+1.763392E-01,+8.961500E-07,+9.910000E+37,+2.059941E+02,+3.584400E+04,+1.768857E-01,+8.961500E-07,+9.910000E+37,+2.060596E+02,+3.584400E+04,-1.513297E+01,+0.000000E+00,+9.910000E+37,+2.061260E+02,+3.584400E+04
16:20:21,0e0,+1.783881E-01,+9.466500E-07,+9.910000E+37,+2.063525E+02,+3.584400E+04,+1.782519E-01,+9.466500E-07,+9.910000E+37,+2.064189E+02,+3.584400E+04,+1.792533E-01,+9.466500E-07,+9.910000E+37,+2.064854E+02,+3.584400E+04,-1.702470E+01,+0.000000E+00,+9.910000E+37,+2.065527E+02,+3.584400E+04
16:20:21,0e0,+1.812111E-01,+1.000000E-06,+9.910000E+37,+2.067783E+02,+3.584400E+04,+1.817575E-01,+1.000000E-06,+9.910000E+37,+2.068447E+02,+3.584400E+04,+1.807095E-01,+1.000000E-06,+9.910000E+37,+2.069111E+02,+3.584400E+04,-1.804454E+01,+0.000000E+00,+9.910000E+37,+2.069785E+02,+3.584400E+04
16:20:21,0e0,+1.713307E-01,+1.056500E-06,+9.910000E+37,+2.072109E+02,+3.584400E+04,+1.732887E-01,+1.056500E-06,+9.910000E+37,+2.072783E+02,+3.584400E+04,+1.730616E-01,+1.056500E-06,+9.910000E+37,+2.073437E+02,+3.584400E+04,-1.444185E-01,+0.000000E+00,+9.910000E+37,+2.074111E+02,+3.584400E+04
16:20:21,0e0,+1.745640E-01,+1.116000E-06,+9.910000E+37,+2.076348E+02,+3.584400E+04,+1.726972E-01,+1.116000E-06,+9.910000E+37,+2.077002E+02,+3.584400E+04,+1.741081E-01,+1.116000E-06,+9.910000E+37,+2.077676E+02,+3.584400E+04,-1.481065E-01,+0.000000E+00,+9.910000E+37,+2.078330E+02,+3.584400E+04
16:20:21,0e0,+1.753371E-01,+1.179000E-06,+9.910000E+37,+2.080625E+02,+3.584400E+04,+1.761568E-01,+1.179000E-06,+9.910000E+37,+2.081299E+02,+3.584400E+04,+1.762028E-01,+1.179000E-06,+9.910000E+37,+2.081953E+02,+3.584400E+04,-1.476511E-01,+0.000000E+00,+9.910000E+37,+2.082627E+02,+3.584400E+04
16:20:21,0e0,+1.771584E-01,+1.245000E-06,+9.910000E+37,+2.084893E+02,+3.584400E+04,+1.793903E-01,+1.245000E-06,+9.910000E+37,+2.085547E+02,+3.584400E+04,+1.773409E-01,+1.245000E-06,+9.910000E+37,+2.086221E+02,+3.584400E+04,-1.529782E-01,+0.000000E+00,+9.910000E+37,+2.086875E+02,+3.584400E+04
16:20:21,0e0,+1.806194E-01,+1.315500E-06,+9.910000E+37,+2.089141E+02,+3.584400E+04,+1.792984E-01,+1.315500E-06,+9.910000E+37,+2.089795E+02,+3.584400E+04,+1.803460E-01,+1.315500E-06,+9.910000E+37,+2.090469E+02,+3.584400E+04,-1.518398E-01,+0.000000E+00,+9.910000E+37,+2.091123E+02,+3.584400E+04
16:20:21,0e0,+1.816211E-01,+1.389500E-06,+9.910000E+37,+2.093408E+02,+3.584400E+04,+1.819393E-01,+1.389500E-06,+9.910000E+37,+2.094063E+02,+3.584400E+04,+1.822127E-01,+1.389500E-06,+9.910000E+37,+2.094736E+02,+3.584400E+04,-1.484251E-01,+0.000000E+00,+9.910000E+37,+2.095391E+02,+3.584400E+04
16:20:21,0e0,+1.837606E-01,+1.468000E-06,+9.910000E+37,+2.097627E+02,+3.584400E+04,+1.833505E-01,+1.468000E-06,+9.910000E+37,+2.098301E+02,+3.584400E+04,+1.852633E-01,+1.468000E-06,+9.910000E+37,+2.098955E+02,+3.584400E+04,-2.082969E-01,+0.000000E+00,+9.910000E+37,+2.099629E+02,+3.584400E+04
16:20:21,0e0,+1.853996E-01,+1.550500E-06,+9.910000E+37,+2.101885E+02,+3.584400E+04,+1.858551E-01,+1.550500E-06,+9.910000E+37,+2.102539E+02,+3.584400E+04,+1.859007E-01,+1.550500E-06,+9.910000E+37,+2.103213E+02,+3.584400E+04,-1.503374E-01,+0.000000E+00,+9.910000E+37,+2.103867E+02,+3.584400E+04
16:20:21,0e0,+1.880859E-01,+1.638000E-06,+9.910000E+37,+2.106152E+02,+3.584400E+04,+1.877674E-01,+1.638000E-06,+9.910000E+37,+2.106816E+02,+3.584400E+04,+1.876768E-01,+1.638000E-06,+9.910000E+37,+2.107480E+02,+3.584400E+04,-2.086156E-01,+0.000000E+00,+9.910000E+37,+2.108145E+02,+3.584400E+04
16:20:21,0e0,+1.899530E-01,+1.730000E-06,+9.910000E+37,+2.110381E+02,+3.584400E+04,+1.894063E-01,+1.730000E-06,+9.910000E+37,+2.111035E+02,+3.584400E+04,+1.895885E-01,+1.730000E-06,+9.910000E+37,+2.111699E+02,+3.584400E+04,-1.481973E-01,+0.000000E+00,+9.910000E+37,+2.112373E+02,+3.584400E+04
16:20:21,0e0,+1.906354E-01,+1.827500E-06,+9.910000E+37,+2.114688E+02,+3.584400E+04,+1.915472E-01,+1.827500E-06,+9.910000E+37,+2.115361E+02,+3.584400E+04,+1.932309E-01,+1.827500E-06,+9.910000E+37,+2.116025E+02,+3.584400E+04,-1.975973E-01,+0.000000E+00,+9.910000E+37,+2.116689E+02,+3.584400E+04
16:20:21,0e0,+1.952350E-01,+1.930500E-06,+9.910000E+37,+2.119053E+02,+3.584400E+04,+1.930943E-01,+1.930500E-06,+9.910000E+37,+2.119717E+02,+3.584400E+04,+1.940958E-01,+1.930500E-06,+9.910000E+37,+2.120391E+02,+3.584400E+04,-2.160825E-01,+0.000000E+00,+9.910000E+37,+2.121045E+02,+3.584400E+04
16:20:21,0e0,+1.950516E-01,+2.039500E-06,+9.910000E+37,+2.123330E+02,+3.584400E+04,+1.954613E-01,+2.039500E-06,+9.910000E+37,+2.123994E+02,+3.584400E+04,+1.953709E-01,+2.039500E-06,+9.910000E+37,+2.124668E+02,+3.584400E+04,-1.518398E-01,+0.000000E+00,+9.910000E+37,+2.125322E+02,+3.584400E+04
16:20:21,0e0,+1.975105E-01,+2.154500E-06,+9.910000E+37,+2.127617E+02,+3.584400E+04,+1.986492E-01,+2.154500E-06,+9.910000E+37,+2.128291E+02,+3.584400E+04,+1.982854E-01,+2.154500E-06,+9.910000E+37,+2.128945E+02,+3.584400E+04,-1.705526E-01,+0.000000E+00,+9.910000E+37,+2.129619E+02,+3.584400E+04
16:20:21,0e0,+2.006976E-01,+2.276000E-06,+9.910000E+37,+2.131855E+02,+3.584400E+04,+2.001056E-01,+2.276000E-06,+9.910000E+37,+2.132510E+02,+3.584400E+04,+1.994684E-01,+2.276000E-06,+9.910000E+37,+2.133184E+02,+3.584400E+04,-1.488804E-01,+0.000000E+00,+9.910000E+37,+2.133838E+02,+3.584400E+04
16:20:21,0e0,+2.026102E-01,+2.404000E-06,+9.910000E+37,+2.136113E+02,+3.584400E+04,+2.011980E-01,+2.404000E-06,+9.910000E+37,+2.136787E+02,+3.584400E+04,+2.015171E-01,+2.404000E-06,+9.910000E+37,+2.137441E+02,+3.584400E+04,-3.174378E-01,+0.000000E+00,+9.910000E+37,+2.138115E+02,+3.584400E+04
16:20:21,0e0,+2.028373E-01,+2.539500E-06,+9.910000E+37,+2.140342E+02,+3.584400E+04,+2.040674E-01,+2.539500E-06,+9.910000E+37,+2.141016E+02,+3.584400E+04,+2.039306E-01,+2.539500E-06,+9.910000E+37,+2.141670E+02,+3.584400E+04,-1.512025E-01,+0.000000E+00,+9.910000E+37,+2.142344E+02,+3.584400E+04
16:20:21,0e0,+2.061613E-01,+2.682500E-06,+9.910000E+37,+2.144580E+02,+3.584400E+04,+2.053873E-01,+2.682500E-06,+9.910000E+37,+2.145244E+02,+3.584400E+04,+2.056605E-01,+2.682500E-06,+9.910000E+37,+2.145918E+02,+3.584400E+04,-2.582453E-01,+0.000000E+00,+9.910000E+37,+2.146572E+02,+3.584400E+04
16:20:21,0e0,+2.076177E-01,+2.834000E-06,+9.910000E+37,+2.148809E+02,+3.584400E+04,+2.094853E-01,+2.834000E-06,+9.910000E+37,+2.149482E+02,+3.584400E+04,+2.093027E-01,+2.834000E-06,+9.910000E+37,+2.150137E+02,+3.584400E+04,-4.198864E-01,+0.000000E+00,+9.910000E+37,+2.150811E+02,+3.584400E+04
16:20:21,0e0,+2.091655E-01,+2.993500E-06,+9.910000E+37,+2.153154E+02,+3.584400E+04,+2.107601E-01,+2.993500E-06,+9.910000E+37,+2.153828E+02,+3.584400E+04,+2.094388E-01,+2.993500E-06,+9.910000E+37,+2.154482E+02,+3.584400E+04,-5.119533E-01,+0.000000E+00,+9.910000E+37,+2.155146E+02,+3.584400E+04
16:20:21,0e0,+2.123534E-01,+3.162500E-06,+9.910000E+37,+2.157432E+02,+3.584400E+04,+2.128543E-01,+3.162500E-06,+9.910000E+37,+2.158105E+02,+3.584400E+04,+2.126266E-01,+3.162500E-06,+9.910000E+37,+2.158760E+02,+3.584400E+04,-2.622522E-01,+0.000000E+00,+9.910000E+37,+2.159424E+02,+3.584400E+04
16:20:21,0e0,+2.150851E-01,+3.340500E-06,+9.910000E+37,+2.161670E+02,+3.584400E+04,+2.147208E-01,+3.340500E-06,+9.910000E+37,+2.162344E+02,+3.584400E+04,+2.143111E-01,+3.340500E-06,+9.910000E+37,+2.162998E+02,+3.584400E+04,-7.127979E-01,+0.000000E+00,+9.910000E+37,+2.163662E+02,+3.584400E+04
16:20:21,0e0,+2.177715E-01,+3.528500E-06,+9.910000E+37,+2.165938E+02,+3.584400E+04,+2.171794E-01,+3.528500E-06,+9.910000E+37,+2.166602E+02,+3.584400E+04,+2.177259E-01,+3.528500E-06,+9.910000E+37,+2.167256E+02,+3.584400E+04,-6.128082E-01,+0.000000E+00,+9.910000E+37,+2.167930E+02,+3.584400E+04
16:20:21,0e0,+2.193194E-01,+3.727500E-06,+9.910000E+37,+2.170166E+02,+3.584400E+04,+2.188646E-01,+3.727500E-06,+9.910000E+37,+2.170840E+02,+3.584400E+04,+2.196831E-01,+3.727500E-06,+9.910000E+37,+2.171504E+02,+3.584400E+04,-1.011492E+00,+0.000000E+00,+9.910000E+37,+2.172168E+02,+3.584400E+04
16:20:21,0e0,+2.207304E-01,+3.937500E-06,+9.910000E+37,+2.174463E+02,+3.584400E+04,+2.213226E-01,+3.937500E-06,+9.910000E+37,+2.175137E+02,+3.584400E+04,+2.223243E-01,+3.937500E-06,+9.910000E+37,+2.175791E+02,+3.584400E+04,-1.128829E+00,+0.000000E+00,+9.910000E+37,+2.176465E+02,+3.584400E+04
16:20:21,0e0,+2.244187E-01,+4.159500E-06,+9.910000E+37,+2.178730E+02,+3.584400E+04,+2.236910E-01,+4.159500E-06,+9.910000E+37,+2.179404E+02,+3.584400E+04,+2.226433E-01,+4.159500E-06,+9.910000E+37,+2.180059E+02,+3.584400E+04,-1.748119E+00,+0.000000E+00,+9.910000E+37,+2.180732E+02,+3.584400E+04
16:20:21,0e0,+2.259212E-01,+4.394000E-06,+9.910000E+37,+2.182959E+02,+3.584400E+04,+2.256936E-01,+4.394000E-06,+9.910000E+37,+2.183633E+02,+3.584400E+04,+2.261946E-01,+4.394000E-06,+9.910000E+37,+2.184287E+02,+3.584400E+04,-2.098629E+00,+0.000000E+00,+9.910000E+37,+2.184951E+02,+3.584400E+04
16:20:21,0e0,+2.280611E-01,+4.641500E-06,+9.910000E+37,+2.187256E+02,+3.584400E+04,+2.273324E-01,+4.641500E-06,+9.910000E+37,+2.187930E+02,+3.584400E+04,+2.282430E-01,+4.641500E-06,+9.910000E+37,+2.188584E+02,+3.584400E+04,-2.659047E+00,+0.000000E+00,+9.910000E+37,+2.189258E+02,+3.584400E+04
16:20:21,0e0,+2.310208E-01,+4.903000E-06,+9.910000E+37,+2.191494E+02,+3.584400E+04,+2.299273E-01,+4.903000E-06,+9.910000E+37,+2.192168E+02,+3.584400E+04,+2.310205E-01,+4.903000E-06,+9.910000E+37,+2.192832E+02,+3.584400E+04,-3.190553E+00,+0.000000E+00,+9.910000E+37,+2.193496E+02,+3.584400E+04
16:20:21,0e0,+2.332971E-01,+5.179500E-06,+9.910000E+37,+2.195771E+02,+3.584400E+04,+2.327961E-01,+5.179500E-06,+9.910000E+37,+2.196445E+02,+3.584400E+04,+2.320677E-01,+5.179500E-06,+9.910000E+37,+2.197100E+02,+3.584400E+04,-3.713719E+00,+0.000000E+00,+9.910000E+37,+2.197764E+02,+3.584400E+04
16:20:21,0e0,+2.342984E-01,+5.471500E-06,+9.910000E+37,+2.200029E+02,+3.584400E+04,+2.343438E-01,+5.471500E-06,+9.910000E+37,+2.200703E+02,+3.584400E+04,+2.364385E-01,+5.471500E-06,+9.910000E+37,+2.201357E+02,+3.584400E+04,-4.660020E+00,+0.000000E+00,+9.910000E+37,+2.202021E+02,+3.584400E+04
16:20:21,0e0,+2.394446E-01,+5.779500E-06,+9.910000E+37,+2.204297E+02,+3.584400E+04,+2.382143E-01,+5.779500E-06,+9.910000E+37,+2.204961E+02,+3.584400E+04,+2.381228E-01,+5.779500E-06,+9.910000E+37,+2.205625E+02,+3.584400E+04,-5.268751E+00,+0.000000E+00,+9.910000E+37,+2.206289E+02,+3.584400E+04
16:20:21,0e0,+2.393062E-01,+6.105500E-06,+9.910000E+37,+2.208525E+02,+3.584400E+04,+2.399441E-01,+6.105500E-06,+9.910000E+37,+2.209180E+02,+3.584400E+04,+2.395801E-01,+6.105500E-06,+9.910000E+37,+2.209844E+02,+3.584400E+04,-6.445731E+00,+0.000000E+00,+9.910000E+37,+2.210518E+02,+3.584400E+04
16:20:21,0e0,+2.421748E-01,+6.449500E-06,+9.910000E+37,+2.212783E+02,+3.584400E+04,+2.430857E-01,+6.449500E-06,+9.910000E+37,+2.213457E+02,+3.584400E+04,+2.433133E-01,+6.449500E-06,+9.910000E+37,+2.214111E+02,+3.584400E+04,-7.122291E+00,+0.000000E+00,+9.910000E+37,+2.214785E+02,+3.584400E+04
16:20:21,0e0,+2.447705E-01,+6.813000E-06,+9.910000E+37,+2.217090E+02,+3.584400E+04,+2.459539E-01,+6.813000E-06,+9.910000E+37,+2.217764E+02,+3.584400E+04,+2.445427E-01,+6.813000E-06,+9.910000E+37,+2.218428E+02,+3.584400E+04,-8.500751E+00,+0.000000E+00,+9.910000E+37,+2.219092E+02,+3.584400E+04
16:20:21,0e0,+2.475476E-01,+7.197000E-06,+9.910000E+37,+2.221396E+02,+3.584400E+04,+2.475018E-01,+7.197000E-06,+9.910000E+37,+2.222061E+02,+3.584400E+04,+2.475933E-01,+7.197000E-06,+9.910000E+37,+2.222734E+02,+3.584400E+04,-9.630645E+00,+0.000000E+00,+9.910000E+37,+2.223398E+02,+3.584400E+04
16:20:21,0e0,+2.502340E-01,+7.602500E-06,+9.910000E+37,+2.225732E+02,+3.584400E+04,+2.509171E-01,+7.602500E-06,+9.910000E+37,+2.226387E+02,+3.584400E+04,+2.509171E-01,+7.602500E-06,+9.910000E+37,+2.227061E+02,+3.584400E+04,-1.064129E+01,+0.000000E+00,+9.910000E+37,+2.227715E+02,+3.584400E+04
16:20:21,0e0,+2.524198E-01,+8.031000E-06,+9.910000E+37,+2.230010E+02,+3.584400E+04,+2.526925E-01,+8.031000E-06,+9.910000E+37,+2.230684E+02,+3.584400E+04,+2.536943E-01,+8.031000E-06,+9.910000E+37,+2.231338E+02,+3.584400E+04,-1.230052E+01,+0.000000E+00,+9.910000E+37,+2.232012E+02,+3.584400E+04
16:20:21,0e0,+2.550145E-01,+8.483500E-06,+9.910000E+37,+2.234287E+02,+3.584400E+04,+2.554245E-01,+8.483500E-06,+9.910000E+37,+2.234951E+02,+3.584400E+04,+2.551055E-01,+8.483500E-06,+9.910000E+37,+2.235615E+02,+3.584400E+04,-1.349381E+01,+0.000000E+00,+9.910000E+37,+2.236270E+02,+3.584400E+04
16:20:21,0e0,+2.581109E-01,+8.961500E-06,+9.910000E+37,+2.238584E+02,+3.584400E+04,+2.573822E-01,+8.961500E-06,+9.910000E+37,+2.239258E+02,+3.584400E+04,+2.580198E-01,+8.961500E-06,+9.910000E+37,+2.239932E+02,+3.584400E+04,-1.456665E+01,+0.000000E+00,+9.910000E+37,+2.240586E+02,+3.584400E+04
16:20:21,0e0,+2.589756E-01,+9.466500E-06,+9.910000E+37,+2.242910E+02,+3.584400E+04,+2.602505E-01,+9.466500E-06,+9.910000E+37,+2.243564E+02,+3.584400E+04,+2.607051E-01,+9.466500E-06,+9.910000E+37,+2.244238E+02,+3.584400E+04,-1.632628E+01,+0.000000E+00,+9.910000E+37,+2.244893E+02,+3.584400E+04
16:20:21,0e0,+2.629375E-01,+1.000000E-05,+9.910000E+37,+2.247119E+02,+3.584400E+04,+2.638929E-01,+1.000000E-05,+9.910000E+37,+2.247773E+02,+3.584400E+04,+2.619795E-01,+1.000000E-05,+9.910000E+37,+2.248438E+02,+3.584400E+04,-1.748666E+01,+0.000000E+00,+9.910000E+37,+2.249111E+02,+3.584400E+04
16:20:21,0e0,+2.546049E-01,+1.056500E-05,+9.910000E+37,+2.251279E+02,+3.584400E+04,+2.549692E-01,+1.056500E-05,+9.910000E+37,+2.251943E+02,+3.584400E+04,+2.541045E-01,+1.056500E-05,+9.910000E+37,+2.252607E+02,+3.584400E+04,-2.682170E-01,+0.000000E+00,+9.910000E+37,+2.253281E+02,+3.584400E+04
16:20:21,0e0,+2.575190E-01,+1.116000E-05,+9.910000E+37,+2.255586E+02,+3.584400E+04,+2.566079E-01,+1.116000E-05,+9.910000E+37,+2.256260E+02,+3.584400E+04,+2.559248E-01,+1.116000E-05,+9.910000E+37,+2.256924E+02,+3.584400E+04,-2.777788E-01,+0.000000E+00,+9.910000E+37,+2.257598E+02,+3.584400E+04
16:20:21,0e0,+2.582930E-01,+1.179000E-05,+9.910000E+37,+2.259785E+02,+3.584400E+04,+2.579738E-01,+1.179000E-05,+9.910000E+37,+2.260449E+02,+3.584400E+04,+2.587935E-01,+1.179000E-05,+9.910000E+37,+2.261123E+02,+3.584400E+04,-2.191330E-01,+0.000000E+00,+9.910000E+37,+2.261777E+02,+3.584400E+04
16:20:21,0e0,+2.604321E-01,+1.245000E-05,+9.910000E+37,+2.264033E+02,+3.584400E+04,+2.607059E-01,+1.245000E-05,+9.910000E+37,+2.264687E+02,+3.584400E+04,+2.604324E-01,+1.245000E-05,+9.910000E+37,+2.265352E+02,+3.584400E+04,-2.974945E-01,+0.000000E+00,+9.910000E+37,+2.266016E+02,+3.584400E+04
16:20:21,0e0,+2.626637E-01,+1.315500E-05,+9.910000E+37,+2.268291E+02,+3.584400E+04,+2.634380E-01,+1.315500E-05,+9.910000E+37,+2.268965E+02,+3.584400E+04,+2.629364E-01,+1.315500E-05,+9.910000E+37,+2.269619E+02,+3.584400E+04,-2.643922E-01,+0.000000E+00,+9.910000E+37,+2.270293E+02,+3.584400E+04
16:20:21,0e0,+2.656233E-01,+1.389500E-05,+9.910000E+37,+2.272461E+02,+3.584400E+04,+2.653503E-01,+1.389500E-05,+9.910000E+37,+2.273125E+02,+3.584400E+04,+2.652581E-01,+1.389500E-05,+9.910000E+37,+2.273799E+02,+3.584400E+04,-2.416714E-01,+0.000000E+00,+9.910000E+37,+2.274473E+02,+3.584400E+04
16:20:21,0e0,+2.674891E-01,+1.468000E-05,+9.910000E+37,+2.276660E+02,+3.584400E+04,+2.680817E-01,+1.468000E-05,+9.910000E+37,+2.277324E+02,+3.584400E+04,+2.673074E-01,+1.468000E-05,+9.910000E+37,+2.277988E+02,+3.584400E+04,-3.034594E-01,+0.000000E+00,+9.910000E+37,+2.278701E+02,+3.584400E+04
16:20:21,0e0,+2.707680E-01,+1.550500E-05,+9.910000E+37,+2.280986E+02,+3.584400E+04,+2.700393E-01,+1.550500E-05,+9.910000E+37,+2.281660E+02,+3.584400E+04,+2.695383E-01,+1.550500E-05,+9.910000E+37,+2.282314E+02,+3.584400E+04,-2.306070E-01,+0.000000E+00,+9.910000E+37,+2.282988E+02,+3.584400E+04
16:20:21,0e0,+2.738637E-01,+1.638000E-05,+9.910000E+37,+2.285176E+02,+3.584400E+04,+2.717239E-01,+1.638000E-05,+9.910000E+37,+2.285850E+02,+3.584400E+04,+2.736363E-01,+1.638000E-05,+9.910000E+37,+2.286504E+02,+3.584400E+04,-2.953088E-01,+0.000000E+00,+9.910000E+37,+2.287227E+02,+3.584400E+04
16:20:21,0e0,+2.751386E-01,+1.730000E-05,+9.910000E+37,+2.289434E+02,+3.584400E+04,+2.748197E-01,+1.730000E-05,+9.910000E+37,+2.290088E+02,+3.584400E+04,+2.751841E-01,+1.730000E-05,+9.910000E+37,+2.290762E+02,+3.584400E+04,-3.377908E-01,+0.000000E+00,+9.910000E+37,+2.291436E+02,+3.584400E+04
16:20:21,0e0,+2.763678E-01,+1.827500E-05,+9.910000E+37,+2.293652E+02,+3.584400E+04,+2.772783E-01,+1.827500E-05,+9.910000E+37,+2.294316E+02,+3.584400E+04,+2.767331E-01,+1.827500E-05,+9.910000E+37,+2.294990E+02,+3.584400E+04,-2.678982E-01,+0.000000E+00,+9.910000E+37,+2.295664E+02,+3.584400E+04
16:20:21,0e0,+2.791907E-01,+1.930500E-05,+9.910000E+37,+2.297900E+02,+3.584400E+04,+2.789629E-01,+1.930500E-05,+9.910000E+37,+2.298564E+02,+3.584400E+04,+2.784615E-01,+1.930500E-05,+9.910000E+37,+2.299238E+02,+3.584400E+04,-2.936697E-01,+0.000000E+00,+9.910000E+37,+2.299902E+02,+3.584400E+04
16:20:21,0e0,+2.826506E-01,+2.039500E-05,+9.910000E+37,+2.302197E+02,+3.584400E+04,+2.825146E-01,+2.039500E-05,+9.910000E+37,+2.302861E+02,+3.584400E+04,+2.822407E-01,+2.039500E-05,+9.910000E+37,+2.303525E+02,+3.584400E+04,-2.179037E-01,+0.000000E+00,+9.910000E+37,+2.304189E+02,+3.584400E+04
16:20:21,0e0,+2.837902E-01,+2.154500E-05,+9.910000E+37,+2.306416E+02,+3.584400E+04,+2.821952E-01,+2.154500E-05,+9.910000E+37,+2.307090E+02,+3.584400E+04,+2.831982E-01,+2.154500E-05,+9.910000E+37,+2.307744E+02,+3.584400E+04,-2.797822E-01,+0.000000E+00,+9.910000E+37,+2.308418E+02,+3.584400E+04
16:20:21,0e0,+2.844262E-01,+2.276000E-05,+9.910000E+37,+2.310674E+02,+3.584400E+04,+2.860199E-01,+2.276000E-05,+9.910000E+37,+2.311328E+02,+3.584400E+04,+2.861109E-01,+2.276000E-05,+9.910000E+37,+2.312002E+02,+3.584400E+04,-3.329189E-01,+0.000000E+00,+9.910000E+37,+2.312656E+02,+3.584400E+04
16:20:21,0e0,+2.873853E-01,+2.404000E-05,+9.910000E+37,+2.314834E+02,+3.584400E+04,+2.890245E-01,+2.404000E-05,+9.910000E+37,+2.315508E+02,+3.584400E+04,+2.882054E-01,+2.404000E-05,+9.910000E+37,+2.316162E+02,+3.584400E+04,-3.420254E-01,+0.000000E+00,+9.910000E+37,+2.316836E+02,+3.584400E+04
16:20:21,0e0,+2.912103E-01,+2.539500E-05,+9.910000E+37,+2.319072E+02,+3.584400E+04,+2.902083E-01,+2.539500E-05,+9.910000E+37,+2.319746E+02,+3.584400E+04,+2.920300E-01,+2.539500E-05,+9.910000E+37,+2.320400E+02,+3.584400E+04,-2.256439E-01,+0.000000E+00,+9.910000E+37,+2.321064E+02,+3.584400E+04
16:20:21,0e0,+2.933959E-01,+2.682500E-05,+9.910000E+37,+2.323320E+02,+3.584400E+04,+2.931683E-01,+2.682500E-05,+9.910000E+37,+2.323994E+02,+3.584400E+04,+2.933498E-01,+2.682500E-05,+9.910000E+37,+2.324648E+02,+3.584400E+04,-2.924858E-01,+0.000000E+00,+9.910000E+37,+2.325322E+02,+3.584400E+04
16:20:21,0e0,+2.957636E-01,+2.834000E-05,+9.910000E+37,+2.327539E+02,+3.584400E+04,+2.964011E-01,+2.834000E-05,+9.910000E+37,+2.328213E+02,+3.584400E+04,+2.960819E-01,+2.834000E-05,+9.910000E+37,+2.328867E+02,+3.584400E+04,-3.386104E-01,+0.000000E+00,+9.910000E+37,+2.329541E+02,+3.584400E+04
16:20:21,0e0,+2.993150E-01,+2.993500E-05,+9.910000E+37,+2.331846E+02,+3.584400E+04,+2.993601E-01,+2.993500E-05,+9.910000E+37,+2.332520E+02,+3.584400E+04,+2.995424E-01,+2.993500E-05,+9.910000E+37,+2.333174E+02,+3.584400E+04,-2.902547E-01,+0.000000E+00,+9.910000E+37,+2.333848E+02,+3.584400E+04
16:20:21,0e0,+3.023655E-01,+3.162500E-05,+9.910000E+37,+2.336035E+02,+3.584400E+04,+3.014545E-01,+3.162500E-05,+9.910000E+37,+2.336699E+02,+3.584400E+04,+3.021833E-01,+3.162500E-05,+9.910000E+37,+2.337363E+02,+3.584400E+04,-3.076482E-01,+0.000000E+00,+9.910000E+37,+2.338027E+02,+3.584400E+04
16:20:21,0e0,+3.042327E-01,+3.340500E-05,+9.910000E+37,+2.340225E+02,+3.584400E+04,+3.050514E-01,+3.340500E-05,+9.910000E+37,+2.340879E+02,+3.584400E+04,+3.051422E-01,+3.340500E-05,+9.910000E+37,+2.341543E+02,+3.584400E+04,-3.312343E-01,+0.000000E+00,+9.910000E+37,+2.342236E+02,+3.584400E+04
16:20:21,0e0,+3.070095E-01,+3.528500E-05,+9.910000E+37,+2.344502E+02,+3.584400E+04,+3.063255E-01,+3.528500E-05,+9.910000E+37,+2.345176E+02,+3.584400E+04,+3.075099E-01,+3.528500E-05,+9.910000E+37,+2.345840E+02,+3.584400E+04,-2.676251E-01,+0.000000E+00,+9.910000E+37,+2.346514E+02,+3.584400E+04
16:20:21,0e0,+3.098782E-01,+3.727500E-05,+9.910000E+37,+2.348779E+02,+3.584400E+04,+3.094677E-01,+3.727500E-05,+9.910000E+37,+2.349443E+02,+3.584400E+04,+3.091949E-01,+3.727500E-05,+9.910000E+37,+2.350107E+02,+3.584400E+04,-5.095402E-01,+0.000000E+00,+9.910000E+37,+2.350771E+02,+3.584400E+04
16:20:21,0e0,+3.123363E-01,+3.937500E-05,+9.910000E+37,+2.353037E+02,+3.584400E+04,+3.137021E-01,+3.937500E-05,+9.910000E+37,+2.353711E+02,+3.584400E+04,+3.137481E-01,+3.937500E-05,+9.910000E+37,+2.354365E+02,+3.584400E+04,-4.721575E-01,+0.000000E+00,+9.910000E+37,+2.355029E+02,+3.584400E+04
16:20:21,0e0,+3.160697E-01,+4.159500E-05,+9.910000E+37,+2.357285E+02,+3.584400E+04,+3.145218E-01,+4.159500E-05,+9.910000E+37,+2.357949E+02,+3.584400E+04,+3.163885E-01,+4.159500E-05,+9.910000E+37,+2.358613E+02,+3.584400E+04,-8.476205E-01,+0.000000E+00,+9.910000E+37,+2.359307E+02,+3.584400E+04
16:20:21,0e0,+3.179361E-01,+4.394000E-05,+9.910000E+37,+2.361572E+02,+3.584400E+04,+3.170707E-01,+4.394000E-05,+9.910000E+37,+2.362246E+02,+3.584400E+04,+3.180276E-01,+4.394000E-05,+9.910000E+37,+2.362900E+02,+3.584400E+04,-1.007257E+00,+0.000000E+00,+9.910000E+37,+2.363594E+02,+3.584400E+04
16:20:21,0e0,+3.196663E-01,+4.641500E-05,+9.910000E+37,+2.365840E+02,+3.584400E+04,+3.218521E-01,+4.641500E-05,+9.910000E+37,+2.366494E+02,+3.584400E+04,+3.210782E-01,+4.641500E-05,+9.910000E+37,+2.367158E+02,+3.584400E+04,-1.578644E+00,+0.000000E+00,+9.910000E+37,+2.367832E+02,+3.584400E+04
16:20:21,0e0,+3.240828E-01,+4.903000E-05,+9.910000E+37,+2.370059E+02,+3.584400E+04,+3.238555E-01,+4.903000E-05,+9.910000E+37,+2.370713E+02,+3.584400E+04,+3.227626E-01,+4.903000E-05,+9.910000E+37,+2.371377E+02,+3.584400E+04,-2.063932E+00,+0.000000E+00,+9.910000E+37,+2.372070E+02,+3.584400E+04
16:20:21,0e0,+3.261768E-01,+5.179500E-05,+9.910000E+37,+2.374375E+02,+3.584400E+04,+3.267695E-01,+5.179500E-05,+9.910000E+37,+2.375029E+02,+3.584400E+04,+3.247194E-01,+5.179500E-05,+9.910000E+37,+2.375693E+02,+3.584400E+04,-2.450458E+00,+0.000000E+00,+9.910000E+37,+2.376357E+02,+3.584400E+04
16:20:21,0e0,+3.290449E-01,+5.471500E-05,+9.910000E+37,+2.378594E+02,+3.584400E+04,+3.295463E-01,+5.471500E-05,+9.910000E+37,+2.379268E+02,+3.584400E+04,+3.287722E-01,+5.471500E-05,+9.910000E+37,+2.379922E+02,+3.584400E+04,-3.123746E+00,+0.000000E+00,+9.910000E+37,+2.380596E+02,+3.584400E+04
16:20:21,0e0,+3.323694E-01,+5.779500E-05,+9.910000E+37,+2.382832E+02,+3.584400E+04,+3.316863E-01,+5.779500E-05,+9.910000E+37,+2.383496E+02,+3.584400E+04,+3.309122E-01,+5.779500E-05,+9.910000E+37,+2.384160E+02,+3.584400E+04,-3.389248E+00,+0.000000E+00,+9.910000E+37,+2.384824E+02,+3.584400E+04
16:20:21,0e0,+3.347824E-01,+6.105500E-05,+9.910000E+37,+2.387090E+02,+3.584400E+04,+3.345999E-01,+6.105500E-05,+9.910000E+37,+2.387754E+02,+3.584400E+04,+3.346006E-01,+6.105500E-05,+9.910000E+37,+2.388418E+02,+3.584400E+04,-4.508078E+00,+0.000000E+00,+9.910000E+37,+2.389072E+02,+3.584400E+04
16:20:21,0e0,+3.365570E-01,+6.449500E-05,+9.910000E+37,+2.391367E+02,+3.584400E+04,+3.380153E-01,+6.449500E-05,+9.910000E+37,+2.392021E+02,+3.584400E+04,+3.372861E-01,+6.449500E-05,+9.910000E+37,+2.392695E+02,+3.584400E+04,-4.874292E+00,+0.000000E+00,+9.910000E+37,+2.393359E+02,+3.584400E+04
16:20:21,0e0,+3.401088E-01,+6.813000E-05,+9.910000E+37,+2.395547E+02,+3.584400E+04,+3.414307E-01,+6.813000E-05,+9.910000E+37,+2.396201E+02,+3.584400E+04,+3.404281E-01,+6.813000E-05,+9.910000E+37,+2.396875E+02,+3.584400E+04,-5.722475E+00,+0.000000E+00,+9.910000E+37,+2.397529E+02,+3.584400E+04
16:20:21,0e0,+3.438885E-01,+7.197000E-05,+9.910000E+37,+2.399736E+02,+3.584400E+04,+3.442072E-01,+7.197000E-05,+9.910000E+37,+2.400410E+02,+3.584400E+04,+3.444347E-01,+7.197000E-05,+9.910000E+37,+2.401064E+02,+3.584400E+04,-6.926672E+00,+0.000000E+00,+9.910000E+37,+2.401729E+02,+3.584400E+04
16:20:21,0e0,+3.468471E-01,+7.602500E-05,+9.910000E+37,+2.403994E+02,+3.584400E+04,+3.476214E-01,+7.602500E-05,+9.910000E+37,+2.404668E+02,+3.584400E+04,+3.467563E-01,+7.602500E-05,+9.910000E+37,+2.405322E+02,+3.584400E+04,-8.006251E+00,+0.000000E+00,+9.910000E+37,+2.406006E+02,+3.584400E+04
16:20:21,0e0,+3.501724E-01,+8.031000E-05,+9.910000E+37,+2.408232E+02,+3.584400E+04,+3.498073E-01,+8.031000E-05,+9.910000E+37,+2.408887E+02,+3.584400E+04,+3.498984E-01,+8.031000E-05,+9.910000E+37,+2.409551E+02,+3.584400E+04,-8.801288E+00,+0.000000E+00,+9.910000E+37,+2.410244E+02,+3.584400E+04
16:20:21,0e0,+3.541320E-01,+8.483500E-05,+9.910000E+37,+2.412490E+02,+3.584400E+04,+3.538592E-01,+8.483500E-05,+9.910000E+37,+2.413145E+02,+3.584400E+04,+3.523102E-01,+8.483500E-05,+9.910000E+37,+2.413809E+02,+3.584400E+04,-1.041833E+01,+0.000000E+00,+9.910000E+37,+2.414502E+02,+3.584400E+04
16:20:21,0e0,+3.584126E-01,+8.961500E-05,+9.910000E+37,+2.416729E+02,+3.584400E+04,+3.567287E-01,+8.961500E-05,+9.910000E+37,+2.417402E+02,+3.584400E+04,+3.578207E-01,+8.961500E-05,+9.910000E+37,+2.418057E+02,+3.584400E+04,-1.132750E+01,+0.000000E+00,+9.910000E+37,+2.418750E+02,+3.584400E+04
16:20:21,0e0,+3.595952E-01,+9.466500E-05,+9.910000E+37,+2.420986E+02,+3.584400E+04,+3.611892E-01,+9.466500E-05,+9.910000E+37,+2.421650E+02,+3.584400E+04,+3.596864E-01,+9.466500E-05,+9.910000E+37,+2.422314E+02,+3.584400E+04,-1.276342E+01,+0.000000E+00,+9.910000E+37,+2.423008E+02,+3.584400E+04
16:20:21,0e0,+3.639668E-01,+1.000000E-04,+9.910000E+37,+2.425283E+02,+3.584400E+04,+3.642400E-01,+1.000000E-04,+9.910000E+37,+2.425947E+02,+3.584400E+04,+3.630099E-01,+1.000000E-04,+9.910000E+37,+2.426621E+02,+3.584400E+04,-1.383434E+01,+0.000000E+00,+9.910000E+37,+2.427275E+02,+3.584400E+04
16:20:21,0e0,+3.574562E-01,+1.056500E-04,+9.910000E+37,+2.429541E+02,+3.584400E+04,+3.556361E-01,+1.056500E-04,+9.910000E+37,+2.430195E+02,+3.584400E+04,+3.553618E-01,+1.056500E-04,+9.910000E+37,+2.430869E+02,+3.584400E+04,-1.395467E+00,+0.000000E+00,+9.910000E+37,+2.431523E+02,+3.584400E+04
16:20:21,0e0,+3.586404E-01,+1.116000E-04,+9.910000E+37,+2.433867E+02,+3.584400E+04,+3.576829E-01,+1.116000E-04,+9.910000E+37,+2.434531E+02,+3.584400E+04,+3.594137E-01,+1.116000E-04,+9.910000E+37,+2.435205E+02,+3.584400E+04,-1.290927E+00,+0.000000E+00,+9.910000E+37,+2.435869E+02,+3.584400E+04
16:20:21,0e0,+3.613723E-01,+1.179000E-04,+9.910000E+37,+2.438154E+02,+3.584400E+04,+3.608250E-01,+1.179000E-04,+9.910000E+37,+2.438818E+02,+3.584400E+04,+3.607796E-01,+1.179000E-04,+9.910000E+37,+2.439492E+02,+3.584400E+04,-1.304129E+00,+0.000000E+00,+9.910000E+37,+2.440156E+02,+3.584400E+04
16:20:21,0e0,+3.647864E-01,+1.245000E-04,+9.910000E+37,+2.442432E+02,+3.584400E+04,+3.646488E-01,+1.245000E-04,+9.910000E+37,+2.443096E+02,+3.584400E+04,+3.649683E-01,+1.245000E-04,+9.910000E+37,+2.443770E+02,+3.584400E+04,-1.299894E+00,+0.000000E+00,+9.910000E+37,+2.444434E+02,+3.584400E+04
16:20:21,0e0,+3.677915E-01,+1.315500E-04,+9.910000E+37,+2.446660E+02,+3.584400E+04,+3.675173E-01,+1.315500E-04,+9.910000E+37,+2.447324E+02,+3.584400E+04,+3.675635E-01,+1.315500E-04,+9.910000E+37,+2.447998E+02,+3.584400E+04,-1.430937E+00,+0.000000E+00,+9.910000E+37,+2.448662E+02,+3.584400E+04
16:20:21,0e0,+3.723445E-01,+1.389500E-04,+9.910000E+37,+2.450928E+02,+3.584400E+04,+3.697945E-01,+1.389500E-04,+9.910000E+37,+2.451592E+02,+3.584400E+04,+3.704770E-01,+1.389500E-04,+9.910000E+37,+2.452266E+02,+3.584400E+04,-1.215658E+00,+0.000000E+00,+9.910000E+37,+2.452920E+02,+3.584400E+04
16:20:21,0e0,+3.740743E-01,+1.468000E-04,+9.910000E+37,+2.455215E+02,+3.584400E+04,+3.737100E-01,+1.468000E-04,+9.910000E+37,+2.455879E+02,+3.584400E+04,+3.734369E-01,+1.468000E-04,+9.910000E+37,+2.456553E+02,+3.584400E+04,-1.443641E+00,+0.000000E+00,+9.910000E+37,+2.457217E+02,+3.584400E+04
16:20:21,0e0,+3.758494E-01,+1.550500E-04,+9.910000E+37,+2.459502E+02,+3.584400E+04,+3.763497E-01,+1.550500E-04,+9.910000E+37,+2.460166E+02,+3.584400E+04,+3.772162E-01,+1.550500E-04,+9.910000E+37,+2.460830E+02,+3.584400E+04,-1.238834E+00,+0.000000E+00,+9.910000E+37,+2.461494E+02,+3.584400E+04
16:20:21,0e0,+3.801292E-01,+1.638000E-04,+9.910000E+37,+2.463750E+02,+3.584400E+04,+3.800390E-01,+1.638000E-04,+9.910000E+37,+2.464424E+02,+3.584400E+04,+3.789910E-01,+1.638000E-04,+9.910000E+37,+2.465088E+02,+3.584400E+04,-1.414773E+00,+0.000000E+00,+9.910000E+37,+2.465762E+02,+3.584400E+04
16:20:21,0e0,+3.837267E-01,+1.730000E-04,+9.910000E+37,+2.468008E+02,+3.584400E+04,+3.829528E-01,+1.730000E-04,+9.910000E+37,+2.468662E+02,+3.584400E+04,+3.838629E-01,+1.730000E-04,+9.910000E+37,+2.469336E+02,+3.584400E+04,-1.227724E+00,+0.000000E+00,+9.910000E+37,+2.469990E+02,+3.584400E+04
16:20:21,0e0,+3.869597E-01,+1.827500E-04,+9.910000E+37,+2.472285E+02,+3.584400E+04,+3.858661E-01,+1.827500E-04,+9.910000E+37,+2.472949E+02,+3.584400E+04,+3.865946E-01,+1.827500E-04,+9.910000E+37,+2.473623E+02,+3.584400E+04,-1.428069E+00,+0.000000E+00,+9.910000E+37,+2.474287E+02,+3.584400E+04
16:20:21,0e0,+3.894178E-01,+1.930500E-04,+9.910000E+37,+2.476504E+02,+3.584400E+04,+3.900559E-01,+1.930500E-04,+9.910000E+37,+2.477168E+02,+3.584400E+04,+3.908753E-01,+1.930500E-04,+9.910000E+37,+2.477842E+02,+3.584400E+04,-1.290833E+00,+0.000000E+00,+9.910000E+37,+2.478516E+02,+3.584400E+04
16:20:21,0e0,+3.933800E-01,+2.039500E-04,+9.910000E+37,+2.480869E+02,+3.584400E+04,+3.926961E-01,+2.039500E-04,+9.910000E+37,+2.481523E+02,+3.584400E+04,+3.918301E-01,+2.039500E-04,+9.910000E+37,+2.482188E+02,+3.584400E+04,-1.300896E+00,+0.000000E+00,+9.910000E+37,+2.482852E+02,+3.584400E+04
16:20:21,0e0,+3.968391E-01,+2.154500E-04,+9.910000E+37,+2.485156E+02,+3.584400E+04,+3.955643E-01,+2.154500E-04,+9.910000E+37,+2.485830E+02,+3.584400E+04,+3.972035E-01,+2.154500E-04,+9.910000E+37,+2.486484E+02,+3.584400E+04,-1.406167E+00,+0.000000E+00,+9.910000E+37,+2.487158E+02,+3.584400E+04
16:20:21,0e0,+4.004827E-01,+2.276000E-04,+9.910000E+37,+2.489424E+02,+3.584400E+04,+3.998891E-01,+2.276000E-04,+9.910000E+37,+2.490098E+02,+3.584400E+04,+3.999352E-01,+2.276000E-04,+9.910000E+37,+2.490752E+02,+3.584400E+04,-1.233645E+00,+0.000000E+00,+9.910000E+37,+2.491426E+02,+3.584400E+04
16:20:21,0e0,+4.036685E-01,+2.404000E-04,+9.910000E+37,+2.493672E+02,+3.584400E+04,+4.037145E-01,+2.404000E-04,+9.910000E+37,+2.494326E+02,+3.584400E+04,+4.022105E-01,+2.404000E-04,+9.910000E+37,+2.494990E+02,+3.584400E+04,-1.356264E+00,+0.000000E+00,+9.910000E+37,+2.495664E+02,+3.584400E+04
16:20:21,0e0,+4.063995E-01,+2.539500E-04,+9.910000E+37,+2.497979E+02,+3.584400E+04,+4.057165E-01,+2.539500E-04,+9.910000E+37,+2.498643E+02,+3.584400E+04,+4.062175E-01,+2.539500E-04,+9.910000E+37,+2.499316E+02,+3.584400E+04,-1.189114E+00,+0.000000E+00,+9.910000E+37,+2.499971E+02,+3.584400E+04
16:20:21,0e0,+4.115455E-01,+2.682500E-04,+9.910000E+37,+2.502197E+02,+3.584400E+04,+4.107708E-01,+2.682500E-04,+9.910000E+37,+2.502871E+02,+3.584400E+04,+4.110443E-01,+2.682500E-04,+9.910000E+37,+2.503525E+02,+3.584400E+04,-1.345836E+00,+0.000000E+00,+9.910000E+37,+2.504199E+02,+3.584400E+04
16:20:21,0e0,+4.150056E-01,+2.834000E-04,+9.910000E+37,+2.506514E+02,+3.584400E+04,+4.140491E-01,+2.834000E-04,+9.910000E+37,+2.507188E+02,+3.584400E+04,+4.156884E-01,+2.834000E-04,+9.910000E+37,+2.507842E+02,+3.584400E+04,-1.223538E+00,+0.000000E+00,+9.910000E+37,+2.508516E+02,+3.584400E+04
16:20:21,0e0,+4.184657E-01,+2.993500E-04,+9.910000E+37,+2.510908E+02,+3.584400E+04,+4.186476E-01,+2.993500E-04,+9.910000E+37,+2.511572E+02,+3.584400E+04,+4.172354E-01,+2.993500E-04,+9.910000E+37,+2.512236E+02,+3.584400E+04,-1.263104E+00,+0.000000E+00,+9.910000E+37,+2.512900E+02,+3.584400E+04
16:20:21,0e0,+4.222444E-01,+3.162500E-04,+9.910000E+37,+2.515186E+02,+3.584400E+04,+4.222440E-01,+3.162500E-04,+9.910000E+37,+2.515840E+02,+3.584400E+04,+4.217885E-01,+3.162500E-04,+9.910000E+37,+2.516514E+02,+3.584400E+04,-1.374293E+00,+0.000000E+00,+9.910000E+37,+2.517168E+02,+3.584400E+04
16:20:21,0e0,+4.258409E-01,+3.340500E-04,+9.910000E+37,+2.519434E+02,+3.584400E+04,+4.265259E-01,+3.340500E-04,+9.910000E+37,+2.520098E+02,+3.584400E+04,+4.261162E-01,+3.340500E-04,+9.910000E+37,+2.520771E+02,+3.584400E+04,-1.260006E+00,+0.000000E+00,+9.910000E+37,+2.521426E+02,+3.584400E+04
16:20:21,0e0,+4.305313E-01,+3.528500E-04,+9.910000E+37,+2.523672E+02,+3.584400E+04,+4.294834E-01,+3.528500E-04,+9.910000E+37,+2.524346E+02,+3.584400E+04,+4.302577E-01,+3.528500E-04,+9.910000E+37,+2.525000E+02,+3.584400E+04,-1.423878E+00,+0.000000E+00,+9.910000E+37,+2.525664E+02,+3.584400E+04
16:20:21,0e0,+4.348559E-01,+3.727500E-04,+9.910000E+37,+2.527891E+02,+3.584400E+04,+4.340826E-01,+3.727500E-04,+9.910000E+37,+2.528555E+02,+3.584400E+04,+4.337177E-01,+3.727500E-04,+9.910000E+37,+2.529229E+02,+3.584400E+04,-1.284231E+00,+0.000000E+00,+9.910000E+37,+2.529883E+02,+3.584400E+04
16:20:21,0e0,+4.395005E-01,+3.937500E-04,+9.910000E+37,+2.532109E+02,+3.584400E+04,+4.376337E-01,+3.937500E-04,+9.910000E+37,+2.532773E+02,+3.584400E+04,+4.377250E-01,+3.937500E-04,+9.910000E+37,+2.533447E+02,+3.584400E+04,-1.205096E+00,+0.000000E+00,+9.910000E+37,+2.534102E+02,+3.584400E+04
16:20:21,0e0,+4.428694E-01,+4.159500E-04,+9.910000E+37,+2.536396E+02,+3.584400E+04,+4.406829E-01,+4.159500E-04,+9.910000E+37,+2.537061E+02,+3.584400E+04,+4.434171E-01,+4.159500E-04,+9.910000E+37,+2.537734E+02,+3.584400E+04,-1.419189E+00,+0.000000E+00,+9.910000E+37,+2.538389E+02,+3.584400E+04
16:20:21,0e0,+4.470130E-01,+4.394000E-04,+9.910000E+37,+2.540586E+02,+3.584400E+04,+4.457831E-01,+4.394000E-04,+9.910000E+37,+2.541260E+02,+3.584400E+04,+4.456007E-01,+4.394000E-04,+9.910000E+37,+2.541924E+02,+3.584400E+04,-1.352302E+00,+0.000000E+00,+9.910000E+37,+2.542598E+02,+3.584400E+04
16:20:21,0e0,+4.506102E-01,+4.641500E-04,+9.910000E+37,+2.544844E+02,+3.584400E+04,+4.498807E-01,+4.641500E-04,+9.910000E+37,+2.545498E+02,+3.584400E+04,+4.502006E-01,+4.641500E-04,+9.910000E+37,+2.546162E+02,+3.584400E+04,-1.217753E+00,+0.000000E+00,+9.910000E+37,+2.546836E+02,+3.584400E+04
16:20:21,0e0,+4.532950E-01,+4.903000E-04,+9.910000E+37,+2.549082E+02,+3.584400E+04,+4.527031E-01,+4.903000E-04,+9.910000E+37,+2.549756E+02,+3.584400E+04,+4.538869E-01,+4.903000E-04,+9.910000E+37,+2.550420E+02,+3.584400E+04,-1.423240E+00,+0.000000E+00,+9.910000E+37,+2.551094E+02,+3.584400E+04
16:20:21,0e0,+4.594885E-01,+5.179500E-04,+9.910000E+37,+2.553379E+02,+3.584400E+04,+4.584402E-01,+5.179500E-04,+9.910000E+37,+2.554053E+02,+3.584400E+04,+4.579850E-01,+5.179500E-04,+9.910000E+37,+2.554707E+02,+3.584400E+04,-1.205870E+00,+0.000000E+00,+9.910000E+37,+2.555371E+02,+3.584400E+04
16:20:21,0e0,+4.647241E-01,+5.471500E-04,+9.910000E+37,+2.557607E+02,+3.584400E+04,+4.635863E-01,+5.471500E-04,+9.910000E+37,+2.558281E+02,+3.584400E+04,+4.639497E-01,+5.471500E-04,+9.910000E+37,+2.558936E+02,+3.584400E+04,-1.405938E+00,+0.000000E+00,+9.910000E+37,+2.559600E+02,+3.584400E+04
16:20:21,0e0,+4.672281E-01,+5.779500E-04,+9.910000E+37,+2.561836E+02,+3.584400E+04,+4.677737E-01,+5.779500E-04,+9.910000E+37,+2.562510E+02,+3.584400E+04,+4.677291E-01,+5.779500E-04,+9.910000E+37,+2.563184E+02,+3.584400E+04,-1.564618E+00,+0.000000E+00,+9.910000E+37,+2.563838E+02,+3.584400E+04
16:20:21,0e0,+4.719169E-01,+6.105500E-04,+9.910000E+37,+2.566113E+02,+3.584400E+04,+4.714622E-01,+6.105500E-04,+9.910000E+37,+2.566777E+02,+3.584400E+04,+4.716436E-01,+6.105500E-04,+9.910000E+37,+2.567441E+02,+3.584400E+04,-1.658052E+00,+0.000000E+00,+9.910000E+37,+2.568115E+02,+3.584400E+04
16:20:21,0e0,+4.759229E-01,+6.449500E-04,+9.910000E+37,+2.570322E+02,+3.584400E+04,+4.762891E-01,+6.449500E-04,+9.910000E+37,+2.570996E+02,+3.584400E+04,+4.768345E-01,+6.449500E-04,+9.910000E+37,+2.571660E+02,+3.584400E+04,-1.924876E+00,+0.000000E+00,+9.910000E+37,+2.572324E+02,+3.584400E+04
16:20:21,0e0,+4.804298E-01,+6.813000E-04,+9.910000E+37,+2.574629E+02,+3.584400E+04,+4.803405E-01,+6.813000E-04,+9.910000E+37,+2.575283E+02,+3.584400E+04,+4.812965E-01,+6.813000E-04,+9.910000E+37,+2.575957E+02,+3.584400E+04,-1.926556E+00,+0.000000E+00,+9.910000E+37,+2.576611E+02,+3.584400E+04
16:20:21,0e0,+4.868517E-01,+7.197000E-04,+9.910000E+37,+2.578867E+02,+3.584400E+04,+4.874431E-01,+7.197000E-04,+9.910000E+37,+2.579541E+02,+3.584400E+04,+4.860771E-01,+7.197000E-04,+9.910000E+37,+2.580205E+02,+3.584400E+04,-2.412345E+00,+0.000000E+00,+9.910000E+37,+2.580879E+02,+3.584400E+04
16:20:21,0e0,+4.907213E-01,+7.602500E-04,+9.910000E+37,+2.583115E+02,+3.584400E+04,+4.903117E-01,+7.602500E-04,+9.910000E+37,+2.583779E+02,+3.584400E+04,+4.903574E-01,+7.602500E-04,+9.910000E+37,+2.584453E+02,+3.584400E+04,-2.343731E+00,+0.000000E+00,+9.910000E+37,+2.585107E+02,+3.584400E+04
16:20:21,0e0,+4.955020E-01,+8.031000E-04,+9.910000E+37,+2.587422E+02,+3.584400E+04,+4.940436E-01,+8.031000E-04,+9.910000E+37,+2.588086E+02,+3.584400E+04,+4.964581E-01,+8.031000E-04,+9.910000E+37,+2.588750E+02,+3.584400E+04,-2.690645E+00,+0.000000E+00,+9.910000E+37,+2.589414E+02,+3.584400E+04
16:20:21,0e0,+5.009200E-01,+8.483500E-04,+9.910000E+37,+2.591631E+02,+3.584400E+04,+5.003736E-01,+8.483500E-04,+9.910000E+37,+2.592295E+02,+3.584400E+04,+4.999177E-01,+8.483500E-04,+9.910000E+37,+2.592969E+02,+3.584400E+04,-2.743550E+00,+0.000000E+00,+9.910000E+37,+2.593623E+02,+3.584400E+04
16:20:21,0e0,+5.068390E-01,+8.961500E-04,+9.910000E+37,+2.595869E+02,+3.584400E+04,+5.057915E-01,+8.961500E-04,+9.910000E+37,+2.596533E+02,+3.584400E+04,+5.052902E-01,+8.961500E-04,+9.910000E+37,+2.597197E+02,+3.584400E+04,-2.749513E+00,+0.000000E+00,+9.910000E+37,+2.597852E+02,+3.584400E+04
16:20:21,0e0,+5.104354E-01,+9.466500E-04,+9.910000E+37,+2.600117E+02,+3.584400E+04,+5.109365E-01,+9.466500E-04,+9.910000E+37,+2.600781E+02,+3.584400E+04,+5.096617E-01,+9.466500E-04,+9.910000E+37,+2.601445E+02,+3.584400E+04,-3.274781E+00,+0.000000E+00,+9.910000E+37,+2.602109E+02,+3.584400E+04
16:20:21,0e0,+5.151702E-01,+1.000000E-03,+9.910000E+37,+2.604346E+02,+3.584400E+04,+5.153522E-01,+1.000000E-03,+9.910000E+37,+2.605010E+02,+3.584400E+04,+5.167199E-01,+1.000000E-03,+9.910000E+37,+2.605684E+02,+3.584400E+04,-3.470381E+00,+0.000000E+00,+9.910000E+37,+2.606348E+02,+3.584400E+04
16:20:21,0e0,+5.084772E-01,+1.056500E-03,+9.910000E+37,+2.608594E+02,+3.584400E+04,+5.085233E-01,+1.056500E-03,+9.910000E+37,+2.609258E+02,+3.584400E+04,+5.085703E-01,+1.056500E-03,+9.910000E+37,+2.609932E+02,+3.584400E+04,-1.850792E+00,+0.000000E+00,+9.910000E+37,+2.610586E+02,+3.584400E+04
16:20:21,0e0,+5.135778E-01,+1.116000E-03,+9.910000E+37,+2.612852E+02,+3.584400E+04,+5.142609E-01,+1.116000E-03,+9.910000E+37,+2.613506E+02,+3.584400E+04,+5.131205E-01,+1.116000E-03,+9.910000E+37,+2.614180E+02,+3.584400E+04,-1.920958E+00,+0.000000E+00,+9.910000E+37,+2.614834E+02,+3.584400E+04
16:20:21,0e0,+5.203153E-01,+1.179000E-03,+9.910000E+37,+2.617090E+02,+3.584400E+04,+5.195874E-01,+1.179000E-03,+9.910000E+37,+2.617744E+02,+3.584400E+04,+5.177191E-01,+1.179000E-03,+9.910000E+37,+2.618408E+02,+3.584400E+04,-1.895369E+00,+0.000000E+00,+9.910000E+37,+2.619082E+02,+3.584400E+04
16:20:21,0e0,+5.239582E-01,+1.245000E-03,+9.910000E+37,+2.621338E+02,+3.584400E+04,+5.239588E-01,+1.245000E-03,+9.910000E+37,+2.622012E+02,+3.584400E+04,+5.235935E-01,+1.245000E-03,+9.910000E+37,+2.622676E+02,+3.584400E+04,-1.864361E+00,+0.000000E+00,+9.910000E+37,+2.623340E+02,+3.584400E+04
16:20:21,0e0,+5.297855E-01,+1.315500E-03,+9.910000E+37,+2.625625E+02,+3.584400E+04,+5.294218E-01,+1.315500E-03,+9.910000E+37,+2.626299E+02,+3.584400E+04,+5.276452E-01,+1.315500E-03,+9.910000E+37,+2.626963E+02,+3.584400E+04,-1.871374E+00,+0.000000E+00,+9.910000E+37,+2.627627E+02,+3.584400E+04
16:20:21,0e0,+5.362511E-01,+1.389500E-03,+9.910000E+37,+2.629893E+02,+3.584400E+04,+5.352491E-01,+1.389500E-03,+9.910000E+37,+2.630557E+02,+3.584400E+04,+5.353411E-01,+1.389500E-03,+9.910000E+37,+2.631230E+02,+3.584400E+04,-1.915311E+00,+0.000000E+00,+9.910000E+37,+2.631895E+02,+3.584400E+04
16:20:21,0e0,+5.411214E-01,+1.468000E-03,+9.910000E+37,+2.634150E+02,+3.584400E+04,+5.400758E-01,+1.468000E-03,+9.910000E+37,+2.634805E+02,+3.584400E+04,+5.396199E-01,+1.468000E-03,+9.910000E+37,+2.635469E+02,+3.584400E+04,-1.873737E+00,+0.000000E+00,+9.910000E+37,+2.636143E+02,+3.584400E+04
16:20:21,0e0,+5.459951E-01,+1.550500E-03,+9.910000E+37,+2.638311E+02,+3.584400E+04,+5.452199E-01,+1.550500E-03,+9.910000E+37,+2.638975E+02,+3.584400E+04,+5.451738E-01,+1.550500E-03,+9.910000E+37,+2.639639E+02,+3.584400E+04,-1.881344E+00,+0.000000E+00,+9.910000E+37,+2.640303E+02,+3.584400E+04
16:20:21,0e0,+5.510023E-01,+1.638000E-03,+9.910000E+37,+2.642529E+02,+3.584400E+04,+5.512300E-01,+1.638000E-03,+9.910000E+37,+2.643193E+02,+3.584400E+04,+5.518678E-01,+1.638000E-03,+9.910000E+37,+2.643867E+02,+3.584400E+04,-1.898235E+00,+0.000000E+00,+9.910000E+37,+2.644531E+02,+3.584400E+04
16:20:21,0e0,+5.566019E-01,+1.730000E-03,+9.910000E+37,+2.646797E+02,+3.584400E+04,+5.570135E-01,+1.730000E-03,+9.910000E+37,+2.647451E+02,+3.584400E+04,+5.571952E-01,+1.730000E-03,+9.910000E+37,+2.648125E+02,+3.584400E+04,-1.883574E+00,+0.000000E+00,+9.910000E+37,+2.648779E+02,+3.584400E+04
16:20:21,0e0,+5.632046E-01,+1.827500E-03,+9.910000E+37,+2.650996E+02,+3.584400E+04,+5.622473E-01,+1.827500E-03,+9.910000E+37,+2.651660E+02,+3.584400E+04,+5.623397E-01,+1.827500E-03,+9.910000E+37,+2.652324E+02,+3.584400E+04,-1.922779E+00,+0.000000E+00,+9.910000E+37,+2.652998E+02,+3.584400E+04
16:20:21,0e0,+5.679392E-01,+1.930500E-03,+9.910000E+37,+2.655234E+02,+3.584400E+04,+5.673933E-01,+1.930500E-03,+9.910000E+37,+2.655898E+02,+3.584400E+04,+5.678017E-01,+1.930500E-03,+9.910000E+37,+2.656572E+02,+3.584400E+04,-1.842872E+00,+0.000000E+00,+9.910000E+37,+2.657227E+02,+3.584400E+04
16:20:21,0e0,+5.734017E-01,+2.039500E-03,+9.910000E+37,+2.659443E+02,+3.584400E+04,+5.754534E-01,+2.039500E-03,+9.910000E+37,+2.660098E+02,+3.584400E+04,+5.732198E-01,+2.039500E-03,+9.910000E+37,+2.660762E+02,+3.584400E+04,-1.901468E+00,+0.000000E+00,+9.910000E+37,+2.661426E+02,+3.584400E+04
16:20:21,0e0,+5.810514E-01,+2.154500E-03,+9.910000E+37,+2.663682E+02,+3.584400E+04,+5.804154E-01,+2.154500E-03,+9.910000E+37,+2.664355E+02,+3.584400E+04,+5.798208E-01,+2.154500E-03,+9.910000E+37,+2.665010E+02,+3.584400E+04,-1.929426E+00,+0.000000E+00,+9.910000E+37,+2.665674E+02,+3.584400E+04
16:20:21,0e0,+5.856944E-01,+2.276000E-03,+9.910000E+37,+2.667920E+02,+3.584400E+04,+5.858770E-01,+2.276000E-03,+9.910000E+37,+2.668584E+02,+3.584400E+04,+5.865167E-01,+2.276000E-03,+9.910000E+37,+2.669258E+02,+3.584400E+04,-1.901786E+00,+0.000000E+00,+9.910000E+37,+2.669912E+02,+3.584400E+04
16:20:21,0e0,+5.929810E-01,+2.404000E-03,+9.910000E+37,+2.672139E+02,+3.584400E+04,+5.931183E-01,+2.404000E-03,+9.910000E+37,+2.672803E+02,+3.584400E+04,+5.913861E-01,+2.404000E-03,+9.910000E+37,+2.673467E+02,+3.584400E+04,-1.946908E+00,+0.000000E+00,+9.910000E+37,+2.674131E+02,+3.584400E+04
16:20:21,0e0,+5.993560E-01,+2.539500E-03,+9.910000E+37,+2.676357E+02,+3.584400E+04,+5.991273E-01,+2.539500E-03,+9.910000E+37,+2.677021E+02,+3.584400E+04,+5.992172E-01,+2.539500E-03,+9.910000E+37,+2.677695E+02,+3.584400E+04,-1.881797E+00,+0.000000E+00,+9.910000E+37,+2.678350E+02,+3.584400E+04
16:20:21,0e0,+6.063660E-01,+2.682500E-03,+9.910000E+37,+2.680576E+02,+3.584400E+04,+6.054108E-01,+2.682500E-03,+9.910000E+37,+2.681250E+02,+3.584400E+04,+6.054572E-01,+2.682500E-03,+9.910000E+37,+2.681904E+02,+3.584400E+04,-1.833168E+00,+0.000000E+00,+9.910000E+37,+2.682578E+02,+3.584400E+04
16:20:21,0e0,+6.126489E-01,+2.834000E-03,+9.910000E+37,+2.684805E+02,+3.584400E+04,+6.117398E-01,+2.834000E-03,+9.910000E+37,+2.685479E+02,+3.584400E+04,+6.122410E-01,+2.834000E-03,+9.910000E+37,+2.686143E+02,+3.584400E+04,-1.895458E+00,+0.000000E+00,+9.910000E+37,+2.686807E+02,+3.584400E+04
16:20:21,0e0,+6.181127E-01,+2.993500E-03,+9.910000E+37,+2.689053E+02,+3.584400E+04,+6.183860E-01,+2.993500E-03,+9.910000E+37,+2.689717E+02,+3.584400E+04,+6.185233E-01,+2.993500E-03,+9.910000E+37,+2.690381E+02,+3.584400E+04,-1.900241E+00,+0.000000E+00,+9.910000E+37,+2.691035E+02,+3.584400E+04
16:20:21,0e0,+6.246229E-01,+3.162500E-03,+9.910000E+37,+2.693252E+02,+3.584400E+04,+6.256710E-01,+3.162500E-03,+9.910000E+37,+2.693916E+02,+3.584400E+04,+6.247604E-01,+3.162500E-03,+9.910000E+37,+2.694580E+02,+3.584400E+04,-1.910074E+00,+0.000000E+00,+9.910000E+37,+2.695254E+02,+3.584400E+04
16:20:21,0e0,+6.316348E-01,+3.340500E-03,+9.910000E+37,+2.697461E+02,+3.584400E+04,+6.324555E-01,+3.340500E-03,+9.910000E+37,+2.698125E+02,+3.584400E+04,+6.321816E-01,+3.340500E-03,+9.910000E+37,+2.698789E+02,+3.584400E+04,-1.906753E+00,+0.000000E+00,+9.910000E+37,+2.699463E+02,+3.584400E+04
16:20:21,0e0,+6.386929E-01,+3.528500E-03,+9.910000E+37,+2.701670E+02,+3.584400E+04,+6.379185E-01,+3.528500E-03,+9.910000E+37,+2.702344E+02,+3.584400E+04,+6.376903E-01,+3.528500E-03,+9.910000E+37,+2.703008E+02,+3.584400E+04,-1.882573E+00,+0.000000E+00,+9.910000E+37,+2.703682E+02,+3.584400E+04
16:20:21,0e0,+6.462972E-01,+3.727500E-03,+9.910000E+37,+2.705918E+02,+3.584400E+04,+6.457959E-01,+3.727500E-03,+9.910000E+37,+2.706592E+02,+3.584400E+04,+6.444734E-01,+3.727500E-03,+9.910000E+37,+2.707266E+02,+3.584400E+04,-1.863450E+00,+0.000000E+00,+9.910000E+37,+2.707920E+02,+3.584400E+04
16:20:21,0e0,+6.523497E-01,+3.937500E-03,+9.910000E+37,+2.710176E+02,+3.584400E+04,+6.543558E-01,+3.937500E-03,+9.910000E+37,+2.710840E+02,+3.584400E+04,+6.529427E-01,+3.937500E-03,+9.910000E+37,+2.711514E+02,+3.584400E+04,-1.828983E+00,+0.000000E+00,+9.910000E+37,+2.712168E+02,+3.584400E+04
16:20:21,0e0,+6.605457E-01,+4.159500E-03,+9.910000E+37,+2.714404E+02,+3.584400E+04,+6.612755E-01,+4.159500E-03,+9.910000E+37,+2.715059E+02,+3.584400E+04,+6.605464E-01,+4.159500E-03,+9.910000E+37,+2.715723E+02,+3.584400E+04,-1.876291E+00,+0.000000E+00,+9.910000E+37,+2.716377E+02,+3.584400E+04
16:20:21,0e0,+6.681033E-01,+4.394000E-03,+9.910000E+37,+2.718564E+02,+3.584400E+04,+6.676499E-01,+4.394000E-03,+9.910000E+37,+2.719229E+02,+3.584400E+04,+6.696072E-01,+4.394000E-03,+9.910000E+37,+2.719893E+02,+3.584400E+04,-1.836905E+00,+0.000000E+00,+9.910000E+37,+2.720557E+02,+3.584400E+04
16:20:21,0e0,+6.748428E-01,+4.641500E-03,+9.910000E+37,+2.722812E+02,+3.584400E+04,+6.752076E-01,+4.641500E-03,+9.910000E+37,+2.723477E+02,+3.584400E+04,+6.747514E-01,+4.641500E-03,+9.910000E+37,+2.724150E+02,+3.584400E+04,-1.862947E+00,+0.000000E+00,+9.910000E+37,+2.724805E+02,+3.584400E+04
16:20:21,0e0,+6.825842E-01,+4.903000E-03,+9.910000E+37,+2.727061E+02,+3.584400E+04,+6.831301E-01,+4.903000E-03,+9.910000E+37,+2.727725E+02,+3.584400E+04,+6.816273E-01,+4.903000E-03,+9.910000E+37,+2.728398E+02,+3.584400E+04,-1.866001E+00,+0.000000E+00,+9.910000E+37,+2.729053E+02,+3.584400E+04
16:20:21,0e0,+6.893212E-01,+5.179500E-03,+9.910000E+37,+2.731299E+02,+3.584400E+04,+6.900054E-01,+5.179500E-03,+9.910000E+37,+2.731953E+02,+3.584400E+04,+6.890014E-01,+5.179500E-03,+9.910000E+37,+2.732617E+02,+3.584400E+04,-1.844283E+00,+0.000000E+00,+9.910000E+37,+2.733291E+02,+3.584400E+04
16:20:21,0e0,+6.967419E-01,+5.471500E-03,+9.910000E+37,+2.735527E+02,+3.584400E+04,+6.968805E-01,+5.471500E-03,+9.910000E+37,+2.736201E+02,+3.584400E+04,+6.967435E-01,+5.471500E-03,+9.910000E+37,+2.736855E+02,+3.584400E+04,-1.901378E+00,+0.000000E+00,+9.910000E+37,+2.737529E+02,+3.584400E+04
16:20:21,0e0,+7.053025E-01,+5.779500E-03,+9.910000E+37,+2.739785E+02,+3.584400E+04,+7.044367E-01,+5.779500E-03,+9.910000E+37,+2.740449E+02,+3.584400E+04,+7.048020E-01,+5.779500E-03,+9.910000E+37,+2.741123E+02,+3.584400E+04,-1.838362E+00,+0.000000E+00,+9.910000E+37,+2.741777E+02,+3.584400E+04
16:20:21,0e0,+7.114479E-01,+6.105500E-03,+9.910000E+37,+2.744053E+02,+3.584400E+04,+7.112212E-01,+6.105500E-03,+9.910000E+37,+2.744727E+02,+3.584400E+04,+7.099903E-01,+6.105500E-03,+9.910000E+37,+2.745391E+02,+3.584400E+04,-1.840685E+00,+0.000000E+00,+9.910000E+37,+2.746064E+02,+3.584400E+04
16:20:21,0e0,+7.178217E-01,+6.449500E-03,+9.910000E+37,+2.748301E+02,+3.584400E+04,+7.186878E-01,+6.449500E-03,+9.910000E+37,+2.748975E+02,+3.584400E+04,+7.198264E-01,+6.449500E-03,+9.910000E+37,+2.749629E+02,+3.584400E+04,-1.850156E+00,+0.000000E+00,+9.910000E+37,+2.750293E+02,+3.584400E+04
16:20:21,0e0,+7.264746E-01,+6.813000E-03,+9.910000E+37,+2.752568E+02,+3.584400E+04,+7.256550E-01,+6.813000E-03,+9.910000E+37,+2.753232E+02,+3.584400E+04,+7.263376E-01,+6.813000E-03,+9.910000E+37,+2.753896E+02,+3.584400E+04,-1.847560E+00,+0.000000E+00,+9.910000E+37,+2.754570E+02,+3.584400E+04
16:20:21,0e0,+7.348514E-01,+7.197000E-03,+9.910000E+37,+2.756807E+02,+3.584400E+04,+7.345788E-01,+7.197000E-03,+9.910000E+37,+2.757480E+02,+3.584400E+04,+7.339859E-01,+7.197000E-03,+9.910000E+37,+2.758145E+02,+3.584400E+04,-1.898417E+00,+0.000000E+00,+9.910000E+37,+2.758809E+02,+3.584400E+04
16:20:21,0e0,+7.401769E-01,+7.602500E-03,+9.910000E+37,+2.761035E+02,+3.584400E+04,+7.400857E-01,+7.602500E-03,+9.910000E+37,+2.761689E+02,+3.584400E+04,+7.398133E-01,+7.602500E-03,+9.910000E+37,+2.762354E+02,+3.584400E+04,-1.827207E+00,+0.000000E+00,+9.910000E+37,+2.763008E+02,+3.584400E+04
16:20:21,0e0,+7.495118E-01,+8.031000E-03,+9.910000E+37,+2.765332E+02,+3.584400E+04,+7.476884E-01,+8.031000E-03,+9.910000E+37,+2.766006E+02,+3.584400E+04,+7.482367E-01,+8.031000E-03,+9.910000E+37,+2.766670E+02,+3.584400E+04,-1.911214E+00,+0.000000E+00,+9.910000E+37,+2.767344E+02,+3.584400E+04
16:20:21,0e0,+7.557482E-01,+8.483500E-03,+9.910000E+37,+2.769590E+02,+3.584400E+04,+7.555678E-01,+8.483500E-03,+9.910000E+37,+2.770264E+02,+3.584400E+04,+7.566144E-01,+8.483500E-03,+9.910000E+37,+2.770918E+02,+3.584400E+04,-1.827205E+00,+0.000000E+00,+9.910000E+37,+2.771592E+02,+3.584400E+04
16:20:21,0e0,+7.638062E-01,+8.961500E-03,+9.910000E+37,+2.773857E+02,+3.584400E+04,+7.634436E-01,+8.961500E-03,+9.910000E+37,+2.774521E+02,+3.584400E+04,+7.637626E-01,+8.961500E-03,+9.910000E+37,+2.775186E+02,+3.584400E+04,-1.859077E+00,+0.000000E+00,+9.910000E+37,+2.775850E+02,+3.584400E+04
16:20:21,0e0,+7.716388E-01,+9.466500E-03,+9.910000E+37,+2.778115E+02,+3.584400E+04,+7.710004E-01,+9.466500E-03,+9.910000E+37,+2.778779E+02,+3.584400E+04,+7.697704E-01,+9.466500E-03,+9.910000E+37,+2.779453E+02,+3.584400E+04,-1.848107E+00,+0.000000E+00,+9.910000E+37,+2.780107E+02,+3.584400E+04
