17:05:02,0e0,-2.795021E-02,+1.000000E-07,+9.910000E+37,+8.934473E+01,+3.584400E+04,-2.653860E-02,+1.000000E-07,+9.910000E+37,+8.941113E+01,+3.584400E+04,-2.621984E-02,+1.000000E-07,+9.910000E+37,+8.947754E+01,+3.584400E+04,-4.461424E-02,+0.000000E+00,+9.910000E+37,+8.954395E+01,+3.584400E+04
17:05:02,0e0,-2.649310E-02,+1.056500E-07,+9.910000E+37,+8.976660E+01,+3.584400E+04,-2.672094E-02,+1.056500E-07,+9.910000E+37,+8.983398E+01,+3.584400E+04,-2.631074E-02,+1.056500E-07,+9.910000E+37,+8.989941E+01,+3.584400E+04,-4.465985E-02,+0.000000E+00,+9.910000E+37,+8.996680E+01,+3.584400E+04
17:05:02,0e0,-2.571918E-02,+1.116000E-07,+9.910000E+37,+9.018848E+01,+3.584400E+04,-2.585593E-02,+1.116000E-07,+9.910000E+37,+9.025488E+01,+3.584400E+04,-2.494502E-02,+1.116000E-07,+9.910000E+37,+9.032031E+01,+3.584400E+04,-4.388568E-02,+0.000000E+00,+9.910000E+37,+9.038770E+01,+3.584400E+04
17:05:02,0e0,-2.330585E-02,+1.179000E-07,+9.910000E+37,+9.060645E+01,+3.584400E+04,-2.312377E-02,+1.179000E-07,+9.910000E+37,+9.067285E+01,+3.584400E+04,-2.294146E-02,+1.179000E-07,+9.910000E+37,+9.073926E+01,+3.584400E+04,-4.361263E-02,+0.000000E+00,+9.910000E+37,+9.080566E+01,+3.584400E+04
17:05:02,0e0,-2.307814E-02,+1.245000E-07,+9.910000E+37,+9.102637E+01,+3.584400E+04,-2.207670E-02,+1.245000E-07,+9.910000E+37,+9.109375E+01,+3.584400E+04,-2.234964E-02,+1.245000E-07,+9.910000E+37,+9.115918E+01,+3.584400E+04,-4.393126E-02,+0.000000E+00,+9.910000E+37,+9.122559E+01,+3.584400E+04
17:05:02,0e0,-2.052830E-02,+1.315500E-07,+9.910000E+37,+9.145020E+01,+3.584400E+04,-2.166709E-02,+1.315500E-07,+9.910000E+37,+9.151660E+01,+3.584400E+04,-2.143911E-02,+1.315500E-07,+9.910000E+37,+9.158398E+01,+3.584400E+04,-4.374897E-02,+0.000000E+00,+9.910000E+37,+9.164941E+01,+3.584400E+04
17:05:02,0e0,-1.970889E-02,+1.389500E-07,+9.910000E+37,+9.187598E+01,+3.584400E+04,-1.934478E-02,+1.389500E-07,+9.910000E+37,+9.194336E+01,+3.584400E+04,-2.057405E-02,+1.389500E-07,+9.910000E+37,+9.200879E+01,+3.584400E+04,-4.411350E-02,+0.000000E+00,+9.910000E+37,+9.207617E+01,+3.584400E+04
17:05:02,0e0,-2.016468E-02,+1.468000E-07,+9.910000E+37,+9.229980E+01,+3.584400E+04,-1.925351E-02,+1.468000E-07,+9.910000E+37,+9.236523E+01,+3.584400E+04,-1.866180E-02,+1.468000E-07,+9.910000E+37,+9.243164E+01,+3.584400E+04,-4.343005E-02,+0.000000E+00,+9.910000E+37,+9.249902E+01,+3.584400E+04
17:05:02,0e0,-1.697709E-02,+1.550500E-07,+9.910000E+37,+9.272363E+01,+3.584400E+04,-1.670402E-02,+1.550500E-07,+9.910000E+37,+9.279004E+01,+3.584400E+04,-1.888956E-02,+1.550500E-07,+9.910000E+37,+9.285742E+01,+3.584400E+04,-4.374923E-02,+0.000000E+00,+9.910000E+37,+9.292480E+01,+3.584400E+04
17:05:02,0e0,-1.661280E-02,+1.638000E-07,+9.910000E+37,+9.315039E+01,+3.584400E+04,-1.656756E-02,+1.638000E-07,+9.910000E+37,+9.321582E+01,+3.584400E+04,-1.611215E-02,+1.638000E-07,+9.910000E+37,+9.328223E+01,+3.584400E+04,-4.347596E-02,+0.000000E+00,+9.910000E+37,+9.334961E+01,+3.584400E+04
17:05:02,0e0,-1.470077E-02,+1.730000E-07,+9.910000E+37,+9.357422E+01,+3.584400E+04,-1.483734E-02,+1.730000E-07,+9.910000E+37,+9.364160E+01,+3.584400E+04,-1.397225E-02,+1.730000E-07,+9.910000E+37,+9.370703E+01,+3.584400E+04,-4.315704E-02,+0.000000E+00,+9.910000E+37,+9.377344E+01,+3.584400E+04
17:05:02,0e0,-1.260614E-02,+1.827500E-07,+9.910000E+37,+9.399902E+01,+3.584400E+04,-1.228729E-02,+1.827500E-07,+9.910000E+37,+9.406641E+01,+3.584400E+04,-1.301587E-02,+1.827500E-07,+9.910000E+37,+9.413379E+01,+3.584400E+04,-4.384018E-02,+0.000000E+00,+9.910000E+37,+9.419922E+01,+3.584400E+04
17:05:02,0e0,-1.055750E-02,+1.930500E-07,+9.910000E+37,+9.442578E+01,+3.584400E+04,-1.155935E-02,+1.930500E-07,+9.910000E+37,+9.449316E+01,+3.584400E+04,-1.228793E-02,+1.930500E-07,+9.910000E+37,+9.455859E+01,+3.584400E+04,-4.297523E-02,+0.000000E+00,+9.910000E+37,+9.462500E+01,+3.584400E+04
17:05:02,0e0,-9.920433E-03,+2.039500E-07,+9.910000E+37,+9.484863E+01,+3.584400E+04,-9.100422E-03,+2.039500E-07,+9.910000E+37,+9.491504E+01,+3.584400E+04,-9.191662E-03,+2.039500E-07,+9.910000E+37,+9.498242E+01,+3.584400E+04,-4.242888E-02,+0.000000E+00,+9.910000E+37,+9.504883E+01,+3.584400E+04
17:05:02,0e0,-7.506624E-03,+2.154500E-07,+9.910000E+37,+9.527441E+01,+3.584400E+04,-5.412444E-03,+2.154500E-07,+9.910000E+37,+9.533984E+01,+3.584400E+04,-7.780448E-03,+2.154500E-07,+9.910000E+37,+9.540625E+01,+3.584400E+04,-4.374947E-02,+0.000000E+00,+9.910000E+37,+9.547363E+01,+3.584400E+04
17:05:02,0e0,-4.365414E-03,+2.276000E-07,+9.910000E+37,+9.569922E+01,+3.584400E+04,-4.638150E-03,+2.276000E-07,+9.910000E+37,+9.576562E+01,+3.584400E+04,-5.731538E-03,+2.276000E-07,+9.910000E+37,+9.583203E+01,+3.584400E+04,-4.251981E-02,+0.000000E+00,+9.910000E+37,+9.589941E+01,+3.584400E+04
17:05:02,0e0,-2.589449E-03,+2.404000E-07,+9.910000E+37,+9.612402E+01,+3.584400E+04,-2.634853E-03,+2.404000E-07,+9.910000E+37,+9.619043E+01,+3.584400E+04,-1.223505E-03,+2.404000E-07,+9.910000E+37,+9.625781E+01,+3.584400E+04,-4.220124E-02,+0.000000E+00,+9.910000E+37,+9.632324E+01,+3.584400E+04
17:05:02,0e0,+2.788901E-04,+2.539500E-07,+9.910000E+37,+9.654980E+01,+3.584400E+04,-3.135353E-04,+2.539500E-07,+9.910000E+37,+9.661523E+01,+3.584400E+04,+5.519241E-04,+2.539500E-07,+9.910000E+37,+9.668164E+01,+3.584400E+04,-4.356746E-02,+0.000000E+00,+9.910000E+37,+9.674902E+01,+3.584400E+04
17:05:02,0e0,+3.784895E-03,+2.682500E-07,+9.910000E+37,+9.697363E+01,+3.584400E+04,+9.611100E-04,+2.682500E-07,+9.910000E+37,+9.704102E+01,+3.584400E+04,+2.327666E-03,+2.682500E-07,+9.910000E+37,+9.710742E+01,+3.584400E+04,-4.174572E-02,+0.000000E+00,+9.910000E+37,+9.717285E+01,+3.584400E+04
17:05:02,0e0,+5.196214E-03,+2.834000E-07,+9.910000E+37,+9.739453E+01,+3.584400E+04,+6.243140E-03,+2.834000E-07,+9.910000E+37,+9.745996E+01,+3.584400E+04,+5.150616E-03,+2.834000E-07,+9.910000E+37,+9.752637E+01,+3.584400E+04,-4.188220E-02,+0.000000E+00,+9.910000E+37,+9.759277E+01,+3.584400E+04
17:05:02,0e0,+7.518351E-03,+2.993500E-07,+9.910000E+37,+9.781934E+01,+3.584400E+04,+7.336274E-03,+2.993500E-07,+9.910000E+37,+9.788477E+01,+3.584400E+04,+7.563546E-03,+2.993500E-07,+9.910000E+37,+9.795117E+01,+3.584400E+04,-4.188251E-02,+0.000000E+00,+9.910000E+37,+9.801758E+01,+3.584400E+04
17:05:02,0e0,+1.038642E-02,+3.162500E-07,+9.910000E+37,+9.824414E+01,+3.584400E+04,+9.657726E-03,+3.162500E-07,+9.910000E+37,+9.830957E+01,+3.584400E+04,+1.011348E-02,+3.162500E-07,+9.910000E+37,+9.837598E+01,+3.584400E+04,-4.306658E-02,+0.000000E+00,+9.910000E+37,+9.844336E+01,+3.584400E+04
17:05:02,0e0,+1.339145E-02,+3.340500E-07,+9.910000E+37,+9.866797E+01,+3.584400E+04,+1.366468E-02,+3.340500E-07,+9.910000E+37,+9.873535E+01,+3.584400E+04,+1.311830E-02,+3.340500E-07,+9.910000E+37,+9.880078E+01,+3.584400E+04,-4.138170E-02,+0.000000E+00,+9.910000E+37,+9.886816E+01,+3.584400E+04
17:05:02,0e0,+1.657853E-02,+3.528500E-07,+9.910000E+37,+9.909766E+01,+3.584400E+04,+1.676124E-02,+3.528500E-07,+9.910000E+37,+9.916406E+01,+3.584400E+04,+1.662451E-02,+3.528500E-07,+9.910000E+37,+9.923047E+01,+3.584400E+04,-4.106298E-02,+0.000000E+00,+9.910000E+37,+9.929785E+01,+3.584400E+04
17:05:02,0e0,+2.035774E-02,+3.727500E-07,+9.910000E+37,+9.952246E+01,+3.584400E+04,+1.976594E-02,+3.727500E-07,+9.910000E+37,+9.958887E+01,+3.584400E+04,+2.013019E-02,+3.727500E-07,+9.910000E+37,+9.965625E+01,+3.584400E+04,-4.210995E-02,+0.000000E+00,+9.910000E+37,+9.972168E+01,+3.584400E+04
17:05:02,0e0,+2.135871E-02,+3.937500E-07,+9.910000E+37,+9.994434E+01,+3.584400E+04,+2.322607E-02,+3.937500E-07,+9.910000E+37,+1.000117E+02,+3.584400E+04,+2.240627E-02,+3.937500E-07,+9.910000E+37,+1.000781E+02,+3.584400E+04,-4.083525E-02,+0.000000E+00,+9.910000E+37,+1.001436E+02,+3.584400E+04
17:05:02,0e0,+2.614020E-02,+4.159500E-07,+9.910000E+37,+1.003691E+02,+3.584400E+04,+2.568431E-02,+4.159500E-07,+9.910000E+37,+1.004365E+02,+3.584400E+04,+2.668642E-02,+4.159500E-07,+9.910000E+37,+1.005029E+02,+3.584400E+04,-4.028900E-02,+0.000000E+00,+9.910000E+37,+1.005693E+02,+3.584400E+04
17:05:02,0e0,+2.991912E-02,+4.394000E-07,+9.910000E+37,+1.007920E+02,+3.584400E+04,+2.941790E-02,+4.394000E-07,+9.910000E+37,+1.008584E+02,+3.584400E+04,+2.878028E-02,+4.394000E-07,+9.910000E+37,+1.009258E+02,+3.584400E+04,-4.142705E-02,+0.000000E+00,+9.910000E+37,+1.009912E+02,+3.584400E+04
17:05:02,0e0,+3.365281E-02,+4.641500E-07,+9.910000E+37,+1.012158E+02,+3.584400E+04,+3.451759E-02,+4.641500E-07,+9.910000E+37,+1.012812E+02,+3.584400E+04,+3.406233E-02,+4.641500E-07,+9.910000E+37,+1.013477E+02,+3.584400E+04,-4.142724E-02,+0.000000E+00,+9.910000E+37,+1.014141E+02,+3.584400E+04
17:05:02,0e0,+3.747702E-02,+4.903000E-07,+9.910000E+37,+1.016367E+02,+3.584400E+04,+3.857002E-02,+4.903000E-07,+9.910000E+37,+1.017031E+02,+3.584400E+04,+3.811464E-02,+4.903000E-07,+9.910000E+37,+1.017705E+02,+3.584400E+04,-4.078987E-02,+0.000000E+00,+9.910000E+37,+1.018359E+02,+3.584400E+04
17:05:02,0e0,+4.325992E-02,+5.179500E-07,+9.910000E+37,+1.020576E+02,+3.584400E+04,+4.239464E-02,+5.179500E-07,+9.910000E+37,+1.021240E+02,+3.584400E+04,+4.134682E-02,+5.179500E-07,+9.910000E+37,+1.021914E+02,+3.584400E+04,-4.069851E-02,+0.000000E+00,+9.910000E+37,+1.022578E+02,+3.584400E+04
17:05:02,0e0,+4.662871E-02,+5.471500E-07,+9.910000E+37,+1.024844E+02,+3.584400E+04,+4.749382E-02,+5.471500E-07,+9.910000E+37,+1.025518E+02,+3.584400E+04,+4.580861E-02,+5.471500E-07,+9.910000E+37,+1.026172E+02,+3.584400E+04,-4.065306E-02,+0.000000E+00,+9.910000E+37,+1.026846E+02,+3.584400E+04
17:05:02,0e0,+5.172798E-02,+5.779500E-07,+9.910000E+37,+1.029053E+02,+3.584400E+04,+5.277538E-02,+5.779500E-07,+9.910000E+37,+1.029717E+02,+3.584400E+04,+5.332169E-02,+5.779500E-07,+9.910000E+37,+1.030391E+02,+3.584400E+04,-3.896850E-02,+0.000000E+00,+9.910000E+37,+1.031045E+02,+3.584400E+04
17:05:02,0e0,+5.773851E-02,+6.105500E-07,+9.910000E+37,+1.033301E+02,+3.584400E+04,+5.764732E-02,+6.105500E-07,+9.910000E+37,+1.033965E+02,+3.584400E+04,+5.701005E-02,+6.105500E-07,+9.910000E+37,+1.034629E+02,+3.584400E+04,-4.151881E-02,+0.000000E+00,+9.910000E+37,+1.035283E+02,+3.584400E+04
17:05:02,0e0,+6.083426E-02,+6.449500E-07,+9.910000E+37,+1.037510E+02,+3.584400E+04,+6.220046E-02,+6.449500E-07,+9.910000E+37,+1.038174E+02,+3.584400E+04,+6.197253E-02,+6.449500E-07,+9.910000E+37,+1.038848E+02,+3.584400E+04,-3.960605E-02,+0.000000E+00,+9.910000E+37,+1.039502E+02,+3.584400E+04
17:05:02,0e0,+6.707248E-02,+6.813000E-07,+9.910000E+37,+1.041768E+02,+3.584400E+04,+6.816447E-02,+6.813000E-07,+9.910000E+37,+1.042422E+02,+3.584400E+04,+6.725454E-02,+6.813000E-07,+9.910000E+37,+1.043086E+02,+3.584400E+04,-3.978795E-02,+0.000000E+00,+9.910000E+37,+1.043750E+02,+3.584400E+04
17:05:02,0e0,+7.244471E-02,+7.197000E-07,+9.910000E+37,+1.046016E+02,+3.584400E+04,+7.408366E-02,+7.197000E-07,+9.910000E+37,+1.046680E+02,+3.584400E+04,+7.340059E-02,+7.197000E-07,+9.910000E+37,+1.047344E+02,+3.584400E+04,-4.010695E-02,+0.000000E+00,+9.910000E+37,+1.048018E+02,+3.584400E+04
17:05:02,0e0,+7.968387E-02,+7.602500E-07,+9.910000E+37,+1.050264E+02,+3.584400E+04,+8.009362E-02,+7.602500E-07,+9.910000E+37,+1.050928E+02,+3.584400E+04,+7.881868E-02,+7.602500E-07,+9.910000E+37,+1.051582E+02,+3.584400E+04,-4.056250E-02,+0.000000E+00,+9.910000E+37,+1.052246E+02,+3.584400E+04
17:05:02,0e0,+8.542070E-02,+8.031000E-07,+9.910000E+37,+1.054492E+02,+3.584400E+04,+8.505666E-02,+8.031000E-07,+9.910000E+37,+1.055156E+02,+3.584400E+04,+8.555734E-02,+8.031000E-07,+9.910000E+37,+1.055820E+02,+3.584400E+04,-3.946944E-02,+0.000000E+00,+9.910000E+37,+1.056484E+02,+3.584400E+04
17:05:02,0e0,+9.261444E-02,+8.483500E-07,+9.910000E+37,+1.058711E+02,+3.584400E+04,+9.243190E-02,+8.483500E-07,+9.910000E+37,+1.059365E+02,+3.584400E+04,+9.256929E-02,+8.483500E-07,+9.910000E+37,+1.060039E+02,+3.584400E+04,-3.878669E-02,+0.000000E+00,+9.910000E+37,+1.060693E+02,+3.584400E+04
17:05:02,0e0,+1.010831E-01,+8.961500E-07,+9.910000E+37,+1.062930E+02,+3.584400E+04,+1.004458E-01,+8.961500E-07,+9.910000E+37,+1.063604E+02,+3.584400E+04,+9.739468E-02,+8.961500E-07,+9.910000E+37,+1.064258E+02,+3.584400E+04,-3.737515E-02,+0.000000E+00,+9.910000E+37,+1.064922E+02,+3.584400E+04
17:05:02,0e0,+1.066834E-01,+9.466500E-07,+9.910000E+37,+1.067168E+02,+3.584400E+04,+1.062276E-01,+9.466500E-07,+9.910000E+37,+1.067822E+02,+3.584400E+04,+1.054083E-01,+9.466500E-07,+9.910000E+37,+1.068496E+02,+3.584400E+04,-3.851344E-02,+0.000000E+00,+9.910000E+37,+1.069150E+02,+3.584400E+04
17:05:02,0e0,+1.132395E-01,+1.000000E-06,+9.910000E+37,+1.071338E+02,+3.584400E+04,+1.139683E-01,+1.000000E-06,+9.910000E+37,+1.072002E+02,+3.584400E+04,+1.145601E-01,+1.000000E-06,+9.910000E+37,+1.072676E+02,+3.584400E+04,-3.896868E-02,+0.000000E+00,+9.910000E+37,+1.073330E+02,+3.584400E+04
17:05:02,0e0,+1.113730E-01,+1.056500E-06,+9.910000E+37,+1.075566E+02,+3.584400E+04,+1.109633E-01,+1.056500E-06,+9.910000E+37,+1.076240E+02,+3.584400E+04,+1.117375E-01,+1.056500E-06,+9.910000E+37,+1.076895E+02,+3.584400E+04,-3.842239E-02,+0.000000E+00,+9.910000E+37,+1.077568E+02,+3.584400E+04
17:05:02,0e0,+1.178838E-01,+1.116000E-06,+9.910000E+37,+1.079785E+02,+3.584400E+04,+1.196141E-01,+1.116000E-06,+9.910000E+37,+1.080459E+02,+3.584400E+04,+1.181570E-01,+1.116000E-06,+9.910000E+37,+1.081113E+02,+3.584400E+04,-3.919633E-02,+0.000000E+00,+9.910000E+37,+1.081787E+02,+3.584400E+04
17:05:02,0e0,+1.256695E-01,+1.179000E-06,+9.910000E+37,+1.083984E+02,+3.584400E+04,+1.269901E-01,+1.179000E-06,+9.910000E+37,+1.084639E+02,+3.584400E+04,+1.248493E-01,+1.179000E-06,+9.910000E+37,+1.085312E+02,+3.584400E+04,-3.673744E-02,+0.000000E+00,+9.910000E+37,+1.085967E+02,+3.584400E+04
17:05:02,0e0,+1.330906E-01,+1.245000E-06,+9.910000E+37,+1.088193E+02,+3.584400E+04,+1.339562E-01,+1.245000E-06,+9.910000E+37,+1.088857E+02,+3.584400E+04,+1.336371E-01,+1.245000E-06,+9.910000E+37,+1.089531E+02,+3.584400E+04,-3.810363E-02,+0.000000E+00,+9.910000E+37,+1.090186E+02,+3.584400E+04
17:05:02,0e0,+1.425160E-01,+1.315500E-06,+9.910000E+37,+1.092402E+02,+3.584400E+04,+1.434720E-01,+1.315500E-06,+9.910000E+37,+1.093076E+02,+3.584400E+04,+1.434267E-01,+1.315500E-06,+9.910000E+37,+1.093740E+02,+3.584400E+04,-4.001632E-02,+0.000000E+00,+9.910000E+37,+1.094404E+02,+3.584400E+04
17:05:02,0e0,+1.527605E-01,+1.389500E-06,+9.910000E+37,+1.096621E+02,+3.584400E+04,+1.524416E-01,+1.389500E-06,+9.910000E+37,+1.097295E+02,+3.584400E+04,+1.528967E-01,+1.389500E-06,+9.910000E+37,+1.097949E+02,+3.584400E+04,-3.969754E-02,+0.000000E+00,+9.910000E+37,+1.098623E+02,+3.584400E+04
17:05:02,0e0,+1.616386E-01,+1.468000E-06,+9.910000E+37,+1.100850E+02,+3.584400E+04,+1.625948E-01,+1.468000E-06,+9.910000E+37,+1.101514E+02,+3.584400E+04,+1.622761E-01,+1.468000E-06,+9.910000E+37,+1.102188E+02,+3.584400E+04,-3.837694E-02,+0.000000E+00,+9.910000E+37,+1.102842E+02,+3.584400E+04
17:05:02,0e0,+1.720651E-01,+1.550500E-06,+9.910000E+37,+1.105098E+02,+3.584400E+04,+1.730212E-01,+1.550500E-06,+9.910000E+37,+1.105762E+02,+3.584400E+04,+1.712912E-01,+1.550500E-06,+9.910000E+37,+1.106436E+02,+3.584400E+04,-3.810367E-02,+0.000000E+00,+9.910000E+37,+1.107100E+02,+3.584400E+04
17:05:02,0e0,+1.823551E-01,+1.638000E-06,+9.910000E+37,+1.109346E+02,+3.584400E+04,+1.826281E-01,+1.638000E-06,+9.910000E+37,+1.110010E+02,+3.584400E+04,+1.831745E-01,+1.638000E-06,+9.910000E+37,+1.110684E+02,+3.584400E+04,-3.678326E-02,+0.000000E+00,+9.910000E+37,+1.111357E+02,+3.584400E+04
17:05:02,0e0,+1.943294E-01,+1.730000E-06,+9.910000E+37,+1.113594E+02,+3.584400E+04,+1.935101E-01,+1.730000E-06,+9.910000E+37,+1.114268E+02,+3.584400E+04,+1.948761E-01,+1.730000E-06,+9.910000E+37,+1.114922E+02,+3.584400E+04,-3.769392E-02,+0.000000E+00,+9.910000E+37,+1.115586E+02,+3.584400E+04
17:05:02,0e0,+2.048469E-01,+1.827500E-06,+9.910000E+37,+1.117803E+02,+3.584400E+04,+2.041640E-01,+1.827500E-06,+9.910000E+37,+1.118457E+02,+3.584400E+04,+2.051655E-01,+1.827500E-06,+9.910000E+37,+1.119121E+02,+3.584400E+04,-3.623691E-02,+0.000000E+00,+9.910000E+37,+1.119795E+02,+3.584400E+04
17:05:02,0e0,+2.172773E-01,+1.930500E-06,+9.910000E+37,+1.122002E+02,+3.584400E+04,+2.177323E-01,+1.930500E-06,+9.910000E+37,+1.122666E+02,+3.584400E+04,+2.163205E-01,+1.930500E-06,+9.910000E+37,+1.123330E+02,+3.584400E+04,-3.732970E-02,+0.000000E+00,+9.910000E+37,+1.123994E+02,+3.584400E+04
17:05:02,0e0,+2.301619E-01,+2.039500E-06,+9.910000E+37,+1.126211E+02,+3.584400E+04,+2.287952E-01,+2.039500E-06,+9.910000E+37,+1.126885E+02,+3.584400E+04,+2.296613E-01,+2.039500E-06,+9.910000E+37,+1.127539E+02,+3.584400E+04,-3.764808E-02,+0.000000E+00,+9.910000E+37,+1.128203E+02,+3.584400E+04
17:05:02,0e0,+2.437753E-01,+2.154500E-06,+9.910000E+37,+1.130439E+02,+3.584400E+04,+2.410427E-01,+2.154500E-06,+9.910000E+37,+1.131104E+02,+3.584400E+04,+2.425462E-01,+2.154500E-06,+9.910000E+37,+1.131768E+02,+3.584400E+04,-3.687419E-02,+0.000000E+00,+9.910000E+37,+1.132432E+02,+3.584400E+04
17:05:02,0e0,+2.565241E-01,+2.276000E-06,+9.910000E+37,+1.134668E+02,+3.584400E+04,+2.575710E-01,+2.276000E-06,+9.910000E+37,+1.135342E+02,+3.584400E+04,+2.567517E-01,+2.276000E-06,+9.910000E+37,+1.135996E+02,+3.584400E+04,-3.751191E-02,+0.000000E+00,+9.910000E+37,+1.136670E+02,+3.584400E+04
17:05:02,0e0,+2.706385E-01,+2.404000E-06,+9.910000E+37,+1.138926E+02,+3.584400E+04,+2.703653E-01,+2.404000E-06,+9.910000E+37,+1.139590E+02,+3.584400E+04,+2.712302E-01,+2.404000E-06,+9.910000E+37,+1.140254E+02,+3.584400E+04,-3.637360E-02,+0.000000E+00,+9.910000E+37,+1.140918E+02,+3.584400E+04
17:05:02,0e0,+2.866651E-01,+2.539500E-06,+9.910000E+37,+1.143145E+02,+3.584400E+04,+2.855724E-01,+2.539500E-06,+9.910000E+37,+1.143809E+02,+3.584400E+04,+2.852995E-01,+2.539500E-06,+9.910000E+37,+1.144482E+02,+3.584400E+04,-3.628251E-02,+0.000000E+00,+9.910000E+37,+1.145137E+02,+3.584400E+04
17:05:02,0e0,+3.008708E-01,+2.682500E-06,+9.910000E+37,+1.147344E+02,+3.584400E+04,+3.018268E-01,+2.682500E-06,+9.910000E+37,+1.148018E+02,+3.584400E+04,+3.007793E-01,+2.682500E-06,+9.910000E+37,+1.148672E+02,+3.584400E+04,-3.655569E-02,+0.000000E+00,+9.910000E+37,+1.149346E+02,+3.584400E+04
17:05:02,0e0,+3.171254E-01,+2.834000E-06,+9.910000E+37,+1.151563E+02,+3.584400E+04,+3.163955E-01,+2.834000E-06,+9.910000E+37,+1.152217E+02,+3.584400E+04,+3.177626E-01,+2.834000E-06,+9.910000E+37,+1.152891E+02,+3.584400E+04,-3.701104E-02,+0.000000E+00,+9.910000E+37,+1.153545E+02,+3.584400E+04
17:05:02,0e0,+3.339258E-01,+2.993500E-06,+9.910000E+37,+1.155771E+02,+3.584400E+04,+3.349732E-01,+2.993500E-06,+9.910000E+37,+1.156436E+02,+3.584400E+04,+3.352004E-01,+2.993500E-06,+9.910000E+37,+1.157109E+02,+3.584400E+04,-3.732982E-02,+0.000000E+00,+9.910000E+37,+1.157783E+02,+3.584400E+04
17:05:02,0e0,+3.526399E-01,+3.162500E-06,+9.910000E+37,+1.160020E+02,+3.584400E+04,+3.528210E-01,+3.162500E-06,+9.910000E+37,+1.160693E+02,+3.584400E+04,+3.518192E-01,+3.162500E-06,+9.910000E+37,+1.161348E+02,+3.584400E+04,-3.596362E-02,+0.000000E+00,+9.910000E+37,+1.162021E+02,+3.584400E+04
17:05:02,0e0,+3.709419E-01,+3.340500E-06,+9.910000E+37,+1.164268E+02,+3.584400E+04,+3.706230E-01,+3.340500E-06,+9.910000E+37,+1.164932E+02,+3.584400E+04,+3.718981E-01,+3.340500E-06,+9.910000E+37,+1.165596E+02,+3.584400E+04,-3.619154E-02,+0.000000E+00,+9.910000E+37,+1.166260E+02,+3.584400E+04
17:05:02,0e0,+3.915220E-01,+3.528500E-06,+9.910000E+37,+1.168467E+02,+3.584400E+04,+3.910210E-01,+3.528500E-06,+9.910000E+37,+1.169131E+02,+3.584400E+04,+3.891985E-01,+3.528500E-06,+9.910000E+37,+1.169795E+02,+3.584400E+04,-3.687488E-02,+0.000000E+00,+9.910000E+37,+1.170459E+02,+3.584400E+04
17:05:02,0e0,+4.105089E-01,+3.727500E-06,+9.910000E+37,+1.172686E+02,+3.584400E+04,+4.114186E-01,+3.727500E-06,+9.910000E+37,+1.173350E+02,+3.584400E+04,+4.110087E-01,+3.727500E-06,+9.910000E+37,+1.174014E+02,+3.584400E+04,-3.660126E-02,+0.000000E+00,+9.910000E+37,+1.174688E+02,+3.584400E+04
17:05:02,0e0,+4.326821E-01,+3.937500E-06,+9.910000E+37,+1.176943E+02,+3.584400E+04,+4.327269E-01,+3.937500E-06,+9.910000E+37,+1.177607E+02,+3.584400E+04,+4.326358E-01,+3.937500E-06,+9.910000E+37,+1.178281E+02,+3.584400E+04,-3.573628E-02,+0.000000E+00,+9.910000E+37,+1.178936E+02,+3.584400E+04
17:05:02,0e0,+4.544888E-01,+4.159500E-06,+9.910000E+37,+1.181191E+02,+3.584400E+04,+4.539428E-01,+4.159500E-06,+9.910000E+37,+1.181855E+02,+3.584400E+04,+4.552642E-01,+4.159500E-06,+9.910000E+37,+1.182529E+02,+3.584400E+04,-3.550857E-02,+0.000000E+00,+9.910000E+37,+1.183184E+02,+3.584400E+04
17:05:02,0e0,+4.796690E-01,+4.394000E-06,+9.910000E+37,+1.185410E+02,+3.584400E+04,+4.792135E-01,+4.394000E-06,+9.910000E+37,+1.186074E+02,+3.584400E+04,+4.791678E-01,+4.394000E-06,+9.910000E+37,+1.186738E+02,+3.584400E+04,-3.532650E-02,+0.000000E+00,+9.910000E+37,+1.187402E+02,+3.584400E+04
17:05:02,0e0,+5.036634E-01,+4.641500E-06,+9.910000E+37,+1.189668E+02,+3.584400E+04,+5.041185E-01,+4.641500E-06,+9.910000E+37,+1.190332E+02,+3.584400E+04,+5.050292E-01,+4.641500E-06,+9.910000E+37,+1.191006E+02,+3.584400E+04,-3.614607E-02,+0.000000E+00,+9.910000E+37,+1.191660E+02,+3.584400E+04
17:05:02,0e0,+5.290690E-01,+4.903000E-06,+9.910000E+37,+1.193887E+02,+3.584400E+04,+5.302075E-01,+4.903000E-06,+9.910000E+37,+1.194561E+02,+3.584400E+04,+5.299802E-01,+4.903000E-06,+9.910000E+37,+1.195215E+02,+3.584400E+04,-3.605501E-02,+0.000000E+00,+9.910000E+37,+1.195879E+02,+3.584400E+04
17:05:02,0e0,+5.572979E-01,+5.179500E-06,+9.910000E+37,+1.198145E+02,+3.584400E+04,+5.567516E-01,+5.179500E-06,+9.910000E+37,+1.198809E+02,+3.584400E+04,+5.568429E-01,+5.179500E-06,+9.910000E+37,+1.199463E+02,+3.584400E+04,-3.528091E-02,+0.000000E+00,+9.910000E+37,+1.200137E+02,+3.584400E+04
17:05:02,0e0,+5.842980E-01,+5.471500E-06,+9.910000E+37,+1.202402E+02,+3.584400E+04,+5.847529E-01,+5.471500E-06,+9.910000E+37,+1.203057E+02,+3.584400E+04,+5.849804E-01,+5.471500E-06,+9.910000E+37,+1.203730E+02,+3.584400E+04,-3.569072E-02,+0.000000E+00,+9.910000E+37,+1.204385E+02,+3.584400E+04
17:05:02,0e0,+6.148495E-01,+5.779500E-06,+9.910000E+37,+1.206641E+02,+3.584400E+04,+6.155770E-01,+5.779500E-06,+9.910000E+37,+1.207305E+02,+3.584400E+04,+6.149852E-01,+5.779500E-06,+9.910000E+37,+1.207979E+02,+3.584400E+04,-3.769451E-02,+0.000000E+00,+9.910000E+37,+1.208633E+02,+3.584400E+04
17:05:02,0e0,+6.474478E-01,+6.105500E-06,+9.910000E+37,+1.210889E+02,+3.584400E+04,+6.471745E-01,+6.105500E-06,+9.910000E+37,+1.211563E+02,+3.584400E+04,+6.469933E-01,+6.105500E-06,+9.910000E+37,+1.212217E+02,+3.584400E+04,-3.487115E-02,+0.000000E+00,+9.910000E+37,+1.212881E+02,+3.584400E+04
17:05:02,0e0,+6.801373E-01,+6.449500E-06,+9.910000E+37,+1.215098E+02,+3.584400E+04,+6.798640E-01,+6.449500E-06,+9.910000E+37,+1.215762E+02,+3.584400E+04,+6.814596E-01,+6.449500E-06,+9.910000E+37,+1.216426E+02,+3.584400E+04,-3.546314E-02,+0.000000E+00,+9.910000E+37,+1.217100E+02,+3.584400E+04
17:05:02,0e0,+7.165631E-01,+6.813000E-06,+9.910000E+37,+1.219365E+02,+3.584400E+04,+7.153791E-01,+6.813000E-06,+9.910000E+37,+1.220039E+02,+3.584400E+04,+7.155611E-01,+6.813000E-06,+9.910000E+37,+1.220693E+02,+3.584400E+04,-3.455248E-02,+0.000000E+00,+9.910000E+37,+1.221357E+02,+3.584400E+04
17:05:02,0e0,+7.507088E-01,+7.197000E-06,+9.910000E+37,+1.223574E+02,+3.584400E+04,+7.513044E-01,+7.197000E-06,+9.910000E+37,+1.224248E+02,+3.584400E+04,+7.521701E-01,+7.197000E-06,+9.910000E+37,+1.224902E+02,+3.584400E+04,-3.405166E-02,+0.000000E+00,+9.910000E+37,+1.225576E+02,+3.584400E+04
17:05:02,0e0,+7.881840E-01,+7.602500E-06,+9.910000E+37,+1.227822E+02,+3.584400E+04,+7.897766E-01,+7.602500E-06,+9.910000E+37,+1.228496E+02,+3.584400E+04,+7.900957E-01,+7.602500E-06,+9.910000E+37,+1.229150E+02,+3.584400E+04,-3.391495E-02,+0.000000E+00,+9.910000E+37,+1.229824E+02,+3.584400E+04
17:05:02,0e0,+8.295698E-01,+8.031000E-06,+9.910000E+37,+1.232031E+02,+3.584400E+04,+8.278395E-01,+8.031000E-06,+9.910000E+37,+1.232686E+02,+3.584400E+04,+8.268355E-01,+8.031000E-06,+9.910000E+37,+1.233350E+02,+3.584400E+04,-3.364192E-02,+0.000000E+00,+9.910000E+37,+1.234004E+02,+3.584400E+04
17:05:02,0e0,+8.699094E-01,+8.483500E-06,+9.910000E+37,+1.236240E+02,+3.584400E+04,+8.696358E-01,+8.483500E-06,+9.910000E+37,+1.236895E+02,+3.584400E+04,+8.692718E-01,+8.483500E-06,+9.910000E+37,+1.237568E+02,+3.584400E+04,-3.450707E-02,+0.000000E+00,+9.910000E+37,+1.238223E+02,+3.584400E+04
17:05:02,0e0,+9.126638E-01,+8.961500E-06,+9.910000E+37,+1.240449E+02,+3.584400E+04,+9.140283E-01,+8.961500E-06,+9.910000E+37,+1.241113E+02,+3.584400E+04,+9.132999E-01,+8.961500E-06,+9.910000E+37,+1.241787E+02,+3.584400E+04,-3.418829E-02,+0.000000E+00,+9.910000E+37,+1.242451E+02,+3.584400E+04
17:05:02,0e0,+9.590576E-01,+9.466500E-06,+9.910000E+37,+1.244697E+02,+3.584400E+04,+9.596503E-01,+9.466500E-06,+9.910000E+37,+1.245352E+02,+3.584400E+04,+9.592857E-01,+9.466500E-06,+9.910000E+37,+1.246025E+02,+3.584400E+04,-3.373297E-02,+0.000000E+00,+9.910000E+37,+1.246680E+02,+3.584400E+04
17:05:02,0e0,+1.006637E+00,+1.000000E-05,+9.910000E+37,+1.248936E+02,+3.584400E+04,+1.006228E+00,+1.000000E-05,+9.910000E+37,+1.249600E+02,+3.584400E+04,+1.006136E+00,+1.000000E-05,+9.910000E+37,+1.250273E+02,+3.584400E+04,-3.368758E-02,+0.000000E+00,+9.910000E+37,+1.250928E+02,+3.584400E+04
17:05:02,0e0,+1.044246E+00,+1.056500E-05,+9.910000E+37,+1.253115E+02,+3.584400E+04,+1.046295E+00,+1.056500E-05,+9.910000E+37,+1.253789E+02,+3.584400E+04,+1.044655E+00,+1.056500E-05,+9.910000E+37,+1.254453E+02,+3.584400E+04,-3.446148E-02,+0.000000E+00,+9.910000E+37,+1.255156E+02,+3.584400E+04
17:05:02,0e0,+1.095333E+00,+1.116000E-05,+9.910000E+37,+1.257363E+02,+3.584400E+04,+1.096378E+00,+1.116000E-05,+9.910000E+37,+1.258037E+02,+3.584400E+04,+1.095876E+00,+1.116000E-05,+9.910000E+37,+1.258691E+02,+3.584400E+04,-3.450702E-02,+0.000000E+00,+9.910000E+37,+1.259414E+02,+3.584400E+04
17:05:02,0e0,+1.149193E+00,+1.179000E-05,+9.910000E+37,+1.261621E+02,+3.584400E+04,+1.150423E+00,+1.179000E-05,+9.910000E+37,+1.262295E+02,+3.584400E+04,+1.149603E+00,+1.179000E-05,+9.910000E+37,+1.262949E+02,+3.584400E+04,-3.610046E-02,+0.000000E+00,+9.910000E+37,+1.263662E+02,+3.584400E+04
17:05:02,0e0,+1.204786E+00,+1.245000E-05,+9.910000E+37,+1.265879E+02,+3.584400E+04,+1.205788E+00,+1.245000E-05,+9.910000E+37,+1.266533E+02,+3.584400E+04,+1.205696E+00,+1.245000E-05,+9.910000E+37,+1.267197E+02,+3.584400E+04,-3.491677E-02,+0.000000E+00,+9.910000E+37,+1.267891E+02,+3.584400E+04
17:05:02,0e0,+1.262836E+00,+1.315500E-05,+9.910000E+37,+1.270088E+02,+3.584400E+04,+1.263336E+00,+1.315500E-05,+9.910000E+37,+1.270752E+02,+3.584400E+04,+1.265569E+00,+1.315500E-05,+9.910000E+37,+1.271426E+02,+3.584400E+04,-3.382397E-02,+0.000000E+00,+9.910000E+37,+1.272119E+02,+3.584400E+04
17:05:02,0e0,+1.325261E+00,+1.389500E-05,+9.910000E+37,+1.274229E+02,+3.584400E+04,+1.324987E+00,+1.389500E-05,+9.910000E+37,+1.274902E+02,+3.584400E+04,+1.324897E+00,+1.389500E-05,+9.910000E+37,+1.275566E+02,+3.584400E+04,-3.468910E-02,+0.000000E+00,+9.910000E+37,+1.276230E+02,+3.584400E+04
17:05:02,0e0,+1.387862E+00,+1.468000E-05,+9.910000E+37,+1.278320E+02,+3.584400E+04,+1.387636E+00,+1.468000E-05,+9.910000E+37,+1.278994E+02,+3.584400E+04,+1.388047E+00,+1.468000E-05,+9.910000E+37,+1.279658E+02,+3.584400E+04,-3.546335E-02,+0.000000E+00,+9.910000E+37,+1.280332E+02,+3.584400E+04
17:05:02,0e0,+1.452153E+00,+1.550500E-05,+9.910000E+37,+1.282500E+02,+3.584400E+04,+1.453656E+00,+1.550500E-05,+9.910000E+37,+1.283164E+02,+3.584400E+04,+1.453154E+00,+1.550500E-05,+9.910000E+37,+1.283838E+02,+3.584400E+04,-3.500795E-02,+0.000000E+00,+9.910000E+37,+1.284502E+02,+3.584400E+04
17:05:02,0e0,+1.520722E+00,+1.638000E-05,+9.910000E+37,+1.286670E+02,+3.584400E+04,+1.521131E+00,+1.638000E-05,+9.910000E+37,+1.287344E+02,+3.584400E+04,+1.521223E+00,+1.638000E-05,+9.910000E+37,+1.287998E+02,+3.584400E+04,-3.518999E-02,+0.000000E+00,+9.910000E+37,+1.288672E+02,+3.584400E+04
17:05:02,0e0,+1.589517E+00,+1.730000E-05,+9.910000E+37,+1.290947E+02,+3.584400E+04,+1.589472E+00,+1.730000E-05,+9.910000E+37,+1.291621E+02,+3.584400E+04,+1.589835E+00,+1.730000E-05,+9.910000E+37,+1.292275E+02,+3.584400E+04,-3.405140E-02,+0.000000E+00,+9.910000E+37,+1.292949E+02,+3.584400E+04
17:05:02,0e0,+1.661227E+00,+1.827500E-05,+9.910000E+37,+1.295088E+02,+3.584400E+04,+1.661592E+00,+1.827500E-05,+9.910000E+37,+1.295762E+02,+3.584400E+04,+1.661641E+00,+1.827500E-05,+9.910000E+37,+1.296416E+02,+3.584400E+04,-3.386953E-02,+0.000000E+00,+9.910000E+37,+1.297100E+02,+3.584400E+04
17:05:02,0e0,+1.735944E+00,+1.930500E-05,+9.910000E+37,+1.299287E+02,+3.584400E+04,+1.736489E+00,+1.930500E-05,+9.910000E+37,+1.299961E+02,+3.584400E+04,+1.736127E+00,+1.930500E-05,+9.910000E+37,+1.300615E+02,+3.584400E+04,-3.409730E-02,+0.000000E+00,+9.910000E+37,+1.301328E+02,+3.584400E+04
17:05:02,0e0,+1.811568E+00,+2.039500E-05,+9.910000E+37,+1.303555E+02,+3.584400E+04,+1.812026E+00,+2.039500E-05,+9.910000E+37,+1.304229E+02,+3.584400E+04,+1.812708E+00,+2.039500E-05,+9.910000E+37,+1.304883E+02,+3.584400E+04,-3.432499E-02,+0.000000E+00,+9.910000E+37,+1.305557E+02,+3.584400E+04
17:05:02,0e0,+1.890565E+00,+2.154500E-05,+9.910000E+37,+1.307764E+02,+3.584400E+04,+1.890156E+00,+2.154500E-05,+9.910000E+37,+1.308428E+02,+3.584400E+04,+1.890019E+00,+2.154500E-05,+9.910000E+37,+1.309102E+02,+3.584400E+04,-3.300461E-02,+0.000000E+00,+9.910000E+37,+1.309785E+02,+3.584400E+04
17:05:02,0e0,+1.969105E+00,+2.276000E-05,+9.910000E+37,+1.311973E+02,+3.584400E+04,+1.970059E+00,+2.276000E-05,+9.910000E+37,+1.312627E+02,+3.584400E+04,+1.970470E+00,+2.276000E-05,+9.910000E+37,+1.313301E+02,+3.584400E+04,-3.332336E-02,+0.000000E+00,+9.910000E+37,+1.314014E+02,+3.584400E+04
17:05:02,0e0,+2.050696E+00,+2.404000E-05,+9.910000E+37,+1.316240E+02,+3.584400E+04,+2.051286E+00,+2.404000E-05,+9.910000E+37,+1.316895E+02,+3.584400E+04,+2.051882E+00,+2.404000E-05,+9.910000E+37,+1.317559E+02,+3.584400E+04,-3.305012E-02,+0.000000E+00,+9.910000E+37,+1.318242E+02,+3.584400E+04
17:05:02,0e0,+2.134337E+00,+2.539500E-05,+9.910000E+37,+1.320449E+02,+3.584400E+04,+2.135929E+00,+2.539500E-05,+9.910000E+37,+1.321104E+02,+3.584400E+04,+2.134424E+00,+2.539500E-05,+9.910000E+37,+1.321768E+02,+3.584400E+04,-3.332342E-02,+0.000000E+00,+9.910000E+37,+1.322490E+02,+3.584400E+04
17:05:02,0e0,+2.217881E+00,+2.682500E-05,+9.910000E+37,+1.324697E+02,+3.584400E+04,+2.218292E+00,+2.682500E-05,+9.910000E+37,+1.325371E+02,+3.584400E+04,+2.219157E+00,+2.682500E-05,+9.910000E+37,+1.326035E+02,+3.584400E+04,-3.323232E-02,+0.000000E+00,+9.910000E+37,+1.326729E+02,+3.584400E+04
17:05:02,0e0,+2.303523E+00,+2.834000E-05,+9.910000E+37,+1.328916E+02,+3.584400E+04,+2.306076E+00,+2.834000E-05,+9.910000E+37,+1.329590E+02,+3.584400E+04,+2.306029E+00,+2.834000E-05,+9.910000E+37,+1.330244E+02,+3.584400E+04,-3.332333E-02,+0.000000E+00,+9.910000E+37,+1.330967E+02,+3.584400E+04
17:05:02,0e0,+2.391081E+00,+2.993500E-05,+9.910000E+37,+1.333203E+02,+3.584400E+04,+2.392765E+00,+2.993500E-05,+9.910000E+37,+1.333867E+02,+3.584400E+04,+2.392354E+00,+2.993500E-05,+9.910000E+37,+1.334541E+02,+3.584400E+04,-3.373325E-02,+0.000000E+00,+9.910000E+37,+1.335215E+02,+3.584400E+04
17:05:02,0e0,+2.480411E+00,+3.162500E-05,+9.910000E+37,+1.337412E+02,+3.584400E+04,+2.481320E+00,+3.162500E-05,+9.910000E+37,+1.338096E+02,+3.584400E+04,+2.481956E+00,+3.162500E-05,+9.910000E+37,+1.338818E+02,+3.584400E+04,-3.273137E-02,+0.000000E+00,+9.910000E+37,+1.339521E+02,+3.584400E+04
17:05:02,0e0,+2.570108E+00,+3.340500E-05,+9.910000E+37,+1.341680E+02,+3.584400E+04,+2.570834E+00,+3.340500E-05,+9.910000E+37,+1.342344E+02,+3.584400E+04,+2.570743E+00,+3.340500E-05,+9.910000E+37,+1.343018E+02,+3.584400E+04,-3.341450E-02,+0.000000E+00,+9.910000E+37,+1.343672E+02,+3.584400E+04
17:05:02,0e0,+2.660397E+00,+3.528500E-05,+9.910000E+37,+1.345811E+02,+3.584400E+04,+2.660619E+00,+3.528500E-05,+9.910000E+37,+1.346465E+02,+3.584400E+04,+2.662215E+00,+3.528500E-05,+9.910000E+37,+1.347129E+02,+3.584400E+04,-3.236733E-02,+0.000000E+00,+9.910000E+37,+1.347803E+02,+3.584400E+04
17:05:02,0e0,+2.751360E+00,+3.727500E-05,+9.910000E+37,+1.349961E+02,+3.584400E+04,+2.753546E+00,+3.727500E-05,+9.910000E+37,+1.350625E+02,+3.584400E+04,+2.754092E+00,+3.727500E-05,+9.910000E+37,+1.351289E+02,+3.584400E+04,-3.195725E-02,+0.000000E+00,+9.910000E+37,+1.351953E+02,+3.584400E+04
17:05:02,0e0,+2.844657E+00,+3.937500E-05,+9.910000E+37,+1.354102E+02,+3.584400E+04,+2.845011E+00,+3.937500E-05,+9.910000E+37,+1.354766E+02,+3.584400E+04,+2.846426E+00,+3.937500E-05,+9.910000E+37,+1.355439E+02,+3.584400E+04,-3.227608E-02,+0.000000E+00,+9.910000E+37,+1.356094E+02,+3.584400E+04
17:05:02,0e0,+2.939083E+00,+4.159500E-05,+9.910000E+37,+1.358271E+02,+3.584400E+04,+2.940676E+00,+4.159500E-05,+9.910000E+37,+1.358945E+02,+3.584400E+04,+2.940402E+00,+4.159500E-05,+9.910000E+37,+1.359600E+02,+3.584400E+04,-3.227618E-02,+0.000000E+00,+9.910000E+37,+1.360273E+02,+3.584400E+04
17:05:02,0e0,+3.033740E+00,+4.394000E-05,+9.910000E+37,+1.362422E+02,+3.584400E+04,+3.035107E+00,+4.394000E-05,+9.910000E+37,+1.363096E+02,+3.584400E+04,+3.035792E+00,+4.394000E-05,+9.910000E+37,+1.363750E+02,+3.584400E+04,-3.150226E-02,+0.000000E+00,+9.910000E+37,+1.364434E+02,+3.584400E+04
17:05:02,0e0,+3.128991E+00,+4.641500E-05,+9.910000E+37,+1.366641E+02,+3.584400E+04,+3.131862E+00,+4.641500E-05,+9.910000E+37,+1.367295E+02,+3.584400E+04,+3.132546E+00,+4.641500E-05,+9.910000E+37,+1.367959E+02,+3.584400E+04,-3.145660E-02,+0.000000E+00,+9.910000E+37,+1.368672E+02,+3.584400E+04
17:05:02,0e0,+3.225012E+00,+4.903000E-05,+9.910000E+37,+1.370889E+02,+3.584400E+04,+3.227153E+00,+4.903000E-05,+9.910000E+37,+1.371553E+02,+3.584400E+04,+3.227928E+00,+4.903000E-05,+9.910000E+37,+1.372227E+02,+3.584400E+04,-3.172985E-02,+0.000000E+00,+9.910000E+37,+1.372930E+02,+3.584400E+04
17:05:02,0e0,+3.321721E+00,+5.179500E-05,+9.910000E+37,+1.375117E+02,+3.584400E+04,+3.324361E+00,+5.179500E-05,+9.910000E+37,+1.375771E+02,+3.584400E+04,+3.323673E+00,+5.179500E-05,+9.910000E+37,+1.376436E+02,+3.584400E+04,-3.172976E-02,+0.000000E+00,+9.910000E+37,+1.377139E+02,+3.584400E+04
17:05:02,0e0,+3.420336E+00,+5.471500E-05,+9.910000E+37,+1.379277E+02,+3.584400E+04,+3.422477E+00,+5.471500E-05,+9.910000E+37,+1.379951E+02,+3.584400E+04,+3.422616E+00,+5.471500E-05,+9.910000E+37,+1.380615E+02,+3.584400E+04,-3.200299E-02,+0.000000E+00,+9.910000E+37,+1.381279E+02,+3.584400E+04
17:05:02,0e0,+3.519274E+00,+5.779500E-05,+9.910000E+37,+1.383418E+02,+3.584400E+04,+3.521645E+00,+5.779500E-05,+9.910000E+37,+1.384072E+02,+3.584400E+04,+3.522327E+00,+5.779500E-05,+9.910000E+37,+1.384746E+02,+3.584400E+04,-3.127448E-02,+0.000000E+00,+9.910000E+37,+1.385400E+02,+3.584400E+04
17:05:02,0e0,+3.618895E+00,+6.105500E-05,+9.910000E+37,+1.387559E+02,+3.584400E+04,+3.621586E+00,+6.105500E-05,+9.910000E+37,+1.388213E+02,+3.584400E+04,+3.622951E+00,+6.105500E-05,+9.910000E+37,+1.388887E+02,+3.584400E+04,-3.172997E-02,+0.000000E+00,+9.910000E+37,+1.389551E+02,+3.584400E+04
17:05:02,0e0,+3.720298E+00,+6.449500E-05,+9.910000E+37,+1.391729E+02,+3.584400E+04,+3.722433E+00,+6.449500E-05,+9.910000E+37,+1.392383E+02,+3.584400E+04,+3.722207E+00,+6.449500E-05,+9.910000E+37,+1.393047E+02,+3.584400E+04,-3.204867E-02,+0.000000E+00,+9.910000E+37,+1.393711E+02,+3.584400E+04
17:05:02,0e0,+3.821053E+00,+6.813000E-05,+9.910000E+37,+1.395869E+02,+3.584400E+04,+3.823007E+00,+6.813000E-05,+9.910000E+37,+1.396543E+02,+3.584400E+04,+3.823239E+00,+6.813000E-05,+9.910000E+37,+1.397197E+02,+3.584400E+04,-3.168434E-02,+0.000000E+00,+9.910000E+37,+1.397871E+02,+3.584400E+04
17:05:02,0e0,+3.923038E+00,+7.197000E-05,+9.910000E+37,+1.400020E+02,+3.584400E+04,+3.925088E+00,+7.197000E-05,+9.910000E+37,+1.400693E+02,+3.584400E+04,+3.925087E+00,+7.197000E-05,+9.910000E+37,+1.401348E+02,+3.584400E+04,-3.150198E-02,+0.000000E+00,+9.910000E+37,+1.402070E+02,+3.584400E+04
17:05:02,0e0,+4.026397E+00,+7.602500E-05,+9.910000E+37,+1.404287E+02,+3.584400E+04,+4.028718E+00,+7.602500E-05,+9.910000E+37,+1.404951E+02,+3.584400E+04,+4.028033E+00,+7.602500E-05,+9.910000E+37,+1.405625E+02,+3.584400E+04,-3.236717E-02,+0.000000E+00,+9.910000E+37,+1.406309E+02,+3.584400E+04
17:05:02,0e0,+4.128558E+00,+8.031000E-05,+9.910000E+37,+1.408525E+02,+3.584400E+04,+4.131157E+00,+8.031000E-05,+9.910000E+37,+1.409180E+02,+3.584400E+04,+4.132208E+00,+8.031000E-05,+9.910000E+37,+1.409854E+02,+3.584400E+04,-3.204870E-02,+0.000000E+00,+9.910000E+37,+1.410547E+02,+3.584400E+04
17:05:02,0e0,+4.234697E+00,+8.483500E-05,+9.910000E+37,+1.412754E+02,+3.584400E+04,+4.236059E+00,+8.483500E-05,+9.910000E+37,+1.413428E+02,+3.584400E+04,+4.237518E+00,+8.483500E-05,+9.910000E+37,+1.414082E+02,+3.584400E+04,-3.018194E-02,+0.000000E+00,+9.910000E+37,+1.414775E+02,+3.584400E+04
17:05:02,0e0,+4.338685E+00,+8.961500E-05,+9.910000E+37,+1.416982E+02,+3.584400E+04,+4.341195E+00,+8.961500E-05,+9.910000E+37,+1.417637E+02,+3.584400E+04,+4.341778E+00,+8.961500E-05,+9.910000E+37,+1.418301E+02,+3.584400E+04,-3.145666E-02,+0.000000E+00,+9.910000E+37,+1.419004E+02,+3.584400E+04
17:05:02,0e0,+4.444450E+00,+9.466500E-05,+9.910000E+37,+1.421250E+02,+3.584400E+04,+4.448232E+00,+9.466500E-05,+9.910000E+37,+1.421914E+02,+3.584400E+04,+4.447099E+00,+9.466500E-05,+9.910000E+37,+1.422578E+02,+3.584400E+04,-3.132023E-02,+0.000000E+00,+9.910000E+37,+1.423271E+02,+3.584400E+04
17:05:02,0e0,+4.550996E+00,+1.000000E-04,+9.910000E+37,+1.425381E+02,+3.584400E+04,+4.554051E+00,+1.000000E-04,+9.910000E+37,+1.426104E+02,+3.584400E+04,+4.554041E+00,+1.000000E-04,+9.910000E+37,+1.426768E+02,+3.584400E+04,-3.077373E-02,+0.000000E+00,+9.910000E+37,+1.427441E+02,+3.584400E+04
17:05:02,0e0,+4.645925E+00,+1.056500E-04,+9.910000E+37,+1.429590E+02,+3.584400E+04,+4.647888E+00,+1.056500E-04,+9.910000E+37,+1.430264E+02,+3.584400E+04,+4.648791E+00,+1.056500E-04,+9.910000E+37,+1.430928E+02,+3.584400E+04,-3.801326E-02,+0.000000E+00,+9.910000E+37,+1.431592E+02,+3.584400E+04
17:05:02,0e0,+4.753282E+00,+1.116000E-04,+9.910000E+37,+1.433789E+02,+3.584400E+04,+4.755427E+00,+1.116000E-04,+9.910000E+37,+1.434463E+02,+3.584400E+04,+4.756524E+00,+1.116000E-04,+9.910000E+37,+1.435127E+02,+3.584400E+04,-3.746657E-02,+0.000000E+00,+9.910000E+37,+1.435801E+02,+3.584400E+04
17:05:02,0e0,+4.860050E+00,+1.179000E-04,+9.910000E+37,+1.437979E+02,+3.584400E+04,+4.862512E+00,+1.179000E-04,+9.910000E+37,+1.438652E+02,+3.584400E+04,+4.863699E+00,+1.179000E-04,+9.910000E+37,+1.439307E+02,+3.584400E+04,-3.796764E-02,+0.000000E+00,+9.910000E+37,+1.439980E+02,+3.584400E+04
17:05:02,0e0,+4.967733E+00,+1.245000E-04,+9.910000E+37,+1.442197E+02,+3.584400E+04,+4.970054E+00,+1.245000E-04,+9.910000E+37,+1.442871E+02,+3.584400E+04,+4.971240E+00,+1.245000E-04,+9.910000E+37,+1.443525E+02,+3.584400E+04,-3.755778E-02,+0.000000E+00,+9.910000E+37,+1.444189E+02,+3.584400E+04
17:05:02,0e0,+5.076955E+00,+1.315500E-04,+9.910000E+37,+1.446436E+02,+3.584400E+04,+5.079417E+00,+1.315500E-04,+9.910000E+37,+1.447100E+02,+3.584400E+04,+5.080781E+00,+1.315500E-04,+9.910000E+37,+1.447754E+02,+3.584400E+04,-3.764886E-02,+0.000000E+00,+9.910000E+37,+1.448428E+02,+3.584400E+04
17:05:02,0e0,+5.186096E+00,+1.389500E-04,+9.910000E+37,+1.450615E+02,+3.584400E+04,+5.188143E+00,+1.389500E-04,+9.910000E+37,+1.451270E+02,+3.584400E+04,+5.188466E+00,+1.389500E-04,+9.910000E+37,+1.451943E+02,+3.584400E+04,-3.805853E-02,+0.000000E+00,+9.910000E+37,+1.452598E+02,+3.584400E+04
17:05:02,0e0,+5.294775E+00,+1.468000E-04,+9.910000E+37,+1.454834E+02,+3.584400E+04,+5.297688E+00,+1.468000E-04,+9.910000E+37,+1.455498E+02,+3.584400E+04,+5.299603E+00,+1.468000E-04,+9.910000E+37,+1.456172E+02,+3.584400E+04,-3.787638E-02,+0.000000E+00,+9.910000E+37,+1.456836E+02,+3.584400E+04
17:05:02,0e0,+5.403682E+00,+1.550500E-04,+9.910000E+37,+1.459053E+02,+3.584400E+04,+5.406697E+00,+1.550500E-04,+9.910000E+37,+1.459727E+02,+3.584400E+04,+5.407876E+00,+1.550500E-04,+9.910000E+37,+1.460391E+02,+3.584400E+04,-3.751236E-02,+0.000000E+00,+9.910000E+37,+1.461055E+02,+3.584400E+04
17:05:02,0e0,+5.512953E+00,+1.638000E-04,+9.910000E+37,+1.463271E+02,+3.584400E+04,+5.515824E+00,+1.638000E-04,+9.910000E+37,+1.463945E+02,+3.584400E+04,+5.516785E+00,+1.638000E-04,+9.910000E+37,+1.464609E+02,+3.584400E+04,-3.774013E-02,+0.000000E+00,+9.910000E+37,+1.465283E+02,+3.584400E+04
17:05:02,0e0,+5.622139E+00,+1.730000E-04,+9.910000E+37,+1.467490E+02,+3.584400E+04,+5.624277E+00,+1.730000E-04,+9.910000E+37,+1.468154E+02,+3.584400E+04,+5.625321E+00,+1.730000E-04,+9.910000E+37,+1.468818E+02,+3.584400E+04,-3.733033E-02,+0.000000E+00,+9.910000E+37,+1.469482E+02,+3.584400E+04
17:05:02,0e0,+5.730543E+00,+1.827500E-04,+9.910000E+37,+1.471699E+02,+3.584400E+04,+5.734368E+00,+1.827500E-04,+9.910000E+37,+1.472363E+02,+3.584400E+04,+5.734460E+00,+1.827500E-04,+9.910000E+37,+1.473027E+02,+3.584400E+04,-3.837742E-02,+0.000000E+00,+9.910000E+37,+1.473682E+02,+3.584400E+04
17:05:02,0e0,+5.838543E+00,+1.930500E-04,+9.910000E+37,+1.475908E+02,+3.584400E+04,+5.841686E+00,+1.930500E-04,+9.910000E+37,+1.476582E+02,+3.584400E+04,+5.842831E+00,+1.930500E-04,+9.910000E+37,+1.477236E+02,+3.584400E+04,-3.787656E-02,+0.000000E+00,+9.910000E+37,+1.477910E+02,+3.584400E+04
17:05:02,0e0,+5.946584E+00,+2.039500E-04,+9.910000E+37,+1.480107E+02,+3.584400E+04,+5.949099E+00,+2.039500E-04,+9.910000E+37,+1.480781E+02,+3.584400E+04,+5.950361E+00,+2.039500E-04,+9.910000E+37,+1.481436E+02,+3.584400E+04,-3.669265E-02,+0.000000E+00,+9.910000E+37,+1.482109E+02,+3.584400E+04
17:05:02,0e0,+6.053538E+00,+2.154500E-04,+9.910000E+37,+1.484326E+02,+3.584400E+04,+6.056178E+00,+2.154500E-04,+9.910000E+37,+1.484990E+02,+3.584400E+04,+6.057006E+00,+2.154500E-04,+9.910000E+37,+1.485664E+02,+3.584400E+04,-3.655626E-02,+0.000000E+00,+9.910000E+37,+1.486328E+02,+3.584400E+04
17:05:02,0e0,+6.159300E+00,+2.276000E-04,+9.910000E+37,+1.488545E+02,+3.584400E+04,+6.162398E+00,+2.276000E-04,+9.910000E+37,+1.489209E+02,+3.584400E+04,+6.162353E+00,+2.276000E-04,+9.910000E+37,+1.489883E+02,+3.584400E+04,-3.692052E-02,+0.000000E+00,+9.910000E+37,+1.490547E+02,+3.584400E+04
17:05:02,0e0,+6.262168E+00,+2.404000E-04,+9.910000E+37,+1.492773E+02,+3.584400E+04,+6.265977E+00,+2.404000E-04,+9.910000E+37,+1.493428E+02,+3.584400E+04,+6.266844E+00,+2.404000E-04,+9.910000E+37,+1.494092E+02,+3.584400E+04,-3.705665E-02,+0.000000E+00,+9.910000E+37,+1.494756E+02,+3.584400E+04
17:05:02,0e0,+6.362958E+00,+2.539500E-04,+9.910000E+37,+1.496963E+02,+3.584400E+04,+6.366511E+00,+2.539500E-04,+9.910000E+37,+1.497637E+02,+3.584400E+04,+6.368334E+00,+2.539500E-04,+9.910000E+37,+1.498291E+02,+3.584400E+04,-3.623757E-02,+0.000000E+00,+9.910000E+37,+1.498965E+02,+3.584400E+04
17:05:02,0e0,+6.463682E+00,+2.682500E-04,+9.910000E+37,+1.501172E+02,+3.584400E+04,+6.464902E+00,+2.682500E-04,+9.910000E+37,+1.501846E+02,+3.584400E+04,+6.463936E+00,+2.682500E-04,+9.910000E+37,+1.502500E+02,+3.584400E+04,-3.723912E-02,+0.000000E+00,+9.910000E+37,+1.503164E+02,+3.584400E+04
17:05:02,0e0,+6.559105E+00,+2.834000E-04,+9.910000E+37,+1.505381E+02,+3.584400E+04,+6.559887E+00,+2.834000E-04,+9.910000E+37,+1.506055E+02,+3.584400E+04,+6.561160E+00,+2.834000E-04,+9.910000E+37,+1.506709E+02,+3.584400E+04,-3.623787E-02,+0.000000E+00,+9.910000E+37,+1.507373E+02,+3.584400E+04
17:05:02,0e0,+6.648754E+00,+2.993500E-04,+9.910000E+37,+1.509551E+02,+3.584400E+04,+6.652724E+00,+2.993500E-04,+9.910000E+37,+1.510273E+02,+3.584400E+04,+6.651582E+00,+2.993500E-04,+9.910000E+37,+1.510947E+02,+3.584400E+04,-3.719398E-02,+0.000000E+00,+9.910000E+37,+1.511611E+02,+3.584400E+04
17:05:02,0e0,+6.735672E+00,+3.162500E-04,+9.910000E+37,+1.513809E+02,+3.584400E+04,+6.738595E+00,+3.162500E-04,+9.910000E+37,+1.514482E+02,+3.584400E+04,+6.738854E+00,+3.162500E-04,+9.910000E+37,+1.515137E+02,+3.584400E+04,-3.682943E-02,+0.000000E+00,+9.910000E+37,+1.515811E+02,+3.584400E+04
17:05:02,0e0,+6.818083E+00,+3.340500E-04,+9.910000E+37,+1.517988E+02,+3.584400E+04,+6.820632E+00,+3.340500E-04,+9.910000E+37,+1.518643E+02,+3.584400E+04,+6.819489E+00,+3.340500E-04,+9.910000E+37,+1.519307E+02,+3.584400E+04,-3.682949E-02,+0.000000E+00,+9.910000E+37,+1.519980E+02,+3.584400E+04
17:05:02,0e0,+6.894667E+00,+3.528500E-04,+9.910000E+37,+1.522197E+02,+3.584400E+04,+6.897171E+00,+3.528500E-04,+9.910000E+37,+1.522861E+02,+3.584400E+04,+6.897264E+00,+3.528500E-04,+9.910000E+37,+1.523535E+02,+3.584400E+04,-3.559996E-02,+0.000000E+00,+9.910000E+37,+1.524189E+02,+3.584400E+04
17:05:02,0e0,+6.965631E+00,+3.727500E-04,+9.910000E+37,+1.526406E+02,+3.584400E+04,+6.969845E+00,+3.727500E-04,+9.910000E+37,+1.527080E+02,+3.584400E+04,+6.969520E+00,+3.727500E-04,+9.910000E+37,+1.527754E+02,+3.584400E+04,-3.582785E-02,+0.000000E+00,+9.910000E+37,+1.528408E+02,+3.584400E+04
17:05:02,0e0,+7.036171E+00,+3.937500E-04,+9.910000E+37,+1.530625E+02,+3.584400E+04,+7.036891E+00,+3.937500E-04,+9.910000E+37,+1.531299E+02,+3.584400E+04,+7.037991E+00,+3.937500E-04,+9.910000E+37,+1.531953E+02,+3.584400E+04,-3.614661E-02,+0.000000E+00,+9.910000E+37,+1.532627E+02,+3.584400E+04
17:05:02,0e0,+7.101467E+00,+4.159500E-04,+9.910000E+37,+1.534834E+02,+3.584400E+04,+7.104097E+00,+4.159500E-04,+9.910000E+37,+1.535508E+02,+3.584400E+04,+7.104295E+00,+4.159500E-04,+9.910000E+37,+1.536172E+02,+3.584400E+04,-3.673808E-02,+0.000000E+00,+9.910000E+37,+1.536846E+02,+3.584400E+04
17:05:02,0e0,+7.164472E+00,+4.394000E-04,+9.910000E+37,+1.539043E+02,+3.584400E+04,+7.167399E+00,+4.394000E-04,+9.910000E+37,+1.539717E+02,+3.584400E+04,+7.169303E+00,+4.394000E-04,+9.910000E+37,+1.540371E+02,+3.584400E+04,-3.641981E-02,+0.000000E+00,+9.910000E+37,+1.541035E+02,+3.584400E+04
17:05:02,0e0,+7.226274E+00,+4.641500E-04,+9.910000E+37,+1.543262E+02,+3.584400E+04,+7.230125E+00,+4.641500E-04,+9.910000E+37,+1.543916E+02,+3.584400E+04,+7.231142E+00,+4.641500E-04,+9.910000E+37,+1.544590E+02,+3.584400E+04,-3.610112E-02,+0.000000E+00,+9.910000E+37,+1.545254E+02,+3.584400E+04
17:05:02,0e0,+7.288053E+00,+4.903000E-04,+9.910000E+37,+1.547432E+02,+3.584400E+04,+7.290329E+00,+4.903000E-04,+9.910000E+37,+1.548154E+02,+3.584400E+04,+7.291506E+00,+4.903000E-04,+9.910000E+37,+1.548828E+02,+3.584400E+04,-3.473513E-02,+0.000000E+00,+9.910000E+37,+1.549492E+02,+3.584400E+04
17:05:02,0e0,+7.345404E+00,+5.179500E-04,+9.910000E+37,+1.551660E+02,+3.584400E+04,+7.349925E+00,+5.179500E-04,+9.910000E+37,+1.552334E+02,+3.584400E+04,+7.350572E+00,+5.179500E-04,+9.910000E+37,+1.552998E+02,+3.584400E+04,-3.478058E-02,+0.000000E+00,+9.910000E+37,+1.553672E+02,+3.584400E+04
17:05:02,0e0,+7.403787E+00,+5.471500E-04,+9.910000E+37,+1.555869E+02,+3.584400E+04,+7.409667E+00,+5.471500E-04,+9.910000E+37,+1.556543E+02,+3.584400E+04,+7.408751E+00,+5.471500E-04,+9.910000E+37,+1.557197E+02,+3.584400E+04,-3.505386E-02,+0.000000E+00,+9.910000E+37,+1.557871E+02,+3.584400E+04
17:05:02,0e0,+7.462921E+00,+5.779500E-04,+9.910000E+37,+1.560098E+02,+3.584400E+04,+7.467022E+00,+5.779500E-04,+9.910000E+37,+1.560771E+02,+3.584400E+04,+7.467389E+00,+5.779500E-04,+9.910000E+37,+1.561426E+02,+3.584400E+04,-3.605542E-02,+0.000000E+00,+9.910000E+37,+1.562090E+02,+3.584400E+04
17:05:02,0e0,+7.517468E+00,+6.105500E-04,+9.910000E+37,+1.564336E+02,+3.584400E+04,+7.522939E+00,+6.105500E-04,+9.910000E+37,+1.565010E+02,+3.584400E+04,+7.524433E+00,+6.105500E-04,+9.910000E+37,+1.565664E+02,+3.584400E+04,-3.596449E-02,+0.000000E+00,+9.910000E+37,+1.566328E+02,+3.584400E+04
17:05:02,0e0,+7.574291E+00,+6.449500E-04,+9.910000E+37,+1.568564E+02,+3.584400E+04,+7.580577E+00,+6.449500E-04,+9.910000E+37,+1.569219E+02,+3.584400E+04,+7.580670E+00,+6.449500E-04,+9.910000E+37,+1.569883E+02,+3.584400E+04,-3.564563E-02,+0.000000E+00,+9.910000E+37,+1.570547E+02,+3.584400E+04
17:05:02,0e0,+7.629534E+00,+6.813000E-04,+9.910000E+37,+1.572754E+02,+3.584400E+04,+7.634208E+00,+6.813000E-04,+9.910000E+37,+1.573418E+02,+3.584400E+04,+7.636302E+00,+6.813000E-04,+9.910000E+37,+1.574092E+02,+3.584400E+04,-3.564578E-02,+0.000000E+00,+9.910000E+37,+1.574746E+02,+3.584400E+04
17:05:02,0e0,+7.683796E+00,+7.197000E-04,+9.910000E+37,+1.576963E+02,+3.584400E+04,+7.689076E+00,+7.197000E-04,+9.910000E+37,+1.577627E+02,+3.584400E+04,+7.690896E+00,+7.197000E-04,+9.910000E+37,+1.578301E+02,+3.584400E+04,-3.564605E-02,+0.000000E+00,+9.910000E+37,+1.578965E+02,+3.584400E+04
17:05:02,0e0,+7.738338E+00,+7.602500E-04,+9.910000E+37,+1.581201E+02,+3.584400E+04,+7.742847E+00,+7.602500E-04,+9.910000E+37,+1.581865E+02,+3.584400E+04,+7.745346E+00,+7.602500E-04,+9.910000E+37,+1.582539E+02,+3.584400E+04,-3.446200E-02,+0.000000E+00,+9.910000E+37,+1.583203E+02,+3.584400E+04
17:05:02,0e0,+7.792841E+00,+8.031000E-04,+9.910000E+37,+1.585420E+02,+3.584400E+04,+7.796571E+00,+8.031000E-04,+9.910000E+37,+1.586094E+02,+3.584400E+04,+7.797894E+00,+8.031000E-04,+9.910000E+37,+1.586758E+02,+3.584400E+04,-3.573707E-02,+0.000000E+00,+9.910000E+37,+1.587432E+02,+3.584400E+04
17:05:02,0e0,+7.845193E+00,+8.483500E-04,+9.910000E+37,+1.589687E+02,+3.584400E+04,+7.849657E+00,+8.483500E-04,+9.910000E+37,+1.590361E+02,+3.584400E+04,+7.852767E+00,+8.483500E-04,+9.910000E+37,+1.591025E+02,+3.584400E+04,-3.569105E-02,+0.000000E+00,+9.910000E+37,+1.591699E+02,+3.584400E+04
17:05:02,0e0,+7.896674E+00,+8.961500E-04,+9.910000E+37,+1.593896E+02,+3.584400E+04,+7.903796E+00,+8.961500E-04,+9.910000E+37,+1.594570E+02,+3.584400E+04,+7.904612E+00,+8.961500E-04,+9.910000E+37,+1.595225E+02,+3.584400E+04,-3.546347E-02,+0.000000E+00,+9.910000E+37,+1.595898E+02,+3.584400E+04
17:05:02,0e0,+7.950345E+00,+9.466500E-04,+9.910000E+37,+1.598174E+02,+3.584400E+04,+7.957030E+00,+9.466500E-04,+9.910000E+37,+1.598838E+02,+3.584400E+04,+7.957747E+00,+9.466500E-04,+9.910000E+37,+1.599512E+02,+3.584400E+04,-3.560024E-02,+0.000000E+00,+9.910000E+37,+1.600166E+02,+3.584400E+04
17:05:02,0e0,+8.002368E+00,+1.000000E-03,+9.910000E+37,+1.602393E+02,+3.584400E+04,+8.008555E+00,+1.000000E-03,+9.910000E+37,+1.603057E+02,+3.584400E+04,+8.010880E+00,+1.000000E-03,+9.910000E+37,+1.603721E+02,+3.584400E+04,-3.437090E-02,+0.000000E+00,+9.910000E+37,+1.604395E+02,+3.584400E+04
17:05:02,0e0,+8.042612E+00,+1.056500E-03,+9.910000E+37,+1.606582E+02,+3.584400E+04,+8.048765E+00,+1.056500E-03,+9.910000E+37,+1.607246E+02,+3.584400E+04,+8.049308E+00,+1.056500E-03,+9.910000E+37,+1.607920E+02,+3.584400E+04,-1.384988E-01,+0.000000E+00,+9.910000E+37,+1.608574E+02,+3.584400E+04
17:05:02,0e0,+8.095387E+00,+1.116000E-03,+9.910000E+37,+1.610762E+02,+3.584400E+04,+8.101123E+00,+1.116000E-03,+9.910000E+37,+1.611426E+02,+3.584400E+04,+8.104403E+00,+1.116000E-03,+9.910000E+37,+1.612080E+02,+3.584400E+04,-1.415948E-01,+0.000000E+00,+9.910000E+37,+1.612744E+02,+3.584400E+04
17:05:02,0e0,+8.149650E+00,+1.179000E-03,+9.910000E+37,+1.614951E+02,+3.584400E+04,+8.154900E+00,+1.179000E-03,+9.910000E+37,+1.615605E+02,+3.584400E+04,+8.158079E+00,+1.179000E-03,+9.910000E+37,+1.616270E+02,+3.584400E+04,-1.364044E-01,+0.000000E+00,+9.910000E+37,+1.616943E+02,+3.584400E+04
17:05:02,0e0,+8.203345E+00,+1.245000E-03,+9.910000E+37,+1.619160E+02,+3.584400E+04,+8.208435E+00,+1.245000E-03,+9.910000E+37,+1.619834E+02,+3.584400E+04,+8.211677E+00,+1.245000E-03,+9.910000E+37,+1.620488E+02,+3.584400E+04,-1.369052E-01,+0.000000E+00,+9.910000E+37,+1.621162E+02,+3.584400E+04
17:05:02,0e0,+8.258566E+00,+1.315500E-03,+9.910000E+37,+1.623398E+02,+3.584400E+04,+8.262711E+00,+1.315500E-03,+9.910000E+37,+1.624063E+02,+3.584400E+04,+8.266128E+00,+1.315500E-03,+9.910000E+37,+1.624727E+02,+3.584400E+04,-1.374971E-01,+0.000000E+00,+9.910000E+37,+1.625391E+02,+3.584400E+04
17:05:02,0e0,+8.311965E+00,+1.389500E-03,+9.910000E+37,+1.627598E+02,+3.584400E+04,+8.318301E+00,+1.389500E-03,+9.910000E+37,+1.628271E+02,+3.584400E+04,+8.319747E+00,+1.389500E-03,+9.910000E+37,+1.628926E+02,+3.584400E+04,-1.371784E-01,+0.000000E+00,+9.910000E+37,+1.629590E+02,+3.584400E+04
17:05:02,0e0,+8.367700E+00,+1.468000E-03,+9.910000E+37,+1.631797E+02,+3.584400E+04,+8.373385E+00,+1.468000E-03,+9.910000E+37,+1.632471E+02,+3.584400E+04,+8.374441E+00,+1.468000E-03,+9.910000E+37,+1.633125E+02,+3.584400E+04,-1.393185E-01,+0.000000E+00,+9.910000E+37,+1.633789E+02,+3.584400E+04
17:05:02,0e0,+8.421657E+00,+1.550500E-03,+9.910000E+37,+1.636006E+02,+3.584400E+04,+8.428384E+00,+1.550500E-03,+9.910000E+37,+1.636660E+02,+3.584400E+04,+8.430030E+00,+1.550500E-03,+9.910000E+37,+1.637324E+02,+3.584400E+04,-1.394093E-01,+0.000000E+00,+9.910000E+37,+1.637998E+02,+3.584400E+04
17:05:02,0e0,+8.476427E+00,+1.638000E-03,+9.910000E+37,+1.640225E+02,+3.584400E+04,+8.482346E+00,+1.638000E-03,+9.910000E+37,+1.640898E+02,+3.584400E+04,+8.483024E+00,+1.638000E-03,+9.910000E+37,+1.641563E+02,+3.584400E+04,-1.375881E-01,+0.000000E+00,+9.910000E+37,+1.642227E+02,+3.584400E+04
17:05:02,0e0,+8.529647E+00,+1.730000E-03,+9.910000E+37,+1.644473E+02,+3.584400E+04,+8.535752E+00,+1.730000E-03,+9.910000E+37,+1.645146E+02,+3.584400E+04,+8.536978E+00,+1.730000E-03,+9.910000E+37,+1.645820E+02,+3.584400E+04,-1.348562E-01,+0.000000E+00,+9.910000E+37,+1.646475E+02,+3.584400E+04
17:05:02,0e0,+8.584649E+00,+1.827500E-03,+9.910000E+37,+1.648730E+02,+3.584400E+04,+8.588195E+00,+1.827500E-03,+9.910000E+37,+1.649395E+02,+3.584400E+04,+8.592117E+00,+1.827500E-03,+9.910000E+37,+1.650059E+02,+3.584400E+04,-1.357215E-01,+0.000000E+00,+9.910000E+37,+1.650732E+02,+3.584400E+04
17:05:02,0e0,+8.637609E+00,+1.930500E-03,+9.910000E+37,+1.652939E+02,+3.584400E+04,+8.644245E+00,+1.930500E-03,+9.910000E+37,+1.653604E+02,+3.584400E+04,+8.645296E+00,+1.930500E-03,+9.910000E+37,+1.654277E+02,+3.584400E+04,-1.326710E-01,+0.000000E+00,+9.910000E+37,+1.654932E+02,+3.584400E+04
17:05:02,0e0,+8.693516E+00,+2.039500E-03,+9.910000E+37,+1.657158E+02,+3.584400E+04,+8.698705E+00,+2.039500E-03,+9.910000E+37,+1.657822E+02,+3.584400E+04,+8.701024E+00,+2.039500E-03,+9.910000E+37,+1.658486E+02,+3.584400E+04,-1.340369E-01,+0.000000E+00,+9.910000E+37,+1.659160E+02,+3.584400E+04
17:05:02,0e0,+8.750976E+00,+2.154500E-03,+9.910000E+37,+1.661377E+02,+3.584400E+04,+8.755835E+00,+2.154500E-03,+9.910000E+37,+1.662051E+02,+3.584400E+04,+8.759485E+00,+2.154500E-03,+9.910000E+37,+1.662725E+02,+3.584400E+04,-1.348109E-01,+0.000000E+00,+9.910000E+37,+1.663379E+02,+3.584400E+04
17:05:02,0e0,+8.809348E+00,+2.276000E-03,+9.910000E+37,+1.665635E+02,+3.584400E+04,+8.815070E+00,+2.276000E-03,+9.910000E+37,+1.666299E+02,+3.584400E+04,+8.816487E+00,+2.276000E-03,+9.910000E+37,+1.666963E+02,+3.584400E+04,-1.315327E-01,+0.000000E+00,+9.910000E+37,+1.667627E+02,+3.584400E+04
17:05:02,0e0,+8.870177E+00,+2.404000E-03,+9.910000E+37,+1.669873E+02,+3.584400E+04,+8.875676E+00,+2.404000E-03,+9.910000E+37,+1.670547E+02,+3.584400E+04,+8.876725E+00,+2.404000E-03,+9.910000E+37,+1.671221E+02,+3.584400E+04,-1.284821E-01,+0.000000E+00,+9.910000E+37,+1.671875E+02,+3.584400E+04
17:05:02,0e0,+8.930534E+00,+2.539500E-03,+9.910000E+37,+1.674102E+02,+3.584400E+04,+8.935448E+00,+2.539500E-03,+9.910000E+37,+1.674766E+02,+3.584400E+04,+8.938826E+00,+2.539500E-03,+9.910000E+37,+1.675430E+02,+3.584400E+04,-1.296661E-01,+0.000000E+00,+9.910000E+37,+1.676104E+02,+3.584400E+04
17:05:02,0e0,+8.993229E+00,+2.682500E-03,+9.910000E+37,+1.678340E+02,+3.584400E+04,+8.998877E+00,+2.682500E-03,+9.910000E+37,+1.679004E+02,+3.584400E+04,+9.001431E+00,+2.682500E-03,+9.910000E+37,+1.679668E+02,+3.584400E+04,-1.304855E-01,+0.000000E+00,+9.910000E+37,+1.680342E+02,+3.584400E+04
17:05:02,0e0,+9.057940E+00,+2.834000E-03,+9.910000E+37,+1.682598E+02,+3.584400E+04,+9.063637E+00,+2.834000E-03,+9.910000E+37,+1.683262E+02,+3.584400E+04,+9.063916E+00,+2.834000E-03,+9.910000E+37,+1.683936E+02,+3.584400E+04,-1.284821E-01,+0.000000E+00,+9.910000E+37,+1.684590E+02,+3.584400E+04
17:05:02,0e0,+9.124728E+00,+2.993500E-03,+9.910000E+37,+1.686846E+02,+3.584400E+04,+9.127680E+00,+2.993500E-03,+9.910000E+37,+1.687510E+02,+3.584400E+04,+9.130737E+00,+2.993500E-03,+9.910000E+37,+1.688174E+02,+3.584400E+04,-1.279813E-01,+0.000000E+00,+9.910000E+37,+1.688838E+02,+3.584400E+04
17:05:02,0e0,+9.189791E+00,+3.162500E-03,+9.910000E+37,+1.691084E+02,+3.584400E+04,+9.193644E+00,+3.162500E-03,+9.910000E+37,+1.691738E+02,+3.584400E+04,+9.195942E+00,+3.162500E-03,+9.910000E+37,+1.692402E+02,+3.584400E+04,-1.295749E-01,+0.000000E+00,+9.910000E+37,+1.693076E+02,+3.584400E+04
17:05:02,0e0,+9.258091E+00,+3.340500E-03,+9.910000E+37,+1.695293E+02,+3.584400E+04,+9.261543E+00,+3.340500E-03,+9.910000E+37,+1.695967E+02,+3.584400E+04,+9.263246E+00,+3.340500E-03,+9.910000E+37,+1.696621E+02,+3.584400E+04,-1.260691E-01,+0.000000E+00,+9.910000E+37,+1.697285E+02,+3.584400E+04
17:05:02,0e0,+9.327422E+00,+3.528500E-03,+9.910000E+37,+1.699492E+02,+3.584400E+04,+9.330290E+00,+3.528500E-03,+9.910000E+37,+1.700156E+02,+3.584400E+04,+9.330582E+00,+3.528500E-03,+9.910000E+37,+1.700820E+02,+3.584400E+04,-1.240657E-01,+0.000000E+00,+9.910000E+37,+1.701494E+02,+3.584400E+04
17:05:02,0e0,+9.395818E+00,+3.727500E-03,+9.910000E+37,+1.703691E+02,+3.584400E+04,+9.399955E+00,+3.727500E-03,+9.910000E+37,+1.704355E+02,+3.584400E+04,+9.399683E+00,+3.727500E-03,+9.910000E+37,+1.705020E+02,+3.584400E+04,-1.269797E-01,+0.000000E+00,+9.910000E+37,+1.705684E+02,+3.584400E+04
17:05:02,0e0,+9.466081E+00,+3.937500E-03,+9.910000E+37,+1.707881E+02,+3.584400E+04,+9.470301E+00,+3.937500E-03,+9.910000E+37,+1.708555E+02,+3.584400E+04,+9.469303E+00,+3.937500E-03,+9.910000E+37,+1.709219E+02,+3.584400E+04,-1.262967E-01,+0.000000E+00,+9.910000E+37,+1.709883E+02,+3.584400E+04
17:05:02,0e0,+9.539321E+00,+4.159500E-03,+9.910000E+37,+1.712129E+02,+3.584400E+04,+9.541339E+00,+4.159500E-03,+9.910000E+37,+1.712783E+02,+3.584400E+04,+9.542515E+00,+4.159500E-03,+9.910000E+37,+1.713447E+02,+3.584400E+04,-1.207876E-01,+0.000000E+00,+9.910000E+37,+1.714111E+02,+3.584400E+04
17:05:02,0e0,+9.612053E+00,+4.394000E-03,+9.910000E+37,+1.716328E+02,+3.584400E+04,+9.615131E+00,+4.394000E-03,+9.910000E+37,+1.717002E+02,+3.584400E+04,+9.612471E+00,+4.394000E-03,+9.910000E+37,+1.717656E+02,+3.584400E+04,-1.214705E-01,+0.000000E+00,+9.910000E+37,+1.718320E+02,+3.584400E+04
17:05:02,0e0,+9.687119E+00,+4.641500E-03,+9.910000E+37,+1.720586E+02,+3.584400E+04,+9.690209E+00,+4.641500E-03,+9.910000E+37,+1.721250E+02,+3.584400E+04,+9.690256E+00,+4.641500E-03,+9.910000E+37,+1.721924E+02,+3.584400E+04,-1.198315E-01,+0.000000E+00,+9.910000E+37,+1.722578E+02,+3.584400E+04
17:05:02,0e0,+9.763003E+00,+4.903000E-03,+9.910000E+37,+1.724844E+02,+3.584400E+04,+9.766064E+00,+4.903000E-03,+9.910000E+37,+1.725498E+02,+3.584400E+04,+9.765107E+00,+4.903000E-03,+9.910000E+37,+1.726162E+02,+3.584400E+04,-1.203778E-01,+0.000000E+00,+9.910000E+37,+1.726826E+02,+3.584400E+04
17:05:02,0e0,+9.842277E+00,+5.179500E-03,+9.910000E+37,+1.729082E+02,+3.584400E+04,+9.844324E+00,+5.179500E-03,+9.910000E+37,+1.729746E+02,+3.584400E+04,+9.842193E+00,+5.179500E-03,+9.910000E+37,+1.730410E+02,+3.584400E+04,-1.153241E-01,+0.000000E+00,+9.910000E+37,+1.731074E+02,+3.584400E+04
17:05:02,0e0,+9.920456E+00,+5.471500E-03,+9.910000E+37,+1.733320E+02,+3.584400E+04,+9.922093E+00,+5.471500E-03,+9.910000E+37,+1.733984E+02,+3.584400E+04,+9.921181E+00,+5.471500E-03,+9.910000E+37,+1.734648E+02,+3.584400E+04,-1.166443E-01,+0.000000E+00,+9.910000E+37,+1.735313E+02,+3.584400E+04
17:05:02,0e0,+1.000232E+01,+5.779500E-03,+9.910000E+37,+1.737568E+02,+3.584400E+04,+1.000296E+01,+5.779500E-03,+9.910000E+37,+1.738242E+02,+3.584400E+04,+1.000058E+01,+5.779500E-03,+9.910000E+37,+1.738906E+02,+3.584400E+04,-1.144589E-01,+0.000000E+00,+9.910000E+37,+1.739580E+02,+3.584400E+04
17:05:02,0e0,+1.008309E+01,+6.105500E-03,+9.910000E+37,+1.741777E+02,+3.584400E+04,+1.008272E+01,+6.105500E-03,+9.910000E+37,+1.742441E+02,+3.584400E+04,+1.008350E+01,+6.105500E-03,+9.910000E+37,+1.743115E+02,+3.584400E+04,-1.121825E-01,+0.000000E+00,+9.910000E+37,+1.743779E+02,+3.584400E+04
17:05:02,0e0,+1.016627E+01,+6.449500E-03,+9.910000E+37,+1.745986E+02,+3.584400E+04,+1.016676E+01,+6.449500E-03,+9.910000E+37,+1.746660E+02,+3.584400E+04,+1.016506E+01,+6.449500E-03,+9.910000E+37,+1.747314E+02,+3.584400E+04,-1.073107E-01,+0.000000E+00,+9.910000E+37,+1.747988E+02,+3.584400E+04
17:05:02,0e0,+1.025236E+01,+6.813000E-03,+9.910000E+37,+1.750205E+02,+3.584400E+04,+1.025177E+01,+6.813000E-03,+9.910000E+37,+1.750859E+02,+3.584400E+04,+1.024766E+01,+6.813000E-03,+9.910000E+37,+1.751523E+02,+3.584400E+04,-1.082668E-01,+0.000000E+00,+9.910000E+37,+1.752197E+02,+3.584400E+04
17:05:02,0e0,+1.034010E+01,+7.197000E-03,+9.910000E+37,+1.754414E+02,+3.584400E+04,+1.033769E+01,+7.197000E-03,+9.910000E+37,+1.755078E+02,+3.584400E+04,+1.033400E+01,+7.197000E-03,+9.910000E+37,+1.755742E+02,+3.584400E+04,-1.078570E-01,+0.000000E+00,+9.910000E+37,+1.756406E+02,+3.584400E+04
17:05:02,0e0,+1.042579E+01,+7.602500E-03,+9.910000E+37,+1.758623E+02,+3.584400E+04,+1.042488E+01,+7.602500E-03,+9.910000E+37,+1.759287E+02,+3.584400E+04,+1.042161E+01,+7.602500E-03,+9.910000E+37,+1.759951E+02,+3.584400E+04,-1.085400E-01,+0.000000E+00,+9.910000E+37,+1.760625E+02,+3.584400E+04
17:05:02,0e0,+1.051549E+01,+8.031000E-03,+9.910000E+37,+1.762832E+02,+3.584400E+04,+1.051339E+01,+8.031000E-03,+9.910000E+37,+1.763506E+02,+3.584400E+04,+1.050975E+01,+8.031000E-03,+9.910000E+37,+1.764160E+02,+3.584400E+04,-1.056717E-01,+0.000000E+00,+9.910000E+37,+1.764834E+02,+3.584400E+04
17:05:02,0e0,+1.060418E+01,+8.483500E-03,+9.910000E+37,+1.767021E+02,+3.584400E+04,+1.060241E+01,+8.483500E-03,+9.910000E+37,+1.767686E+02,+3.584400E+04,+1.059776E+01,+8.483500E-03,+9.910000E+37,+1.768350E+02,+3.584400E+04,-9.943382E-02,+0.000000E+00,+9.910000E+37,+1.769014E+02,+3.584400E+04
17:05:02,0e0,+1.069232E+01,+8.961500E-03,+9.910000E+37,+1.771240E+02,+3.584400E+04,+1.068955E+01,+8.961500E-03,+9.910000E+37,+1.771895E+02,+3.584400E+04,+1.068508E+01,+8.961500E-03,+9.910000E+37,+1.772559E+02,+3.584400E+04,-9.884203E-02,+0.000000E+00,+9.910000E+37,+1.773232E+02,+3.584400E+04
17:05:02,0e0,+1.078129E+01,+9.466500E-03,+9.910000E+37,+1.775439E+02,+3.584400E+04,+1.077801E+01,+9.466500E-03,+9.910000E+37,+1.776104E+02,+3.584400E+04,+1.077213E+01,+9.466500E-03,+9.910000E+37,+1.776777E+02,+3.584400E+04,-9.665658E-02,+0.000000E+00,+9.910000E+37,+1.777432E+02,+3.584400E+04
