16:25:28,0e0,-2.078118E+00,+1.000000E-07,+9.910000E+37,+4.861934E+02,+3.584400E+04,+3.168783E-02,+1.000000E-07,+9.910000E+37,+4.862607E+02,+3.584400E+04,+3.027639E-02,+1.000000E-07,+9.910000E+37,+4.863271E+02,+3.584400E+04,-8.787736E-03,+0.000000E+00,+9.910000E+37,+4.863945E+02,+3.584400E+04
16:25:28,0e0,-2.174602E+00,+1.056500E-07,+9.910000E+37,+4.866172E+02,+3.584400E+04,+3.255311E-02,+1.056500E-07,+9.910000E+37,+4.866836E+02,+3.584400E+04,+3.319052E-02,+1.056500E-07,+9.910000E+37,+4.867500E+02,+3.584400E+04,-9.061232E-03,+0.000000E+00,+9.910000E+37,+4.868154E+02,+3.584400E+04
16:25:28,0e0,-1.510469E+00,+1.116000E-07,+9.910000E+37,+4.870400E+02,+3.584400E+04,+3.533059E-02,+1.116000E-07,+9.910000E+37,+4.871064E+02,+3.584400E+04,+3.496584E-02,+1.116000E-07,+9.910000E+37,+4.871738E+02,+3.584400E+04,-1.033577E-02,+0.000000E+00,+9.910000E+37,+4.872393E+02,+3.584400E+04
16:25:28,0e0,-1.062752E+00,+1.179000E-07,+9.910000E+37,+4.874668E+02,+3.584400E+04,+3.564885E-02,+1.179000E-07,+9.910000E+37,+4.875332E+02,+3.584400E+04,+3.637761E-02,+1.179000E-07,+9.910000E+37,+4.875996E+02,+3.584400E+04,-8.651122E-03,+0.000000E+00,+9.910000E+37,+4.876670E+02,+3.584400E+04
16:25:28,0e0,-1.185281E+00,+1.245000E-07,+9.910000E+37,+4.878916E+02,+3.584400E+04,+3.769821E-02,+1.245000E-07,+9.910000E+37,+4.879590E+02,+3.584400E+04,+3.624040E-02,+1.245000E-07,+9.910000E+37,+4.880264E+02,+3.584400E+04,-9.971946E-03,+0.000000E+00,+9.910000E+37,+4.880918E+02,+3.584400E+04
16:25:28,0e0,-8.593612E-01,+1.315500E-07,+9.910000E+37,+4.883262E+02,+3.584400E+04,+3.883594E-02,+1.315500E-07,+9.910000E+37,+4.883926E+02,+3.584400E+04,+3.838032E-02,+1.315500E-07,+9.910000E+37,+4.884590E+02,+3.584400E+04,-9.288311E-03,+0.000000E+00,+9.910000E+37,+4.885254E+02,+3.584400E+04
16:25:28,0e0,-7.043235E-01,+1.389500E-07,+9.910000E+37,+4.887510E+02,+3.584400E+04,+4.042900E-02,+1.389500E-07,+9.910000E+37,+4.888184E+02,+3.584400E+04,+3.910860E-02,+1.389500E-07,+9.910000E+37,+4.888857E+02,+3.584400E+04,-8.832932E-03,+0.000000E+00,+9.910000E+37,+4.889512E+02,+3.584400E+04
16:25:28,0e0,-8.139180E-01,+1.468000E-07,+9.910000E+37,+4.891777E+02,+3.584400E+04,+4.229602E-02,+1.468000E-07,+9.910000E+37,+4.892441E+02,+3.584400E+04,+4.215959E-02,+1.468000E-07,+9.910000E+37,+4.893105E+02,+3.584400E+04,-9.105995E-03,+0.000000E+00,+9.910000E+37,+4.893779E+02,+3.584400E+04
16:25:28,0e0,-3.740784E-01,+1.550500E-07,+9.910000E+37,+4.896025E+02,+3.584400E+04,+4.443589E-02,+1.550500E-07,+9.910000E+37,+4.896699E+02,+3.584400E+04,+4.407179E-02,+1.550500E-07,+9.910000E+37,+4.897354E+02,+3.584400E+04,-9.288251E-03,+0.000000E+00,+9.910000E+37,+4.898018E+02,+3.584400E+04
16:25:28,0e0,-2.367993E-01,+1.638000E-07,+9.910000E+37,+4.900283E+02,+3.584400E+04,+4.643932E-02,+1.638000E-07,+9.910000E+37,+4.900957E+02,+3.584400E+04,+4.557475E-02,+1.638000E-07,+9.910000E+37,+4.901611E+02,+3.584400E+04,-9.288251E-03,+0.000000E+00,+9.910000E+37,+4.902275E+02,+3.584400E+04
16:25:28,0e0,-1.432812E-01,+1.730000E-07,+9.910000E+37,+4.904492E+02,+3.584400E+04,+4.908004E-02,+1.730000E-07,+9.910000E+37,+4.905156E+02,+3.584400E+04,+4.580131E-02,+1.730000E-07,+9.910000E+37,+4.905820E+02,+3.584400E+04,-9.379581E-03,+0.000000E+00,+9.910000E+37,+4.906484E+02,+3.584400E+04
16:25:28,0e0,-7.826544E-02,+1.827500E-07,+9.910000E+37,+4.908779E+02,+3.584400E+04,+4.958090E-02,+1.827500E-07,+9.910000E+37,+4.909443E+02,+3.584400E+04,+4.880685E-02,+1.827500E-07,+9.910000E+37,+4.910107E+02,+3.584400E+04,-9.151861E-03,+0.000000E+00,+9.910000E+37,+4.910771E+02,+3.584400E+04
16:25:28,0e0,-4.325338E-02,+1.930500E-07,+9.910000E+37,+4.913027E+02,+3.584400E+04,+5.153853E-02,+1.930500E-07,+9.910000E+37,+4.913691E+02,+3.584400E+04,+5.030897E-02,+1.930500E-07,+9.910000E+37,+4.914355E+02,+3.584400E+04,-9.379461E-03,+0.000000E+00,+9.910000E+37,+4.915020E+02,+3.584400E+04
16:25:28,0e0,+2.294618E-02,+2.039500E-07,+9.910000E+37,+4.917295E+02,+3.584400E+04,+5.345088E-02,+2.039500E-07,+9.910000E+37,+4.917959E+02,+3.584400E+04,+5.345127E-02,+2.039500E-07,+9.910000E+37,+4.918633E+02,+3.584400E+04,-9.971306E-03,+0.000000E+00,+9.910000E+37,+4.919287E+02,+3.584400E+04
16:25:28,0e0,+5.358726E-02,+2.154500E-07,+9.910000E+37,+4.921582E+02,+3.584400E+04,+5.495316E-02,+2.154500E-07,+9.910000E+37,+4.922246E+02,+3.584400E+04,+5.536315E-02,+2.154500E-07,+9.910000E+37,+4.922920E+02,+3.584400E+04,-9.606972E-03,+0.000000E+00,+9.910000E+37,+4.923594E+02,+3.584400E+04
16:25:28,0e0,+5.631912E-02,+2.276000E-07,+9.910000E+37,+4.925879E+02,+3.584400E+04,+5.677390E-02,+2.276000E-07,+9.910000E+37,+4.926553E+02,+3.584400E+04,+5.654693E-02,+2.276000E-07,+9.910000E+37,+4.927227E+02,+3.584400E+04,-1.079114E-02,+0.000000E+00,+9.910000E+37,+4.927881E+02,+3.584400E+04
16:25:28,0e0,+5.855051E-02,+2.404000E-07,+9.910000E+37,+4.930146E+02,+3.584400E+04,+5.809504E-02,+2.404000E-07,+9.910000E+37,+4.930811E+02,+3.584400E+04,+5.996138E-02,+2.404000E-07,+9.910000E+37,+4.931475E+02,+3.584400E+04,-1.024461E-02,+0.000000E+00,+9.910000E+37,+4.932139E+02,+3.584400E+04
16:25:28,0e0,+6.028011E-02,+2.539500E-07,+9.910000E+37,+4.934434E+02,+3.584400E+04,+6.014344E-02,+2.539500E-07,+9.910000E+37,+4.935107E+02,+3.584400E+04,+6.137297E-02,+2.539500E-07,+9.910000E+37,+4.935781E+02,+3.584400E+04,-1.165634E-02,+0.000000E+00,+9.910000E+37,+4.936445E+02,+3.584400E+04
16:25:28,0e0,+6.242004E-02,+2.682500E-07,+9.910000E+37,+4.938760E+02,+3.584400E+04,+6.242001E-02,+2.682500E-07,+9.910000E+37,+4.939434E+02,+3.584400E+04,+6.109920E-02,+2.682500E-07,+9.910000E+37,+4.940107E+02,+3.584400E+04,-9.698346E-03,+0.000000E+00,+9.910000E+37,+4.940762E+02,+3.584400E+04
16:25:28,0e0,+6.260163E-02,+2.834000E-07,+9.910000E+37,+4.943027E+02,+3.584400E+04,+6.437761E-02,+2.834000E-07,+9.910000E+37,+4.943691E+02,+3.584400E+04,+6.314820E-02,+2.834000E-07,+9.910000E+37,+4.944355E+02,+3.584400E+04,-9.561434E-03,+0.000000E+00,+9.910000E+37,+4.945020E+02,+3.584400E+04
16:25:28,0e0,+6.642669E-02,+2.993500E-07,+9.910000E+37,+4.947285E+02,+3.584400E+04,+6.597179E-02,+2.993500E-07,+9.910000E+37,+4.947959E+02,+3.584400E+04,+6.592569E-02,+2.993500E-07,+9.910000E+37,+4.948633E+02,+3.584400E+04,-1.033543E-02,+0.000000E+00,+9.910000E+37,+4.949297E+02,+3.584400E+04
16:25:28,0e0,+6.724632E-02,+3.162500E-07,+9.910000E+37,+4.951592E+02,+3.584400E+04,+6.806564E-02,+3.162500E-07,+9.910000E+37,+4.952256E+02,+3.584400E+04,+6.628940E-02,+3.162500E-07,+9.910000E+37,+4.952930E+02,+3.584400E+04,-1.047210E-02,+0.000000E+00,+9.910000E+37,+4.953584E+02,+3.584400E+04
16:25:28,0e0,+6.929433E-02,+3.340500E-07,+9.910000E+37,+4.955820E+02,+3.584400E+04,+6.924936E-02,+3.340500E-07,+9.910000E+37,+4.956484E+02,+3.584400E+04,+7.034209E-02,+3.340500E-07,+9.910000E+37,+4.957148E+02,+3.584400E+04,-9.698018E-03,+0.000000E+00,+9.910000E+37,+4.957813E+02,+3.584400E+04
16:25:28,0e0,+7.138902E-02,+3.528500E-07,+9.910000E+37,+4.960039E+02,+3.584400E+04,+7.129791E-02,+3.528500E-07,+9.910000E+37,+4.960703E+02,+3.584400E+04,+7.138884E-02,+3.528500E-07,+9.910000E+37,+4.961367E+02,+3.584400E+04,-1.170200E-02,+0.000000E+00,+9.910000E+37,+4.962041E+02,+3.584400E+04
16:25:28,0e0,+7.434854E-02,+3.727500E-07,+9.910000E+37,+4.964336E+02,+3.584400E+04,+7.416704E-02,+3.727500E-07,+9.910000E+37,+4.965010E+02,+3.584400E+04,+7.516870E-02,+3.727500E-07,+9.910000E+37,+4.965684E+02,+3.584400E+04,-8.696154E-03,+0.000000E+00,+9.910000E+37,+4.966338E+02,+3.584400E+04
16:25:28,0e0,+7.594207E-02,+3.937500E-07,+9.910000E+37,+4.968613E+02,+3.584400E+04,+7.603338E-02,+3.937500E-07,+9.910000E+37,+4.969277E+02,+3.584400E+04,+7.621571E-02,+3.937500E-07,+9.910000E+37,+4.969941E+02,+3.584400E+04,-1.243030E-02,+0.000000E+00,+9.910000E+37,+4.970596E+02,+3.584400E+04
16:25:28,0e0,+7.830954E-02,+4.159500E-07,+9.910000E+37,+4.972891E+02,+3.584400E+04,+7.858351E-02,+4.159500E-07,+9.910000E+37,+4.973555E+02,+3.584400E+04,+7.867390E-02,+4.159500E-07,+9.910000E+37,+4.974219E+02,+3.584400E+04,-1.675549E-02,+0.000000E+00,+9.910000E+37,+4.974893E+02,+3.584400E+04
16:25:28,0e0,+8.213425E-02,+4.394000E-07,+9.910000E+37,+4.977246E+02,+3.584400E+04,+8.035892E-02,+4.394000E-07,+9.910000E+37,+4.977920E+02,+3.584400E+04,+7.967496E-02,+4.394000E-07,+9.910000E+37,+4.978594E+02,+3.584400E+04,-3.323703E-02,+0.000000E+00,+9.910000E+37,+4.979248E+02,+3.584400E+04
16:25:28,0e0,+8.231628E-02,+4.641500E-07,+9.910000E+37,+4.981494E+02,+3.584400E+04,+8.163288E-02,+4.641500E-07,+9.910000E+37,+4.982148E+02,+3.584400E+04,+8.359167E-02,+4.641500E-07,+9.910000E+37,+4.982812E+02,+3.584400E+04,-6.569928E-02,+0.000000E+00,+9.910000E+37,+4.983477E+02,+3.584400E+04
16:25:28,0e0,+8.500296E-02,+4.903000E-07,+9.910000E+37,+4.985752E+02,+3.584400E+04,+8.318070E-02,+4.903000E-07,+9.910000E+37,+4.986416E+02,+3.584400E+04,+8.513910E-02,+4.903000E-07,+9.910000E+37,+4.987080E+02,+3.584400E+04,-1.406405E-01,+0.000000E+00,+9.910000E+37,+4.987744E+02,+3.584400E+04
16:25:28,0e0,+8.664098E-02,+5.179500E-07,+9.910000E+37,+4.990010E+02,+3.584400E+04,+8.632296E-02,+5.179500E-07,+9.910000E+37,+4.990674E+02,+3.584400E+04,+8.641368E-02,+5.179500E-07,+9.910000E+37,+4.991338E+02,+3.584400E+04,-1.562116E-01,+0.000000E+00,+9.910000E+37,+4.992002E+02,+3.584400E+04
16:25:28,0e0,+8.973765E-02,+5.471500E-07,+9.910000E+37,+4.994287E+02,+3.584400E+04,+8.777937E-02,+5.471500E-07,+9.910000E+37,+4.994961E+02,+3.584400E+04,+8.941895E-02,+5.471500E-07,+9.910000E+37,+4.995635E+02,+3.584400E+04,-4.232990E-01,+0.000000E+00,+9.910000E+37,+4.996289E+02,+3.584400E+04
16:25:28,0e0,+9.123996E-02,+5.779500E-07,+9.910000E+37,+4.998574E+02,+3.584400E+04,+9.119466E-02,+5.779500E-07,+9.910000E+37,+4.999238E+02,+3.584400E+04,+9.087622E-02,+5.779500E-07,+9.910000E+37,+4.999902E+02,+3.584400E+04,-5.490131E-01,+0.000000E+00,+9.910000E+37,+5.000557E+02,+3.584400E+04
16:25:28,0e0,+9.237772E-02,+6.105500E-07,+9.910000E+37,+5.002891E+02,+3.584400E+04,+9.401733E-02,+6.105500E-07,+9.910000E+37,+5.003555E+02,+3.584400E+04,+9.447256E-02,+6.105500E-07,+9.910000E+37,+5.004219E+02,+3.584400E+04,-7.760360E-01,+0.000000E+00,+9.910000E+37,+5.004893E+02,+3.584400E+04
16:25:28,0e0,+9.588388E-02,+6.449500E-07,+9.910000E+37,+5.007100E+02,+3.584400E+04,+9.697649E-02,+6.449500E-07,+9.910000E+37,+5.007773E+02,+3.584400E+04,+9.670350E-02,+6.449500E-07,+9.910000E+37,+5.008438E+02,+3.584400E+04,-1.171572E+00,+0.000000E+00,+9.910000E+37,+5.009102E+02,+3.584400E+04
16:25:28,0e0,+9.797814E-02,+6.813000E-07,+9.910000E+37,+5.011377E+02,+3.584400E+04,+9.665731E-02,+6.813000E-07,+9.910000E+37,+5.012041E+02,+3.584400E+04,+9.843296E-02,+6.813000E-07,+9.910000E+37,+5.012715E+02,+3.584400E+04,-1.695192E+00,+0.000000E+00,+9.910000E+37,+5.013369E+02,+3.584400E+04
16:25:28,0e0,+9.989008E-02,+7.197000E-07,+9.910000E+37,+5.015674E+02,+3.584400E+04,+1.003456E-01,+7.197000E-07,+9.910000E+37,+5.016338E+02,+3.584400E+04,+1.014841E-01,+7.197000E-07,+9.910000E+37,+5.017002E+02,+3.584400E+04,-2.227599E+00,+0.000000E+00,+9.910000E+37,+5.017666E+02,+3.584400E+04
16:25:28,0e0,+1.038515E-01,+7.602500E-07,+9.910000E+37,+5.019951E+02,+3.584400E+04,+1.032141E-01,+7.602500E-07,+9.910000E+37,+5.020625E+02,+3.584400E+04,+1.040335E-01,+7.602500E-07,+9.910000E+37,+5.021289E+02,+3.584400E+04,-2.765647E+00,+0.000000E+00,+9.910000E+37,+5.021963E+02,+3.584400E+04
16:25:28,0e0,+1.064921E-01,+8.031000E-07,+9.910000E+37,+5.024316E+02,+3.584400E+04,+1.068564E-01,+8.031000E-07,+9.910000E+37,+5.024980E+02,+3.584400E+04,+1.058092E-01,+8.031000E-07,+9.910000E+37,+5.025654E+02,+3.584400E+04,-3.496078E+00,+0.000000E+00,+9.910000E+37,+5.026318E+02,+3.584400E+04
16:25:28,0e0,+1.084040E-01,+8.483500E-07,+9.910000E+37,+5.028623E+02,+3.584400E+04,+1.094063E-01,+8.483500E-07,+9.910000E+37,+5.029297E+02,+3.584400E+04,+1.088599E-01,+8.483500E-07,+9.910000E+37,+5.029961E+02,+3.584400E+04,-4.269129E+00,+0.000000E+00,+9.910000E+37,+5.030625E+02,+3.584400E+04
16:25:28,0e0,+1.112726E-01,+8.961500E-07,+9.910000E+37,+5.032891E+02,+3.584400E+04,+1.118647E-01,+8.961500E-07,+9.910000E+37,+5.033555E+02,+3.584400E+04,+1.131849E-01,+8.961500E-07,+9.910000E+37,+5.034229E+02,+3.584400E+04,-4.796974E+00,+0.000000E+00,+9.910000E+37,+5.034883E+02,+3.584400E+04
16:25:28,0e0,+1.140960E-01,+9.466500E-07,+9.910000E+37,+5.037266E+02,+3.584400E+04,+1.151888E-01,+9.466500E-07,+9.910000E+37,+5.037930E+02,+3.584400E+04,+1.138220E-01,+9.466500E-07,+9.910000E+37,+5.038604E+02,+3.584400E+04,-5.642691E+00,+0.000000E+00,+9.910000E+37,+5.039277E+02,+3.584400E+04
16:25:28,0e0,+1.190584E-01,+1.000000E-06,+9.910000E+37,+5.041523E+02,+3.584400E+04,+1.174649E-01,+1.000000E-06,+9.910000E+37,+5.042187E+02,+3.584400E+04,+1.173280E-01,+1.000000E-06,+9.910000E+37,+5.042852E+02,+3.584400E+04,-6.806537E+00,+0.000000E+00,+9.910000E+37,+5.043516E+02,+3.584400E+04
16:25:28,0e0,+1.087234E-01,+1.056500E-06,+9.910000E+37,+5.045791E+02,+3.584400E+04,+1.088147E-01,+1.056500E-06,+9.910000E+37,+5.046445E+02,+3.584400E+04,+1.084053E-01,+1.056500E-06,+9.910000E+37,+5.047119E+02,+3.584400E+04,-1.265800E-02,+0.000000E+00,+9.910000E+37,+5.047783E+02,+3.584400E+04
16:25:28,0e0,+1.092234E-01,+1.116000E-06,+9.910000E+37,+5.050059E+02,+3.584400E+04,+1.117737E-01,+1.116000E-06,+9.910000E+37,+5.050713E+02,+3.584400E+04,+1.115462E-01,+1.116000E-06,+9.910000E+37,+5.051377E+02,+3.584400E+04,-1.083653E-02,+0.000000E+00,+9.910000E+37,+5.052051E+02,+3.584400E+04
16:25:28,0e0,+1.130030E-01,+1.179000E-06,+9.910000E+37,+5.054336E+02,+3.584400E+04,+1.119559E-01,+1.179000E-06,+9.910000E+37,+5.054990E+02,+3.584400E+04,+1.135952E-01,+1.179000E-06,+9.910000E+37,+5.055664E+02,+3.584400E+04,-1.047240E-02,+0.000000E+00,+9.910000E+37,+5.056328E+02,+3.584400E+04
16:25:28,0e0,+1.171463E-01,+1.245000E-06,+9.910000E+37,+5.058623E+02,+3.584400E+04,+1.151884E-01,+1.245000E-06,+9.910000E+37,+5.059277E+02,+3.584400E+04,+1.155076E-01,+1.245000E-06,+9.910000E+37,+5.059941E+02,+3.584400E+04,-9.515882E-03,+0.000000E+00,+9.910000E+37,+5.060615E+02,+3.584400E+04
16:25:28,0e0,+1.186940E-01,+1.315500E-06,+9.910000E+37,+5.062832E+02,+3.584400E+04,+1.176475E-01,+1.315500E-06,+9.910000E+37,+5.063486E+02,+3.584400E+04,+1.175103E-01,+1.315500E-06,+9.910000E+37,+5.064150E+02,+3.584400E+04,-1.019923E-02,+0.000000E+00,+9.910000E+37,+5.064824E+02,+3.584400E+04
16:25:28,0e0,+1.208798E-01,+1.389500E-06,+9.910000E+37,+5.067109E+02,+3.584400E+04,+1.204698E-01,+1.389500E-06,+9.910000E+37,+5.067764E+02,+3.584400E+04,+1.195588E-01,+1.389500E-06,+9.910000E+37,+5.068437E+02,+3.584400E+04,-1.151948E-02,+0.000000E+00,+9.910000E+37,+5.069092E+02,+3.584400E+04
16:25:28,0e0,+1.229738E-01,+1.468000E-06,+9.910000E+37,+5.071396E+02,+3.584400E+04,+1.227918E-01,+1.468000E-06,+9.910000E+37,+5.072070E+02,+3.584400E+04,+1.210615E-01,+1.468000E-06,+9.910000E+37,+5.072725E+02,+3.584400E+04,-1.115541E-02,+0.000000E+00,+9.910000E+37,+5.073389E+02,+3.584400E+04
16:25:28,0e0,+1.262521E-01,+1.550500E-06,+9.910000E+37,+5.075635E+02,+3.584400E+04,+1.245673E-01,+1.550500E-06,+9.910000E+37,+5.076309E+02,+3.584400E+04,+1.252957E-01,+1.550500E-06,+9.910000E+37,+5.076963E+02,+3.584400E+04,-1.060894E-02,+0.000000E+00,+9.910000E+37,+5.077627E+02,+3.584400E+04
16:25:28,0e0,+1.281186E-01,+1.638000E-06,+9.910000E+37,+5.079922E+02,+3.584400E+04,+1.265706E-01,+1.638000E-06,+9.910000E+37,+5.080576E+02,+3.584400E+04,+1.267981E-01,+1.638000E-06,+9.910000E+37,+5.081250E+02,+3.584400E+04,-1.088177E-02,+0.000000E+00,+9.910000E+37,+5.081904E+02,+3.584400E+04
16:25:28,0e0,+1.308503E-01,+1.730000E-06,+9.910000E+37,+5.084160E+02,+3.584400E+04,+1.298489E-01,+1.730000E-06,+9.910000E+37,+5.084834E+02,+3.584400E+04,+1.309871E-01,+1.730000E-06,+9.910000E+37,+5.085488E+02,+3.584400E+04,-1.165621E-02,+0.000000E+00,+9.910000E+37,+5.086162E+02,+3.584400E+04
16:25:28,0e0,+1.326717E-01,+1.827500E-06,+9.910000E+37,+5.088418E+02,+3.584400E+04,+1.321706E-01,+1.827500E-06,+9.910000E+37,+5.089092E+02,+3.584400E+04,+1.328082E-01,+1.827500E-06,+9.910000E+37,+5.089746E+02,+3.584400E+04,-1.124631E-02,+0.000000E+00,+9.910000E+37,+5.090420E+02,+3.584400E+04
16:25:28,0e0,+1.349485E-01,+1.930500E-06,+9.910000E+37,+5.092646E+02,+3.584400E+04,+1.345383E-01,+1.930500E-06,+9.910000E+37,+5.093320E+02,+3.584400E+04,+1.354947E-01,+1.930500E-06,+9.910000E+37,+5.093975E+02,+3.584400E+04,-9.971559E-03,+0.000000E+00,+9.910000E+37,+5.094648E+02,+3.584400E+04
16:25:28,0e0,+1.380896E-01,+2.039500E-06,+9.910000E+37,+5.096953E+02,+3.584400E+04,+1.368143E-01,+2.039500E-06,+9.910000E+37,+5.097627E+02,+3.584400E+04,+1.397284E-01,+2.039500E-06,+9.910000E+37,+5.098281E+02,+3.584400E+04,-1.142865E-02,+0.000000E+00,+9.910000E+37,+5.098945E+02,+3.584400E+04
16:25:28,0e0,+1.415046E-01,+2.154500E-06,+9.910000E+37,+5.101230E+02,+3.584400E+04,+1.394551E-01,+2.154500E-06,+9.910000E+37,+5.101895E+02,+3.584400E+04,+1.413677E-01,+2.154500E-06,+9.910000E+37,+5.102559E+02,+3.584400E+04,-1.047219E-02,+0.000000E+00,+9.910000E+37,+5.103213E+02,+3.584400E+04
16:25:28,0e0,+1.437353E-01,+2.276000E-06,+9.910000E+37,+5.105488E+02,+3.584400E+04,+1.432340E-01,+2.276000E-06,+9.910000E+37,+5.106143E+02,+3.584400E+04,+1.433713E-01,+2.276000E-06,+9.910000E+37,+5.106816E+02,+3.584400E+04,-1.197502E-02,+0.000000E+00,+9.910000E+37,+5.107471E+02,+3.584400E+04
16:25:28,0e0,+1.463306E-01,+2.404000E-06,+9.910000E+37,+5.109727E+02,+3.584400E+04,+1.464221E-01,+2.404000E-06,+9.910000E+37,+5.110391E+02,+3.584400E+04,+1.455114E-01,+2.404000E-06,+9.910000E+37,+5.111064E+02,+3.584400E+04,-1.060882E-02,+0.000000E+00,+9.910000E+37,+5.111719E+02,+3.584400E+04
16:25:28,0e0,+1.498823E-01,+2.539500E-06,+9.910000E+37,+5.114004E+02,+3.584400E+04,+1.484697E-01,+2.539500E-06,+9.910000E+37,+5.114678E+02,+3.584400E+04,+1.493354E-01,+2.539500E-06,+9.910000E+37,+5.115332E+02,+3.584400E+04,-1.229385E-02,+0.000000E+00,+9.910000E+37,+5.115996E+02,+3.584400E+04
16:25:28,0e0,+1.518848E-01,+2.682500E-06,+9.910000E+37,+5.118242E+02,+3.584400E+04,+1.515663E-01,+2.682500E-06,+9.910000E+37,+5.118896E+02,+3.584400E+04,+1.512021E-01,+2.682500E-06,+9.910000E+37,+5.119570E+02,+3.584400E+04,-1.092780E-02,+0.000000E+00,+9.910000E+37,+5.120225E+02,+3.584400E+04
16:25:28,0e0,+1.546167E-01,+2.834000E-06,+9.910000E+37,+5.122461E+02,+3.584400E+04,+1.543893E-01,+2.834000E-06,+9.910000E+37,+5.123135E+02,+3.584400E+04,+1.550268E-01,+2.834000E-06,+9.910000E+37,+5.123789E+02,+3.584400E+04,-1.038167E-02,+0.000000E+00,+9.910000E+37,+5.124453E+02,+3.584400E+04
16:25:28,0e0,+1.559816E-01,+2.993500E-06,+9.910000E+37,+5.126709E+02,+3.584400E+04,+1.579411E-01,+2.993500E-06,+9.910000E+37,+5.127383E+02,+3.584400E+04,+1.568475E-01,+2.993500E-06,+9.910000E+37,+5.128057E+02,+3.584400E+04,-1.124659E-02,+0.000000E+00,+9.910000E+37,+5.128730E+02,+3.584400E+04
16:25:28,0e0,+1.606721E-01,+3.162500E-06,+9.910000E+37,+5.131006E+02,+3.584400E+04,+1.599426E-01,+3.162500E-06,+9.910000E+37,+5.131660E+02,+3.584400E+04,+1.604451E-01,+3.162500E-06,+9.910000E+37,+5.132324E+02,+3.584400E+04,-1.170185E-02,+0.000000E+00,+9.910000E+37,+5.132998E+02,+3.584400E+04
16:25:28,0e0,+1.635864E-01,+3.340500E-06,+9.910000E+37,+5.135273E+02,+3.584400E+04,+1.634949E-01,+3.340500E-06,+9.910000E+37,+5.135937E+02,+3.584400E+04,+1.643143E-01,+3.340500E-06,+9.910000E+37,+5.136611E+02,+3.584400E+04,-1.174699E-02,+0.000000E+00,+9.910000E+37,+5.137266E+02,+3.584400E+04
16:25:28,0e0,+1.668183E-01,+3.528500E-06,+9.910000E+37,+5.139531E+02,+3.584400E+04,+1.652698E-01,+3.528500E-06,+9.910000E+37,+5.140205E+02,+3.584400E+04,+1.669548E-01,+3.528500E-06,+9.910000E+37,+5.140859E+02,+3.584400E+04,-1.051827E-02,+0.000000E+00,+9.910000E+37,+5.141523E+02,+3.584400E+04
16:25:28,0e0,+1.702785E-01,+3.727500E-06,+9.910000E+37,+5.143818E+02,+3.584400E+04,+1.696869E-01,+3.727500E-06,+9.910000E+37,+5.144482E+02,+3.584400E+04,+1.704154E-01,+3.727500E-06,+9.910000E+37,+5.145146E+02,+3.584400E+04,-1.265837E-02,+0.000000E+00,+9.910000E+37,+5.145811E+02,+3.584400E+04
16:25:28,0e0,+1.732833E-01,+3.937500E-06,+9.910000E+37,+5.148164E+02,+3.584400E+04,+1.730105E-01,+3.937500E-06,+9.910000E+37,+5.148828E+02,+3.584400E+04,+1.734655E-01,+3.937500E-06,+9.910000E+37,+5.149482E+02,+3.584400E+04,-1.083659E-02,+0.000000E+00,+9.910000E+37,+5.150146E+02,+3.584400E+04
16:25:28,0e0,+1.753769E-01,+4.159500E-06,+9.910000E+37,+5.152432E+02,+3.584400E+04,+1.774721E-01,+4.159500E-06,+9.910000E+37,+5.153086E+02,+3.584400E+04,+1.763340E-01,+4.159500E-06,+9.910000E+37,+5.153750E+02,+3.584400E+04,-1.115544E-02,+0.000000E+00,+9.910000E+37,+5.154414E+02,+3.584400E+04
16:25:28,0e0,+1.799308E-01,+4.394000E-06,+9.910000E+37,+5.156709E+02,+3.584400E+04,+1.798401E-01,+4.394000E-06,+9.910000E+37,+5.157373E+02,+3.584400E+04,+1.810234E-01,+4.394000E-06,+9.910000E+37,+5.158047E+02,+3.584400E+04,-6.237584E-02,+0.000000E+00,+9.910000E+37,+5.158711E+02,+3.584400E+04
16:25:28,0e0,+1.836186E-01,+4.641500E-06,+9.910000E+37,+5.160986E+02,+3.584400E+04,+1.828904E-01,+4.641500E-06,+9.910000E+37,+5.161641E+02,+3.584400E+04,+1.838007E-01,+4.641500E-06,+9.910000E+37,+5.162305E+02,+3.584400E+04,-3.378348E-02,+0.000000E+00,+9.910000E+37,+5.162969E+02,+3.584400E+04
16:25:28,0e0,+1.873068E-01,+4.903000E-06,+9.910000E+37,+5.165273E+02,+3.584400E+04,+1.864876E-01,+4.903000E-06,+9.910000E+37,+5.165938E+02,+3.584400E+04,+1.873980E-01,+4.903000E-06,+9.910000E+37,+5.166602E+02,+3.584400E+04,-8.295514E-02,+0.000000E+00,+9.910000E+37,+5.167266E+02,+3.584400E+04
16:25:28,0e0,+1.912676E-01,+5.179500E-06,+9.910000E+37,+5.169609E+02,+3.584400E+04,+1.904937E-01,+5.179500E-06,+9.910000E+37,+5.170273E+02,+3.584400E+04,+1.910395E-01,+5.179500E-06,+9.910000E+37,+5.170937E+02,+3.584400E+04,-1.954123E-01,+0.000000E+00,+9.910000E+37,+5.171611E+02,+3.584400E+04
16:25:28,0e0,+1.952741E-01,+5.471500E-06,+9.910000E+37,+5.173906E+02,+3.584400E+04,+1.933160E-01,+5.471500E-06,+9.910000E+37,+5.174570E+02,+3.584400E+04,+1.951380E-01,+5.471500E-06,+9.910000E+37,+5.175225E+02,+3.584400E+04,-4.370039E-01,+0.000000E+00,+9.910000E+37,+5.175889E+02,+3.584400E+04
16:25:28,0e0,+1.982336E-01,+5.779500E-06,+9.910000E+37,+5.178145E+02,+3.584400E+04,+1.991895E-01,+5.779500E-06,+9.910000E+37,+5.178809E+02,+3.584400E+04,+1.978240E-01,+5.779500E-06,+9.910000E+37,+5.179482E+02,+3.584400E+04,-5.185972E-01,+0.000000E+00,+9.910000E+37,+5.180156E+02,+3.584400E+04
16:25:28,0e0,+2.032423E-01,+6.105500E-06,+9.910000E+37,+5.182412E+02,+3.584400E+04,+2.023774E-01,+6.105500E-06,+9.910000E+37,+5.183066E+02,+3.584400E+04,+2.025593E-01,+6.105500E-06,+9.910000E+37,+5.183740E+02,+3.584400E+04,-9.353067E-01,+0.000000E+00,+9.910000E+37,+5.184404E+02,+3.584400E+04
16:25:28,0e0,+2.077495E-01,+6.449500E-06,+9.910000E+37,+5.186660E+02,+3.584400E+04,+2.066116E-01,+6.449500E-06,+9.910000E+37,+5.187314E+02,+3.584400E+04,+2.056087E-01,+6.449500E-06,+9.910000E+37,+5.187979E+02,+3.584400E+04,-1.249069E+00,+0.000000E+00,+9.910000E+37,+5.188652E+02,+3.584400E+04
16:25:28,0e0,+2.111642E-01,+6.813000E-06,+9.910000E+37,+5.190928E+02,+3.584400E+04,+2.103449E-01,+6.813000E-06,+9.910000E+37,+5.191592E+02,+3.584400E+04,+2.094341E-01,+6.813000E-06,+9.910000E+37,+5.192266E+02,+3.584400E+04,-1.710900E+00,+0.000000E+00,+9.910000E+37,+5.192939E+02,+3.584400E+04
16:25:28,0e0,+2.129386E-01,+7.197000E-06,+9.910000E+37,+5.195205E+02,+3.584400E+04,+2.143511E-01,+7.197000E-06,+9.910000E+37,+5.195879E+02,+3.584400E+04,+2.137584E-01,+7.197000E-06,+9.910000E+37,+5.196533E+02,+3.584400E+04,-2.189080E+00,+0.000000E+00,+9.910000E+37,+5.197197E+02,+3.584400E+04
16:25:28,0e0,+2.186309E-01,+7.602500E-06,+9.910000E+37,+5.199570E+02,+3.584400E+04,+2.179013E-01,+7.602500E-06,+9.910000E+37,+5.200234E+02,+3.584400E+04,+2.172641E-01,+7.602500E-06,+9.910000E+37,+5.200908E+02,+3.584400E+04,-2.831351E+00,+0.000000E+00,+9.910000E+37,+5.201582E+02,+3.584400E+04
16:25:28,0e0,+2.232288E-01,+8.031000E-06,+9.910000E+37,+5.203867E+02,+3.584400E+04,+2.222726E-01,+8.031000E-06,+9.910000E+37,+5.204531E+02,+3.584400E+04,+2.242767E-01,+8.031000E-06,+9.910000E+37,+5.205205E+02,+3.584400E+04,-3.557364E+00,+0.000000E+00,+9.910000E+37,+5.205879E+02,+3.584400E+04
16:25:28,0e0,+2.272359E-01,+8.483500E-06,+9.910000E+37,+5.208213E+02,+3.584400E+04,+2.281917E-01,+8.483500E-06,+9.910000E+37,+5.208887E+02,+3.584400E+04,+2.278739E-01,+8.483500E-06,+9.910000E+37,+5.209551E+02,+3.584400E+04,-4.408128E+00,+0.000000E+00,+9.910000E+37,+5.210205E+02,+3.584400E+04
16:25:28,0e0,+2.320160E-01,+8.961500E-06,+9.910000E+37,+5.212500E+02,+3.584400E+04,+2.321518E-01,+8.961500E-06,+9.910000E+37,+5.213164E+02,+3.584400E+04,+2.315148E-01,+8.961500E-06,+9.910000E+37,+5.213828E+02,+3.584400E+04,-4.889077E+00,+0.000000E+00,+9.910000E+37,+5.214482E+02,+3.584400E+04
16:25:28,0e0,+2.367968E-01,+9.466500E-06,+9.910000E+37,+5.216768E+02,+3.584400E+04,+2.357490E-01,+9.466500E-06,+9.910000E+37,+5.217422E+02,+3.584400E+04,+2.372975E-01,+9.466500E-06,+9.910000E+37,+5.218086E+02,+3.584400E+04,-5.867568E+00,+0.000000E+00,+9.910000E+37,+5.218750E+02,+3.584400E+04
16:25:28,0e0,+2.421691E-01,+1.000000E-05,+9.910000E+37,+5.221094E+02,+3.584400E+04,+2.403014E-01,+1.000000E-05,+9.910000E+37,+5.221758E+02,+3.584400E+04,+2.413049E-01,+1.000000E-05,+9.910000E+37,+5.222422E+02,+3.584400E+04,-6.775838E+00,+0.000000E+00,+9.910000E+37,+5.223086E+02,+3.584400E+04
16:25:28,0e0,+2.350666E-01,+1.056500E-05,+9.910000E+37,+5.225322E+02,+3.584400E+04,+2.336099E-01,+1.056500E-05,+9.910000E+37,+5.225977E+02,+3.584400E+04,+2.355674E-01,+1.056500E-05,+9.910000E+37,+5.226650E+02,+3.584400E+04,-1.871343E-02,+0.000000E+00,+9.910000E+37,+5.227305E+02,+3.584400E+04
16:25:28,0e0,+2.397107E-01,+1.116000E-05,+9.910000E+37,+5.229561E+02,+3.584400E+04,+2.391647E-01,+1.116000E-05,+9.910000E+37,+5.230234E+02,+3.584400E+04,+2.388912E-01,+1.116000E-05,+9.910000E+37,+5.230889E+02,+3.584400E+04,-1.871347E-02,+0.000000E+00,+9.910000E+37,+5.231553E+02,+3.584400E+04
16:25:28,0e0,+2.444001E-01,+1.179000E-05,+9.910000E+37,+5.233809E+02,+3.584400E+04,+2.432158E-01,+1.179000E-05,+9.910000E+37,+5.234473E+02,+3.584400E+04,+2.449470E-01,+1.179000E-05,+9.910000E+37,+5.235137E+02,+3.584400E+04,-1.880415E-02,+0.000000E+00,+9.910000E+37,+5.235811E+02,+3.584400E+04
16:25:28,0e0,+2.473144E-01,+1.245000E-05,+9.910000E+37,+5.238037E+02,+3.584400E+04,+2.483166E-01,+1.245000E-05,+9.910000E+37,+5.238701E+02,+3.584400E+04,+2.466763E-01,+1.245000E-05,+9.910000E+37,+5.239365E+02,+3.584400E+04,-1.907735E-02,+0.000000E+00,+9.910000E+37,+5.240029E+02,+3.584400E+04
16:25:28,0e0,+2.527784E-01,+1.315500E-05,+9.910000E+37,+5.242197E+02,+3.584400E+04,+2.520494E-01,+1.315500E-05,+9.910000E+37,+5.242871E+02,+3.584400E+04,+2.522766E-01,+1.315500E-05,+9.910000E+37,+5.243525E+02,+3.584400E+04,-1.830338E-02,+0.000000E+00,+9.910000E+37,+5.244189E+02,+3.584400E+04
16:25:28,0e0,+2.574216E-01,+1.389500E-05,+9.910000E+37,+5.246396E+02,+3.584400E+04,+2.571483E-01,+1.389500E-05,+9.910000E+37,+5.247061E+02,+3.584400E+04,+2.566473E-01,+1.389500E-05,+9.910000E+37,+5.247734E+02,+3.584400E+04,-1.862198E-02,+0.000000E+00,+9.910000E+37,+5.248408E+02,+3.584400E+04
16:25:28,0e0,+2.622027E-01,+1.468000E-05,+9.910000E+37,+5.250684E+02,+3.584400E+04,+2.604712E-01,+1.468000E-05,+9.910000E+37,+5.251357E+02,+3.584400E+04,+2.621565E-01,+1.468000E-05,+9.910000E+37,+5.252012E+02,+3.584400E+04,-1.834881E-02,+0.000000E+00,+9.910000E+37,+5.252676E+02,+3.584400E+04
16:25:28,0e0,+2.659346E-01,+1.550500E-05,+9.910000E+37,+5.254951E+02,+3.584400E+04,+2.666183E-01,+1.550500E-05,+9.910000E+37,+5.255605E+02,+3.584400E+04,+2.663460E-01,+1.550500E-05,+9.910000E+37,+5.256270E+02,+3.584400E+04,-1.803035E-02,+0.000000E+00,+9.910000E+37,+5.256934E+02,+3.584400E+04
16:25:28,0e0,+2.711250E-01,+1.638000E-05,+9.910000E+37,+5.259170E+02,+3.584400E+04,+2.717186E-01,+1.638000E-05,+9.910000E+37,+5.259824E+02,+3.584400E+04,+2.720363E-01,+1.638000E-05,+9.910000E+37,+5.260498E+02,+3.584400E+04,-1.812120E-02,+0.000000E+00,+9.910000E+37,+5.261152E+02,+3.584400E+04
16:25:28,0e0,+2.750860E-01,+1.730000E-05,+9.910000E+37,+5.263320E+02,+3.584400E+04,+2.776363E-01,+1.730000E-05,+9.910000E+37,+5.263994E+02,+3.584400E+04,+2.765893E-01,+1.730000E-05,+9.910000E+37,+5.264668E+02,+3.584400E+04,-1.925997E-02,+0.000000E+00,+9.910000E+37,+5.265342E+02,+3.584400E+04
16:25:28,0e0,+2.821445E-01,+1.827500E-05,+9.910000E+37,+5.267637E+02,+3.584400E+04,+2.823262E-01,+1.827500E-05,+9.910000E+37,+5.268301E+02,+3.584400E+04,+2.815982E-01,+1.827500E-05,+9.910000E+37,+5.268965E+02,+3.584400E+04,-1.734746E-02,+0.000000E+00,+9.910000E+37,+5.269629E+02,+3.584400E+04
16:25:28,0e0,+2.875164E-01,+1.930500E-05,+9.910000E+37,+5.271904E+02,+3.584400E+04,+2.862409E-01,+1.930500E-05,+9.910000E+37,+5.272568E+02,+3.584400E+04,+2.871978E-01,+1.930500E-05,+9.910000E+37,+5.273232E+02,+3.584400E+04,-1.684657E-02,+0.000000E+00,+9.910000E+37,+5.273906E+02,+3.584400E+04
16:25:28,0e0,+2.933894E-01,+2.039500E-05,+9.910000E+37,+5.276123E+02,+3.584400E+04,+2.918421E-01,+2.039500E-05,+9.910000E+37,+5.276777E+02,+3.584400E+04,+2.917506E-01,+2.039500E-05,+9.910000E+37,+5.277441E+02,+3.584400E+04,-1.916905E-02,+0.000000E+00,+9.910000E+37,+5.278115E+02,+3.584400E+04
16:25:28,0e0,+2.977613E-01,+2.154500E-05,+9.910000E+37,+5.280352E+02,+3.584400E+04,+2.976694E-01,+2.154500E-05,+9.910000E+37,+5.281016E+02,+3.584400E+04,+2.968945E-01,+2.154500E-05,+9.910000E+37,+5.281670E+02,+3.584400E+04,-1.894075E-02,+0.000000E+00,+9.910000E+37,+5.282334E+02,+3.584400E+04
16:25:28,0e0,+3.034514E-01,+2.276000E-05,+9.910000E+37,+5.284521E+02,+3.584400E+04,+3.018577E-01,+2.276000E-05,+9.910000E+37,+5.285195E+02,+3.584400E+04,+3.024491E-01,+2.276000E-05,+9.910000E+37,+5.285850E+02,+3.584400E+04,-1.944196E-02,+0.000000E+00,+9.910000E+37,+5.286533E+02,+3.584400E+04
16:25:28,0e0,+3.081411E-01,+2.404000E-05,+9.910000E+37,+5.288760E+02,+3.584400E+04,+3.086878E-01,+2.404000E-05,+9.910000E+37,+5.289434E+02,+3.584400E+04,+3.075942E-01,+2.404000E-05,+9.910000E+37,+5.290107E+02,+3.584400E+04,-1.957852E-02,+0.000000E+00,+9.910000E+37,+5.290771E+02,+3.584400E+04
16:25:28,0e0,+3.145148E-01,+2.539500E-05,+9.910000E+37,+5.292979E+02,+3.584400E+04,+3.134670E-01,+2.539500E-05,+9.910000E+37,+5.293652E+02,+3.584400E+04,+3.131030E-01,+2.539500E-05,+9.910000E+37,+5.294326E+02,+3.584400E+04,-1.871368E-02,+0.000000E+00,+9.910000E+37,+5.295039E+02,+3.584400E+04
16:25:28,0e0,+3.183842E-01,+2.682500E-05,+9.910000E+37,+5.297256E+02,+3.584400E+04,+3.201147E-01,+2.682500E-05,+9.910000E+37,+5.297920E+02,+3.584400E+04,+3.202512E-01,+2.682500E-05,+9.910000E+37,+5.298584E+02,+3.584400E+04,-1.784831E-02,+0.000000E+00,+9.910000E+37,+5.299277E+02,+3.584400E+04
16:25:28,0e0,+3.271266E-01,+2.834000E-05,+9.910000E+37,+5.301553E+02,+3.584400E+04,+3.261706E-01,+2.834000E-05,+9.910000E+37,+5.302217E+02,+3.584400E+04,+3.260339E-01,+2.834000E-05,+9.910000E+37,+5.302881E+02,+3.584400E+04,-1.775727E-02,+0.000000E+00,+9.910000E+37,+5.303555E+02,+3.584400E+04
16:25:28,0e0,+3.312240E-01,+2.993500E-05,+9.910000E+37,+5.305801E+02,+3.584400E+04,+3.320893E-01,+2.993500E-05,+9.910000E+37,+5.306465E+02,+3.584400E+04,+3.322716E-01,+2.993500E-05,+9.910000E+37,+5.307119E+02,+3.584400E+04,-1.948783E-02,+0.000000E+00,+9.910000E+37,+5.307783E+02,+3.584400E+04
16:25:28,0e0,+3.367779E-01,+3.162500E-05,+9.910000E+37,+5.310000E+02,+3.584400E+04,+3.372797E-01,+3.162500E-05,+9.910000E+37,+5.310654E+02,+3.584400E+04,+3.392830E-01,+3.162500E-05,+9.910000E+37,+5.311328E+02,+3.584400E+04,-1.821259E-02,+0.000000E+00,+9.910000E+37,+5.311982E+02,+3.584400E+04
16:25:28,0e0,+3.436536E-01,+3.340500E-05,+9.910000E+37,+5.314180E+02,+3.584400E+04,+3.447918E-01,+3.340500E-05,+9.910000E+37,+5.314844E+02,+3.584400E+04,+3.432902E-01,+3.340500E-05,+9.910000E+37,+5.315518E+02,+3.584400E+04,-1.894113E-02,+0.000000E+00,+9.910000E+37,+5.316182E+02,+3.584400E+04
16:25:28,0e0,+3.496193E-01,+3.528500E-05,+9.910000E+37,+5.318477E+02,+3.584400E+04,+3.493453E-01,+3.528500E-05,+9.910000E+37,+5.319150E+02,+3.584400E+04,+3.493900E-01,+3.528500E-05,+9.910000E+37,+5.319805E+02,+3.584400E+04,-1.875912E-02,+0.000000E+00,+9.910000E+37,+5.320479E+02,+3.584400E+04
16:25:28,0e0,+3.556277E-01,+3.727500E-05,+9.910000E+37,+5.322656E+02,+3.584400E+04,+3.561742E-01,+3.727500E-05,+9.910000E+37,+5.323330E+02,+3.584400E+04,+3.559477E-01,+3.727500E-05,+9.910000E+37,+5.323984E+02,+3.584400E+04,-1.903173E-02,+0.000000E+00,+9.910000E+37,+5.324697E+02,+3.584400E+04
16:25:28,0e0,+3.635500E-01,+3.937500E-05,+9.910000E+37,+5.326973E+02,+3.584400E+04,+3.630943E-01,+3.937500E-05,+9.910000E+37,+5.327646E+02,+3.584400E+04,+3.624566E-01,+3.937500E-05,+9.910000E+37,+5.328301E+02,+3.584400E+04,-1.898688E-02,+0.000000E+00,+9.910000E+37,+5.328965E+02,+3.584400E+04
16:25:28,0e0,+3.676922E-01,+4.159500E-05,+9.910000E+37,+5.331230E+02,+3.584400E+04,+3.676928E-01,+4.159500E-05,+9.910000E+37,+5.331895E+02,+3.584400E+04,+3.697417E-01,+4.159500E-05,+9.910000E+37,+5.332559E+02,+3.584400E+04,-1.784842E-02,+0.000000E+00,+9.910000E+37,+5.333232E+02,+3.584400E+04
16:25:28,0e0,+3.754330E-01,+4.394000E-05,+9.910000E+37,+5.335527E+02,+3.584400E+04,+3.732464E-01,+4.394000E-05,+9.910000E+37,+5.336182E+02,+3.584400E+04,+3.746591E-01,+4.394000E-05,+9.910000E+37,+5.336846E+02,+3.584400E+04,-1.812167E-02,+0.000000E+00,+9.910000E+37,+5.337510E+02,+3.584400E+04
16:25:28,0e0,+3.801684E-01,+4.641500E-05,+9.910000E+37,+5.339775E+02,+3.584400E+04,+3.801674E-01,+4.641500E-05,+9.910000E+37,+5.340430E+02,+3.584400E+04,+3.807151E-01,+4.641500E-05,+9.910000E+37,+5.341094E+02,+3.584400E+04,-5.732216E-02,+0.000000E+00,+9.910000E+37,+5.341758E+02,+3.584400E+04
16:25:28,0e0,+3.878634E-01,+4.903000E-05,+9.910000E+37,+5.343945E+02,+3.584400E+04,+3.869064E-01,+4.903000E-05,+9.910000E+37,+5.344600E+02,+3.584400E+04,+3.877265E-01,+4.903000E-05,+9.910000E+37,+5.345264E+02,+3.584400E+04,-1.163281E-01,+0.000000E+00,+9.910000E+37,+5.345928E+02,+3.584400E+04
16:25:28,0e0,+3.942372E-01,+5.179500E-05,+9.910000E+37,+5.348184E+02,+3.584400E+04,+3.941001E-01,+5.179500E-05,+9.910000E+37,+5.348848E+02,+3.584400E+04,+3.938267E-01,+5.179500E-05,+9.910000E+37,+5.349521E+02,+3.584400E+04,-1.015310E-01,+0.000000E+00,+9.910000E+37,+5.350186E+02,+3.584400E+04
16:25:28,0e0,+3.999719E-01,+5.471500E-05,+9.910000E+37,+5.352373E+02,+3.584400E+04,+3.994256E-01,+5.471500E-05,+9.910000E+37,+5.353047E+02,+3.584400E+04,+4.002928E-01,+5.471500E-05,+9.910000E+37,+5.353711E+02,+3.584400E+04,-2.728607E-01,+0.000000E+00,+9.910000E+37,+5.354365E+02,+3.584400E+04
16:25:28,0e0,+4.064848E-01,+5.779500E-05,+9.910000E+37,+5.356572E+02,+3.584400E+04,+4.062104E-01,+5.779500E-05,+9.910000E+37,+5.357227E+02,+3.584400E+04,+4.067115E-01,+5.779500E-05,+9.910000E+37,+5.357891E+02,+3.584400E+04,-4.603162E-01,+0.000000E+00,+9.910000E+37,+5.358564E+02,+3.584400E+04
16:25:28,0e0,+4.152713E-01,+6.105500E-05,+9.910000E+37,+5.360811E+02,+3.584400E+04,+4.140434E-01,+6.105500E-05,+9.910000E+37,+5.361484E+02,+3.584400E+04,+4.140429E-01,+6.105500E-05,+9.910000E+37,+5.362158E+02,+3.584400E+04,-5.894458E-01,+0.000000E+00,+9.910000E+37,+5.362812E+02,+3.584400E+04
16:25:28,0e0,+4.191397E-01,+6.449500E-05,+9.910000E+37,+5.365059E+02,+3.584400E+04,+4.221005E-01,+6.449500E-05,+9.910000E+37,+5.365723E+02,+3.584400E+04,+4.202349E-01,+6.449500E-05,+9.910000E+37,+5.366396E+02,+3.584400E+04,-9.511052E-01,+0.000000E+00,+9.910000E+37,+5.367051E+02,+3.584400E+04
16:25:28,0e0,+4.265171E-01,+6.813000E-05,+9.910000E+37,+5.369326E+02,+3.584400E+04,+4.271986E-01,+6.813000E-05,+9.910000E+37,+5.369980E+02,+3.584400E+04,+4.266528E-01,+6.813000E-05,+9.910000E+37,+5.370645E+02,+3.584400E+04,-1.251480E+00,+0.000000E+00,+9.910000E+37,+5.371318E+02,+3.584400E+04
16:25:28,0e0,+4.351218E-01,+7.197000E-05,+9.910000E+37,+5.373564E+02,+3.584400E+04,+4.337105E-01,+7.197000E-05,+9.910000E+37,+5.374238E+02,+3.584400E+04,+4.341668E-01,+7.197000E-05,+9.910000E+37,+5.374893E+02,+3.584400E+04,-1.698335E+00,+0.000000E+00,+9.910000E+37,+5.375557E+02,+3.584400E+04
16:25:28,0e0,+4.394923E-01,+7.602500E-05,+9.910000E+37,+5.377813E+02,+3.584400E+04,+4.418598E-01,+7.602500E-05,+9.910000E+37,+5.378477E+02,+3.584400E+04,+4.405398E-01,+7.602500E-05,+9.910000E+37,+5.379150E+02,+3.584400E+04,-2.208883E+00,+0.000000E+00,+9.910000E+37,+5.379805E+02,+3.584400E+04
16:25:28,0e0,+4.476424E-01,+8.031000E-05,+9.910000E+37,+5.381973E+02,+3.584400E+04,+4.476876E-01,+8.031000E-05,+9.910000E+37,+5.382646E+02,+3.584400E+04,+4.470500E-01,+8.031000E-05,+9.910000E+37,+5.383301E+02,+3.584400E+04,-2.774169E+00,+0.000000E+00,+9.910000E+37,+5.383975E+02,+3.584400E+04
16:25:28,0e0,+4.547001E-01,+8.483500E-05,+9.910000E+37,+5.386162E+02,+3.584400E+04,+4.547459E-01,+8.483500E-05,+9.910000E+37,+5.386836E+02,+3.584400E+04,+4.543824E-01,+8.483500E-05,+9.910000E+37,+5.387490E+02,+3.584400E+04,-2.732091E+00,+0.000000E+00,+9.910000E+37,+5.388174E+02,+3.584400E+04
16:25:28,0e0,+4.612551E-01,+8.961500E-05,+9.910000E+37,+5.390459E+02,+3.584400E+04,+4.624842E-01,+8.961500E-05,+9.910000E+37,+5.391133E+02,+3.584400E+04,+4.612101E-01,+8.961500E-05,+9.910000E+37,+5.391787E+02,+3.584400E+04,-4.131839E+00,+0.000000E+00,+9.910000E+37,+5.392451E+02,+3.584400E+04
16:25:28,0e0,+4.681302E-01,+9.466500E-05,+9.910000E+37,+5.394668E+02,+3.584400E+04,+4.682683E-01,+9.466500E-05,+9.910000E+37,+5.395342E+02,+3.584400E+04,+4.680392E-01,+9.466500E-05,+9.910000E+37,+5.395996E+02,+3.584400E+04,-3.983767E+00,+0.000000E+00,+9.910000E+37,+5.396680E+02,+3.584400E+04
16:25:28,0e0,+4.756427E-01,+1.000000E-04,+9.910000E+37,+5.398877E+02,+3.584400E+04,+4.747329E-01,+1.000000E-04,+9.910000E+37,+5.399541E+02,+3.584400E+04,+4.746864E-01,+1.000000E-04,+9.910000E+37,+5.400205E+02,+3.584400E+04,-3.489290E+00,+0.000000E+00,+9.910000E+37,+5.400938E+02,+3.584400E+04
16:25:28,0e0,+4.719561E-01,+1.056500E-04,+9.910000E+37,+5.403164E+02,+3.584400E+04,+4.693131E-01,+1.056500E-04,+9.910000E+37,+5.403828E+02,+3.584400E+04,+4.696330E-01,+1.056500E-04,+9.910000E+37,+5.404482E+02,+3.584400E+04,-2.319729E-01,+0.000000E+00,+9.910000E+37,+5.405176E+02,+3.584400E+04
16:25:28,0e0,+4.764625E-01,+1.116000E-04,+9.910000E+37,+5.407500E+02,+3.584400E+04,+4.782379E-01,+1.116000E-04,+9.910000E+37,+5.408154E+02,+3.584400E+04,+4.773276E-01,+1.116000E-04,+9.910000E+37,+5.408818E+02,+3.584400E+04,-2.362984E-01,+0.000000E+00,+9.910000E+37,+5.409492E+02,+3.584400E+04
16:25:28,0e0,+4.829270E-01,+1.179000E-04,+9.910000E+37,+5.411768E+02,+3.584400E+04,+4.829274E-01,+1.179000E-04,+9.910000E+37,+5.412432E+02,+3.584400E+04,+4.843844E-01,+1.179000E-04,+9.910000E+37,+5.413096E+02,+3.584400E+04,-2.543746E-01,+0.000000E+00,+9.910000E+37,+5.413760E+02,+3.584400E+04
16:25:28,0e0,+4.898479E-01,+1.245000E-04,+9.910000E+37,+5.416045E+02,+3.584400E+04,+4.884362E-01,+1.245000E-04,+9.910000E+37,+5.416709E+02,+3.584400E+04,+4.897112E-01,+1.245000E-04,+9.910000E+37,+5.417383E+02,+3.584400E+04,-2.294231E-01,+0.000000E+00,+9.910000E+37,+5.418057E+02,+3.584400E+04
16:25:28,0e0,+4.967684E-01,+1.315500E-04,+9.910000E+37,+5.420312E+02,+3.584400E+04,+4.970413E-01,+1.315500E-04,+9.910000E+37,+5.420977E+02,+3.584400E+04,+4.960855E-01,+1.315500E-04,+9.910000E+37,+5.421641E+02,+3.584400E+04,-2.502313E-01,+0.000000E+00,+9.910000E+37,+5.422314E+02,+3.584400E+04
16:25:28,0e0,+5.032333E-01,+1.389500E-04,+9.910000E+37,+5.424658E+02,+3.584400E+04,+5.025958E-01,+1.389500E-04,+9.910000E+37,+5.425332E+02,+3.584400E+04,+5.022773E-01,+1.389500E-04,+9.910000E+37,+5.425986E+02,+3.584400E+04,-2.589734E-01,+0.000000E+00,+9.910000E+37,+5.426650E+02,+3.584400E+04
16:25:28,0e0,+5.086973E-01,+1.468000E-04,+9.910000E+37,+5.428926E+02,+3.584400E+04,+5.095167E-01,+1.468000E-04,+9.910000E+37,+5.429580E+02,+3.584400E+04,+5.082405E-01,+1.468000E-04,+9.910000E+37,+5.430244E+02,+3.584400E+04,-2.223656E-01,+0.000000E+00,+9.910000E+37,+5.430908E+02,+3.584400E+04
16:25:28,0e0,+5.154807E-01,+1.550500E-04,+9.910000E+37,+5.433135E+02,+3.584400E+04,+5.169834E-01,+1.550500E-04,+9.910000E+37,+5.433799E+02,+3.584400E+04,+5.157089E-01,+1.550500E-04,+9.910000E+37,+5.434473E+02,+3.584400E+04,-2.430372E-01,+0.000000E+00,+9.910000E+37,+5.435127E+02,+3.584400E+04
16:25:28,0e0,+5.215364E-01,+1.638000E-04,+9.910000E+37,+5.437422E+02,+3.584400E+04,+5.222659E-01,+1.638000E-04,+9.910000E+37,+5.438086E+02,+3.584400E+04,+5.219911E-01,+1.638000E-04,+9.910000E+37,+5.438750E+02,+3.584400E+04,-2.231396E-01,+0.000000E+00,+9.910000E+37,+5.439414E+02,+3.584400E+04
16:25:28,0e0,+5.300962E-01,+1.730000E-04,+9.910000E+37,+5.441641E+02,+3.584400E+04,+5.290937E-01,+1.730000E-04,+9.910000E+37,+5.442305E+02,+3.584400E+04,+5.282291E-01,+1.730000E-04,+9.910000E+37,+5.442969E+02,+3.584400E+04,-2.459512E-01,+0.000000E+00,+9.910000E+37,+5.443633E+02,+3.584400E+04
16:25:28,0e0,+5.346951E-01,+1.827500E-04,+9.910000E+37,+5.445908E+02,+3.584400E+04,+5.346487E-01,+1.827500E-04,+9.910000E+37,+5.446572E+02,+3.584400E+04,+5.339652E-01,+1.827500E-04,+9.910000E+37,+5.447236E+02,+3.584400E+04,-2.264635E-01,+0.000000E+00,+9.910000E+37,+5.447910E+02,+3.584400E+04
16:25:28,0e0,+5.419332E-01,+1.930500E-04,+9.910000E+37,+5.450117E+02,+3.584400E+04,+5.413413E-01,+1.930500E-04,+9.910000E+37,+5.450791E+02,+3.584400E+04,+5.403858E-01,+1.930500E-04,+9.910000E+37,+5.451445E+02,+3.584400E+04,-2.443576E-01,+0.000000E+00,+9.910000E+37,+5.452109E+02,+3.584400E+04
16:25:28,0e0,+5.474880E-01,+2.039500E-04,+9.910000E+37,+5.454395E+02,+3.584400E+04,+5.475785E-01,+2.039500E-04,+9.910000E+37,+5.455068E+02,+3.584400E+04,+5.461199E-01,+2.039500E-04,+9.910000E+37,+5.455723E+02,+3.584400E+04,-2.341129E-01,+0.000000E+00,+9.910000E+37,+5.456387E+02,+3.584400E+04
16:25:28,0e0,+5.536790E-01,+2.154500E-04,+9.910000E+37,+5.458682E+02,+3.584400E+04,+5.538158E-01,+2.154500E-04,+9.910000E+37,+5.459336E+02,+3.584400E+04,+5.548636E-01,+2.154500E-04,+9.910000E+37,+5.460000E+02,+3.584400E+04,-2.618874E-01,+0.000000E+00,+9.910000E+37,+5.460674E+02,+3.584400E+04
16:25:28,0e0,+5.600531E-01,+2.276000E-04,+9.910000E+37,+5.462939E+02,+3.584400E+04,+5.603735E-01,+2.276000E-04,+9.910000E+37,+5.463604E+02,+3.584400E+04,+5.620114E-01,+2.276000E-04,+9.910000E+37,+5.464277E+02,+3.584400E+04,-2.306069E-01,+0.000000E+00,+9.910000E+37,+5.464951E+02,+3.584400E+04
16:25:28,0e0,+5.688868E-01,+2.404000E-04,+9.910000E+37,+5.467197E+02,+3.584400E+04,+5.668833E-01,+2.404000E-04,+9.910000E+37,+5.467852E+02,+3.584400E+04,+5.664274E-01,+2.404000E-04,+9.910000E+37,+5.468516E+02,+3.584400E+04,-2.542836E-01,+0.000000E+00,+9.910000E+37,+5.469180E+02,+3.584400E+04
16:25:28,0e0,+5.738038E-01,+2.539500E-04,+9.910000E+37,+5.471475E+02,+3.584400E+04,+5.734398E-01,+2.539500E-04,+9.910000E+37,+5.472148E+02,+3.584400E+04,+5.735307E-01,+2.539500E-04,+9.910000E+37,+5.472803E+02,+3.584400E+04,-2.402597E-01,+0.000000E+00,+9.910000E+37,+5.473467E+02,+3.584400E+04
16:25:28,0e0,+5.810875E-01,+2.682500E-04,+9.910000E+37,+5.475791E+02,+3.584400E+04,+5.800865E-01,+2.682500E-04,+9.910000E+37,+5.476465E+02,+3.584400E+04,+5.808606E-01,+2.682500E-04,+9.910000E+37,+5.477129E+02,+3.584400E+04,-2.306979E-01,+0.000000E+00,+9.910000E+37,+5.477783E+02,+3.584400E+04
16:25:28,0e0,+5.879163E-01,+2.834000E-04,+9.910000E+37,+5.480049E+02,+3.584400E+04,+5.878722E-01,+2.834000E-04,+9.910000E+37,+5.480713E+02,+3.584400E+04,+5.872803E-01,+2.834000E-04,+9.910000E+37,+5.481377E+02,+3.584400E+04,-2.594742E-01,+0.000000E+00,+9.910000E+37,+5.482041E+02,+3.584400E+04
16:25:28,0e0,+5.943831E-01,+2.993500E-04,+9.910000E+37,+5.484316E+02,+3.584400E+04,+5.942006E-01,+2.993500E-04,+9.910000E+37,+5.484980E+02,+3.584400E+04,+5.941556E-01,+2.993500E-04,+9.910000E+37,+5.485654E+02,+3.584400E+04,-2.378009E-01,+0.000000E+00,+9.910000E+37,+5.486328E+02,+3.584400E+04
16:25:28,0e0,+6.006660E-01,+3.162500E-04,+9.910000E+37,+5.488662E+02,+3.584400E+04,+6.013948E-01,+3.162500E-04,+9.910000E+37,+5.489326E+02,+3.584400E+04,+6.013937E-01,+3.162500E-04,+9.910000E+37,+5.490000E+02,+3.584400E+04,-2.303337E-01,+0.000000E+00,+9.910000E+37,+5.490674E+02,+3.584400E+04
16:25:28,0e0,+6.082696E-01,+3.340500E-04,+9.910000E+37,+5.492988E+02,+3.584400E+04,+6.078138E-01,+3.340500E-04,+9.910000E+37,+5.493652E+02,+3.584400E+04,+6.073128E-01,+3.340500E-04,+9.910000E+37,+5.494326E+02,+3.584400E+04,-2.301516E-01,+0.000000E+00,+9.910000E+37,+5.495000E+02,+3.584400E+04
16:25:28,0e0,+6.158724E-01,+3.528500E-04,+9.910000E+37,+5.497383E+02,+3.584400E+04,+6.149623E-01,+3.528500E-04,+9.910000E+37,+5.498057E+02,+3.584400E+04,+6.151447E-01,+3.528500E-04,+9.910000E+37,+5.498721E+02,+3.584400E+04,-2.346137E-01,+0.000000E+00,+9.910000E+37,+5.499385E+02,+3.584400E+04
16:25:28,0e0,+6.217911E-01,+3.727500E-04,+9.910000E+37,+5.501660E+02,+3.584400E+04,+6.199687E-01,+3.727500E-04,+9.910000E+37,+5.502324E+02,+3.584400E+04,+6.219730E-01,+3.727500E-04,+9.910000E+37,+5.502998E+02,+3.584400E+04,-2.575619E-01,+0.000000E+00,+9.910000E+37,+5.503672E+02,+3.584400E+04
16:25:28,0e0,+6.301684E-01,+3.937500E-04,+9.910000E+37,+5.505947E+02,+3.584400E+04,+6.293484E-01,+3.937500E-04,+9.910000E+37,+5.506611E+02,+3.584400E+04,+6.308514E-01,+3.937500E-04,+9.910000E+37,+5.507285E+02,+3.584400E+04,-2.541470E-01,+0.000000E+00,+9.910000E+37,+5.507959E+02,+3.584400E+04
16:25:28,0e0,+6.370891E-01,+4.159500E-04,+9.910000E+37,+5.510254E+02,+3.584400E+04,+6.365879E-01,+4.159500E-04,+9.910000E+37,+5.510918E+02,+3.584400E+04,+6.378170E-01,+4.159500E-04,+9.910000E+37,+5.511582E+02,+3.584400E+04,-2.365261E-01,+0.000000E+00,+9.910000E+37,+5.512246E+02,+3.584400E+04
16:25:28,0e0,+6.446471E-01,+4.394000E-04,+9.910000E+37,+5.514551E+02,+3.584400E+04,+6.447833E-01,+4.394000E-04,+9.910000E+37,+5.515225E+02,+3.584400E+04,+6.446010E-01,+4.394000E-04,+9.910000E+37,+5.515879E+02,+3.584400E+04,-2.565601E-01,+0.000000E+00,+9.910000E+37,+5.516543E+02,+3.584400E+04
16:25:28,0e0,+6.521128E-01,+4.641500E-04,+9.910000E+37,+5.518809E+02,+3.584400E+04,+6.519771E-01,+4.641500E-04,+9.910000E+37,+5.519473E+02,+3.584400E+04,+6.523405E-01,+4.641500E-04,+9.910000E+37,+5.520146E+02,+3.584400E+04,-2.556951E-01,+0.000000E+00,+9.910000E+37,+5.520811E+02,+3.584400E+04
16:25:28,0e0,+6.597167E-01,+4.903000E-04,+9.910000E+37,+5.523047E+02,+3.584400E+04,+6.603999E-01,+4.903000E-04,+9.910000E+37,+5.523711E+02,+3.584400E+04,+6.598538E-01,+4.903000E-04,+9.910000E+37,+5.524375E+02,+3.584400E+04,-3.267703E-01,+0.000000E+00,+9.910000E+37,+5.525049E+02,+3.584400E+04
16:25:28,0e0,+6.678231E-01,+5.179500E-04,+9.910000E+37,+5.527334E+02,+3.584400E+04,+6.682308E-01,+5.179500E-04,+9.910000E+37,+5.528008E+02,+3.584400E+04,+6.681855E-01,+5.179500E-04,+9.910000E+37,+5.528682E+02,+3.584400E+04,-3.468046E-01,+0.000000E+00,+9.910000E+37,+5.529336E+02,+3.584400E+04
16:25:28,0e0,+6.754712E-01,+5.471500E-04,+9.910000E+37,+5.531660E+02,+3.584400E+04,+6.752418E-01,+5.471500E-04,+9.910000E+37,+5.532324E+02,+3.584400E+04,+6.758805E-01,+5.471500E-04,+9.910000E+37,+5.532988E+02,+3.584400E+04,-4.293083E-01,+0.000000E+00,+9.910000E+37,+5.533652E+02,+3.584400E+04
16:25:28,0e0,+6.821609E-01,+5.779500E-04,+9.910000E+37,+5.535967E+02,+3.584400E+04,+6.833917E-01,+5.779500E-04,+9.910000E+37,+5.536631E+02,+3.584400E+04,+6.839383E-01,+5.779500E-04,+9.910000E+37,+5.537295E+02,+3.584400E+04,-5.664511E-01,+0.000000E+00,+9.910000E+37,+5.537959E+02,+3.584400E+04
16:25:28,0e0,+6.909941E-01,+6.105500E-04,+9.910000E+37,+5.540215E+02,+3.584400E+04,+6.905395E-01,+6.105500E-04,+9.910000E+37,+5.540869E+02,+3.584400E+04,+6.913117E-01,+6.105500E-04,+9.910000E+37,+5.541533E+02,+3.584400E+04,-7.581860E-01,+0.000000E+00,+9.910000E+37,+5.542197E+02,+3.584400E+04
16:25:28,0e0,+6.997833E-01,+6.449500E-04,+9.910000E+37,+5.544473E+02,+3.584400E+04,+7.012396E-01,+6.449500E-04,+9.910000E+37,+5.545127E+02,+3.584400E+04,+6.990533E-01,+6.449500E-04,+9.910000E+37,+5.545791E+02,+3.584400E+04,-8.372311E-01,+0.000000E+00,+9.910000E+37,+5.546465E+02,+3.584400E+04
16:25:28,0e0,+7.084327E-01,+6.813000E-04,+9.910000E+37,+5.548721E+02,+3.584400E+04,+7.070661E-01,+6.813000E-04,+9.910000E+37,+5.549385E+02,+3.584400E+04,+7.079320E-01,+6.813000E-04,+9.910000E+37,+5.550049E+02,+3.584400E+04,-1.066027E+00,+0.000000E+00,+9.910000E+37,+5.550703E+02,+3.584400E+04
16:25:28,0e0,+7.162197E-01,+7.197000E-04,+9.910000E+37,+5.553066E+02,+3.584400E+04,+7.152622E-01,+7.197000E-04,+9.910000E+37,+5.553730E+02,+3.584400E+04,+7.163547E-01,+7.197000E-04,+9.910000E+37,+5.554395E+02,+3.584400E+04,-1.241370E+00,+0.000000E+00,+9.910000E+37,+5.555059E+02,+3.584400E+04
16:25:28,0e0,+7.253707E-01,+7.602500E-04,+9.910000E+37,+5.557295E+02,+3.584400E+04,+7.244587E-01,+7.602500E-04,+9.910000E+37,+5.557959E+02,+3.584400E+04,+7.254162E-01,+7.602500E-04,+9.910000E+37,+5.558633E+02,+3.584400E+04,-1.311218E+00,+0.000000E+00,+9.910000E+37,+5.559287E+02,+3.584400E+04
16:25:28,0e0,+7.322891E-01,+8.031000E-04,+9.910000E+37,+5.561553E+02,+3.584400E+04,+7.328829E-01,+8.031000E-04,+9.910000E+37,+5.562217E+02,+3.584400E+04,+7.329721E-01,+8.031000E-04,+9.910000E+37,+5.562891E+02,+3.584400E+04,-1.500403E+00,+0.000000E+00,+9.910000E+37,+5.563545E+02,+3.584400E+04
16:25:28,0e0,+7.408936E-01,+8.483500E-04,+9.910000E+37,+5.565859E+02,+3.584400E+04,+7.411675E-01,+8.483500E-04,+9.910000E+37,+5.566523E+02,+3.584400E+04,+7.422165E-01,+8.483500E-04,+9.910000E+37,+5.567188E+02,+3.584400E+04,-1.551991E+00,+0.000000E+00,+9.910000E+37,+5.567861E+02,+3.584400E+04
16:25:28,0e0,+7.510032E-01,+8.961500E-04,+9.910000E+37,+5.570088E+02,+3.584400E+04,+7.520496E-01,+8.961500E-04,+9.910000E+37,+5.570752E+02,+3.584400E+04,+7.510030E-01,+8.961500E-04,+9.910000E+37,+5.571416E+02,+3.584400E+04,-1.750693E+00,+0.000000E+00,+9.910000E+37,+5.572090E+02,+3.584400E+04
16:25:28,0e0,+7.601538E-01,+9.466500E-04,+9.910000E+37,+5.574365E+02,+3.584400E+04,+7.587859E-01,+9.466500E-04,+9.910000E+37,+5.575029E+02,+3.584400E+04,+7.594253E-01,+9.466500E-04,+9.910000E+37,+5.575703E+02,+3.584400E+04,-1.803465E+00,+0.000000E+00,+9.910000E+37,+5.576357E+02,+3.584400E+04
16:25:28,0e0,+7.693052E-01,+1.000000E-03,+9.910000E+37,+5.578604E+02,+3.584400E+04,+7.686220E-01,+1.000000E-03,+9.910000E+37,+5.579268E+02,+3.584400E+04,+7.694873E-01,+1.000000E-03,+9.910000E+37,+5.579941E+02,+3.584400E+04,-2.124921E+00,+0.000000E+00,+9.910000E+37,+5.580596E+02,+3.584400E+04
16:25:28,0e0,+7.658892E-01,+1.056500E-03,+9.910000E+37,+5.582832E+02,+3.584400E+04,+7.657987E-01,+1.056500E-03,+9.910000E+37,+5.583506E+02,+3.584400E+04,+7.648883E-01,+1.056500E-03,+9.910000E+37,+5.584160E+02,+3.584400E+04,-1.709167E+00,+0.000000E+00,+9.910000E+37,+5.584834E+02,+3.584400E+04
16:25:28,0e0,+7.749980E-01,+1.116000E-03,+9.910000E+37,+5.587100E+02,+3.584400E+04,+7.758162E-01,+1.116000E-03,+9.910000E+37,+5.587773E+02,+3.584400E+04,+7.751334E-01,+1.116000E-03,+9.910000E+37,+5.588447E+02,+3.584400E+04,-1.723646E+00,+0.000000E+00,+9.910000E+37,+5.589111E+02,+3.584400E+04
16:25:28,0e0,+7.853769E-01,+1.179000E-03,+9.910000E+37,+5.591357E+02,+3.584400E+04,+7.844661E-01,+1.179000E-03,+9.910000E+37,+5.592031E+02,+3.584400E+04,+7.835102E-01,+1.179000E-03,+9.910000E+37,+5.592686E+02,+3.584400E+04,-1.738445E+00,+0.000000E+00,+9.910000E+37,+5.593350E+02,+3.584400E+04
16:25:28,0e0,+7.935264E-01,+1.245000E-03,+9.910000E+37,+5.595596E+02,+3.584400E+04,+7.941185E-01,+1.245000E-03,+9.910000E+37,+5.596270E+02,+3.584400E+04,+7.934810E-01,+1.245000E-03,+9.910000E+37,+5.596924E+02,+3.584400E+04,-1.692459E+00,+0.000000E+00,+9.910000E+37,+5.597588E+02,+3.584400E+04
16:25:28,0e0,+8.020865E-01,+1.315500E-03,+9.910000E+37,+5.599844E+02,+3.584400E+04,+8.039078E-01,+1.315500E-03,+9.910000E+37,+5.600518E+02,+3.584400E+04,+8.033608E-01,+1.315500E-03,+9.910000E+37,+5.601182E+02,+3.584400E+04,-1.722189E+00,+0.000000E+00,+9.910000E+37,+5.601846E+02,+3.584400E+04
16:25:28,0e0,+8.117851E-01,+1.389500E-03,+9.910000E+37,+5.604141E+02,+3.584400E+04,+8.129667E-01,+1.389500E-03,+9.910000E+37,+5.604795E+02,+3.584400E+04,+8.121945E-01,+1.389500E-03,+9.910000E+37,+5.605459E+02,+3.584400E+04,-1.738033E+00,+0.000000E+00,+9.910000E+37,+5.606123E+02,+3.584400E+04
16:25:28,0e0,+8.222101E-01,+1.468000E-03,+9.910000E+37,+5.608359E+02,+3.584400E+04,+8.223463E-01,+1.468000E-03,+9.910000E+37,+5.609033E+02,+3.584400E+04,+8.216180E-01,+1.468000E-03,+9.910000E+37,+5.609688E+02,+3.584400E+04,-1.718637E+00,+0.000000E+00,+9.910000E+37,+5.610352E+02,+3.584400E+04
16:25:28,0e0,+8.317255E-01,+1.550500E-03,+9.910000E+37,+5.612627E+02,+3.584400E+04,+8.322265E-01,+1.550500E-03,+9.910000E+37,+5.613281E+02,+3.584400E+04,+8.318143E-01,+1.550500E-03,+9.910000E+37,+5.613945E+02,+3.584400E+04,-1.727471E+00,+0.000000E+00,+9.910000E+37,+5.614619E+02,+3.584400E+04
16:25:28,0e0,+8.422883E-01,+1.638000E-03,+9.910000E+37,+5.616895E+02,+3.584400E+04,+8.417418E-01,+1.638000E-03,+9.910000E+37,+5.617559E+02,+3.584400E+04,+8.427434E-01,+1.638000E-03,+9.910000E+37,+5.618232E+02,+3.584400E+04,-1.709031E+00,+0.000000E+00,+9.910000E+37,+5.618887E+02,+3.584400E+04
16:25:28,0e0,+8.538978E-01,+1.730000E-03,+9.910000E+37,+5.621152E+02,+3.584400E+04,+8.523500E-01,+1.730000E-03,+9.910000E+37,+5.621816E+02,+3.584400E+04,+8.522583E-01,+1.730000E-03,+9.910000E+37,+5.622490E+02,+3.584400E+04,-1.737944E+00,+0.000000E+00,+9.910000E+37,+5.623164E+02,+3.584400E+04
16:25:28,0e0,+8.629124E-01,+1.827500E-03,+9.910000E+37,+5.625430E+02,+3.584400E+04,+8.634130E-01,+1.827500E-03,+9.910000E+37,+5.626084E+02,+3.584400E+04,+8.633678E-01,+1.827500E-03,+9.910000E+37,+5.626748E+02,+3.584400E+04,-1.755153E+00,+0.000000E+00,+9.910000E+37,+5.627412E+02,+3.584400E+04
16:25:28,0e0,+8.741146E-01,+1.930500E-03,+9.910000E+37,+5.629746E+02,+3.584400E+04,+8.737032E-01,+1.930500E-03,+9.910000E+37,+5.630410E+02,+3.584400E+04,+8.742493E-01,+1.930500E-03,+9.910000E+37,+5.631074E+02,+3.584400E+04,-1.749553E+00,+0.000000E+00,+9.910000E+37,+5.631738E+02,+3.584400E+04
16:25:28,0e0,+8.849499E-01,+2.039500E-03,+9.910000E+37,+5.633994E+02,+3.584400E+04,+8.850853E-01,+2.039500E-03,+9.910000E+37,+5.634668E+02,+3.584400E+04,+8.858141E-01,+2.039500E-03,+9.910000E+37,+5.635322E+02,+3.584400E+04,-1.758433E+00,+0.000000E+00,+9.910000E+37,+5.635986E+02,+3.584400E+04
16:25:28,0e0,+8.963301E-01,+2.154500E-03,+9.910000E+37,+5.638281E+02,+3.584400E+04,+8.973781E-01,+2.154500E-03,+9.910000E+37,+5.638955E+02,+3.584400E+04,+8.955097E-01,+2.154500E-03,+9.910000E+37,+5.639609E+02,+3.584400E+04,-1.764671E+00,+0.000000E+00,+9.910000E+37,+5.640273E+02,+3.584400E+04
16:25:28,0e0,+9.088527E-01,+2.276000E-03,+9.910000E+37,+5.642559E+02,+3.584400E+04,+9.080780E-01,+2.276000E-03,+9.910000E+37,+5.643223E+02,+3.584400E+04,+9.090345E-01,+2.276000E-03,+9.910000E+37,+5.643896E+02,+3.584400E+04,-1.781609E+00,+0.000000E+00,+9.910000E+37,+5.644551E+02,+3.584400E+04
16:25:28,0e0,+9.194142E-01,+2.404000E-03,+9.910000E+37,+5.646904E+02,+3.584400E+04,+9.206884E-01,+2.404000E-03,+9.910000E+37,+5.647568E+02,+3.584400E+04,+9.202799E-01,+2.404000E-03,+9.910000E+37,+5.648242E+02,+3.584400E+04,-1.769588E+00,+0.000000E+00,+9.910000E+37,+5.648896E+02,+3.584400E+04
16:25:28,0e0,+9.310675E-01,+2.539500E-03,+9.910000E+37,+5.651191E+02,+3.584400E+04,+9.327095E-01,+2.539500E-03,+9.910000E+37,+5.651855E+02,+3.584400E+04,+9.322083E-01,+2.539500E-03,+9.910000E+37,+5.652529E+02,+3.584400E+04,-1.809338E+00,+0.000000E+00,+9.910000E+37,+5.653184E+02,+3.584400E+04
16:25:28,0e0,+9.445926E-01,+2.682500E-03,+9.910000E+37,+5.655469E+02,+3.584400E+04,+9.446833E-01,+2.682500E-03,+9.910000E+37,+5.656143E+02,+3.584400E+04,+9.445009E-01,+2.682500E-03,+9.910000E+37,+5.656816E+02,+3.584400E+04,-1.758934E+00,+0.000000E+00,+9.910000E+37,+5.657471E+02,+3.584400E+04
16:25:28,0e0,+9.568847E-01,+2.834000E-03,+9.910000E+37,+5.659766E+02,+3.584400E+04,+9.572487E-01,+2.834000E-03,+9.910000E+37,+5.660430E+02,+3.584400E+04,+9.575218E-01,+2.834000E-03,+9.910000E+37,+5.661104E+02,+3.584400E+04,-1.766628E+00,+0.000000E+00,+9.910000E+37,+5.661768E+02,+3.584400E+04
16:25:28,0e0,+9.703614E-01,+2.993500E-03,+9.910000E+37,+5.664004E+02,+3.584400E+04,+9.693594E-01,+2.993500E-03,+9.910000E+37,+5.664668E+02,+3.584400E+04,+9.710900E-01,+2.993500E-03,+9.910000E+37,+5.665332E+02,+3.584400E+04,-1.738216E+00,+0.000000E+00,+9.910000E+37,+5.666006E+02,+3.584400E+04
16:25:28,0e0,+9.837466E-01,+3.162500E-03,+9.910000E+37,+5.668330E+02,+3.584400E+04,+9.849311E-01,+3.162500E-03,+9.910000E+37,+5.668994E+02,+3.584400E+04,+9.832006E-01,+3.162500E-03,+9.910000E+37,+5.669658E+02,+3.584400E+04,-1.759023E+00,+0.000000E+00,+9.910000E+37,+5.670312E+02,+3.584400E+04
16:25:28,0e0,+9.970407E-01,+3.340500E-03,+9.910000E+37,+5.672598E+02,+3.584400E+04,+9.971789E-01,+3.340500E-03,+9.910000E+37,+5.673262E+02,+3.584400E+04,+9.973142E-01,+3.340500E-03,+9.910000E+37,+5.673926E+02,+3.584400E+04,-1.751466E+00,+0.000000E+00,+9.910000E+37,+5.674600E+02,+3.584400E+04
16:25:28,0e0,+1.009742E+00,+3.528500E-03,+9.910000E+37,+5.676904E+02,+3.584400E+04,+1.011338E+00,+3.528500E-03,+9.910000E+37,+5.677568E+02,+3.584400E+04,+1.009926E+00,+3.528500E-03,+9.910000E+37,+5.678242E+02,+3.584400E+04,-1.735437E+00,+0.000000E+00,+9.910000E+37,+5.678896E+02,+3.584400E+04
16:25:28,0e0,+1.024177E+00,+3.727500E-03,+9.910000E+37,+5.681230E+02,+3.584400E+04,+1.024678E+00,+3.727500E-03,+9.910000E+37,+5.681904E+02,+3.584400E+04,+1.025408E+00,+3.727500E-03,+9.910000E+37,+5.682559E+02,+3.584400E+04,-1.767949E+00,+0.000000E+00,+9.910000E+37,+5.683223E+02,+3.584400E+04
16:25:28,0e0,+1.039838E+00,+3.937500E-03,+9.910000E+37,+5.685479E+02,+3.584400E+04,+1.038245E+00,+3.937500E-03,+9.910000E+37,+5.686152E+02,+3.584400E+04,+1.038884E+00,+3.937500E-03,+9.910000E+37,+5.686826E+02,+3.584400E+04,-1.706753E+00,+0.000000E+00,+9.910000E+37,+5.687480E+02,+3.584400E+04
16:25:28,0e0,+1.054363E+00,+4.159500E-03,+9.910000E+37,+5.689736E+02,+3.584400E+04,+1.055273E+00,+4.159500E-03,+9.910000E+37,+5.690391E+02,+3.584400E+04,+1.053727E+00,+4.159500E-03,+9.910000E+37,+5.691055E+02,+3.584400E+04,-1.754062E+00,+0.000000E+00,+9.910000E+37,+5.691729E+02,+3.584400E+04
16:25:28,0e0,+1.069844E+00,+4.394000E-03,+9.910000E+37,+5.693975E+02,+3.584400E+04,+1.068522E+00,+4.394000E-03,+9.910000E+37,+5.694639E+02,+3.584400E+04,+1.069342E+00,+4.394000E-03,+9.910000E+37,+5.695313E+02,+3.584400E+04,-1.682029E+00,+0.000000E+00,+9.910000E+37,+5.695967E+02,+3.584400E+04
16:25:28,0e0,+1.084775E+00,+4.641500E-03,+9.910000E+37,+5.698174E+02,+3.584400E+04,+1.084458E+00,+4.641500E-03,+9.910000E+37,+5.698838E+02,+3.584400E+04,+1.084275E+00,+4.641500E-03,+9.910000E+37,+5.699502E+02,+3.584400E+04,-1.700743E+00,+0.000000E+00,+9.910000E+37,+5.700166E+02,+3.584400E+04
16:25:28,0e0,+1.100484E+00,+4.903000E-03,+9.910000E+37,+5.702461E+02,+3.584400E+04,+1.100666E+00,+4.903000E-03,+9.910000E+37,+5.703125E+02,+3.584400E+04,+1.101029E+00,+4.903000E-03,+9.910000E+37,+5.703789E+02,+3.584400E+04,-1.713629E+00,+0.000000E+00,+9.910000E+37,+5.704453E+02,+3.584400E+04
16:25:28,0e0,+1.118421E+00,+5.179500E-03,+9.910000E+37,+5.706709E+02,+3.584400E+04,+1.117056E+00,+5.179500E-03,+9.910000E+37,+5.707383E+02,+3.584400E+04,+1.116236E+00,+5.179500E-03,+9.910000E+37,+5.708037E+02,+3.584400E+04,-1.704157E+00,+0.000000E+00,+9.910000E+37,+5.708701E+02,+3.584400E+04
16:25:28,0e0,+1.133810E+00,+5.471500E-03,+9.910000E+37,+5.710967E+02,+3.584400E+04,+1.133401E+00,+5.471500E-03,+9.910000E+37,+5.711621E+02,+3.584400E+04,+1.132854E+00,+5.471500E-03,+9.910000E+37,+5.712285E+02,+3.584400E+04,-1.727835E+00,+0.000000E+00,+9.910000E+37,+5.712959E+02,+3.584400E+04
16:25:28,0e0,+1.150884E+00,+5.779500E-03,+9.910000E+37,+5.715283E+02,+3.584400E+04,+1.150656E+00,+5.779500E-03,+9.910000E+37,+5.715937E+02,+3.584400E+04,+1.150338E+00,+5.779500E-03,+9.910000E+37,+5.716602E+02,+3.584400E+04,-1.715676E+00,+0.000000E+00,+9.910000E+37,+5.717266E+02,+3.584400E+04
16:25:28,0e0,+1.168231E+00,+6.105500E-03,+9.910000E+37,+5.719541E+02,+3.584400E+04,+1.167866E+00,+6.105500E-03,+9.910000E+37,+5.720205E+02,+3.584400E+04,+1.166043E+00,+6.105500E-03,+9.910000E+37,+5.720869E+02,+3.584400E+04,-1.688859E+00,+0.000000E+00,+9.910000E+37,+5.721523E+02,+3.584400E+04
16:25:28,0e0,+1.185440E+00,+6.449500E-03,+9.910000E+37,+5.723838E+02,+3.584400E+04,+1.185759E+00,+6.449500E-03,+9.910000E+37,+5.724492E+02,+3.584400E+04,+1.185714E+00,+6.449500E-03,+9.910000E+37,+5.725156E+02,+3.584400E+04,-1.692274E+00,+0.000000E+00,+9.910000E+37,+5.725820E+02,+3.584400E+04
16:25:28,0e0,+1.202831E+00,+6.813000E-03,+9.910000E+37,+5.728076E+02,+3.584400E+04,+1.203879E+00,+6.813000E-03,+9.910000E+37,+5.728740E+02,+3.584400E+04,+1.203561E+00,+6.813000E-03,+9.910000E+37,+5.729404E+02,+3.584400E+04,-1.715404E+00,+0.000000E+00,+9.910000E+37,+5.730068E+02,+3.584400E+04
16:25:28,0e0,+1.223822E+00,+7.197000E-03,+9.910000E+37,+5.732305E+02,+3.584400E+04,+1.220905E+00,+7.197000E-03,+9.910000E+37,+5.732959E+02,+3.584400E+04,+1.222956E+00,+7.197000E-03,+9.910000E+37,+5.733623E+02,+3.584400E+04,-1.704204E+00,+0.000000E+00,+9.910000E+37,+5.734297E+02,+3.584400E+04
16:25:28,0e0,+1.241352E+00,+7.602500E-03,+9.910000E+37,+5.736543E+02,+3.584400E+04,+1.242398E+00,+7.602500E-03,+9.910000E+37,+5.737217E+02,+3.584400E+04,+1.242217E+00,+7.602500E-03,+9.910000E+37,+5.737871E+02,+3.584400E+04,-1.755291E+00,+0.000000E+00,+9.910000E+37,+5.738535E+02,+3.584400E+04
16:25:28,0e0,+1.260107E+00,+8.031000E-03,+9.910000E+37,+5.740801E+02,+3.584400E+04,+1.260746E+00,+8.031000E-03,+9.910000E+37,+5.741475E+02,+3.584400E+04,+1.261976E+00,+8.031000E-03,+9.910000E+37,+5.742129E+02,+3.584400E+04,-1.673151E+00,+0.000000E+00,+9.910000E+37,+5.742803E+02,+3.584400E+04
16:25:28,0e0,+1.281552E+00,+8.483500E-03,+9.910000E+37,+5.745059E+02,+3.584400E+04,+1.280914E+00,+8.483500E-03,+9.910000E+37,+5.745732E+02,+3.584400E+04,+1.280551E+00,+8.483500E-03,+9.910000E+37,+5.746396E+02,+3.584400E+04,-1.729247E+00,+0.000000E+00,+9.910000E+37,+5.747061E+02,+3.584400E+04
16:25:28,0e0,+1.302771E+00,+8.961500E-03,+9.910000E+37,+5.749346E+02,+3.584400E+04,+1.301631E+00,+8.961500E-03,+9.910000E+37,+5.750010E+02,+3.584400E+04,+1.299808E+00,+8.961500E-03,+9.910000E+37,+5.750664E+02,+3.584400E+04,-1.716087E+00,+0.000000E+00,+9.910000E+37,+5.751328E+02,+3.584400E+04
16:25:28,0e0,+1.322620E+00,+9.466500E-03,+9.910000E+37,+5.753594E+02,+3.584400E+04,+1.323258E+00,+9.466500E-03,+9.910000E+37,+5.754268E+02,+3.584400E+04,+1.322802E+00,+9.466500E-03,+9.910000E+37,+5.754922E+02,+3.584400E+04,-1.713310E+00,+0.000000E+00,+9.910000E+37,+5.755586E+02,+3.584400E+04
