16:30:28,0e0,+9.037370E+00,+1.000000E-07,+9.910000E+37,+7.785352E+02,+3.584400E+04,+7.346837E+00,+1.000000E-07,+9.910000E+37,+7.786006E+02,+3.584400E+04,+7.042248E+00,+1.000000E-07,+9.910000E+37,+7.786680E+02,+3.584400E+04,+1.976949E+00,+0.000000E+00,+9.910000E+37,+7.787334E+02,+3.584400E+04
16:30:28,0e0,+9.663329E+00,+1.056500E-07,+9.910000E+37,+7.789619E+02,+3.584400E+04,+8.306865E+00,+1.056500E-07,+9.910000E+37,+7.790283E+02,+3.584400E+04,+8.053144E+00,+1.056500E-07,+9.910000E+37,+7.790947E+02,+3.584400E+04,+2.604703E+00,+0.000000E+00,+9.910000E+37,+7.791602E+02,+3.584400E+04
16:30:28,0e0,+1.049015E+01,+1.116000E-07,+9.910000E+37,+7.793857E+02,+3.584400E+04,+9.468222E+00,+1.116000E-07,+9.910000E+37,+7.794521E+02,+3.584400E+04,+9.254272E+00,+1.116000E-07,+9.910000E+37,+7.795186E+02,+3.584400E+04,+3.190114E+00,+0.000000E+00,+9.910000E+37,+7.795850E+02,+3.584400E+04
16:30:28,0e0,+1.115578E+01,+1.179000E-07,+9.910000E+37,+7.798105E+02,+3.584400E+04,+1.063749E+01,+1.179000E-07,+9.910000E+37,+7.798770E+02,+3.584400E+04,+1.052988E+01,+1.179000E-07,+9.910000E+37,+7.799443E+02,+3.584400E+04,+4.115303E+00,+0.000000E+00,+9.910000E+37,+7.800107E+02,+3.584400E+04
16:30:28,0e0,+1.221208E+01,+1.245000E-07,+9.910000E+37,+7.802314E+02,+3.584400E+04,+1.199831E+01,+1.245000E-07,+9.910000E+37,+7.802988E+02,+3.584400E+04,+1.199092E+01,+1.245000E-07,+9.910000E+37,+7.803643E+02,+3.584400E+04,+5.009073E+00,+0.000000E+00,+9.910000E+37,+7.804316E+02,+3.584400E+04
16:30:28,0e0,+1.277020E+01,+1.315500E-07,+9.910000E+37,+7.806582E+02,+3.584400E+04,+1.330444E+01,+1.315500E-07,+9.910000E+37,+7.807246E+02,+3.584400E+04,+1.352690E+01,+1.315500E-07,+9.910000E+37,+7.807910E+02,+3.584400E+04,+6.178891E+00,+0.000000E+00,+9.910000E+37,+7.808574E+02,+3.584400E+04
16:30:28,0e0,+1.390285E+01,+1.389500E-07,+9.910000E+37,+7.810771E+02,+3.584400E+04,+1.492532E+01,+1.389500E-07,+9.910000E+37,+7.811445E+02,+3.584400E+04,+1.530407E+01,+1.389500E-07,+9.910000E+37,+7.812109E+02,+3.584400E+04,+7.493634E+00,+0.000000E+00,+9.910000E+37,+7.812773E+02,+3.584400E+04
16:30:28,0e0,+1.454162E+01,+1.468000E-07,+9.910000E+37,+7.815010E+02,+3.584400E+04,+1.639833E+01,+1.468000E-07,+9.910000E+37,+7.815674E+02,+3.584400E+04,+1.713629E+01,+1.468000E-07,+9.910000E+37,+7.816348E+02,+3.584400E+04,+8.894552E+00,+0.000000E+00,+9.910000E+37,+7.817002E+02,+3.584400E+04
16:30:28,0e0,+1.585773E+01,+1.550500E-07,+9.910000E+37,+7.819297E+02,+3.584400E+04,+1.829717E+01,+1.550500E-07,+9.910000E+37,+7.819961E+02,+3.584400E+04,+1.923423E+01,+1.550500E-07,+9.910000E+37,+7.820625E+02,+3.584400E+04,+1.044285E+01,+0.000000E+00,+9.910000E+37,+7.821289E+02,+3.584400E+04
16:30:28,0e0,+1.652112E+01,+1.638000E-07,+9.910000E+37,+7.823525E+02,+3.584400E+04,+1.998104E+01,+1.638000E-07,+9.910000E+37,+7.824189E+02,+3.584400E+04,+2.137663E+01,+1.638000E-07,+9.910000E+37,+7.824854E+02,+3.584400E+04,+1.207837E+01,+0.000000E+00,+9.910000E+37,+7.825518E+02,+3.584400E+04
16:30:28,0e0,+1.781033E+01,+1.730000E-07,+9.910000E+37,+7.827803E+02,+3.584400E+04,+2.202829E+01,+1.730000E-07,+9.910000E+37,+7.828477E+02,+3.584400E+04,+2.378561E+01,+1.730000E-07,+9.910000E+37,+7.829141E+02,+3.584400E+04,+1.407089E+01,+0.000000E+00,+9.910000E+37,+7.829805E+02,+3.584400E+04
16:30:28,0e0,+1.900067E+01,+1.827500E-07,+9.910000E+37,+7.832031E+02,+3.584400E+04,+2.430021E+01,+1.827500E-07,+9.910000E+37,+7.832695E+02,+3.584400E+04,+2.652594E+01,+1.827500E-07,+9.910000E+37,+7.833369E+02,+3.584400E+04,+1.632572E+01,+0.000000E+00,+9.910000E+37,+7.834033E+02,+3.584400E+04
16:30:28,0e0,+2.035855E+01,+1.930500E-07,+9.910000E+37,+7.836270E+02,+3.584400E+04,+2.655716E+01,+1.930500E-07,+9.910000E+37,+7.836934E+02,+3.584400E+04,+2.933220E+01,+1.930500E-07,+9.910000E+37,+7.837598E+02,+3.584400E+04,+1.866563E+01,+0.000000E+00,+9.910000E+37,+7.838262E+02,+3.584400E+04
16:30:28,0e0,+2.144312E+01,+2.039500E-07,+9.910000E+37,+7.840479E+02,+3.584400E+04,+2.895417E+01,+2.039500E-07,+9.910000E+37,+7.841143E+02,+3.584400E+04,+3.241715E+01,+2.039500E-07,+9.910000E+37,+7.841807E+02,+3.584400E+04,+2.143871E+01,+0.000000E+00,+9.910000E+37,+7.842480E+02,+3.584400E+04
16:30:28,0e0,+2.324547E+01,+2.154500E-07,+9.910000E+37,+7.844727E+02,+3.584400E+04,+3.179208E+01,+2.154500E-07,+9.910000E+37,+7.845391E+02,+3.584400E+04,+3.582201E+01,+2.154500E-07,+9.910000E+37,+7.846064E+02,+3.584400E+04,+2.436119E+01,+0.000000E+00,+9.910000E+37,+7.846719E+02,+3.584400E+04
16:30:28,0e0,+2.451180E+01,+2.276000E-07,+9.910000E+37,+7.848936E+02,+3.584400E+04,+3.453646E+01,+2.276000E-07,+9.910000E+37,+7.849609E+02,+3.584400E+04,+3.935571E+01,+2.276000E-07,+9.910000E+37,+7.850273E+02,+3.584400E+04,+2.741025E+01,+0.000000E+00,+9.910000E+37,+7.850938E+02,+3.584400E+04
16:30:28,0e0,+2.636591E+01,+2.404000E-07,+9.910000E+37,+7.853193E+02,+3.584400E+04,+3.772496E+01,+2.404000E-07,+9.910000E+37,+7.853857E+02,+3.584400E+04,+4.335370E+01,+2.404000E-07,+9.910000E+37,+7.854521E+02,+3.584400E+04,+3.102692E+01,+0.000000E+00,+9.910000E+37,+7.855186E+02,+3.584400E+04
16:30:28,0e0,+2.793640E+01,+2.539500E-07,+9.910000E+37,+7.857383E+02,+3.584400E+04,+4.098628E+01,+2.539500E-07,+9.910000E+37,+7.858057E+02,+3.584400E+04,+4.758019E+01,+2.539500E-07,+9.910000E+37,+7.858721E+02,+3.584400E+04,+3.477157E+01,+0.000000E+00,+9.910000E+37,+7.859385E+02,+3.584400E+04
16:30:28,0e0,+2.961411E+01,+2.682500E-07,+9.910000E+37,+7.861641E+02,+3.584400E+04,+4.442942E+01,+2.682500E-07,+9.910000E+37,+7.862305E+02,+3.584400E+04,+5.209202E+01,+2.682500E-07,+9.910000E+37,+7.862979E+02,+3.584400E+04,+3.896308E+01,+0.000000E+00,+9.910000E+37,+7.863643E+02,+3.584400E+04
16:30:28,0e0,+3.162253E+01,+2.834000E-07,+9.910000E+37,+7.865859E+02,+3.584400E+04,+4.823278E+01,+2.834000E-07,+9.910000E+37,+7.866533E+02,+3.584400E+04,+5.703814E+01,+2.834000E-07,+9.910000E+37,+7.867197E+02,+3.584400E+04,+4.336004E+01,+0.000000E+00,+9.910000E+37,+7.867861E+02,+3.584400E+04
16:30:28,0e0,+3.347492E+01,+2.993500E-07,+9.910000E+37,+7.870107E+02,+3.584400E+04,+5.214701E+01,+2.993500E-07,+9.910000E+37,+7.870771E+02,+3.584400E+04,+6.190018E+01,+2.993500E-07,+9.910000E+37,+7.871436E+02,+3.584400E+04,+4.800720E+01,+0.000000E+00,+9.910000E+37,+7.872100E+02,+3.584400E+04
16:30:28,0e0,+3.581985E+01,+3.162500E-07,+9.910000E+37,+7.874316E+02,+3.584400E+04,+5.654878E+01,+3.162500E-07,+9.910000E+37,+7.874980E+02,+3.584400E+04,+6.761906E+01,+3.162500E-07,+9.910000E+37,+7.875654E+02,+3.584400E+04,+5.006573E+01,+0.000000E+00,+9.910000E+37,+7.876318E+02,+3.584400E+04
16:30:28,0e0,+3.779335E+01,+3.340500E-07,+9.910000E+37,+7.878555E+02,+3.584400E+04,+6.064824E+01,+3.340500E-07,+9.910000E+37,+7.879219E+02,+3.584400E+04,+6.975345E+01,+3.340500E-07,+9.910000E+37,+7.879883E+02,+3.584400E+04,+5.054628E+01,+0.000000E+00,+9.910000E+37,+7.880547E+02,+3.584400E+04
16:30:28,0e0,+4.016619E+01,+3.528500E-07,+9.910000E+37,+7.882881E+02,+3.584400E+04,+6.540128E+01,+3.528500E-07,+9.910000E+37,+7.883545E+02,+3.584400E+04,+7.044942E+01,+3.528500E-07,+9.910000E+37,+7.884209E+02,+3.584400E+04,+5.090830E+01,+0.000000E+00,+9.910000E+37,+7.884873E+02,+3.584400E+04
16:30:28,0e0,+4.265389E+01,+3.727500E-07,+9.910000E+37,+7.887061E+02,+3.584400E+04,+6.967256E+01,+3.727500E-07,+9.910000E+37,+7.887734E+02,+3.584400E+04,+7.096939E+01,+3.727500E-07,+9.910000E+37,+7.888389E+02,+3.584400E+04,+5.115762E+01,+0.000000E+00,+9.910000E+37,+7.889053E+02,+3.584400E+04
16:30:28,0e0,+4.529354E+01,+3.937500E-07,+9.910000E+37,+7.891357E+02,+3.584400E+04,+7.128396E+01,+3.937500E-07,+9.910000E+37,+7.892021E+02,+3.584400E+04,+7.141172E+01,+3.937500E-07,+9.910000E+37,+7.892686E+02,+3.584400E+04,+5.114880E+01,+0.000000E+00,+9.910000E+37,+7.893350E+02,+3.584400E+04
16:30:28,0e0,+4.852615E+01,+4.159500E-07,+9.910000E+37,+7.895615E+02,+3.584400E+04,+7.177309E+01,+4.159500E-07,+9.910000E+37,+7.896279E+02,+3.584400E+04,+7.181338E+01,+4.159500E-07,+9.910000E+37,+7.896943E+02,+3.584400E+04,+5.144344E+01,+0.000000E+00,+9.910000E+37,+7.897607E+02,+3.584400E+04
16:30:28,0e0,+5.112569E+01,+4.394000E-07,+9.910000E+37,+7.899834E+02,+3.584400E+04,+7.214009E+01,+4.394000E-07,+9.910000E+37,+7.900498E+02,+3.584400E+04,+7.217738E+01,+4.394000E-07,+9.910000E+37,+7.901172E+02,+3.584400E+04,+5.116949E+01,+0.000000E+00,+9.910000E+37,+7.901836E+02,+3.584400E+04
16:30:28,0e0,+5.468613E+01,+4.641500E-07,+9.910000E+37,+7.904092E+02,+3.584400E+04,+7.248235E+01,+4.641500E-07,+9.910000E+37,+7.904756E+02,+3.584400E+04,+7.251727E+01,+4.641500E-07,+9.910000E+37,+7.905420E+02,+3.584400E+04,+5.130298E+01,+0.000000E+00,+9.910000E+37,+7.906084E+02,+3.584400E+04
16:30:28,0e0,+5.763856E+01,+4.903000E-07,+9.910000E+37,+7.908301E+02,+3.584400E+04,+7.280286E+01,+4.903000E-07,+9.910000E+37,+7.908965E+02,+3.584400E+04,+7.283672E+01,+4.903000E-07,+9.910000E+37,+7.909639E+02,+3.584400E+04,+5.076193E+01,+0.000000E+00,+9.910000E+37,+7.910303E+02,+3.584400E+04
16:30:28,0e0,+6.134642E+01,+5.179500E-07,+9.910000E+37,+7.912568E+02,+3.584400E+04,+7.310615E+01,+5.179500E-07,+9.910000E+37,+7.913242E+02,+3.584400E+04,+7.313889E+01,+5.179500E-07,+9.910000E+37,+7.913906E+02,+3.584400E+04,+5.079090E+01,+0.000000E+00,+9.910000E+37,+7.914570E+02,+3.584400E+04
16:30:28,0e0,+6.459707E+01,+5.471500E-07,+9.910000E+37,+7.916807E+02,+3.584400E+04,+7.337100E+01,+5.471500E-07,+9.910000E+37,+7.917471E+02,+3.584400E+04,+7.339095E+01,+5.471500E-07,+9.910000E+37,+7.918135E+02,+3.584400E+04,+5.003341E+01,+0.000000E+00,+9.910000E+37,+7.918799E+02,+3.584400E+04
16:30:28,0e0,+6.683614E+01,+5.779500E-07,+9.910000E+37,+7.921064E+02,+3.584400E+04,+7.367931E+01,+5.779500E-07,+9.910000E+37,+7.921738E+02,+3.584400E+04,+7.369918E+01,+5.779500E-07,+9.910000E+37,+7.922402E+02,+3.584400E+04,+5.002159E+01,+0.000000E+00,+9.910000E+37,+7.923066E+02,+3.584400E+04
16:30:28,0e0,+6.940327E+01,+6.105500E-07,+9.910000E+37,+7.925254E+02,+3.584400E+04,+7.394154E+01,+6.105500E-07,+9.910000E+37,+7.925928E+02,+3.584400E+04,+7.397038E+01,+6.105500E-07,+9.910000E+37,+7.926592E+02,+3.584400E+04,+4.924230E+01,+0.000000E+00,+9.910000E+37,+7.927256E+02,+3.584400E+04
16:30:28,0e0,+7.174477E+01,+6.449500E-07,+9.910000E+37,+7.929502E+02,+3.584400E+04,+7.420894E+01,+6.449500E-07,+9.910000E+37,+7.930166E+02,+3.584400E+04,+7.423167E+01,+6.449500E-07,+9.910000E+37,+7.930830E+02,+3.584400E+04,+4.872908E+01,+0.000000E+00,+9.910000E+37,+7.931494E+02,+3.584400E+04
16:30:28,0e0,+7.324693E+01,+6.813000E-07,+9.910000E+37,+7.933711E+02,+3.584400E+04,+7.445713E+01,+6.813000E-07,+9.910000E+37,+7.934375E+02,+3.584400E+04,+7.448758E+01,+6.813000E-07,+9.910000E+37,+7.935039E+02,+3.584400E+04,+4.782054E+01,+0.000000E+00,+9.910000E+37,+7.935703E+02,+3.584400E+04
16:30:28,0e0,+7.426171E+01,+7.197000E-07,+9.910000E+37,+7.937969E+02,+3.584400E+04,+7.470266E+01,+7.197000E-07,+9.910000E+37,+7.938633E+02,+3.584400E+04,+7.473035E+01,+7.197000E-07,+9.910000E+37,+7.939297E+02,+3.584400E+04,+4.702777E+01,+0.000000E+00,+9.910000E+37,+7.939961E+02,+3.584400E+04
16:30:28,0e0,+7.478970E+01,+7.602500E-07,+9.910000E+37,+7.942227E+02,+3.584400E+04,+7.494422E+01,+7.602500E-07,+9.910000E+37,+7.942891E+02,+3.584400E+04,+7.497182E+01,+7.602500E-07,+9.910000E+37,+7.943555E+02,+3.584400E+04,+4.921899E+01,+0.000000E+00,+9.910000E+37,+7.944219E+02,+3.584400E+04
16:30:28,0e0,+1.299486E+02,+8.031000E-07,+9.910000E+37,+7.946465E+02,+3.585200E+04,+2.000193E+02,+8.031000E-07,+9.910000E+37,+7.947129E+02,+3.585200E+04,+2.000200E+02,+8.031000E-07,+9.910000E+37,+7.947793E+02,+3.585200E+04,+1.999587E+02,+0.000000E+00,+9.910000E+37,+7.948457E+02,+3.584400E+04
16:30:28,0e0,+1.373555E+02,+8.483500E-07,+9.910000E+37,+7.950762E+02,+3.585200E+04,+2.000192E+02,+8.483500E-07,+9.910000E+37,+7.951426E+02,+3.585200E+04,+2.000198E+02,+8.483500E-07,+9.910000E+37,+7.952090E+02,+3.585200E+04,+1.999484E+02,+0.000000E+00,+9.910000E+37,+7.952764E+02,+3.584400E+04
16:30:28,0e0,+1.447540E+02,+8.961500E-07,+9.910000E+37,+7.955127E+02,+3.585200E+04,+2.000210E+02,+8.961500E-07,+9.910000E+37,+7.955791E+02,+3.585200E+04,+2.000200E+02,+8.961500E-07,+9.910000E+37,+7.956465E+02,+3.585200E+04,+1.999504E+02,+0.000000E+00,+9.910000E+37,+7.957129E+02,+3.584400E+04
16:30:28,0e0,+1.528801E+02,+9.466500E-07,+9.910000E+37,+7.959404E+02,+3.585200E+04,+2.000217E+02,+9.466500E-07,+9.910000E+37,+7.960068E+02,+3.585200E+04,+2.000206E+02,+9.466500E-07,+9.910000E+37,+7.960732E+02,+3.585200E+04,+1.999559E+02,+0.000000E+00,+9.910000E+37,+7.961396E