16:07:46,0e0,-5.306380E-01,+1.000000E-07,+9.910000E+37,+4.074531E+02,+3.584400E+04,+2.373573E-02,+1.000000E-07,+9.910000E+37,+4.075195E+02,+3.584400E+04,+2.318928E-02,+1.000000E-07,+9.910000E+37,+4.075859E+02,+3.584400E+04,-2.581879E-03,+0.000000E+00,+9.910000E+37,+4.076533E+02,+3.584400E+04
16:07:46,0e0,-4.306424E-01,+1.056500E-07,+9.910000E+37,+4.078838E+02,+3.584400E+04,+2.519260E-02,+1.056500E-07,+9.910000E+37,+4.079492E+02,+3.584400E+04,+2.432741E-02,+1.056500E-07,+9.910000E+37,+4.080166E+02,+3.584400E+04,-4.448816E-03,+0.000000E+00,+9.910000E+37,+4.080820E+02,+3.584400E+04
16:07:46,0e0,-4.646121E-01,+1.116000E-07,+9.910000E+37,+4.083066E+02,+3.584400E+04,+2.496466E-02,+1.116000E-07,+9.910000E+37,+4.083740E+02,+3.584400E+04,+2.569319E-02,+1.116000E-07,+9.910000E+37,+4.084395E+02,+3.584400E+04,-5.041033E-03,+0.000000E+00,+9.910000E+37,+4.085059E+02,+3.584400E+04
16:07:46,0e0,-3.165319E-01,+1.179000E-07,+9.910000E+37,+4.087344E+02,+3.584400E+04,+2.674064E-02,+1.179000E-07,+9.910000E+37,+4.088008E+02,+3.584400E+04,+2.783355E-02,+1.179000E-07,+9.910000E+37,+4.088682E+02,+3.584400E+04,-3.583491E-03,+0.000000E+00,+9.910000E+37,+4.089336E+02,+3.584400E+04
16:07:46,0e0,-1.903110E-01,+1.245000E-07,+9.910000E+37,+4.091709E+02,+3.584400E+04,+2.828878E-02,+1.245000E-07,+9.910000E+37,+4.092373E+02,+3.584400E+04,+2.787921E-02,+1.245000E-07,+9.910000E+37,+4.093047E+02,+3.584400E+04,-3.264904E-03,+0.000000E+00,+9.910000E+37,+4.093701E+02,+3.584400E+04
16:07:46,0e0,-2.390769E-01,+1.315500E-07,+9.910000E+37,+4.095986E+02,+3.584400E+04,+2.938133E-02,+1.315500E-07,+9.910000E+37,+4.096650E+02,+3.584400E+04,+2.992794E-02,+1.315500E-07,+9.910000E+37,+4.097324E+02,+3.584400E+04,-3.856987E-03,+0.000000E+00,+9.910000E+37,+4.097979E+02,+3.584400E+04
16:07:46,0e0,-1.567083E-01,+1.389500E-07,+9.910000E+37,+4.100225E+02,+3.584400E+04,+3.220448E-02,+1.389500E-07,+9.910000E+37,+4.100889E+02,+3.584400E+04,+3.147593E-02,+1.389500E-07,+9.910000E+37,+4.101553E+02,+3.584400E+04,-3.947943E-03,+0.000000E+00,+9.910000E+37,+4.102227E+02,+3.584400E+04
16:07:46,0e0,-7.707267E-02,+1.468000E-07,+9.910000E+37,+4.104492E+02,+3.584400E+04,+3.093001E-02,+1.468000E-07,+9.910000E+37,+4.105156E+02,+3.584400E+04,+3.088415E-02,+1.468000E-07,+9.910000E+37,+4.105820E+02,+3.584400E+04,-8.592576E-03,+0.000000E+00,+9.910000E+37,+4.106484E+02,+3.584400E+04
16:07:46,0e0,+1.139612E-02,+1.550500E-07,+9.910000E+37,+4.108721E+02,+3.584400E+04,+3.398031E-02,+1.550500E-07,+9.910000E+37,+4.109385E+02,+3.584400E+04,+3.443557E-02,+1.550500E-07,+9.910000E+37,+4.110049E+02,+3.584400E+04,-1.580432E-03,+0.000000E+00,+9.910000E+37,+4.110703E+02,+3.584400E+04
16:07:46,0e0,+2.314325E-02,+1.638000E-07,+9.910000E+37,+4.112988E+02,+3.584400E+04,+3.607476E-02,+1.638000E-07,+9.910000E+37,+4.113643E+02,+3.584400E+04,+3.539172E-02,+1.638000E-07,+9.910000E+37,+4.114307E+02,+3.584400E+04,-3.401533E-03,+0.000000E+00,+9.910000E+37,+4.114961E+02,+3.584400E+04
16:07:46,0e0,+3.693989E-02,+1.730000E-07,+9.910000E+37,+4.117178E+02,+3.584400E+04,+3.844249E-02,+1.730000E-07,+9.910000E+37,+4.117842E+02,+3.584400E+04,+3.634754E-02,+1.730000E-07,+9.910000E+37,+4.118506E+02,+3.584400E+04,-3.265008E-03,+0.000000E+00,+9.910000E+37,+4.119160E+02,+3.584400E+04
16:07:46,0e0,+3.867063E-02,+1.827500E-07,+9.910000E+37,+4.121445E+02,+3.584400E+04,+3.912538E-02,+1.827500E-07,+9.910000E+37,+4.122109E+02,+3.584400E+04,+3.985414E-02,+1.827500E-07,+9.910000E+37,+4.122783E+02,+3.584400E+04,-2.399966E-03,+0.000000E+00,+9.910000E+37,+4.123457E+02,+3.584400E+04
16:07:46,0e0,+4.067332E-02,+1.930500E-07,+9.910000E+37,+4.125742E+02,+3.584400E+04,+4.044586E-02,+1.930500E-07,+9.910000E+37,+4.126406E+02,+3.584400E+04,+4.117399E-02,+1.930500E-07,+9.910000E+37,+4.127070E+02,+3.584400E+04,-2.809778E-03,+0.000000E+00,+9.910000E+37,+4.127734E+02,+3.584400E+04
16:07:46,0e0,+4.162964E-02,+2.039500E-07,+9.910000E+37,+4.130020E+02,+3.584400E+04,+4.317778E-02,+2.039500E-07,+9.910000E+37,+4.130684E+02,+3.584400E+04,+4.199386E-02,+2.039500E-07,+9.910000E+37,+4.131357E+02,+3.584400E+04,-3.948316E-03,+0.000000E+00,+9.910000E+37,+4.132012E+02,+3.584400E+04
16:07:46,0e0,+4.294962E-02,+2.154500E-07,+9.910000E+37,+4.134346E+02,+3.584400E+04,+4.472575E-02,+2.154500E-07,+9.910000E+37,+4.135020E+02,+3.584400E+04,+4.404286E-02,+2.154500E-07,+9.910000E+37,+4.135674E+02,+3.584400E+04,-1.671389E-03,+0.000000E+00,+9.910000E+37,+4.136338E+02,+3.584400E+04
16:07:46,0e0,+4.590952E-02,+2.276000E-07,+9.910000E+37,+4.138643E+02,+3.584400E+04,+4.590970E-02,+2.276000E-07,+9.910000E+37,+4.139316E+02,+3.584400E+04,+4.549974E-02,+2.276000E-07,+9.910000E+37,+4.139980E+02,+3.584400E+04,-2.581894E-03,+0.000000E+00,+9.910000E+37,+4.140645E+02,+3.584400E+04
16:07:46,0e0,+4.791328E-02,+2.404000E-07,+9.910000E+37,+4.142900E+02,+3.584400E+04,+4.736683E-02,+2.404000E-07,+9.910000E+37,+4.143564E+02,+3.584400E+04,+4.727596E-02,+2.404000E-07,+9.910000E+37,+4.144229E+02,+3.584400E+04,+1.954585E-04,+0.000000E+00,+9.910000E+37,+4.144902E+02,+3.584400E+04
16:07:46,0e0,+4.936972E-02,+2.539500E-07,+9.910000E+37,+4.147197E+02,+3.584400E+04,+4.964331E-02,+2.539500E-07,+9.910000E+37,+4.147871E+02,+3.584400E+04,+4.914239E-02,+2.539500E-07,+9.910000E+37,+4.148545E+02,+3.584400E+04,-2.946749E-03,+0.000000E+00,+9.910000E+37,+4.149199E+02,+3.584400E+04
16:07:46,0e0,+5.064532E-02,+2.682500E-07,+9.910000E+37,+4.151494E+02,+3.584400E+04,+5.191994E-02,+2.682500E-07,+9.910000E+37,+4.152158E+02,+3.584400E+04,+5.087230E-02,+2.682500E-07,+9.910000E+37,+4.152832E+02,+3.584400E+04,-2.445742E-03,+0.000000E+00,+9.910000E+37,+4.153486E+02,+3.584400E+04
16:07:46,0e0,+5.374116E-02,+2.834000E-07,+9.910000E+37,+4.155820E+02,+3.584400E+04,+5.346802E-02,+2.834000E-07,+9.910000E+37,+4.156494E+02,+3.584400E+04,+5.237517E-02,+2.834000E-07,+9.910000E+37,+4.157158E+02,+3.584400E+04,-1.671374E-03,+0.000000E+00,+9.910000E+37,+4.157822E+02,+3.584400E+04
16:07:46,0e0,+5.469772E-02,+2.993500E-07,+9.910000E+37,+4.160068E+02,+3.584400E+04,+5.524364E-02,+2.993500E-07,+9.910000E+37,+4.160732E+02,+3.584400E+04,+5.310306E-02,+2.993500E-07,+9.910000E+37,+4.161396E+02,+3.584400E+04,+2.409816E-04,+0.000000E+00,+9.910000E+37,+4.162070E+02,+3.584400E+04
16:07:46,0e0,+5.592614E-02,+3.162500E-07,+9.910000E+37,+4.164297E+02,+3.584400E+04,+5.679175E-02,+3.162500E-07,+9.910000E+37,+4.164961E+02,+3.584400E+04,+5.597207E-02,+3.162500E-07,+9.910000E+37,+4.165625E+02,+3.584400E+04,-1.352832E-03,+0.000000E+00,+9.910000E+37,+4.166279E+02,+3.584400E+04
16:07:46,0e0,+5.906835E-02,+3.340500E-07,+9.910000E+37,+4.168594E+02,+3.584400E+04,+5.811217E-02,+3.340500E-07,+9.910000E+37,+4.169268E+02,+3.584400E+04,+5.811226E-02,+3.340500E-07,+9.910000E+37,+4.169941E+02,+3.584400E+04,-1.079544E-03,+0.000000E+00,+9.910000E+37,+4.170596E+02,+3.584400E+04
16:07:46,0e0,+6.152770E-02,+3.528500E-07,+9.910000E+37,+4.172861E+02,+3.584400E+04,+6.198242E-02,+3.528500E-07,+9.910000E+37,+4.173525E+02,+3.584400E+04,+6.020659E-02,+3.528500E-07,+9.910000E+37,+4.174199E+02,+3.584400E+04,-2.035886E-03,+0.000000E+00,+9.910000E+37,+4.174863E+02,+3.584400E+04
16:07:46,0e0,+6.252870E-02,+3.727500E-07,+9.910000E+37,+4.177227E+02,+3.584400E+04,+6.307504E-02,+3.727500E-07,+9.910000E+37,+4.177900E+02,+3.584400E+04,+6.293860E-02,+3.727500E-07,+9.910000E+37,+4.178555E+02,+3.584400E+04,-4.415661E-04,+0.000000E+00,+9.910000E+37,+4.179219E+02,+3.584400E+04
16:07:46,0e0,+6.462312E-02,+3.937500E-07,+9.910000E+37,+4.181455E+02,+3.584400E+04,+6.366703E-02,+3.937500E-07,+9.910000E+37,+4.182129E+02,+3.584400E+04,+6.489658E-02,+3.937500E-07,+9.910000E+37,+4.182803E+02,+3.584400E+04,+6.052405E-04,+0.000000E+00,+9.910000E+37,+4.183457E+02,+3.584400E+04
16:07:46,0e0,+6.608018E-02,+4.159500E-07,+9.910000E+37,+4.185732E+02,+3.584400E+04,+6.726402E-02,+4.159500E-07,+9.910000E+37,+4.186406E+02,+3.584400E+04,+6.635356E-02,+4.159500E-07,+9.910000E+37,+4.187080E+02,+3.584400E+04,-1.215816E-03,+0.000000E+00,+9.910000E+37,+4.187734E+02,+3.584400E+04
16:07:46,0e0,+6.831142E-02,+4.394000E-07,+9.910000E+37,+4.190029E+02,+3.584400E+04,+6.881231E-02,+4.394000E-07,+9.910000E+37,+4.190693E+02,+3.584400E+04,+6.844774E-02,+4.394000E-07,+9.910000E+37,+4.191357E+02,+3.584400E+04,-1.216143E-03,+0.000000E+00,+9.910000E+37,+4.192031E+02,+3.584400E+04
16:07:46,0e0,+7.131654E-02,+4.641500E-07,+9.910000E+37,+4.194385E+02,+3.584400E+04,+7.026878E-02,+4.641500E-07,+9.910000E+37,+4.195049E+02,+3.584400E+04,+7.081571E-02,+4.641500E-07,+9.910000E+37,+4.195713E+02,+3.584400E+04,+3.773421E-04,+0.000000E+00,+9.910000E+37,+4.196377E+02,+3.584400E+04
16:07:46,0e0,+7.327449E-02,+4.903000E-07,+9.910000E+37,+4.198682E+02,+3.584400E+04,+7.304668E-02,+4.903000E-07,+9.910000E+37,+4.199355E+02,+3.584400E+04,+7.268226E-02,+4.903000E-07,+9.910000E+37,+4.200029E+02,+3.584400E+04,-6.242394E-04,+0.000000E+00,+9.910000E+37,+4.200684E+02,+3.584400E+04
16:07:46,0e0,+7.532325E-02,+5.179500E-07,+9.910000E+37,+4.203018E+02,+3.584400E+04,+7.495907E-02,+5.179500E-07,+9.910000E+37,+4.203672E+02,+3.584400E+04,+7.477659E-02,+5.179500E-07,+9.910000E+37,+4.204336E+02,+3.584400E+04,-3.966391E-04,+0.000000E+00,+9.910000E+37,+4.205000E+02,+3.584400E+04
16:07:46,0e0,+7.737228E-02,+5.471500E-07,+9.910000E+37,+4.207324E+02,+3.584400E+04,+7.687131E-02,+5.471500E-07,+9.910000E+37,+4.207979E+02,+3.584400E+04,+7.737201E-02,+5.471500E-07,+9.910000E+37,+4.208643E+02,+3.584400E+04,-3.056079E-04,+0.000000E+00,+9.910000E+37,+4.209307E+02,+3.584400E+04
16:07:46,0e0,+7.955772E-02,+5.779500E-07,+9.910000E+37,+4.211582E+02,+3.584400E+04,+7.973978E-02,+5.779500E-07,+9.910000E+37,+4.212246E+02,+3.584400E+04,+7.942107E-02,+5.779500E-07,+9.910000E+37,+4.212910E+02,+3.584400E+04,-5.496204E-03,+0.000000E+00,+9.910000E+37,+4.213574E+02,+3.584400E+04
16:07:46,0e0,+8.201629E-02,+6.105500E-07,+9.910000E+37,+4.215889E+02,+3.584400E+04,+8.201650E-02,+6.105500E-07,+9.910000E+37,+4.216553E+02,+3.584400E+04,+8.147016E-02,+6.105500E-07,+9.910000E+37,+4.217217E+02,+3.584400E+04,-1.623999E-01,+0.000000E+00,+9.910000E+37,+4.217871E+02,+3.584400E+04
16:07:46,0e0,+8.511323E-02,+6.449500E-07,+9.910000E+37,+4.220186E+02,+3.584400E+04,+8.575013E-02,+6.449500E-07,+9.910000E+37,+4.220859E+02,+3.584400E+04,+8.365563E-02,+6.449500E-07,+9.910000E+37,+4.221533E+02,+3.584400E+04,-2.027413E-01,+0.000000E+00,+9.910000E+37,+4.222188E+02,+3.584400E+04
16:07:46,0e0,+8.684266E-02,+6.813000E-07,+9.910000E+37,+4.224492E+02,+3.584400E+04,+8.697957E-02,+6.813000E-07,+9.910000E+37,+4.225156E+02,+3.584400E+04,+8.697957E-02,+6.813000E-07,+9.910000E+37,+4.225820E+02,+3.584400E+04,-2.192239E-01,+0.000000E+00,+9.910000E+37,+4.226494E+02,+3.584400E+04
16:07:46,0e0,+8.916518E-02,+7.197000E-07,+9.910000E+37,+4.228809E+02,+3.584400E+04,+8.952904E-02,+7.197000E-07,+9.910000E+37,+4.229463E+02,+3.584400E+04,+8.962017E-02,+7.197000E-07,+9.910000E+37,+4.230127E+02,+3.584400E+04,-4.188488E-01,+0.000000E+00,+9.910000E+37,+4.230791E+02,+3.584400E+04
16:07:46,0e0,+9.121394E-02,+7.602500E-07,+9.910000E+37,+4.233115E+02,+3.584400E+04,+9.203333E-02,+7.602500E-07,+9.910000E+37,+4.233779E+02,+3.584400E+04,+9.303543E-02,+7.602500E-07,+9.910000E+37,+4.234443E+02,+3.584400E+04,-7.768900E-01,+0.000000E+00,+9.910000E+37,+4.235117E+02,+3.584400E+04
16:07:46,0e0,+9.431052E-02,+8.031000E-07,+9.910000E+37,+4.237354E+02,+3.584400E+04,+9.553948E-02,+8.031000E-07,+9.910000E+37,+4.238018E+02,+3.584400E+04,+9.362695E-02,+8.031000E-07,+9.910000E+37,+4.238682E+02,+3.584400E+04,-1.082019E+00,+0.000000E+00,+9.910000E+37,+4.239355E+02,+3.584400E+04
16:07:46,0e0,+9.681433E-02,+8.483500E-07,+9.910000E+37,+4.241641E+02,+3.584400E+04,+9.626779E-02,+8.483500E-07,+9.910000E+37,+4.242305E+02,+3.584400E+04,+9.672299E-02,+8.483500E-07,+9.910000E+37,+4.242969E+02,+3.584400E+04,-1.442473E+00,+0.000000E+00,+9.910000E+37,+4.243643E+02,+3.584400E+04
16:07:46,0e0,+9.977457E-02,+8.961500E-07,+9.910000E+37,+4.245938E+02,+3.584400E+04,+9.899962E-02,+8.961500E-07,+9.910000E+37,+4.246611E+02,+3.584400E+04,+9.931841E-02,+8.961500E-07,+9.910000E+37,+4.247285E+02,+3.584400E+04,-1.945502E+00,+0.000000E+00,+9.910000E+37,+4.247939E+02,+3.584400E+04
16:07:46,0e0,+1.015039E-01,+9.466500E-07,+9.910000E+37,+4.250273E+02,+3.584400E+04,+1.018685E-01,+9.466500E-07,+9.910000E+37,+4.250947E+02,+3.584400E+04,+1.017317E-01,+9.466500E-07,+9.910000E+37,+4.251602E+02,+3.584400E+04,-2.286281E+00,+0.000000E+00,+9.910000E+37,+4.252275E+02,+3.584400E+04
16:07:46,0e0,+1.046008E-01,+1.000000E-06,+9.910000E+37,+4.254502E+02,+3.584400E+04,+1.044179E-01,+1.000000E-06,+9.910000E+37,+4.255176E+02,+3.584400E+04,+1.051012E-01,+1.000000E-06,+9.910000E+37,+4.255830E+02,+3.584400E+04,-3.377798E+00,+0.000000E+00,+9.910000E+37,+4.256504E+02,+3.584400E+04
16:07:46,0e0,+9.663197E-02,+1.056500E-06,+9.910000E+37,+4.258789E+02,+3.584400E+04,+9.695122E-02,+1.056500E-06,+9.910000E+37,+4.259443E+02,+3.584400E+04,+9.599468E-02,+1.056500E-06,+9.910000E+37,+4.260117E+02,+3.584400E+04,+1.306832E-05,+0.000000E+00,+9.910000E+37,+4.260771E+02,+3.584400E+04
16:07:46,0e0,+9.881800E-02,+1.116000E-06,+9.910000E+37,+4.263037E+02,+3.584400E+04,+9.904578E-02,+1.116000E-06,+9.910000E+37,+4.263711E+02,+3.584400E+04,+9.854436E-02,+1.116000E-06,+9.910000E+37,+4.264365E+02,+3.584400E+04,+9.693056E-04,+0.000000E+00,+9.910000E+37,+4.265029E+02,+3.584400E+04
16:07:46,0e0,+1.010033E-01,+1.179000E-06,+9.910000E+37,+4.267344E+02,+3.584400E+04,+1.001835E-01,+1.179000E-06,+9.910000E+37,+4.268008E+02,+3.584400E+04,+1.006844E-01,+1.179000E-06,+9.910000E+37,+4.268682E+02,+3.584400E+04,+4.228801E-04,+0.000000E+00,+9.910000E+37,+4.269346E+02,+3.584400E+04
16:07:46,0e0,+1.033254E-01,+1.245000E-06,+9.910000E+37,+4.271611E+02,+3.584400E+04,+1.030066E-01,+1.245000E-06,+9.910000E+37,+4.272285E+02,+3.584400E+04,+1.034166E-01,+1.245000E-06,+9.910000E+37,+4.272939E+02,+3.584400E+04,-3.969222E-04,+0.000000E+00,+9.910000E+37,+4.273604E+02,+3.584400E+04
16:07:46,0e0,+1.046461E-01,+1.315500E-06,+9.910000E+37,+4.275850E+02,+3.584400E+04,+1.056929E-01,+1.315500E-06,+9.910000E+37,+4.276523E+02,+3.584400E+04,+1.061938E-01,+1.315500E-06,+9.910000E+37,+4.277178E+02,+3.584400E+04,+7.418990E-04,+0.000000E+00,+9.910000E+37,+4.277842E+02,+3.584400E+04
16:07:46,0e0,+1.086070E-01,+1.389500E-06,+9.910000E+37,+4.280127E+02,+3.584400E+04,+1.081523E-01,+1.389500E-06,+9.910000E+37,+4.280791E+02,+3.584400E+04,+1.081977E-01,+1.389500E-06,+9.910000E+37,+4.281455E+02,+3.584400E+04,+7.415861E-04,+0.000000E+00,+9.910000E+37,+4.282109E+02,+3.584400E+04
16:07:46,0e0,+1.111566E-01,+1.468000E-06,+9.910000E+37,+4.284355E+02,+3.584400E+04,+1.110204E-01,+1.468000E-06,+9.910000E+37,+4.285020E+02,+3.584400E+04,+1.096088E-01,+1.468000E-06,+9.910000E+37,+4.285693E+02,+3.584400E+04,+2.862364E-04,+0.000000E+00,+9.910000E+37,+4.286348E+02,+3.584400E+04
16:07:46,0e0,+1.134335E-01,+1.550500E-06,+9.910000E+37,+4.288643E+02,+3.584400E+04,+1.127959E-01,+1.550500E-06,+9.910000E+37,+4.289316E+02,+3.584400E+04,+1.125683E-01,+1.550500E-06,+9.910000E+37,+4.289971E+02,+3.584400E+04,+2.405643E-04,+0.000000E+00,+9.910000E+37,+4.290635E+02,+3.584400E+04
16:07:46,0e0,+1.143895E-01,+1.638000E-06,+9.910000E+37,+4.292861E+02,+3.584400E+04,+1.152547E-01,+1.638000E-06,+9.910000E+37,+4.293516E+02,+3.584400E+04,+1.152548E-01,+1.638000E-06,+9.910000E+37,+4.294189E+02,+3.584400E+04,+6.960630E-04,+0.000000E+00,+9.910000E+37,+4.294844E+02,+3.584400E+04
16:07:46,0e0,+1.169393E-01,+1.730000E-06,+9.910000E+37,+4.297109E+02,+3.584400E+04,+1.184875E-01,+1.730000E-06,+9.910000E+37,+4.297773E+02,+3.584400E+04,+1.178504E-01,+1.730000E-06,+9.910000E+37,+4.298438E+02,+3.584400E+04,+2.407432E-04,+0.000000E+00,+9.910000E+37,+4.299111E+02,+3.584400E+04
16:07:46,0e0,+1.198079E-01,+1.827500E-06,+9.910000E+37,+4.301406E+02,+3.584400E+04,+1.197168E-01,+1.827500E-06,+9.910000E+37,+4.302080E+02,+3.584400E+04,+1.215385E-01,+1.827500E-06,+9.910000E+37,+4.302734E+02,+3.584400E+04,+7.873029E-04,+0.000000E+00,+9.910000E+37,+4.303408E+02,+3.584400E+04
16:07:46,0e0,+1.224489E-01,+1.930500E-06,+9.910000E+37,+4.305664E+02,+3.584400E+04,+1.228583E-01,+1.930500E-06,+9.910000E+37,+4.306328E+02,+3.584400E+04,+1.224036E-01,+1.930500E-06,+9.910000E+37,+4.306992E+02,+3.584400E+04,+2.409518E-04,+0.000000E+00,+9.910000E+37,+4.307656E+02,+3.584400E+04
16:07:46,0e0,+1.254993E-01,+2.039500E-06,+9.910000E+37,+4.309932E+02,+3.584400E+04,+1.248625E-01,+2.039500E-06,+9.910000E+37,+4.310586E+02,+3.584400E+04,+1.263649E-01,+2.039500E-06,+9.910000E+37,+4.311260E+02,+3.584400E+04,+1.606867E-03,+0.000000E+00,+9.910000E+37,+4.311914E+02,+3.584400E+04
16:07:46,0e0,+1.284590E-01,+2.154500E-06,+9.910000E+37,+4.314150E+02,+3.584400E+04,+1.275482E-01,+2.154500E-06,+9.910000E+37,+4.314814E+02,+3.584400E+04,+1.278212E-01,+2.154500E-06,+9.910000E+37,+4.315479E+02,+3.584400E+04,+7.413626E-04,+0.000000E+00,+9.910000E+37,+4.316152E+02,+3.584400E+04
16:07:46,0e0,+1.305078E-01,+2.276000E-06,+9.910000E+37,+4.318437E+02,+3.584400E+04,+1.307356E-01,+2.276000E-06,+9.910000E+37,+4.319092E+02,+3.584400E+04,+1.312363E-01,+2.276000E-06,+9.910000E+37,+4.319756E+02,+3.584400E+04,+1.952201E-04,+0.000000E+00,+9.910000E+37,+4.320430E+02,+3.584400E+04
16:07:46,0e0,+1.334676E-01,+2.404000E-06,+9.910000E+37,+4.322656E+02,+3.584400E+04,+1.334673E-01,+2.404000E-06,+9.910000E+37,+4.323330E+02,+3.584400E+04,+1.341506E-01,+2.404000E-06,+9.910000E+37,+4.323984E+02,+3.584400E+04,+2.517208E-03,+0.000000E+00,+9.910000E+37,+4.324658E+02,+3.584400E+04
16:07:46,0e0,+1.377472E-01,+2.539500E-06,+9.910000E+37,+4.326924E+02,+3.584400E+04,+1.363817E-01,+2.539500E-06,+9.910000E+37,+4.327598E+02,+3.584400E+04,+1.368823E-01,+2.539500E-06,+9.910000E+37,+4.328252E+02,+3.584400E+04,+4.682690E-04,+0.000000E+00,+9.910000E+37,+4.328926E+02,+3.584400E+04
16:07:46,0e0,+1.390673E-01,+2.682500E-06,+9.910000E+37,+4.331191E+02,+3.584400E+04,+1.392497E-01,+2.682500E-06,+9.910000E+37,+4.331865E+02,+3.584400E+04,+1.380199E-01,+2.682500E-06,+9.910000E+37,+4.332529E+02,+3.584400E+04,+1.697436E-03,+0.000000E+00,+9.910000E+37,+4.333193E+02,+3.584400E+04
16:07:46,0e0,+1.428922E-01,+2.834000E-06,+9.910000E+37,+4.335469E+02,+3.584400E+04,+1.428470E-01,+2.834000E-06,+9.910000E+37,+4.336143E+02,+3.584400E+04,+1.426645E-01,+2.834000E-06,+9.910000E+37,+4.336807E+02,+3.584400E+04,+5.137622E-04,+0.000000E+00,+9.910000E+37,+4.337471E+02,+3.584400E+04
16:07:46,0e0,+1.452145E-01,+2.993500E-06,+9.910000E+37,+4.339766E+02,+3.584400E+04,+1.458978E-01,+2.993500E-06,+9.910000E+37,+4.340430E+02,+3.584400E+04,+1.443942E-01,+2.993500E-06,+9.910000E+37,+4.341104E+02,+3.584400E+04,+1.105711E-03,+0.000000E+00,+9.910000E+37,+4.341758E+02,+3.584400E+04
16:07:46,0e0,+1.499496E-01,+3.162500E-06,+9.910000E+37,+4.344111E+02,+3.584400E+04,+1.495405E-01,+3.162500E-06,+9.910000E+37,+4.344775E+02,+3.584400E+04,+1.487664E-01,+3.162500E-06,+9.910000E+37,+4.345449E+02,+3.584400E+04,+5.590916E-04,+0.000000E+00,+9.910000E+37,+4.346104E+02,+3.584400E+04
16:07:46,0e0,+1.527727E-01,+3.340500E-06,+9.910000E+37,+4.348379E+02,+3.584400E+04,+1.509060E-01,+3.340500E-06,+9.910000E+37,+4.349053E+02,+3.584400E+04,+1.531376E-01,+3.340500E-06,+9.910000E+37,+4.349707E+02,+3.584400E+04,+1.378804E-03,+0.000000E+00,+9.910000E+37,+4.350381E+02,+3.584400E+04
16:07:46,0e0,+1.552773E-01,+3.528500E-06,+9.910000E+37,+4.352676E+02,+3.584400E+04,+1.532730E-01,+3.528500E-06,+9.910000E+37,+4.353340E+02,+3.584400E+04,+1.546845E-01,+3.528500E-06,+9.910000E+37,+4.354014E+02,+3.584400E+04,+1.515597E-03,+0.000000E+00,+9.910000E+37,+4.354678E+02,+3.584400E+04
16:07:46,0e0,+1.591928E-01,+3.727500E-06,+9.910000E+37,+4.356934E+02,+3.584400E+04,+1.586469E-01,+3.727500E-06,+9.910000E+37,+4.357607E+02,+3.584400E+04,+1.579177E-01,+3.727500E-06,+9.910000E+37,+4.358262E+02,+3.584400E+04,+6.958991E-04,+0.000000E+00,+9.910000E+37,+4.358936E+02,+3.584400E+04
16:07:46,0e0,+1.612415E-01,+3.937500E-06,+9.910000E+37,+4.361172E+02,+3.584400E+04,+1.623350E-01,+3.937500E-06,+9.910000E+37,+4.361836E+02,+3.584400E+04,+1.613789E-01,+3.937500E-06,+9.910000E+37,+4.362510E+02,+3.584400E+04,+5.138516E-04,+0.000000E+00,+9.910000E+37,+4.363164E+02,+3.584400E+04
16:07:46,0e0,+1.648843E-01,+4.159500E-06,+9.910000E+37,+4.365439E+02,+3.584400E+04,+1.635632E-01,+4.159500E-06,+9.910000E+37,+4.366094E+02,+3.584400E+04,+1.631537E-01,+4.159500E-06,+9.910000E+37,+4.366768E+02,+3.584400E+04,+1.515344E-03,+0.000000E+00,+9.910000E+37,+4.367422E+02,+3.584400E+04
16:07:46,0e0,+1.672971E-01,+4.394000E-06,+9.910000E+37,+4.369717E+02,+3.584400E+04,+1.686181E-01,+4.394000E-06,+9.910000E+37,+4.370371E+02,+3.584400E+04,+1.693471E-01,+4.394000E-06,+9.910000E+37,+4.371045E+02,+3.584400E+04,+1.242220E-03,+0.000000E+00,+9.910000E+37,+4.371699E+02,+3.584400E+04
16:07:46,0e0,+1.717602E-01,+4.641500E-06,+9.910000E+37,+4.373955E+02,+3.584400E+04,+1.721695E-01,+4.641500E-06,+9.910000E+37,+4.374629E+02,+3.584400E+04,+1.721693E-01,+4.641500E-06,+9.910000E+37,+4.375283E+02,+3.584400E+04,+7.412285E-04,+0.000000E+00,+9.910000E+37,+4.375957E+02,+3.584400E+04
16:07:46,0e0,+1.764037E-01,+4.903000E-06,+9.910000E+37,+4.378242E+02,+3.584400E+04,+1.753573E-01,+4.903000E-06,+9.910000E+37,+4.378896E+02,+3.584400E+04,+1.756756E-01,+4.903000E-06,+9.910000E+37,+4.379561E+02,+3.584400E+04,+1.242131E-03,+0.000000E+00,+9.910000E+37,+4.380234E+02,+3.584400E+04
16:07:46,0e0,+1.802289E-01,+5.179500E-06,+9.910000E+37,+4.382578E+02,+3.584400E+04,+1.788628E-01,+5.179500E-06,+9.910000E+37,+4.383242E+02,+3.584400E+04,+1.785437E-01,+5.179500E-06,+9.910000E+37,+4.383906E+02,+3.584400E+04,-2.446428E-03,+0.000000E+00,+9.910000E+37,+4.384570E+02,+3.584400E+04
16:07:46,0e0,+1.823228E-01,+5.471500E-06,+9.910000E+37,+4.386885E+02,+3.584400E+04,+1.830971E-01,+5.471500E-06,+9.910000E+37,+4.387539E+02,+3.584400E+04,+1.830972E-01,+5.471500E-06,+9.910000E+37,+4.388213E+02,+3.584400E+04,+1.014918E-03,+0.000000E+00,+9.910000E+37,+4.388867E+02,+3.584400E+04
16:07:46,0e0,+1.866030E-01,+5.779500E-06,+9.910000E+37,+4.391152E+02,+3.584400E+04,+1.871958E-01,+5.779500E-06,+9.910000E+37,+4.391826E+02,+3.584400E+04,+1.865124E-01,+5.779500E-06,+9.910000E+37,+4.392490E+02,+3.584400E+04,-2.525753E-02,+0.000000E+00,+9.910000E+37,+4.393154E+02,+3.584400E+04
16:07:46,0e0,+1.901552E-01,+6.105500E-06,+9.910000E+37,+4.395459E+02,+3.584400E+04,+1.906556E-01,+6.105500E-06,+9.910000E+37,+4.396133E+02,+3.584400E+04,+1.903368E-01,+6.105500E-06,+9.910000E+37,+4.396787E+02,+3.584400E+04,-1.267028E-01,+0.000000E+00,+9.910000E+37,+4.397461E+02,+3.584400E+04
16:07:46,0e0,+1.934322E-01,+6.449500E-06,+9.910000E+37,+4.399795E+02,+3.584400E+04,+1.935696E-01,+6.449500E-06,+9.910000E+37,+4.400449E+02,+3.584400E+04,+1.949815E-01,+6.449500E-06,+9.910000E+37,+4.401123E+02,+3.584400E+04,-8.754504E-02,+0.000000E+00,+9.910000E+37,+4.401777E+02,+3.584400E+04
16:07:46,0e0,+1.977126E-01,+6.813000E-06,+9.910000E+37,+4.404072E+02,+3.584400E+04,+1.988970E-01,+6.813000E-06,+9.910000E+37,+4.404736E+02,+3.584400E+04,+1.983501E-01,+6.813000E-06,+9.910000E+37,+4.405410E+02,+3.584400E+04,-2.260995E-01,+0.000000E+00,+9.910000E+37,+4.406064E+02,+3.584400E+04
16:07:46,0e0,+2.022659E-01,+7.197000E-06,+9.910000E+37,+4.408369E+02,+3.584400E+04,+2.031311E-01,+7.197000E-06,+9.910000E+37,+4.409033E+02,+3.584400E+04,+2.031775E-01,+7.197000E-06,+9.910000E+37,+4.409707E+02,+3.584400E+04,-6.800363E-01,+0.000000E+00,+9.910000E+37,+4.410361E+02,+3.584400E+04
16:07:46,0e0,+2.077296E-01,+7.602500E-06,+9.910000E+37,+4.412656E+02,+3.584400E+04,+2.067279E-01,+7.602500E-06,+9.910000E+37,+4.413320E+02,+3.584400E+04,+2.072287E-01,+7.602500E-06,+9.910000E+37,+4.413994E+02,+3.584400E+04,-6.280357E-01,+0.000000E+00,+9.910000E+37,+4.414648E+02,+3.584400E+04
16:07:46,0e0,+2.114173E-01,+8.031000E-06,+9.910000E+37,+4.416992E+02,+3.584400E+04,+2.108260E-01,+8.031000E-06,+9.910000E+37,+4.417656E+02,+3.584400E+04,+2.097322E-01,+8.031000E-06,+9.910000E+37,+4.418330E+02,+3.584400E+04,-1.109158E+00,+0.000000E+00,+9.910000E+37,+4.418984E+02,+3.584400E+04
16:07:46,0e0,+2.156980E-01,+8.483500E-06,+9.910000E+37,+4.421260E+02,+3.584400E+04,+2.162445E-01,+8.483500E-06,+9.910000E+37,+4.421914E+02,+3.584400E+04,+2.157893E-01,+8.483500E-06,+9.910000E+37,+4.422588E+02,+3.584400E+04,-1.749010E+00,+0.000000E+00,+9.910000E+37,+4.423242E+02,+3.584400E+04
16:07:46,0e0,+2.206152E-01,+8.961500E-06,+9.910000E+37,+4.425508E+02,+3.584400E+04,+2.188384E-01,+8.961500E-06,+9.910000E+37,+4.426162E+02,+3.584400E+04,+2.187022E-01,+8.961500E-06,+9.910000E+37,+4.426826E+02,+3.584400E+04,-2.037021E+00,+0.000000E+00,+9.910000E+37,+4.427500E+02,+3.584400E+04
16:07:46,0e0,+2.248047E-01,+9.466500E-06,+9.910000E+37,+4.429756E+02,+3.584400E+04,+2.258514E-01,+9.466500E-06,+9.910000E+37,+4.430420E+02,+3.584400E+04,+2.258969E-01,+9.466500E-06,+9.910000E+37,+4.431084E+02,+3.584400E+04,-2.761890E+00,+0.000000E+00,+9.910000E+37,+4.431748E+02,+3.584400E+04
16:07:46,0e0,+2.293580E-01,+1.000000E-05,+9.910000E+37,+4.433945E+02,+3.584400E+04,+2.299493E-01,+1.000000E-05,+9.910000E+37,+4.434619E+02,+3.584400E+04,+2.317712E-01,+1.000000E-05,+9.910000E+37,+4.435273E+02,+3.584400E+04,-3.000675E+00,+0.000000E+00,+9.910000E+37,+4.435937E+02,+3.584400E+04
16:07:46,0e0,+2.233471E-01,+1.056500E-05,+9.910000E+37,+4.438223E+02,+3.584400E+04,+2.232566E-01,+1.056500E-05,+9.910000E+37,+4.438877E+02,+3.584400E+04,+2.248498E-01,+1.056500E-05,+9.910000E+37,+4.439541E+02,+3.584400E+04,-1.626194E-03,+0.000000E+00,+9.910000E+37,+4.440205E+02,+3.584400E+04
16:07:46,0e0,+2.279919E-01,+1.116000E-05,+9.910000E+37,+4.442451E+02,+3.584400E+04,+2.273998E-01,+1.116000E-05,+9.910000E+37,+4.443115E+02,+3.584400E+04,+2.288574E-01,+1.116000E-05,+9.910000E+37,+4.443779E+02,+3.584400E+04,-1.489967E-03,+0.000000E+00,+9.910000E+37,+4.444453E+02,+3.584400E+04
16:07:46,0e0,+2.319083E-01,+1.179000E-05,+9.910000E+37,+4.446719E+02,+3.584400E+04,+2.337285E-01,+1.179000E-05,+9.910000E+37,+4.447383E+02,+3.584400E+04,+2.328169E-01,+1.179000E-05,+9.910000E+37,+4.448057E+02,+3.584400E+04,-8.519888E-04,+0.000000E+00,+9.910000E+37,+4.448711E+02,+3.584400E+04
16:07:46,0e0,+2.355033E-01,+1.245000E-05,+9.910000E+37,+4.450957E+02,+3.584400E+04,+2.369618E-01,+1.245000E-05,+9.910000E+37,+4.451631E+02,+3.584400E+04,+2.380085E-01,+1.245000E-05,+9.910000E+37,+4.452285E+02,+3.584400E+04,-9.889007E-04,+0.000000E+00,+9.910000E+37,+4.452949E+02,+3.584400E+04
16:07:46,0e0,+2.420618E-01,+1.315500E-05,+9.910000E+37,+4.455195E+02,+3.584400E+04,+2.421065E-01,+1.315500E-05,+9.910000E+37,+4.455869E+02,+3.584400E+04,+2.421063E-01,+1.315500E-05,+9.910000E+37,+4.456533E+02,+3.584400E+04,-1.990736E-03,+0.000000E+00,+9.910000E+37,+4.457207E+02,+3.584400E+04
16:07:46,0e0,+2.463863E-01,+1.389500E-05,+9.910000E+37,+4.459453E+02,+3.584400E+04,+2.469788E-01,+1.389500E-05,+9.910000E+37,+4.460107E+02,+3.584400E+04,+2.464776E-01,+1.389500E-05,+9.910000E+37,+4.460771E+02,+3.584400E+04,-1.535043E-03,+0.000000E+00,+9.910000E+37,+4.461436E+02,+3.584400E+04
16:07:46,0e0,+2.515771E-01,+1.468000E-05,+9.910000E+37,+4.463623E+02,+3.584400E+04,+2.513947E-01,+1.468000E-05,+9.910000E+37,+4.464297E+02,+3.584400E+04,+2.515776E-01,+1.468000E-05,+9.910000E+37,+4.464951E+02,+3.584400E+04,-1.990393E-03,+0.000000E+00,+9.910000E+37,+4.465625E+02,+3.584400E+04
16:07:46,0e0,+2.564032E-01,+1.550500E-05,+9.910000E+37,+4.467842E+02,+3.584400E+04,+2.570405E-01,+1.550500E-05,+9.910000E+37,+4.468496E+02,+3.584400E+04,+2.563131E-01,+1.550500E-05,+9.910000E+37,+4.469170E+02,+3.584400E+04,-8.524507E-04,+0.000000E+00,+9.910000E+37,+4.469854E+02,+3.584400E+04
16:07:46,0e0,+2.610023E-01,+1.638000E-05,+9.910000E+37,+4.472119E+02,+3.584400E+04,+2.604546E-01,+1.638000E-05,+9.910000E+37,+4.472793E+02,+3.584400E+04,+2.606374E-01,+1.638000E-05,+9.910000E+37,+4.473447E+02,+3.584400E+04,-1.216322E-03,+0.000000E+00,+9.910000E+37,+4.474111E+02,+3.584400E+04
16:07:46,0e0,+2.666933E-01,+1.730000E-05,+9.910000E+37,+4.476367E+02,+3.584400E+04,+2.671487E-01,+1.730000E-05,+9.910000E+37,+4.477031E+02,+3.584400E+04,+2.661933E-01,+1.730000E-05,+9.910000E+37,+4.477695E+02,+3.584400E+04,-2.628028E-03,+0.000000E+00,+9.910000E+37,+4.478359E+02,+3.584400E+04
16:07:46,0e0,+2.724305E-01,+1.827500E-05,+9.910000E+37,+4.480615E+02,+3.584400E+04,+2.698798E-01,+1.827500E-05,+9.910000E+37,+4.481289E+02,+3.584400E+04,+2.711109E-01,+1.827500E-05,+9.910000E+37,+4.481943E+02,+3.584400E+04,-2.309889E-03,+0.000000E+00,+9.910000E+37,+4.482617E+02,+3.584400E+04
16:07:46,0e0,+2.756622E-01,+1.930500E-05,+9.910000E+37,+4.484873E+02,+3.584400E+04,+2.752988E-01,+1.930500E-05,+9.910000E+37,+4.485547E+02,+3.584400E+04,+2.768461E-01,+1.930500E-05,+9.910000E+37,+4.486201E+02,+3.584400E+04,-1.900151E-03,+0.000000E+00,+9.910000E+37,+4.486875E+02,+3.584400E+04
16:07:46,0e0,+2.819922E-01,+2.039500E-05,+9.910000E+37,+4.489121E+02,+3.584400E+04,+2.819921E-01,+2.039500E-05,+9.910000E+37,+4.489795E+02,+3.584400E+04,+2.830400E-01,+2.039500E-05,+9.910000E+37,+4.490449E+02,+3.584400E+04,-2.309546E-03,+0.000000E+00,+9.910000E+37,+4.491123E+02,+3.584400E+04
16:07:46,0e0,+2.869551E-01,+2.154500E-05,+9.910000E+37,+4.493281E+02,+3.584400E+04,+2.873650E-01,+2.154500E-05,+9.910000E+37,+4.493936E+02,+3.584400E+04,+2.875470E-01,+2.154500E-05,+9.910000E+37,+4.494609E+02,+3.584400E+04,-2.445653E-03,+0.000000E+00,+9.910000E+37,+4.495283E+02,+3.584400E+04
16:07:46,0e0,+2.928751E-01,+2.276000E-05,+9.910000E+37,+4.497520E+02,+3.584400E+04,+2.930565E-01,+2.276000E-05,+9.910000E+37,+4.498184E+02,+3.584400E+04,+2.928289E-01,+2.276000E-05,+9.910000E+37,+4.498857E+02,+3.584400E+04,-1.125708E-03,+0.000000E+00,+9.910000E+37,+4.499531E+02,+3.584400E+04
16:07:46,0e0,+2.993397E-01,+2.404000E-05,+9.910000E+37,+4.501768E+02,+3.584400E+04,+2.987933E-01,+2.404000E-05,+9.910000E+37,+4.502432E+02,+3.584400E+04,+2.977458E-01,+2.404000E-05,+9.910000E+37,+4.503105E+02,+3.584400E+04,-1.626223E-03,+0.000000E+00,+9.910000E+37,+4.503779E+02,+3.584400E+04
16:07:46,0e0,+3.047124E-01,+2.539500E-05,+9.910000E+37,+4.506006E+02,+3.584400E+04,+3.038023E-01,+2.539500E-05,+9.910000E+37,+4.506670E+02,+3.584400E+04,+3.042118E-01,+2.539500E-05,+9.910000E+37,+4.507344E+02,+3.584400E+04,-2.264038E-03,+0.000000E+00,+9.910000E+37,+4.508027E+02,+3.584400E+04
16:07:46,0e0,+3.091296E-01,+2.682500E-05,+9.910000E+37,+4.510293E+02,+3.584400E+04,+3.086731E-01,+2.682500E-05,+9.910000E+37,+4.510957E+02,+3.584400E+04,+3.093569E-01,+2.682500E-05,+9.910000E+37,+4.511631E+02,+3.584400E+04,-2.855554E-03,+0.000000E+00,+9.910000E+37,+4.512285E+02,+3.584400E+04
16:07:46,0e0,+3.155038E-01,+2.834000E-05,+9.910000E+37,+4.514443E+02,+3.584400E+04,+3.156863E-01,+2.834000E-05,+9.910000E+37,+4.515107E+02,+3.584400E+04,+3.160502E-01,+2.834000E-05,+9.910000E+37,+4.515781E+02,+3.584400E+04,-2.081841E-03,+0.000000E+00,+9.910000E+37,+4.516455E+02,+3.584400E+04
16:07:46,0e0,+3.218789E-01,+2.993500E-05,+9.910000E+37,+4.518760E+02,+3.584400E+04,+3.216966E-01,+2.993500E-05,+9.910000E+37,+4.519424E+02,+3.584400E+04,+3.204212E-01,+2.993500E-05,+9.910000E+37,+4.520098E+02,+3.584400E+04,-2.309665E-03,+0.000000E+00,+9.910000E+37,+4.520752E+02,+3.584400E+04
16:07:46,0e0,+3.277060E-01,+3.162500E-05,+9.910000E+37,+4.522939E+02,+3.584400E+04,+3.268872E-01,+3.162500E-05,+9.910000E+37,+4.523613E+02,+3.584400E+04,+3.279794E-01,+3.162500E-05,+9.910000E+37,+4.524268E+02,+3.584400E+04,-2.127051E-03,+0.000000E+00,+9.910000E+37,+4.524932E+02,+3.584400E+04
16:07:46,0e0,+3.323044E-01,+3.340500E-05,+9.910000E+37,+4.527119E+02,+3.584400E+04,+3.325316E-01,+3.340500E-05,+9.910000E+37,+4.527783E+02,+3.584400E+04,+3.330799E-01,+3.340500E-05,+9.910000E+37,+4.528447E+02,+3.584400E+04,-2.309456E-03,+0.000000E+00,+9.910000E+37,+4.529141E+02,+3.584400E+04
16:07:46,0e0,+3.395441E-01,+3.528500E-05,+9.910000E+37,+4.531406E+02,+3.584400E+04,+3.388610E-01,+3.528500E-05,+9.910000E+37,+4.532070E+02,+3.584400E+04,+3.387694E-01,+3.528500E-05,+9.910000E+37,+4.532744E+02,+3.584400E+04,-1.717538E-03,+0.000000E+00,+9.910000E+37,+4.533418E+02,+3.584400E+04
16:07:46,0e0,+3.460099E-01,+3.727500E-05,+9.910000E+37,+4.535645E+02,+3.584400E+04,+3.461018E-01,+3.727500E-05,+9.910000E+37,+4.536309E+02,+3.584400E+04,+3.468295E-01,+3.727500E-05,+9.910000E+37,+4.536982E+02,+3.584400E+04,-2.400383E-03,+0.000000E+00,+9.910000E+37,+4.537637E+02,+3.584400E+04
16:07:46,0e0,+3.527029E-01,+3.937500E-05,+9.910000E+37,+4.539873E+02,+3.584400E+04,+3.510197E-01,+3.937500E-05,+9.910000E+37,+4.540527E+02,+3.584400E+04,+3.516105E-01,+3.937500E-05,+9.910000E+37,+4.541201E+02,+3.584400E+04,-1.307994E-03,+0.000000E+00,+9.910000E+37,+4.541855E+02,+3.584400E+04
16:07:46,0e0,+3.600336E-01,+4.159500E-05,+9.910000E+37,+4.544072E+02,+3.584400E+04,+3.586223E-01,+4.159500E-05,+9.910000E+37,+4.544746E+02,+3.584400E+04,+3.580314E-01,+4.159500E-05,+9.910000E+37,+4.545400E+02,+3.584400E+04,-1.945168E-03,+0.000000E+00,+9.910000E+37,+4.546074E+02,+3.584400E+04
16:07:46,0e0,+3.657718E-01,+4.394000E-05,+9.910000E+37,+4.548389E+02,+3.584400E+04,+3.661806E-01,+4.394000E-05,+9.910000E+37,+4.549062E+02,+3.584400E+04,+3.644049E-01,+4.394000E-05,+9.910000E+37,+4.549717E+02,+3.584400E+04,-1.080349E-03,+0.000000E+00,+9.910000E+37,+4.550391E+02,+3.584400E+04
16:07:46,0e0,+3.712799E-01,+4.641500E-05,+9.910000E+37,+4.552588E+02,+3.584400E+04,+3.712802E-01,+4.641500E-05,+9.910000E+37,+4.553262E+02,+3.584400E+04,+3.714625E-01,+4.641500E-05,+9.910000E+37,+4.553916E+02,+3.584400E+04,-2.218708E-03,+0.000000E+00,+9.910000E+37,+4.554580E+02,+3.584400E+04
16:07:46,0e0,+3.780191E-01,+4.903000E-05,+9.910000E+37,+4.556807E+02,+3.584400E+04,+3.776999E-01,+4.903000E-05,+9.910000E+37,+4.557461E+02,+3.584400E+04,+3.780638E-01,+4.903000E-05,+9.910000E+37,+4.558125E+02,+3.584400E+04,-1.990944E-03,+0.000000E+00,+9.910000E+37,+4.558809E+02,+3.584400E+04
16:07:46,0e0,+3.842567E-01,+5.179500E-05,+9.910000E+37,+4.561064E+02,+3.584400E+04,+3.844391E-01,+5.179500E-05,+9.910000E+37,+4.561738E+02,+3.584400E+04,+3.840283E-01,+5.179500E-05,+9.910000E+37,+4.562393E+02,+3.584400E+04,-2.901480E-03,+0.000000E+00,+9.910000E+37,+4.563086E+02,+3.584400E+04
16:07:46,0e0,+3.909048E-01,+5.471500E-05,+9.910000E+37,+4.565391E+02,+3.584400E+04,+3.914062E-01,+5.471500E-05,+9.910000E+37,+4.566055E+02,+3.584400E+04,+3.893093E-01,+5.471500E-05,+9.910000E+37,+4.566719E+02,+3.584400E+04,-3.129557E-03,+0.000000E+00,+9.910000E+37,+4.567393E+02,+3.584400E+04
16:07:46,0e0,+3.970063E-01,+5.779500E-05,+9.910000E+37,+4.569687E+02,+3.584400E+04,+3.965036E-01,+5.779500E-05,+9.910000E+37,+4.570342E+02,+3.584400E+04,+3.994187E-01,+5.779500E-05,+9.910000E+37,+4.571016E+02,+3.584400E+04,-3.727816E-02,+0.000000E+00,+9.910000E+37,+4.571670E+02,+3.584400E+04
16:07:46,0e0,+4.049277E-01,+6.105500E-05,+9.910000E+37,+4.573936E+02,+3.584400E+04,+4.050645E-01,+6.105500E-05,+9.910000E+37,+4.574609E+02,+3.584400E+04,+4.041542E-01,+6.105500E-05,+9.910000E+37,+4.575264E+02,+3.584400E+04,-5.132705E-03,+0.000000E+00,+9.910000E+37,+4.575938E+02,+3.584400E+04
16:07:46,0e0,+4.111657E-01,+6.449500E-05,+9.910000E+37,+4.578193E+02,+3.584400E+04,+4.102107E-01,+6.449500E-05,+9.910000E+37,+4.578857E+02,+3.584400E+04,+4.107112E-01,+6.449500E-05,+9.910000E+37,+4.579531E+02,+3.584400E+04,-1.730090E-01,+0.000000E+00,+9.910000E+37,+4.580186E+02,+3.584400E+04
16:07:46,0e0,+4.173580E-01,+6.813000E-05,+9.910000E+37,+4.582383E+02,+3.584400E+04,+4.181777E-01,+6.813000E-05,+9.910000E+37,+4.583047E+02,+3.584400E+04,+4.177226E-01,+6.813000E-05,+9.910000E+37,+4.583721E+02,+3.584400E+04,-1.735098E-01,+0.000000E+00,+9.910000E+37,+4.584375E+02,+3.584400E+04
16:07:46,0e0,+4.256461E-01,+7.197000E-05,+9.910000E+37,+4.586572E+02,+3.584400E+04,+4.243702E-01,+7.197000E-05,+9.910000E+37,+4.587246E+02,+3.584400E+04,+4.234139E-01,+7.197000E-05,+9.910000E+37,+4.587900E+02,+3.584400E+04,-2.297878E-01,+0.000000E+00,+9.910000E+37,+4.588574E+02,+3.584400E+04
16:07:46,0e0,+4.304259E-01,+7.602500E-05,+9.910000E+37,+4.590840E+02,+3.584400E+04,+4.294227E-01,+7.602500E-05,+9.910000E+37,+4.591494E+02,+3.584400E+04,+4.317462E-01,+7.602500E-05,+9.910000E+37,+4.592168E+02,+3.584400E+04,-4.827789E-01,+0.000000E+00,+9.910000E+37,+4.592822E+02,+3.584400E+04
16:07:46,0e0,+4.359341E-01,+8.031000E-05,+9.910000E+37,+4.595078E+02,+3.584400E+04,+4.380752E-01,+8.031000E-05,+9.910000E+37,+4.595742E+02,+3.584400E+04,+4.380295E-01,+8.031000E-05,+9.910000E+37,+4.596406E+02,+3.584400E+04,-6.490270E-01,+0.000000E+00,+9.910000E+37,+4.597080E+02,+3.584400E+04
16:07:46,0e0,+4.439486E-01,+8.483500E-05,+9.910000E+37,+4.599326E+02,+3.584400E+04,+4.444958E-01,+8.483500E-05,+9.910000E+37,+4.599990E+02,+3.584400E+04,+4.461799E-01,+8.483500E-05,+9.910000E+37,+4.600654E+02,+3.584400E+04,-8.605354E-01,+0.000000E+00,+9.910000E+37,+4.601328E+02,+3.584400E+04
16:07:46,0e0,+4.505067E-01,+8.961500E-05,+9.910000E+37,+4.603477E+02,+3.584400E+04,+4.513704E-01,+8.961500E-05,+9.910000E+37,+4.604150E+02,+3.584400E+04,+4.513260E-01,+8.961500E-05,+9.910000E+37,+4.604805E+02,+3.584400E+04,-9.002402E-01,+0.000000E+00,+9.910000E+37,+4.605498E+02,+3.584400E+04
16:07:46,0e0,+4.562865E-01,+9.466500E-05,+9.910000E+37,+4.607705E+02,+3.584400E+04,+4.584279E-01,+9.466500E-05,+9.910000E+37,+4.608379E+02,+3.584400E+04,+4.586557E-01,+9.466500E-05,+9.910000E+37,+4.609043E+02,+3.584400E+04,-8.366305E-01,+0.000000E+00,+9.910000E+37,+4.609746E+02,+3.584400E+04
16:07:46,0e0,+4.659410E-01,+1.000000E-04,+9.910000E+37,+4.611982E+02,+3.584400E+04,+4.653499E-01,+1.000000E-04,+9.910000E+37,+4.612656E+02,+3.584400E+04,+4.631616E-01,+1.000000E-04,+9.910000E+37,+4.613311E+02,+3.584400E+04,-1.400258E+00,+0.000000E+00,+9.910000E+37,+4.614004E+02,+3.584400E+04
16:07:46,0e0,+4.612052E-01,+1.056500E-04,+9.910000E+37,+4.616289E+02,+3.584400E+04,+4.616606E-01,+1.056500E-04,+9.910000E+37,+4.616963E+02,+3.584400E+04,+4.603401E-01,+1.056500E-04,+9.910000E+37,+4.617627E+02,+3.584400E+04,-4.583825E-02,+0.000000E+00,+9.910000E+37,+4.618301E+02,+3.584400E+04
16:07:46,0e0,+4.673521E-01,+1.116000E-04,+9.910000E+37,+4.620576E+02,+3.584400E+04,+4.674429E-01,+1.116000E-04,+9.910000E+37,+4.621230E+02,+3.584400E+04,+4.681262E-01,+1.116000E-04,+9.910000E+37,+4.621904E+02,+3.584400E+04,-4.401699E-02,+0.000000E+00,+9.910000E+37,+4.622559E+02,+3.584400E+04
16:07:46,0e0,+4.743637E-01,+1.179000E-04,+9.910000E+37,+4.624844E+02,+3.584400E+04,+4.745916E-01,+1.179000E-04,+9.910000E+37,+4.625518E+02,+3.584400E+04,+4.732727E-01,+1.179000E-04,+9.910000E+37,+4.626182E+02,+3.584400E+04,-4.633886E-02,+0.000000E+00,+9.910000E+37,+4.626846E+02,+3.584400E+04
16:07:46,0e0,+4.805108E-01,+1.245000E-04,+9.910000E+37,+4.629082E+02,+3.584400E+04,+4.805565E-01,+1.245000E-04,+9.910000E+37,+4.629756E+02,+3.584400E+04,+4.802378E-01,+1.245000E-04,+9.910000E+37,+4.630410E+02,+3.584400E+04,-4.465444E-02,+0.000000E+00,+9.910000E+37,+4.631084E+02,+3.584400E+04
16:07:46,0e0,+4.867032E-01,+1.315500E-04,+9.910000E+37,+4.633359E+02,+3.584400E+04,+4.867029E-01,+1.315500E-04,+9.910000E+37,+4.634033E+02,+3.584400E+04,+4.864743E-01,+1.315500E-04,+9.910000E+37,+4.634697E+02,+3.584400E+04,-4.592925E-02,+0.000000E+00,+9.910000E+37,+4.635361E+02,+3.584400E+04
16:07:46,0e0,+4.943067E-01,+1.389500E-04,+9.910000E+37,+4.637627E+02,+3.584400E+04,+4.921654E-01,+1.389500E-04,+9.910000E+37,+4.638281E+02,+3.584400E+04,+4.940337E-01,+1.389500E-04,+9.910000E+37,+4.638955E+02,+3.584400E+04,-4.656675E-02,+0.000000E+00,+9.910000E+37,+4.639619E+02,+3.584400E+04
16:07:46,0e0,+4.999076E-01,+1.468000E-04,+9.910000E+37,+4.641885E+02,+3.584400E+04,+4.991333E-01,+1.468000E-04,+9.910000E+37,+4.642549E+02,+3.584400E+04,+4.994972E-01,+1.468000E-04,+9.910000E+37,+4.643223E+02,+3.584400E+04,-4.324281E-02,+0.000000E+00,+9.910000E+37,+4.643896E+02,+3.584400E+04
16:07:46,0e0,+5.056444E-01,+1.550500E-04,+9.910000E+37,+4.646133E+02,+3.584400E+04,+5.058265E-01,+1.550500E-04,+9.910000E+37,+4.646787E+02,+3.584400E+04,+5.064637E-01,+1.550500E-04,+9.910000E+37,+4.647451E+02,+3.584400E+04,-4.738680E-02,+0.000000E+00,+9.910000E+37,+4.648125E+02,+3.584400E+04
16:07:46,0e0,+5.127471E-01,+1.638000E-04,+9.910000E+37,+4.650430E+02,+3.584400E+04,+5.116087E-01,+1.638000E-04,+9.910000E+37,+4.651094E+02,+3.584400E+04,+5.118821E-01,+1.638000E-04,+9.910000E+37,+4.651768E+02,+3.584400E+04,-4.388036E-02,+0.000000E+00,+9.910000E+37,+4.652432E+02,+3.584400E+04
16:07:46,0e0,+5.182113E-01,+1.730000E-04,+9.910000E+37,+4.654775E+02,+3.584400E+04,+5.184845E-01,+1.730000E-04,+9.910000E+37,+4.655449E+02,+3.584400E+04,+5.184837E-01,+1.730000E-04,+9.910000E+37,+4.656113E+02,+3.584400E+04,-4.592939E-02,+0.000000E+00,+9.910000E+37,+4.656777E+02,+3.584400E+04
16:07:46,0e0,+5.240838E-01,+1.827500E-04,+9.910000E+37,+4.658994E+02,+3.584400E+04,+5.250865E-01,+1.827500E-04,+9.910000E+37,+4.659658E+02,+3.584400E+04,+5.254507E-01,+1.827500E-04,+9.910000E+37,+4.660322E+02,+3.584400E+04,-4.515545E-02,+0.000000E+00,+9.910000E+37,+4.660977E+02,+3.584400E+04
16:07:46,0e0,+5.307320E-01,+1.930500E-04,+9.910000E+37,+4.663252E+02,+3.584400E+04,+5.302768E-01,+1.930500E-04,+9.910000E+37,+4.663916E+02,+3.584400E+04,+5.312787E-01,+1.930500E-04,+9.910000E+37,+4.664590E+02,+3.584400E+04,-4.433559E-02,+0.000000E+00,+9.910000E+37,+4.665264E+02,+3.584400E+04
16:07:46,0e0,+5.376526E-01,+2.039500E-04,+9.910000E+37,+4.667549E+02,+3.584400E+04,+5.376075E-01,+2.039500E-04,+9.910000E+37,+4.668213E+02,+3.584400E+04,+5.376077E-01,+2.039500E-04,+9.910000E+37,+4.668887E+02,+3.584400E+04,-4.602040E-02,+0.000000E+00,+9.910000E+37,+4.669551E+02,+3.584400E+04
16:07:46,0e0,+5.433882E-01,+2.154500E-04,+9.910000E+37,+4.671826E+02,+3.584400E+04,+5.458490E-01,+2.154500E-04,+9.910000E+37,+4.672490E+02,+3.584400E+04,+5.458488E-01,+2.154500E-04,+9.910000E+37,+4.673154E+02,+3.584400E+04,-4.620263E-02,+0.000000E+00,+9.910000E+37,+4.673818E+02,+3.584400E+04
16:07:46,0e0,+5.506750E-01,+2.276000E-04,+9.910000E+37,+4.676143E+02,+3.584400E+04,+5.512674E-01,+2.276000E-04,+9.910000E+37,+4.676807E+02,+3.584400E+04,+5.500371E-01,+2.276000E-04,+9.910000E+37,+4.677480E+02,+3.584400E+04,-4.624833E-02,+0.000000E+00,+9.910000E+37,+4.678145E+02,+3.584400E+04
16:07:46,0e0,+5.573232E-01,+2.404000E-04,+9.910000E+37,+4.680391E+02,+3.584400E+04,+5.562288E-01,+2.404000E-04,+9.910000E+37,+4.681064E+02,+3.584400E+04,+5.579147E-01,+2.404000E-04,+9.910000E+37,+4.681729E+02,+3.584400E+04,-4.697677E-02,+0.000000E+00,+9.910000E+37,+4.682393E+02,+3.584400E+04
16:07:46,0e0,+5.634695E-01,+2.539500E-04,+9.910000E+37,+4.684707E+02,+3.584400E+04,+5.626500E-01,+2.539500E-04,+9.910000E+37,+4.685381E+02,+3.584400E+04,+5.652453E-01,+2.539500E-04,+9.910000E+37,+4.686035E+02,+3.584400E+04,-4.465447E-02,+0.000000E+00,+9.910000E+37,+4.686699E+02,+3.584400E+04
16:07:46,0e0,+5.696160E-01,+2.682500E-04,+9.910000E+37,+4.688955E+02,+3.584400E+04,+5.703905E-01,+2.682500E-04,+9.910000E+37,+4.689609E+02,+3.584400E+04,+5.705284E-01,+2.682500E-04,+9.910000E+37,+4.690283E+02,+3.584400E+04,-4.620264E-02,+0.000000E+00,+9.910000E+37,+4.690957E+02,+3.584400E+04
16:07:46,0e0,+5.766290E-01,+2.834000E-04,+9.910000E+37,+4.693203E+02,+3.584400E+04,+5.771745E-01,+2.834000E-04,+9.910000E+37,+4.693857E+02,+3.584400E+04,+5.771742E-01,+2.834000E-04,+9.910000E+37,+4.694531E+02,+3.584400E+04,-4.652135E-02,+0.000000E+00,+9.910000E+37,+4.695205E+02,+3.584400E+04
16:07:46,0e0,+5.846422E-01,+2.993500E-04,+9.910000E+37,+4.697461E+02,+3.584400E+04,+5.830482E-01,+2.993500E-04,+9.910000E+37,+4.698125E+02,+3.584400E+04,+5.840046E-01,+2.993500E-04,+9.910000E+37,+4.698799E+02,+3.584400E+04,-4.419924E-02,+0.000000E+00,+9.910000E+37,+4.699463E+02,+3.584400E+04
16:07:46,0e0,+5.906066E-01,+3.162500E-04,+9.910000E+37,+4.701699E+02,+3.584400E+04,+5.900617E-01,+3.162500E-04,+9.910000E+37,+4.702373E+02,+3.584400E+04,+5.893773E-01,+3.162500E-04,+9.910000E+37,+4.703027E+02,+3.584400E+04,-4.356179E-02,+0.000000E+00,+9.910000E+37,+4.703691E+02,+3.584400E+04
16:07:46,0e0,+5.968894E-01,+3.340500E-04,+9.910000E+37,+4.705977E+02,+3.584400E+04,+5.979825E-01,+3.340500E-04,+9.910000E+37,+4.706650E+02,+3.584400E+04,+5.978009E-01,+3.340500E-04,+9.910000E+37,+4.707305E+02,+3.584400E+04,-4.620279E-02,+0.000000E+00,+9.910000E+37,+4.707969E+02,+3.584400E+04
16:07:46,0e0,+6.043125E-01,+3.528500E-04,+9.910000E+37,+4.710215E+02,+3.584400E+04,+6.041747E-01,+3.528500E-04,+9.910000E+37,+4.710879E+02,+3.584400E+04,+6.044936E-01,+3.528500E-04,+9.910000E+37,+4.711543E+02,+3.584400E+04,-4.497342E-02,+0.000000E+00,+9.910000E+37,+4.712217E+02,+3.584400E+04
16:07:46,0e0,+6.120065E-01,+3.727500E-04,+9.910000E+37,+4.714482E+02,+3.584400E+04,+6.128259E-01,+3.727500E-04,+9.910000E+37,+4.715146E+02,+3.584400E+04,+6.111414E-01,+3.727500E-04,+9.910000E+37,+4.715811E+02,+3.584400E+04,-4.287902E-02,+0.000000E+00,+9.910000E+37,+4.716475E+02,+3.584400E+04
16:07:46,0e0,+6.184719E-01,+3.937500E-04,+9.910000E+37,+4.718691E+02,+3.584400E+04,+6.191549E-01,+3.937500E-04,+9.910000E+37,+4.719365E+02,+3.584400E+04,+6.186081E-01,+3.937500E-04,+9.910000E+37,+4.720029E+02,+3.584400E+04,-4.816101E-02,+0.000000E+00,+9.910000E+37,+4.720693E+02,+3.584400E+04
16:07:46,0e0,+6.266220E-01,+4.159500E-04,+9.910000E+37,+4.722959E+02,+3.584400E+04,+6.263033E-01,+4.159500E-04,+9.910000E+37,+4.723623E+02,+3.584400E+04,+6.264856E-01,+4.159500E-04,+9.910000E+37,+4.724297E+02,+3.584400E+04,-4.474562E-02,+0.000000E+00,+9.910000E+37,+4.724951E+02,+3.584400E+04
16:07:46,0e0,+6.340899E-01,+4.394000E-04,+9.910000E+37,+4.727285E+02,+3.584400E+04,+6.332687E-01,+4.394000E-04,+9.910000E+37,+4.727949E+02,+3.584400E+04,+6.344537E-01,+4.394000E-04,+9.910000E+37,+4.728613E+02,+3.584400E+04,-4.451793E-02,+0.000000E+00,+9.910000E+37,+4.729277E+02,+3.584400E+04
16:07:46,0e0,+6.418295E-01,+4.641500E-04,+9.910000E+37,+4.731650E+02,+3.584400E+04,+6.414649E-01,+4.641500E-04,+9.910000E+37,+4.732324E+02,+3.584400E+04,+6.419204E-01,+4.641500E-04,+9.910000E+37,+4.732979E+02,+3.584400E+04,-4.465452E-02,+0.000000E+00,+9.910000E+37,+4.733652E+02,+3.584400E+04
16:07:46,0e0,+6.477938E-01,+4.903000E-04,+9.910000E+37,+4.735928E+02,+3.584400E+04,+6.482031E-01,+4.903000E-04,+9.910000E+37,+4.736592E+02,+3.584400E+04,+6.489778E-01,+4.903000E-04,+9.910000E+37,+4.737256E+02,+3.584400E+04,-4.511003E-02,+0.000000E+00,+9.910000E+37,+4.737920E+02,+3.584400E+04
16:07:46,0e0,+6.562177E-01,+5.179500E-04,+9.910000E+37,+4.740166E+02,+3.584400E+04,+6.566741E-01,+5.179500E-04,+9.910000E+37,+4.740830E+02,+3.584400E+04,+6.569916E-01,+5.179500E-04,+9.910000E+37,+4.741504E+02,+3.584400E+04,-4.734108E-02,+0.000000E+00,+9.910000E+37,+4.742168E+02,+3.584400E+04
16:07:46,0e0,+6.653240E-01,+5.471500E-04,+9.910000E+37,+4.744463E+02,+3.584400E+04,+6.635479E-01,+5.471500E-04,+9.910000E+37,+4.745127E+02,+3.584400E+04,+6.639577E-01,+5.471500E-04,+9.910000E+37,+4.745791E+02,+3.584400E+04,-4.588419E-02,+0.000000E+00,+9.910000E+37,+4.746465E+02,+3.584400E+04
16:07:46,0e0,+6.726999E-01,+5.779500E-04,+9.910000E+37,+4.748838E+02,+3.584400E+04,+6.719255E-01,+5.779500E-04,+9.910000E+37,+4.749502E+02,+3.584400E+04,+6.727453E-01,+5.779500E-04,+9.910000E+37,+4.750176E+02,+3.584400E+04,-5.458064E-02,+0.000000E+00,+9.910000E+37,+4.750840E+02,+3.584400E+04
16:07:46,0e0,+6.797118E-01,+6.105500E-04,+9.910000E+37,+4.753096E+02,+3.584400E+04,+6.792555E-01,+6.105500E-04,+9.910000E+37,+4.753770E+02,+3.584400E+04,+6.799850E-01,+6.105500E-04,+9.910000E+37,+4.754424E+02,+3.584400E+04,-4.415388E-02,+0.000000E+00,+9.910000E+37,+4.755088E+02,+3.584400E+04
16:07:46,0e0,+6.877267E-01,+6.449500E-04,+9.910000E+37,+4.757334E+02,+3.584400E+04,+6.874970E-01,+6.449500E-04,+9.910000E+37,+4.758008E+02,+3.584400E+04,+6.883175E-01,+6.449500E-04,+9.910000E+37,+4.758662E+02,+3.584400E+04,-1.158666E-01,+0.000000E+00,+9.910000E+37,+4.759336E+02,+3.584400E+04
16:07:46,0e0,+6.950083E-01,+6.813000E-04,+9.910000E+37,+4.761631E+02,+3.584400E+04,+6.962857E-01,+6.813000E-04,+9.910000E+37,+4.762295E+02,+3.584400E+04,+6.977896E-01,+6.813000E-04,+9.910000E+37,+4.762959E+02,+3.584400E+04,-5.184874E-02,+0.000000E+00,+9.910000E+37,+4.763623E+02,+3.584400E+04
16:07:46,0e0,+7.054817E-01,+7.197000E-04,+9.910000E+37,+4.765928E+02,+3.584400E+04,+7.037069E-01,+7.197000E-04,+9.910000E+37,+4.766592E+02,+3.584400E+04,+7.040266E-01,+7.197000E-04,+9.910000E+37,+4.767256E+02,+3.584400E+04,-1.187350E-01,+0.000000E+00,+9.910000E+37,+4.767910E+02,+3.584400E+04
16:07:46,0e0,+7.128584E-01,+7.602500E-04,+9.910000E+37,+4.770195E+02,+3.584400E+04,+7.134505E-01,+7.602500E-04,+9.910000E+37,+4.770859E+02,+3.584400E+04,+7.138153E-01,+7.602500E-04,+9.910000E+37,+4.771523E+02,+3.584400E+04,-2.437669E-01,+0.000000E+00,+9.910000E+37,+4.772188E+02,+3.584400E+04
16:07:46,0e0,+7.219207E-01,+8.031000E-04,+9.910000E+37,+4.774443E+02,+3.584400E+04,+7.221928E-01,+8.031000E-04,+9.910000E+37,+4.775107E+02,+3.584400E+04,+7.201428E-01,+8.031000E-04,+9.910000E+37,+4.775771E+02,+3.584400E+04,-2.115290E-01,+0.000000E+00,+9.910000E+37,+4.776436E+02,+3.584400E+04
16:07:46,0e0,+7.301601E-01,+8.483500E-04,+9.910000E+37,+4.778701E+02,+3.584400E+04,+7.312536E-01,+8.483500E-04,+9.910000E+37,+4.779365E+02,+3.584400E+04,+7.306154E-01,+8.483500E-04,+9.910000E+37,+4.780039E+02,+3.584400E+04,-2.890740E-01,+0.000000E+00,+9.910000E+37,+4.780693E+02,+3.584400E+04
16:07:46,0e0,+7.399052E-01,+8.961500E-04,+9.910000E+37,+4.783027E+02,+3.584400E+04,+7.394953E-01,+8.961500E-04,+9.910000E+37,+4.783701E+02,+3.584400E+04,+7.392198E-01,+8.961500E-04,+9.910000E+37,+4.784365E+02,+3.584400E+04,-2.819250E-01,+0.000000E+00,+9.910000E+37,+4.785039E+02,+3.584400E+04
16:07:46,0e0,+7.495118E-01,+9.466500E-04,+9.910000E+37,+4.787344E+02,+3.584400E+04,+7.485566E-01,+9.466500E-04,+9.910000E+37,+4.788018E+02,+3.584400E+04,+7.478285E-01,+9.466500E-04,+9.910000E+37,+4.788672E+02,+3.584400E+04,-4.191210E-01,+0.000000E+00,+9.910000E+37,+4.789346E+02,+3.584400E+04
16:07:46,0e0,+7.577526E-01,+1.000000E-03,+9.910000E+37,+4.791563E+02,+3.584400E+04,+7.576162E-01,+1.000000E-03,+9.910000E+37,+4.792227E+02,+3.584400E+04,+7.565694E-01,+1.000000E-03,+9.910000E+37,+4.792900E+02,+3.584400E+04,-5.478931E-01,+0.000000E+00,+9.910000E+37,+4.793564E+02,+3.584400E+04
16:07:46,0e0,+7.554303E-01,+1.056500E-03,+9.910000E+37,+4.795830E+02,+3.584400E+04,+7.549309E-01,+1.056500E-03,+9.910000E+37,+4.796504E+02,+3.584400E+04,+7.550668E-01,+1.056500E-03,+9.910000E+37,+4.797158E+02,+3.584400E+04,-1.670778E+00,+0.000000E+00,+9.910000E+37,+4.797832E+02,+3.584400E+04
16:07:46,0e0,+7.647647E-01,+1.116000E-03,+9.910000E+37,+4.800127E+02,+3.584400E+04,+7.641280E-01,+1.116000E-03,+9.910000E+37,+4.800781E+02,+3.584400E+04,+7.641276E-01,+1.116000E-03,+9.910000E+37,+4.801455E+02,+3.584400E+04,-1.683893E+00,+0.000000E+00,+9.910000E+37,+4.802109E+02,+3.584400E+04
16:07:46,0e0,+7.728241E-01,+1.179000E-03,+9.910000E+37,+4.804316E+02,+3.584400E+04,+7.747366E-01,+1.179000E-03,+9.910000E+37,+4.804990E+02,+3.584400E+04,+7.739618E-01,+1.179000E-03,+9.910000E+37,+4.805645E+02,+3.584400E+04,-1.723189E+00,+0.000000E+00,+9.910000E+37,+4.806318E+02,+3.584400E+04
16:07:46,0e0,+7.826139E-01,+1.245000E-03,+9.910000E+37,+4.808604E+02,+3.584400E+04,+7.821121E-01,+1.245000E-03,+9.910000E+37,+4.809277E+02,+3.584400E+04,+7.833434E-01,+1.245000E-03,+9.910000E+37,+4.809932E+02,+3.584400E+04,-1.681297E+00,+0.000000E+00,+9.910000E+37,+4.810596E+02,+3.584400E+04
16:07:46,0e0,+7.921294E-01,+1.315500E-03,+9.910000E+37,+4.812881E+02,+3.584400E+04,+7.917651E-01,+1.315500E-03,+9.910000E+37,+4.813545E+02,+3.584400E+04,+7.926306E-01,+1.315500E-03,+9.910000E+37,+4.814219E+02,+3.584400E+04,-1.719320E+00,+0.000000E+00,+9.910000E+37,+4.814873E+02,+3.584400E+04
16:07:46,0e0,+8.011442E-01,+1.389500E-03,+9.910000E+37,+4.817109E+02,+3.584400E+04,+8.014630E-01,+1.389500E-03,+9.910000E+37,+4.817764E+02,+3.584400E+04,+8.001423E-01,+1.389500E-03,+9.910000E+37,+4.818437E+02,+3.584400E+04,-1.707343E+00,+0.000000E+00,+9.910000E+37,+4.819092E+02,+3.584400E+04
16:07:46,0e0,+8.106602E-01,+1.468000E-03,+9.910000E+37,+4.821377E+02,+3.584400E+04,+8.108437E-01,+1.468000E-03,+9.910000E+37,+4.822031E+02,+3.584400E+04,+8.112981E-01,+1.468000E-03,+9.910000E+37,+4.822705E+02,+3.584400E+04,-1.683849E+00,+0.000000E+00,+9.910000E+37,+4.823369E+02,+3.584400E+04
16:07:46,0e0,+8.208599E-01,+1.550500E-03,+9.910000E+37,+4.825615E+02,+3.584400E+04,+8.214059E-01,+1.550500E-03,+9.910000E+37,+4.826289E+02,+3.584400E+04,+8.207240E-01,+1.550500E-03,+9.910000E+37,+4.826943E+02,+3.584400E+04,-1.699329E+00,+0.000000E+00,+9.910000E+37,+4.827617E+02,+3.584400E+04
16:07:46,0e0,+8.316057E-01,+1.638000E-03,+9.910000E+37,+4.829912E+02,+3.584400E+04,+8.311501E-01,+1.638000E-03,+9.910000E+37,+4.830566E+02,+3.584400E+04,+8.299203E-01,+1.638000E-03,+9.910000E+37,+4.831240E+02,+3.584400E+04,-1.702197E+00,+0.000000E+00,+9.910000E+37,+4.831895E+02,+3.584400E+04
16:07:46,0e0,+8.412582E-01,+1.730000E-03,+9.910000E+37,+4.834111E+02,+3.584400E+04,+8.416678E-01,+1.730000E-03,+9.910000E+37,+4.834785E+02,+3.584400E+04,+8.416226E-01,+1.730000E-03,+9.910000E+37,+4.835439E+02,+3.584400E+04,-1.720457E+00,+0.000000E+00,+9.910000E+37,+4.836113E+02,+3.584400E+04
16:07:46,0e0,+8.524133E-01,+1.827500E-03,+9.910000E+37,+4.838389E+02,+3.584400E+04,+8.510478E-01,+1.827500E-03,+9.910000E+37,+4.839043E+02,+3.584400E+04,+8.535514E-01,+1.827500E-03,+9.910000E+37,+4.839707E+02,+3.584400E+04,-1.652019E+00,+0.000000E+00,+9.910000E+37,+4.840381E+02,+3.584400E+04
16:07:46,0e0,+8.630217E-01,+1.930500E-03,+9.910000E+37,+4.842676E+02,+3.584400E+04,+8.645706E-01,+1.930500E-03,+9.910000E+37,+4.843340E+02,+3.584400E+04,+8.625211E-01,+1.930500E-03,+9.910000E+37,+4.844014E+02,+3.584400E+04,-1.721415E+00,+0.000000E+00,+9.910000E+37,+4.844678E+02,+3.584400E+04
16:07:46,0e0,+8.754078E-01,+2.039500E-03,+9.910000E+37,+4.846924E+02,+3.584400E+04,+8.727193E-01,+2.039500E-03,+9.910000E+37,+4.847598E+02,+3.584400E+04,+8.734492E-01,+2.039500E-03,+9.910000E+37,+4.848252E+02,+3.584400E+04,-1.670778E+00,+0.000000E+00,+9.910000E+37,+4.848926E+02,+3.584400E+04
16:07:46,0e0,+8.858339E-01,+2.154500E-03,+9.910000E+37,+4.851211E+02,+3.584400E+04,+8.859710E-01,+2.154500E-03,+9.910000E+37,+4.851865E+02,+3.584400E+04,+8.851973E-01,+2.154500E-03,+9.910000E+37,+4.852529E+02,+3.584400E+04,-1.727378E+00,+0.000000E+00,+9.910000E+37,+4.853203E+02,+3.584400E+04
16:07:46,0e0,+8.976262E-01,+2.276000E-03,+9.910000E+37,+4.855557E+02,+3.584400E+04,+8.972166E-01,+2.276000E-03,+9.910000E+37,+4.856230E+02,+3.584400E+04,+8.982632E-01,+2.276000E-03,+9.910000E+37,+4.856885E+02,+3.584400E+04,-1.676470E+00,+0.000000E+00,+9.910000E+37,+4.857549E+02,+3.584400E+04
16:07:46,0e0,+9.096938E-01,+2.404000E-03,+9.910000E+37,+4.859854E+02,+3.584400E+04,+9.091920E-01,+2.404000E-03,+9.910000E+37,+4.860527E+02,+3.584400E+04,+9.082348E-01,+2.404000E-03,+9.910000E+37,+4.861182E+02,+3.584400E+04,-1.680933E+00,+0.000000E+00,+9.910000E+37,+4.861855E+02,+3.584400E+04
16:07:46,0e0,+9.216675E-01,+2.539500E-03,+9.910000E+37,+4.864111E+02,+3.584400E+04,+9.206657E-01,+2.539500E-03,+9.910000E+37,+4.864766E+02,+3.584400E+04,+9.208025E-01,+2.539500E-03,+9.910000E+37,+4.865439E+02,+3.584400E+04,-1.665496E+00,+0.000000E+00,+9.910000E+37,+4.866094E+02,+3.584400E+04
16:07:46,0e0,+9.322314E-01,+2.682500E-03,+9.910000E+37,+4.868340E+02,+3.584400E+04,+9.321845E-01,+2.682500E-03,+9.910000E+37,+4.869014E+02,+3.584400E+04,+9.339149E-01,+2.682500E-03,+9.910000E+37,+4.869668E+02,+3.584400E+04,-1.695730E+00,+0.000000E+00,+9.910000E+37,+4.870332E+02,+3.584400E+04
16:07:46,0e0,+9.465728E-01,+2.834000E-03,+9.910000E+37,+4.872607E+02,+3.584400E+04,+9.462543E-01,+2.834000E-03,+9.910000E+37,+4.873281E+02,+3.584400E+04,+9.447073E-01,+2.834000E-03,+9.910000E+37,+4.873945E+02,+3.584400E+04,-1.709709E+00,+0.000000E+00,+9.910000E+37,+4.874609E+02,+3.584400E+04
16:07:46,0e0,+9.596413E-01,+2.993500E-03,+9.910000E+37,+4.876885E+02,+3.584400E+04,+9.580473E-01,+2.993500E-03,+9.910000E+37,+4.877549E+02,+3.584400E+04,+9.594581E-01,+2.993500E-03,+9.910000E+37,+4.878213E+02,+3.584400E+04,-1.722049E+00,+0.000000E+00,+9.910000E+37,+4.878887E+02,+3.584400E+04
16:07:46,0e0,+9.725260E-01,+3.162500E-03,+9.910000E+37,+4.881084E+02,+3.584400E+04,+9.718883E-01,+3.162500E-03,+9.910000E+37,+4.881748E+02,+3.584400E+04,+9.707057E-01,+3.162500E-03,+9.910000E+37,+4.882422E+02,+3.584400E+04,-1.664858E+00,+0.000000E+00,+9.910000E+37,+4.883076E+02,+3.584400E+04
16:07:46,0e0,+9.858670E-01,+3.340500E-03,+9.910000E+37,+4.885361E+02,+3.584400E+04,+9.858223E-01,+3.340500E-03,+9.910000E+37,+4.886035E+02,+3.584400E+04,+9.855937E-01,+3.340500E-03,+9.910000E+37,+4.886709E+02,+3.584400E+04,-1.668865E+00,+0.000000E+00,+9.910000E+37,+4.887363E+02,+3.584400E+04
16:07:46,0e0,+1.000255E+00,+3.528500E-03,+9.910000E+37,+4.889639E+02,+3.584400E+04,+9.999814E-01,+3.528500E-03,+9.910000E+37,+4.890313E+02,+3.584400E+04,+9.992530E-01,+3.528500E-03,+9.910000E+37,+4.890967E+02,+3.584400E+04,-1.690266E+00,+0.000000E+00,+9.910000E+37,+4.891641E+02,+3.584400E+04
16:07:46,0e0,+1.012685E+00,+3.727500E-03,+9.910000E+37,+4.893896E+02,+3.584400E+04,+1.013504E+00,+3.727500E-03,+9.910000E+37,+4.894570E+02,+3.584400E+04,+1.013412E+00,+3.727500E-03,+9.910000E+37,+4.895225E+02,+3.584400E+04,-1.653656E+00,+0.000000E+00,+9.910000E+37,+4.895898E+02,+3.584400E+04
16:07:46,0e0,+1.028211E+00,+3.937500E-03,+9.910000E+37,+4.898174E+02,+3.584400E+04,+1.028029E+00,+3.937500E-03,+9.910000E+37,+4.898848E+02,+3.584400E+04,+1.027847E+00,+3.937500E-03,+9.910000E+37,+4.899512E+02,+3.584400E+04,-1.689175E+00,+0.000000E+00,+9.910000E+37,+4.900176E+02,+3.584400E+04
16:07:46,0e0,+1.042599E+00,+4.159500E-03,+9.910000E+37,+4.902451E+02,+3.584400E+04,+1.043100E+00,+4.159500E-03,+9.910000E+37,+4.903125E+02,+3.584400E+04,+1.042736E+00,+4.159500E-03,+9.910000E+37,+4.903779E+02,+3.584400E+04,-1.657071E+00,+0.000000E+00,+9.910000E+37,+4.904453E+02,+3.584400E+04
16:07:46,0e0,+1.059402E+00,+4.394000E-03,+9.910000E+37,+4.906719E+02,+3.584400E+04,+1.059674E+00,+4.394000E-03,+9.910000E+37,+4.907393E+02,+3.584400E+04,+1.057988E+00,+4.394000E-03,+9.910000E+37,+4.908047E+02,+3.584400E+04,-1.693909E+00,+0.000000E+00,+9.910000E+37,+4.908711E+02,+3.584400E+04
16:07:46,0e0,+1.072830E+00,+4.641500E-03,+9.910000E+37,+4.910977E+02,+3.584400E+04,+1.072602E+00,+4.641500E-03,+9.910000E+37,+4.911631E+02,+3.584400E+04,+1.073605E+00,+4.641500E-03,+9.910000E+37,+4.912295E+02,+3.584400E+04,-1.628294E+00,+0.000000E+00,+9.910000E+37,+4.912959E+02,+3.584400E+04
16:07:46,0e0,+1.090089E+00,+4.903000E-03,+9.910000E+37,+4.915234E+02,+3.584400E+04,+1.089496E+00,+4.903000E-03,+9.910000E+37,+4.915908E+02,+3.584400E+04,+1.091273E+00,+4.903000E-03,+9.910000E+37,+4.916572E+02,+3.584400E+04,-1.698325E+00,+0.000000E+00,+9.910000E+37,+4.917236E+02,+3.584400E+04
16:07:46,0e0,+1.106298E+00,+5.179500E-03,+9.910000E+37,+4.919443E+02,+3.584400E+04,+1.105843E+00,+5.179500E-03,+9.910000E+37,+4.920107E+02,+3.584400E+04,+1.104886E+00,+5.179500E-03,+9.910000E+37,+4.920771E+02,+3.584400E+04,-1.669001E+00,+0.000000E+00,+9.910000E+37,+4.921445E+02,+3.584400E+04
16:07:46,0e0,+1.123283E+00,+5.471500E-03,+9.910000E+37,+4.923740E+02,+3.584400E+04,+1.123054E+00,+5.471500E-03,+9.910000E+37,+4.924404E+02,+3.584400E+04,+1.122918E+00,+5.471500E-03,+9.910000E+37,+4.925078E+02,+3.584400E+04,-1.701831E+00,+0.000000E+00,+9.910000E+37,+4.925752E+02,+3.584400E+04
16:07:46,0e0,+1.140400E+00,+5.779500E-03,+9.910000E+37,+4.928057E+02,+3.584400E+04,+1.139491E+00,+5.779500E-03,+9.910000E+37,+4.928711E+02,+3.584400E+04,+1.140265E+00,+5.779500E-03,+9.910000E+37,+4.929385E+02,+3.584400E+04,-1.667726E+00,+0.000000E+00,+9.910000E+37,+4.930059E+02,+3.584400E+04
16:07:46,0e0,+1.158616E+00,+6.105500E-03,+9.910000E+37,+4.932314E+02,+3.584400E+04,+1.157019E+00,+6.105500E-03,+9.910000E+37,+4.932988E+02,+3.584400E+04,+1.157748E+00,+6.105500E-03,+9.910000E+37,+4.933643E+02,+3.584400E+04,-1.656798E+00,+0.000000E+00,+9.910000E+37,+4.934316E+02,+3.584400E+04
16:07:46,0e0,+1.175460E+00,+6.449500E-03,+9.910000E+37,+4.936611E+02,+3.584400E+04,+1.176735E+00,+6.449500E-03,+9.910000E+37,+4.937275E+02,+3.584400E+04,+1.175005E+00,+6.449500E-03,+9.910000E+37,+4.937949E+02,+3.584400E+04,-1.681704E+00,+0.000000E+00,+9.910000E+37,+4.938613E+02,+3.584400E+04
16:07:46,0e0,+1.193584E+00,+6.813000E-03,+9.910000E+37,+4.940889E+02,+3.584400E+04,+1.194311E+00,+6.813000E-03,+9.910000E+37,+4.941562E+02,+3.584400E+04,+1.193718E+00,+6.813000E-03,+9.910000E+37,+4.942217E+02,+3.584400E+04,-1.636262E+00,+0.000000E+00,+9.910000E+37,+4.942881E+02,+3.584400E+04
16:07:46,0e0,+1.211841E+00,+7.197000E-03,+9.910000E+37,+4.945186E+02,+3.584400E+04,+1.212706E+00,+7.197000E-03,+9.910000E+37,+4.945850E+02,+3.584400E+04,+1.213298E+00,+7.197000E-03,+9.910000E+37,+4.946523E+02,+3.584400E+04,-1.654384E+00,+0.000000E+00,+9.910000E+37,+4.947188E+02,+3.584400E+04
16:07:46,0e0,+1.232150E+00,+7.602500E-03,+9.910000E+37,+4.949492E+02,+3.584400E+04,+1.231783E+00,+7.602500E-03,+9.910000E+37,+4.950166E+02,+3.584400E+04,+1.232557E+00,+7.602500E-03,+9.910000E+37,+4.950820E+02,+3.584400E+04,-1.652517E+00,+0.000000E+00,+9.910000E+37,+4.951494E+02,+3.584400E+04
16:07:46,0e0,+1.251817E+00,+8.031000E-03,+9.910000E+37,+4.953740E+02,+3.584400E+04,+1.251863E+00,+8.031000E-03,+9.910000E+37,+4.954404E+02,+3.584400E+04,+1.251954E+00,+8.031000E-03,+9.910000E+37,+4.955078E+02,+3.584400E+04,-1.646734E+00,+0.000000E+00,+9.910000E+37,+4.955742E+02,+3.584400E+04
16:07:46,0e0,+1.271715E+00,+8.483500E-03,+9.910000E+37,+4.957969E+02,+3.584400E+04,+1.270939E+00,+8.483500E-03,+9.910000E+37,+4.958643E+02,+3.584400E+04,+1.271805E+00,+8.483500E-03,+9.910000E+37,+4.959307E+02,+3.584400E+04,-1.616908E+00,+0.000000E+00,+9.910000E+37,+4.959980E+02,+3.584400E+04
16:07:46,0e0,+1.292203E+00,+8.961500E-03,+9.910000E+37,+4.962275E+02,+3.584400E+04,+1.291976E+00,+8.961500E-03,+9.910000E+37,+4.962949E+02,+3.584400E+04,+1.291975E+00,+8.961500E-03,+9.910000E+37,+4.963604E+02,+3.584400E+04,-1.691632E+00,+0.000000E+00,+9.910000E+37,+4.964268E+02,+3.584400E+04
16:07:46,0e0,+1.313285E+00,+9.466500E-03,+9.910000E+37,+4.966475E+02,+3.584400E+04,+1.313695E+00,+9.466500E-03,+9.910000E+37,+4.967148E+02,+3.584400E+04,+1.314515E+00,+9.466500E-03,+9.910000E+37,+4.967803E+02,+3.584400E+04,-1.659984E+00,+0.000000E+00,+9.910000E+37,+4.968477E+02,+3.584400E+04
