16:12:22,0e0,-4.856634E+00,+1.000000E-07,+9.910000E+37,+6.728604E+02,+3.584400E+04,+8.847547E-02,+1.000000E-07,+9.910000E+37,+6.729268E+02,+3.584400E+04,+8.842993E-02,+1.000000E-07,+9.910000E+37,+6.729932E+02,+3.584400E+04,+5.036610E-02,+0.000000E+00,+9.910000E+37,+6.730605E+02,+3.584400E+04
16:12:22,0e0,-3.448632E+00,+1.056500E-07,+9.910000E+37,+6.732881E+02,+3.584400E+04,+9.161705E-02,+1.056500E-07,+9.910000E+37,+6.733545E+02,+3.584400E+04,+8.893022E-02,+1.056500E-07,+9.910000E+37,+6.734219E+02,+3.584400E+04,+5.018374E-02,+0.000000E+00,+9.910000E+37,+6.734883E+02,+3.584400E+04
16:12:22,0e0,-3.931381E+00,+1.116000E-07,+9.910000E+37,+6.737119E+02,+3.584400E+04,+9.088838E-02,+1.116000E-07,+9.910000E+37,+6.737783E+02,+3.584400E+04,+9.207281E-02,+1.116000E-07,+9.910000E+37,+6.738447E+02,+3.584400E+04,+5.068436E-02,+0.000000E+00,+9.910000E+37,+6.739111E+02,+3.584400E+04
16:12:22,0e0,-2.938693E+00,+1.179000E-07,+9.910000E+37,+6.741367E+02,+3.584400E+04,+9.348398E-02,+1.179000E-07,+9.910000E+37,+6.742031E+02,+3.584400E+04,+9.280068E-02,+1.179000E-07,+9.910000E+37,+6.742695E+02,+3.584400E+04,+5.009246E-02,+0.000000E+00,+9.910000E+37,+6.743359E+02,+3.584400E+04
16:12:22,0e0,-3.122515E+00,+1.245000E-07,+9.910000E+37,+6.745596E+02,+3.584400E+04,+9.566957E-02,+1.245000E-07,+9.910000E+37,+6.746260E+02,+3.584400E+04,+9.607908E-02,+1.245000E-07,+9.910000E+37,+6.746924E+02,+3.584400E+04,+5.113989E-02,+0.000000E+00,+9.910000E+37,+6.747588E+02,+3.584400E+04
16:12:22,0e0,-1.690839E+00,+1.315500E-07,+9.910000E+37,+6.749873E+02,+3.584400E+04,+9.644341E-02,+1.315500E-07,+9.910000E+37,+6.750537E+02,+3.584400E+04,+9.821922E-02,+1.315500E-07,+9.910000E+37,+6.751211E+02,+3.584400E+04,+5.250609E-02,+0.000000E+00,+9.910000E+37,+6.751875E+02,+3.584400E+04
16:12:22,0e0,-1.494174E+00,+1.389500E-07,+9.910000E+37,+6.754219E+02,+3.584400E+04,+9.944856E-02,+1.389500E-07,+9.910000E+37,+6.754873E+02,+3.584400E+04,+9.894717E-02,+1.389500E-07,+9.910000E+37,+6.755547E+02,+3.584400E+04,+5.109400E-02,+0.000000E+00,+9.910000E+37,+6.756211E+02,+3.584400E+04
16:12:22,0e0,-1.201982E+00,+1.468000E-07,+9.910000E+37,+6.758486E+02,+3.584400E+04,+1.009511E-01,+1.468000E-07,+9.910000E+37,+6.759150E+02,+3.584400E+04,+1.007239E-01,+1.468000E-07,+9.910000E+37,+6.759814E+02,+3.584400E+04,+5.136707E-02,+0.000000E+00,+9.910000E+37,+6.760488E+02,+3.584400E+04
16:12:22,0e0,-5.013974E-01,+1.550500E-07,+9.910000E+37,+6.762734E+02,+3.584400E+04,+1.017247E-01,+1.550500E-07,+9.910000E+37,+6.763408E+02,+3.584400E+04,+1.019072E-01,+1.550500E-07,+9.910000E+37,+6.764082E+02,+3.584400E+04,+5.250597E-02,+0.000000E+00,+9.910000E+37,+6.764736E+02,+3.584400E+04
16:12:22,0e0,-3.976712E-01,+1.638000E-07,+9.910000E+37,+6.767002E+02,+3.584400E+04,+1.028630E-01,+1.638000E-07,+9.910000E+37,+6.767666E+02,+3.584400E+04,+1.039105E-01,+1.638000E-07,+9.910000E+37,+6.768330E+02,+3.584400E+04,+5.337119E-02,+0.000000E+00,+9.910000E+37,+6.768984E+02,+3.584400E+04
16:12:22,0e0,-3.419833E-01,+1.730000E-07,+9.910000E+37,+6.771221E+02,+3.584400E+04,+1.058226E-01,+1.730000E-07,+9.910000E+37,+6.771885E+02,+3.584400E+04,+1.052305E-01,+1.730000E-07,+9.910000E+37,+6.772549E+02,+3.584400E+04,+5.409932E-02,+0.000000E+00,+9.910000E+37,+6.773223E+02,+3.584400E+04
16:12:22,0e0,-2.735914E-01,+1.827500E-07,+9.910000E+37,+6.775469E+02,+3.584400E+04,+1.065052E-01,+1.827500E-07,+9.910000E+37,+6.776133E+02,+3.584400E+04,+1.070067E-01,+1.827500E-07,+9.910000E+37,+6.776797E+02,+3.584400E+04,+5.350751E-02,+0.000000E+00,+9.910000E+37,+6.777461E+02,+3.584400E+04
16:12:22,0e0,+4.335409E-02,+1.930500E-07,+9.910000E+37,+6.779727E+02,+3.584400E+04,+1.078711E-01,+1.930500E-07,+9.910000E+37,+6.780391E+02,+3.584400E+04,+1.094198E-01,+1.930500E-07,+9.910000E+37,+6.781055E+02,+3.584400E+04,+5.300650E-02,+0.000000E+00,+9.910000E+37,+6.781719E+02,+3.584400E+04
16:12:22,0e0,+2.892077E-02,+2.039500E-07,+9.910000E+37,+6.783926E+02,+3.584400E+04,+1.094646E-01,+2.039500E-07,+9.910000E+37,+6.784600E+02,+3.584400E+04,+1.117875E-01,+2.039500E-07,+9.910000E+37,+6.785254E+02,+3.584400E+04,+5.633047E-02,+0.000000E+00,+9.910000E+37,+6.785918E+02,+3.584400E+04
16:12:22,0e0,+1.084633E-01,+2.154500E-07,+9.910000E+37,+6.788203E+02,+3.584400E+04,+1.119694E-01,+2.154500E-07,+9.910000E+37,+6.788867E+02,+3.584400E+04,+1.116960E-01,+2.154500E-07,+9.910000E+37,+6.789531E+02,+3.584400E+04,+5.441806E-02,+0.000000E+00,+9.910000E+37,+6.790195E+02,+3.584400E+04
16:12:22,0e0,+1.136080E-01,+2.276000E-07,+9.910000E+37,+6.792412E+02,+3.584400E+04,+1.138813E-01,+2.276000E-07,+9.910000E+37,+6.793076E+02,+3.584400E+04,+1.135627E-01,+2.276000E-07,+9.910000E+37,+6.793740E+02,+3.584400E+04,+5.496445E-02,+0.000000E+00,+9.910000E+37,+6.794404E+02,+3.584400E+04
16:12:22,0e0,+1.157491E-01,+2.404000E-07,+9.910000E+37,+6.796670E+02,+3.584400E+04,+1.155207E-01,+2.404000E-07,+9.910000E+37,+6.797334E+02,+3.584400E+04,+1.165688E-01,+2.404000E-07,+9.910000E+37,+6.797998E+02,+3.584400E+04,+5.592081E-02,+0.000000E+00,+9.910000E+37,+6.798672E+02,+3.584400E+04
16:12:22,0e0,+1.172055E-01,+2.539500E-07,+9.910000E+37,+6.800918E+02,+3.584400E+04,+1.195734E-01,+2.539500E-07,+9.910000E+37,+6.801582E+02,+3.584400E+04,+1.179796E-01,+2.539500E-07,+9.910000E+37,+6.802246E+02,+3.584400E+04,+5.423570E-02,+0.000000E+00,+9.910000E+37,+6.802910E+02,+3.584400E+04
16:12:22,0e0,+1.201195E-01,+2.682500E-07,+9.910000E+37,+6.805146E+02,+3.584400E+04,+1.197554E-01,+2.682500E-07,+9.910000E+37,+6.805811E+02,+3.584400E+04,+1.183891E-01,+2.682500E-07,+9.910000E+37,+6.806475E+02,+3.584400E+04,+5.505556E-02,+0.000000E+00,+9.910000E+37,+6.807139E+02,+3.584400E+04
16:12:22,0e0,+1.203924E-01,+2.834000E-07,+9.910000E+37,+6.809336E+02,+3.584400E+04,+1.223504E-01,+2.834000E-07,+9.910000E+37,+6.810000E+02,+3.584400E+04,+1.200282E-01,+2.834000E-07,+9.910000E+37,+6.810664E+02,+3.584400E+04,+5.501053E-02,+0.000000E+00,+9.910000E+37,+6.811328E+02,+3.584400E+04
16:12:22,0e0,+1.233981E-01,+2.993500E-07,+9.910000E+37,+6.813574E+02,+3.584400E+04,+1.232609E-01,+2.993500E-07,+9.910000E+37,+6.814248E+02,+3.584400E+04,+1.228060E-01,+2.993500E-07,+9.910000E+37,+6.814912E+02,+3.584400E+04,+5.678576E-02,+0.000000E+00,+9.910000E+37,+6.815576E+02,+3.584400E+04
16:12:22,0e0,+1.245362E-01,+3.162500E-07,+9.910000E+37,+6.817773E+02,+3.584400E+04,+1.247637E-01,+3.162500E-07,+9.910000E+37,+6.818438E+02,+3.584400E+04,+1.242624E-01,+3.162500E-07,+9.910000E+37,+6.819102E+02,+3.584400E+04,+5.573851E-02,+0.000000E+00,+9.910000E+37,+6.819766E+02,+3.584400E+04
16:12:22,0e0,+1.260384E-01,+3.340500E-07,+9.910000E+37,+6.821982E+02,+3.584400E+04,+1.273586E-01,+3.340500E-07,+9.910000E+37,+6.822646E+02,+3.584400E+04,+1.253095E-01,+3.340500E-07,+9.910000E+37,+6.823311E+02,+3.584400E+04,+5.469179E-02,+0.000000E+00,+9.910000E+37,+6.823984E+02,+3.584400E+04
16:12:22,0e0,+1.289527E-01,+3.528500E-07,+9.910000E+37,+6.826250E+02,+3.584400E+04,+1.281334E-01,+3.528500E-07,+9.910000E+37,+6.826914E+02,+3.584400E+04,+1.289068E-01,+3.528500E-07,+9.910000E+37,+6.827578E+02,+3.584400E+04,+5.546501E-02,+0.000000E+00,+9.910000E+37,+6.828252E+02,+3.584400E+04
16:12:22,0e0,+1.313655E-01,+3.727500E-07,+9.910000E+37,+6.830469E+02,+3.584400E+04,+1.288607E-01,+3.727500E-07,+9.910000E+37,+6.831133E+02,+3.584400E+04,+1.302730E-01,+3.727500E-07,+9.910000E+37,+6.831797E+02,+3.584400E+04,+5.487299E-02,+0.000000E+00,+9.910000E+37,+6.832461E+02,+3.584400E+04
16:12:22,0e0,+1.311373E-01,+3.937500E-07,+9.910000E+37,+6.834697E+02,+3.584400E+04,+1.317292E-01,+3.937500E-07,+9.910000E+37,+6.835361E+02,+3.584400E+04,+1.316841E-01,+3.937500E-07,+9.910000E+37,+6.836025E+02,+3.584400E+04,+5.414453E-02,+0.000000E+00,+9.910000E+37,+6.836689E+02,+3.584400E+04
16:12:22,0e0,+1.340063E-01,+4.159500E-07,+9.910000E+37,+6.838936E+02,+3.584400E+04,+1.362830E-01,+4.159500E-07,+9.910000E+37,+6.839600E+02,+3.584400E+04,+1.330954E-01,+4.159500E-07,+9.910000E+37,+6.840264E+02,+3.584400E+04,+5.446324E-02,+0.000000E+00,+9.910000E+37,+6.840928E+02,+3.584400E+04
16:12:22,0e0,+1.354174E-01,+4.394000E-07,+9.910000E+37,+6.843164E+02,+3.584400E+04,+1.350531E-01,+4.394000E-07,+9.910000E+37,+6.843828E+02,+3.584400E+04,+1.349165E-01,+4.394000E-07,+9.910000E+37,+6.844492E+02,+3.584400E+04,+5.177701E-02,+0.000000E+00,+9.910000E+37,+6.845156E+02,+3.584400E+04
16:12:22,0e0,+1.372387E-01,+4.641500E-07,+9.910000E+37,+6.847451E+02,+3.584400E+04,+1.385137E-01,+4.641500E-07,+9.910000E+37,+6.848125E+02,+3.584400E+04,+1.373296E-01,+4.641500E-07,+9.910000E+37,+6.848799E+02,+3.584400E+04,-8.973353E-02,+0.000000E+00,+9.910000E+37,+6.849463E+02,+3.584400E+04
16:12:22,0e0,+1.401989E-01,+4.903000E-07,+9.910000E+37,+6.851680E+02,+3.584400E+04,+1.389689E-01,+4.903000E-07,+9.910000E+37,+6.852344E+02,+3.584400E+04,+1.408814E-01,+4.903000E-07,+9.910000E+37,+6.853008E+02,+3.584400E+04,-6.683108E-02,+0.000000E+00,+9.910000E+37,+6.853672E+02,+3.584400E+04
16:12:22,0e0,+1.414733E-01,+5.179500E-07,+9.910000E+37,+6.855918E+02,+3.584400E+04,+1.400159E-01,+5.179500E-07,+9.910000E+37,+6.856592E+02,+3.584400E+04,+1.417469E-01,+5.179500E-07,+9.910000E+37,+6.857266E+02,+3.584400E+04,-4.033176E-01,+0.000000E+00,+9.910000E+37,+6.857930E+02,+3.584400E+04
16:12:22,0e0,+1.436131E-01,+5.471500E-07,+9.910000E+37,+6.860127E+02,+3.584400E+04,+1.439778E-01,+5.471500E-07,+9.910000E+37,+6.860791E+02,+3.584400E+04,+1.447056E-01,+5.471500E-07,+9.910000E+37,+6.861455E+02,+3.584400E+04,-3.668901E-01,+0.000000E+00,+9.910000E+37,+6.862129E+02,+3.584400E+04
16:12:22,0e0,+1.472104E-01,+5.779500E-07,+9.910000E+37,+6.864414E+02,+3.584400E+04,+1.462540E-01,+5.779500E-07,+9.910000E+37,+6.865078E+02,+3.584400E+04,+1.475745E-01,+5.779500E-07,+9.910000E+37,+6.865742E+02,+3.584400E+04,-1.037013E+00,+0.000000E+00,+9.910000E+37,+6.866416E+02,+3.584400E+04
16:12:22,0e0,+1.479382E-01,+6.105500E-07,+9.910000E+37,+6.868643E+02,+3.584400E+04,+1.483491E-01,+6.105500E-07,+9.910000E+37,+6.869307E+02,+3.584400E+04,+1.479839E-01,+6.105500E-07,+9.910000E+37,+6.869971E+02,+3.584400E+04,-1.512296E+00,+0.000000E+00,+9.910000E+37,+6.870635E+02,+3.584400E+04
16:12:22,0e0,+1.513081E-01,+6.449500E-07,+9.910000E+37,+6.872910E+02,+3.584400E+04,+1.512169E-01,+6.449500E-07,+9.910000E+37,+6.873564E+02,+3.584400E+04,+1.488485E-01,+6.449500E-07,+9.910000E+37,+6.874229E+02,+3.584400E+04,-2.233098E+00,+0.000000E+00,+9.910000E+37,+6.874902E+02,+3.584400E+04
16:12:22,0e0,+1.520361E-01,+6.813000E-07,+9.910000E+37,+6.877139E+02,+3.584400E+04,+1.505789E-01,+6.813000E-07,+9.910000E+37,+6.877803E+02,+3.584400E+04,+1.527648E-01,+6.813000E-07,+9.910000E+37,+6.878477E+02,+3.584400E+04,-3.001752E+00,+0.000000E+00,+9.910000E+37,+6.879131E+02,+3.584400E+04
16:12:22,0e0,+1.543128E-01,+7.197000E-07,+9.910000E+37,+6.881328E+02,+3.584400E+04,+1.545400E-01,+7.197000E-07,+9.910000E+37,+6.881992E+02,+3.584400E+04,+1.530832E-01,+7.197000E-07,+9.910000E+37,+6.882656E+02,+3.584400E+04,-3.396440E+00,+0.000000E+00,+9.910000E+37,+6.883320E+02,+3.584400E+04
16:12:22,0e0,+1.568634E-01,+7.602500E-07,+9.910000E+37,+6.885625E+02,+3.584400E+04,+1.578647E-01,+7.602500E-07,+9.910000E+37,+6.886289E+02,+3.584400E+04,+1.567726E-01,+7.602500E-07,+9.910000E+37,+6.886953E+02,+3.584400E+04,-5.041807E+00,+0.000000E+00,+9.910000E+37,+6.887617E+02,+3.584400E+04
16:12:22,0e0,+1.600500E-01,+8.031000E-07,+9.910000E+37,+6.889844E+02,+3.584400E+04,+1.585933E-01,+8.031000E-07,+9.910000E+37,+6.890518E+02,+3.584400E+04,+1.590938E-01,+8.031000E-07,+9.910000E+37,+6.891182E+02,+3.584400E+04,-6.156027E+00,+0.000000E+00,+9.910000E+37,+6.891855E+02,+3.584400E+04
16:12:22,0e0,+1.603682E-01,+8.483500E-07,+9.910000E+37,+6.894092E+02,+3.584400E+04,+1.610055E-01,+8.483500E-07,+9.910000E+37,+6.894756E+02,+3.584400E+04,+1.610058E-01,+8.483500E-07,+9.910000E+37,+6.895420E+02,+3.584400E+04,-7.220610E+00,+0.000000E+00,+9.910000E+37,+6.896084E+02,+3.584400E+04
16:12:22,0e0,+1.654687E-01,+8.961500E-07,+9.910000E+37,+6.898281E+02,+3.584400E+04,+1.628730E-01,+8.961500E-07,+9.910000E+37,+6.898945E+02,+3.584400E+04,+1.625082E-01,+8.961500E-07,+9.910000E+37,+6.899609E+02,+3.584400E+04,-8.489006E+00,+0.000000E+00,+9.910000E+37,+6.900273E+02,+3.584400E+04
16:12:22,0e0,+1.646025E-01,+9.466500E-07,+9.910000E+37,+6.902598E+02,+3.584400E+04,+1.649213E-01,+9.466500E-07,+9.910000E+37,+6.903271E+02,+3.584400E+04,+1.657861E-01,+9.466500E-07,+9.910000E+37,+6.903945E+02,+3.584400E+04,-9.777589E+00,+0.000000E+00,+9.910000E+37,+6.904609E+02,+3.584400E+04
16:12:22,0e0,+1.679721E-01,+1.000000E-06,+9.910000E+37,+6.906797E+02,+3.584400E+04,+1.691560E-01,+1.000000E-06,+9.910000E+37,+6.907461E+02,+3.584400E+04,+1.679723E-01,+1.000000E-06,+9.910000E+37,+6.908125E+02,+3.584400E+04,-1.052185E+01,+0.000000E+00,+9.910000E+37,+6.908789E+02,+3.584400E+04
16:12:22,0e0,+1.597319E-01,+1.056500E-06,+9.910000E+37,+6.911074E+02,+3.584400E+04,+1.601411E-01,+1.056500E-06,+9.910000E+37,+6.911738E+02,+3.584400E+04,+1.585924E-01,+1.056500E-06,+9.910000E+37,+6.912402E+02,+3.584400E+04,+5.646685E-02,+0.000000E+00,+9.910000E+37,+6.913076E+02,+3.584400E+04
16:12:22,0e0,+1.621443E-01,+1.116000E-06,+9.910000E+37,+6.915352E+02,+3.584400E+04,+1.619625E-01,+1.116000E-06,+9.910000E+37,+6.916016E+02,+3.584400E+04,+1.614158E-01,+1.116000E-06,+9.910000E+37,+6.916680E+02,+3.584400E+04,+5.651218E-02,+0.000000E+00,+9.910000E+37,+6.917334E+02,+3.584400E+04
16:12:22,0e0,+1.634648E-01,+1.179000E-06,+9.910000E+37,+6.919590E+02,+3.584400E+04,+1.623714E-01,+1.179000E-06,+9.910000E+37,+6.920244E+02,+3.584400E+04,+1.641936E-01,+1.179000E-06,+9.910000E+37,+6.920908E+02,+3.584400E+04,+5.541897E-02,+0.000000E+00,+9.910000E+37,+6.921572E+02,+3.584400E+04
16:12:22,0e0,+1.664706E-01,+1.245000E-06,+9.910000E+37,+6.923818E+02,+3.584400E+04,+1.657871E-01,+1.245000E-06,+9.910000E+37,+6.924482E+02,+3.584400E+04,+1.651949E-01,+1.245000E-06,+9.910000E+37,+6.925146E+02,+3.584400E+04,+5.783215E-02,+0.000000E+00,+9.910000E+37,+6.925811E+02,+3.584400E+04
16:12:22,0e0,+1.676087E-01,+1.315500E-06,+9.910000E+37,+6.928027E+02,+3.584400E+04,+1.661504E-01,+1.315500E-06,+9.910000E+37,+6.928691E+02,+3.584400E+04,+1.666969E-01,+1.315500E-06,+9.910000E+37,+6.929355E+02,+3.584400E+04,+5.692250E-02,+0.000000E+00,+9.910000E+37,+6.930020E+02,+3.584400E+04
16:12:22,0e0,+1.672888E-01,+1.389500E-06,+9.910000E+37,+6.932256E+02,+3.584400E+04,+1.694751E-01,+1.389500E-06,+9.910000E+37,+6.932910E+02,+3.584400E+04,+1.691099E-01,+1.389500E-06,+9.910000E+37,+6.933574E+02,+3.584400E+04,+5.701301E-02,+0.000000E+00,+9.910000E+37,+6.934238E+02,+3.584400E+04
16:12:22,0e0,+1.720703E-01,+1.468000E-06,+9.910000E+37,+6.936465E+02,+3.584400E+04,+1.702487E-01,+1.468000E-06,+9.910000E+37,+6.937129E+02,+3.584400E+04,+1.719798E-01,+1.468000E-06,+9.910000E+37,+6.937783E+02,+3.584400E+04,+5.642146E-02,+0.000000E+00,+9.910000E+37,+6.938447E+02,+3.584400E+04
16:12:22,0e0,+1.722060E-01,+1.550500E-06,+9.910000E+37,+6.940693E+02,+3.584400E+04,+1.733449E-01,+1.550500E-06,+9.910000E+37,+6.941357E+02,+3.584400E+04,+1.730263E-01,+1.550500E-06,+9.910000E+37,+6.942021E+02,+3.584400E+04,+5.655780E-02,+0.000000E+00,+9.910000E+37,+6.942686E+02,+3.584400E+04
16:12:22,0e0,+1.737541E-01,+1.638000E-06,+9.910000E+37,+6.944951E+02,+3.584400E+04,+1.748938E-01,+1.638000E-06,+9.910000E+37,+6.945605E+02,+3.584400E+04,+1.743458E-01,+1.638000E-06,+9.910000E+37,+6.946270E+02,+3.584400E+04,+5.673936E-02,+0.000000E+00,+9.910000E+37,+6.946934E+02,+3.584400E+04
16:12:22,0e0,+1.769416E-01,+1.730000E-06,+9.910000E+37,+6.949131E+02,+3.584400E+04,+1.766224E-01,+1.730000E-06,+9.910000E+37,+6.949795E+02,+3.584400E+04,+1.768964E-01,+1.730000E-06,+9.910000E+37,+6.950459E+02,+3.584400E+04,+5.692154E-02,+0.000000E+00,+9.910000E+37,+6.951123E+02,+3.584400E+04
16:12:22,0e0,+1.790362E-01,+1.827500E-06,+9.910000E+37,+6.953320E+02,+3.584400E+04,+1.807665E-01,+1.827500E-06,+9.910000E+37,+6.953984E+02,+3.584400E+04,+1.792634E-01,+1.827500E-06,+9.910000E+37,+6.954648E+02,+3.584400E+04,+5.733183E-02,+0.000000E+00,+9.910000E+37,+6.955312E+02,+3.584400E+04
16:12:22,0e0,+1.805838E-01,+1.930500E-06,+9.910000E+37,+6.957549E+02,+3.584400E+04,+1.810854E-01,+1.930500E-06,+9.910000E+37,+6.958223E+02,+3.584400E+04,+1.800374E-01,+1.930500E-06,+9.910000E+37,+6.958887E+02,+3.584400E+04,+5.455455E-02,+0.000000E+00,+9.910000E+37,+6.959541E+02,+3.584400E+04
16:12:22,0e0,+1.826326E-01,+2.039500E-06,+9.910000E+37,+6.961758E+02,+3.584400E+04,+1.833160E-01,+2.039500E-06,+9.910000E+37,+6.962422E+02,+3.584400E+04,+1.827242E-01,+2.039500E-06,+9.910000E+37,+6.963096E+02,+3.584400E+04,+5.633011E-02,+0.000000E+00,+9.910000E+37,+6.963770E+02,+3.584400E+04
16:12:22,0e0,+1.862301E-01,+2.154500E-06,+9.910000E+37,+6.966006E+02,+3.584400E+04,+1.852284E-01,+2.154500E-06,+9.910000E+37,+6.966670E+02,+3.584400E+04,+1.860937E-01,+2.154500E-06,+9.910000E+37,+6.967334E+02,+3.584400E+04,+5.765057E-02,+0.000000E+00,+9.910000E+37,+6.967998E+02,+3.584400E+04
16:12:22,0e0,+1.877328E-01,+2.276000E-06,+9.910000E+37,+6.970303E+02,+3.584400E+04,+1.888255E-01,+2.276000E-06,+9.910000E+37,+6.970967E+02,+3.584400E+04,+1.877326E-01,+2.276000E-06,+9.910000E+37,+6.971631E+02,+3.584400E+04,+5.714923E-02,+0.000000E+00,+9.910000E+37,+6.972295E+02,+3.584400E+04
16:12:22,0e0,+1.906010E-01,+2.404000E-06,+9.910000E+37,+6.974551E+02,+3.584400E+04,+1.886427E-01,+2.404000E-06,+9.910000E+37,+6.975215E+02,+3.584400E+04,+1.898272E-01,+2.404000E-06,+9.910000E+37,+6.975889E+02,+3.584400E+04,+5.810571E-02,+0.000000E+00,+9.910000E+37,+6.976563E+02,+3.584400E+04
16:12:22,0e0,+1.934241E-01,+2.539500E-06,+9.910000E+37,+6.978779E+02,+3.584400E+04,+1.909647E-01,+2.539500E-06,+9.910000E+37,+6.979443E+02,+3.584400E+04,+1.913753E-01,+2.539500E-06,+9.910000E+37,+6.980107E+02,+3.584400E+04,+5.724010E-02,+0.000000E+00,+9.910000E+37,+6.980771E+02,+3.584400E+04
16:12:22,0e0,+1.936525E-01,+2.682500E-06,+9.910000E+37,+6.983027E+02,+3.584400E+04,+1.928776E-01,+2.682500E-06,+9.910000E+37,+6.983691E+02,+3.584400E+04,+1.942439E-01,+2.682500E-06,+9.910000E+37,+6.984355E+02,+3.584400E+04,+5.828765E-02,+0.000000E+00,+9.910000E+37,+6.985010E+02,+3.584400E+04
16:12:22,0e0,+1.963378E-01,+2.834000E-06,+9.910000E+37,+6.987207E+02,+3.584400E+04,+1.963836E-01,+2.834000E-06,+9.910000E+37,+6.987871E+02,+3.584400E+04,+1.947892E-01,+2.834000E-06,+9.910000E+37,+6.988535E+02,+3.584400E+04,+5.992708E-02,+0.000000E+00,+9.910000E+37,+6.989209E+02,+3.584400E+04
16:12:22,0e0,+1.983862E-01,+2.993500E-06,+9.910000E+37,+6.991406E+02,+3.584400E+04,+1.971570E-01,+2.993500E-06,+9.910000E+37,+6.992070E+02,+3.584400E+04,+1.977944E-01,+2.993500E-06,+9.910000E+37,+6.992734E+02,+3.584400E+04,+5.760446E-02,+0.000000E+00,+9.910000E+37,+6.993398E+02,+3.584400E+04
16:12:22,0e0,+2.003903E-01,+3.162500E-06,+9.910000E+37,+6.995635E+02,+3.584400E+04,+1.999345E-01,+3.162500E-06,+9.910000E+37,+6.996309E+02,+3.584400E+04,+1.994342E-01,+3.162500E-06,+9.910000E+37,+6.996973E+02,+3.584400E+04,+5.806017E-02,+0.000000E+00,+9.910000E+37,+6.997637E+02,+3.584400E+04
16:12:22,0e0,+2.025766E-01,+3.340500E-06,+9.910000E+37,+6.999844E+02,+3.584400E+04,+2.015734E-01,+3.340500E-06,+9.910000E+37,+7.000498E+02,+3.584400E+04,+2.028035E-01,+3.340500E-06,+9.910000E+37,+7.001162E+02,+3.584400E+04,+5.892560E-02,+0.000000E+00,+9.910000E+37,+7.001836E+02,+3.584400E+04
16:12:22,0e0,+2.028481E-01,+3.528500E-06,+9.910000E+37,+7.004092E+02,+3.584400E+04,+2.041231E-01,+3.528500E-06,+9.910000E+37,+7.004756E+02,+3.584400E+04,+2.057174E-01,+3.528500E-06,+9.910000E+37,+7.005430E+02,+3.584400E+04,+5.778700E-02,+0.000000E+00,+9.910000E+37,+7.006084E+02,+3.584400E+04
16:12:22,0e0,+2.073563E-01,+3.727500E-06,+9.910000E+37,+7.008281E+02,+3.584400E+04,+2.056714E-01,+3.727500E-06,+9.910000E+37,+7.008945E+02,+3.584400E+04,+2.070832E-01,+3.727500E-06,+9.910000E+37,+7.009619E+02,+3.584400E+04,+5.924413E-02,+0.000000E+00,+9.910000E+37,+7.010273E+02,+3.584400E+04
16:12:22,0e0,+2.104072E-01,+3.937500E-06,+9.910000E+37,+7.012598E+02,+3.584400E+04,+2.093145E-01,+3.937500E-06,+9.910000E+37,+7.013252E+02,+3.584400E+04,+2.100431E-01,+3.937500E-06,+9.910000E+37,+7.013916E+02,+3.584400E+04,+5.774143E-02,+0.000000E+00,+9.910000E+37,+7.014590E+02,+3.584400E+04
16:12:22,0e0,+2.107706E-01,+4.159500E-06,+9.910000E+37,+7.016846E+02,+3.584400E+04,+2.116363E-01,+4.159500E-06,+9.910000E+37,+7.017500E+02,+3.584400E+04,+2.105887E-01,+4.159500E-06,+9.910000E+37,+7.018164E+02,+3.584400E+04,+4.695073E-02,+0.000000E+00,+9.910000E+37,+7.018838E+02,+3.584400E+04
16:12:22,0e0,+2.126383E-01,+4.394000E-06,+9.910000E+37,+7.021104E+02,+3.584400E+04,+2.130931E-01,+4.394000E-06,+9.910000E+37,+7.021758E+02,+3.584400E+04,+2.118629E-01,+4.394000E-06,+9.910000E+37,+7.022422E+02,+3.584400E+04,+5.897084E-02,+0.000000E+00,+9.910000E+37,+7.023096E+02,+3.584400E+04
16:12:22,0e0,+2.155510E-01,+4.641500E-06,+9.910000E+37,+7.025342E+02,+3.584400E+04,+2.145495E-01,+4.641500E-06,+9.910000E+37,+7.025996E+02,+3.584400E+04,+2.161439E-01,+4.641500E-06,+9.910000E+37,+7.026670E+02,+3.584400E+04,-6.778765E-02,+0.000000E+00,+9.910000E+37,+7.027344E+02,+3.584400E+04
16:12:22,0e0,+2.178286E-01,+4.903000E-06,+9.910000E+37,+7.029600E+02,+3.584400E+04,+2.175548E-01,+4.903000E-06,+9.910000E+37,+7.030264E+02,+3.584400E+04,+2.185571E-01,+4.903000E-06,+9.910000E+37,+7.030938E+02,+3.584400E+04,-6.328040E-02,+0.000000E+00,+9.910000E+37,+7.031592E+02,+3.584400E+04
16:12:22,0e0,+2.194671E-01,+5.179500E-06,+9.910000E+37,+7.033848E+02,+3.584400E+04,+2.202873E-01,+5.179500E-06,+9.910000E+37,+7.034512E+02,+3.584400E+04,+2.200597E-01,+5.179500E-06,+9.910000E+37,+7.035186E+02,+3.584400E+04,-4.018146E-01,+0.000000E+00,+9.910000E+37,+7.035840E+02,+3.584400E+04
16:12:22,0e0,+2.222897E-01,+5.471500E-06,+9.910000E+37,+7.038057E+02,+3.584400E+04,+2.229281E-01,+5.471500E-06,+9.910000E+37,+7.038711E+02,+3.584400E+04,+2.215160E-01,+5.471500E-06,+9.910000E+37,+7.039375E+02,+3.584400E+04,-3.730828E-01,+0.000000E+00,+9.910000E+37,+7.040049E+02,+3.584400E+04
16:12:22,0e0,+2.237012E-01,+5.779500E-06,+9.910000E+37,+7.042354E+02,+3.584400E+04,+2.256137E-01,+5.779500E-06,+9.910000E+37,+7.043008E+02,+3.584400E+04,+2.247030E-01,+5.779500E-06,+9.910000E+37,+7.043672E+02,+3.584400E+04,-9.364725E-01,+0.000000E+00,+9.910000E+37,+7.044346E+02,+3.584400E+04
16:12:22,0e0,+2.283930E-01,+6.105500E-06,+9.910000E+37,+7.046523E+02,+3.584400E+04,+2.283461E-01,+6.105500E-06,+9.910000E+37,+7.047197E+02,+3.584400E+04,+2.268429E-01,+6.105500E-06,+9.910000E+37,+7.047871E+02,+3.584400E+04,-1.578956E+00,+0.000000E+00,+9.910000E+37,+7.048525E+02,+3.584400E+04
16:12:22,0e0,+2.310325E-01,+6.449500E-06,+9.910000E+37,+7.050771E+02,+3.584400E+04,+2.293018E-01,+6.449500E-06,+9.910000E+37,+7.051426E+02,+3.584400E+04,+2.285731E-01,+6.449500E-06,+9.910000E+37,+7.052090E+02,+3.584400E+04,-1.973917E+00,+0.000000E+00,+9.910000E+37,+7.052754E+02,+3.584400E+04
16:12:22,0e0,+2.317602E-01,+6.813000E-06,+9.910000E+37,+7.054990E+02,+3.584400E+04,+2.320798E-01,+6.813000E-06,+9.910000E+37,+7.055664E+02,+3.584400E+04,+2.325805E-01,+6.813000E-06,+9.910000E+37,+7.056338E+02,+3.584400E+04,-2.316287E+00,+0.000000E+00,+9.910000E+37,+7.056992E+02,+3.584400E+04
16:12:22,0e0,+2.348117E-01,+7.197000E-06,+9.910000E+37,+7.059238E+02,+3.584400E+04,+2.339911E-01,+7.197000E-06,+9.910000E+37,+7.059902E+02,+3.584400E+04,+2.352211E-01,+7.197000E-06,+9.910000E+37,+7.060566E+02,+3.584400E+04,-3.668234E+00,+0.000000E+00,+9.910000E+37,+7.061230E+02,+3.584400E+04
16:12:22,0e0,+2.378166E-01,+7.602500E-06,+9.910000E+37,+7.063486E+02,+3.584400E+04,+2.379535E-01,+7.602500E-06,+9.910000E+37,+7.064150E+02,+3.584400E+04,+2.381808E-01,+7.602500E-06,+9.910000E+37,+7.064814E+02,+3.584400E+04,-4.598624E+00,+0.000000E+00,+9.910000E+37,+7.065479E+02,+3.584400E+04
16:12:22,0e0,+2.412764E-01,+8.031000E-06,+9.910000E+37,+7.067744E+02,+3.584400E+04,+2.405489E-01,+8.031000E-06,+9.910000E+37,+7.068408E+02,+3.584400E+04,+2.399110E-01,+8.031000E-06,+9.910000E+37,+7.069082E+02,+3.584400E+04,-5.975298E+00,+0.000000E+00,+9.910000E+37,+7.069736E+02,+3.584400E+04
16:12:22,0e0,+2.431886E-01,+8.483500E-06,+9.910000E+37,+7.071992E+02,+3.584400E+04,+2.430985E-01,+8.483500E-06,+9.910000E+37,+7.072656E+02,+3.584400E+04,+2.434623E-01,+8.483500E-06,+9.910000E+37,+7.073320E+02,+3.584400E+04,-6.774234E+00,+0.000000E+00,+9.910000E+37,+7.073975E+02,+3.584400E+04
16:12:22,0e0,+2.463312E-01,+8.961500E-06,+9.910000E+37,+7.076162E+02,+3.584400E+04,+2.458759E-01,+8.961500E-06,+9.910000E+37,+7.076826E+02,+3.584400E+04,+2.449645E-01,+8.961500E-06,+9.910000E+37,+7.077490E+02,+3.584400E+04,-7.394987E+00,+0.000000E+00,+9.910000E+37,+7.078154E+02,+3.584400E+04
16:12:22,0e0,+2.478324E-01,+9.466500E-06,+9.910000E+37,+7.080410E+02,+3.584400E+04,+2.485618E-01,+9.466500E-06,+9.910000E+37,+7.081074E+02,+3.584400E+04,+2.481977E-01,+9.466500E-06,+9.910000E+37,+7.081738E+02,+3.584400E+04,-9.049571E+00,+0.000000E+00,+9.910000E+37,+7.082412E+02,+3.584400E+04
16:12:22,0e0,+2.494715E-01,+1.000000E-05,+9.910000E+37,+7.084668E+02,+3.584400E+04,+2.511572E-01,+1.000000E-05,+9.910000E+37,+7.085332E+02,+3.584400E+04,+2.512022E-01,+1.000000E-05,+9.910000E+37,+7.085996E+02,+3.584400E+04,-9.708920E+00,+0.000000E+00,+9.910000E+37,+7.086670E+02,+3.584400E+04
16:12:22,0e0,+2.425061E-01,+1.056500E-05,+9.910000E+37,+7.088926E+02,+3.584400E+04,+2.425525E-01,+1.056500E-05,+9.910000E+37,+7.089600E+02,+3.584400E+04,+2.412761E-01,+1.056500E-05,+9.910000E+37,+7.090254E+02,+3.584400E+04,+5.286932E-02,+0.000000E+00,+9.910000E+37,+7.090918E+02,+3.584400E+04
16:12:22,0e0,+2.449194E-01,+1.116000E-05,+9.910000E+37,+7.093115E+02,+3.584400E+04,+2.452837E-01,+1.116000E-05,+9.910000E+37,+7.093779E+02,+3.584400E+04,+2.453749E-01,+1.116000E-05,+9.910000E+37,+7.094453E+02,+3.584400E+04,+5.154884E-02,+0.000000E+00,+9.910000E+37,+7.095107E+02,+3.584400E+04
16:12:22,0e0,+2.465590E-01,+1.179000E-05,+9.910000E+37,+7.097334E+02,+3.584400E+04,+2.489265E-01,+1.179000E-05,+9.910000E+37,+7.097988E+02,+3.584400E+04,+2.472868E-01,+1.179000E-05,+9.910000E+37,+7.098652E+02,+3.584400E+04,+5.323371E-02,+0.000000E+00,+9.910000E+37,+7.099316E+02,+3.584400E+04
16:12:22,0e0,+2.498822E-01,+1.245000E-05,+9.910000E+37,+7.101523E+02,+3.584400E+04,+2.492904E-01,+1.245000E-05,+9.910000E+37,+7.102187E+02,+3.584400E+04,+2.502924E-01,+1.245000E-05,+9.910000E+37,+7.102861E+02,+3.584400E+04,+5.177602E-02,+0.000000E+00,+9.910000E+37,+7.103516E+02,+3.584400E+04
16:12:22,0e0,+2.518398E-01,+1.315500E-05,+9.910000E+37,+7.105752E+02,+3.584400E+04,+2.518400E-01,+1.315500E-05,+9.910000E+37,+7.106426E+02,+3.584400E+04,+2.527053E-01,+1.315500E-05,+9.910000E+37,+7.107100E+02,+3.584400E+04,+5.236852E-02,+0.000000E+00,+9.910000E+37,+7.107754E+02,+3.584400E+04
16:12:22,0e0,+2.559380E-01,+1.389500E-05,+9.910000E+37,+7.110039E+02,+3.584400E+04,+2.531141E-01,+1.389500E-05,+9.910000E+37,+7.110693E+02,+3.584400E+04,+2.549824E-01,+1.389500E-05,+9.910000E+37,+7.111357E+02,+3.584400E+04,+5.291516E-02,+0.000000E+00,+9.910000E+37,+7.112031E+02,+3.584400E+04
16:12:22,0e0,+2.558461E-01,+1.468000E-05,+9.910000E+37,+7.114307E+02,+3.584400E+04,+2.581687E-01,+1.468000E-05,+9.910000E+37,+7.114980E+02,+3.584400E+04,+2.566206E-01,+1.468000E-05,+9.910000E+37,+7.115635E+02,+3.584400E+04,+5.268729E-02,+0.000000E+00,+9.910000E+37,+7.116299E+02,+3.584400E+04
16:12:22,0e0,+2.598537E-01,+1.550500E-05,+9.910000E+37,+7.118564E+02,+3.584400E+04,+2.586241E-01,+1.550500E-05,+9.910000E+37,+7.119219E+02,+3.584400E+04,+2.590795E-01,+1.550500E-05,+9.910000E+37,+7.119883E+02,+3.584400E+04,+5.273277E-02,+0.000000E+00,+9.910000E+37,+7.120557E+02,+3.584400E+04
16:12:22,0e0,+2.606727E-01,+1.638000E-05,+9.910000E+37,+7.122803E+02,+3.584400E+04,+2.619937E-01,+1.638000E-05,+9.910000E+37,+7.123477E+02,+3.584400E+04,+2.628137E-01,+1.638000E-05,+9.910000E+37,+7.124150E+02,+3.584400E+04,+5.195913E-02,+0.000000E+00,+9.910000E+37,+7.124805E+02,+3.584400E+04
16:12:22,0e0,+2.630858E-01,+1.730000E-05,+9.910000E+37,+7.127021E+02,+3.584400E+04,+2.640430E-01,+1.730000E-05,+9.910000E+37,+7.127686E+02,+3.584400E+04,+2.644519E-01,+1.730000E-05,+9.910000E+37,+7.128350E+02,+3.584400E+04,+5.282387E-02,+0.000000E+00,+9.910000E+37,+7.129004E+02,+3.584400E+04
16:12:22,0e0,+2.668205E-01,+1.827500E-05,+9.910000E+37,+7.131289E+02,+3.584400E+04,+2.671388E-01,+1.827500E-05,+9.910000E+37,+7.131943E+02,+3.584400E+04,+2.673215E-01,+1.827500E-05,+9.910000E+37,+7.132607E+02,+3.584400E+04,+5.255085E-02,+0.000000E+00,+9.910000E+37,+7.133271E+02,+3.584400E+04
16:12:22,0e0,+2.690060E-01,+1.930500E-05,+9.910000E+37,+7.135547E+02,+3.584400E+04,+2.695512E-01,+1.930500E-05,+9.910000E+37,+7.136201E+02,+3.584400E+04,+2.681848E-01,+1.930500E-05,+9.910000E+37,+7.136865E+02,+3.584400E+04,+5.150339E-02,+0.000000E+00,+9.910000E+37,+7.137529E+02,+3.584400E+04
16:12:22,0e0,+2.720107E-01,+2.039500E-05,+9.910000E+37,+7.139785E+02,+3.584400E+04,+2.714189E-01,+2.039500E-05,+9.910000E+37,+7.140459E+02,+3.584400E+04,+2.699144E-01,+2.039500E-05,+9.910000E+37,+7.141113E+02,+3.584400E+04,+4.654074E-02,+0.000000E+00,+9.910000E+37,+7.141777E+02,+3.584400E+04
16:12:22,0e0,+2.740592E-01,+2.154500E-05,+9.910000E+37,+7.143955E+02,+3.584400E+04,+2.740588E-01,+2.154500E-05,+9.910000E+37,+7.144609E+02,+3.584400E+04,+2.748332E-01,+2.154500E-05,+9.910000E+37,+7.145273E+02,+3.584400E+04,+4.827029E-02,+0.000000E+00,+9.910000E+37,+7.145937E+02,+3.584400E+04
16:12:22,0e0,+2.770638E-01,+2.276000E-05,+9.910000E+37,+7.148135E+02,+3.584400E+04,+2.763358E-01,+2.276000E-05,+9.910000E+37,+7.148799E+02,+3.584400E+04,+2.768815E-01,+2.276000E-05,+9.910000E+37,+7.149463E+02,+3.584400E+04,+4.899928E-02,+0.000000E+00,+9.910000E+37,+7.150156E+02,+3.584400E+04
16:12:22,0e0,+2.789762E-01,+2.404000E-05,+9.910000E+37,+7.152412E+02,+3.584400E+04,+2.791588E-01,+2.404000E-05,+9.910000E+37,+7.153066E+02,+3.584400E+04,+2.790217E-01,+2.404000E-05,+9.910000E+37,+7.153730E+02,+3.584400E+04,+4.494685E-02,+0.000000E+00,+9.910000E+37,+7.154404E+02,+3.584400E+04
16:12:22,0e0,+2.815717E-01,+2.539500E-05,+9.910000E+37,+7.156758E+02,+3.584400E+04,+2.818456E-01,+2.539500E-05,+9.910000E+37,+7.157422E+02,+3.584400E+04,+2.829839E-01,+2.539500E-05,+9.910000E+37,+7.158096E+02,+3.584400E+04,+4.339886E-02,+0.000000E+00,+9.910000E+37,+7.158750E+02,+3.584400E+04
16:12:22,0e0,+2.842121E-01,+2.682500E-05,+9.910000E+37,+7.161006E+02,+3.584400E+04,+2.847132E-01,+2.682500E-05,+9.910000E+37,+7.161670E+02,+3.584400E+04,+2.846233E-01,+2.682500E-05,+9.910000E+37,+7.162334E+02,+3.584400E+04,+4.435542E-02,+0.000000E+00,+9.910000E+37,+7.162998E+02,+3.584400E+04
16:12:22,0e0,+2.872632E-01,+2.834000E-05,+9.910000E+37,+7.165215E+02,+3.584400E+04,+2.875817E-01,+2.834000E-05,+9.910000E+37,+7.165879E+02,+3.584400E+04,+2.867173E-01,+2.834000E-05,+9.910000E+37,+7.166533E+02,+3.584400E+04,+4.353580E-02,+0.000000E+00,+9.910000E+37,+7.167217E+02,+3.584400E+04
16:12:22,0e0,+2.896305E-01,+2.993500E-05,+9.910000E+37,+7.169473E+02,+3.584400E+04,+2.893569E-01,+2.993500E-05,+9.910000E+37,+7.170146E+02,+3.584400E+04,+2.886279E-01,+2.993500E-05,+9.910000E+37,+7.170811E+02,+3.584400E+04,+4.367241E-02,+0.000000E+00,+9.910000E+37,+7.171484E+02,+3.584400E+04
16:12:22,0e0,+2.922259E-01,+3.162500E-05,+9.910000E+37,+7.173760E+02,+3.584400E+04,+2.917248E-01,+3.162500E-05,+9.910000E+37,+7.174414E+02,+3.584400E+04,+2.920883E-01,+3.162500E-05,+9.910000E+37,+7.175078E+02,+3.584400E+04,+4.344457E-02,+0.000000E+00,+9.910000E+37,+7.175771E+02,+3.584400E+04
16:12:22,0e0,+2.940012E-01,+3.340500E-05,+9.910000E+37,+7.177988E+02,+3.584400E+04,+2.957323E-01,+3.340500E-05,+9.910000E+37,+7.178652E+02,+3.584400E+04,+2.941373E-01,+3.340500E-05,+9.910000E+37,+7.179316E+02,+3.584400E+04,+4.344431E-02,+0.000000E+00,+9.910000E+37,+7.180000E+02,+3.584400E+04
16:12:22,0e0,+2.980992E-01,+3.528500E-05,+9.910000E+37,+7.182188E+02,+3.584400E+04,+2.977356E-01,+3.528500E-05,+9.910000E+37,+7.182852E+02,+3.584400E+04,+2.990099E-01,+3.528500E-05,+9.910000E+37,+7.183525E+02,+3.584400E+04,+4.499236E-02,+0.000000E+00,+9.910000E+37,+7.184209E+02,+3.584400E+04
16:12:22,0e0,+3.009217E-01,+3.727500E-05,+9.910000E+37,+7.186455E+02,+3.584400E+04,+3.012419E-01,+3.727500E-05,+9.910000E+37,+7.187109E+02,+3.584400E+04,+3.013321E-01,+3.727500E-05,+9.910000E+37,+7.187773E+02,+3.584400E+04,+4.685956E-02,+0.000000E+00,+9.910000E+37,+7.188467E+02,+3.584400E+04
16:12:22,0e0,+3.056579E-01,+3.937500E-05,+9.910000E+37,+7.190684E+02,+3.584400E+04,+3.033808E-01,+3.937500E-05,+9.910000E+37,+7.191348E+02,+3.584400E+04,+3.049755E-01,+3.937500E-05,+9.910000E+37,+7.192021E+02,+3.584400E+04,+4.558429E-02,+0.000000E+00,+9.910000E+37,+7.192695E+02,+3.584400E+04
16:12:22,0e0,+3.071600E-01,+4.159500E-05,+9.910000E+37,+7.194990E+02,+3.584400E+04,+3.053380E-01,+4.159500E-05,+9.910000E+37,+7.195654E+02,+3.584400E+04,+3.077523E-01,+4.159500E-05,+9.910000E+37,+7.196328E+02,+3.584400E+04,+4.717785E-02,+0.000000E+00,+9.910000E+37,+7.196982E+02,+3.584400E+04
16:12:22,0e0,+3.084796E-01,+4.394000E-05,+9.910000E+37,+7.199248E+02,+3.584400E+04,+3.100285E-01,+4.394000E-05,+9.910000E+37,+7.199922E+02,+3.584400E+04,+3.092538E-01,+4.394000E-05,+9.910000E+37,+7.200576E+02,+3.584400E+04,+4.490128E-02,+0.000000E+00,+9.910000E+37,+7.201240E+02,+3.584400E+04
16:12:22,0e0,+3.142175E-01,+4.641500E-05,+9.910000E+37,+7.203477E+02,+3.584400E+04,+3.141266E-01,+4.641500E-05,+9.910000E+37,+7.204131E+02,+3.584400E+04,+3.128970E-01,+4.641500E-05,+9.910000E+37,+7.204795E+02,+3.584400E+04,+2.691652E-02,+0.000000E+00,+9.910000E+37,+7.205459E+02,+3.584400E+04
16:12:22,0e0,+3.159475E-01,+4.903000E-05,+9.910000E+37,+7.207725E+02,+3.584400E+04,+3.144900E-01,+4.903000E-05,+9.910000E+37,+7.208389E+02,+3.584400E+04,+3.159936E-01,+4.903000E-05,+9.910000E+37,+7.209063E+02,+3.584400E+04,+5.122960E-02,+0.000000E+00,+9.910000E+37,+7.209717E+02,+3.584400E+04
16:12:22,0e0,+3.187243E-01,+5.179500E-05,+9.910000E+37,+7.211914E+02,+3.584400E+04,+3.174488E-01,+5.179500E-05,+9.910000E+37,+7.212588E+02,+3.584400E+04,+3.180418E-01,+5.179500E-05,+9.910000E+37,+7.213242E+02,+3.584400E+04,+4.858926E-02,+0.000000E+00,+9.910000E+37,+7.213916E+02,+3.584400E+04
16:12:22,0e0,+3.211835E-01,+5.471500E-05,+9.910000E+37,+7.216172E+02,+3.584400E+04,+3.214565E-01,+5.471500E-05,+9.910000E+37,+7.216826E+02,+3.584400E+04,+3.215931E-01,+5.471500E-05,+9.910000E+37,+7.217490E+02,+3.584400E+04,-1.555261E-01,+0.000000E+00,+9.910000E+37,+7.218164E+02,+3.584400E+04
16:12:22,0e0,+3.248255E-01,+5.779500E-05,+9.910000E+37,+7.220459E+02,+3.584400E+04,+3.255550E-01,+5.779500E-05,+9.910000E+37,+7.221123E+02,+3.584400E+04,+3.251445E-01,+5.779500E-05,+9.910000E+37,+7.221787E+02,+3.584400E+04,-2.642567E-01,+0.000000E+00,+9.910000E+37,+7.222461E+02,+3.584400E+04
16:12:22,0e0,+3.274218E-01,+6.105500E-05,+9.910000E+37,+7.224697E+02,+3.584400E+04,+3.279226E-01,+6.105500E-05,+9.910000E+37,+7.225352E+02,+3.584400E+04,+3.286968E-01,+6.105500E-05,+9.910000E+37,+7.226025E+02,+3.584400E+04,-4.467565E-01,+0.000000E+00,+9.910000E+37,+7.226680E+02,+3.584400E+04
16:12:22,0e0,+3.310638E-01,+6.449500E-05,+9.910000E+37,+7.228848E+02,+3.584400E+04,+3.313364E-01,+6.449500E-05,+9.910000E+37,+7.229512E+02,+3.584400E+04,+3.322027E-01,+6.449500E-05,+9.910000E+37,+7.230186E+02,+3.584400E+04,-8.031496E-01,+0.000000E+00,+9.910000E+37,+7.230840E+02,+3.584400E+04
16:12:22,0e0,+3.342950E-01,+6.813000E-05,+9.910000E+37,+7.233096E+02,+3.584400E+04,+3.349339E-01,+6.813000E-05,+9.910000E+37,+7.233760E+02,+3.584400E+04,+3.336582E-01,+6.813000E-05,+9.910000E+37,+7.234424E+02,+3.584400E+04,-1.110275E+00,+0.000000E+00,+9.910000E+37,+7.235098E+02,+3.584400E+04
16:12:22,0e0,+3.393961E-01,+7.197000E-05,+9.910000E+37,+7.237334E+02,+3.584400E+04,+3.374380E-01,+7.197000E-05,+9.910000E+37,+7.237998E+02,+3.584400E+04,+3.368909E-01,+7.197000E-05,+9.910000E+37,+7.238662E+02,+3.584400E+04,-2.006839E+00,+0.000000E+00,+9.910000E+37,+7.239336E+02,+3.584400E+04
16:12:22,0e0,+3.416734E-01,+7.602500E-05,+9.910000E+37,+7.241523E+02,+3.584400E+04,+3.428115E-01,+7.602500E-05,+9.910000E+37,+7.242178E+02,+3.584400E+04,+3.420364E-01,+7.602500E-05,+9.910000E+37,+7.242842E+02,+3.584400E+04,-2.679687E+00,+0.000000E+00,+9.910000E+37,+7.243525E+02,+3.584400E+04
16:12:22,0e0,+3.444952E-01,+8.031000E-05,+9.910000E+37,+7.245742E+02,+3.584400E+04,+3.452241E-01,+8.031000E-05,+9.910000E+37,+7.246406E+02,+3.584400E+04,+3.449044E-01,+8.031000E-05,+9.910000E+37,+7.247080E+02,+3.584400E+04,-2.838055E+00,+0.000000E+00,+9.910000E+37,+7.247773E+02,+3.584400E+04
16:12:22,0e0,+3.482288E-01,+8.483500E-05,+9.910000E+37,+7.250000E+02,+3.584400E+04,+3.488203E-01,+8.483500E-05,+9.910000E+37,+7.250654E+02,+3.584400E+04,+3.479092E-01,+8.483500E-05,+9.910000E+37,+7.251328E+02,+3.584400E+04,-4.174694E+00,+0.000000E+00,+9.910000E+37,+7.252021E+02,+3.584400E+04
16:12:22,0e0,+3.512794E-01,+8.961500E-05,+9.910000E+37,+7.254209E+02,+3.584400E+04,+3.535101E-01,+8.961500E-05,+9.910000E+37,+7.254873E+02,+3.584400E+04,+3.532826E-01,+8.961500E-05,+9.910000E+37,+7.255547E+02,+3.584400E+04,-5.381899E+00,+0.000000E+00,+9.910000E+37,+7.256230E+02,+3.584400E+04
16:12:22,0e0,+3.546491E-01,+9.466500E-05,+9.910000E+37,+7.258584E+02,+3.584400E+04,+3.563797E-01,+9.466500E-05,+9.910000E+37,+7.259248E+02,+3.584400E+04,+3.557410E-01,+9.466500E-05,+9.910000E+37,+7.259922E+02,+3.584400E+04,-6.874860E+00,+0.000000E+00,+9.910000E+37,+7.260576E+02,+3.584400E+04
16:12:22,0e0,+3.587006E-01,+1.000000E-04,+9.910000E+37,+7.262754E+02,+3.584400E+04,+3.588828E-01,+1.000000E-04,+9.910000E+37,+7.263418E+02,+3.584400E+04,+3.592024E-01,+1.000000E-04,+9.910000E+37,+7.264092E+02,+3.584400E+04,-7.565598E+00,+0.000000E+00,+9.910000E+37,+7.264766E+02,+3.584400E+04
16:12:22,0e0,+3.515975E-01,+1.056500E-04,+9.910000E+37,+7.267061E+02,+3.584400E+04,+3.521903E-01,+1.056500E-04,+9.910000E+37,+7.267725E+02,+3.584400E+04,+3.515522E-01,+1.056500E-04,+9.910000E+37,+7.268398E+02,+3.584400E+04,-4.210846E-02,+0.000000E+00,+9.910000E+37,+7.269053E+02,+3.584400E+04
16:12:22,0e0,+3.556048E-01,+1.116000E-04,+9.910000E+37,+7.271377E+02,+3.584400E+04,+3.551950E-01,+1.116000E-04,+9.910000E+37,+7.272051E+02,+3.584400E+04,+3.547399E-01,+1.116000E-04,+9.910000E+37,+7.272705E+02,+3.584400E+04,-4.561435E-02,+0.000000E+00,+9.910000E+37,+7.273369E+02,+3.584400E+04
16:12:22,0e0,+3.577901E-01,+1.179000E-04,+9.910000E+37,+7.275674E+02,+3.584400E+04,+3.582914E-01,+1.179000E-04,+9.910000E+37,+7.276348E+02,+3.584400E+04,+3.582464E-01,+1.179000E-04,+9.910000E+37,+7.277002E+02,+3.584400E+04,-4.811861E-02,+0.000000E+00,+9.910000E+37,+7.277666E+02,+3.584400E+04
16:12:22,0e0,+3.622069E-01,+1.245000E-04,+9.910000E+37,+7.279873E+02,+3.584400E+04,+3.626160E-01,+1.245000E-04,+9.910000E+37,+7.280537E+02,+3.584400E+04,+3.610219E-01,+1.245000E-04,+9.910000E+37,+7.281211E+02,+3.584400E+04,-4.916587E-02,+0.000000E+00,+9.910000E+37,+7.281865E+02,+3.584400E+04
16:12:22,0e0,+3.647565E-01,+1.315500E-04,+9.910000E+37,+7.284170E+02,+3.584400E+04,+3.648022E-01,+1.315500E-04,+9.910000E+37,+7.284834E+02,+3.584400E+04,+3.645746E-01,+1.315500E-04,+9.910000E+37,+7.285508E+02,+3.584400E+04,-4.698004E-02,+0.000000E+00,+9.910000E+37,+7.286182E+02,+3.584400E+04
16:12:22,0e0,+3.687177E-01,+1.389500E-04,+9.910000E+37,+7.288477E+02,+3.584400E+04,+3.685806E-01,+1.389500E-04,+9.910000E+37,+7.289141E+02,+3.584400E+04,+3.681709E-01,+1.389500E-04,+9.910000E+37,+7.289814E+02,+3.584400E+04,-4.930238E-02,+0.000000E+00,+9.910000E+37,+7.290488E+02,+3.584400E+04
16:12:22,0e0,+3.717691E-01,+1.468000E-04,+9.910000E+37,+7.292793E+02,+3.584400E+04,+3.717231E-01,+1.468000E-04,+9.910000E+37,+7.293457E+02,+3.584400E+04,+3.703122E-01,+1.468000E-04,+9.910000E+37,+7.294131E+02,+3.584400E+04,-4.561424E-02,+0.000000E+00,+9.910000E+37,+7.294785E+02,+3.584400E+04
16:12:22,0e0,+3.738622E-01,+1.550500E-04,+9.910000E+37,+7.297080E+02,+3.584400E+04,+3.747736E-01,+1.550500E-04,+9.910000E+37,+7.297754E+02,+3.584400E+04,+3.751372E-01,+1.550500E-04,+9.910000E+37,+7.298408E+02,+3.584400E+04,-4.534116E-02,+0.000000E+00,+9.910000E+37,+7.299072E+02,+3.584400E+04
16:12:22,0e0,+3.788713E-01,+1.638000E-04,+9.910000E+37,+7.301387E+02,+3.584400E+04,+3.786900E-01,+1.638000E-04,+9.910000E+37,+7.302041E+02,+3.584400E+04,+3.779601E-01,+1.638000E-04,+9.910000E+37,+7.302705E+02,+3.584400E+04,-4.611532E-02,+0.000000E+00,+9.910000E+37,+7.303369E+02,+3.584400E+04
16:12:22,0e0,+3.818759E-01,+1.730000E-04,+9.910000E+37,+7.305723E+02,+3.584400E+04,+3.806922E-01,+1.730000E-04,+9.910000E+37,+7.306377E+02,+3.584400E+04,+3.810562E-01,+1.730000E-04,+9.910000E+37,+7.307041E+02,+3.584400E+04,-4.361096E-02,+0.000000E+00,+9.910000E+37,+7.307705E+02,+3.584400E+04
16:12:22,0e0,+3.861556E-01,+1.827500E-04,+9.910000E+37,+7.310059E+02,+3.584400E+04,+3.862478E-01,+1.827500E-04,+9.910000E+37,+7.310723E+02,+3.584400E+04,+3.847445E-01,+1.827500E-04,+9.910000E+37,+7.311387E+02,+3.584400E+04,-4.921119E-02,+0.000000E+00,+9.910000E+37,+7.312051E+02,+3.584400E+04
16:12:22,0e0,+3.870661E-01,+1.930500E-04,+9.910000E+37,+7.314346E+02,+3.584400E+04,+3.887955E-01,+1.930500E-04,+9.910000E+37,+7.315010E+02,+3.584400E+04,+3.883876E-01,+1.930500E-04,+9.910000E+37,+7.315674E+02,+3.584400E+04,-4.993963E-02,+0.000000E+00,+9.910000E+37,+7.316348E+02,+3.584400E+04
16:12:22,0e0,+3.916187E-01,+2.039500E-04,+9.910000E+37,+7.318701E+02,+3.584400E+04,+3.915281E-01,+2.039500E-04,+9.910000E+37,+7.319365E+02,+3.584400E+04,+3.923015E-01,+2.039500E-04,+9.910000E+37,+7.320039E+02,+3.584400E+04,-1.079007E-01,+0.000000E+00,+9.910000E+37,+7.320693E+02,+3.584400E+04
16:12:22,0e0,+3.948966E-01,+2.154500E-04,+9.910000E+37,+7.322979E+02,+3.584400E+04,+3.954895E-01,+2.154500E-04,+9.910000E+37,+7.323643E+02,+3.584400E+04,+3.952174E-01,+2.154500E-04,+9.910000E+37,+7.324316E+02,+3.584400E+04,-1.223797E-01,+0.000000E+00,+9.910000E+37,+7.324990E+02,+3.584400E+04
16:12:22,0e0,+3.996330E-01,+2.276000E-04,+9.910000E+37,+7.327266E+02,+3.584400E+04,+3.994966E-01,+2.276000E-04,+9.910000E+37,+7.327939E+02,+3.584400E+04,+3.998144E-01,+2.276000E-04,+9.910000E+37,+7.328594E+02,+3.584400E+04,-1.224706E-01,+0.000000E+00,+9.910000E+37,+7.329258E+02,+3.584400E+04
16:12:22,0e0,+4.032292E-01,+2.404000E-04,+9.910000E+37,+7.331592E+02,+3.584400E+04,+4.028654E-01,+2.404000E-04,+9.910000E+37,+7.332256E+02,+3.584400E+04,+4.040946E-01,+2.404000E-04,+9.910000E+37,+7.332920E+02,+3.584400E+04,-9.997850E-02,+0.000000E+00,+9.910000E+37,+7.333594E+02,+3.584400E+04
16:12:22,0e0,+4.073290E-01,+2.539500E-04,+9.910000E+37,+7.335928E+02,+3.584400E+04,+4.074186E-01,+2.539500E-04,+9.910000E+37,+7.336602E+02,+3.584400E+04,+4.075556E-01,+2.539500E-04,+9.910000E+37,+7.337256E+02,+3.584400E+04,-1.292550E-01,+0.000000E+00,+9.910000E+37,+7.337920E+02,+3.584400E+04
16:12:22,0e0,+4.109247E-01,+2.682500E-04,+9.910000E+37,+7.340313E+02,+3.584400E+04,+4.124267E-01,+2.682500E-04,+9.910000E+37,+7.340986E+02,+3.584400E+04,+4.118357E-01,+2.682500E-04,+9.910000E+37,+7.341641E+02,+3.584400E+04,-1.179176E-01,+0.000000E+00,+9.910000E+37,+7.342305E+02,+3.584400E+04
16:12:22,0e0,+4.151597E-01,+2.834000E-04,+9.910000E+37,+7.344561E+02,+3.584400E+04,+4.162061E-01,+2.834000E-04,+9.910000E+37,+7.345234E+02,+3.584400E+04,+4.147493E-01,+2.834000E-04,+9.910000E+37,+7.345889E+02,+3.584400E+04,-9.551628E-02,+0.000000E+00,+9.910000E+37,+7.346553E+02,+3.584400E+04
16:12:22,0e0,+4.188468E-01,+2.993500E-04,+9.910000E+37,+7.348828E+02,+3.584400E+04,+4.191653E-01,+2.993500E-04,+9.910000E+37,+7.349492E+02,+3.584400E+04,+4.188009E-01,+2.993500E-04,+9.910000E+37,+7.350166E+02,+3.584400E+04,-9.419602E-02,+0.000000E+00,+9.910000E+37,+7.350840E+02,+3.584400E+04
16:12:22,0e0,+4.229896E-01,+3.162500E-04,+9.910000E+37,+7.353105E+02,+3.584400E+04,+4.225799E-01,+3.162500E-04,+9.910000E+37,+7.353779E+02,+3.584400E+04,+4.233086E-01,+3.162500E-04,+9.910000E+37,+7.354434E+02,+3.584400E+04,-8.304121E-02,+0.000000E+00,+9.910000E+37,+7.355098E+02,+3.584400E+04
16:12:22,0e0,+4.290466E-01,+3.340500E-04,+9.910000E+37,+7.357471E+02,+3.584400E+04,+4.273161E-01,+3.340500E-04,+9.910000E+37,+7.358145E+02,+3.584400E+04,+4.268157E-01,+3.340500E-04,+9.910000E+37,+7.358799E+02,+3.584400E+04,-8.080998E-02,+0.000000E+00,+9.910000E+37,+7.359463E+02,+3.584400E+04
16:12:22,0e0,+4.333714E-01,+3.528500E-04,+9.910000E+37,+7.361719E+02,+3.584400E+04,+4.308668E-01,+3.528500E-04,+9.910000E+37,+7.362393E+02,+3.584400E+04,+4.314593E-01,+3.528500E-04,+9.910000E+37,+7.363047E+02,+3.584400E+04,-6.036644E-02,+0.000000E+00,+9.910000E+37,+7.363711E+02,+3.584400E+04
16:12:22,0e0,+4.348274E-01,+3.727500E-04,+9.910000E+37,+7.365996E+02,+3.584400E+04,+4.361483E-01,+3.727500E-04,+9.910000E+37,+7.366670E+02,+3.584400E+04,+4.352831E-01,+3.727500E-04,+9.910000E+37,+7.367324E+02,+3.584400E+04,-4.834598E-02,+0.000000E+00,+9.910000E+37,+7.367988E+02,+3.584400E+04
16:12:22,0e0,+4.406567E-01,+3.937500E-04,+9.910000E+37,+7.370273E+02,+3.584400E+04,+4.398377E-01,+3.937500E-04,+9.910000E+37,+7.370947E+02,+3.584400E+04,+4.401560E-01,+3.937500E-04,+9.910000E+37,+7.371602E+02,+3.584400E+04,-4.584230E-02,+0.000000E+00,+9.910000E+37,+7.372266E+02,+3.584400E+04
16:12:22,0e0,+4.456186E-01,+4.159500E-04,+9.910000E+37,+7.374551E+02,+3.584400E+04,+4.444348E-01,+4.159500E-04,+9.910000E+37,+7.375215E+02,+3.584400E+04,+4.430680E-01,+4.159500E-04,+9.910000E+37,+7.375889E+02,+3.584400E+04,-4.529566E-02,+0.000000E+00,+9.910000E+37,+7.376563E+02,+3.584400E+04
16:12:22,0e0,+4.482594E-01,+4.394000E-04,+9.910000E+37,+7.378877E+02,+3.584400E+04,+4.491256E-01,+4.394000E-04,+9.910000E+37,+7.379541E+02,+3.584400E+04,+4.478030E-01,+4.394000E-04,+9.910000E+37,+7.380215E+02,+3.584400E+04,-4.538691E-02,+0.000000E+00,+9.910000E+37,+7.380879E+02,+3.584400E+04
16:12:22,0e0,+4.520837E-01,+4.641500E-04,+9.910000E+37,+7.383135E+02,+3.584400E+04,+4.534046E-01,+4.641500E-04,+9.910000E+37,+7.383809E+02,+3.584400E+04,+4.525860E-01,+4.641500E-04,+9.910000E+37,+7.384463E+02,+3.584400E+04,-4.729925E-02,+0.000000E+00,+9.910000E+37,+7.385127E+02,+3.584400E+04
16:12:22,0e0,+4.575013E-01,+4.903000E-04,+9.910000E+37,+7.387344E+02,+3.584400E+04,+4.577764E-01,+4.903000E-04,+9.910000E+37,+7.388008E+02,+3.584400E+04,+4.575480E-01,+4.903000E-04,+9.910000E+37,+7.388682E+02,+3.584400E+04,-4.934813E-02,+0.000000E+00,+9.910000E+37,+7.389336E+02,+3.584400E+04
16:12:22,0e0,+4.625114E-01,+5.179500E-04,+9.910000E+37,+7.391611E+02,+3.584400E+04,+4.636956E-01,+5.179500E-04,+9.910000E+37,+7.392275E+02,+3.584400E+04,+4.638770E-01,+5.179500E-04,+9.910000E+37,+7.392939E+02,+3.584400E+04,-4.943930E-02,+0.000000E+00,+9.910000E+37,+7.393613E+02,+3.584400E+04
16:12:22,0e0,+4.680201E-01,+5.471500E-04,+9.910000E+37,+7.395869E+02,+3.584400E+04,+4.681574E-01,+5.471500E-04,+9.910000E+37,+7.396523E+02,+3.584400E+04,+4.676099E-01,+5.471500E-04,+9.910000E+37,+7.397188E+02,+3.584400E+04,-5.053155E-02,+0.000000E+00,+9.910000E+37,+7.397852E+02,+3.584400E+04
16:12:22,0e0,+4.722081E-01,+5.779500E-04,+9.910000E+37,+7.400146E+02,+3.584400E+04,+4.727104E-01,+5.779500E-04,+9.910000E+37,+7.400820E+02,+3.584400E+04,+4.724831E-01,+5.779500E-04,+9.910000E+37,+7.401494E+02,+3.584400E+04,-8.131066E-02,+0.000000E+00,+9.910000E+37,+7.402158E+02,+3.584400E+04
16:12:22,0e0,+4.767611E-01,+6.105500E-04,+9.910000E+37,+7.404492E+02,+3.584400E+04,+4.771258E-01,+6.105500E-04,+9.910000E+37,+7.405166E+02,+3.584400E+04,+4.775825E-01,+6.105500E-04,+9.910000E+37,+7.405820E+02,+3.584400E+04,-1.030289E-01,+0.000000E+00,+9.910000E+37,+7.406484E+02,+3.584400E+04
16:12:22,0e0,+4.839103E-01,+6.449500E-04,+9.910000E+37,+7.408789E+02,+3.584400E+04,+4.811323E-01,+6.449500E-04,+9.910000E+37,+7.409453E+02,+3.584400E+04,+4.826817E-01,+6.449500E-04,+9.910000E+37,+7.410127E+02,+3.584400E+04,-1.026649E-01,+0.000000E+00,+9.910000E+37,+7.410801E+02,+3.584400E+04
16:12:22,0e0,+4.878258E-01,+6.813000E-04,+9.910000E+37,+7.413047E+02,+3.584400E+04,+4.883263E-01,+6.813000E-04,+9.910000E+37,+7.413711E+02,+3.584400E+04,+4.865955E-01,+6.813000E-04,+9.910000E+37,+7.414375E+02,+3.584400E+04,-3.118396E-01,+0.000000E+00,+9.910000E+37,+7.415039E+02,+3.584400E+04
16:12:22,0e0,+4.933344E-01,+7.197000E-04,+9.910000E+37,+7.417285E+02,+3.584400E+04,+4.931526E-01,+7.197000E-04,+9.910000E+37,+7.417959E+02,+3.584400E+04,+4.924232E-01,+7.197000E-04,+9.910000E+37,+7.418613E+02,+3.584400E+04,-3.851033E-01,+0.000000E+00,+9.910000E+37,+7.419277E+02,+3.584400E+04
16:12:22,0e0,+4.987540E-01,+7.602500E-04,+9.910000E+37,+7.421553E+02,+3.584400E+04,+4.985270E-01,+7.602500E-04,+9.910000E+37,+7.422227E+02,+3.584400E+04,+4.966567E-01,+7.602500E-04,+9.910000E+37,+7.422881E+02,+3.584400E+04,-5.607270E-01,+0.000000E+00,+9.910000E+37,+7.423545E+02,+3.584400E+04
16:12:22,0e0,+5.043079E-01,+8.031000E-04,+9.910000E+37,+7.425898E+02,+3.584400E+04,+5.024401E-01,+8.031000E-04,+9.910000E+37,+7.426572E+02,+3.584400E+04,+5.035345E-01,+8.031000E-04,+9.910000E+37,+7.427227E+02,+3.584400E+04,-7.172728E-01,+0.000000E+00,+9.910000E+37,+7.427891E+02,+3.584400E+04
16:12:22,0e0,+5.102734E-01,+8.483500E-04,+9.910000E+37,+7.430166E+02,+3.584400E+04,+5.099067E-01,+8.483500E-04,+9.910000E+37,+7.430820E+02,+3.584400E+04,+5.097720E-01,+8.483500E-04,+9.910000E+37,+7.431494E+02,+3.584400E+04,-6.500639E-01,+0.000000E+00,+9.910000E+37,+7.432148E+02,+3.584400E+04
16:12:22,0e0,+5.156910E-01,+8.961500E-04,+9.910000E+37,+7.434424E+02,+3.584400E+04,+5.149620E-01,+8.961500E-04,+9.910000E+37,+7.435098E+02,+3.584400E+04,+5.148252E-01,+8.961500E-04,+9.910000E+37,+7.435771E+02,+3.584400E+04,-8.858387E-01,+0.000000E+00,+9.910000E+37,+7.436426E+02,+3.584400E+04
16:12:22,0e0,+5.212919E-01,+9.466500E-04,+9.910000E+37,+7.438691E+02,+3.584400E+04,+5.209262E-01,+9.466500E-04,+9.910000E+37,+7.439355E+02,+3.584400E+04,+5.205154E-01,+9.466500E-04,+9.910000E+37,+7.440029E+02,+3.584400E+04,-1.058413E+00,+0.000000E+00,+9.910000E+37,+7.440693E+02,+3.584400E+04
16:12:22,0e0,+5.272557E-01,+1.000000E-03,+9.910000E+37,+7.442998E+02,+3.584400E+04,+5.265710E-01,+1.000000E-03,+9.910000E+37,+7.443652E+02,+3.584400E+04,+5.272540E-01,+1.000000E-03,+9.910000E+37,+7.444326E+02,+3.584400E+04,-1.376327E+00,+0.000000E+00,+9.910000E+37,+7.444980E+02,+3.584400E+04
16:12:22,0e0,+5.222014E-01,+1.056500E-03,+9.910000E+37,+7.447334E+02,+3.584400E+04,+5.211090E-01,+1.056500E-03,+9.910000E+37,+7.448008E+02,+3.584400E+04,+5.195140E-01,+1.056500E-03,+9.910000E+37,+7.448662E+02,+3.584400E+04,-1.754212E+00,+0.000000E+00,+9.910000E+37,+7.449336E+02,+3.584400E+04
16:12:22,0e0,+5.275748E-01,+1.116000E-03,+9.910000E+37,+7.451562E+02,+3.584400E+04,+5.269371E-01,+1.116000E-03,+9.910000E+37,+7.452217E+02,+3.584400E+04,+5.269371E-01,+1.116000E-03,+9.910000E+37,+7.452881E+02,+3.584400E+04,-1.725617E+00,+0.000000E+00,+9.910000E+37,+7.453555E+02,+3.584400E+04
16:12:22,0e0,+5.334018E-01,+1.179000E-03,+9.910000E+37,+7.455850E+02,+3.584400E+04,+5.328556E-01,+1.179000E-03,+9.910000E+37,+7.456523E+02,+3.584400E+04,+5.326750E-01,+1.179000E-03,+9.910000E+37,+7.457178E+02,+3.584400E+04,-1.762589E+00,+0.000000E+00,+9.910000E+37,+7.457852E+02,+3.584400E+04
16:12:22,0e0,+5.378180E-01,+1.245000E-03,+9.910000E+37,+7.460137E+02,+3.584400E+04,+5.394576E-01,+1.245000E-03,+9.910000E+37,+7.460791E+02,+3.584400E+04,+5.386837E-01,+1.245000E-03,+9.910000E+37,+7.461465E+02,+3.584400E+04,-1.762589E+00,+0.000000E+00,+9.910000E+37,+7.462139E+02,+3.584400E+04
16:12:22,0e0,+5.443749E-01,+1.315500E-03,+9.910000E+37,+7.464365E+02,+3.584400E+04,+5.449215E-01,+1.315500E-03,+9.910000E+37,+7.465039E+02,+3.584400E+04,+5.441918E-01,+1.315500E-03,+9.910000E+37,+7.465693E+02,+3.584400E+04,-1.774700E+00,+0.000000E+00,+9.910000E+37,+7.466357E+02,+3.584400E+04
16:12:22,0e0,+5.512958E-01,+1.389500E-03,+9.910000E+37,+7.468623E+02,+3.584400E+04,+5.505233E-01,+1.389500E-03,+9.910000E+37,+7.469287E+02,+3.584400E+04,+5.502483E-01,+1.389500E-03,+9.910000E+37,+7.469961E+02,+3.584400E+04,-1.757490E+00,+0.000000E+00,+9.910000E+37,+7.470635E+02,+3.584400E+04
16:12:22,0e0,+5.584902E-01,+1.468000E-03,+9.910000E+37,+7.472871E+02,+3.584400E+04,+5.565767E-01,+1.468000E-03,+9.910000E+37,+7.473545E+02,+3.584400E+04,+5.577166E-01,+1.468000E-03,+9.910000E+37,+7.474199E+02,+3.584400E+04,-1.735950E+00,+0.000000E+00,+9.910000E+37,+7.474873E+02,+3.584400E+04
16:12:22,0e0,+5.633156E-01,+1.550500E-03,+9.910000E+37,+7.477139E+02,+3.584400E+04,+5.634508E-01,+1.550500E-03,+9.910000E+37,+7.477803E+02,+3.584400E+04,+5.631338E-01,+1.550500E-03,+9.910000E+37,+7.478467E+02,+3.584400E+04,-1.771788E+00,+0.000000E+00,+9.910000E+37,+7.479141E+02,+3.584400E+04
16:12:22,0e0,+5.694153E-01,+1.638000E-03,+9.910000E+37,+7.481367E+02,+3.584400E+04,+5.718302E-01,+1.638000E-03,+9.910000E+37,+7.482031E+02,+3.584400E+04,+5.709648E-01,+1.638000E-03,+9.910000E+37,+7.482705E+02,+3.584400E+04,-1.774747E+00,+0.000000E+00,+9.910000E+37,+7.483369E+02,+3.584400E+04
16:12:22,0e0,+5.767013E-01,+1.730000E-03,+9.910000E+37,+7.485654E+02,+3.584400E+04,+5.764731E-01,+1.730000E-03,+9.910000E+37,+7.486328E+02,+3.584400E+04,+5.768837E-01,+1.730000E-03,+9.910000E+37,+7.486982E+02,+3.584400E+04,-1.803661E+00,+0.000000E+00,+9.910000E+37,+7.487646E+02,+3.584400E+04
16:12:22,0e0,+5.838497E-01,+1.827500E-03,+9.910000E+37,+7.489922E+02,+3.584400E+04,+5.821186E-01,+1.827500E-03,+9.910000E+37,+7.490596E+02,+3.584400E+04,+5.840778E-01,+1.827500E-03,+9.910000E+37,+7.491270E+02,+3.584400E+04,-1.741826E+00,+0.000000E+00,+9.910000E+37,+7.491943E+02,+3.584400E+04
16:12:22,0e0,+5.915905E-01,+1.930500E-03,+9.910000E+37,+7.494229E+02,+3.584400E+04,+5.906785E-01,+1.930500E-03,+9.910000E+37,+7.494893E+02,+3.584400E+04,+5.908162E-01,+1.930500E-03,+9.910000E+37,+7.495557E+02,+3.584400E+04,-1.773290E+00,+0.000000E+00,+9.910000E+37,+7.496221E+02,+3.584400E+04
16:12:22,0e0,+5.983287E-01,+2.039500E-03,+9.910000E+37,+7.498545E+02,+3.584400E+04,+5.969619E-01,+2.039500E-03,+9.910000E+37,+7.499219E+02,+3.584400E+04,+5.978751E-01,+2.039500E-03,+9.910000E+37,+7.499873E+02,+3.584400E+04,-1.746653E+00,+0.000000E+00,+9.910000E+37,+7.500537E+02,+3.584400E+04
16:12:22,0e0,+6.055698E-01,+2.154500E-03,+9.910000E+37,+7.502813E+02,+3.584400E+04,+6.059330E-01,+2.154500E-03,+9.910000E+37,+7.503467E+02,+3.584400E+04,+6.051131E-01,+2.154500E-03,+9.910000E+37,+7.504141E+02,+3.584400E+04,-1.782533E+00,+0.000000E+00,+9.910000E+37,+7.504805E+02,+3.584400E+04
16:12:22,0e0,+6.129894E-01,+2.276000E-03,+9.910000E+37,+7.507100E+02,+3.584400E+04,+6.129887E-01,+2.276000E-03,+9.910000E+37,+7.507773E+02,+3.584400E+04,+6.134905E-01,+2.276000E-03,+9.910000E+37,+7.508428E+02,+3.584400E+04,-1.794964E+00,+0.000000E+00,+9.910000E+37,+7.509092E+02,+3.584400E+04
16:12:22,0e0,+6.208661E-01,+2.404000E-03,+9.910000E+37,+7.511465E+02,+3.584400E+04,+6.209574E-01,+2.404000E-03,+9.910000E+37,+7.512119E+02,+3.584400E+04,+6.212307E-01,+2.404000E-03,+9.910000E+37,+7.512783E+02,+3.584400E+04,-1.731671E+00,+0.000000E+00,+9.910000E+37,+7.513457E+02,+3.584400E+04
16:12:22,0e0,+6.309289E-01,+2.539500E-03,+9.910000E+37,+7.515742E+02,+3.584400E+04,+6.281043E-01,+2.539500E-03,+9.910000E+37,+7.516416E+02,+3.584400E+04,+6.302460E-01,+2.539500E-03,+9.910000E+37,+7.517070E+02,+3.584400E+04,-1.739823E+00,+0.000000E+00,+9.910000E+37,+7.517734E+02,+3.584400E+04
16:12:22,0e0,+6.388977E-01,+2.682500E-03,+9.910000E+37,+7.519971E+02,+3.584400E+04,+6.369845E-01,+2.682500E-03,+9.910000E+37,+7.520635E+02,+3.584400E+04,+6.371198E-01,+2.682500E-03,+9.910000E+37,+7.521299E+02,+3.584400E+04,-1.778937E+00,+0.000000E+00,+9.910000E+37,+7.521973E+02,+3.584400E+04
16:12:22,0e0,+6.474104E-01,+2.834000E-03,+9.910000E+37,+7.524248E+02,+3.584400E+04,+6.469102E-01,+2.834000E-03,+9.910000E+37,+7.524922E+02,+3.584400E+04,+6.463633E-01,+2.834000E-03,+9.910000E+37,+7.525576E+02,+3.584400E+04,-1.805756E+00,+0.000000E+00,+9.910000E+37,+7.526240E+02,+3.584400E+04
16:12:22,0e0,+6.563358E-01,+2.993500E-03,+9.910000E+37,+7.528477E+02,+3.584400E+04,+6.563801E-01,+2.993500E-03,+9.910000E+37,+7.529141E+02,+3.584400E+04,+6.565622E-01,+2.993500E-03,+9.910000E+37,+7.529814E+02,+3.584400E+04,-1.799106E+00,+0.000000E+00,+9.910000E+37,+7.530488E+02,+3.584400E+04
16:12:22,0e0,+6.651224E-01,+3.162500E-03,+9.910000E+37,+7.532773E+02,+3.584400E+04,+6.648494E-01,+3.162500E-03,+9.910000E+37,+7.533437E+02,+3.584400E+04,+6.650767E-01,+3.162500E-03,+9.910000E+37,+7.534111E+02,+3.584400E+04,-1.829705E+00,+0.000000E+00,+9.910000E+37,+7.534766E+02,+3.584400E+04
16:12:22,0e0,+6.725423E-01,+3.340500E-03,+9.910000E+37,+7.537031E+02,+3.584400E+04,+6.732721E-01,+3.340500E-03,+9.910000E+37,+7.537695E+02,+3.584400E+04,+6.739565E-01,+3.340500E-03,+9.910000E+37,+7.538369E+02,+3.584400E+04,-1.754166E+00,+0.000000E+00,+9.910000E+37,+7.539043E+02,+3.584400E+04
16:12:22,0e0,+6.831524E-01,+3.528500E-03,+9.910000E+37,+7.541396E+02,+3.584400E+04,+6.831071E-01,+3.528500E-03,+9.910000E+37,+7.542061E+02,+3.584400E+04,+6.836077E-01,+3.528500E-03,+9.910000E+37,+7.542734E+02,+3.584400E+04,-1.790365E+00,+0.000000E+00,+9.910000E+37,+7.543408E+02,+3.584400E+04
16:12:22,0e0,+6.941705E-01,+3.727500E-03,+9.910000E+37,+7.545635E+02,+3.584400E+04,+6.918945E-01,+3.727500E-03,+9.910000E+37,+7.546299E+02,+3.584400E+04,+6.921220E-01,+3.727500E-03,+9.910000E+37,+7.546963E+02,+3.584400E+04,-1.796875E+00,+0.000000E+00,+9.910000E+37,+7.547627E+02,+3.584400E+04
16:12:22,0e0,+7.017287E-01,+3.937500E-03,+9.910000E+37,+7.549893E+02,+3.584400E+04,+7.022298E-01,+3.937500E-03,+9.910000E+37,+7.550566E+02,+3.584400E+04,+7.007708E-01,+3.937500E-03,+9.910000E+37,+7.551240E+02,+3.584400E+04,-1.770376E+00,+0.000000E+00,+9.910000E+37,+7.551895E+02,+3.584400E+04
16:12:22,0e0,+7.117451E-01,+4.159500E-03,+9.910000E+37,+7.554160E+02,+3.584400E+04,+7.117001E-01,+4.159500E-03,+9.910000E+37,+7.554824E+02,+3.584400E+04,+7.113361E-01,+4.159500E-03,+9.910000E+37,+7.555488E+02,+3.584400E+04,-1.738365E+00,+0.000000E+00,+9.910000E+37,+7.556162E+02,+3.584400E+04
16:12:22,0e0,+7.224916E-01,+4.394000E-03,+9.910000E+37,+7.558477E+02,+3.584400E+04,+7.218546E-01,+4.394000E-03,+9.910000E+37,+7.559141E+02,+3.584400E+04,+7.217171E-01,+4.394000E-03,+9.910000E+37,+7.559805E+02,+3.584400E+04,-1.718466E+00,+0.000000E+00,+9.910000E+37,+7.560479E+02,+3.584400E+04
16:12:22,0e0,+7.328714E-01,+4.641500E-03,+9.910000E+37,+7.562822E+02,+3.584400E+04,+7.325074E-01,+4.641500E-03,+9.910000E+37,+7.563486E+02,+3.584400E+04,+7.307758E-01,+4.641500E-03,+9.910000E+37,+7.564150E+02,+3.584400E+04,-1.758578E+00,+0.000000E+00,+9.910000E+37,+7.564824E+02,+3.584400E+04
16:12:22,0e0,+7.439355E-01,+4.903000E-03,+9.910000E+37,+7.567080E+02,+3.584400E+04,+7.427977E-01,+4.903000E-03,+9.910000E+37,+7.567744E+02,+3.584400E+04,+7.427967E-01,+4.903000E-03,+9.910000E+37,+7.568418E+02,+3.584400E+04,-1.710407E+00,+0.000000E+00,+9.910000E+37,+7.569072E+02,+3.584400E+04
16:12:22,0e0,+7.534050E-01,+5.179500E-03,+9.910000E+37,+7.571475E+02,+3.584400E+04,+7.542715E-01,+5.179500E-03,+9.910000E+37,+7.572148E+02,+3.584400E+04,+7.545908E-01,+5.179500E-03,+9.910000E+37,+7.572803E+02,+3.584400E+04,-1.711818E+00,+0.000000E+00,+9.910000E+37,+7.573467E+02,+3.584400E+04
16:12:22,0e0,+7.650625E-01,+5.471500E-03,+9.910000E+37,+7.575693E+02,+3.584400E+04,+7.652895E-01,+5.471500E-03,+9.910000E+37,+7.576357E+02,+3.584400E+04,+7.644235E-01,+5.471500E-03,+9.910000E+37,+7.577031E+02,+3.584400E+04,-1.754484E+00,+0.000000E+00,+9.910000E+37,+7.577705E+02,+3.584400E+04
16:12:22,0e0,+7.769913E-01,+5.779500E-03,+9.910000E+37,+7.579971E+02,+3.584400E+04,+7.759435E-01,+5.779500E-03,+9.910000E+37,+7.580645E+02,+3.584400E+04,+7.760352E-01,+5.779500E-03,+9.910000E+37,+7.581318E+02,+3.584400E+04,-1.715325E+00,+0.000000E+00,+9.910000E+37,+7.581973E+02,+3.584400E+04
16:12:22,0e0,+7.877835E-01,+6.105500E-03,+9.910000E+37,+7.584209E+02,+3.584400E+04,+7.869619E-01,+6.105500E-03,+9.910000E+37,+7.584873E+02,+3.584400E+04,+7.864136E-01,+6.105500E-03,+9.910000E+37,+7.585537E+02,+3.584400E+04,-1.742781E+00,+0.000000E+00,+9.910000E+37,+7.586201E+02,+3.584400E+04
16:12:22,0e0,+7.987081E-01,+6.449500E-03,+9.910000E+37,+7.588457E+02,+3.584400E+04,+7.993915E-01,+6.449500E-03,+9.910000E+37,+7.589121E+02,+3.584400E+04,+7.992115E-01,+6.449500E-03,+9.910000E+37,+7.589795E+02,+3.584400E+04,-1.784718E+00,+0.000000E+00,+9.910000E+37,+7.590459E+02,+3.584400E+04
16:12:22,0e0,+8.112322E-01,+6.813000E-03,+9.910000E+37,+7.592666E+02,+3.584400E+04,+8.104085E-01,+6.813000E-03,+9.910000E+37,+7.593330E+02,+3.584400E+04,+8.105927E-01,+6.813000E-03,+9.910000E+37,+7.593994E+02,+3.584400E+04,-1.745968E+00,+0.000000E+00,+9.910000E+37,+7.594668E+02,+3.584400E+04
16:12:22,0e0,+8.246635E-01,+7.197000E-03,+9.910000E+37,+7.596914E+02,+3.584400E+04,+8.235250E-01,+7.197000E-03,+9.910000E+37,+7.597578E+02,+3.584400E+04,+8.238419E-01,+7.197000E-03,+9.910000E+37,+7.598242E+02,+3.584400E+04,-1.730352E+00,+0.000000E+00,+9.910000E+37,+7.598916E+02,+3.584400E+04
16:12:22,0e0,+8.376839E-01,+7.602500E-03,+9.910000E+37,+7.601211E+02,+3.584400E+04,+8.362288E-01,+7.602500E-03,+9.910000E+37,+7.601875E+02,+3.584400E+04,+8.364092E-01,+7.602500E-03,+9.910000E+37,+7.602549E+02,+3.584400E+04,-1.731669E+00,+0.000000E+00,+9.910000E+37,+7.603223E+02,+3.584400E+04
16:12:22,0e0,+8.494304E-01,+8.031000E-03,+9.910000E+37,+7.605518E+02,+3.584400E+04,+8.488388E-01,+8.031000E-03,+9.910000E+37,+7.606191E+02,+3.584400E+04,+8.496135E-01,+8.031000E-03,+9.910000E+37,+7.606865E+02,+3.584400E+04,-1.659136E+00,+0.000000E+00,+9.910000E+37,+7.607520E+02,+3.584400E+04
16:12:22,0e0,+8.630446E-01,+8.483500E-03,+9.910000E+37,+7.609854E+02,+3.584400E+04,+8.597180E-01,+8.483500E-03,+9.910000E+37,+7.610508E+02,+3.584400E+04,+8.618598E-01,+8.483500E-03,+9.910000E+37,+7.611172E+02,+3.584400E+04,-1.689416E+00,+0.000000E+00,+9.910000E+37,+7.611846E+02,+3.584400E+04
16:12:22,0e0,+8.758385E-01,+8.961500E-03,+9.910000E+37,+7.614121E+02,+3.584400E+04,+8.752012E-01,+8.961500E-03,+9.910000E+37,+7.614785E+02,+3.584400E+04,+8.754765E-01,+8.961500E-03,+9.910000E+37,+7.615449E+02,+3.584400E+04,-1.712546E+00,+0.000000E+00,+9.910000E+37,+7.616113E+02,+3.584400E+04
16:12:22,0e0,+8.893162E-01,+9.466500E-03,+9.910000E+37,+7.618350E+02,+3.584400E+04,+8.887243E-01,+9.466500E-03,+9.910000E+37,+7.619023E+02,+3.584400E+04,+8.894516E-01,+9.466500E-03,+9.910000E+37,+7.619697E+02,+3.584400E+04,-1.695289E+00,+0.000000E+00,+9.910000E+37,+7.620352E+02,+3.584400E+04
