13:26:44,0e0,-1.741313E+00,+1.000000E-07,+9.910000E+37,+7.427656E+02,+3.584400E+04,+1.531130E-01,+1.000000E-07,+9.910000E+37,+7.428330E+02,+3.584400E+04,+1.529765E-01,+1.000000E-07,+9.910000E+37,+7.428994E+02,+3.584400E+04,+5.527118E-02,+0.000000E+00,+9.910000E+37,+7.429658E+02,+3.584400E+04
13:26:44,0e0,-1.913923E+00,+1.056500E-07,+9.910000E+37,+7.431895E+02,+3.584400E+04,+1.547979E-01,+1.056500E-07,+9.910000E+37,+7.432559E+02,+3.584400E+04,+1.554815E-01,+1.056500E-07,+9.910000E+37,+7.433232E+02,+3.584400E+04,+5.900437E-02,+0.000000E+00,+9.910000E+37,+7.433906E+02,+3.584400E+04
13:26:44,0e0,-1.964510E+00,+1.116000E-07,+9.910000E+37,+7.436162E+02,+3.584400E+04,+1.557085E-01,+1.116000E-07,+9.910000E+37,+7.436826E+02,+3.584400E+04,+1.556174E-01,+1.116000E-07,+9.910000E+37,+7.437490E+02,+3.584400E+04,+5.586332E-02,+0.000000E+00,+9.910000E+37,+7.438154E+02,+3.584400E+04
13:26:44,0e0,-1.550670E+00,+1.179000E-07,+9.910000E+37,+7.440410E+02,+3.584400E+04,+1.580305E-01,+1.179000E-07,+9.910000E+37,+7.441074E+02,+3.584400E+04,+1.575297E-01,+1.179000E-07,+9.910000E+37,+7.441748E+02,+3.584400E+04,+5.864042E-02,+0.000000E+00,+9.910000E+37,+7.442422E+02,+3.584400E+04
13:26:44,0e0,-1.437708E+00,+1.245000E-07,+9.910000E+37,+7.444658E+02,+3.584400E+04,+1.591685E-01,+1.245000E-07,+9.910000E+37,+7.445322E+02,+3.584400E+04,+1.595339E-01,+1.245000E-07,+9.910000E+37,+7.445986E+02,+3.584400E+04,+5.595419E-02,+0.000000E+00,+9.910000E+37,+7.446650E+02,+3.584400E+04
13:26:44,0e0,-1.403056E+00,+1.315500E-07,+9.910000E+37,+7.448896E+02,+3.584400E+04,+1.602609E-01,+1.315500E-07,+9.910000E+37,+7.449561E+02,+3.584400E+04,+1.608081E-01,+1.315500E-07,+9.910000E+37,+7.450225E+02,+3.584400E+04,+5.900463E-02,+0.000000E+00,+9.910000E+37,+7.450889E+02,+3.584400E+04
13:26:44,0e0,-1.144433E+00,+1.389500E-07,+9.910000E+37,+7.453125E+02,+3.584400E+04,+1.627197E-01,+1.389500E-07,+9.910000E+37,+7.453789E+02,+3.584400E+04,+1.628110E-01,+1.389500E-07,+9.910000E+37,+7.454453E+02,+3.584400E+04,+5.599979E-02,+0.000000E+00,+9.910000E+37,+7.455117E+02,+3.584400E+04
13:26:44,0e0,-9.864831E-01,+1.468000E-07,+9.910000E+37,+7.457402E+02,+3.584400E+04,+1.649963E-01,+1.468000E-07,+9.910000E+37,+7.458076E+02,+3.584400E+04,+1.634482E-01,+1.468000E-07,+9.910000E+37,+7.458740E+02,+3.584400E+04,+5.631804E-02,+0.000000E+00,+9.910000E+37,+7.459414E+02,+3.584400E+04
13:26:44,0e0,-6.097981E-01,+1.550500E-07,+9.910000E+37,+7.461650E+02,+3.584400E+04,+1.657251E-01,+1.550500E-07,+9.910000E+37,+7.462314E+02,+3.584400E+04,+1.655881E-01,+1.550500E-07,+9.910000E+37,+7.462979E+02,+3.584400E+04,+5.668250E-02,+0.000000E+00,+9.910000E+37,+7.463643E+02,+3.584400E+04
13:26:44,0e0,-6.745438E-01,+1.638000E-07,+9.910000E+37,+7.465879E+02,+3.584400E+04,+1.675003E-01,+1.638000E-07,+9.910000E+37,+7.466543E+02,+3.584400E+04,+1.666355E-01,+1.638000E-07,+9.910000E+37,+7.467207E+02,+3.584400E+04,+5.918694E-02,+0.000000E+00,+9.910000E+37,+7.467871E+02,+3.584400E+04
13:26:44,0e0,-5.496039E-01,+1.730000E-07,+9.910000E+37,+7.470127E+02,+3.584400E+04,+1.680920E-01,+1.730000E-07,+9.910000E+37,+7.470791E+02,+3.584400E+04,+1.680925E-01,+1.730000E-07,+9.910000E+37,+7.471455E+02,+3.584400E+04,+5.732021E-02,+0.000000E+00,+9.910000E+37,+7.472119E+02,+3.584400E+04
13:26:44,0e0,-3.306405E-01,+1.827500E-07,+9.910000E+37,+7.474355E+02,+3.584400E+04,+1.697312E-01,+1.827500E-07,+9.910000E+37,+7.475020E+02,+3.584400E+04,+1.700503E-01,+1.827500E-07,+9.910000E+37,+7.475684E+02,+3.584400E+04,+5.918661E-02,+0.000000E+00,+9.910000E+37,+7.476348E+02,+3.584400E+04
13:26:44,0e0,-2.227299E-01,+1.930500E-07,+9.910000E+37,+7.478594E+02,+3.584400E+04,+1.714161E-01,+1.930500E-07,+9.910000E+37,+7.479258E+02,+3.584400E+04,+1.722813E-01,+1.930500E-07,+9.910000E+37,+7.479922E+02,+3.584400E+04,+5.413267E-02,+0.000000E+00,+9.910000E+37,+7.480596E+02,+3.584400E+04
13:26:44,0e0,-1.693821E-02,+2.039500E-07,+9.910000E+37,+7.482803E+02,+3.584400E+04,+1.739205E-01,+2.039500E-07,+9.910000E+37,+7.483467E+02,+3.584400E+04,+1.746491E-01,+2.039500E-07,+9.910000E+37,+7.484131E+02,+3.584400E+04,+5.640930E-02,+0.000000E+00,+9.910000E+37,+7.484795E+02,+3.584400E+04
13:26:44,0e0,+5.545315E-02,+2.154500E-07,+9.910000E+37,+7.487061E+02,+3.584400E+04,+1.749675E-01,+2.154500E-07,+9.910000E+37,+7.487725E+02,+3.584400E+04,+1.751496E-01,+2.154500E-07,+9.910000E+37,+7.488389E+02,+3.584400E+04,+5.385989E-02,+0.000000E+00,+9.910000E+37,+7.489053E+02,+3.584400E+04
13:26:44,0e0,+1.341279E-01,+2.276000E-07,+9.910000E+37,+7.491299E+02,+3.584400E+04,+1.763791E-01,+2.276000E-07,+9.910000E+37,+7.491973E+02,+3.584400E+04,+1.755132E-01,+2.276000E-07,+9.910000E+37,+7.492637E+02,+3.584400E+04,+5.727455E-02,+0.000000E+00,+9.910000E+37,+7.493301E+02,+3.584400E+04
13:26:44,0e0,+1.656797E-01,+2.404000E-07,+9.910000E+37,+7.495537E+02,+3.584400E+04,+1.792017E-01,+2.404000E-07,+9.910000E+37,+7.496201E+02,+3.584400E+04,+1.765151E-01,+2.404000E-07,+9.910000E+37,+7.496865E+02,+3.584400E+04,+5.226615E-02,+0.000000E+00,+9.910000E+37,+7.497529E+02,+3.584400E+04
13:26:44,0e0,+1.759689E-01,+2.539500E-07,+9.910000E+37,+7.499795E+02,+3.584400E+04,+1.793837E-01,+2.539500E-07,+9.910000E+37,+7.500459E+02,+3.584400E+04,+1.795201E-01,+2.539500E-07,+9.910000E+37,+7.501133E+02,+3.584400E+04,+5.381438E-02,+0.000000E+00,+9.910000E+37,+7.501797E+02,+3.584400E+04
13:26:44,0e0,+1.824341E-01,+2.682500E-07,+9.910000E+37,+7.504023E+02,+3.584400E+04,+1.796108E-01,+2.682500E-07,+9.910000E+37,+7.504688E+02,+3.584400E+04,+1.808405E-01,+2.682500E-07,+9.910000E+37,+7.505352E+02,+3.584400E+04,+4.798621E-02,+0.000000E+00,+9.910000E+37,+7.506016E+02,+3.584400E+04
13:26:44,0e0,+1.832083E-01,+2.834000E-07,+9.910000E+37,+7.508262E+02,+3.584400E+04,+1.829805E-01,+2.834000E-07,+9.910000E+37,+7.508926E+02,+3.584400E+04,+1.816601E-01,+2.834000E-07,+9.910000E+37,+7.509590E+02,+3.584400E+04,+5.203846E-02,+0.000000E+00,+9.910000E+37,+7.510254E+02,+3.584400E+04
13:26:44,0e0,+1.842094E-01,+2.993500E-07,+9.910000E+37,+7.512510E+02,+3.584400E+04,+1.835261E-01,+2.993500E-07,+9.910000E+37,+7.513174E+02,+3.584400E+04,+1.835719E-01,+2.993500E-07,+9.910000E+37,+7.513838E+02,+3.584400E+04,+4.042876E-02,+0.000000E+00,+9.910000E+37,+7.514502E+02,+3.584400E+04
13:26:44,0e0,+1.846188E-01,+3.162500E-07,+9.910000E+37,+7.516748E+02,+3.584400E+04,+1.868962E-01,+3.162500E-07,+9.910000E+37,+7.517412E+02,+3.584400E+04,+1.866681E-01,+3.162500E-07,+9.910000E+37,+7.518076E+02,+3.584400E+04,+3.182372E-02,+0.000000E+00,+9.910000E+37,+7.518740E+02,+3.584400E+04
13:26:44,0e0,+1.878519E-01,+3.340500E-07,+9.910000E+37,+7.520977E+02,+3.584400E+04,+1.875336E-01,+3.340500E-07,+9.910000E+37,+7.521641E+02,+3.584400E+04,+1.880343E-01,+3.340500E-07,+9.910000E+37,+7.522305E+02,+3.584400E+04,-5.737990E-03,+0.000000E+00,+9.910000E+37,+7.522969E+02,+3.584400E+04
13:26:44,0e0,+1.896732E-01,+3.528500E-07,+9.910000E+37,+7.525215E+02,+3.584400E+04,+1.891268E-01,+3.528500E-07,+9.910000E+37,+7.525879E+02,+3.584400E+04,+1.887177E-01,+3.528500E-07,+9.910000E+37,+7.526543E+02,+3.584400E+04,-4.352717E-02,+0.000000E+00,+9.910000E+37,+7.527207E+02,+3.584400E+04
13:26:44,0e0,+1.920407E-01,+3.727500E-07,+9.910000E+37,+7.529453E+02,+3.584400E+04,+1.911302E-01,+3.727500E-07,+9.910000E+37,+7.530127E+02,+3.584400E+04,+1.904927E-01,+3.727500E-07,+9.910000E+37,+7.530791E+02,+3.584400E+04,-1.147802E-01,+0.000000E+00,+9.910000E+37,+7.531465E+02,+3.584400E+04
13:26:44,0e0,+1.918580E-01,+3.937500E-07,+9.910000E+37,+7.533730E+02,+3.584400E+04,+1.940443E-01,+3.937500E-07,+9.910000E+37,+7.534395E+02,+3.584400E+04,+1.938619E-01,+3.937500E-07,+9.910000E+37,+7.535068E+02,+3.584400E+04,-2.043361E-01,+0.000000E+00,+9.910000E+37,+7.535732E+02,+3.584400E+04
13:26:44,0e0,+1.945908E-01,+4.159500E-07,+9.910000E+37,+7.537979E+02,+3.584400E+04,+1.940441E-01,+4.159500E-07,+9.910000E+37,+7.538652E+02,+3.584400E+04,+1.956831E-01,+4.159500E-07,+9.910000E+37,+7.539307E+02,+3.584400E+04,-3.011814E-01,+0.000000E+00,+9.910000E+37,+7.539971E+02,+3.584400E+04
13:26:44,0e0,+1.966399E-01,+4.394000E-07,+9.910000E+37,+7.542236E+02,+3.584400E+04,+1.966394E-01,+4.394000E-07,+9.910000E+37,+7.542900E+02,+3.584400E+04,+1.964115E-01,+4.394000E-07,+9.910000E+37,+7.543564E+02,+3.584400E+04,-4.528028E-01,+0.000000E+00,+9.910000E+37,+7.544229E+02,+3.584400E+04
13:26:44,0e0,+1.967753E-01,+4.641500E-07,+9.910000E+37,+7.546455E+02,+3.584400E+04,+1.983693E-01,+4.641500E-07,+9.910000E+37,+7.547119E+02,+3.584400E+04,+1.974590E-01,+4.641500E-07,+9.910000E+37,+7.547783E+02,+3.584400E+04,-5.735080E-01,+0.000000E+00,+9.910000E+37,+7.548447E+02,+3.584400E+04
13:26:44,0e0,+1.987788E-01,+4.903000E-07,+9.910000E+37,+7.550693E+02,+3.584400E+04,+2.002358E-01,+4.903000E-07,+9.910000E+37,+7.551367E+02,+3.584400E+04,+1.985507E-01,+4.903000E-07,+9.910000E+37,+7.552021E+02,+3.584400E+04,-7.555448E-01,+0.000000E+00,+9.910000E+37,+7.552686E+02,+3.584400E+04
13:26:44,0e0,+2.014199E-01,+5.179500E-07,+9.910000E+37,+7.554932E+02,+3.584400E+04,+2.006003E-01,+5.179500E-07,+9.910000E+37,+7.555596E+02,+3.584400E+04,+2.012832E-01,+5.179500E-07,+9.910000E+37,+7.556270E+02,+3.584400E+04,-9.080319E-01,+0.000000E+00,+9.910000E+37,+7.556943E+02,+3.584400E+04
13:26:44,0e0,+2.025581E-01,+5.471500E-07,+9.910000E+37,+7.559199E+02,+3.584400E+04,+2.037420E-01,+5.471500E-07,+9.910000E+37,+7.559873E+02,+3.584400E+04,+2.032867E-01,+5.471500E-07,+9.910000E+37,+7.560527E+02,+3.584400E+04,-1.130957E+00,+0.000000E+00,+9.910000E+37,+7.561191E+02,+3.584400E+04
13:26:44,0e0,+2.049254E-01,+5.779500E-07,+9.910000E+37,+7.563467E+02,+3.584400E+04,+2.052894E-01,+5.779500E-07,+9.910000E+37,+7.564131E+02,+3.584400E+04,+2.062007E-01,+5.779500E-07,+9.910000E+37,+7.564805E+02,+3.584400E+04,-1.334121E+00,+0.000000E+00,+9.910000E+37,+7.565479E+02,+3.584400E+04
13:26:44,0e0,+2.072932E-01,+6.105500E-07,+9.910000E+37,+7.567695E+02,+3.584400E+04,+2.071565E-01,+6.105500E-07,+9.910000E+37,+7.568359E+02,+3.584400E+04,+2.069743E-01,+6.105500E-07,+9.910000E+37,+7.569023E+02,+3.584400E+04,-1.594745E+00,+0.000000E+00,+9.910000E+37,+7.569688E+02,+3.584400E+04
13:26:44,0e0,+2.092057E-01,+6.449500E-07,+9.910000E+37,+7.571963E+02,+3.584400E+04,+2.086133E-01,+6.449500E-07,+9.910000E+37,+7.572637E+02,+3.584400E+04,+2.086135E-01,+6.449500E-07,+9.910000E+37,+7.573291E+02,+3.584400E+04,-1.801276E+00,+0.000000E+00,+9.910000E+37,+7.573955E+02,+3.584400E+04
13:26:44,0e0,+2.097055E-01,+6.813000E-07,+9.910000E+37,+7.576201E+02,+3.584400E+04,+2.098418E-01,+6.813000E-07,+9.910000E+37,+7.576875E+02,+3.584400E+04,+2.105713E-01,+6.813000E-07,+9.910000E+37,+7.577529E+02,+3.584400E+04,-2.088537E+00,+0.000000E+00,+9.910000E+37,+7.578193E+02,+3.584400E+04
13:26:44,0e0,+2.128017E-01,+7.197000E-07,+9.910000E+37,+7.580449E+02,+3.584400E+04,+2.113444E-01,+7.197000E-07,+9.910000E+37,+7.581113E+02,+3.584400E+04,+2.130298E-01,+7.197000E-07,+9.910000E+37,+7.581777E+02,+3.584400E+04,-2.358363E+00,+0.000000E+00,+9.910000E+37,+7.582441E+02,+3.584400E+04
13:26:44,0e0,+2.142590E-01,+7.602500E-07,+9.910000E+37,+7.584688E+02,+3.584400E+04,+2.153065E-01,+7.602500E-07,+9.910000E+37,+7.585361E+02,+3.584400E+04,+2.121181E-01,+7.602500E-07,+9.910000E+37,+7.586016E+02,+3.584400E+04,-2.673263E+00,+0.000000E+00,+9.910000E+37,+7.586680E+02,+3.584400E+04
13:26:44,0e0,+2.159433E-01,+8.031000E-07,+9.910000E+37,+7.588945E+02,+3.584400E+04,+2.166268E-01,+8.031000E-07,+9.910000E+37,+7.589619E+02,+3.584400E+04,+2.163533E-01,+8.031000E-07,+9.910000E+37,+7.590273E+02,+3.584400E+04,-2.961934E+00,+0.000000E+00,+9.910000E+37,+7.590937E+02,+3.584400E+04
13:26:44,0e0,+2.177646E-01,+8.483500E-07,+9.910000E+37,+7.593203E+02,+3.584400E+04,+2.176277E-01,+8.483500E-07,+9.910000E+37,+7.593877E+02,+3.584400E+04,+2.180831E-01,+8.483500E-07,+9.910000E+37,+7.594531E+02,+3.584400E+04,-3.324505E+00,+0.000000E+00,+9.910000E+37,+7.595195E+02,+3.584400E+04
13:26:44,0e0,+2.195405E-01,+8.961500E-07,+9.910000E+37,+7.597461E+02,+3.584400E+04,+2.198590E-01,+8.961500E-07,+9.910000E+37,+7.598125E+02,+3.584400E+04,+2.204960E-01,+8.961500E-07,+9.910000E+37,+7.598779E+02,+3.584400E+04,-3.667946E+00,+0.000000E+00,+9.910000E+37,+7.599443E+02,+3.584400E+04
13:26:44,0e0,+2.230461E-01,+9.466500E-07,+9.910000E+37,+7.601699E+02,+3.584400E+04,+2.225455E-01,+9.466500E-07,+9.910000E+37,+7.602373E+02,+3.584400E+04,+2.216341E-01,+9.466500E-07,+9.910000E+37,+7.603027E+02,+3.584400E+04,-4.081070E+00,+0.000000E+00,+9.910000E+37,+7.603691E+02,+3.584400E+04
13:26:44,0e0,+2.238206E-01,+1.000000E-06,+9.910000E+37,+7.605908E+02,+3.584400E+04,+2.243664E-01,+1.000000E-06,+9.910000E+37,+7.606572E+02,+3.584400E+04,+2.234555E-01,+1.000000E-06,+9.910000E+37,+7.607236E+02,+3.584400E+04,-4.521819E+00,+0.000000E+00,+9.910000E+37,+7.607910E+02,+3.584400E+04
13:26:44,0e0,+2.140307E-01,+1.056500E-06,+9.910000E+37,+7.610156E+02,+3.584400E+04,+2.155792E-01,+1.056500E-06,+9.910000E+37,+7.610830E+02,+3.584400E+04,+2.150790E-01,+1.056500E-06,+9.910000E+37,+7.611484E+02,+3.584400E+04,+5.727434E-02,+0.000000E+00,+9.910000E+37,+7.612158E+02,+3.584400E+04
13:26:44,0e0,+2.163987E-01,+1.116000E-06,+9.910000E+37,+7.614395E+02,+3.584400E+04,+2.150778E-01,+1.116000E-06,+9.910000E+37,+7.615059E+02,+3.584400E+04,+2.167631E-01,+1.116000E-06,+9.910000E+37,+7.615723E+02,+3.584400E+04,+5.650067E-02,+0.000000E+00,+9.910000E+37,+7.616396E+02,+3.584400E+04
13:26:44,0e0,+2.194949E-01,+1.179000E-06,+9.910000E+37,+7.618662E+02,+3.584400E+04,+2.176282E-01,+1.179000E-06,+9.910000E+37,+7.619316E+02,+3.584400E+04,+2.177640E-01,+1.179000E-06,+9.910000E+37,+7.619980E+02,+3.584400E+04,+5.850348E-02,+0.000000E+00,+9.910000E+37,+7.620654E+02,+3.584400E+04
13:26:44,0e0,+2.199960E-01,+1.245000E-06,+9.910000E+37,+7.622900E+02,+3.584400E+04,+2.212255E-01,+1.245000E-06,+9.910000E+37,+7.623574E+02,+3.584400E+04,+2.189481E-01,+1.245000E-06,+9.910000E+37,+7.624229E+02,+3.584400E+04,+5.572653E-02,+0.000000E+00,+9.910000E+37,+7.624893E+02,+3.584400E+04
13:26:44,0e0,+2.213620E-01,+1.315500E-06,+9.910000E+37,+7.627129E+02,+3.584400E+04,+2.206794E-01,+1.315500E-06,+9.910000E+37,+7.627803E+02,+3.584400E+04,+2.216342E-01,+1.315500E-06,+9.910000E+37,+7.628457E+02,+3.584400E+04,+5.590832E-02,+0.000000E+00,+9.910000E+37,+7.629121E+02,+3.584400E+04
13:26:44,0e0,+2.229097E-01,+1.389500E-06,+9.910000E+37,+7.631357E+02,+3.584400E+04,+2.223625E-01,+1.389500E-06,+9.910000E+37,+7.632031E+02,+3.584400E+04,+2.224997E-01,+1.389500E-06,+9.910000E+37,+7.632686E+02,+3.584400E+04,+5.713749E-02,+0.000000E+00,+9.910000E+37,+7.633350E+02,+3.584400E+04
13:26:44,0e0,+2.248674E-01,+1.468000E-06,+9.910000E+37,+7.635596E+02,+3.584400E+04,+2.248217E-01,+1.468000E-06,+9.910000E+37,+7.636260E+02,+3.584400E+04,+2.242298E-01,+1.468000E-06,+9.910000E+37,+7.636934E+02,+3.584400E+04,+5.481553E-02,+0.000000E+00,+9.910000E+37,+7.637607E+02,+3.584400E+04
13:26:44,0e0,+2.261879E-01,+1.550500E-06,+9.910000E+37,+7.639854E+02,+3.584400E+04,+2.260058E-01,+1.550500E-06,+9.910000E+37,+7.640518E+02,+3.584400E+04,+2.256411E-01,+1.550500E-06,+9.910000E+37,+7.641191E+02,+3.584400E+04,+5.695534E-02,+0.000000E+00,+9.910000E+37,+7.641865E+02,+3.584400E+04
13:26:44,0e0,+2.281453E-01,+1.638000E-06,+9.910000E+37,+7.644121E+02,+3.584400E+04,+2.264600E-01,+1.638000E-06,+9.910000E+37,+7.644795E+02,+3.584400E+04,+2.270526E-01,+1.638000E-06,+9.910000E+37,+7.645449E+02,+3.584400E+04,+5.659163E-02,+0.000000E+00,+9.910000E+37,+7.646113E+02,+3.584400E+04
13:26:44,0e0,+2.275538E-01,+1.730000E-06,+9.910000E+37,+7.648350E+02,+3.584400E+04,+2.296026E-01,+1.730000E-06,+9.910000E+37,+7.649014E+02,+3.584400E+04,+2.296942E-01,+1.730000E-06,+9.910000E+37,+7.649668E+02,+3.584400E+04,+5.536234E-02,+0.000000E+00,+9.910000E+37,+7.650332E+02,+3.584400E+04
13:26:44,0e0,+2.311502E-01,+1.827500E-06,+9.910000E+37,+7.652539E+02,+3.584400E+04,+2.305129E-01,+1.827500E-06,+9.910000E+37,+7.653203E+02,+3.584400E+04,+2.300572E-01,+1.827500E-06,+9.910000E+37,+7.653867E+02,+3.584400E+04,+5.495217E-02,+0.000000E+00,+9.910000E+37,+7.654541E+02,+3.584400E+04
13:26:44,0e0,+2.328805E-01,+1.930500E-06,+9.910000E+37,+7.656787E+02,+3.584400E+04,+2.322431E-01,+1.930500E-06,+9.910000E+37,+7.657461E+02,+3.584400E+04,+2.313318E-01,+1.930500E-06,+9.910000E+37,+7.658115E+02,+3.584400E+04,+5.886793E-02,+0.000000E+00,+9.910000E+37,+7.658779E+02,+3.584400E+04
13:26:44,0e0,+2.332900E-01,+2.039500E-06,+9.910000E+37,+7.660986E+02,+3.584400E+04,+2.334262E-01,+2.039500E-06,+9.910000E+37,+7.661660E+02,+3.584400E+04,+2.352480E-01,+2.039500E-06,+9.910000E+37,+7.662314E+02,+3.584400E+04,+5.545312E-02,+0.000000E+00,+9.910000E+37,+7.662979E+02,+3.584400E+04
13:26:44,0e0,+2.346099E-01,+2.154500E-06,+9.910000E+37,+7.665244E+02,+3.584400E+04,+2.359307E-01,+2.154500E-06,+9.910000E+37,+7.665908E+02,+3.584400E+04,+2.364324E-01,+2.154500E-06,+9.910000E+37,+7.666572E+02,+3.584400E+04,+5.854920E-02,+0.000000E+00,+9.910000E+37,+7.667227E+02,+3.584400E+04
13:26:44,0e0,+2.392089E-01,+2.276000E-06,+9.910000E+37,+7.669473E+02,+3.584400E+04,+2.379347E-01,+2.276000E-06,+9.910000E+37,+7.670146E+02,+3.584400E+04,+2.368865E-01,+2.276000E-06,+9.910000E+37,+7.670801E+02,+3.584400E+04,+5.508921E-02,+0.000000E+00,+9.910000E+37,+7.671465E+02,+3.584400E+04
13:26:44,0e0,+2.395733E-01,+2.404000E-06,+9.910000E+37,+7.673721E+02,+3.584400E+04,+2.394371E-01,+2.404000E-06,+9.910000E+37,+7.674385E+02,+3.584400E+04,+2.378881E-01,+2.404000E-06,+9.910000E+37,+7.675039E+02,+3.584400E+04,+5.859461E-02,+0.000000E+00,+9.910000E+37,+7.675703E+02,+3.584400E+04
13:26:44,0e0,+2.392539E-01,+2.539500E-06,+9.910000E+37,+7.677959E+02,+3.584400E+04,+2.397090E-01,+2.539500E-06,+9.910000E+37,+7.678623E+02,+3.584400E+04,+2.413036E-01,+2.539500E-06,+9.910000E+37,+7.679287E+02,+3.584400E+04,+5.495247E-02,+0.000000E+00,+9.910000E+37,+7.679941E+02,+3.584400E+04
13:26:44,0e0,+2.413940E-01,+2.682500E-06,+9.910000E+37,+7.682197E+02,+3.584400E+04,+2.429426E-01,+2.682500E-06,+9.910000E+37,+7.682861E+02,+3.584400E+04,+2.432617E-01,+2.682500E-06,+9.910000E+37,+7.683535E+02,+3.584400E+04,+5.859500E-02,+0.000000E+00,+9.910000E+37,+7.684209E+02,+3.584400E+04
13:26:44,0e0,+2.443542E-01,+2.834000E-06,+9.910000E+37,+7.686455E+02,+3.584400E+04,+2.437622E-01,+2.834000E-06,+9.910000E+37,+7.687119E+02,+3.584400E+04,+2.435338E-01,+2.834000E-06,+9.910000E+37,+7.687783E+02,+3.584400E+04,+5.317646E-02,+0.000000E+00,+9.910000E+37,+7.688447E+02,+3.584400E+04
13:26:44,0e0,+2.458105E-01,+2.993500E-06,+9.910000E+37,+7.690693E+02,+3.584400E+04,+2.448541E-01,+2.993500E-06,+9.910000E+37,+7.691357E+02,+3.584400E+04,+2.463115E-01,+2.993500E-06,+9.910000E+37,+7.692021E+02,+3.584400E+04,+5.800322E-02,+0.000000E+00,+9.910000E+37,+7.692686E+02,+3.584400E+04
13:26:44,0e0,+2.470853E-01,+3.162500E-06,+9.910000E+37,+7.694922E+02,+3.584400E+04,+2.484059E-01,+3.162500E-06,+9.910000E+37,+7.695586E+02,+3.584400E+04,+2.479047E-01,+3.162500E-06,+9.910000E+37,+7.696260E+02,+3.584400E+04,+5.171987E-02,+0.000000E+00,+9.910000E+37,+7.696934E+02,+3.584400E+04
13:26:44,0e0,+2.487693E-01,+3.340500E-06,+9.910000E+37,+7.699189E+02,+3.584400E+04,+2.487240E-01,+3.340500E-06,+9.910000E+37,+7.699863E+02,+3.584400E+04,+2.499084E-01,+3.340500E-06,+9.910000E+37,+7.700518E+02,+3.584400E+04,+5.167452E-02,+0.000000E+00,+9.910000E+37,+7.701182E+02,+3.584400E+04
13:26:44,0e0,+2.510469E-01,+3.528500E-06,+9.910000E+37,+7.703398E+02,+3.584400E+04,+2.524121E-01,+3.528500E-06,+9.910000E+37,+7.704072E+02,+3.584400E+04,+2.517300E-01,+3.528500E-06,+9.910000E+37,+7.704727E+02,+3.584400E+04,+2.722560E-02,+0.000000E+00,+9.910000E+37,+7.705391E+02,+3.584400E+04
13:26:44,0e0,+2.533686E-01,+3.727500E-06,+9.910000E+37,+7.707637E+02,+3.584400E+04,+2.526403E-01,+3.727500E-06,+9.910000E+37,+7.708311E+02,+3.584400E+04,+2.530952E-01,+3.727500E-06,+9.910000E+37,+7.708975E+02,+3.584400E+04,-2.832018E-02,+0.000000E+00,+9.910000E+37,+7.709629E+02,+3.584400E+04
13:26:44,0e0,+2.539600E-01,+3.937500E-06,+9.910000E+37,+7.711885E+02,+3.584400E+04,+2.544609E-01,+3.937500E-06,+9.910000E+37,+7.712549E+02,+3.584400E+04,+2.535952E-01,+3.937500E-06,+9.910000E+37,+7.713223E+02,+3.584400E+04,-1.032156E-01,+0.000000E+00,+9.910000E+37,+7.713887E+02,+3.584400E+04
13:26:44,0e0,+2.556902E-01,+4.159500E-06,+9.910000E+37,+7.716143E+02,+3.584400E+04,+2.559175E-01,+4.159500E-06,+9.910000E+37,+7.716807E+02,+3.584400E+04,+2.550523E-01,+4.159500E-06,+9.910000E+37,+7.717480E+02,+3.584400E+04,-2.064304E-01,+0.000000E+00,+9.910000E+37,+7.718154E+02,+3.584400E+04
13:26:44,0e0,+2.581483E-01,+4.394000E-06,+9.910000E+37,+7.720400E+02,+3.584400E+04,+2.569646E-01,+4.394000E-06,+9.910000E+37,+7.721064E+02,+3.584400E+04,+2.591961E-01,+4.394000E-06,+9.910000E+37,+7.721719E+02,+3.584400E+04,-3.348297E-01,+0.000000E+00,+9.910000E+37,+7.722383E+02,+3.584400E+04
13:26:44,0e0,+2.612449E-01,+4.641500E-06,+9.910000E+37,+7.724639E+02,+3.584400E+04,+2.608356E-01,+4.641500E-06,+9.910000E+37,+7.725313E+02,+3.584400E+04,+2.613818E-01,+4.641500E-06,+9.910000E+37,+7.725967E+02,+3.584400E+04,-4.763428E-01,+0.000000E+00,+9.910000E+37,+7.726631E+02,+3.584400E+04
13:26:44,0e0,+2.624746E-01,+4.903000E-06,+9.910000E+37,+7.728887E+02,+3.584400E+04,+2.621093E-01,+4.903000E-06,+9.910000E+37,+7.729551E+02,+3.584400E+04,+2.621558E-01,+4.903000E-06,+9.910000E+37,+7.730225E+02,+3.584400E+04,-6.396201E-01,+0.000000E+00,+9.910000E+37,+7.730898E+02,+3.584400E+04
13:26:44,0e0,+2.640677E-01,+5.179500E-06,+9.910000E+37,+7.733154E+02,+3.584400E+04,+2.649339E-01,+5.179500E-06,+9.910000E+37,+7.733828E+02,+3.584400E+04,+2.641134E-01,+5.179500E-06,+9.910000E+37,+7.734482E+02,+3.584400E+04,-7.975708E-01,+0.000000E+00,+9.910000E+37,+7.735146E+02,+3.584400E+04
13:26:44,0e0,+2.662986E-01,+5.471500E-06,+9.910000E+37,+7.737402E+02,+3.584400E+04,+2.652965E-01,+5.471500E-06,+9.910000E+37,+7.738066E+02,+3.584400E+04,+2.667541E-01,+5.471500E-06,+9.910000E+37,+7.738721E+02,+3.584400E+04,-1.012117E+00,+0.000000E+00,+9.910000E+37,+7.739385E+02,+3.584400E+04
13:26:44,0e0,+2.678008E-01,+5.779500E-06,+9.910000E+37,+7.741641E+02,+3.584400E+04,+2.688943E-01,+5.779500E-06,+9.910000E+37,+7.742305E+02,+3.584400E+04,+2.679377E-01,+5.779500E-06,+9.910000E+37,+7.742969E+02,+3.584400E+04,-1.207587E+00,+0.000000E+00,+9.910000E+37,+7.743633E+02,+3.584400E+04
13:26:44,0e0,+2.700321E-01,+6.105500E-06,+9.910000E+37,+7.745889E+02,+3.584400E+04,+2.700320E-01,+6.105500E-06,+9.910000E+37,+7.746553E+02,+3.584400E+04,+2.698042E-01,+6.105500E-06,+9.910000E+37,+7.747227E+02,+3.584400E+04,-1.463158E+00,+0.000000E+00,+9.910000E+37,+7.747900E+02,+3.584400E+04
13:26:44,0e0,+2.730374E-01,+6.449500E-06,+9.910000E+37,+7.750146E+02,+3.584400E+04,+2.735836E-01,+6.449500E-06,+9.910000E+37,+7.750811E+02,+3.584400E+04,+2.725361E-01,+6.449500E-06,+9.910000E+37,+7.751465E+02,+3.584400E+04,-1.663815E+00,+0.000000E+00,+9.910000E+37,+7.752129E+02,+3.584400E+04
13:26:44,0e0,+2.744941E-01,+6.813000E-06,+9.910000E+37,+7.754336E+02,+3.584400E+04,+2.747676E-01,+6.813000E-06,+9.910000E+37,+7.755010E+02,+3.584400E+04,+2.756326E-01,+6.813000E-06,+9.910000E+37,+7.755674E+02,+3.584400E+04,-1.944429E+00,+0.000000E+00,+9.910000E+37,+7.756328E+02,+3.584400E+04
13:26:44,0e0,+2.767700E-01,+7.197000E-06,+9.910000E+37,+7.758584E+02,+3.584400E+04,+2.769529E-01,+7.197000E-06,+9.910000E+37,+7.759258E+02,+3.584400E+04,+2.770441E-01,+7.197000E-06,+9.910000E+37,+7.759922E+02,+3.584400E+04,-2.217989E+00,+0.000000E+00,+9.910000E+37,+7.760586E+02,+3.584400E+04
13:26:44,0e0,+2.796386E-01,+7.602500E-06,+9.910000E+37,+7.762832E+02,+3.584400E+04,+2.785926E-01,+7.602500E-06,+9.910000E+37,+7.763506E+02,+3.584400E+04,+2.787278E-01,+7.602500E-06,+9.910000E+37,+7.764160E+02,+3.584400E+04,-2.510617E+00,+0.000000E+00,+9.910000E+37,+7.764824E+02,+3.584400E+04
13:26:44,0e0,+2.806406E-01,+8.031000E-06,+9.910000E+37,+7.767070E+02,+3.584400E+04,+2.813688E-01,+8.031000E-06,+9.910000E+37,+7.767725E+02,+3.584400E+04,+2.807769E-01,+8.031000E-06,+9.910000E+37,+7.768389E+02,+3.584400E+04,-2.798747E+00,+0.000000E+00,+9.910000E+37,+7.769053E+02,+3.584400E+04
13:26:44,0e0,+2.836908E-01,+8.483500E-06,+9.910000E+37,+7.771309E+02,+3.584400E+04,+2.840098E-01,+8.483500E-06,+9.910000E+37,+7.771982E+02,+3.584400E+04,+2.832811E-01,+8.483500E-06,+9.910000E+37,+7.772646E+02,+3.584400E+04,-3.159907E+00,+0.000000E+00,+9.910000E+37,+7.773311E+02,+3.584400E+04
13:26:44,0e0,+2.854664E-01,+8.961500E-06,+9.910000E+37,+7.775557E+02,+3.584400E+04,+2.854215E-01,+8.961500E-06,+9.910000E+37,+7.776221E+02,+3.584400E+04,+2.871969E-01,+8.961500E-06,+9.910000E+37,+7.776885E+02,+3.584400E+04,-3.479865E+00,+0.000000E+00,+9.910000E+37,+7.777549E+02,+3.584400E+04
13:26:44,0e0,+2.880157E-01,+9.466500E-06,+9.910000E+37,+7.779795E+02,+3.584400E+04,+2.873785E-01,+9.466500E-06,+9.910000E+37,+7.780459E+02,+3.584400E+04,+2.871508E-01,+9.466500E-06,+9.910000E+37,+7.781123E+02,+3.584400E+04,-3.893384E+00,+0.000000E+00,+9.910000E+37,+7.781787E+02,+3.584400E+04
13:26:44,0e0,+2.896095E-01,+1.000000E-05,+9.910000E+37,+7.783984E+02,+3.584400E+04,+2.886071E-01,+1.000000E-05,+9.910000E+37,+7.784658E+02,+3.584400E+04,+2.895635E-01,+1.000000E-05,+9.910000E+37,+7.785322E+02,+3.584400E+04,-4.300616E+00,+0.000000E+00,+9.910000E+37,+7.785986E+02,+3.584400E+04
13:26:44,0e0,+2.814606E-01,+1.056500E-05,+9.910000E+37,+7.788154E+02,+3.584400E+04,+2.795017E-01,+1.056500E-05,+9.910000E+37,+7.788818E+02,+3.584400E+04,+2.804587E-01,+1.056500E-05,+9.910000E+37,+7.789492E+02,+3.584400E+04,+1.757291E-02,+0.000000E+00,+9.910000E+37,+7.790166E+02,+3.584400E+04
13:26:44,0e0,+2.825077E-01,+1.116000E-05,+9.910000E+37,+7.792373E+02,+3.584400E+04,+2.828260E-01,+1.116000E-05,+9.910000E+37,+7.793037E+02,+3.584400E+04,+2.815049E-01,+1.116000E-05,+9.910000E+37,+7.793701E+02,+3.584400E+04,+1.238273E-02,+0.000000E+00,+9.910000E+37,+7.794404E+02,+3.584400E+04
13:26:44,0e0,+2.831896E-01,+1.179000E-05,+9.910000E+37,+7.796621E+02,+3.584400E+04,+2.843289E-01,+1.179000E-05,+9.910000E+37,+7.797285E+02,+3.584400E+04,+2.833718E-01,+1.179000E-05,+9.910000E+37,+7.797949E+02,+3.584400E+04,+1.780051E-02,+0.000000E+00,+9.910000E+37,+7.798633E+02,+3.584400E+04
13:26:44,0e0,+2.855577E-01,+1.245000E-05,+9.910000E+37,+7.800869E+02,+3.584400E+04,+2.851937E-01,+1.245000E-05,+9.910000E+37,+7.801533E+02,+3.584400E+04,+2.851930E-01,+1.245000E-05,+9.910000E+37,+7.802207E+02,+3.584400E+04,+1.984978E-02,+0.000000E+00,+9.910000E+37,+7.802881E+02,+3.584400E+04
13:26:44,0e0,+2.886086E-01,+1.315500E-05,+9.910000E+37,+7.805117E+02,+3.584400E+04,+2.879256E-01,+1.315500E-05,+9.910000E+37,+7.805781E+02,+3.584400E+04,+2.867869E-01,+1.315500E-05,+9.910000E+37,+7.806455E+02,+3.584400E+04,+1.752762E-02,+0.000000E+00,+9.910000E+37,+7.807129E+02,+3.584400E+04
13:26:44,0e0,+2.892458E-01,+1.389500E-05,+9.910000E+37,+7.809258E+02,+3.584400E+04,+2.894284E-01,+1.389500E-05,+9.910000E+37,+7.809912E+02,+3.584400E+04,+2.891998E-01,+1.389500E-05,+9.910000E+37,+7.810586E+02,+3.584400E+04,+2.249008E-02,+0.000000E+00,+9.910000E+37,+7.811240E+02,+3.584400E+04
13:26:44,0e0,+2.911569E-01,+1.468000E-05,+9.910000E+37,+7.813350E+02,+3.584400E+04,+2.904295E-01,+1.468000E-05,+9.910000E+37,+7.814014E+02,+3.584400E+04,+2.914310E-01,+1.468000E-05,+9.910000E+37,+7.814668E+02,+3.584400E+04,+2.836356E-02,+0.000000E+00,+9.910000E+37,+7.815332E+02,+3.584400E+04
13:26:44,0e0,+2.917041E-01,+1.550500E-05,+9.910000E+37,+7.817480E+02,+3.584400E+04,+2.917036E-01,+1.550500E-05,+9.910000E+37,+7.818145E+02,+3.584400E+04,+2.917945E-01,+1.550500E-05,+9.910000E+37,+7.818809E+02,+3.584400E+04,+2.544919E-02,+0.000000E+00,+9.910000E+37,+7.819473E+02,+3.584400E+04
13:26:44,0e0,+2.930236E-01,+1.638000E-05,+9.910000E+37,+7.821641E+02,+3.584400E+04,+2.935249E-01,+1.638000E-05,+9.910000E+37,+7.822295E+02,+3.584400E+04,+2.953463E-01,+1.638000E-05,+9.910000E+37,+7.822959E+02,+3.584400E+04,+2.458481E-02,+0.000000E+00,+9.910000E+37,+7.823633E+02,+3.584400E+04
13:26:44,0e0,+2.972137E-01,+1.730000E-05,+9.910000E+37,+7.825820E+02,+3.584400E+04,+2.973502E-01,+1.730000E-05,+9.910000E+37,+7.826484E+02,+3.584400E+04,+2.959834E-01,+1.730000E-05,+9.910000E+37,+7.827139E+02,+3.584400E+04,+2.144301E-02,+0.000000E+00,+9.910000E+37,+7.827803E+02,+3.584400E+04
13:26:44,0e0,+2.989437E-01,+1.827500E-05,+9.910000E+37,+7.830020E+02,+3.584400E+04,+2.985330E-01,+1.827500E-05,+9.910000E+37,+7.830684E+02,+3.584400E+04,+2.998084E-01,+1.827500E-05,+9.910000E+37,+7.831348E+02,+3.584400E+04,+1.616138E-02,+0.000000E+00,+9.910000E+37,+7.832041E+02,+3.584400E+04
13:26:44,0e0,+3.014477E-01,+1.930500E-05,+9.910000E+37,+7.834277E+02,+3.584400E+04,+3.001728E-01,+1.930500E-05,+9.910000E+37,+7.834932E+02,+3.584400E+04,+2.996712E-01,+1.930500E-05,+9.910000E+37,+7.835596E+02,+3.584400E+04,+1.866551E-02,+0.000000E+00,+9.910000E+37,+7.836289E+02,+3.584400E+04
13:26:44,0e0,+3.018107E-01,+2.039500E-05,+9.910000E+37,+7.838477E+02,+3.584400E+04,+3.019940E-01,+2.039500E-05,+9.910000E+37,+7.839131E+02,+3.584400E+04,+3.033144E-01,+2.039500E-05,+9.910000E+37,+7.839805E+02,+3.584400E+04,+7.829800E-03,+0.000000E+00,+9.910000E+37,+7.840518E+02,+3.584400E+04
13:26:44,0e0,+3.049080E-01,+2.154500E-05,+9.910000E+37,+7.842686E+02,+3.584400E+04,+3.057732E-01,+2.154500E-05,+9.910000E+37,+7.843350E+02,+3.584400E+04,+3.051352E-01,+2.154500E-05,+9.910000E+37,+7.844004E+02,+3.584400E+04,+2.585933E-02,+0.000000E+00,+9.910000E+37,+7.844668E+02,+3.584400E+04
13:26:44,0e0,+3.059084E-01,+2.276000E-05,+9.910000E+37,+7.846777E+02,+3.584400E+04,+3.060454E-01,+2.276000E-05,+9.910000E+37,+7.847451E+02,+3.584400E+04,+3.068649E-01,+2.276000E-05,+9.910000E+37,+7.848105E+02,+3.584400E+04,+1.998603E-02,+0.000000E+00,+9.910000E+37,+7.848770E+02,+3.584400E+04
13:26:44,0e0,+3.073657E-01,+2.404000E-05,+9.910000E+37,+7.850918E+02,+3.584400E+04,+3.082305E-01,+2.404000E-05,+9.910000E+37,+7.851572E+02,+3.584400E+04,+3.084587E-01,+2.404000E-05,+9.910000E+37,+7.852236E+02,+3.584400E+04,+1.825581E-02,+0.000000E+00,+9.910000E+37,+7.852900E+02,+3.584400E+04
13:26:44,0e0,+3.108262E-01,+2.539500E-05,+9.910000E+37,+7.855068E+02,+3.584400E+04,+3.094138E-01,+2.539500E-05,+9.910000E+37,+7.855742E+02,+3.584400E+04,+3.114643E-01,+2.539500E-05,+9.910000E+37,+7.856396E+02,+3.584400E+04,+2.048656E-02,+0.000000E+00,+9.910000E+37,+7.857061E+02,+3.584400E+04
13:26:44,0e0,+3.132396E-01,+2.682500E-05,+9.910000E+37,+7.859219E+02,+3.584400E+04,+3.132396E-01,+2.682500E-05,+9.910000E+37,+7.859893E+02,+3.584400E+04,+3.114631E-01,+2.682500E-05,+9.910000E+37,+7.860547E+02,+3.584400E+04,+1.543331E-02,+0.000000E+00,+9.910000E+37,+7.861230E+02,+3.584400E+04
13:26:44,0e0,+3.151969E-01,+2.834000E-05,+9.910000E+37,+7.863369E+02,+3.584400E+04,+3.147873E-01,+2.834000E-05,+9.910000E+37,+7.864023E+02,+3.584400E+04,+3.150607E-01,+2.834000E-05,+9.910000E+37,+7.864687E+02,+3.584400E+04,+2.030437E-02,+0.000000E+00,+9.910000E+37,+7.865352E+02,+3.584400E+04
13:26:44,0e0,+3.174736E-01,+2.993500E-05,+9.910000E+37,+7.867451E+02,+3.584400E+04,+3.174732E-01,+2.993500E-05,+9.910000E+37,+7.868125E+02,+3.584400E+04,+3.159252E-01,+2.993500E-05,+9.910000E+37,+7.868789E+02,+3.584400E+04,+2.126096E-02,+0.000000E+00,+9.910000E+37,+7.869453E+02,+3.584400E+04
13:26:44,0e0,+3.180646E-01,+3.162500E-05,+9.910000E+37,+7.871602E+02,+3.584400E+04,+3.196144E-01,+3.162500E-05,+9.910000E+37,+7.872256E+02,+3.584400E+04,+3.187481E-01,+3.162500E-05,+9.910000E+37,+7.872920E+02,+3.584400E+04,+1.957606E-02,+0.000000E+00,+9.910000E+37,+7.873594E+02,+3.584400E+04
13:26:44,0e0,+3.217542E-01,+3.340500E-05,+9.910000E+37,+7.875742E+02,+3.584400E+04,+3.227553E-01,+3.340500E-05,+9.910000E+37,+7.876406E+02,+3.584400E+04,+3.215251E-01,+3.340500E-05,+9.910000E+37,+7.877070E+02,+3.584400E+04,+2.176173E-02,+0.000000E+00,+9.910000E+37,+7.877734E+02,+3.584400E+04
13:26:44,0e0,+3.238024E-01,+3.528500E-05,+9.910000E+37,+7.879834E+02,+3.584400E+04,+3.232094E-01,+3.528500E-05,+9.910000E+37,+7.880488E+02,+3.584400E+04,+3.251681E-01,+3.528500E-05,+9.910000E+37,+7.881152E+02,+3.584400E+04,+2.558650E-02,+0.000000E+00,+9.910000E+37,+7.881816E+02,+3.584400E+04
13:26:44,0e0,+3.263521E-01,+3.727500E-05,+9.910000E+37,+7.883945E+02,+3.584400E+04,+3.275353E-01,+3.727500E-05,+9.910000E+37,+7.884600E+02,+3.584400E+04,+3.274904E-01,+3.727500E-05,+9.910000E+37,+7.885264E+02,+3.584400E+04,+2.809018E-02,+0.000000E+00,+9.910000E+37,+7.885928E+02,+3.584400E+04
13:26:44,0e0,+3.281268E-01,+3.937500E-05,+9.910000E+37,+7.888115E+02,+3.584400E+04,+3.302677E-01,+3.937500E-05,+9.910000E+37,+7.888779E+02,+3.584400E+04,+3.275814E-01,+3.937500E-05,+9.910000E+37,+7.889443E+02,+3.584400E+04,+2.308182E-02,+0.000000E+00,+9.910000E+37,+7.890117E+02,+3.584400E+04
13:26:44,0e0,+3.319062E-01,+4.159500E-05,+9.910000E+37,+7.892275E+02,+3.584400E+04,+3.302665E-01,+4.159500E-05,+9.910000E+37,+7.892939E+02,+3.584400E+04,+3.303120E-01,+4.159500E-05,+9.910000E+37,+7.893604E+02,+3.584400E+04,+1.251924E-02,+0.000000E+00,+9.910000E+37,+7.894277E+02,+3.584400E+04
13:26:44,0e0,+3.322695E-01,+4.394000E-05,+9.910000E+37,+7.896416E+02,+3.584400E+04,+3.323606E-01,+4.394000E-05,+9.910000E+37,+7.897090E+02,+3.584400E+04,+3.337275E-01,+4.394000E-05,+9.910000E+37,+7.897754E+02,+3.584400E+04,-6.210320E-02,+0.000000E+00,+9.910000E+37,+7.898408E+02,+3.584400E+04
13:26:44,0e0,+3.360041E-01,+4.641500E-05,+9.910000E+37,+7.900586E+02,+3.584400E+04,+3.347740E-01,+4.641500E-05,+9.910000E+37,+7.901240E+02,+3.584400E+04,+3.349104E-01,+4.641500E-05,+9.910000E+37,+7.901904E+02,+3.584400E+04,-2.026970E-01,+0.000000E+00,+9.910000E+37,+7.902598E+02,+3.584400E+04
13:26:44,0e0,+3.379160E-01,+4.903000E-05,+9.910000E+37,+7.904844E+02,+3.584400E+04,+3.392363E-01,+4.903000E-05,+9.910000E+37,+7.905498E+02,+3.584400E+04,+3.368680E-01,+4.903000E-05,+9.910000E+37,+7.906172E+02,+3.584400E+04,-3.401569E-01,+0.000000E+00,+9.910000E+37,+7.906836E+02,+3.584400E+04
13:26:44,0e0,+3.408298E-01,+5.179500E-05,+9.910000E+37,+7.908965E+02,+3.584400E+04,+3.410121E-01,+5.179500E-05,+9.910000E+37,+7.909629E+02,+3.584400E+04,+3.411487E-01,+5.179500E-05,+9.910000E+37,+7.910293E+02,+3.584400E+04,-4.982895E-01,+0.000000E+00,+9.910000E+37,+7.910957E+02,+3.584400E+04
13:26:44,0e0,+3.428332E-01,+5.471500E-05,+9.910000E+37,+7.913086E+02,+3.584400E+04,+3.416477E-01,+5.471500E-05,+9.910000E+37,+7.913760E+02,+3.584400E+04,+3.448819E-01,+5.471500E-05,+9.910000E+37,+7.914414E+02,+3.584400E+04,-6.774577E-01,+0.000000E+00,+9.910000E+37,+7.915078E+02,+3.584400E+04
13:26:44,0e0,+3.469763E-01,+5.779500E-05,+9.910000E+37,+7.917246E+02,+3.584400E+04,+3.455647E-01,+5.779500E-05,+9.910000E+37,+7.917920E+02,+3.584400E+04,+3.467482E-01,+5.779500E-05,+9.910000E+37,+7.918584E+02,+3.584400E+04,-8.669619E-01,+0.000000E+00,+9.910000E+37,+7.919258E+02,+3.584400E+04
13:26:44,0e0,+3.482512E-01,+6.105500E-05,+9.910000E+37,+7.921406E+02,+3.584400E+04,+3.482964E-01,+6.105500E-05,+9.910000E+37,+7.922070E+02,+3.584400E+04,+3.481139E-01,+6.105500E-05,+9.910000E+37,+7.922725E+02,+3.584400E+04,-1.060792E+00,+0.000000E+00,+9.910000E+37,+7.923389E+02,+3.584400E+04
13:26:44,0e0,+3.519853E-01,+6.449500E-05,+9.910000E+37,+7.925566E+02,+3.584400E+04,+3.504360E-01,+6.449500E-05,+9.910000E+37,+7.926230E+02,+3.584400E+04,+3.510738E-01,+6.449500E-05,+9.910000E+37,+7.926895E+02,+3.584400E+04,-1.257490E+00,+0.000000E+00,+9.910000E+37,+7.927588E+02,+3.584400E+04
13:26:44,0e0,+3.533951E-01,+6.813000E-05,+9.910000E+37,+7.929824E+02,+3.584400E+04,+3.519381E-01,+6.813000E-05,+9.910000E+37,+7.930488E+02,+3.584400E+04,+3.538058E-01,+6.813000E-05,+9.910000E+37,+7.931162E+02,+3.584400E+04,-1.491070E+00,+0.000000E+00,+9.910000E+37,+7.931846E+02,+3.584400E+04
13:26:44,0e0,+3.553072E-01,+7.197000E-05,+9.910000E+37,+7.934053E+02,+3.584400E+04,+3.571748E-01,+7.197000E-05,+9.910000E+37,+7.934717E+02,+3.584400E+04,+3.566279E-01,+7.197000E-05,+9.910000E+37,+7.935391E+02,+3.584400E+04,-1.739766E+00,+0.000000E+00,+9.910000E+37,+7.936113E+02,+3.584400E+04
13:26:44,0e0,+3.591783E-01,+7.602500E-05,+9.910000E+37,+7.938330E+02,+3.584400E+04,+3.607716E-01,+7.602500E-05,+9.910000E+37,+7.938984E+02,+3.584400E+04,+3.591787E-01,+7.602500E-05,+9.910000E+37,+7.939648E+02,+3.584400E+04,-1.981403E+00,+0.000000E+00,+9.910000E+37,+7.940342E+02,+3.584400E+04
13:26:44,0e0,+3.620001E-01,+8.031000E-05,+9.910000E+37,+7.942559E+02,+3.584400E+04,+3.606339E-01,+8.031000E-05,+9.910000E+37,+7.943232E+02,+3.584400E+04,+3.613628E-01,+8.031000E-05,+9.910000E+37,+7.943887E+02,+3.584400E+04,-2.243163E+00,+0.000000E+00,+9.910000E+37,+7.944570E+02,+3.584400E+04
13:26:44,0e0,+3.656434E-01,+8.483500E-05,+9.910000E+37,+7.946758E+02,+3.584400E+04,+3.648235E-01,+8.483500E-05,+9.910000E+37,+7.947412E+02,+3.584400E+04,+3.656429E-01,+8.483500E-05,+9.910000E+37,+7.948086E+02,+3.584400E+04,-2.517357E+00,+0.000000E+00,+9.910000E+37,+7.948799E+02,+3.584400E+04
13:26:44,0e0,+3.685570E-01,+8.961500E-05,+9.910000E+37,+7.951016E+02,+3.584400E+04,+3.678741E-01,+8.961500E-05,+9.910000E+37,+7.951680E+02,+3.584400E+04,+3.679194E-01,+8.961500E-05,+9.910000E+37,+7.952344E+02,+3.584400E+04,-2.839866E+00,+0.000000E+00,+9.910000E+37,+7.953047E+02,+3.584400E+04
13:26:44,0e0,+3.711070E-01,+9.466500E-05,+9.910000E+37,+7.955244E+02,+3.584400E+04,+3.716986E-01,+9.466500E-05,+9.910000E+37,+7.955918E+02,+3.584400E+04,+3.709249E-01,+9.466500E-05,+9.910000E+37,+7.956572E+02,+3.584400E+04,-3.165002E+00,+0.000000E+00,+9.910000E+37,+7.957266E+02,+3.584400E+04
13:26:44,0e0,+3.735645E-01,+1.000000E-04,+9.910000E+37,+7.959463E+02,+3.584400E+04,+3.734735E-01,+1.000000E-04,+9.910000E+37,+7.960127E+02,+3.584400E+04,+3.737473E-01,+1.000000E-04,+9.910000E+37,+7.960791E+02,+3.584400E+04,-3.578390E+00,+0.000000E+00,+9.910000E+37,+7.961484E+02,+3.584400E+04
13:26:44,0e0,+3.660529E-01,+1.056500E-04,+9.910000E+37,+7.963652E+02,+3.584400E+04,+3.656436E-01,+1.056500E-04,+9.910000E+37,+7.964375E+02,+3.584400E+04,+3.645955E-01,+1.056500E-04,+9.910000E+37,+7.965029E+02,+3.584400E+04,-2.647103E-01,+0.000000E+00,+9.910000E+37,+7.965693E+02,+3.584400E+04
13:26:44,0e0,+3.682839E-01,+1.116000E-04,+9.910000E+37,+7.967871E+02,+3.584400E+04,+3.687387E-01,+1.116000E-04,+9.910000E+37,+7.968535E+02,+3.584400E+04,+3.672818E-01,+1.116000E-04,+9.910000E+37,+7.969199E+02,+3.584400E+04,-2.756380E-01,+0.000000E+00,+9.910000E+37,+7.969863E+02,+3.584400E+04
13:26:44,0e0,+3.713803E-01,+1.179000E-04,+9.910000E+37,+7.972080E+02,+3.584400E+04,+3.700592E-01,+1.179000E-04,+9.910000E+37,+7.972744E+02,+3.584400E+04,+3.716086E-01,+1.179000E-04,+9.910000E+37,+7.973408E+02,+3.584400E+04,-2.821947E-01,+0.000000E+00,+9.910000E+37,+7.974082E+02,+3.584400E+04
13:26:44,0e0,+3.732016E-01,+1.245000E-04,+9.910000E+37,+7.976279E+02,+3.584400E+04,+3.734294E-01,+1.245000E-04,+9.910000E+37,+7.976943E+02,+3.584400E+04,+3.726537E-01,+1.245000E-04,+9.910000E+37,+7.977607E+02,+3.584400E+04,-2.724051E-01,+0.000000E+00,+9.910000E+37,+7.978281E+02,+3.584400E+04
13:26:44,0e0,+3.742470E-01,+1.315500E-04,+9.910000E+37,+7.980508E+02,+3.584400E+04,+3.756595E-01,+1.315500E-04,+9.910000E+37,+7.981172E+02,+3.584400E+04,+3.748398E-01,+1.315500E-04,+9.910000E+37,+7.981836E+02,+3.584400E+04,-2.797358E-01,+0.000000E+00,+9.910000E+37,+7.982510E+02,+3.584400E+04
13:26:44,0e0,+3.782098E-01,+1.389500E-04,+9.910000E+37,+7.984736E+02,+3.584400E+04,+3.786190E-01,+1.389500E-04,+9.910000E+37,+7.985400E+02,+3.584400E+04,+3.788010E-01,+1.389500E-04,+9.910000E+37,+7.986064E+02,+3.584400E+04,-2.770496E-01,+0.000000E+00,+9.910000E+37,+7.986729E+02,+3.584400E+04
13:26:44,0e0,+3.798474E-01,+1.468000E-04,+9.910000E+37,+7.988955E+02,+3.584400E+04,+3.815336E-01,+1.468000E-04,+9.910000E+37,+7.989609E+02,+3.584400E+04,+3.807132E-01,+1.468000E-04,+9.910000E+37,+7.990273E+02,+3.584400E+04,-2.701741E-01,+0.000000E+00,+9.910000E+37,+7.990937E+02,+3.584400E+04
13:26:44,0e0,+3.835812E-01,+1.550500E-04,+9.910000E+37,+7.993184E+02,+3.584400E+04,+3.841735E-01,+1.550500E-04,+9.910000E+37,+7.993848E+02,+3.584400E+04,+3.840826E-01,+1.550500E-04,+9.910000E+37,+7.994502E+02,+3.584400E+04,-2.799180E-01,+0.000000E+00,+9.910000E+37,+7.995166E+02,+3.584400E+04
13:26:44,0e0,+3.866775E-01,+1.638000E-04,+9.910000E+37,+7.997373E+02,+3.584400E+04,+3.875433E-01,+1.638000E-04,+9.910000E+37,+7.998037E+02,+3.584400E+04,+3.878159E-01,+1.638000E-04,+9.910000E+37,+7.998711E+02,+3.584400E+04,-2.624792E-01,+0.000000E+00,+9.910000E+37,+7.999365E+02,+3.584400E+04
13:26:44,0e0,+3.900929E-01,+1.730000E-04,+9.910000E+37,+8.001621E+02,+3.584400E+04,+3.890458E-01,+1.730000E-04,+9.910000E+37,+8.002295E+02,+3.584400E+04,+3.898643E-01,+1.730000E-04,+9.910000E+37,+8.002949E+02,+3.584400E+04,-2.846079E-01,+0.000000E+00,+9.910000E+37,+8.003613E+02,+3.584400E+04
13:26:44,0e0,+3.919120E-01,+1.827500E-04,+9.910000E+37,+8.005869E+02,+3.584400E+04,+3.922780E-01,+1.827500E-04,+9.910000E+37,+8.006533E+02,+3.584400E+04,+3.922324E-01,+1.827500E-04,+9.910000E+37,+8.007207E+02,+3.584400E+04,-2.636630E-01,+0.000000E+00,+9.910000E+37,+8.007881E+02,+3.584400E+04
13:26:44,0e0,+3.960111E-01,+1.930500E-04,+9.910000E+37,+8.010078E+02,+3.584400E+04,+3.938246E-01,+1.930500E-04,+9.910000E+37,+8.010742E+02,+3.584400E+04,+3.951919E-01,+1.930500E-04,+9.910000E+37,+8.011416E+02,+3.584400E+04,-2.657120E-01,+0.000000E+00,+9.910000E+37,+8.012070E+02,+3.584400E+04
13:26:44,0e0,+3.977860E-01,+2.039500E-04,+9.910000E+37,+8.014287E+02,+3.584400E+04,+3.971484E-01,+2.039500E-04,+9.910000E+37,+8.014961E+02,+3.584400E+04,+3.986518E-01,+2.039500E-04,+9.910000E+37,+8.015615E+02,+3.584400E+04,-2.814660E-01,+0.000000E+00,+9.910000E+37,+8.016289E+02,+3.584400E+04
13:26:44,0e0,+4.029313E-01,+2.154500E-04,+9.910000E+37,+8.018555E+02,+3.584400E+04,+4.015668E-01,+2.154500E-04,+9.910000E+37,+8.019229E+02,+3.584400E+04,+4.012469E-01,+2.154500E-04,+9.910000E+37,+8.019893E+02,+3.584400E+04,-2.535550E-01,+0.000000E+00,+9.910000E+37,+8.020566E+02,+3.584400E+04
13:26:44,0e0,+4.042969E-01,+2.276000E-04,+9.910000E+37,+8.022783E+02,+3.584400E+04,+4.034780E-01,+2.276000E-04,+9.910000E+37,+8.023447E+02,+3.584400E+04,+4.039783E-01,+2.276000E-04,+9.910000E+37,+8.024111E+02,+3.584400E+04,-2.698098E-01,+0.000000E+00,+9.910000E+37,+8.024775E+02,+3.584400E+04
13:26:44,0e0,+4.083493E-01,+2.404000E-04,+9.910000E+37,+8.027041E+02,+3.584400E+04,+4.080763E-01,+2.404000E-04,+9.910000E+37,+8.027715E+02,+3.584400E+04,+4.068010E-01,+2.404000E-04,+9.910000E+37,+8.028369E+02,+3.584400E+04,-2.683074E-01,+0.000000E+00,+9.910000E+37,+8.029043E+02,+3.584400E+04
13:26:44,0e0,+4.108077E-01,+2.539500E-04,+9.910000E+37,+8.031260E+02,+3.584400E+04,+4.097605E-01,+2.539500E-04,+9.910000E+37,+8.031934E+02,+3.584400E+04,+4.103081E-01,+2.539500E-04,+9.910000E+37,+8.032588E+02,+3.584400E+04,-2.616597E-01,+0.000000E+00,+9.910000E+37,+8.033262E+02,+3.584400E+04
13:26:44,0e0,+4.143596E-01,+2.682500E-04,+9.910000E+37,+8.035479E+02,+3.584400E+04,+4.124918E-01,+2.682500E-04,+9.910000E+37,+8.036133E+02,+3.584400E+04,+4.138584E-01,+2.682500E-04,+9.910000E+37,+8.036807E+02,+3.584400E+04,-2.765942E-01,+0.000000E+00,+9.910000E+37,+8.037461E+02,+3.584400E+04
13:26:44,0e0,+4.163619E-01,+2.834000E-04,+9.910000E+37,+8.039668E+02,+3.584400E+04,+4.164991E-01,+2.834000E-04,+9.910000E+37,+8.040332E+02,+3.584400E+04,+4.163164E-01,+2.834000E-04,+9.910000E+37,+8.041006E+02,+3.584400E+04,-2.746363E-01,+0.000000E+00,+9.910000E+37,+8.041660E+02,+3.584400E+04
13:26:44,0e0,+4.193667E-01,+2.993500E-04,+9.910000E+37,+8.043867E+02,+3.584400E+04,+4.200501E-01,+2.993500E-04,+9.910000E+37,+8.044531E+02,+3.584400E+04,+4.193664E-01,+2.993500E-04,+9.910000E+37,+8.045195E+02,+3.584400E+04,-2.624793E-01,+0.000000E+00,+9.910000E+37,+8.045850E+02,+3.584400E+04
13:26:44,0e0,+4.235561E-01,+3.162500E-04,+9.910000E+37,+8.048125E+02,+3.584400E+04,+4.235116E-01,+3.162500E-04,+9.910000E+37,+8.048779E+02,+3.584400E+04,+4.231459E-01,+3.162500E-04,+9.910000E+37,+8.049443E+02,+3.584400E+04,-2.745452E-01,+0.000000E+00,+9.910000E+37,+8.050107E+02,+3.584400E+04
13:26:44,0e0,+4.267900E-01,+3.340500E-04,+9.910000E+37,+8.052266E+02,+3.584400E+04,+4.266519E-01,+3.340500E-04,+9.910000E+37,+8.052988E+02,+3.584400E+04,+4.256504E-01,+3.340500E-04,+9.910000E+37,+8.053643E+02,+3.584400E+04,-2.736802E-01,+0.000000E+00,+9.910000E+37,+8.054316E+02,+3.584400E+04
13:26:44,0e0,+4.294285E-01,+3.528500E-04,+9.910000E+37,+8.056523E+02,+3.584400E+04,+4.300214E-01,+3.528500E-04,+9.910000E+37,+8.057197E+02,+3.584400E+04,+4.301589E-01,+3.528500E-04,+9.910000E+37,+8.057861E+02,+3.584400E+04,-2.551942E-01,+0.000000E+00,+9.910000E+37,+8.058535E+02,+3.584400E+04
13:26:44,0e0,+4.329802E-01,+3.727500E-04,+9.910000E+37,+8.060732E+02,+3.584400E+04,+4.329813E-01,+3.727500E-04,+9.910000E+37,+8.061406E+02,+3.584400E+04,+4.339820E-01,+3.727500E-04,+9.910000E+37,+8.062080E+02,+3.584400E+04,-2.653023E-01,+0.000000E+00,+9.910000E+37,+8.062734E+02,+3.584400E+04
13:26:44,0e0,+4.370337E-01,+3.937500E-04,+9.910000E+37,+8.064971E+02,+3.584400E+04,+4.381260E-01,+3.937500E-04,+9.910000E+37,+8.065635E+02,+3.584400E+04,+4.368969E-01,+3.937500E-04,+9.910000E+37,+8.066299E+02,+3.584400E+04,-2.831963E-01,+0.000000E+00,+9.910000E+37,+8.066963E+02,+3.584400E+04
13:26:44,0e0,+4.409020E-01,+4.159500E-04,+9.910000E+37,+8.069199E+02,+3.584400E+04,+4.394006E-01,+4.159500E-04,+9.910000E+37,+8.069854E+02,+3.584400E+04,+4.419042E-01,+4.159500E-04,+9.910000E+37,+8.070518E+02,+3.584400E+04,-2.611589E-01,+0.000000E+00,+9.910000E+37,+8.071191E+02,+3.584400E+04
13:26:44,0e0,+4.436345E-01,+4.394000E-04,+9.910000E+37,+8.073398E+02,+3.584400E+04,+4.445905E-01,+4.394000E-04,+9.910000E+37,+8.074063E+02,+3.584400E+04,+4.429046E-01,+4.394000E-04,+9.910000E+37,+8.074736E+02,+3.584400E+04,-2.752281E-01,+0.000000E+00,+9.910000E+37,+8.075391E+02,+3.584400E+04
13:26:44,0e0,+4.470937E-01,+4.641500E-04,+9.910000E+37,+8.077607E+02,+3.584400E+04,+4.470937E-01,+4.641500E-04,+9.910000E+37,+8.078271E+02,+3.584400E+04,+4.480515E-01,+4.641500E-04,+9.910000E+37,+8.078945E+02,+3.584400E+04,-2.847444E-01,+0.000000E+00,+9.910000E+37,+8.079600E+02,+3.584400E+04
13:26:44,0e0,+4.502814E-01,+4.903000E-04,+9.910000E+37,+8.081855E+02,+3.584400E+04,+4.516478E-01,+4.903000E-04,+9.910000E+37,+8.082529E+02,+3.584400E+04,+4.526048E-01,+4.903000E-04,+9.910000E+37,+8.083184E+02,+3.584400E+04,-2.688993E-01,+0.000000E+00,+9.910000E+37,+8.083848E+02,+3.584400E+04
13:26:44,0e0,+4.555617E-01,+5.179500E-04,+9.910000E+37,+8.086094E+02,+3.584400E+04,+4.553819E-01,+5.179500E-04,+9.910000E+37,+8.086768E+02,+3.584400E+04,+4.555625E-01,+5.179500E-04,+9.910000E+37,+8.087422E+02,+3.584400E+04,-2.806919E-01,+0.000000E+00,+9.910000E+37,+8.088086E+02,+3.584400E+04
13:26:44,0e0,+4.590683E-01,+5.471500E-04,+9.910000E+37,+8.090342E+02,+3.584400E+04,+4.602076E-01,+5.471500E-04,+9.910000E+37,+8.090996E+02,+3.584400E+04,+4.596602E-01,+5.471500E-04,+9.910000E+37,+8.091660E+02,+3.584400E+04,-2.691724E-01,+0.000000E+00,+9.910000E+37,+8.092334E+02,+3.584400E+04
13:26:44,0e0,+4.627564E-01,+5.779500E-04,+9.910000E+37,+8.094580E+02,+3.584400E+04,+4.635766E-01,+5.779500E-04,+9.910000E+37,+8.095244E+02,+3.584400E+04,+4.634404E-01,+5.779500E-04,+9.910000E+37,+8.095918E+02,+3.584400E+04,-2.867934E-01,+0.000000E+00,+9.910000E+37,+8.096572E+02,+3.584400E+04
13:26:44,0e0,+4.664445E-01,+6.105500E-04,+9.910000E+37,+8.098828E+02,+3.584400E+04,+4.668087E-01,+6.105500E-04,+9.910000E+37,+8.099502E+02,+3.584400E+04,+4.675838E-01,+6.105500E-04,+9.910000E+37,+8.100156E+02,+3.584400E+04,-2.709027E-01,+0.000000E+00,+9.910000E+37,+8.100820E+02,+3.584400E+04
13:26:44,0e0,+4.723185E-01,+6.449500E-04,+9.910000E+37,+8.103076E+02,+3.584400E+04,+4.709976E-01,+6.449500E-04,+9.910000E+37,+8.103730E+02,+3.584400E+04,+4.722720E-01,+6.449500E-04,+9.910000E+37,+8.104395E+02,+3.584400E+04,-2.829686E-01,+0.000000E+00,+9.910000E+37,+8.105059E+02,+3.584400E+04
13:26:44,0e0,+4.760975E-01,+6.813000E-04,+9.910000E+37,+8.107314E+02,+3.584400E+04,+4.755048E-01,+6.813000E-04,+9.910000E+37,+8.107979E+02,+3.584400E+04,+4.750036E-01,+6.813000E-04,+9.910000E+37,+8.108643E+02,+3.584400E+04,-2.751371E-01,+0.000000E+00,+9.910000E+37,+8.109307E+02,+3.584400E+04
13:26:44,0e0,+4.791008E-01,+7.197000E-04,+9.910000E+37,+8.111562E+02,+3.584400E+04,+4.790565E-01,+7.197000E-04,+9.910000E+37,+8.112236E+02,+3.584400E+04,+4.781896E-01,+7.197000E-04,+9.910000E+37,+8.112910E+02,+3.584400E+04,-2.852908E-01,+0.000000E+00,+9.910000E+37,+8.113584E+02,+3.584400E+04
13:26:44,0e0,+4.843369E-01,+7.602500E-04,+9.910000E+37,+8.115820E+02,+3.584400E+04,+4.831983E-01,+7.602500E-04,+9.910000E+37,+8.116484E+02,+3.584400E+04,+4.846558E-01,+7.602500E-04,+9.910000E+37,+8.117158E+02,+3.584400E+04,-2.793261E-01,+0.000000E+00,+9.910000E+37,+8.117832E+02,+3.584400E+04
13:26:44,0e0,+4.878873E-01,+8.031000E-04,+9.910000E+37,+8.120098E+02,+3.584400E+04,+4.871134E-01,+8.031000E-04,+9.910000E+37,+8.120771E+02,+3.584400E+04,+4.886164E-01,+8.031000E-04,+9.910000E+37,+8.121426E+02,+3.584400E+04,-2.834694E-01,+0.000000E+00,+9.910000E+37,+8.122090E+02,+3.584400E+04
13:26:44,0e0,+4.943987E-01,+8.483500E-04,+9.910000E+37,+8.124326E+02,+3.584400E+04,+4.919854E-01,+8.483500E-04,+9.910000E+37,+8.124990E+02,+3.584400E+04,+4.928969E-01,+8.483500E-04,+9.910000E+37,+8.125654E+02,+3.584400E+04,-2.824678E-01,+0.000000E+00,+9.910000E+37,+8.126318E+02,+3.584400E+04
13:26:44,0e0,+4.982696E-01,+8.961500E-04,+9.910000E+37,+8.128574E+02,+3.584400E+04,+4.996352E-01,+8.961500E-04,+9.910000E+37,+8.129248E+02,+3.584400E+04,+4.981789E-01,+8.961500E-04,+9.910000E+37,+8.129922E+02,+3.584400E+04,-2.944428E-01,+0.000000E+00,+9.910000E+37,+8.130596E+02,+3.584400E+04
13:26:44,0e0,+5.024124E-01,+9.466500E-04,+9.910000E+37,+8.132822E+02,+3.584400E+04,+5.029138E-01,+9.466500E-04,+9.910000E+37,+8.133486E+02,+3.584400E+04,+5.029587E-01,+9.466500E-04,+9.910000E+37,+8.134160E+02,+3.584400E+04,-3.315512E-01,+0.000000E+00,+9.910000E+37,+8.134824E+02,+3.584400E+04
13:26:44,0e0,+5.081497E-01,+1.000000E-03,+9.910000E+37,+8.137012E+02,+3.584400E+04,+5.084223E-01,+1.000000E-03,+9.910000E+37,+8.137686E+02,+3.584400E+04,+5.073295E-01,+1.000000E-03,+9.910000E+37,+8.138350E+02,+3.584400E+04,-4.467474E-01,+0.000000E+00,+9.910000E+37,+8.139014E+02,+3.584400E+04
13:26:44,0e0,+5.008182E-01,+1.056500E-03,+9.910000E+37,+8.141270E+02,+3.584400E+04,+5.015020E-01,+1.056500E-03,+9.910000E+37,+8.141924E+02,+3.584400E+04,+4.993613E-01,+1.056500E-03,+9.910000E+37,+8.142598E+02,+3.584400E+04,-1.420720E+00,+0.000000E+00,+9.910000E+37,+8.143252E+02,+3.584400E+04
13:26:44,0e0,+5.045521E-01,+1.116000E-03,+9.910000E+37,+8.145527E+02,+3.584400E+04,+5.055540E-01,+1.116000E-03,+9.910000E+37,+8.146191E+02,+3.584400E+04,+5.056468E-01,+1.116000E-03,+9.910000E+37,+8.146855E+02,+3.584400E+04,-1.430101E+00,+0.000000E+00,+9.910000E+37,+8.147520E+02,+3.584400E+04
13:26:44,0e0,+5.116099E-01,+1.179000E-03,+9.910000E+37,+8.149756E+02,+3.584400E+04,+5.096530E-01,+1.179000E-03,+9.910000E+37,+8.150420E+02,+3.584400E+04,+5.087394E-01,+1.179000E-03,+9.910000E+37,+8.151074E+02,+3.584400E+04,-1.397864E+00,+0.000000E+00,+9.910000E+37,+8.151738E+02,+3.584400E+04
13:26:44,0e0,+5.144317E-01,+1.245000E-03,+9.910000E+37,+8.153955E+02,+3.584400E+04,+5.129296E-01,+1.245000E-03,+9.910000E+37,+8.154619E+02,+3.584400E+04,+5.145232E-01,+1.245000E-03,+9.910000E+37,+8.155273E+02,+3.584400E+04,-1.410248E+00,+0.000000E+00,+9.910000E+37,+8.155938E+02,+3.584400E+04
13:26:44,0e0,+5.194399E-01,+1.315500E-03,+9.910000E+37,+8.158145E+02,+3.584400E+04,+5.189853E-01,+1.315500E-03,+9.910000E+37,+8.158809E+02,+3.584400E+04,+5.195767E-01,+1.315500E-03,+9.910000E+37,+8.159473E+02,+3.584400E+04,-1.425821E+00,+0.000000E+00,+9.910000E+37,+8.160146E+02,+3.584400E+04
13:26:44,0e0,+5.229466E-01,+1.389500E-03,+9.910000E+37,+8.162354E+02,+3.584400E+04,+5.236285E-01,+1.389500E-03,+9.910000E+37,+8.163027E+02,+3.584400E+04,+5.239933E-01,+1.389500E-03,+9.910000E+37,+8.163682E+02,+3.584400E+04,-1.434241E+00,+0.000000E+00,+9.910000E+37,+8.164346E+02,+3.584400E+04
13:26:44,0e0,+5.280900E-01,+1.468000E-03,+9.910000E+37,+8.166553E+02,+3.584400E+04,+5.292746E-01,+1.468000E-03,+9.910000E+37,+8.167217E+02,+3.584400E+04,+5.277715E-01,+1.468000E-03,+9.910000E+37,+8.167891E+02,+3.584400E+04,-1.434836E+00,+0.000000E+00,+9.910000E+37,+8.168564E+02,+3.584400E+04
13:26:44,0e0,+5.335091E-01,+1.550500E-03,+9.910000E+37,+8.170820E+02,+3.584400E+04,+5.329612E-01,+1.550500E-03,+9.910000E+37,+8.171475E+02,+3.584400E+04,+5.331901E-01,+1.550500E-03,+9.910000E+37,+8.172139E+02,+3.584400E+04,-1.446356E+00,+0.000000E+00,+9.910000E+37,+8.172813E+02,+3.584400E+04
13:26:44,0e0,+5.388347E-01,+1.638000E-03,+9.910000E+37,+8.175059E+02,+3.584400E+04,+5.374231E-01,+1.638000E-03,+9.910000E+37,+8.175723E+02,+3.584400E+04,+5.398374E-01,+1.638000E-03,+9.910000E+37,+8.176396E+02,+3.584400E+04,-1.432058E+00,+0.000000E+00,+9.910000E+37,+8.177051E+02,+3.584400E+04
13:26:44,0e0,+5.441164E-01,+1.730000E-03,+9.910000E+37,+8.179307E+02,+3.584400E+04,+5.439355E-01,+1.730000E-03,+9.910000E+37,+8.179980E+02,+3.584400E+04,+5.429331E-01,+1.730000E-03,+9.910000E+37,+8.180635E+02,+3.584400E+04,-1.446672E+00,+0.000000E+00,+9.910000E+37,+8.181299E+02,+3.584400E+04
13:26:44,0e0,+5.489435E-01,+1.827500E-03,+9.910000E+37,+8.183525E+02,+3.584400E+04,+5.493538E-01,+1.827500E-03,+9.910000E+37,+8.184189E+02,+3.584400E+04,+5.495803E-01,+1.827500E-03,+9.910000E+37,+8.184854E+02,+3.584400E+04,-1.467846E+00,+0.000000E+00,+9.910000E+37,+8.185527E+02,+3.584400E+04
13:26:44,0e0,+5.540419E-01,+1.930500E-03,+9.910000E+37,+8.187734E+02,+3.584400E+04,+5.555006E-01,+1.930500E-03,+9.910000E+37,+8.188408E+02,+3.584400E+04,+5.546346E-01,+1.930500E-03,+9.910000E+37,+8.189082E+02,+3.584400E+04,-1.463202E+00,+0.000000E+00,+9.910000E+37,+8.189756E+02,+3.584400E+04
13:26:44,0e0,+5.605073E-01,+2.039500E-03,+9.910000E+37,+8.191963E+02,+3.584400E+04,+5.608726E-01,+2.039500E-03,+9.910000E+37,+8.192617E+02,+3.584400E+04,+5.590959E-01,+2.039500E-03,+9.910000E+37,+8.193291E+02,+3.584400E+04,-1.447494E+00,+0.000000E+00,+9.910000E+37,+8.193955E+02,+3.584400E+04
13:26:44,0e0,+5.661544E-01,+2.154500E-03,+9.910000E+37,+8.196172E+02,+3.584400E+04,+5.645130E-01,+2.154500E-03,+9.910000E+37,+8.196836E+02,+3.584400E+04,+5.647874E-01,+2.154500E-03,+9.910000E+37,+8.197510E+02,+3.584400E+04,-1.441893E+00,+0.000000E+00,+9.910000E+37,+8.198184E+02,+3.584400E+04
13:26:44,0e0,+5.715705E-01,+2.276000E-03,+9.910000E+37,+8.200381E+02,+3.584400E+04,+5.716164E-01,+2.276000E-03,+9.910000E+37,+8.201055E+02,+3.584400E+04,+5.702490E-01,+2.276000E-03,+9.910000E+37,+8.201709E+02,+3.584400E+04,-1.426322E+00,+0.000000E+00,+9.910000E+37,+8.202373E+02,+3.584400E+04
13:26:44,0e0,+5.780823E-01,+2.404000E-03,+9.910000E+37,+8.204600E+02,+3.584400E+04,+5.771261E-01,+2.404000E-03,+9.910000E+37,+8.205273E+02,+3.584400E+04,+5.782637E-01,+2.404000E-03,+9.910000E+37,+8.205928E+02,+3.584400E+04,-1.437428E+00,+0.000000E+00,+9.910000E+37,+8.206592E+02,+3.584400E+04
13:26:44,0e0,+5.836353E-01,+2.539500E-03,+9.910000E+37,+8.208848E+02,+3.584400E+04,+5.829985E-01,+2.539500E-03,+9.910000E+37,+8.209521E+02,+3.584400E+04,+5.835915E-01,+2.539500E-03,+9.910000E+37,+8.210176E+02,+3.584400E+04,-1.410432E+00,+0.000000E+00,+9.910000E+37,+8.210840E+02,+3.584400E+04
13:26:44,0e0,+5.907388E-01,+2.682500E-03,+9.910000E+37,+8.213105E+02,+3.584400E+04,+5.900102E-01,+2.682500E-03,+9.910000E+37,+8.213760E+02,+3.584400E+04,+5.892815E-01,+2.682500E-03,+9.910000E+37,+8.214424E+02,+3.584400E+04,-1.423087E+00,+0.000000E+00,+9.910000E+37,+8.215088E+02,+3.584400E+04
13:26:44,0e0,+5.962473E-01,+2.834000E-03,+9.910000E+37,+8.217354E+02,+3.584400E+04,+5.976603E-01,+2.834000E-03,+9.910000E+37,+8.218018E+02,+3.584400E+04,+5.957472E-01,+2.834000E-03,+9.910000E+37,+8.218682E+02,+3.584400E+04,-1.461334E+00,+0.000000E+00,+9.910000E+37,+8.219346E+02,+3.584400E+04
13:26:44,0e0,+6.028962E-01,+2.993500E-03,+9.910000E+37,+8.221582E+02,+3.584400E+04,+6.022123E-01,+2.993500E-03,+9.910000E+37,+8.222256E+02,+3.584400E+04,+6.024388E-01,+2.993500E-03,+9.910000E+37,+8.222910E+02,+3.584400E+04,-1.423451E+00,+0.000000E+00,+9.910000E+37,+8.223574E+02,+3.584400E+04
13:26:44,0e0,+6.095877E-01,+3.162500E-03,+9.910000E+37,+8.225830E+02,+3.584400E+04,+6.090863E-01,+3.162500E-03,+9.910000E+37,+8.226504E+02,+3.584400E+04,+6.096786E-01,+3.162500E-03,+9.910000E+37,+8.227158E+02,+3.584400E+04,-1.416941E+00,+0.000000E+00,+9.910000E+37,+8.227822E+02,+3.584400E+04
13:26:44,0e0,+6.166921E-01,+3.340500E-03,+9.910000E+37,+8.230039E+02,+3.584400E+04,+6.159168E-01,+3.340500E-03,+9.910000E+37,+8.230693E+02,+3.584400E+04,+6.150503E-01,+3.340500E-03,+9.910000E+37,+8.231357E+02,+3.584400E+04,-1.414893E+00,+0.000000E+00,+9.910000E+37,+8.232031E+02,+3.584400E+04
13:26:44,0e0,+6.218789E-01,+3.528500E-03,+9.910000E+37,+8.234287E+02,+3.584400E+04,+6.235197E-01,+3.528500E-03,+9.910000E+37,+8.234951E+02,+3.584400E+04,+6.221994E-01,+3.528500E-03,+9.910000E+37,+8.235605E+02,+3.584400E+04,-1.434881E+00,+0.000000E+00,+9.910000E+37,+8.236270E+02,+3.584400E+04
13:26:44,0e0,+6.308500E-01,+3.727500E-03,+9.910000E+37,+8.238525E+02,+3.584400E+04,+6.298489E-01,+3.727500E-03,+9.910000E+37,+8.239189E+02,+3.584400E+04,+6.303955E-01,+3.727500E-03,+9.910000E+37,+8.239863E+02,+3.584400E+04,-1.468074E+00,+0.000000E+00,+9.910000E+37,+8.240537E+02,+3.584400E+04
13:26:44,0e0,+6.373613E-01,+3.937500E-03,+9.910000E+37,+8.242773E+02,+3.584400E+04,+6.363580E-01,+3.937500E-03,+9.910000E+37,+8.243438E+02,+3.584400E+04,+6.366776E-01,+3.937500E-03,+9.910000E+37,+8.244111E+02,+3.584400E+04,-1.433015E+00,+0.000000E+00,+9.910000E+37,+8.244785E+02,+3.584400E+04
13:26:44,0e0,+6.445090E-01,+4.159500E-03,+9.910000E+37,+8.247012E+02,+3.584400E+04,+6.444176E-01,+4.159500E-03,+9.910000E+37,+8.247666E+02,+3.584400E+04,+6.438264E-01,+4.159500E-03,+9.910000E+37,+8.248330E+02,+3.584400E+04,-1.449636E+00,+0.000000E+00,+9.910000E+37,+8.249004E+02,+3.584400E+04
13:26:44,0e0,+6.535228E-01,+4.394000E-03,+9.910000E+37,+8.251240E+02,+3.584400E+04,+6.522935E-01,+4.394000E-03,+9.910000E+37,+8.251914E+02,+3.584400E+04,+6.524766E-01,+4.394000E-03,+9.910000E+37,+8.252568E+02,+3.584400E+04,-1.419672E+00,+0.000000E+00,+9.910000E+37,+8.253232E+02,+3.584400E+04
13:26:44,0e0,+6.591692E-01,+4.641500E-03,+9.910000E+37,+8.255459E+02,+3.584400E+04,+6.594880E-01,+4.641500E-03,+9.910000E+37,+8.256133E+02,+3.584400E+04,+6.603082E-01,+4.641500E-03,+9.910000E+37,+8.256787E+02,+3.584400E+04,-1.452547E+00,+0.000000E+00,+9.910000E+37,+8.257451E+02,+3.584400E+04
13:26:44,0e0,+6.661787E-01,+4.903000E-03,+9.910000E+37,+8.259648E+02,+3.584400E+04,+6.672729E-01,+4.903000E-03,+9.910000E+37,+8.260313E+02,+3.584400E+04,+6.669534E-01,+4.903000E-03,+9.910000E+37,+8.260986E+02,+3.584400E+04,-1.434425E+00,+0.000000E+00,+9.910000E+37,+8.261650E+02,+3.584400E+04
13:26:44,0e0,+6.749662E-01,+5.179500E-03,+9.910000E+37,+8.263857E+02,+3.584400E+04,+6.744223E-01,+5.179500E-03,+9.910000E+37,+8.264521E+02,+3.584400E+04,+6.741933E-01,+5.179500E-03,+9.910000E+37,+8.265186E+02,+3.584400E+04,-1.398271E+00,+0.000000E+00,+9.910000E+37,+8.265859E+02,+3.584400E+04
13:26:44,0e0,+6.817951E-01,+5.471500E-03,+9.910000E+37,+8.268105E+02,+3.584400E+04,+6.840276E-01,+5.471500E-03,+9.910000E+37,+8.268770E+02,+3.584400E+04,+6.823885E-01,+5.471500E-03,+9.910000E+37,+8.269443E+02,+3.584400E+04,-1.450043E+00,+0.000000E+00,+9.910000E+37,+8.270117E+02,+3.584400E+04
13:26:44,0e0,+6.905842E-01,+5.779500E-03,+9.910000E+37,+8.272354E+02,+3.584400E+04,+6.897654E-01,+5.779500E-03,+9.910000E+37,+8.273018E+02,+3.584400E+04,+6.905381E-01,+5.779500E-03,+9.910000E+37,+8.273682E+02,+3.584400E+04,-1.426959E+00,+0.000000E+00,+9.910000E+37,+8.274346E+02,+3.584400E+04
13:26:44,0e0,+6.991885E-01,+6.105500E-03,+9.910000E+37,+8.276553E+02,+3.584400E+04,+6.966382E-01,+6.105500E-03,+9.910000E+37,+8.277217E+02,+3.584400E+04,+6.966374E-01,+6.105500E-03,+9.910000E+37,+8.277881E+02,+3.584400E+04,-1.442756E+00,+0.000000E+00,+9.910000E+37,+8.278545E+02,+3.584400E+04
13:26:44,0e0,+7.054263E-01,+6.449500E-03,+9.910000E+37,+8.280742E+02,+3.584400E+04,+7.065639E-01,+6.449500E-03,+9.910000E+37,+8.281406E+02,+3.584400E+04,+7.050626E-01,+6.449500E-03,+9.910000E+37,+8.282080E+02,+3.584400E+04,-1.418172E+00,+0.000000E+00,+9.910000E+37,+8.282734E+02,+3.584400E+04
13:26:44,0e0,+7.123903E-01,+6.813000E-03,+9.910000E+37,+8.284922E+02,+3.584400E+04,+7.133024E-01,+6.813000E-03,+9.910000E+37,+8.285586E+02,+3.584400E+04,+7.132112E-01,+6.813000E-03,+9.910000E+37,+8.286250E+02,+3.584400E+04,-1.581995E+00,+0.000000E+00,+9.910000E+37,+8.286934E+02,+3.584400E+04
13:26:44,0e0,+7.203137E-01,+7.197000E-03,+9.910000E+37,+8.289180E+02,+3.584400E+04,+7.214075E-01,+7.197000E-03,+9.910000E+37,+8.289834E+02,+3.584400E+04,+7.217257E-01,+7.197000E-03,+9.910000E+37,+8.290498E+02,+3.584400E+04,-1.412889E+00,+0.000000E+00,+9.910000E+37,+8.291172E+02,+3.584400E+04
13:26:44,0e0,+7.284639E-01,+7.602500E-03,+9.910000E+37,+8.293379E+02,+3.584400E+04,+7.303776E-01,+7.602500E-03,+9.910000E+37,+8.294033E+02,+3.584400E+04,+7.281908E-01,+7.602500E-03,+9.910000E+37,+8.294697E+02,+3.584400E+04,-1.428595E+00,+0.000000E+00,+9.910000E+37,+8.295371E+02,+3.584400E+04
13:26:44,0e0,+7.367955E-01,+8.031000E-03,+9.910000E+37,+8.297637E+02,+3.584400E+04,+7.385734E-01,+8.031000E-03,+9.910000E+37,+8.298291E+02,+3.584400E+04,+7.371602E-01,+8.031000E-03,+9.910000E+37,+8.298965E+02,+3.584400E+04,-1.388212E+00,+0.000000E+00,+9.910000E+37,+8.299619E+02,+3.584400E+04
13:26:44,0e0,+7.463121E-01,+8.483500E-03,+9.910000E+37,+8.301826E+02,+3.584400E+04,+7.451750E-01,+8.483500E-03,+9.910000E+37,+8.302480E+02,+3.584400E+04,+7.459466E-01,+8.483500E-03,+9.910000E+37,+8.303145E+02,+3.584400E+04,-1.421358E+00,+0.000000E+00,+9.910000E+37,+8.303818E+02,+3.584400E+04
13:26:44,0e0,+7.540063E-01,+8.961500E-03,+9.910000E+37,+8.306084E+02,+3.584400E+04,+7.542794E-01,+8.961500E-03,+9.910000E+37,+8.306748E+02,+3.584400E+04,+7.537329E-01,+8.961500E-03,+9.910000E+37,+8.307422E+02,+3.584400E+04,-1.437158E+00,+0.000000E+00,+9.910000E+37,+8.308096E+02,+3.584400E+04
13:26:44,0e0,+7.617458E-01,+9.466500E-03,+9.910000E+37,+8.310342E+02,+3.584400E+04,+7.609699E-01,+9.466500E-03,+9.910000E+37,+8.310996E+02,+3.584400E+04,+7.617018E-01,+9.466500E-03,+9.910000E+37,+8.311670E+02,+3.584400E+04,-1.378968E+00,+0.000000E+00,+9.910000E+37,+8.312324E+02,+3.584400E+04
