14:19:30,0e0,-1.139636E-01,+1.000000E-07,+9.910000E+37,+3.893073E+03,+3.584400E+04,-5.197421E-03,+1.000000E-07,+9.910000E+37,+3.893140E+03,+3.584400E+04,-6.108001E-03,+1.000000E-07,+9.910000E+37,+3.893207E+03,+3.584400E+04,-4.894938E-02,+0.000000E+00,+9.910000E+37,+3.893272E+03,+3.584400E+04
14:19:30,0e0,-5.345722E-02,+1.056500E-07,+9.910000E+37,+3.893495E+03,+3.584400E+04,-4.286185E-03,+1.056500E-07,+9.910000E+37,+3.893562E+03,+3.584400E+04,-5.789638E-03,+1.056500E-07,+9.910000E+37,+3.893630E+03,+3.584400E+04,-4.908627E-02,+0.000000E+00,+9.910000E+37,+3.893696E+03,+3.584400E+04
14:19:30,0e0,-2.714151E-02,+1.116000E-07,+9.910000E+37,+3.893919E+03,+3.584400E+04,-2.192125E-03,+1.116000E-07,+9.910000E+37,+3.893985E+03,+3.584400E+04,-3.467157E-03,+1.116000E-07,+9.910000E+37,+3.894052E+03,+3.584400E+04,-5.099803E-02,+0.000000E+00,+9.910000E+37,+3.894118E+03,+3.584400E+04
14:19:30,0e0,-2.814350E-02,+1.179000E-07,+9.910000E+37,+3.894344E+03,+3.584400E+04,-1.418188E-03,+1.179000E-07,+9.910000E+37,+3.894410E+03,+3.584400E+04,-3.255010E-04,+1.179000E-07,+9.910000E+37,+3.894477E+03,+3.584400E+04,-5.045235E-02,+0.000000E+00,+9.910000E+37,+3.894544E+03,+3.584400E+04
14:19:30,0e0,-5.535781E-04,+1.245000E-07,+9.910000E+37,+3.894768E+03,+3.584400E+04,+2.360314E-03,+1.245000E-07,+9.910000E+37,+3.894834E+03,+3.584400E+04,-4.172474E-04,+1.245000E-07,+9.910000E+37,+3.894900E+03,+3.584400E+04,-5.072531E-02,+0.000000E+00,+9.910000E+37,+3.894967E+03,+3.584400E+04
14:19:30,0e0,-3.515470E-02,+1.315500E-07,+9.910000E+37,+3.895192E+03,+3.584400E+04,+3.316402E-03,+1.315500E-07,+9.910000E+37,+3.895259E+03,+3.584400E+04,+3.452912E-03,+1.315500E-07,+9.910000E+37,+3.895326E+03,+3.584400E+04,-4.999706E-02,+0.000000E+00,+9.910000E+37,+3.895392E+03,+3.584400E+04
14:19:30,0e0,+3.907815E-03,+1.389500E-07,+9.910000E+37,+3.895615E+03,+3.584400E+04,+4.272550E-03,+1.389500E-07,+9.910000E+37,+3.895682E+03,+3.584400E+04,+3.088340E-03,+1.389500E-07,+9.910000E+37,+3.895748E+03,+3.584400E+04,-4.935919E-02,+0.000000E+00,+9.910000E+37,+3.895815E+03,+3.584400E+04
14:19:30,0e0,-5.823705E-02,+1.468000E-07,+9.910000E+37,+3.896038E+03,+3.584400E+04,+6.913245E-03,+1.468000E-07,+9.910000E+37,+3.896104E+03,+3.584400E+04,+6.366625E-03,+1.468000E-07,+9.910000E+37,+3.896171E+03,+3.584400E+04,-4.913189E-02,+0.000000E+00,+9.910000E+37,+3.896236E+03,+3.584400E+04
14:19:30,0e0,+8.187845E-03,+1.550500E-07,+9.910000E+37,+3.896461E+03,+3.584400E+04,+1.000896E-02,+1.550500E-07,+9.910000E+37,+3.896527E+03,+3.584400E+04,+9.098440E-03,+1.550500E-07,+9.910000E+37,+3.896593E+03,+3.584400E+04,-5.077082E-02,+0.000000E+00,+9.910000E+37,+3.896659E+03,+3.584400E+04
14:19:30,0e0,-2.709611E-02,+1.638000E-07,+9.910000E+37,+3.896886E+03,+3.584400E+04,+9.781539E-03,+1.638000E-07,+9.910000E+37,+3.896952E+03,+3.584400E+04,+1.160258E-02,+1.638000E-07,+9.910000E+37,+3.897018E+03,+3.584400E+04,-5.026996E-02,+0.000000E+00,+9.910000E+37,+3.897084E+03,+3.584400E+04
14:19:30,0e0,+1.278633E-02,+1.730000E-07,+9.910000E+37,+3.897311E+03,+3.584400E+04,+1.178440E-02,+1.730000E-07,+9.910000E+37,+3.897377E+03,+3.584400E+04,+1.228496E-02,+1.730000E-07,+9.910000E+37,+3.897443E+03,+3.584400E+04,-5.090727E-02,+0.000000E+00,+9.910000E+37,+3.897511E+03,+3.584400E+04
14:19:30,0e0,+1.196702E-02,+1.827500E-07,+9.910000E+37,+3.897733E+03,+3.584400E+04,+1.651970E-02,+1.827500E-07,+9.910000E+37,+3.897800E+03,+3.584400E+04,+1.469870E-02,+1.827500E-07,+9.910000E+37,+3.897866E+03,+3.584400E+04,-5.168110E-02,+0.000000E+00,+9.910000E+37,+3.897933E+03,+3.584400E+04
14:19:30,0e0,+1.692946E-02,+1.930500E-07,+9.910000E+37,+3.898157E+03,+3.584400E+04,+1.661070E-02,+1.930500E-07,+9.910000E+37,+3.898224E+03,+3.584400E+04,+1.620120E-02,+1.930500E-07,+9.910000E+37,+3.898290E+03,+3.584400E+04,-5.077079E-02,+0.000000E+00,+9.910000E+37,+3.898355E+03,+3.584400E+04
14:19:30,0e0,+1.879574E-02,+2.039500E-07,+9.910000E+37,+3.898575E+03,+3.584400E+04,+1.756643E-02,+2.039500E-07,+9.910000E+37,+3.898641E+03,+3.584400E+04,+1.888745E-02,+2.039500E-07,+9.910000E+37,+3.898707E+03,+3.584400E+04,-5.086151E-02,+0.000000E+00,+9.910000E+37,+3.898773E+03,+3.584400E+04
14:19:30,0e0,+2.189191E-02,+2.154500E-07,+9.910000E+37,+3.898995E+03,+3.584400E+04,+2.116366E-02,+2.154500E-07,+9.910000E+37,+3.899062E+03,+3.584400E+04,+2.093539E-02,+2.154500E-07,+9.910000E+37,+3.899128E+03,+3.584400E+04,-5.022427E-02,+0.000000E+00,+9.910000E+37,+3.899194E+03,+3.584400E+04
14:19:30,0e0,+2.398616E-02,+2.276000E-07,+9.910000E+37,+3.899421E+03,+3.584400E+04,+2.407739E-02,+2.276000E-07,+9.910000E+37,+3.899487E+03,+3.584400E+04,+2.307597E-02,+2.276000E-07,+9.910000E+37,+3.899554E+03,+3.584400E+04,-5.140790E-02,+0.000000E+00,+9.910000E+37,+3.899621E+03,+3.584400E+04
14:19:30,0e0,+2.421321E-02,+2.404000E-07,+9.910000E+37,+3.899846E+03,+3.584400E+04,+2.521564E-02,+2.404000E-07,+9.910000E+37,+3.899912E+03,+3.584400E+04,+2.562504E-02,+2.404000E-07,+9.910000E+37,+3.899978E+03,+3.584400E+04,-5.122577E-02,+0.000000E+00,+9.910000E+37,+3.900044E+03,+3.584400E+04
14:19:30,0e0,+2.926761E-02,+2.539500E-07,+9.910000E+37,+3.900271E+03,+3.584400E+04,+2.658077E-02,+2.539500E-07,+9.910000E+37,+3.900338E+03,+3.584400E+04,+2.894855E-02,+2.539500E-07,+9.910000E+37,+3.900404E+03,+3.584400E+04,-5.259196E-02,+0.000000E+00,+9.910000E+37,+3.900471E+03,+3.584400E+04
14:19:30,0e0,+2.872065E-02,+2.682500E-07,+9.910000E+37,+3.900695E+03,+3.584400E+04,+2.981332E-02,+2.682500E-07,+9.910000E+37,+3.900762E+03,+3.584400E+04,+2.981338E-02,+2.682500E-07,+9.910000E+37,+3.900828E+03,+3.584400E+04,-5.186336E-02,+0.000000E+00,+9.910000E+37,+3.900895E+03,+3.584400E+04
14:19:30,0e0,+3.067830E-02,+2.834000E-07,+9.910000E+37,+3.901118E+03,+3.584400E+04,+3.286383E-02,+2.834000E-07,+9.910000E+37,+3.901185E+03,+3.584400E+04,+3.300080E-02,+2.834000E-07,+9.910000E+37,+3.901251E+03,+3.584400E+04,-5.327506E-02,+0.000000E+00,+9.910000E+37,+3.901318E+03,+3.584400E+04
14:19:30,0e0,+3.550482E-02,+2.993500E-07,+9.910000E+37,+3.901544E+03,+3.584400E+04,+3.596073E-02,+2.993500E-07,+9.910000E+37,+3.901610E+03,+3.584400E+04,+3.463972E-02,+2.993500E-07,+9.910000E+37,+3.901676E+03,+3.584400E+04,-5.145355E-02,+0.000000E+00,+9.910000E+37,+3.901742E+03,+3.584400E+04
14:19:30,0e0,+3.664270E-02,+3.162500E-07,+9.910000E+37,+3.901968E+03,+3.584400E+04,+3.796324E-02,+3.162500E-07,+9.910000E+37,+3.902034E+03,+3.584400E+04,+3.778145E-02,+3.162500E-07,+9.910000E+37,+3.902101E+03,+3.584400E+04,-5.227311E-02,+0.000000E+00,+9.910000E+37,+3.902167E+03,+3.584400E+04
14:19:30,0e0,+3.955641E-02,+3.340500E-07,+9.910000E+37,+3.902393E+03,+3.584400E+04,+4.023987E-02,+3.340500E-07,+9.910000E+37,+3.902459E+03,+3.584400E+04,+4.087722E-02,+3.340500E-07,+9.910000E+37,+3.902525E+03,+3.584400E+04,-5.168134E-02,+0.000000E+00,+9.910000E+37,+3.902593E+03,+3.584400E+04
14:19:30,0e0,+4.206038E-02,+3.528500E-07,+9.910000E+37,+3.902817E+03,+3.584400E+04,+4.383653E-02,+3.528500E-07,+9.910000E+37,+3.902885E+03,+3.584400E+04,+4.265293E-02,+3.528500E-07,+9.910000E+37,+3.902950E+03,+3.584400E+04,-5.036095E-02,+0.000000E+00,+9.910000E+37,+3.903017E+03,+3.584400E+04
14:19:30,0e0,+4.497468E-02,+3.727500E-07,+9.910000E+37,+3.903244E+03,+3.584400E+04,+4.725099E-02,+3.727500E-07,+9.910000E+37,+3.903310E+03,+3.584400E+04,+4.492906E-02,+3.727500E-07,+9.910000E+37,+3.903377E+03,+3.584400E+04,-5.145343E-02,+0.000000E+00,+9.910000E+37,+3.903442E+03,+3.584400E+04
14:19:30,0e0,+4.998261E-02,+3.937500E-07,+9.910000E+37,+3.903667E+03,+3.584400E+04,+4.825246E-02,+3.937500E-07,+9.910000E+37,+3.903734E+03,+3.584400E+04,+4.989150E-02,+3.937500E-07,+9.910000E+37,+3.903801E+03,+3.584400E+04,-5.236441E-02,+0.000000E+00,+9.910000E+37,+3.903867E+03,+3.584400E+04
14:19:30,0e0,+5.093887E-02,+4.159500E-07,+9.910000E+37,+3.904091E+03,+3.584400E+04,+5.102932E-02,+4.159500E-07,+9.910000E+37,+3.904157E+03,+3.584400E+04,+5.071118E-02,+4.159500E-07,+9.910000E+37,+3.904224E+03,+3.584400E+04,-5.186319E-02,+0.000000E+00,+9.910000E+37,+3.904290E+03,+3.584400E+04
14:19:30,0e0,+5.389801E-02,+4.394000E-07,+9.910000E+37,+3.904515E+03,+3.584400E+04,+5.412573E-02,+4.394000E-07,+9.910000E+37,+3.904581E+03,+3.584400E+04,+5.426270E-02,+4.394000E-07,+9.910000E+37,+3.904647E+03,+3.584400E+04,-5.254637E-02,+0.000000E+00,+9.910000E+37,+3.904714E+03,+3.584400E+04
14:19:30,0e0,+5.640200E-02,+4.641500E-07,+9.910000E+37,+3.904938E+03,+3.584400E+04,+5.558273E-02,+4.641500E-07,+9.910000E+37,+3.905004E+03,+3.584400E+04,+5.690295E-02,+4.641500E-07,+9.910000E+37,+3.905071E+03,+3.584400E+04,-5.136256E-02,+0.000000E+00,+9.910000E+37,+3.905138E+03,+3.584400E+04
14:19:30,0e0,+5.926982E-02,+4.903000E-07,+9.910000E+37,+3.905357E+03,+3.584400E+04,+5.949801E-02,+4.903000E-07,+9.910000E+37,+3.905424E+03,+3.584400E+04,+6.036276E-02,+4.903000E-07,+9.910000E+37,+3.905490E+03,+3.584400E+04,-6.697865E-02,+0.000000E+00,+9.910000E+37,+3.905558E+03,+3.584400E+04
14:19:30,0e0,+6.127343E-02,+5.179500E-07,+9.910000E+37,+3.905783E+03,+3.584400E+04,+6.236604E-02,+5.179500E-07,+9.910000E+37,+3.905850E+03,+3.584400E+04,+6.168291E-02,+5.179500E-07,+9.910000E+37,+3.905916E+03,+3.584400E+04,-5.236393E-02,+0.000000E+00,+9.910000E+37,+3.905981E+03,+3.584400E+04
14:19:30,0e0,+6.477907E-02,+5.471500E-07,+9.910000E+37,+3.906207E+03,+3.584400E+04,+6.487033E-02,+5.471500E-07,+9.910000E+37,+3.906273E+03,+3.584400E+04,+6.537119E-02,+5.471500E-07,+9.910000E+37,+3.906340E+03,+3.584400E+04,-9.411351E-02,+0.000000E+00,+9.910000E+37,+3.906406E+03,+3.584400E+04
14:19:30,0e0,+6.764749E-02,+5.779500E-07,+9.910000E+37,+3.906631E+03,+3.584400E+04,+6.742004E-02,+5.779500E-07,+9.910000E+37,+3.906697E+03,+3.584400E+04,+6.751081E-02,+5.779500E-07,+9.910000E+37,+3.906765E+03,+3.584400E+04,-5.008797E-02,+0.000000E+00,+9.910000E+37,+3.906831E+03,+3.584400E+04
14:19:30,0e0,+7.028797E-02,+6.105500E-07,+9.910000E+37,+3.907054E+03,+3.584400E+04,+6.983268E-02,+6.105500E-07,+9.910000E+37,+3.907120E+03,+3.584400E+04,+7.128975E-02,+6.105500E-07,+9.910000E+37,+3.907187E+03,+3.584400E+04,-1.458786E-01,+0.000000E+00,+9.910000E+37,+3.907254E+03,+3.584400E+04
14:19:30,0e0,+7.402128E-02,+6.449500E-07,+9.910000E+37,+3.907479E+03,+3.584400E+04,+7.338372E-02,+6.449500E-07,+9.910000E+37,+3.907546E+03,+3.584400E+04,+7.352003E-02,+6.449500E-07,+9.910000E+37,+3.907611E+03,+3.584400E+04,-5.209108E-02,+0.000000E+00,+9.910000E+37,+3.907678E+03,+3.584400E+04
14:19:30,0e0,+7.739043E-02,+6.813000E-07,+9.910000E+37,+3.907903E+03,+3.584400E+04,+7.743579E-02,+6.813000E-07,+9.910000E+37,+3.907970E+03,+3.584400E+04,+7.770944E-02,+6.813000E-07,+9.910000E+37,+3.908036E+03,+3.584400E+04,-2.057479E-01,+0.000000E+00,+9.910000E+37,+3.908103E+03,+3.584400E+04
14:19:30,0e0,+8.012173E-02,+7.197000E-07,+9.910000E+37,+3.908328E+03,+3.584400E+04,+8.075932E-02,+7.197000E-07,+9.910000E+37,+3.908394E+03,+3.584400E+04,+8.021316E-02,+7.197000E-07,+9.910000E+37,+3.908460E+03,+3.584400E+04,-5.659845E-02,+0.000000E+00,+9.910000E+37,+3.908526E+03,+3.584400E+04
14:19:30,0e0,+8.344564E-02,+7.602500E-07,+9.910000E+37,+3.908752E+03,+3.584400E+04,+8.362788E-02,+7.602500E-07,+9.910000E+37,+3.908818E+03,+3.584400E+04,+8.426511E-02,+7.602500E-07,+9.910000E+37,+3.908885E+03,+3.584400E+04,-3.085553E-01,+0.000000E+00,+9.910000E+37,+3.908951E+03,+3.584400E+04
14:19:30,0e0,+8.868113E-02,+8.031000E-07,+9.910000E+37,+3.909176E+03,+3.584400E+04,+8.795261E-02,+8.031000E-07,+9.910000E+37,+3.909242E+03,+3.584400E+04,+8.777112E-02,+8.031000E-07,+9.910000E+37,+3.909308E+03,+3.584400E+04,-1.075441E-01,+0.000000E+00,+9.910000E+37,+3.909374E+03,+3.584400E+04
14:19:30,0e0,+9.123099E-02,+8.483500E-07,+9.910000E+37,+3.909601E+03,+3.584400E+04,+8.986449E-02,+8.483500E-07,+9.910000E+37,+3.909668E+03,+3.584400E+04,+9.009221E-02,+8.483500E-07,+9.910000E+37,+3.909734E+03,+3.584400E+04,-4.536618E-01,+0.000000E+00,+9.910000E+37,+3.909801E+03,+3.584400E+04
14:19:30,0e0,+9.396231E-02,+8.961500E-07,+9.910000E+37,+3.910025E+03,+3.584400E+04,+9.450871E-02,+8.961500E-07,+9.910000E+37,+3.910092E+03,+3.584400E+04,+9.446305E-02,+8.961500E-07,+9.910000E+37,+3.910158E+03,+3.584400E+04,-2.664849E-01,+0.000000E+00,+9.910000E+37,+3.910225E+03,+3.584400E+04
14:19:30,0e0,+9.919861E-02,+9.466500E-07,+9.910000E+37,+3.910450E+03,+3.584400E+04,+9.792382E-02,+9.466500E-07,+9.910000E+37,+3.910517E+03,+3.584400E+04,+9.842461E-02,+9.466500E-07,+9.910000E+37,+3.910583E+03,+3.584400E+04,-6.290010E-01,+0.000000E+00,+9.910000E+37,+3.910649E+03,+3.584400E+04
14:19:30,0e0,+1.032506E-01,+1.000000E-06,+9.910000E+37,+3.910871E+03,+3.584400E+04,+1.017480E-01,+1.000000E-06,+9.910000E+37,+3.910938E+03,+3.584400E+04,+1.028410E-01,+1.000000E-06,+9.910000E+37,+3.911005E+03,+3.584400E+04,-5.769135E-01,+0.000000E+00,+9.910000E+37,+3.911071E+03,+3.584400E+04
14:19:30,0e0,+9.455463E-02,+1.056500E-06,+9.910000E+37,+3.911298E+03,+3.584400E+04,+9.487352E-02,+1.056500E-06,+9.910000E+37,+3.911364E+03,+3.584400E+04,+9.409940E-02,+1.056500E-06,+9.910000E+37,+3.911431E+03,+3.584400E+04,-5.090736E-02,+0.000000E+00,+9.910000E+37,+3.911498E+03,+3.584400E+04
14:19:30,0e0,+9.769624E-02,+1.116000E-06,+9.910000E+37,+3.911719E+03,+3.584400E+04,+9.687600E-02,+1.116000E-06,+9.910000E+37,+3.911786E+03,+3.584400E+04,+9.846985E-02,+1.116000E-06,+9.910000E+37,+3.911853E+03,+3.584400E+04,-5.190873E-02,+0.000000E+00,+9.910000E+37,+3.911918E+03,+3.584400E+04
14:19:30,0e0,+1.001541E-01,+1.179000E-06,+9.910000E+37,+3.912143E+03,+3.584400E+04,+1.003365E-01,+1.179000E-06,+9.910000E+37,+3.912210E+03,+3.584400E+04,+1.007457E-01,+1.179000E-06,+9.910000E+37,+3.912275E+03,+3.584400E+04,-5.222762E-02,+0.000000E+00,+9.910000E+37,+3.912342E+03,+3.584400E+04
14:19:30,0e0,+1.053901E-01,+1.245000E-06,+9.910000E+37,+3.912569E+03,+3.584400E+04,+1.040697E-01,+1.245000E-06,+9.910000E+37,+3.912637E+03,+3.584400E+04,+1.034783E-01,+1.245000E-06,+9.910000E+37,+3.912702E+03,+3.584400E+04,-5.172686E-02,+0.000000E+00,+9.910000E+37,+3.912769E+03,+3.584400E+04
14:19:30,0e0,+1.089868E-01,+1.315500E-06,+9.910000E+37,+3.912991E+03,+3.584400E+04,+1.077124E-01,+1.315500E-06,+9.910000E+37,+3.913058E+03,+3.584400E+04,+1.078029E-01,+1.315500E-06,+9.910000E+37,+3.913125E+03,+3.584400E+04,-5.491422E-02,+0.000000E+00,+9.910000E+37,+3.913192E+03,+3.584400E+04
14:19:30,0e0,+1.117190E-01,+1.389500E-06,+9.910000E+37,+3.913418E+03,+3.584400E+04,+1.113541E-01,+1.389500E-06,+9.910000E+37,+3.913484E+03,+3.584400E+04,+1.111722E-01,+1.389500E-06,+9.910000E+37,+3.913552E+03,+3.584400E+04,-5.291072E-02,+0.000000E+00,+9.910000E+37,+3.913619E+03,+3.584400E+04
14:19:30,0e0,+1.145861E-01,+1.468000E-06,+9.910000E+37,+3.913844E+03,+3.584400E+04,+1.147235E-01,+1.468000E-06,+9.910000E+37,+3.913910E+03,+3.584400E+04,+1.151787E-01,+1.468000E-06,+9.910000E+37,+3.913977E+03,+3.584400E+04,-5.327496E-02,+0.000000E+00,+9.910000E+37,+3.914043E+03,+3.584400E+04
14:19:30,0e0,+1.185931E-01,+1.550500E-06,+9.910000E+37,+3.914269E+03,+3.584400E+04,+1.188663E-01,+1.550500E-06,+9.910000E+37,+3.914335E+03,+3.584400E+04,+1.184570E-01,+1.550500E-06,+9.910000E+37,+3.914402E+03,+3.584400E+04,-5.168118E-02,+0.000000E+00,+9.910000E+37,+3.914468E+03,+3.584400E+04
14:19:30,0e0,+1.227363E-01,+1.638000E-06,+9.910000E+37,+3.914693E+03,+3.584400E+04,+1.226454E-01,+1.638000E-06,+9.910000E+37,+3.914759E+03,+3.584400E+04,+1.242842E-01,+1.638000E-06,+9.910000E+37,+3.914825E+03,+3.584400E+04,-5.227326E-02,+0.000000E+00,+9.910000E+37,+3.914892E+03,+3.584400E+04
14:19:30,0e0,+1.271524E-01,+1.730000E-06,+9.910000E+37,+3.915117E+03,+3.584400E+04,+1.261048E-01,+1.730000E-06,+9.910000E+37,+3.915184E+03,+3.584400E+04,+1.261962E-01,+1.730000E-06,+9.910000E+37,+3.915250E+03,+3.584400E+04,-5.400364E-02,+0.000000E+00,+9.910000E+37,+3.915316E+03,+3.584400E+04
14:19:30,0e0,+1.311591E-01,+1.827500E-06,+9.910000E+37,+3.915541E+03,+3.584400E+04,+1.307033E-01,+1.827500E-06,+9.910000E+37,+3.915608E+03,+3.584400E+04,+1.310228E-01,+1.827500E-06,+9.910000E+37,+3.915674E+03,+3.584400E+04,-5.345693E-02,+0.000000E+00,+9.910000E+37,+3.915740E+03,+3.584400E+04
14:19:30,0e0,+1.335715E-01,+1.930500E-06,+9.910000E+37,+3.915961E+03,+3.584400E+04,+1.353474E-01,+1.930500E-06,+9.910000E+37,+3.916027E+03,+3.584400E+04,+1.353939E-01,+1.930500E-06,+9.910000E+37,+3.916094E+03,+3.584400E+04,-5.354774E-02,+0.000000E+00,+9.910000E+37,+3.916160E+03,+3.584400E+04
14:19:30,0e0,+1.398094E-01,+2.039500E-06,+9.910000E+37,+3.916388E+03,+3.584400E+04,+1.381697E-01,+2.039500E-06,+9.910000E+37,+3.916453E+03,+3.584400E+04,+1.390809E-01,+2.039500E-06,+9.910000E+37,+3.916521E+03,+3.584400E+04,-5.218202E-02,+0.000000E+00,+9.910000E+37,+3.916587E+03,+3.584400E+04
14:19:30,0e0,+1.429509E-01,+2.154500E-06,+9.910000E+37,+3.916812E+03,+3.584400E+04,+1.437700E-01,+2.154500E-06,+9.910000E+37,+3.916880E+03,+3.584400E+04,+1.433602E-01,+2.154500E-06,+9.910000E+37,+3.916945E+03,+3.584400E+04,-5.377547E-02,+0.000000E+00,+9.910000E+37,+3.917012E+03,+3.584400E+04
14:19:30,0e0,+1.483233E-01,+2.276000E-06,+9.910000E+37,+3.917238E+03,+3.584400E+04,+1.470483E-01,+2.276000E-06,+9.910000E+37,+3.917306E+03,+3.584400E+04,+1.486412E-01,+2.276000E-06,+9.910000E+37,+3.917371E+03,+3.584400E+04,-5.332015E-02,+0.000000E+00,+9.910000E+37,+3.917437E+03,+3.584400E+04
14:19:30,0e0,+1.525581E-01,+2.404000E-06,+9.910000E+37,+3.917662E+03,+3.584400E+04,+1.521931E-01,+2.404000E-06,+9.910000E+37,+3.917729E+03,+3.584400E+04,+1.525119E-01,+2.404000E-06,+9.910000E+37,+3.917796E+03,+3.584400E+04,-5.382134E-02,+0.000000E+00,+9.910000E+37,+3.917861E+03,+3.584400E+04
14:19:30,0e0,+1.572466E-01,+2.539500E-06,+9.910000E+37,+3.918086E+03,+3.584400E+04,+1.571556E-01,+2.539500E-06,+9.910000E+37,+3.918152E+03,+3.584400E+04,+1.570183E-01,+2.539500E-06,+9.910000E+37,+3.918220E+03,+3.584400E+04,-5.327502E-02,+0.000000E+00,+9.910000E+37,+3.918285E+03,+3.584400E+04
14:19:30,0e0,+1.617078E-01,+2.682500E-06,+9.910000E+37,+3.918511E+03,+3.584400E+04,+1.619813E-01,+2.682500E-06,+9.910000E+37,+3.918577E+03,+3.584400E+04,+1.624821E-01,+2.682500E-06,+9.910000E+37,+3.918643E+03,+3.584400E+04,-5.368462E-02,+0.000000E+00,+9.910000E+37,+3.918709E+03,+3.584400E+04
14:19:30,0e0,+1.671261E-01,+2.834000E-06,+9.910000E+37,+3.918930E+03,+3.584400E+04,+1.669894E-01,+2.834000E-06,+9.910000E+37,+3.918996E+03,+3.584400E+04,+1.670797E-01,+2.834000E-06,+9.910000E+37,+3.919062E+03,+3.584400E+04,-5.304702E-02,+0.000000E+00,+9.910000E+37,+3.919129E+03,+3.584400E+04
14:19:30,0e0,+1.712688E-01,+2.993500E-06,+9.910000E+37,+3.919354E+03,+3.584400E+04,+1.723614E-01,+2.993500E-06,+9.910000E+37,+3.919420E+03,+3.584400E+04,+1.727713E-01,+2.993500E-06,+9.910000E+37,+3.919487E+03,+3.584400E+04,-5.450423E-02,+0.000000E+00,+9.910000E+37,+3.919554E+03,+3.584400E+04
14:19:30,0e0,+1.777799E-01,+3.162500E-06,+9.910000E+37,+3.919783E+03,+3.584400E+04,+1.768228E-01,+3.162500E-06,+9.910000E+37,+3.919851E+03,+3.584400E+04,+1.767323E-01,+3.162500E-06,+9.910000E+37,+3.919917E+03,+3.584400E+04,-5.332032E-02,+0.000000E+00,+9.910000E+37,+3.919982E+03,+3.584400E+04
14:19:30,0e0,+1.819229E-01,+3.340500E-06,+9.910000E+37,+3.920204E+03,+3.584400E+04,+1.825140E-01,+3.340500E-06,+9.910000E+37,+3.920271E+03,+3.584400E+04,+1.822415E-01,+3.340500E-06,+9.910000E+37,+3.920337E+03,+3.584400E+04,-5.491407E-02,+0.000000E+00,+9.910000E+37,+3.920402E+03,+3.584400E+04
14:19:30,0e0,+1.872488E-01,+3.528500E-06,+9.910000E+37,+3.920628E+03,+3.584400E+04,+1.879320E-01,+3.528500E-06,+9.910000E+37,+3.920694E+03,+3.584400E+04,+1.864755E-01,+3.528500E-06,+9.910000E+37,+3.920762E+03,+3.584400E+04,-5.318391E-02,+0.000000E+00,+9.910000E+37,+3.920829E+03,+3.584400E+04
14:19:30,0e0,+1.935777E-01,+3.727500E-06,+9.910000E+37,+3.921054E+03,+3.584400E+04,+1.928951E-01,+3.727500E-06,+9.910000E+37,+3.921120E+03,+3.584400E+04,+1.933960E-01,+3.727500E-06,+9.910000E+37,+3.921187E+03,+3.584400E+04,-5.450411E-02,+0.000000E+00,+9.910000E+37,+3.921253E+03,+3.584400E+04
14:19:30,0e0,+1.991324E-01,+3.937500E-06,+9.910000E+37,+3.921479E+03,+3.584400E+04,+1.983123E-01,+3.937500E-06,+9.910000E+37,+3.921545E+03,+3.584400E+04,+2.003157E-01,+3.937500E-06,+9.910000E+37,+3.921611E+03,+3.584400E+04,-5.423072E-02,+0.000000E+00,+9.910000E+37,+3.921679E+03,+3.584400E+04
14:19:30,0e0,+2.043221E-01,+4.159500E-06,+9.910000E+37,+3.921903E+03,+3.584400E+04,+2.044589E-01,+4.159500E-06,+9.910000E+37,+3.921971E+03,+3.584400E+04,+2.050507E-01,+4.159500E-06,+9.910000E+37,+3.922036E+03,+3.584400E+04,-5.423085E-02,+0.000000E+00,+9.910000E+37,+3.922103E+03,+3.584400E+04
14:19:30,0e0,+2.099672E-01,+4.394000E-06,+9.910000E+37,+3.922330E+03,+3.584400E+04,+2.103328E-01,+4.394000E-06,+9.910000E+37,+3.922396E+03,+3.584400E+04,+2.099682E-01,+4.394000E-06,+9.910000E+37,+3.922462E+03,+3.584400E+04,-5.395764E-02,+0.000000E+00,+9.910000E+37,+3.922529E+03,+3.584400E+04
14:19:30,0e0,+2.159323E-01,+4.641500E-06,+9.910000E+37,+3.922754E+03,+3.584400E+04,+2.159773E-01,+4.641500E-06,+9.910000E+37,+3.922821E+03,+3.584400E+04,+2.165237E-01,+4.641500E-06,+9.910000E+37,+3.922887E+03,+3.584400E+04,-5.409436E-02,+0.000000E+00,+9.910000E+37,+3.922953E+03,+3.584400E+04
14:19:30,0e0,+2.221239E-01,+4.903000E-06,+9.910000E+37,+3.923183E+03,+3.584400E+04,+2.220321E-01,+4.903000E-06,+9.910000E+37,+3.923249E+03,+3.584400E+04,+2.251290E-01,+4.903000E-06,+9.910000E+37,+3.923316E+03,+3.584400E+04,-5.386667E-02,+0.000000E+00,+9.910000E+37,+3.923384E+03,+3.584400E+04
14:19:30,0e0,+2.290439E-01,+5.179500E-06,+9.910000E+37,+3.923604E+03,+3.584400E+04,+2.276322E-01,+5.179500E-06,+9.910000E+37,+3.923671E+03,+3.584400E+04,+2.290897E-01,+5.179500E-06,+9.910000E+37,+3.923738E+03,+3.584400E+04,-5.582477E-02,+0.000000E+00,+9.910000E+37,+3.923804E+03,+3.584400E+04
14:19:30,0e0,+2.347807E-01,+5.471500E-06,+9.910000E+37,+3.924024E+03,+3.584400E+04,+2.340512E-01,+5.471500E-06,+9.910000E+37,+3.924091E+03,+3.584400E+04,+2.358729E-01,+5.471500E-06,+9.910000E+37,+3.924158E+03,+3.584400E+04,-8.742072E-02,+0.000000E+00,+9.910000E+37,+3.924226E+03,+3.584400E+04
14:19:30,0e0,+2.415639E-01,+5.779500E-06,+9.910000E+37,+3.924451E+03,+3.584400E+04,+2.415182E-01,+5.779500E-06,+9.910000E+37,+3.924519E+03,+3.584400E+04,+2.407446E-01,+5.779500E-06,+9.910000E+37,+3.924584E+03,+3.584400E+04,-5.573344E-02,+0.000000E+00,+9.910000E+37,+3.924650E+03,+3.584400E+04
14:19:30,0e0,+2.478011E-01,+6.105500E-06,+9.910000E+37,+3.924875E+03,+3.584400E+04,+2.483476E-01,+6.105500E-06,+9.910000E+37,+3.924941E+03,+3.584400E+04,+2.486216E-01,+6.105500E-06,+9.910000E+37,+3.925007E+03,+3.584400E+04,-1.324479E-01,+0.000000E+00,+9.910000E+37,+3.925073E+03,+3.584400E+04
14:19:30,0e0,+2.549497E-01,+6.449500E-06,+9.910000E+37,+3.925298E+03,+3.584400E+04,+2.556783E-01,+6.449500E-06,+9.910000E+37,+3.925364E+03,+3.584400E+04,+2.551772E-01,+6.449500E-06,+9.910000E+37,+3.925432E+03,+3.584400E+04,-5.568776E-02,+0.000000E+00,+9.910000E+37,+3.925499E+03,+3.584400E+04
14:19:30,0e0,+2.622796E-01,+6.813000E-06,+9.910000E+37,+3.925723E+03,+3.584400E+04,+2.612324E-01,+6.813000E-06,+9.910000E+37,+3.925789E+03,+3.584400E+04,+2.621884E-01,+6.813000E-06,+9.910000E+37,+3.925855E+03,+3.584400E+04,-1.884017E-01,+0.000000E+00,+9.910000E+37,+3.925922E+03,+3.584400E+04
14:19:30,0e0,+2.707024E-01,+7.197000E-06,+9.910000E+37,+3.926144E+03,+3.584400E+04,+2.682430E-01,+7.197000E-06,+9.910000E+37,+3.926210E+03,+3.584400E+04,+2.695189E-01,+7.197000E-06,+9.910000E+37,+3.926277E+03,+3.584400E+04,-7.093950E-02,+0.000000E+00,+9.910000E+37,+3.926345E+03,+3.584400E+04
14:19:30,0e0,+2.770771E-01,+7.602500E-06,+9.910000E+37,+3.926568E+03,+3.584400E+04,+2.773035E-01,+7.602500E-06,+9.910000E+37,+3.926636E+03,+3.584400E+04,+2.770763E-01,+7.602500E-06,+9.910000E+37,+3.926701E+03,+3.584400E+04,-2.005122E-01,+0.000000E+00,+9.910000E+37,+3.926768E+03,+3.584400E+04
14:19:30,0e0,+2.840877E-01,+8.031000E-06,+9.910000E+37,+3.926994E+03,+3.584400E+04,+2.833137E-01,+8.031000E-06,+9.910000E+37,+3.927062E+03,+3.584400E+04,+2.846788E-01,+8.031000E-06,+9.910000E+37,+3.927127E+03,+3.584400E+04,-1.216122E-01,+0.000000E+00,+9.910000E+37,+3.927193E+03,+3.584400E+04
14:19:30,0e0,+2.914181E-01,+8.483500E-06,+9.910000E+37,+3.927419E+03,+3.584400E+04,+2.913256E-01,+8.483500E-06,+9.910000E+37,+3.927485E+03,+3.584400E+04,+2.915527E-01,+8.483500E-06,+9.910000E+37,+3.927552E+03,+3.584400E+04,-3.820879E-01,+0.000000E+00,+9.910000E+37,+3.927619E+03,+3.584400E+04
14:19:30,0e0,+3.008875E-01,+8.961500E-06,+9.910000E+37,+3.927844E+03,+3.584400E+04,+2.997942E-01,+8.961500E-06,+9.910000E+37,+3.927910E+03,+3.584400E+04,+2.998397E-01,+8.961500E-06,+9.910000E+37,+3.927976E+03,+3.584400E+04,-2.599740E-01,+0.000000E+00,+9.910000E+37,+3.928042E+03,+3.584400E+04
14:19:30,0e0,+3.079895E-01,+9.466500E-06,+9.910000E+37,+3.928268E+03,+3.584400E+04,+3.083087E-01,+9.466500E-06,+9.910000E+37,+3.928334E+03,+3.584400E+04,+3.072612E-01,+9.466500E-06,+9.910000E+37,+3.928399E+03,+3.584400E+04,-6.085119E-01,+0.000000E+00,+9.910000E+37,+3.928466E+03,+3.584400E+04
14:19:30,0e0,+3.154110E-01,+1.000000E-05,+9.910000E+37,+3.928687E+03,+3.584400E+04,+3.160027E-01,+1.000000E-05,+9.910000E+37,+3.928754E+03,+3.584400E+04,+3.160477E-01,+1.000000E-05,+9.910000E+37,+3.928820E+03,+3.584400E+04,-7.007121E-01,+0.000000E+00,+9.910000E+37,+3.928887E+03,+3.584400E+04
14:19:30,0e0,+3.124514E-01,+1.056500E-05,+9.910000E+37,+3.929106E+03,+3.584400E+04,+3.124965E-01,+1.056500E-05,+9.910000E+37,+3.929172E+03,+3.584400E+04,+3.115864E-01,+1.056500E-05,+9.910000E+37,+3.929238E+03,+3.584400E+04,-6.014952E-02,+0.000000E+00,+9.910000E+37,+3.929306E+03,+3.584400E+04
14:19:30,0e0,+3.201455E-01,+1.116000E-05,+9.910000E+37,+3.929525E+03,+3.584400E+04,+3.200088E-01,+1.116000E-05,+9.910000E+37,+3.929592E+03,+3.584400E+04,+3.207370E-01,+1.116000E-05,+9.910000E+37,+3.929658E+03,+3.584400E+04,-5.910242E-02,+0.000000E+00,+9.910000E+37,+3.929726E+03,+3.584400E+04
14:19:30,0e0,+3.280218E-01,+1.179000E-05,+9.910000E+37,+3.929945E+03,+3.584400E+04,+3.283404E-01,+1.179000E-05,+9.910000E+37,+3.930012E+03,+3.584400E+04,+3.275666E-01,+1.179000E-05,+9.910000E+37,+3.930078E+03,+3.584400E+04,-5.933009E-02,+0.000000E+00,+9.910000E+37,+3.930144E+03,+3.584400E+04
14:19:30,0e0,+3.352600E-01,+1.245000E-05,+9.910000E+37,+3.930363E+03,+3.584400E+04,+3.343943E-01,+1.245000E-05,+9.910000E+37,+3.930431E+03,+3.584400E+04,+3.349877E-01,+1.245000E-05,+9.910000E+37,+3.930496E+03,+3.584400E+04,-6.037715E-02,+0.000000E+00,+9.910000E+37,+3.930564E+03,+3.584400E+04
14:19:30,0e0,+3.460963E-01,+1.315500E-05,+9.910000E+37,+3.930784E+03,+3.584400E+04,+3.440475E-01,+1.315500E-05,+9.910000E+37,+3.930852E+03,+3.584400E+04,+3.431366E-01,+1.315500E-05,+9.910000E+37,+3.930917E+03,+3.584400E+04,-5.996746E-02,+0.000000E+00,+9.910000E+37,+3.930984E+03,+3.584400E+04
14:19:30,0e0,+3.516967E-01,+1.389500E-05,+9.910000E+37,+3.931202E+03,+3.584400E+04,+3.524250E-01,+1.389500E-05,+9.910000E+37,+3.931269E+03,+3.584400E+04,+3.533812E-01,+1.389500E-05,+9.910000E+37,+3.931336E+03,+3.584400E+04,-6.101437E-02,+0.000000E+00,+9.910000E+37,+3.931407E+03,+3.584400E+04
14:19:30,0e0,+3.612580E-01,+1.468000E-05,+9.910000E+37,+3.931630E+03,+3.584400E+04,+3.614403E-01,+1.468000E-05,+9.910000E+37,+3.931695E+03,+3.584400E+04,+3.610294E-01,+1.468000E-05,+9.910000E+37,+3.931762E+03,+3.584400E+04,-5.955768E-02,+0.000000E+00,+9.910000E+37,+3.931831E+03,+3.584400E+04
14:19:30,0e0,+3.692251E-01,+1.550500E-05,+9.910000E+37,+3.932050E+03,+3.584400E+04,+3.696342E-01,+1.550500E-05,+9.910000E+37,+3.932116E+03,+3.584400E+04,+3.692698E-01,+1.550500E-05,+9.910000E+37,+3.932184E+03,+3.584400E+04,-6.106009E-02,+0.000000E+00,+9.910000E+37,+3.932255E+03,+3.584400E+04
14:19:30,0e0,+3.780579E-01,+1.638000E-05,+9.910000E+37,+3.932471E+03,+3.584400E+04,+3.778301E-01,+1.638000E-05,+9.910000E+37,+3.932538E+03,+3.584400E+04,+3.791952E-01,+1.638000E-05,+9.910000E+37,+3.932604E+03,+3.584400E+04,-6.014951E-02,+0.000000E+00,+9.910000E+37,+3.932670E+03,+3.584400E+04
14:19:30,0e0,+3.881652E-01,+1.730000E-05,+9.910000E+37,+3.932881E+03,+3.584400E+04,+3.873002E-01,+1.730000E-05,+9.910000E+37,+3.932948E+03,+3.584400E+04,+3.866625E-01,+1.730000E-05,+9.910000E+37,+3.933014E+03,+3.584400E+04,-6.019513E-02,+0.000000E+00,+9.910000E+37,+3.933080E+03,+3.584400E+04
14:19:30,0e0,+3.968156E-01,+1.827500E-05,+9.910000E+37,+3.933296E+03,+3.584400E+04,+3.956759E-01,+1.827500E-05,+9.910000E+37,+3.933362E+03,+3.584400E+04,+3.943092E-01,+1.827500E-05,+9.910000E+37,+3.933429E+03,+3.584400E+04,-6.055932E-02,+0.000000E+00,+9.910000E+37,+3.933495E+03,+3.584400E+04
14:19:30,0e0,+4.032780E-01,+1.930500E-05,+9.910000E+37,+3.933711E+03,+3.584400E+04,+4.043261E-01,+1.930500E-05,+9.910000E+37,+3.933778E+03,+3.584400E+04,+4.057379E-01,+1.930500E-05,+9.910000E+37,+3.933844E+03,+3.584400E+04,-6.069599E-02,+0.000000E+00,+9.910000E+37,+3.933910E+03,+3.584400E+04
14:19:30,0e0,+4.126570E-01,+2.039500E-05,+9.910000E+37,+3.934127E+03,+3.584400E+04,+4.138869E-01,+2.039500E-05,+9.910000E+37,+3.934193E+03,+3.584400E+04,+4.131141E-01,+2.039500E-05,+9.910000E+37,+3.934261E+03,+3.584400E+04,-6.096916E-02,+0.000000E+00,+9.910000E+37,+3.934326E+03,+3.584400E+04
14:19:30,0e0,+4.233580E-01,+2.154500E-05,+9.910000E+37,+3.934542E+03,+3.584400E+04,+4.236302E-01,+2.154500E-05,+9.910000E+37,+3.934608E+03,+3.584400E+04,+4.223098E-01,+2.154500E-05,+9.910000E+37,+3.934676E+03,+3.584400E+04,-6.242622E-02,+0.000000E+00,+9.910000E+37,+3.934743E+03,+3.584400E+04
14:19:30,0e0,+4.327366E-01,+2.276000E-05,+9.910000E+37,+3.934968E+03,+3.584400E+04,+4.324168E-01,+2.276000E-05,+9.910000E+37,+3.935033E+03,+3.584400E+04,+4.332823E-01,+2.276000E-05,+9.910000E+37,+3.935100E+03,+3.584400E+04,-6.001279E-02,+0.000000E+00,+9.910000E+37,+3.935169E+03,+3.584400E+04
14:19:30,0e0,+4.416140E-01,+2.404000E-05,+9.910000E+37,+3.935387E+03,+3.584400E+04,+4.414768E-01,+2.404000E-05,+9.910000E+37,+3.935454E+03,+3.584400E+04,+4.418876E-01,+2.404000E-05,+9.910000E+37,+3.935520E+03,+3.584400E+04,-6.110567E-02,+0.000000E+00,+9.910000E+37,+3.935590E+03,+3.584400E+04
14:19:30,0e0,+4.524038E-01,+2.539500E-05,+9.910000E+37,+3.935811E+03,+3.584400E+04,+4.512206E-01,+2.539500E-05,+9.910000E+37,+3.935878E+03,+3.584400E+04,+4.516289E-01,+2.539500E-05,+9.910000E+37,+3.935943E+03,+3.584400E+04,-6.197071E-02,+0.000000E+00,+9.910000E+37,+3.936015E+03,+3.584400E+04
14:19:30,0e0,+4.608280E-01,+2.682500E-05,+9.910000E+37,+3.936235E+03,+3.584400E+04,+4.616011E-01,+2.682500E-05,+9.910000E+37,+3.936302E+03,+3.584400E+04,+4.608263E-01,+2.682500E-05,+9.910000E+37,+3.936369E+03,+3.584400E+04,-6.028624E-02,+0.000000E+00,+9.910000E+37,+3.936437E+03,+3.584400E+04
14:19:30,0e0,+4.705243E-01,+2.834000E-05,+9.910000E+37,+3.936655E+03,+3.584400E+04,+4.715252E-01,+2.834000E-05,+9.910000E+37,+3.936723E+03,+3.584400E+04,+4.717540E-01,+2.834000E-05,+9.910000E+37,+3.936790E+03,+3.584400E+04,-6.092317E-02,+0.000000E+00,+9.910000E+37,+3.936860E+03,+3.584400E+04
14:19:30,0e0,+4.806780E-01,+2.993500E-05,+9.910000E+37,+3.937082E+03,+3.584400E+04,+4.819519E-01,+2.993500E-05,+9.910000E+37,+3.937147E+03,+3.584400E+04,+4.806771E-01,+2.993500E-05,+9.910000E+37,+3.937214E+03,+3.584400E+04,-6.174280E-02,+0.000000E+00,+9.910000E+37,+3.937282E+03,+3.584400E+04
14:19:30,0e0,+4.910581E-01,+3.162500E-05,+9.910000E+37,+3.937505E+03,+3.584400E+04,+4.905105E-01,+3.162500E-05,+9.910000E+37,+3.937571E+03,+3.584400E+04,+4.898745E-01,+3.162500E-05,+9.910000E+37,+3.937638E+03,+3.584400E+04,-6.146993E-02,+0.000000E+00,+9.910000E+37,+3.937707E+03,+3.584400E+04
14:19:30,0e0,+5.010742E-01,+3.340500E-05,+9.910000E+37,+3.937919E+03,+3.584400E+04,+5.013920E-01,+3.340500E-05,+9.910000E+37,+3.937986E+03,+3.584400E+04,+5.000275E-01,+3.340500E-05,+9.910000E+37,+3.938052E+03,+3.584400E+04,-6.206189E-02,+0.000000E+00,+9.910000E+37,+3.938119E+03,+3.584400E+04
14:19:30,0e0,+5.106800E-01,+3.528500E-05,+9.910000E+37,+3.938330E+03,+3.584400E+04,+5.119089E-01,+3.528500E-05,+9.910000E+37,+3.938397E+03,+3.584400E+04,+5.099965E-01,+3.528500E-05,+9.910000E+37,+3.938463E+03,+3.584400E+04,-6.178837E-02,+0.000000E+00,+9.910000E+37,+3.938529E+03,+3.584400E+04
14:19:30,0e0,+5.205597E-01,+3.727500E-05,+9.910000E+37,+3.938747E+03,+3.584400E+04,+5.211516E-01,+3.727500E-05,+9.910000E+37,+3.938814E+03,+3.584400E+04,+5.203779E-01,+3.727500E-05,+9.910000E+37,+3.938882E+03,+3.584400E+04,-6.174275E-02,+0.000000E+00,+9.910000E+37,+3.938947E+03,+3.584400E+04
14:19:30,0e0,+5.307579E-01,+3.937500E-05,+9.910000E+37,+3.939167E+03,+3.584400E+04,+5.315312E-01,+3.937500E-05,+9.910000E+37,+3.939232E+03,+3.584400E+04,+5.292993E-01,+3.937500E-05,+9.910000E+37,+3.939299E+03,+3.584400E+04,-6.028603E-02,+0.000000E+00,+9.910000E+37,+3.939366E+03,+3.584400E+04
14:19:30,0e0,+5.410017E-01,+4.159500E-05,+9.910000E+37,+3.939581E+03,+3.584400E+04,+5.407271E-01,+4.159500E-05,+9.910000E+37,+3.939647E+03,+3.584400E+04,+5.415934E-01,+4.159500E-05,+9.910000E+37,+3.939714E+03,+3.584400E+04,-6.119670E-02,+0.000000E+00,+9.910000E+37,+3.939781E+03,+3.584400E+04
14:19:30,0e0,+5.523382E-01,+4.394000E-05,+9.910000E+37,+3.939996E+03,+3.584400E+04,+5.502889E-01,+4.394000E-05,+9.910000E+37,+3.940063E+03,+3.584400E+04,+5.518824E-01,+4.394000E-05,+9.910000E+37,+3.940129E+03,+3.584400E+04,-6.242584E-02,+0.000000E+00,+9.910000E+37,+3.940198E+03,+3.584400E+04
14:19:30,0e0,+5.603949E-01,+4.641500E-05,+9.910000E+37,+3.940417E+03,+3.584400E+04,+5.597581E-01,+4.641500E-05,+9.910000E+37,+3.940483E+03,+3.584400E+04,+5.616711E-01,+4.641500E-05,+9.910000E+37,+3.940549E+03,+3.584400E+04,-6.347348E-02,+0.000000E+00,+9.910000E+37,+3.940620E+03,+3.584400E+04
14:19:30,0e0,+5.728709E-01,+4.903000E-05,+9.910000E+37,+3.940841E+03,+3.584400E+04,+5.715972E-01,+4.903000E-05,+9.910000E+37,+3.940907E+03,+3.584400E+04,+5.711402E-01,+4.903000E-05,+9.910000E+37,+3.940973E+03,+3.584400E+04,-6.160656E-02,+0.000000E+00,+9.910000E+37,+3.941041E+03,+3.584400E+04
14:19:30,0e0,+5.832970E-01,+5.179500E-05,+9.910000E+37,+3.941255E+03,+3.584400E+04,+5.821593E-01,+5.179500E-05,+9.910000E+37,+3.941321E+03,+3.584400E+04,+5.830692E-01,+5.179500E-05,+9.910000E+37,+3.941388E+03,+3.584400E+04,-6.206146E-02,+0.000000E+00,+9.910000E+37,+3.941454E+03,+3.584400E+04
14:19:30,0e0,+5.930398E-01,+5.471500E-05,+9.910000E+37,+3.941664E+03,+3.584400E+04,+5.928131E-01,+5.471500E-05,+9.910000E+37,+3.941729E+03,+3.584400E+04,+5.921749E-01,+5.471500E-05,+9.910000E+37,+3.941796E+03,+3.584400E+04,-6.415619E-02,+0.000000E+00,+9.910000E+37,+3.941862E+03,+3.584400E+04
14:19:30,0e0,+6.033748E-01,+5.779500E-05,+9.910000E+37,+3.942078E+03,+3.584400E+04,+6.029647E-01,+5.779500E-05,+9.910000E+37,+3.942144E+03,+3.584400E+04,+6.016438E-01,+5.779500E-05,+9.910000E+37,+3.942211E+03,+3.584400E+04,-6.292652E-02,+0.000000E+00,+9.910000E+37,+3.942276E+03,+3.584400E+04
14:19:30,0e0,+6.144377E-01,+6.105500E-05,+9.910000E+37,+3.942492E+03,+3.584400E+04,+6.130728E-01,+6.105500E-05,+9.910000E+37,+3.942558E+03,+3.584400E+04,+6.136186E-01,+6.105500E-05,+9.910000E+37,+3.942624E+03,+3.584400E+04,-6.324507E-02,+0.000000E+00,+9.910000E+37,+3.942691E+03,+3.584400E+04
14:19:30,0e0,+6.239533E-01,+6.449500E-05,+9.910000E+37,+3.942909E+03,+3.584400E+04,+6.230870E-01,+6.449500E-05,+9.910000E+37,+3.942975E+03,+3.584400E+04,+6.229071E-01,+6.449500E-05,+9.910000E+37,+3.943041E+03,+3.584400E+04,-6.219839E-02,+0.000000E+00,+9.910000E+37,+3.943110E+03,+3.584400E+04
14:19:30,0e0,+6.347424E-01,+6.813000E-05,+9.910000E+37,+3.943332E+03,+3.584400E+04,+6.348798E-01,+6.813000E-05,+9.910000E+37,+3.943398E+03,+3.584400E+04,+6.357449E-01,+6.813000E-05,+9.910000E+37,+3.943465E+03,+3.584400E+04,-9.629877E-02,+0.000000E+00,+9.910000E+37,+3.943534E+03,+3.584400E+04
14:19:30,0e0,+6.443029E-01,+7.197000E-05,+9.910000E+37,+3.943747E+03,+3.584400E+04,+6.453073E-01,+7.197000E-05,+9.910000E+37,+3.943819E+03,+3.584400E+04,+6.451234E-01,+7.197000E-05,+9.910000E+37,+3.943886E+03,+3.584400E+04,-1.523436E-01,+0.000000E+00,+9.910000E+37,+3.943953E+03,+3.584400E+04
14:19:30,0e0,+6.570513E-01,+7.602500E-05,+9.910000E+37,+3.944165E+03,+3.584400E+04,+6.575997E-01,+7.602500E-05,+9.910000E+37,+3.944232E+03,+3.584400E+04,+6.575989E-01,+7.602500E-05,+9.910000E+37,+3.944298E+03,+3.584400E+04,-2.329287E-01,+0.000000E+00,+9.910000E+37,+3.944364E+03,+3.584400E+04
14:19:30,0e0,+6.679794E-01,+8.031000E-05,+9.910000E+37,+3.944584E+03,+3.584400E+04,+6.692994E-01,+8.031000E-05,+9.910000E+37,+3.944649E+03,+3.584400E+04,+6.680250E-01,+8.031000E-05,+9.910000E+37,+3.944716E+03,+3.584400E+04,-2.359793E-01,+0.000000E+00,+9.910000E+37,+3.944783E+03,+3.584400E+04
14:19:30,0e0,+6.794053E-01,+8.483500E-05,+9.910000E+37,+3.944998E+03,+3.584400E+04,+6.782208E-01,+8.483500E-05,+9.910000E+37,+3.945064E+03,+3.584400E+04,+6.792243E-01,+8.483500E-05,+9.910000E+37,+3.945132E+03,+3.584400E+04,-2.710835E-01,+0.000000E+00,+9.910000E+37,+3.945197E+03,+3.584400E+04
14:19:30,0e0,+6.906527E-01,+8.961500E-05,+9.910000E+37,+3.945414E+03,+3.584400E+04,+6.903330E-01,+8.961500E-05,+9.910000E+37,+3.945480E+03,+3.584400E+04,+6.913329E-01,+8.961500E-05,+9.910000E+37,+3.945546E+03,+3.584400E+04,-2.790969E-01,+0.000000E+00,+9.910000E+37,+3.945612E+03,+3.584400E+04
14:19:30,0e0,+7.007146E-01,+9.466500E-05,+9.910000E+37,+3.945829E+03,+3.584400E+04,+7.018520E-01,+9.466500E-05,+9.910000E+37,+3.945895E+03,+3.584400E+04,+7.024441E-01,+9.466500E-05,+9.910000E+37,+3.945962E+03,+3.584400E+04,-1.907692E-01,+0.000000E+00,+9.910000E+37,+3.946030E+03,+3.584400E+04
14:19:30,0e0,+7.124599E-01,+1.000000E-04,+9.910000E+37,+3.946249E+03,+3.584400E+04,+7.122765E-01,+1.000000E-04,+9.910000E+37,+3.946314E+03,+3.584400E+04,+7.128692E-01,+1.000000E-04,+9.910000E+37,+3.946383E+03,+3.584400E+04,-2.033805E-01,+0.000000E+00,+9.910000E+37,+3.946454E+03,+3.584400E+04
14:19:30,0e0,+7.130077E-01,+1.056500E-04,+9.910000E+37,+3.946681E+03,+3.584400E+04,+7.117785E-01,+1.056500E-04,+9.910000E+37,+3.946746E+03,+3.584400E+04,+7.127783E-01,+1.056500E-04,+9.910000E+37,+3.946812E+03,+3.584400E+04,-9.220108E-02,+0.000000E+00,+9.910000E+37,+3.946879E+03,+3.584400E+04
14:19:30,0e0,+7.220650E-01,+1.116000E-04,+9.910000E+37,+3.947104E+03,+3.584400E+04,+7.232497E-01,+1.116000E-04,+9.910000E+37,+3.947171E+03,+3.584400E+04,+7.222933E-01,+1.116000E-04,+9.910000E+37,+3.947236E+03,+3.584400E+04,-9.279300E-02,+0.000000E+00,+9.910000E+37,+3.947304E+03,+3.584400E+04
14:19:30,0e0,+7.325361E-01,+1.179000E-04,+9.910000E+37,+3.947529E+03,+3.584400E+04,+7.325819E-01,+1.179000E-04,+9.910000E+37,+3.947597E+03,+3.584400E+04,+7.310784E-01,+1.179000E-04,+9.910000E+37,+3.947664E+03,+3.584400E+04,-9.270176E-02,+0.000000E+00,+9.910000E+37,+3.947729E+03,+3.584400E+04
14:19:30,0e0,+7.435088E-01,+1.245000E-04,+9.910000E+37,+3.947949E+03,+3.584400E+04,+7.429643E-01,+1.245000E-04,+9.910000E+37,+3.948015E+03,+3.584400E+04,+7.419605E-01,+1.245000E-04,+9.910000E+37,+3.948082E+03,+3.584400E+04,-9.329391E-02,+0.000000E+00,+9.910000E+37,+3.948147E+03,+3.584400E+04
14:19:30,0e0,+7.541166E-01,+1.315500E-04,+9.910000E+37,+3.948375E+03,+3.584400E+04,+7.542093E-01,+1.315500E-04,+9.910000E+37,+3.948441E+03,+3.584400E+04,+7.536618E-01,+1.315500E-04,+9.910000E+37,+3.948509E+03,+3.584400E+04,-9.384029E-02,+0.000000E+00,+9.910000E+37,+3.948574E+03,+3.584400E+04
14:19:30,0e0,+7.654070E-01,+1.389500E-04,+9.910000E+37,+3.948799E+03,+3.584400E+04,+7.644978E-01,+1.389500E-04,+9.910000E+37,+3.948866E+03,+3.584400E+04,+7.658631E-01,+1.389500E-04,+9.910000E+37,+3.948934E+03,+3.584400E+04,-9.288417E-02,+0.000000E+00,+9.910000E+37,+3.948999E+03,+3.584400E+04
14:19:30,0e0,+7.757887E-01,+1.468000E-04,+9.910000E+37,+3.949222E+03,+3.584400E+04,+7.757419E-01,+1.468000E-04,+9.910000E+37,+3.949287E+03,+3.584400E+04,+7.750594E-01,+1.468000E-04,+9.910000E+37,+3.949354E+03,+3.584400E+04,-9.333947E-02,+0.000000E+00,+9.910000E+37,+3.949421E+03,+3.584400E+04
14:19:30,0e0,+7.850744E-01,+1.550500E-04,+9.910000E+37,+3.949646E+03,+3.584400E+04,+7.861686E-01,+1.550500E-04,+9.910000E+37,+3.949712E+03,+3.584400E+04,+7.855331E-01,+1.550500E-04,+9.910000E+37,+3.949779E+03,+3.584400E+04,-9.365812E-02,+0.000000E+00,+9.910000E+37,+3.949845E+03,+3.584400E+04
14:19:30,0e0,+7.965496E-01,+1.638000E-04,+9.910000E+37,+3.950066E+03,+3.584400E+04,+7.968695E-01,+1.638000E-04,+9.910000E+37,+3.950133E+03,+3.584400E+04,+7.956372E-01,+1.638000E-04,+9.910000E+37,+3.950200E+03,+3.584400E+04,-9.238319E-02,+0.000000E+00,+9.910000E+37,+3.950266E+03,+3.584400E+04
14:19:30,0e0,+8.068368E-01,+1.730000E-04,+9.910000E+37,+3.950490E+03,+3.584400E+04,+8.075217E-01,+1.730000E-04,+9.910000E+37,+3.950558E+03,+3.584400E+04,+8.080214E-01,+1.730000E-04,+9.910000E+37,+3.950623E+03,+3.584400E+04,-9.220117E-02,+0.000000E+00,+9.910000E+37,+3.950690E+03,+3.584400E+04
14:19:30,0e0,+8.186772E-01,+1.827500E-04,+9.910000E+37,+3.950910E+03,+3.584400E+04,+8.179488E-01,+1.827500E-04,+9.910000E+37,+3.950977E+03,+3.584400E+04,+8.193126E-01,+1.827500E-04,+9.910000E+37,+3.951043E+03,+3.584400E+04,-9.393130E-02,+0.000000E+00,+9.910000E+37,+3.951108E+03,+3.584400E+04
14:19:30,0e0,+8.301047E-01,+1.930500E-04,+9.910000E+37,+3.951331E+03,+3.584400E+04,+8.298768E-01,+1.930500E-04,+9.910000E+37,+3.951398E+03,+3.584400E+04,+8.300593E-01,+1.930500E-04,+9.910000E+37,+3.951464E+03,+3.584400E+04,-9.511508E-02,+0.000000E+00,+9.910000E+37,+3.951530E+03,+3.584400E+04
14:19:30,0e0,+8.419850E-01,+2.039500E-04,+9.910000E+37,+3.951755E+03,+3.584400E+04,+8.404388E-01,+2.039500E-04,+9.910000E+37,+3.951821E+03,+3.584400E+04,+8.400298E-01,+2.039500E-04,+9.910000E+37,+3.951888E+03,+3.584400E+04,-9.447752E-02,+0.000000E+00,+9.910000E+37,+3.951954E+03,+3.584400E+04
14:19:30,0e0,+8.527764E-01,+2.154500E-04,+9.910000E+37,+3.952181E+03,+3.584400E+04,+8.511368E-01,+2.154500E-04,+9.910000E+37,+3.952247E+03,+3.584400E+04,+8.517761E-01,+2.154500E-04,+9.910000E+37,+3.952312E+03,+3.584400E+04,-9.520592E-02,+0.000000E+00,+9.910000E+37,+3.952379E+03,+3.584400E+04
14:19:30,0e0,+8.635670E-01,+2.276000E-04,+9.910000E+37,+3.952605E+03,+3.584400E+04,+8.620182E-01,+2.276000E-04,+9.910000E+37,+3.952671E+03,+3.584400E+04,+8.628830E-01,+2.276000E-04,+9.910000E+37,+3.952738E+03,+3.584400E+04,-9.443204E-02,+0.000000E+00,+9.910000E+37,+3.952804E+03,+3.584400E+04
14:19:30,0e0,+8.754971E-01,+2.404000E-04,+9.910000E+37,+3.953029E+03,+3.584400E+04,+8.744929E-01,+2.404000E-04,+9.910000E+37,+3.953097E+03,+3.584400E+04,+8.738542E-01,+2.404000E-04,+9.910000E+37,+3.953162E+03,+3.584400E+04,-9.520608E-02,+0.000000E+00,+9.910000E+37,+3.953229E+03,+3.584400E+04
14:19:30,0e0,+8.859205E-01,+2.539500E-04,+9.910000E+37,+3.953457E+03,+3.584400E+04,+8.844180E-01,+2.539500E-04,+9.910000E+37,+3.953524E+03,+3.584400E+04,+8.857404E-01,+2.539500E-04,+9.910000E+37,+3.953590E+03,+3.584400E+04,-9.461416E-02,+0.000000E+00,+9.910000E+37,+3.953657E+03,+3.584400E+04
14:19:30,0e0,+8.972596E-01,+2.682500E-04,+9.910000E+37,+3.953882E+03,+3.584400E+04,+8.963927E-01,+2.682500E-04,+9.910000E+37,+3.953949E+03,+3.584400E+04,+8.956162E-01,+2.682500E-04,+9.910000E+37,+3.954015E+03,+3.584400E+04,-9.338504E-02,+0.000000E+00,+9.910000E+37,+3.954081E+03,+3.584400E+04
14:19:30,0e0,+9.087301E-01,+2.834000E-04,+9.910000E+37,+3.954307E+03,+3.584400E+04,+9.083204E-01,+2.834000E-04,+9.910000E+37,+3.954373E+03,+3.584400E+04,+9.084585E-01,+2.834000E-04,+9.910000E+37,+3.954440E+03,+3.584400E+04,-9.547921E-02,+0.000000E+00,+9.910000E+37,+3.954506E+03,+3.584400E+04
14:19:30,0e0,+9.210703E-01,+2.993500E-04,+9.910000E+37,+3.954732E+03,+3.584400E+04,+9.193829E-01,+2.993500E-04,+9.910000E+37,+3.954798E+03,+3.584400E+04,+9.206592E-01,+2.993500E-04,+9.910000E+37,+3.954864E+03,+3.584400E+04,-9.475093E-02,+0.000000E+00,+9.910000E+37,+3.954932E+03,+3.584400E+04
14:19:30,0e0,+9.316311E-01,+3.162500E-04,+9.910000E+37,+3.955155E+03,+3.584400E+04,+9.328612E-01,+3.162500E-04,+9.910000E+37,+3.955222E+03,+3.584400E+04,+9.329966E-01,+3.162500E-04,+9.910000E+37,+3.955289E+03,+3.584400E+04,-9.525160E-02,+0.000000E+00,+9.910000E+37,+3.955354E+03,+3.584400E+04
14:19:30,0e0,+9.433318E-01,+3.340500E-04,+9.910000E+37,+3.955582E+03,+3.584400E+04,+9.452450E-01,+3.340500E-04,+9.910000E+37,+3.955649E+03,+3.584400E+04,+9.454706E-01,+3.340500E-04,+9.910000E+37,+3.955715E+03,+3.584400E+04,-9.597988E-02,+0.000000E+00,+9.910000E+37,+3.955782E+03,+3.584400E+04
14:19:30,0e0,+9.563519E-01,+3.528500E-04,+9.910000E+37,+3.956008E+03,+3.584400E+04,+9.558076E-01,+3.528500E-04,+9.910000E+37,+3.956073E+03,+3.584400E+04,+9.552137E-01,+3.528500E-04,+9.910000E+37,+3.956141E+03,+3.584400E+04,-9.452318E-02,+0.000000E+00,+9.910000E+37,+3.956207E+03,+3.584400E+04
14:19:30,0e0,+9.675968E-01,+3.727500E-04,+9.910000E+37,+3.956433E+03,+3.584400E+04,+9.684631E-01,+3.727500E-04,+9.910000E+37,+3.956499E+03,+3.584400E+04,+9.671414E-01,+3.727500E-04,+9.910000E+37,+3.956566E+03,+3.584400E+04,-9.611645E-02,+0.000000E+00,+9.910000E+37,+3.956632E+03,+3.584400E+04
14:19:30,0e0,+9.794791E-01,+3.937500E-04,+9.910000E+37,+3.956857E+03,+3.584400E+04,+9.800274E-01,+3.937500E-04,+9.910000E+37,+3.956925E+03,+3.584400E+04,+9.804835E-01,+3.937500E-04,+9.910000E+37,+3.956990E+03,+3.584400E+04,-9.557025E-02,+0.000000E+00,+9.910000E+37,+3.957057E+03,+3.584400E+04
14:19:30,0e0,+9.926852E-01,+4.159500E-04,+9.910000E+37,+3.957283E+03,+3.584400E+04,+9.925945E-01,+4.159500E-04,+9.910000E+37,+3.957350E+03,+3.584400E+04,+9.933209E-01,+4.159500E-04,+9.910000E+37,+3.957415E+03,+3.584400E+04,-9.634431E-02,+0.000000E+00,+9.910000E+37,+3.957481E+03,+3.584400E+04
14:19:30,0e0,+1.004656E+00,+4.394000E-04,+9.910000E+37,+3.957708E+03,+3.584400E+04,+1.005750E+00,+4.394000E-04,+9.910000E+37,+3.957773E+03,+3.584400E+04,+1.005021E+00,+4.394000E-04,+9.910000E+37,+3.957840E+03,+3.584400E+04,-9.588882E-02,+0.000000E+00,+9.910000E+37,+3.957907E+03,+3.584400E+04
14:19:30,0e0,+1.018679E+00,+4.641500E-04,+9.910000E+37,+3.958129E+03,+3.584400E+04,+1.017633E+00,+4.641500E-04,+9.910000E+37,+3.958196E+03,+3.584400E+04,+1.018406E+00,+4.641500E-04,+9.910000E+37,+3.958264E+03,+3.584400E+04,-9.566134E-02,+0.000000E+00,+9.910000E+37,+3.958330E+03,+3.584400E+04
14:19:30,0e0,+1.032065E+00,+4.903000E-04,+9.910000E+37,+3.958556E+03,+3.584400E+04,+1.031521E+00,+4.903000E-04,+9.910000E+37,+3.958623E+03,+3.584400E+04,+1.031020E+00,+4.903000E-04,+9.910000E+37,+3.958688E+03,+3.584400E+04,-9.666294E-02,+0.000000E+00,+9.910000E+37,+3.958756E+03,+3.584400E+04
14:19:30,0e0,+1.043992E+00,+5.179500E-04,+9.910000E+37,+3.958983E+03,+3.584400E+04,+1.044814E+00,+5.179500E-04,+9.910000E+37,+3.959051E+03,+3.584400E+04,+1.043445E+00,+5.179500E-04,+9.910000E+37,+3.959116E+03,+3.584400E+04,-9.593442E-02,+0.000000E+00,+9.910000E+37,+3.959183E+03,+3.584400E+04
14:19:30,0e0,+1.057925E+00,+5.471500E-04,+9.910000E+37,+3.959408E+03,+3.584400E+04,+1.057561E+00,+5.471500E-04,+9.910000E+37,+3.959474E+03,+3.584400E+04,+1.057106E+00,+5.471500E-04,+9.910000E+37,+3.959541E+03,+3.584400E+04,-9.557013E-02,+0.000000E+00,+9.910000E+37,+3.959606E+03,+3.584400E+04
14:19:30,0e0,+1.072906E+00,+5.779500E-04,+9.910000E+37,+3.959829E+03,+3.584400E+04,+1.070856E+00,+5.779500E-04,+9.910000E+37,+3.959896E+03,+3.584400E+04,+1.070899E+00,+5.779500E-04,+9.910000E+37,+3.959962E+03,+3.584400E+04,-9.739133E-02,+0.000000E+00,+9.910000E+37,+3.960029E+03,+3.584400E+04
14:19:30,0e0,+1.084879E+00,+6.105500E-04,+9.910000E+37,+3.960256E+03,+3.584400E+04,+1.086016E+00,+6.105500E-04,+9.910000E+37,+3.960322E+03,+3.584400E+04,+1.085332E+00,+6.105500E-04,+9.910000E+37,+3.960390E+03,+3.584400E+04,-9.743692E-02,+0.000000E+00,+9.910000E+37,+3.960455E+03,+3.584400E+04
14:19:30,0e0,+1.098717E+00,+6.449500E-04,+9.910000E+37,+3.960682E+03,+3.584400E+04,+1.098765E+00,+6.449500E-04,+9.910000E+37,+3.960748E+03,+3.584400E+04,+1.098765E+00,+6.449500E-04,+9.910000E+37,+3.960815E+03,+3.584400E+04,-9.980459E-02,+0.000000E+00,+9.910000E+37,+3.960881E+03,+3.584400E+04
14:19:30,0e0,+1.112104E+00,+6.813000E-04,+9.910000E+37,+3.961104E+03,+3.584400E+04,+1.113106E+00,+6.813000E-04,+9.910000E+37,+3.961171E+03,+3.584400E+04,+1.113879E+00,+6.813000E-04,+9.910000E+37,+3.961238E+03,+3.584400E+04,-9.816542E-02,+0.000000E+00,+9.910000E+37,+3.961304E+03,+3.584400E+04
14:19:30,0e0,+1.128038E+00,+7.197000E-04,+9.910000E+37,+3.961528E+03,+3.584400E+04,+1.128448E+00,+7.197000E-04,+9.910000E+37,+3.961596E+03,+3.584400E+04,+1.126261E+00,+7.197000E-04,+9.910000E+37,+3.961661E+03,+3.584400E+04,-1.103669E-01,+0.000000E+00,+9.910000E+37,+3.961729E+03,+3.584400E+04
14:19:30,0e0,+1.141470E+00,+7.602500E-04,+9.910000E+37,+3.961955E+03,+3.584400E+04,+1.141332E+00,+7.602500E-04,+9.910000E+37,+3.962021E+03,+3.584400E+04,+1.141787E+00,+7.602500E-04,+9.910000E+37,+3.962089E+03,+3.584400E+04,-9.907621E-02,+0.000000E+00,+9.910000E+37,+3.962154E+03,+3.584400E+04
14:19:30,0e0,+1.155902E+00,+8.031000E-04,+9.910000E+37,+3.962376E+03,+3.584400E+04,+1.156131E+00,+8.031000E-04,+9.910000E+37,+3.962442E+03,+3.584400E+04,+1.156857E+00,+8.031000E-04,+9.910000E+37,+3.962510E+03,+3.584400E+04,-9.757330E-02,+0.000000E+00,+9.910000E+37,+3.962575E+03,+3.584400E+04
14:19:30,0e0,+1.173386E+00,+8.483500E-04,+9.910000E+37,+3.962803E+03,+3.584400E+04,+1.170743E+00,+8.483500E-04,+9.910000E+37,+3.962868E+03,+3.584400E+04,+1.171198E+00,+8.483500E-04,+9.910000E+37,+3.962936E+03,+3.584400E+04,-9.875726E-02,+0.000000E+00,+9.910000E+37,+3.963001E+03,+3.584400E+04
14:19:30,0e0,+1.186222E+00,+8.961500E-04,+9.910000E+37,+3.963227E+03,+3.584400E+04,+1.186906E+00,+8.961500E-04,+9.910000E+37,+3.963294E+03,+3.584400E+04,+1.185952E+00,+8.961500E-04,+9.910000E+37,+3.963359E+03,+3.584400E+04,-9.871168E-02,+0.000000E+00,+9.910000E+37,+3.963427E+03,+3.584400E+04
14:19:30,0e0,+1.202430E+00,+9.466500E-04,+9.910000E+37,+3.963654E+03,+3.584400E+04,+1.202567E+00,+9.466500E-04,+9.910000E+37,+3.963720E+03,+3.584400E+04,+1.201109E+00,+9.466500E-04,+9.910000E+37,+3.963787E+03,+3.584400E+04,-9.866622E-02,+0.000000E+00,+9.910000E+37,+3.963853E+03,+3.584400E+04
14:19:30,0e0,+1.217956E+00,+1.000000E-03,+9.910000E+37,+3.964076E+03,+3.584400E+04,+1.216449E+00,+1.000000E-03,+9.910000E+37,+3.964143E+03,+3.584400E+04,+1.217225E+00,+1.000000E-03,+9.910000E+37,+3.964210E+03,+3.584400E+04,-9.912135E-02,+0.000000E+00,+9.910000E+37,+3.964276E+03,+3.584400E+04
14:19:30,0e0,+1.221554E+00,+1.056500E-03,+9.910000E+37,+3.964499E+03,+3.584400E+04,+1.221828E+00,+1.056500E-03,+9.910000E+37,+3.964564E+03,+3.584400E+04,+1.221233E+00,+1.056500E-03,+9.910000E+37,+3.964634E+03,+3.584400E+04,-1.178193E+00,+0.000000E+00,+9.910000E+37,+3.964706E+03,+3.584400E+04
14:19:30,0e0,+1.238261E+00,+1.116000E-03,+9.910000E+37,+3.964930E+03,+3.584400E+04,+1.238125E+00,+1.116000E-03,+9.910000E+37,+3.964996E+03,+3.584400E+04,+1.237032E+00,+1.116000E-03,+9.910000E+37,+3.965063E+03,+3.584400E+04,-9.521781E-01,+0.000000E+00,+9.910000E+37,+3.965130E+03,+3.584400E+04
14:19:30,0e0,+1.253512E+00,+1.179000E-03,+9.910000E+37,+3.965355E+03,+3.584400E+04,+1.254014E+00,+1.179000E-03,+9.910000E+37,+3.965421E+03,+3.584400E+04,+1.254651E+00,+1.179000E-03,+9.910000E+37,+3.965487E+03,+3.584400E+04,-9.613302E-01,+0.000000E+00,+9.910000E+37,+3.965555E+03,+3.584400E+04
14:19:30,0e0,+1.269310E+00,+1.245000E-03,+9.910000E+37,+3.965783E+03,+3.584400E+04,+1.270225E+00,+1.245000E-03,+9.910000E+37,+3.965849E+03,+3.584400E+04,+1.270267E+00,+1.245000E-03,+9.910000E+37,+3.965916E+03,+3.584400E+04,-9.819096E-01,+0.000000E+00,+9.910000E+37,+3.965981E+03,+3.584400E+04
14:19:30,0e0,+1.287205E+00,+1.315500E-03,+9.910000E+37,+3.966208E+03,+3.584400E+04,+1.287841E+00,+1.315500E-03,+9.910000E+37,+3.966275E+03,+3.584400E+04,+1.286110E+00,+1.315500E-03,+9.910000E+37,+3.966341E+03,+3.584400E+04,-8.643956E-01,+0.000000E+00,+9.910000E+37,+3.966407E+03,+3.584400E+04
14:19:30,0e0,+1.303593E+00,+1.389500E-03,+9.910000E+37,+3.966632E+03,+3.584400E+04,+1.302819E+00,+1.389500E-03,+9.910000E+37,+3.966698E+03,+3.584400E+04,+1.304231E+00,+1.389500E-03,+9.910000E+37,+3.966765E+03,+3.584400E+04,-9.869623E-01,+0.000000E+00,+9.910000E+37,+3.966830E+03,+3.584400E+04
14:19:30,0e0,+1.320942E+00,+1.468000E-03,+9.910000E+37,+3.967051E+03,+3.584400E+04,+1.319847E+00,+1.468000E-03,+9.910000E+37,+3.967117E+03,+3.584400E+04,+1.320666E+00,+1.468000E-03,+9.910000E+37,+3.967185E+03,+3.584400E+04,-9.728489E-01,+0.000000E+00,+9.910000E+37,+3.967250E+03,+3.584400E+04
14:19:30,0e0,+1.338422E+00,+1.550500E-03,+9.910000E+37,+3.967470E+03,+3.584400E+04,+1.337831E+00,+1.550500E-03,+9.910000E+37,+3.967536E+03,+3.584400E+04,+1.339151E+00,+1.550500E-03,+9.910000E+37,+3.967604E+03,+3.584400E+04,-9.037332E-01,+0.000000E+00,+9.910000E+37,+3.967669E+03,+3.584400E+04
14:19:30,0e0,+1.357000E+00,+1.638000E-03,+9.910000E+37,+3.967892E+03,+3.584400E+04,+1.355996E+00,+1.638000E-03,+9.910000E+37,+3.967958E+03,+3.584400E+04,+1.356225E+00,+1.638000E-03,+9.910000E+37,+3.968025E+03,+3.584400E+04,-8.595676E-01,+0.000000E+00,+9.910000E+37,+3.968091E+03,+3.584400E+04
14:19:30,0e0,+1.374665E+00,+1.730000E-03,+9.910000E+37,+3.968316E+03,+3.584400E+04,+1.374302E+00,+1.730000E-03,+9.910000E+37,+3.968384E+03,+3.584400E+04,+1.372657E+00,+1.730000E-03,+9.910000E+37,+3.968449E+03,+3.584400E+04,-9.991676E-01,+0.000000E+00,+9.910000E+37,+3.968516E+03,+3.584400E+04
14:19:30,0e0,+1.393147E+00,+1.827500E-03,+9.910000E+37,+3.968739E+03,+3.584400E+04,+1.390457E+00,+1.827500E-03,+9.910000E+37,+3.968806E+03,+3.584400E+04,+1.393238E+00,+1.827500E-03,+9.910000E+37,+3.968873E+03,+3.584400E+04,-8.553342E-01,+0.000000E+00,+9.910000E+37,+3.968938E+03,+3.584400E+04
14:19:30,0e0,+1.412087E+00,+1.930500E-03,+9.910000E+37,+3.969159E+03,+3.584400E+04,+1.410218E+00,+1.930500E-03,+9.910000E+37,+3.969226E+03,+3.584400E+04,+1.411949E+00,+1.930500E-03,+9.910000E+37,+3.969293E+03,+3.584400E+04,-9.693891E-01,+0.000000E+00,+9.910000E+37,+3.969358E+03,+3.584400E+04
14:19:30,0e0,+1.431392E+00,+2.039500E-03,+9.910000E+37,+3.969586E+03,+3.584400E+04,+1.431073E+00,+2.039500E-03,+9.910000E+37,+3.969653E+03,+3.584400E+04,+1.430937E+00,+2.039500E-03,+9.910000E+37,+3.969719E+03,+3.584400E+04,-8.706328E-01,+0.000000E+00,+9.910000E+37,+3.969785E+03,+3.584400E+04
14:19:30,0e0,+1.450238E+00,+2.154500E-03,+9.910000E+37,+3.970005E+03,+3.584400E+04,+1.450287E+00,+2.154500E-03,+9.910000E+37,+3.970072E+03,+3.584400E+04,+1.449875E+00,+2.154500E-03,+9.910000E+37,+3.970139E+03,+3.584400E+04,-8.689935E-01,+0.000000E+00,+9.910000E+37,+3.970205E+03,+3.584400E+04
14:19:30,0e0,+1.470502E+00,+2.276000E-03,+9.910000E+37,+3.970433E+03,+3.584400E+04,+1.470408E+00,+2.276000E-03,+9.910000E+37,+3.970500E+03,+3.584400E+04,+1.469636E+00,+2.276000E-03,+9.910000E+37,+3.970567E+03,+3.584400E+04,-9.556388E-01,+0.000000E+00,+9.910000E+37,+3.970633E+03,+3.584400E+04
14:19:30,0e0,+1.490985E+00,+2.404000E-03,+9.910000E+37,+3.970856E+03,+3.584400E+04,+1.490896E+00,+2.404000E-03,+9.910000E+37,+3.970924E+03,+3.584400E+04,+1.488979E+00,+2.404000E-03,+9.910000E+37,+3.970991E+03,+3.584400E+04,-8.913490E-01,+0.000000E+00,+9.910000E+37,+3.971057E+03,+3.584400E+04
14:19:30,0e0,+1.511933E+00,+2.539500E-03,+9.910000E+37,+3.971282E+03,+3.584400E+04,+1.512976E+00,+2.539500E-03,+9.910000E+37,+3.971348E+03,+3.584400E+04,+1.511975E+00,+2.539500E-03,+9.910000E+37,+3.971415E+03,+3.584400E+04,-1.015239E+00,+0.000000E+00,+9.910000E+37,+3.971480E+03,+3.584400E+04
14:19:30,0e0,+1.533100E+00,+2.682500E-03,+9.910000E+37,+3.971709E+03,+3.584400E+04,+1.532421E+00,+2.682500E-03,+9.910000E+37,+3.971774E+03,+3.584400E+04,+1.532963E+00,+2.682500E-03,+9.910000E+37,+3.971841E+03,+3.584400E+04,-9.288207E-01,+0.000000E+00,+9.910000E+37,+3.971906E+03,+3.584400E+04
14:19:30,0e0,+1.555272E+00,+2.834000E-03,+9.910000E+37,+3.972133E+03,+3.584400E+04,+1.555545E+00,+2.834000E-03,+9.910000E+37,+3.972199E+03,+3.584400E+04,+1.554407E+00,+2.834000E-03,+9.910000E+37,+3.972266E+03,+3.584400E+04,-9.432980E-01,+0.000000E+00,+9.910000E+37,+3.972333E+03,+3.584400E+04
14:19:30,0e0,+1.576126E+00,+2.993500E-03,+9.910000E+37,+3.972559E+03,+3.584400E+04,+1.578174E+00,+2.993500E-03,+9.910000E+37,+3.972624E+03,+3.584400E+04,+1.578355E+00,+2.993500E-03,+9.910000E+37,+3.972690E+03,+3.584400E+04,-9.751259E-01,+0.000000E+00,+9.910000E+37,+3.972758E+03,+3.584400E+04
14:19:30,0e0,+1.600664E+00,+3.162500E-03,+9.910000E+37,+3.972982E+03,+3.584400E+04,+1.598019E+00,+3.162500E-03,+9.910000E+37,+3.973049E+03,+3.584400E+04,+1.599890E+00,+3.162500E-03,+9.910000E+37,+3.973116E+03,+3.584400E+04,-9.017301E-01,+0.000000E+00,+9.910000E+37,+3.973182E+03,+3.584400E+04
14:19:30,0e0,+1.623292E+00,+3.340500E-03,+9.910000E+37,+3.973402E+03,+3.584400E+04,+1.622381E+00,+3.340500E-03,+9.910000E+37,+3.973469E+03,+3.584400E+04,+1.622289E+00,+3.340500E-03,+9.910000E+37,+3.973536E+03,+3.584400E+04,-8.591132E-01,+0.000000E+00,+9.910000E+37,+3.973602E+03,+3.584400E+04
14:19:30,0e0,+1.647014E+00,+3.528500E-03,+9.910000E+37,+3.973823E+03,+3.584400E+04,+1.647193E+00,+3.528500E-03,+9.910000E+37,+3.973890E+03,+3.584400E+04,+1.645693E+00,+3.528500E-03,+9.910000E+37,+3.973957E+03,+3.584400E+04,-9.485823E-01,+0.000000E+00,+9.910000E+37,+3.974022E+03,+3.584400E+04
14:19:30,0e0,+1.672054E+00,+3.727500E-03,+9.910000E+37,+3.974243E+03,+3.584400E+04,+1.671641E+00,+3.727500E-03,+9.910000E+37,+3.974311E+03,+3.584400E+04,+1.669910E+00,+3.727500E-03,+9.910000E+37,+3.974376E+03,+3.584400E+04,-1.008455E+00,+0.000000E+00,+9.910000E+37,+3.974442E+03,+3.584400E+04
14:19:30,0e0,+1.696546E+00,+3.937500E-03,+9.910000E+37,+3.974669E+03,+3.584400E+04,+1.696408E+00,+3.937500E-03,+9.910000E+37,+3.974735E+03,+3.584400E+04,+1.695819E+00,+3.937500E-03,+9.910000E+37,+3.974801E+03,+3.584400E+04,-8.722264E-01,+0.000000E+00,+9.910000E+37,+3.974867E+03,+3.584400E+04
14:19:30,0e0,+1.720356E+00,+4.159500E-03,+9.910000E+37,+3.975089E+03,+3.584400E+04,+1.721130E+00,+4.159500E-03,+9.910000E+37,+3.975155E+03,+3.584400E+04,+1.720905E+00,+4.159500E-03,+9.910000E+37,+3.975223E+03,+3.584400E+04,-9.835475E-01,+0.000000E+00,+9.910000E+37,+3.975288E+03,+3.584400E+04
14:19:30,0e0,+1.748496E+00,+4.394000E-03,+9.910000E+37,+3.975515E+03,+3.584400E+04,+1.746308E+00,+4.394000E-03,+9.910000E+37,+3.975581E+03,+3.584400E+04,+1.747356E+00,+4.394000E-03,+9.910000E+37,+3.975646E+03,+3.584400E+04,-8.527388E-01,+0.000000E+00,+9.910000E+37,+3.975714E+03,+3.584400E+04
14:19:30,0e0,+1.773532E+00,+4.641500E-03,+9.910000E+37,+3.975938E+03,+3.584400E+04,+1.774717E+00,+4.641500E-03,+9.910000E+37,+3.976005E+03,+3.584400E+04,+1.774398E+00,+4.641500E-03,+9.910000E+37,+3.976071E+03,+3.584400E+04,-9.802702E-01,+0.000000E+00,+9.910000E+37,+3.976137E+03,+3.584400E+04
14:19:30,0e0,+1.801671E+00,+4.903000E-03,+9.910000E+37,+3.976358E+03,+3.584400E+04,+1.800991E+00,+4.903000E-03,+9.910000E+37,+3.976424E+03,+3.584400E+04,+1.800809E+00,+4.903000E-03,+9.910000E+37,+3.976490E+03,+3.584400E+04,-9.729866E-01,+0.000000E+00,+9.910000E+37,+3.976557E+03,+3.584400E+04
14:19:30,0e0,+1.830079E+00,+5.179500E-03,+9.910000E+37,+3.976780E+03,+3.584400E+04,+1.828712E+00,+5.179500E-03,+9.910000E+37,+3.976847E+03,+3.584400E+04,+1.828986E+00,+5.179500E-03,+9.910000E+37,+3.976913E+03,+3.584400E+04,-8.582029E-01,+0.000000E+00,+9.910000E+37,+3.976980E+03,+3.584400E+04
14:19:30,0e0,+1.858032E+00,+5.471500E-03,+9.910000E+37,+3.977200E+03,+3.584400E+04,+1.857445E+00,+5.471500E-03,+9.910000E+37,+3.977267E+03,+3.584400E+04,+1.857987E+00,+5.471500E-03,+9.910000E+37,+3.977333E+03,+3.584400E+04,-9.757634E-01,+0.000000E+00,+9.910000E+37,+3.977400E+03,+3.584400E+04
14:19:30,0e0,+1.885619E+00,+5.779500E-03,+9.910000E+37,+3.977624E+03,+3.584400E+04,+1.886899E+00,+5.779500E-03,+9.910000E+37,+3.977691E+03,+3.584400E+04,+1.886035E+00,+5.779500E-03,+9.910000E+37,+3.977758E+03,+3.584400E+04,-8.841553E-01,+0.000000E+00,+9.910000E+37,+3.977823E+03,+3.584400E+04
14:19:30,0e0,+1.917493E+00,+6.105500E-03,+9.910000E+37,+3.978045E+03,+3.584400E+04,+1.916494E+00,+6.105500E-03,+9.910000E+37,+3.978110E+03,+3.584400E+04,+1.916674E+00,+6.105500E-03,+9.910000E+37,+3.978177E+03,+3.584400E+04,-8.720899E-01,+0.000000E+00,+9.910000E+37,+3.978244E+03,+3.584400E+04
14:19:30,0e0,+1.947269E+00,+6.449500E-03,+9.910000E+37,+3.978465E+03,+3.584400E+04,+1.947540E+00,+6.449500E-03,+9.910000E+37,+3.978530E+03,+3.584400E+04,+1.946994E+00,+6.449500E-03,+9.910000E+37,+3.978597E+03,+3.584400E+04,-9.948856E-01,+0.000000E+00,+9.910000E+37,+3.978663E+03,+3.584400E+04
14:19:30,0e0,+1.978092E+00,+6.813000E-03,+9.910000E+37,+3.978890E+03,+3.584400E+04,+1.978043E+00,+6.813000E-03,+9.910000E+37,+3.978956E+03,+3.584400E+04,+1.978408E+00,+6.813000E-03,+9.910000E+37,+3.979023E+03,+3.584400E+04,-8.577928E-01,+0.000000E+00,+9.910000E+37,+3.979089E+03,+3.584400E+04
14:19:30,0e0,+2.009138E+00,+7.197000E-03,+9.910000E+37,+3.979314E+03,+3.584400E+04,+2.010278E+00,+7.197000E-03,+9.910000E+37,+3.979380E+03,+3.584400E+04,+2.010506E+00,+7.197000E-03,+9.910000E+37,+3.979447E+03,+3.584400E+04,-9.743056E-01,+0.000000E+00,+9.910000E+37,+3.979513E+03,+3.584400E+04
14:19:30,0e0,+2.042465E+00,+7.602500E-03,+9.910000E+37,+3.979739E+03,+3.584400E+04,+2.042741E+00,+7.602500E-03,+9.910000E+37,+3.979807E+03,+3.584400E+04,+2.042373E+00,+7.602500E-03,+9.910000E+37,+3.979873E+03,+3.584400E+04,-8.627096E-01,+0.000000E+00,+9.910000E+37,+3.979939E+03,+3.584400E+04
14:19:30,0e0,+2.076836E+00,+8.031000E-03,+9.910000E+37,+3.980168E+03,+3.584400E+04,+2.076521E+00,+8.031000E-03,+9.910000E+37,+3.980233E+03,+3.584400E+04,+2.078070E+00,+8.031000E-03,+9.910000E+37,+3.980301E+03,+3.584400E+04,-9.781761E-01,+0.000000E+00,+9.910000E+37,+3.980366E+03,+3.584400E+04
14:19:30,0e0,+2.111899E+00,+8.483500E-03,+9.910000E+37,+3.980589E+03,+3.584400E+04,+2.110573E+00,+8.483500E-03,+9.910000E+37,+3.980654E+03,+3.584400E+04,+2.111805E+00,+8.483500E-03,+9.910000E+37,+3.980722E+03,+3.584400E+04,-9.045984E-01,+0.000000E+00,+9.910000E+37,+3.980789E+03,+3.584400E+04
14:19:30,0e0,+2.146589E+00,+8.961500E-03,+9.910000E+37,+3.981013E+03,+3.584400E+04,+2.148182E+00,+8.961500E-03,+9.910000E+37,+3.981079E+03,+3.584400E+04,+2.146271E+00,+8.961500E-03,+9.910000E+37,+3.981146E+03,+3.584400E+04,-9.554107E-01,+0.000000E+00,+9.910000E+37,+3.981213E+03,+3.584400E+04
14:19:30,0e0,+2.182648E+00,+9.466500E-03,+9.910000E+37,+3.981438E+03,+3.584400E+04,+2.181414E+00,+9.466500E-03,+9.910000E+37,+3.981504E+03,+3.584400E+04,+2.182920E+00,+9.466500E-03,+9.910000E+37,+3.981570E+03,+3.584400E+04,-9.349220E-01,+0.000000E+00,+9.910000E+37,+3.981638E+03,+3.584400E+04
