14:01:47,0e0,-1.614976E+00,+1.000000E-07,+9.910000E+37,+2.834980E+03,+3.584400E+04,-3.378788E-02,+1.000000E-07,+9.910000E+37,+2.835047E+03,+3.584400E+04,-3.529090E-02,+1.000000E-07,+9.910000E+37,+2.835113E+03,+3.584400E+04,-2.427635E-01,+0.000000E+00,+9.910000E+37,+2.835181E+03,+3.584400E+04
14:01:47,0e0,-1.242668E+00,+1.056500E-07,+9.910000E+37,+2.835405E+03,+3.584400E+04,-2.532017E-02,+1.056500E-07,+9.910000E+37,+2.835473E+03,+3.584400E+04,-2.591208E-02,+1.056500E-07,+9.910000E+37,+2.835540E+03,+3.584400E+04,-2.475897E-01,+0.000000E+00,+9.910000E+37,+2.835605E+03,+3.584400E+04
14:01:47,0e0,-1.501603E+00,+1.116000E-07,+9.910000E+37,+2.835831E+03,+3.584400E+04,-1.639622E-02,+1.116000E-07,+9.910000E+37,+2.835898E+03,+3.584400E+04,-1.739798E-02,+1.116000E-07,+9.910000E+37,+2.835966E+03,+3.584400E+04,-2.472255E-01,+0.000000E+00,+9.910000E+37,+2.836033E+03,+3.584400E+04
14:01:47,0e0,-1.069423E+00,+1.179000E-07,+9.910000E+37,+2.836260E+03,+3.584400E+04,-6.789923E-03,+1.179000E-07,+9.910000E+37,+2.836327E+03,+3.584400E+04,-8.201480E-03,+1.179000E-07,+9.910000E+37,+2.836395E+03,+3.584400E+04,-2.476808E-01,+0.000000E+00,+9.910000E+37,+2.836462E+03,+3.584400E+04
14:01:47,0e0,-1.471143E+00,+1.245000E-07,+9.910000E+37,+2.836684E+03,+3.584400E+04,+8.134544E-04,+1.245000E-07,+9.910000E+37,+2.836750E+03,+3.584400E+04,+8.587688E-04,+1.245000E-07,+9.910000E+37,+2.836816E+03,+3.584400E+04,-2.484093E-01,+0.000000E+00,+9.910000E+37,+2.836883E+03,+3.584400E+04
14:01:47,0e0,-6.233571E-01,+1.315500E-07,+9.910000E+37,+2.837109E+03,+3.584400E+04,+9.007990E-03,+1.315500E-07,+9.910000E+37,+2.837176E+03,+3.584400E+04,+1.001011E-02,+1.315500E-07,+9.910000E+37,+2.837241E+03,+3.584400E+04,-2.499118E-01,+0.000000E+00,+9.910000E+37,+2.837308E+03,+3.584400E+04
14:01:47,0e0,-1.135261E+00,+1.389500E-07,+9.910000E+37,+2.837533E+03,+3.584400E+04,+1.756763E-02,+1.389500E-07,+9.910000E+37,+2.837601E+03,+3.584400E+04,+1.879732E-02,+1.389500E-07,+9.910000E+37,+2.837667E+03,+3.584400E+04,-2.514598E-01,+0.000000E+00,+9.910000E+37,+2.837732E+03,+3.584400E+04
14:01:47,0e0,-2.535087E-01,+1.468000E-07,+9.910000E+37,+2.837958E+03,+3.584400E+04,+2.671869E-02,+1.468000E-07,+9.910000E+37,+2.838025E+03,+3.584400E+04,+2.594434E-02,+1.468000E-07,+9.910000E+37,+2.838093E+03,+3.584400E+04,-2.461327E-01,+0.000000E+00,+9.910000E+37,+2.838158E+03,+3.584400E+04
14:01:47,0e0,-1.368015E+00,+1.550500E-07,+9.910000E+37,+2.838384E+03,+3.584400E+04,+3.509596E-02,+1.550500E-07,+9.910000E+37,+2.838450E+03,+3.584400E+04,+3.491348E-02,+1.550500E-07,+9.910000E+37,+2.838517E+03,+3.584400E+04,-2.509590E-01,+0.000000E+00,+9.910000E+37,+2.838583E+03,+3.584400E+04
14:01:47,0e0,-1.548476E-01,+1.638000E-07,+9.910000E+37,+2.838808E+03,+3.584400E+04,+4.360998E-02,+1.638000E-07,+9.910000E+37,+2.838874E+03,+3.584400E+04,+4.183364E-02,+1.638000E-07,+9.910000E+37,+2.838940E+03,+3.584400E+04,-2.469523E-01,+0.000000E+00,+9.910000E+37,+2.839008E+03,+3.584400E+04
14:01:47,0e0,-8.745049E-01,+1.730000E-07,+9.910000E+37,+2.839234E+03,+3.584400E+04,+5.198660E-02,+1.730000E-07,+9.910000E+37,+2.839301E+03,+3.584400E+04,+5.025646E-02,+1.730000E-07,+9.910000E+37,+2.839367E+03,+3.584400E+04,-2.513688E-01,+0.000000E+00,+9.910000E+37,+2.839434E+03,+3.584400E+04
14:01:47,0e0,+5.717671E-02,+1.827500E-07,+9.910000E+37,+2.839657E+03,+3.584400E+04,+5.908921E-02,+1.827500E-07,+9.910000E+37,+2.839724E+03,+3.584400E+04,+5.913505E-02,+1.827500E-07,+9.910000E+37,+2.839790E+03,+3.584400E+04,-2.484548E-01,+0.000000E+00,+9.910000E+37,+2.839856E+03,+3.584400E+04
14:01:47,0e0,-1.723757E-01,+1.930500E-07,+9.910000E+37,+2.840080E+03,+3.584400E+04,+6.573629E-02,+1.930500E-07,+9.910000E+37,+2.840146E+03,+3.584400E+04,+6.600952E-02,+1.930500E-07,+9.910000E+37,+2.840213E+03,+3.584400E+04,-2.529168E-01,+0.000000E+00,+9.910000E+37,+2.840278E+03,+3.584400E+04
14:01:47,0e0,+6.919634E-02,+2.039500E-07,+9.910000E+37,+2.840500E+03,+3.584400E+04,+7.288453E-02,+2.039500E-07,+9.910000E+37,+2.840567E+03,+3.584400E+04,+7.283854E-02,+2.039500E-07,+9.910000E+37,+2.840633E+03,+3.584400E+04,-2.409423E-01,+0.000000E+00,+9.910000E+37,+2.840699E+03,+3.584400E+04
14:01:47,0e0,-1.703270E-01,+2.154500E-07,+9.910000E+37,+2.840925E+03,+3.584400E+04,+7.834744E-02,+2.154500E-07,+9.910000E+37,+2.840991E+03,+3.584400E+04,+7.720935E-02,+2.154500E-07,+9.910000E+37,+2.841058E+03,+3.584400E+04,-2.487735E-01,+0.000000E+00,+9.910000E+37,+2.841124E+03,+3.584400E+04
14:01:47,0e0,+8.048776E-02,+2.276000E-07,+9.910000E+37,+2.841350E+03,+3.584400E+04,+8.335522E-02,+2.276000E-07,+9.910000E+37,+2.841416E+03,+3.584400E+04,+8.586037E-02,+2.276000E-07,+9.910000E+37,+2.841482E+03,+3.584400E+04,-2.446757E-01,+0.000000E+00,+9.910000E+37,+2.841548E+03,+3.584400E+04
14:01:47,0e0,-3.135187E-01,+2.404000E-07,+9.910000E+37,+2.841772E+03,+3.584400E+04,+8.982089E-02,+2.404000E-07,+9.910000E+37,+2.841839E+03,+3.584400E+04,+9.064034E-02,+2.404000E-07,+9.910000E+37,+2.841905E+03,+3.584400E+04,-2.467247E-01,+0.000000E+00,+9.910000E+37,+2.841972E+03,+3.584400E+04
14:01:47,0e0,+9.441909E-02,+2.539500E-07,+9.910000E+37,+2.842197E+03,+3.584400E+04,+9.478360E-02,+2.539500E-07,+9.910000E+37,+2.842264E+03,+3.584400E+04,+9.378085E-02,+2.539500E-07,+9.910000E+37,+2.842330E+03,+3.584400E+04,-2.413975E-01,+0.000000E+00,+9.910000E+37,+2.842397E+03,+3.584400E+04
14:01:47,0e0,+1.009752E-01,+2.682500E-07,+9.910000E+37,+2.842621E+03,+3.584400E+04,+9.956405E-02,+2.682500E-07,+9.910000E+37,+2.842688E+03,+3.584400E+04,+9.965414E-02,+2.682500E-07,+9.910000E+37,+2.842755E+03,+3.584400E+04,-2.485458E-01,+0.000000E+00,+9.910000E+37,+2.842821E+03,+3.584400E+04
14:01:47,0e0,+6.150201E-02,+2.834000E-07,+9.910000E+37,+2.843041E+03,+3.584400E+04,+1.037978E-01,+2.834000E-07,+9.910000E+37,+2.843107E+03,+3.584400E+04,+1.037068E-01,+2.834000E-07,+9.910000E+37,+2.843175E+03,+3.584400E+04,-2.566504E-01,+0.000000E+00,+9.910000E+37,+2.843240E+03,+3.584400E+04
14:01:47,0e0,+1.077591E-01,+2.993500E-07,+9.910000E+37,+2.843468E+03,+3.584400E+04,+1.073492E-01,+2.993500E-07,+9.910000E+37,+2.843534E+03,+3.584400E+04,+1.081685E-01,+2.993500E-07,+9.910000E+37,+2.843601E+03,+3.584400E+04,-2.461327E-01,+0.000000E+00,+9.910000E+37,+2.843668E+03,+3.584400E+04
14:01:47,0e0,+1.107638E-01,+3.162500E-07,+9.910000E+37,+2.843893E+03,+3.584400E+04,+1.117201E-01,+3.162500E-07,+9.910000E+37,+2.843959E+03,+3.584400E+04,+1.114005E-01,+3.162500E-07,+9.910000E+37,+2.844025E+03,+3.584400E+04,-2.795525E-01,+0.000000E+00,+9.910000E+37,+2.844091E+03,+3.584400E+04
14:01:47,0e0,+1.145422E-01,+3.340500E-07,+9.910000E+37,+2.844316E+03,+3.584400E+04,+1.145422E-01,+3.340500E-07,+9.910000E+37,+2.844382E+03,+3.584400E+04,+1.146793E-01,+3.340500E-07,+9.910000E+37,+2.844448E+03,+3.584400E+04,-2.465881E-01,+0.000000E+00,+9.910000E+37,+2.844516E+03,+3.584400E+04
14:01:47,0e0,+1.190036E-01,+3.528500E-07,+9.910000E+37,+2.844741E+03,+3.584400E+04,+1.195051E-01,+3.528500E-07,+9.910000E+37,+2.844809E+03,+3.584400E+04,+1.186403E-01,+3.528500E-07,+9.910000E+37,+2.844876E+03,+3.584400E+04,-3.483041E-01,+0.000000E+00,+9.910000E+37,+2.844942E+03,+3.584400E+04
14:01:47,0e0,+1.193676E-01,+3.727500E-07,+9.910000E+37,+2.845167E+03,+3.584400E+04,+1.200963E-01,+3.727500E-07,+9.910000E+37,+2.845233E+03,+3.584400E+04,+1.198233E-01,+3.727500E-07,+9.910000E+37,+2.845300E+03,+3.584400E+04,-2.481816E-01,+0.000000E+00,+9.910000E+37,+2.845366E+03,+3.584400E+04
14:01:47,0e0,+1.241032E-01,+3.937500E-07,+9.910000E+37,+2.845593E+03,+3.584400E+04,+1.224636E-01,+3.937500E-07,+9.910000E+37,+2.845658E+03,+3.584400E+04,+1.242404E-01,+3.937500E-07,+9.910000E+37,+2.845725E+03,+3.584400E+04,-4.835767E-01,+0.000000E+00,+9.910000E+37,+2.845791E+03,+3.584400E+04
14:01:47,0e0,+1.263799E-01,+4.159500E-07,+9.910000E+37,+2.846016E+03,+3.584400E+04,+1.273360E-01,+4.159500E-07,+9.910000E+37,+2.846083E+03,+3.584400E+04,+1.261517E-01,+4.159500E-07,+9.910000E+37,+2.846150E+03,+3.584400E+04,-2.497297E-01,+0.000000E+00,+9.910000E+37,+2.846216E+03,+3.584400E+04
14:01:47,0e0,+1.297031E-01,+4.394000E-07,+9.910000E+37,+2.846441E+03,+3.584400E+04,+1.299308E-01,+4.394000E-07,+9.910000E+37,+2.846507E+03,+3.584400E+04,+1.302499E-01,+4.394000E-07,+9.910000E+37,+2.846573E+03,+3.584400E+04,-6.998033E-01,+0.000000E+00,+9.910000E+37,+2.846640E+03,+3.584400E+04
14:01:47,0e0,+1.324805E-01,+4.641500E-07,+9.910000E+37,+2.846864E+03,+3.584400E+04,+1.333007E-01,+4.641500E-07,+9.910000E+37,+2.846931E+03,+3.584400E+04,+1.322070E-01,+4.641500E-07,+9.910000E+37,+2.846997E+03,+3.584400E+04,-2.639353E-01,+0.000000E+00,+9.910000E+37,+2.847063E+03,+3.584400E+04
14:01:47,0e0,+1.351665E-01,+4.903000E-07,+9.910000E+37,+2.847290E+03,+3.584400E+04,+1.355766E-01,+4.903000E-07,+9.910000E+37,+2.847356E+03,+3.584400E+04,+1.335725E-01,+4.903000E-07,+9.910000E+37,+2.847424E+03,+3.584400E+04,-9.776324E-01,+0.000000E+00,+9.910000E+37,+2.847490E+03,+3.584400E+04
14:01:47,0e0,+1.380348E-01,+5.179500E-07,+9.910000E+37,+2.847713E+03,+3.584400E+04,+1.389913E-01,+5.179500E-07,+9.910000E+37,+2.847778E+03,+3.584400E+04,+1.373979E-01,+5.179500E-07,+9.910000E+37,+2.847845E+03,+3.584400E+04,-5.450433E-01,+0.000000E+00,+9.910000E+37,+2.847911E+03,+3.584400E+04
14:01:47,0e0,+1.406756E-01,+5.471500E-07,+9.910000E+37,+2.848133E+03,+3.584400E+04,+1.398557E-01,+5.471500E-07,+9.910000E+37,+2.848200E+03,+3.584400E+04,+1.411308E-01,+5.471500E-07,+9.910000E+37,+2.848266E+03,+3.584400E+04,-7.767504E-01,+0.000000E+00,+9.910000E+37,+2.848332E+03,+3.584400E+04
14:01:47,0e0,+1.437255E-01,+5.779500E-07,+9.910000E+37,+2.848558E+03,+3.584400E+04,+1.434985E-01,+5.779500E-07,+9.910000E+37,+2.848624E+03,+3.584400E+04,+1.426791E-01,+5.779500E-07,+9.910000E+37,+2.848690E+03,+3.584400E+04,-1.358269E+00,+0.000000E+00,+9.910000E+37,+2.848757E+03,+3.584400E+04
14:01:47,0e0,+1.458203E-01,+6.105500E-07,+9.910000E+37,+2.848980E+03,+3.584400E+04,+1.450917E-01,+6.105500E-07,+9.910000E+37,+2.849047E+03,+3.584400E+04,+1.450467E-01,+6.105500E-07,+9.910000E+37,+2.849113E+03,+3.584400E+04,-1.065098E+00,+0.000000E+00,+9.910000E+37,+2.849181E+03,+3.584400E+04
14:01:47,0e0,+1.491442E-01,+6.449500E-07,+9.910000E+37,+2.849401E+03,+3.584400E+04,+1.482328E-01,+6.449500E-07,+9.910000E+37,+2.849467E+03,+3.584400E+04,+1.482790E-01,+6.449500E-07,+9.910000E+37,+2.849533E+03,+3.584400E+04,-1.880603E+00,+0.000000E+00,+9.910000E+37,+2.849600E+03,+3.584400E+04
14:01:47,0e0,+1.512834E-01,+6.813000E-07,+9.910000E+37,+2.849826E+03,+3.584400E+04,+1.506009E-01,+6.813000E-07,+9.910000E+37,+2.849894E+03,+3.584400E+04,+1.514654E-01,+6.813000E-07,+9.910000E+37,+2.849960E+03,+3.584400E+04,-1.536389E+00,+0.000000E+00,+9.910000E+37,+2.850025E+03,+3.584400E+04
14:01:47,0e0,+1.522395E-01,+7.197000E-07,+9.910000E+37,+2.850252E+03,+3.584400E+04,+1.528316E-01,+7.197000E-07,+9.910000E+37,+2.850318E+03,+3.584400E+04,+1.538789E-01,+7.197000E-07,+9.910000E+37,+2.850385E+03,+3.584400E+04,-2.399836E+00,+0.000000E+00,+9.910000E+37,+2.850450E+03,+3.584400E+04
14:01:47,0e0,+1.557448E-01,+7.602500E-07,+9.910000E+37,+2.850676E+03,+3.584400E+04,+1.549710E-01,+7.602500E-07,+9.910000E+37,+2.850742E+03,+3.584400E+04,+1.552449E-01,+7.602500E-07,+9.910000E+37,+2.850810E+03,+3.584400E+04,-2.071105E+00,+0.000000E+00,+9.910000E+37,+2.850875E+03,+3.584400E+04
14:01:47,0e0,+1.578851E-01,+8.031000E-07,+9.910000E+37,+2.851103E+03,+3.584400E+04,+1.572472E-01,+8.031000E-07,+9.910000E+37,+2.851170E+03,+3.584400E+04,+1.568836E-01,+8.031000E-07,+9.910000E+37,+2.851235E+03,+3.584400E+04,-2.938565E+00,+0.000000E+00,+9.910000E+37,+2.851303E+03,+3.584400E+04
14:01:47,0e0,+1.601160E-01,+8.483500E-07,+9.910000E+37,+2.851526E+03,+3.584400E+04,+1.609353E-01,+8.483500E-07,+9.910000E+37,+2.851593E+03,+3.584400E+04,+1.609350E-01,+8.483500E-07,+9.910000E+37,+2.851659E+03,+3.584400E+04,-2.684497E+00,+0.000000E+00,+9.910000E+37,+2.851727E+03,+3.584400E+04
14:01:47,0e0,+1.633029E-01,+8.961500E-07,+9.910000E+37,+2.851953E+03,+3.584400E+04,+1.631216E-01,+8.961500E-07,+9.910000E+37,+2.852020E+03,+3.584400E+04,+1.632118E-01,+8.961500E-07,+9.910000E+37,+2.852087E+03,+3.584400E+04,-3.517441E+00,+0.000000E+00,+9.910000E+37,+2.852153E+03,+3.584400E+04
14:01:47,0e0,+1.663080E-01,+9.466500E-07,+9.910000E+37,+2.852380E+03,+3.584400E+04,+1.652147E-01,+9.466500E-07,+9.910000E+37,+2.852447E+03,+3.584400E+04,+1.649873E-01,+9.466500E-07,+9.910000E+37,+2.852514E+03,+3.584400E+04,-3.318462E+00,+0.000000E+00,+9.910000E+37,+2.852579E+03,+3.584400E+04
14:01:47,0e0,+1.692674E-01,+1.000000E-06,+9.910000E+37,+2.852802E+03,+3.584400E+04,+1.685846E-01,+1.000000E-06,+9.910000E+37,+2.852868E+03,+3.584400E+04,+1.690397E-01,+1.000000E-06,+9.910000E+37,+2.852935E+03,+3.584400E+04,-3.885330E+00,+0.000000E+00,+9.910000E+37,+2.853001E+03,+3.584400E+04
14:01:47,0e0,+1.602069E-01,+1.056500E-06,+9.910000E+37,+2.853229E+03,+3.584400E+04,+1.589784E-01,+1.056500E-06,+9.910000E+37,+2.853296E+03,+3.584400E+04,+1.601161E-01,+1.056500E-06,+9.910000E+37,+2.853361E+03,+3.584400E+04,-2.466335E-01,+0.000000E+00,+9.910000E+37,+2.853428E+03,+3.584400E+04
14:01:47,0e0,+1.617558E-01,+1.116000E-06,+9.910000E+37,+2.853655E+03,+3.584400E+04,+1.612090E-01,+1.116000E-06,+9.910000E+37,+2.853723E+03,+3.584400E+04,+1.598425E-01,+1.116000E-06,+9.910000E+37,+2.853788E+03,+3.584400E+04,-2.520973E-01,+0.000000E+00,+9.910000E+37,+2.853854E+03,+3.584400E+04
14:01:47,0e0,+1.641230E-01,+1.179000E-06,+9.910000E+37,+2.854077E+03,+3.584400E+04,+1.628476E-01,+1.179000E-06,+9.910000E+37,+2.854144E+03,+3.584400E+04,+1.638951E-01,+1.179000E-06,+9.910000E+37,+2.854210E+03,+3.584400E+04,-2.440839E-01,+0.000000E+00,+9.910000E+37,+2.854276E+03,+3.584400E+04
14:01:47,0e0,+1.641222E-01,+1.245000E-06,+9.910000E+37,+2.854502E+03,+3.584400E+04,+1.654431E-01,+1.245000E-06,+9.910000E+37,+2.854569E+03,+3.584400E+04,+1.651698E-01,+1.245000E-06,+9.910000E+37,+2.854637E+03,+3.584400E+04,-2.471344E-01,+0.000000E+00,+9.910000E+37,+2.854704E+03,+3.584400E+04
14:01:47,0e0,+1.668542E-01,+1.315500E-06,+9.910000E+37,+2.854929E+03,+3.584400E+04,+1.682659E-01,+1.315500E-06,+9.910000E+37,+2.854995E+03,+3.584400E+04,+1.677196E-01,+1.315500E-06,+9.910000E+37,+2.855062E+03,+3.584400E+04,-2.480906E-01,+0.000000E+00,+9.910000E+37,+2.855128E+03,+3.584400E+04
14:01:47,0e0,+1.700411E-01,+1.389500E-06,+9.910000E+37,+2.855353E+03,+3.584400E+04,+1.699962E-01,+1.389500E-06,+9.910000E+37,+2.855418E+03,+3.584400E+04,+1.682192E-01,+1.389500E-06,+9.910000E+37,+2.855484E+03,+3.584400E+04,-2.470433E-01,+0.000000E+00,+9.910000E+37,+2.855551E+03,+3.584400E+04
14:01:47,0e0,+1.710425E-01,+1.468000E-06,+9.910000E+37,+2.855772E+03,+3.584400E+04,+1.708151E-01,+1.468000E-06,+9.910000E+37,+2.855840E+03,+3.584400E+04,+1.716804E-01,+1.468000E-06,+9.910000E+37,+2.855905E+03,+3.584400E+04,-2.609759E-01,+0.000000E+00,+9.910000E+37,+2.855972E+03,+3.584400E+04
14:01:47,0e0,+1.737752E-01,+1.550500E-06,+9.910000E+37,+2.856198E+03,+3.584400E+04,+1.720891E-01,+1.550500E-06,+9.910000E+37,+2.856265E+03,+3.584400E+04,+1.730461E-01,+1.550500E-06,+9.910000E+37,+2.856332E+03,+3.584400E+04,-2.658477E-01,+0.000000E+00,+9.910000E+37,+2.856399E+03,+3.584400E+04
14:01:47,0e0,+1.754586E-01,+1.638000E-06,+9.910000E+37,+2.856627E+03,+3.584400E+04,+1.760058E-01,+1.638000E-06,+9.910000E+37,+2.856693E+03,+3.584400E+04,+1.776447E-01,+1.638000E-06,+9.910000E+37,+2.856759E+03,+3.584400E+04,-2.669858E-01,+0.000000E+00,+9.910000E+37,+2.856825E+03,+3.584400E+04
14:01:47,0e0,+1.781453E-01,+1.730000E-06,+9.910000E+37,+2.857047E+03,+3.584400E+04,+1.779182E-01,+1.730000E-06,+9.910000E+37,+2.857115E+03,+3.584400E+04,+1.769158E-01,+1.730000E-06,+9.910000E+37,+2.857183E+03,+3.584400E+04,-2.685340E-01,+0.000000E+00,+9.910000E+37,+2.857250E+03,+3.584400E+04
14:01:47,0e0,+1.793293E-01,+1.827500E-06,+9.910000E+37,+2.857473E+03,+3.584400E+04,+1.802853E-01,+1.827500E-06,+9.910000E+37,+2.857539E+03,+3.584400E+04,+1.795564E-01,+1.827500E-06,+9.910000E+37,+2.857605E+03,+3.584400E+04,-2.747261E-01,+0.000000E+00,+9.910000E+37,+2.857672E+03,+3.584400E+04
14:01:47,0e0,+1.812874E-01,+1.930500E-06,+9.910000E+37,+2.857898E+03,+3.584400E+04,+1.830163E-01,+1.930500E-06,+9.910000E+37,+2.857965E+03,+3.584400E+04,+1.827892E-01,+1.930500E-06,+9.910000E+37,+2.858031E+03,+3.584400E+04,-2.776402E-01,+0.000000E+00,+9.910000E+37,+2.858098E+03,+3.584400E+04
14:01:47,0e0,+1.851569E-01,+2.039500E-06,+9.910000E+37,+2.858320E+03,+3.584400E+04,+1.828339E-01,+2.039500E-06,+9.910000E+37,+2.858388E+03,+3.584400E+04,+1.828341E-01,+2.039500E-06,+9.910000E+37,+2.858453E+03,+3.584400E+04,-2.775491E-01,+0.000000E+00,+9.910000E+37,+2.858520E+03,+3.584400E+04
14:01:47,0e0,+1.859756E-01,+2.154500E-06,+9.910000E+37,+2.858748E+03,+3.584400E+04,+1.858391E-01,+2.154500E-06,+9.910000E+37,+2.858814E+03,+3.584400E+04,+1.857028E-01,+2.154500E-06,+9.910000E+37,+2.858882E+03,+3.584400E+04,-2.787330E-01,+0.000000E+00,+9.910000E+37,+2.858948E+03,+3.584400E+04
14:01:47,0e0,+1.887076E-01,+2.276000E-06,+9.910000E+37,+2.859171E+03,+3.584400E+04,+1.890723E-01,+2.276000E-06,+9.910000E+37,+2.859237E+03,+3.584400E+04,+1.894362E-01,+2.276000E-06,+9.910000E+37,+2.859304E+03,+3.584400E+04,-2.788240E-01,+0.000000E+00,+9.910000E+37,+2.859371E+03,+3.584400E+04
14:01:47,0e0,+1.905743E-01,+2.404000E-06,+9.910000E+37,+2.859596E+03,+3.584400E+04,+1.906205E-01,+2.404000E-06,+9.910000E+37,+2.859662E+03,+3.584400E+04,+1.916214E-01,+2.404000E-06,+9.910000E+37,+2.859728E+03,+3.584400E+04,-2.592002E-01,+0.000000E+00,+9.910000E+37,+2.859794E+03,+3.584400E+04
14:01:47,0e0,+1.934426E-01,+2.539500E-06,+9.910000E+37,+2.860016E+03,+3.584400E+04,+1.929416E-01,+2.539500E-06,+9.910000E+37,+2.860083E+03,+3.584400E+04,+1.932148E-01,+2.539500E-06,+9.910000E+37,+2.860149E+03,+3.584400E+04,-2.765929E-01,+0.000000E+00,+9.910000E+37,+2.860215E+03,+3.584400E+04
14:01:47,0e0,+1.958105E-01,+2.682500E-06,+9.910000E+37,+2.860438E+03,+3.584400E+04,+1.964472E-01,+2.682500E-06,+9.910000E+37,+2.860505E+03,+3.584400E+04,+1.959014E-01,+2.682500E-06,+9.910000E+37,+2.860571E+03,+3.584400E+04,-2.702641E-01,+0.000000E+00,+9.910000E+37,+2.860638E+03,+3.584400E+04
14:01:47,0e0,+1.980869E-01,+2.834000E-06,+9.910000E+37,+2.860862E+03,+3.584400E+04,+1.957638E-01,+2.834000E-06,+9.910000E+37,+2.860929E+03,+3.584400E+04,+1.983138E-01,+2.834000E-06,+9.910000E+37,+2.860995E+03,+3.584400E+04,-2.723131E-01,+0.000000E+00,+9.910000E+37,+2.861062E+03,+3.584400E+04
14:01:47,0e0,+2.003173E-01,+2.993500E-06,+9.910000E+37,+2.861287E+03,+3.584400E+04,+1.991793E-01,+2.993500E-06,+9.910000E+37,+2.861354E+03,+3.584400E+04,+1.987694E-01,+2.993500E-06,+9.910000E+37,+2.861421E+03,+3.584400E+04,-2.710383E-01,+0.000000E+00,+9.910000E+37,+2.861487E+03,+3.584400E+04
14:01:47,0e0,+2.025489E-01,+3.162500E-06,+9.910000E+37,+2.861712E+03,+3.584400E+04,+2.024576E-01,+3.162500E-06,+9.910000E+37,+2.861779E+03,+3.584400E+04,+2.023659E-01,+3.162500E-06,+9.910000E+37,+2.861845E+03,+3.584400E+04,-2.717211E-01,+0.000000E+00,+9.910000E+37,+2.861912E+03,+3.584400E+04
14:01:47,0e0,+2.043241E-01,+3.340500E-06,+9.910000E+37,+2.862135E+03,+3.584400E+04,+2.053256E-01,+3.340500E-06,+9.910000E+37,+2.862200E+03,+3.584400E+04,+2.042788E-01,+3.340500E-06,+9.910000E+37,+2.862267E+03,+3.584400E+04,-2.705829E-01,+0.000000E+00,+9.910000E+37,+2.862334E+03,+3.584400E+04
14:01:47,0e0,+2.064635E-01,+3.528500E-06,+9.910000E+37,+2.862561E+03,+3.584400E+04,+2.071914E-01,+3.528500E-06,+9.910000E+37,+2.862628E+03,+3.584400E+04,+2.068278E-01,+3.528500E-06,+9.910000E+37,+2.862693E+03,+3.584400E+04,-2.692170E-01,+0.000000E+00,+9.910000E+37,+2.862760E+03,+3.584400E+04
14:01:47,0e0,+2.099694E-01,+3.727500E-06,+9.910000E+37,+2.862984E+03,+3.584400E+04,+2.085130E-01,+3.727500E-06,+9.910000E+37,+2.863052E+03,+3.584400E+04,+2.095595E-01,+3.727500E-06,+9.910000E+37,+2.863117E+03,+3.584400E+04,-2.695356E-01,+0.000000E+00,+9.910000E+37,+2.863184E+03,+3.584400E+04
14:01:47,0e0,+2.121550E-01,+3.937500E-06,+9.910000E+37,+2.863409E+03,+3.584400E+04,+2.121546E-01,+3.937500E-06,+9.910000E+37,+2.863476E+03,+3.584400E+04,+2.109251E-01,+3.937500E-06,+9.910000E+37,+2.863541E+03,+3.584400E+04,-4.273917E-01,+0.000000E+00,+9.910000E+37,+2.863607E+03,+3.584400E+04
14:01:47,0e0,+2.142946E-01,+4.159500E-06,+9.910000E+37,+2.863832E+03,+3.584400E+04,+2.144306E-01,+4.159500E-06,+9.910000E+37,+2.863897E+03,+3.584400E+04,+2.140675E-01,+4.159500E-06,+9.910000E+37,+2.863964E+03,+3.584400E+04,-2.673502E-01,+0.000000E+00,+9.910000E+37,+2.864031E+03,+3.584400E+04
14:01:47,0e0,+2.177549E-01,+4.394000E-06,+9.910000E+37,+2.864258E+03,+3.584400E+04,+2.158415E-01,+4.394000E-06,+9.910000E+37,+2.864325E+03,+3.584400E+04,+2.147032E-01,+4.394000E-06,+9.910000E+37,+2.864391E+03,+3.584400E+04,-6.215810E-01,+0.000000E+00,+9.910000E+37,+2.864457E+03,+3.584400E+04
14:01:47,0e0,+2.193030E-01,+4.641500E-06,+9.910000E+37,+2.864683E+03,+3.584400E+04,+2.193947E-01,+4.641500E-06,+9.910000E+37,+2.864750E+03,+3.584400E+04,+2.168435E-01,+4.641500E-06,+9.910000E+37,+2.864815E+03,+3.584400E+04,-2.682152E-01,+0.000000E+00,+9.910000E+37,+2.864882E+03,+3.584400E+04
14:01:47,0e0,+2.204404E-01,+4.903000E-06,+9.910000E+37,+2.865105E+03,+3.584400E+04,+2.203499E-01,+4.903000E-06,+9.910000E+37,+2.865173E+03,+3.584400E+04,+2.212610E-01,+4.903000E-06,+9.910000E+37,+2.865238E+03,+3.584400E+04,-8.645341E-01,+0.000000E+00,+9.910000E+37,+2.865305E+03,+3.584400E+04
14:01:47,0e0,+2.241741E-01,+5.179500E-06,+9.910000E+37,+2.865530E+03,+3.584400E+04,+2.236271E-01,+5.179500E-06,+9.910000E+37,+2.865597E+03,+3.584400E+04,+2.238550E-01,+5.179500E-06,+9.910000E+37,+2.865664E+03,+3.584400E+04,-4.071303E-01,+0.000000E+00,+9.910000E+37,+2.865729E+03,+3.584400E+04
14:01:47,0e0,+2.258585E-01,+5.471500E-06,+9.910000E+37,+2.865956E+03,+3.584400E+04,+2.264965E-01,+5.471500E-06,+9.910000E+37,+2.866022E+03,+3.584400E+04,+2.261322E-01,+5.471500E-06,+9.910000E+37,+2.866090E+03,+3.584400E+04,-1.205562E+00,+0.000000E+00,+9.910000E+37,+2.866155E+03,+3.584400E+04
14:01:47,0e0,+2.285909E-01,+5.779500E-06,+9.910000E+37,+2.866379E+03,+3.584400E+04,+2.276791E-01,+5.779500E-06,+9.910000E+37,+2.866446E+03,+3.584400E+04,+2.279987E-01,+5.779500E-06,+9.910000E+37,+2.866513E+03,+3.584400E+04,-8.077575E-01,+0.000000E+00,+9.910000E+37,+2.866578E+03,+3.584400E+04
14:01:47,0e0,+2.310943E-01,+6.105500E-06,+9.910000E+37,+2.866804E+03,+3.584400E+04,+2.308668E-01,+6.105500E-06,+9.910000E+37,+2.866871E+03,+3.584400E+04,+2.308670E-01,+6.105500E-06,+9.910000E+37,+2.866937E+03,+3.584400E+04,-1.547362E+00,+0.000000E+00,+9.910000E+37,+2.867003E+03,+3.584400E+04
14:01:47,0e0,+2.335991E-01,+6.449500E-06,+9.910000E+37,+2.867228E+03,+3.584400E+04,+2.326872E-01,+6.449500E-06,+9.910000E+37,+2.867294E+03,+3.584400E+04,+2.340083E-01,+6.449500E-06,+9.910000E+37,+2.867361E+03,+3.584400E+04,-1.398886E+00,+0.000000E+00,+9.910000E+37,+2.867427E+03,+3.584400E+04
14:01:47,0e0,+2.359656E-01,+6.813000E-06,+9.910000E+37,+2.867648E+03,+3.584400E+04,+2.363760E-01,+6.813000E-06,+9.910000E+37,+2.867716E+03,+3.584400E+04,+2.359201E-01,+6.813000E-06,+9.910000E+37,+2.867783E+03,+3.584400E+04,-1.364145E+00,+0.000000E+00,+9.910000E+37,+2.867851E+03,+3.584400E+04
14:01:47,0e0,+2.390167E-01,+7.197000E-06,+9.910000E+37,+2.868075E+03,+3.584400E+04,+2.385161E-01,+7.197000E-06,+9.910000E+37,+2.868141E+03,+3.584400E+04,+2.386977E-01,+7.197000E-06,+9.910000E+37,+2.868207E+03,+3.584400E+04,-2.291113E+00,+0.000000E+00,+9.910000E+37,+2.868274E+03,+3.584400E+04
14:01:47,0e0,+2.405638E-01,+7.602500E-06,+9.910000E+37,+2.868496E+03,+3.584400E+04,+2.418855E-01,+7.602500E-06,+9.910000E+37,+2.868562E+03,+3.584400E+04,+2.411565E-01,+7.602500E-06,+9.910000E+37,+2.868629E+03,+3.584400E+04,-2.134074E+00,+0.000000E+00,+9.910000E+37,+2.868696E+03,+3.584400E+04
14:01:47,0e0,+2.449348E-01,+8.031000E-06,+9.910000E+37,+2.868921E+03,+3.584400E+04,+2.433873E-01,+8.031000E-06,+9.910000E+37,+2.868987E+03,+3.584400E+04,+2.435238E-01,+8.031000E-06,+9.910000E+37,+2.869055E+03,+3.584400E+04,-2.338735E+00,+0.000000E+00,+9.910000E+37,+2.869120E+03,+3.584400E+04
14:01:47,0e0,+2.463461E-01,+8.483500E-06,+9.910000E+37,+2.869342E+03,+3.584400E+04,+2.463923E-01,+8.483500E-06,+9.910000E+37,+2.869408E+03,+3.584400E+04,+2.473930E-01,+8.483500E-06,+9.910000E+37,+2.869475E+03,+3.584400E+04,-3.100149E+00,+0.000000E+00,+9.910000E+37,+2.869542E+03,+3.584400E+04
14:01:47,0e0,+2.502165E-01,+8.961500E-06,+9.910000E+37,+2.869770E+03,+3.584400E+04,+2.497613E-01,+8.961500E-06,+9.910000E+37,+2.869836E+03,+3.584400E+04,+2.490316E-01,+8.961500E-06,+9.910000E+37,+2.869901E+03,+3.584400E+04,-2.723429E+00,+0.000000E+00,+9.910000E+37,+2.869968E+03,+3.584400E+04
14:01:47,0e0,+2.527211E-01,+9.466500E-06,+9.910000E+37,+2.870192E+03,+3.584400E+04,+2.526296E-01,+9.466500E-06,+9.910000E+37,+2.870258E+03,+3.584400E+04,+2.516736E-01,+9.466500E-06,+9.910000E+37,+2.870324E+03,+3.584400E+04,-3.786117E+00,+0.000000E+00,+9.910000E+37,+2.870392E+03,+3.584400E+04
14:01:47,0e0,+2.554520E-01,+1.000000E-05,+9.910000E+37,+2.870612E+03,+3.584400E+04,+2.548604E-01,+1.000000E-05,+9.910000E+37,+2.870680E+03,+3.584400E+04,+2.552243E-01,+1.000000E-05,+9.910000E+37,+2.870745E+03,+3.584400E+04,-3.549905E+00,+0.000000E+00,+9.910000E+37,+2.870812E+03,+3.584400E+04
14:01:47,0e0,+2.458450E-01,+1.056500E-05,+9.910000E+37,+2.871031E+03,+3.584400E+04,+2.468474E-01,+1.056500E-05,+9.910000E+37,+2.871099E+03,+3.584400E+04,+2.460286E-01,+1.056500E-05,+9.910000E+37,+2.871164E+03,+3.584400E+04,-2.456319E-01,+0.000000E+00,+9.910000E+37,+2.871232E+03,+3.584400E+04
14:01:47,0e0,+2.497150E-01,+1.116000E-05,+9.910000E+37,+2.871456E+03,+3.584400E+04,+2.488960E-01,+1.116000E-05,+9.910000E+37,+2.871523E+03,+3.584400E+04,+2.484861E-01,+1.116000E-05,+9.910000E+37,+2.871589E+03,+3.584400E+04,-2.464059E-01,+0.000000E+00,+9.910000E+37,+2.871658E+03,+3.584400E+04
14:01:47,0e0,+2.502619E-01,+1.179000E-05,+9.910000E+37,+2.871880E+03,+3.584400E+04,+2.524020E-01,+1.179000E-05,+9.910000E+37,+2.871947E+03,+3.584400E+04,+2.511727E-01,+1.179000E-05,+9.910000E+37,+2.872013E+03,+3.584400E+04,-2.466791E-01,+0.000000E+00,+9.910000E+37,+2.872081E+03,+3.584400E+04
14:01:47,0e0,+2.522197E-01,+1.245000E-05,+9.910000E+37,+2.872300E+03,+3.584400E+04,+2.531304E-01,+1.245000E-05,+9.910000E+37,+2.872366E+03,+3.584400E+04,+2.525841E-01,+1.245000E-05,+9.910000E+37,+2.872435E+03,+3.584400E+04,-2.453132E-01,+0.000000E+00,+9.910000E+37,+2.872507E+03,+3.584400E+04
14:01:47,0e0,+2.555892E-01,+1.315500E-05,+9.910000E+37,+2.872727E+03,+3.584400E+04,+2.550424E-01,+1.315500E-05,+9.910000E+37,+2.872793E+03,+3.584400E+04,+2.555431E-01,+1.315500E-05,+9.910000E+37,+2.872860E+03,+3.584400E+04,-2.418984E-01,+0.000000E+00,+9.910000E+37,+2.872928E+03,+3.584400E+04
14:01:47,0e0,+2.571813E-01,+1.389500E-05,+9.910000E+37,+2.873146E+03,+3.584400E+04,+2.575921E-01,+1.389500E-05,+9.910000E+37,+2.873213E+03,+3.584400E+04,+2.564525E-01,+1.389500E-05,+9.910000E+37,+2.873278E+03,+3.584400E+04,-2.226843E-01,+0.000000E+00,+9.910000E+37,+2.873345E+03,+3.584400E+04
14:01:47,0e0,+2.611431E-01,+1.468000E-05,+9.910000E+37,+2.873557E+03,+3.584400E+04,+2.607799E-01,+1.468000E-05,+9.910000E+37,+2.873623E+03,+3.584400E+04,+2.595956E-01,+1.468000E-05,+9.910000E+37,+2.873690E+03,+3.584400E+04,-2.424448E-01,+0.000000E+00,+9.910000E+37,+2.873756E+03,+3.584400E+04
14:01:47,0e0,+2.618718E-01,+1.550500E-05,+9.910000E+37,+2.873974E+03,+3.584400E+04,+2.632832E-01,+1.550500E-05,+9.910000E+37,+2.874040E+03,+3.584400E+04,+2.626922E-01,+1.550500E-05,+9.910000E+37,+2.874107E+03,+3.584400E+04,-2.391210E-01,+0.000000E+00,+9.910000E+37,+2.874175E+03,+3.584400E+04
14:01:47,0e0,+2.657875E-01,+1.638000E-05,+9.910000E+37,+2.874392E+03,+3.584400E+04,+2.650591E-01,+1.638000E-05,+9.910000E+37,+2.874458E+03,+3.584400E+04,+2.663342E-01,+1.638000E-05,+9.910000E+37,+2.874524E+03,+3.584400E+04,-2.236405E-01,+0.000000E+00,+9.910000E+37,+2.874592E+03,+3.584400E+04
14:01:47,0e0,+2.685187E-01,+1.730000E-05,+9.910000E+37,+2.874807E+03,+3.584400E+04,+2.684273E-01,+1.730000E-05,+9.910000E+37,+2.874873E+03,+3.584400E+04,+2.681088E-01,+1.730000E-05,+9.910000E+37,+2.874939E+03,+3.584400E+04,-2.233673E-01,+0.000000E+00,+9.910000E+37,+2.875006E+03,+3.584400E+04
14:01:47,0e0,+2.702492E-01,+1.827500E-05,+9.910000E+37,+2.875225E+03,+3.584400E+04,+2.700668E-01,+1.827500E-05,+9.910000E+37,+2.875291E+03,+3.584400E+04,+2.715240E-01,+1.827500E-05,+9.910000E+37,+2.875357E+03,+3.584400E+04,-2.462694E-01,+0.000000E+00,+9.910000E+37,+2.875426E+03,+3.584400E+04
14:01:47,0e0,+2.730722E-01,+1.930500E-05,+9.910000E+37,+2.875645E+03,+3.584400E+04,+2.730260E-01,+1.930500E-05,+9.910000E+37,+2.875711E+03,+3.584400E+04,+2.734364E-01,+1.930500E-05,+9.910000E+37,+2.875777E+03,+3.584400E+04,-2.443115E-01,+0.000000E+00,+9.910000E+37,+2.875848E+03,+3.584400E+04
14:01:47,0e0,+2.750746E-01,+2.039500E-05,+9.910000E+37,+2.876070E+03,+3.584400E+04,+2.757582E-01,+2.039500E-05,+9.910000E+37,+2.876136E+03,+3.584400E+04,+2.770780E-01,+2.039500E-05,+9.910000E+37,+2.876202E+03,+3.584400E+04,-2.382559E-01,+0.000000E+00,+9.910000E+37,+2.876270E+03,+3.584400E+04
14:01:47,0e0,+2.774870E-01,+2.154500E-05,+9.910000E+37,+2.876483E+03,+3.584400E+04,+2.778519E-01,+2.154500E-05,+9.910000E+37,+2.876550E+03,+3.584400E+04,+2.770318E-01,+2.154500E-05,+9.910000E+37,+2.876615E+03,+3.584400E+04,-2.346590E-01,+0.000000E+00,+9.910000E+37,+2.876682E+03,+3.584400E+04
14:01:47,0e0,+2.815394E-01,+2.276000E-05,+9.910000E+37,+2.876893E+03,+3.584400E+04,+2.806750E-01,+2.276000E-05,+9.910000E+37,+2.876958E+03,+3.584400E+04,+2.814040E-01,+2.276000E-05,+9.910000E+37,+2.877024E+03,+3.584400E+04,-2.474532E-01,+0.000000E+00,+9.910000E+37,+2.877091E+03,+3.584400E+04
14:01:47,0e0,+2.845901E-01,+2.404000E-05,+9.910000E+37,+2.877306E+03,+3.584400E+04,+2.843165E-01,+2.404000E-05,+9.910000E+37,+2.877372E+03,+3.584400E+04,+2.830424E-01,+2.404000E-05,+9.910000E+37,+2.877439E+03,+3.584400E+04,-2.471799E-01,+0.000000E+00,+9.910000E+37,+2.877507E+03,+3.584400E+04
14:01:47,0e0,+2.865477E-01,+2.539500E-05,+9.910000E+37,+2.877723E+03,+3.584400E+04,+2.865481E-01,+2.539500E-05,+9.910000E+37,+2.877790E+03,+3.584400E+04,+2.865475E-01,+2.539500E-05,+9.910000E+37,+2.877855E+03,+3.584400E+04,-2.469068E-01,+0.000000E+00,+9.910000E+37,+2.877922E+03,+3.584400E+04
14:01:47,0e0,+2.885053E-01,+2.682500E-05,+9.910000E+37,+2.878138E+03,+3.584400E+04,+2.890987E-01,+2.682500E-05,+9.910000E+37,+2.878205E+03,+3.584400E+04,+2.883236E-01,+2.682500E-05,+9.910000E+37,+2.878271E+03,+3.584400E+04,-2.495020E-01,+0.000000E+00,+9.910000E+37,+2.878342E+03,+3.584400E+04
14:01:47,0e0,+2.919200E-01,+2.834000E-05,+9.910000E+37,+2.878562E+03,+3.584400E+04,+2.906901E-01,+2.834000E-05,+9.910000E+37,+2.878628E+03,+3.584400E+04,+2.918751E-01,+2.834000E-05,+9.910000E+37,+2.878694E+03,+3.584400E+04,-2.474987E-01,+0.000000E+00,+9.910000E+37,+2.878765E+03,+3.584400E+04
14:01:47,0e0,+2.941055E-01,+2.993500E-05,+9.910000E+37,+2.878986E+03,+3.584400E+04,+2.946062E-01,+2.993500E-05,+9.910000E+37,+2.879053E+03,+3.584400E+04,+2.936959E-01,+2.993500E-05,+9.910000E+37,+2.879120E+03,+3.584400E+04,-2.464059E-01,+0.000000E+00,+9.910000E+37,+2.879189E+03,+3.584400E+04
14:01:47,0e0,+2.964734E-01,+3.162500E-05,+9.910000E+37,+2.879414E+03,+3.584400E+04,+2.972924E-01,+3.162500E-05,+9.910000E+37,+2.879480E+03,+3.584400E+04,+2.966099E-01,+3.162500E-05,+9.910000E+37,+2.879546E+03,+3.584400E+04,-2.446757E-01,+0.000000E+00,+9.910000E+37,+2.879614E+03,+3.584400E+04
14:01:47,0e0,+2.997504E-01,+3.340500E-05,+9.910000E+37,+2.879836E+03,+3.584400E+04,+2.992955E-01,+3.340500E-05,+9.910000E+37,+2.879902E+03,+3.584400E+04,+3.005706E-01,+3.340500E-05,+9.910000E+37,+2.879969E+03,+3.584400E+04,-2.475442E-01,+0.000000E+00,+9.910000E+37,+2.880036E+03,+3.584400E+04
14:01:47,0e0,+3.027099E-01,+3.528500E-05,+9.910000E+37,+2.880256E+03,+3.584400E+04,+3.012528E-01,+3.528500E-05,+9.910000E+37,+2.880322E+03,+3.584400E+04,+3.027104E-01,+3.528500E-05,+9.910000E+37,+2.880390E+03,+3.584400E+04,-2.516420E-01,+0.000000E+00,+9.910000E+37,+2.880460E+03,+3.584400E+04
14:01:47,0e0,+3.052145E-01,+3.727500E-05,+9.910000E+37,+2.880682E+03,+3.584400E+04,+3.043951E-01,+3.727500E-05,+9.910000E+37,+2.880748E+03,+3.584400E+04,+3.046677E-01,+3.727500E-05,+9.910000E+37,+2.880815E+03,+3.584400E+04,-2.481361E-01,+0.000000E+00,+9.910000E+37,+2.880883E+03,+3.584400E+04
14:01:47,0e0,+3.088112E-01,+3.937500E-05,+9.910000E+37,+2.881105E+03,+3.584400E+04,+3.092214E-01,+3.937500E-05,+9.910000E+37,+2.881172E+03,+3.584400E+04,+3.096305E-01,+3.937500E-05,+9.910000E+37,+2.881239E+03,+3.584400E+04,-2.476353E-01,+0.000000E+00,+9.910000E+37,+2.881307E+03,+3.584400E+04
14:01:47,0e0,+3.116793E-01,+4.159500E-05,+9.910000E+37,+2.881521E+03,+3.584400E+04,+3.097659E-01,+4.159500E-05,+9.910000E+37,+2.881587E+03,+3.584400E+04,+3.109053E-01,+4.159500E-05,+9.910000E+37,+2.881654E+03,+3.584400E+04,-2.498208E-01,+0.000000E+00,+9.910000E+37,+2.881720E+03,+3.584400E+04
14:01:47,0e0,+3.140018E-01,+4.394000E-05,+9.910000E+37,+2.881931E+03,+3.584400E+04,+3.129073E-01,+4.394000E-05,+9.910000E+37,+2.881997E+03,+3.584400E+04,+3.136827E-01,+4.394000E-05,+9.910000E+37,+2.882064E+03,+3.584400E+04,-2.469978E-01,+0.000000E+00,+9.910000E+37,+2.882130E+03,+3.584400E+04
14:01:47,0e0,+3.170065E-01,+4.641500E-05,+9.910000E+37,+2.882346E+03,+3.584400E+04,+3.165516E-01,+4.641500E-05,+9.910000E+37,+2.882413E+03,+3.584400E+04,+3.183719E-01,+4.641500E-05,+9.910000E+37,+2.882479E+03,+3.584400E+04,-2.482727E-01,+0.000000E+00,+9.910000E+37,+2.882545E+03,+3.584400E+04
14:01:47,0e0,+3.199201E-01,+4.903000E-05,+9.910000E+37,+2.882760E+03,+3.584400E+04,+3.195102E-01,+4.903000E-05,+9.910000E+37,+2.882825E+03,+3.584400E+04,+3.199202E-01,+4.903000E-05,+9.910000E+37,+2.882892E+03,+3.584400E+04,-2.485003E-01,+0.000000E+00,+9.910000E+37,+2.882959E+03,+3.584400E+04
14:01:47,0e0,+3.231529E-01,+5.179500E-05,+9.910000E+37,+2.883176E+03,+3.584400E+04,+3.234256E-01,+5.179500E-05,+9.910000E+37,+2.883243E+03,+3.584400E+04,+3.231977E-01,+5.179500E-05,+9.910000E+37,+2.883309E+03,+3.584400E+04,-2.664850E-01,+0.000000E+00,+9.910000E+37,+2.883375E+03,+3.584400E+04
14:01:47,0e0,+3.259749E-01,+5.471500E-05,+9.910000E+37,+2.883596E+03,+3.584400E+04,+3.262941E-01,+5.471500E-05,+9.910000E+37,+2.883662E+03,+3.584400E+04,+3.257027E-01,+5.471500E-05,+9.910000E+37,+2.883729E+03,+3.584400E+04,-5.036559E-01,+0.000000E+00,+9.910000E+37,+2.883798E+03,+3.584400E+04
14:01:47,0e0,+3.289339E-01,+5.779500E-05,+9.910000E+37,+2.884021E+03,+3.584400E+04,+3.292984E-01,+5.779500E-05,+9.910000E+37,+2.884089E+03,+3.584400E+04,+3.285240E-01,+5.779500E-05,+9.910000E+37,+2.884154E+03,+3.584400E+04,-1.063869E+00,+0.000000E+00,+9.910000E+37,+2.884223E+03,+3.584400E+04
14:01:47,0e0,+3.317114E-01,+6.105500E-05,+9.910000E+37,+2.884440E+03,+3.584400E+04,+3.324862E-01,+6.105500E-05,+9.910000E+37,+2.884507E+03,+3.584400E+04,+3.324860E-01,+6.105500E-05,+9.910000E+37,+2.884575E+03,+3.584400E+04,-7.326309E-01,+0.000000E+00,+9.910000E+37,+2.884647E+03,+3.584400E+04
14:01:47,0e0,+3.354453E-01,+6.449500E-05,+9.910000E+37,+2.884866E+03,+3.584400E+04,+3.353997E-01,+6.449500E-05,+9.910000E+37,+2.884933E+03,+3.584400E+04,+3.357180E-01,+6.449500E-05,+9.910000E+37,+2.884998E+03,+3.584400E+04,-1.442686E+00,+0.000000E+00,+9.910000E+37,+2.885066E+03,+3.584400E+04
14:01:47,0e0,+3.383582E-01,+6.813000E-05,+9.910000E+37,+2.885287E+03,+3.584400E+04,+3.384496E-01,+6.813000E-05,+9.910000E+37,+2.885354E+03,+3.584400E+04,+3.383586E-01,+6.813000E-05,+9.910000E+37,+2.885421E+03,+3.584400E+04,-1.652265E+00,+0.000000E+00,+9.910000E+37,+2.885490E+03,+3.584400E+04
14:01:47,0e0,+3.413191E-01,+7.197000E-05,+9.910000E+37,+2.885713E+03,+3.584400E+04,+3.426375E-01,+7.197000E-05,+9.910000E+37,+2.885778E+03,+3.584400E+04,+3.422287E-01,+7.197000E-05,+9.910000E+37,+2.885845E+03,+3.584400E+04,-1.285923E+00,+0.000000E+00,+9.910000E+37,+2.885914E+03,+3.584400E+04
14:01:47,0e0,+3.457345E-01,+7.602500E-05,+9.910000E+37,+2.886132E+03,+3.584400E+04,+3.445952E-01,+7.602500E-05,+9.910000E+37,+2.886198E+03,+3.584400E+04,+3.454151E-01,+7.602500E-05,+9.910000E+37,+2.886266E+03,+3.584400E+04,-1.717149E+00,+0.000000E+00,+9.910000E+37,+2.886337E+03,+3.584400E+04
14:01:47,0e0,+3.469627E-01,+8.031000E-05,+9.910000E+37,+2.886553E+03,+3.584400E+04,+3.492401E-01,+8.031000E-05,+9.910000E+37,+2.886618E+03,+3.584400E+04,+3.482832E-01,+8.031000E-05,+9.910000E+37,+2.886685E+03,+3.584400E+04,-2.402613E+00,+0.000000E+00,+9.910000E+37,+2.886752E+03,+3.584400E+04
14:01:47,0e0,+3.515163E-01,+8.483500E-05,+9.910000E+37,+2.886963E+03,+3.584400E+04,+3.507412E-01,+8.483500E-05,+9.910000E+37,+2.887029E+03,+3.584400E+04,+3.520170E-01,+8.483500E-05,+9.910000E+37,+2.887097E+03,+3.584400E+04,-2.110352E+00,+0.000000E+00,+9.910000E+37,+2.887164E+03,+3.584400E+04
14:01:47,0e0,+3.557968E-01,+8.961500E-05,+9.910000E+37,+2.887379E+03,+3.584400E+04,+3.565247E-01,+8.961500E-05,+9.910000E+37,+2.887445E+03,+3.584400E+04,+3.538376E-01,+8.961500E-05,+9.910000E+37,+2.887512E+03,+3.584400E+04,-2.398426E+00,+0.000000E+00,+9.910000E+37,+2.887578E+03,+3.584400E+04
14:01:47,0e0,+3.584365E-01,+9.466500E-05,+9.910000E+37,+2.887795E+03,+3.584400E+04,+3.581181E-01,+9.466500E-05,+9.910000E+37,+2.887860E+03,+3.584400E+04,+3.584355E-01,+9.466500E-05,+9.910000E+37,+2.887927E+03,+3.584400E+04,-2.689507E+00,+0.000000E+00,+9.910000E+37,+2.887994E+03,+3.584400E+04
14:01:47,0e0,+3.633085E-01,+1.000000E-04,+9.910000E+37,+2.888205E+03,+3.584400E+04,+3.628073E-01,+1.000000E-04,+9.910000E+37,+2.888271E+03,+3.584400E+04,+3.629435E-01,+1.000000E-04,+9.910000E+37,+2.888339E+03,+3.584400E+04,-3.001392E+00,+0.000000E+00,+9.910000E+37,+2.888406E+03,+3.584400E+04
14:01:47,0e0,+3.540657E-01,+1.056500E-04,+9.910000E+37,+2.888628E+03,+3.584400E+04,+3.549309E-01,+1.056500E-04,+9.910000E+37,+2.888694E+03,+3.584400E+04,+3.540193E-01,+1.056500E-04,+9.910000E+37,+2.888762E+03,+3.584400E+04,-4.414153E-01,+0.000000E+00,+9.910000E+37,+2.888827E+03,+3.584400E+04
14:01:47,0e0,+3.576624E-01,+1.116000E-04,+9.910000E+37,+2.889052E+03,+3.584400E+04,+3.574347E-01,+1.116000E-04,+9.910000E+37,+2.889119E+03,+3.584400E+04,+3.572983E-01,+1.116000E-04,+9.910000E+37,+2.889187E+03,+3.584400E+04,-3.592317E-01,+0.000000E+00,+9.910000E+37,+2.889252E+03,+3.584400E+04
14:01:47,0e0,+3.605309E-01,+1.179000E-04,+9.910000E+37,+2.889477E+03,+3.584400E+04,+3.606684E-01,+1.179000E-04,+9.910000E+37,+2.889543E+03,+3.584400E+04,+3.612136E-01,+1.179000E-04,+9.910000E+37,+2.889610E+03,+3.584400E+04,-3.924692E-01,+0.000000E+00,+9.910000E+37,+2.889676E+03,+3.584400E+04
14:01:47,0e0,+3.641734E-01,+1.245000E-04,+9.910000E+37,+2.889900E+03,+3.584400E+04,+3.620324E-01,+1.245000E-04,+9.910000E+37,+2.889967E+03,+3.584400E+04,+3.629437E-01,+1.245000E-04,+9.910000E+37,+2.890034E+03,+3.584400E+04,-4.537086E-01,+0.000000E+00,+9.910000E+37,+2.890100E+03,+3.584400E+04
14:01:47,0e0,+3.666321E-01,+1.315500E-04,+9.910000E+37,+2.890321E+03,+3.584400E+04,+3.663591E-01,+1.315500E-04,+9.910000E+37,+2.890387E+03,+3.584400E+04,+3.673602E-01,+1.315500E-04,+9.910000E+37,+2.890453E+03,+3.584400E+04,-3.097395E-01,+0.000000E+00,+9.910000E+37,+2.890520E+03,+3.584400E+04
14:01:47,0e0,+3.698187E-01,+1.389500E-04,+9.910000E+37,+2.890744E+03,+3.584400E+04,+3.709567E-01,+1.389500E-04,+9.910000E+37,+2.890812E+03,+3.584400E+04,+3.705470E-01,+1.389500E-04,+9.910000E+37,+2.890877E+03,+3.584400E+04,-4.206528E-01,+0.000000E+00,+9.910000E+37,+2.890943E+03,+3.584400E+04
14:01:47,0e0,+3.733697E-01,+1.468000E-04,+9.910000E+37,+2.891170E+03,+3.584400E+04,+3.724145E-01,+1.468000E-04,+9.910000E+37,+2.891235E+03,+3.584400E+04,+3.732334E-01,+1.468000E-04,+9.910000E+37,+2.891302E+03,+3.584400E+04,-3.555434E-01,+0.000000E+00,+9.910000E+37,+2.891369E+03,+3.584400E+04
14:01:47,0e0,+3.770573E-01,+1.550500E-04,+9.910000E+37,+2.891596E+03,+3.584400E+04,+3.755556E-01,+1.550500E-04,+9.910000E+37,+2.891661E+03,+3.584400E+04,+3.759199E-01,+1.550500E-04,+9.910000E+37,+2.891728E+03,+3.584400E+04,-4.037155E-01,+0.000000E+00,+9.910000E+37,+2.891795E+03,+3.584400E+04
14:01:47,0e0,+3.804272E-01,+1.638000E-04,+9.910000E+37,+2.892016E+03,+3.584400E+04,+3.810648E-01,+1.638000E-04,+9.910000E+37,+2.892083E+03,+3.584400E+04,+3.806099E-01,+1.638000E-04,+9.910000E+37,+2.892148E+03,+3.584400E+04,-4.585345E-01,+0.000000E+00,+9.910000E+37,+2.892215E+03,+3.584400E+04
14:01:47,0e0,+3.827042E-01,+1.730000E-04,+9.910000E+37,+2.892440E+03,+3.584400E+04,+3.836143E-01,+1.730000E-04,+9.910000E+37,+2.892507E+03,+3.584400E+04,+3.823383E-01,+1.730000E-04,+9.910000E+37,+2.892573E+03,+3.584400E+04,-3.338252E-01,+0.000000E+00,+9.910000E+37,+2.892641E+03,+3.584400E+04
14:01:47,0e0,+3.856626E-01,+1.827500E-04,+9.910000E+37,+2.892867E+03,+3.584400E+04,+3.851616E-01,+1.827500E-04,+9.910000E+37,+2.892933E+03,+3.584400E+04,+3.859363E-01,+1.827500E-04,+9.910000E+37,+2.892999E+03,+3.584400E+04,-4.512044E-01,+0.000000E+00,+9.910000E+37,+2.893065E+03,+3.584400E+04
14:01:47,0e0,+3.898966E-01,+1.930500E-04,+9.910000E+37,+2.893290E+03,+3.584400E+04,+3.896694E-01,+1.930500E-04,+9.910000E+37,+2.893357E+03,+3.584400E+04,+3.907168E-01,+1.930500E-04,+9.910000E+37,+2.893425E+03,+3.584400E+04,-3.091020E-01,+0.000000E+00,+9.910000E+37,+2.893490E+03,+3.584400E+04
14:01:47,0e0,+3.932664E-01,+2.039500E-04,+9.910000E+37,+2.893716E+03,+3.584400E+04,+3.925827E-01,+2.039500E-04,+9.910000E+37,+2.893781E+03,+3.584400E+04,+3.920369E-01,+2.039500E-04,+9.910000E+37,+2.893849E+03,+3.584400E+04,-4.206529E-01,+0.000000E+00,+9.910000E+37,+2.893914E+03,+3.584400E+04
14:01:47,0e0,+3.965443E-01,+2.154500E-04,+9.910000E+37,+2.894136E+03,+3.584400E+04,+3.964529E-01,+2.154500E-04,+9.910000E+37,+2.894203E+03,+3.584400E+04,+3.954966E-01,+2.154500E-04,+9.910000E+37,+2.894269E+03,+3.584400E+04,-4.625861E-01,+0.000000E+00,+9.910000E+37,+2.894335E+03,+3.584400E+04
14:01:47,0e0,+3.998678E-01,+2.276000E-04,+9.910000E+37,+2.894562E+03,+3.584400E+04,+3.995031E-01,+2.276000E-04,+9.910000E+37,+2.894629E+03,+3.584400E+04,+3.998223E-01,+2.276000E-04,+9.910000E+37,+2.894694E+03,+3.584400E+04,-3.541322E-01,+0.000000E+00,+9.910000E+37,+2.894762E+03,+3.584400E+04
14:01:47,0e0,+4.038732E-01,+2.404000E-04,+9.910000E+37,+2.894988E+03,+3.584400E+04,+4.029173E-01,+2.404000E-04,+9.910000E+37,+2.895056E+03,+3.584400E+04,+4.032824E-01,+2.404000E-04,+9.910000E+37,+2.895121E+03,+3.584400E+04,-4.618127E-01,+0.000000E+00,+9.910000E+37,+2.895188E+03,+3.584400E+04
14:01:47,0e0,+4.066057E-01,+2.539500E-04,+9.910000E+37,+2.895414E+03,+3.584400E+04,+4.071058E-01,+2.539500E-04,+9.910000E+37,+2.895481E+03,+3.584400E+04,+4.060135E-01,+2.539500E-04,+9.910000E+37,+2.895548E+03,+3.584400E+04,-3.438422E-01,+0.000000E+00,+9.910000E+37,+2.895614E+03,+3.584400E+04
14:01:47,0e0,+4.099745E-01,+2.682500E-04,+9.910000E+37,+2.895840E+03,+3.584400E+04,+4.102932E-01,+2.682500E-04,+9.910000E+37,+2.895906E+03,+3.584400E+04,+4.113404E-01,+2.682500E-04,+9.910000E+37,+2.895973E+03,+3.584400E+04,-4.674127E-01,+0.000000E+00,+9.910000E+37,+2.896040E+03,+3.584400E+04
14:01:47,0e0,+4.143918E-01,+2.834000E-04,+9.910000E+37,+2.896264E+03,+3.584400E+04,+4.143451E-01,+2.834000E-04,+9.910000E+37,+2.896331E+03,+3.584400E+04,+4.133896E-01,+2.834000E-04,+9.910000E+37,+2.896398E+03,+3.584400E+04,-3.024089E-01,+0.000000E+00,+9.910000E+37,+2.896464E+03,+3.584400E+04
14:01:47,0e0,+4.183980E-01,+2.993500E-04,+9.910000E+37,+2.896686E+03,+3.584400E+04,+4.170319E-01,+2.993500E-04,+9.910000E+37,+2.896752E+03,+3.584400E+04,+4.165752E-01,+2.993500E-04,+9.910000E+37,+2.896819E+03,+3.584400E+04,-3.741657E-01,+0.000000E+00,+9.910000E+37,+2.896887E+03,+3.584400E+04
14:01:47,0e0,+4.212652E-01,+3.162500E-04,+9.910000E+37,+2.897112E+03,+3.584400E+04,+4.222671E-01,+3.162500E-04,+9.910000E+37,+2.897178E+03,+3.584400E+04,+4.210374E-01,+3.162500E-04,+9.910000E+37,+2.897244E+03,+3.584400E+04,-4.669573E-01,+0.000000E+00,+9.910000E+37,+2.897312E+03,+3.584400E+04
14:01:47,0e0,+4.250443E-01,+3.340500E-04,+9.910000E+37,+2.897532E+03,+3.584400E+04,+4.262733E-01,+3.340500E-04,+9.910000E+37,+2.897599E+03,+3.584400E+04,+4.251804E-01,+3.340500E-04,+9.910000E+37,+2.897665E+03,+3.584400E+04,-3.885537E-01,+0.000000E+00,+9.910000E+37,+2.897732E+03,+3.584400E+04
14:01:47,0e0,+4.301896E-01,+3.528500E-04,+9.910000E+37,+2.897957E+03,+3.584400E+04,+4.304627E-01,+3.528500E-04,+9.910000E+37,+2.898024E+03,+3.584400E+04,+4.295066E-01,+3.528500E-04,+9.910000E+37,+2.898091E+03,+3.584400E+04,-3.954287E-01,+0.000000E+00,+9.910000E+37,+2.898157E+03,+3.584400E+04
14:01:47,0e0,+4.341044E-01,+3.727500E-04,+9.910000E+37,+2.898379E+03,+3.584400E+04,+4.322366E-01,+3.727500E-04,+9.910000E+37,+2.898444E+03,+3.584400E+04,+4.341962E-01,+3.727500E-04,+9.910000E+37,+2.898511E+03,+3.584400E+04,-4.583975E-01,+0.000000E+00,+9.910000E+37,+2.898578E+03,+3.584400E+04
14:01:47,0e0,+4.379743E-01,+3.937500E-04,+9.910000E+37,+2.898803E+03,+3.584400E+04,+4.374732E-01,+3.937500E-04,+9.910000E+37,+2.898869E+03,+3.584400E+04,+4.378382E-01,+3.937500E-04,+9.910000E+37,+2.898937E+03,+3.584400E+04,-3.214865E-01,+0.000000E+00,+9.910000E+37,+2.899002E+03,+3.584400E+04
14:01:47,0e0,+4.413432E-01,+4.159500E-04,+9.910000E+37,+2.899228E+03,+3.584400E+04,+4.429367E-01,+4.159500E-04,+9.910000E+37,+2.899293E+03,+3.584400E+04,+4.408868E-01,+4.159500E-04,+9.910000E+37,+2.899359E+03,+3.584400E+04,-4.320356E-01,+0.000000E+00,+9.910000E+37,+2.899425E+03,+3.584400E+04
14:01:47,0e0,+4.460329E-01,+4.394000E-04,+9.910000E+37,+2.899646E+03,+3.584400E+04,+4.464428E-01,+4.394000E-04,+9.910000E+37,+2.899714E+03,+3.584400E+04,+4.458969E-01,+4.394000E-04,+9.910000E+37,+2.899779E+03,+3.584400E+04,-4.626325E-01,+0.000000E+00,+9.910000E+37,+2.899847E+03,+3.584400E+04
14:01:47,0e0,+4.485807E-01,+4.641500E-04,+9.910000E+37,+2.900074E+03,+3.584400E+04,+4.492191E-01,+4.641500E-04,+9.910000E+37,+2.900142E+03,+3.584400E+04,+4.498563E-01,+4.641500E-04,+9.910000E+37,+2.900207E+03,+3.584400E+04,-3.813143E-01,+0.000000E+00,+9.910000E+37,+2.900273E+03,+3.584400E+04
14:01:47,0e0,+4.544554E-01,+4.903000E-04,+9.910000E+37,+2.900496E+03,+3.584400E+04,+4.548203E-01,+4.903000E-04,+9.910000E+37,+2.900562E+03,+3.584400E+04,+4.542730E-01,+4.903000E-04,+9.910000E+37,+2.900629E+03,+3.584400E+04,-4.617221E-01,+0.000000E+00,+9.910000E+37,+2.900696E+03,+3.584400E+04
14:01:47,0e0,+4.611032E-01,+5.179500E-04,+9.910000E+37,+2.900918E+03,+3.584400E+04,+4.593722E-01,+5.179500E-04,+9.910000E+37,+2.900984E+03,+3.584400E+04,+4.589613E-01,+5.179500E-04,+9.910000E+37,+2.901051E+03,+3.584400E+04,-4.016208E-01,+0.000000E+00,+9.910000E+37,+2.901118E+03,+3.584400E+04
14:01:47,0e0,+4.635165E-01,+5.471500E-04,+9.910000E+37,+2.901344E+03,+3.584400E+04,+4.634241E-01,+5.471500E-04,+9.910000E+37,+2.901410E+03,+3.584400E+04,+4.656551E-01,+5.471500E-04,+9.910000E+37,+2.901478E+03,+3.584400E+04,-4.060377E-01,+0.000000E+00,+9.910000E+37,+2.901545E+03,+3.584400E+04
14:01:47,0e0,+4.686602E-01,+5.779500E-04,+9.910000E+37,+2.901770E+03,+3.584400E+04,+4.691143E-01,+5.779500E-04,+9.910000E+37,+2.901837E+03,+3.584400E+04,+4.674301E-01,+5.779500E-04,+9.910000E+37,+2.901903E+03,+3.584400E+04,-5.348901E-01,+0.000000E+00,+9.910000E+37,+2.901970E+03,+3.584400E+04
14:01:47,0e0,+4.742144E-01,+6.105500E-04,+9.910000E+37,+2.902193E+03,+3.584400E+04,+4.738052E-01,+6.105500E-04,+9.910000E+37,+2.902260E+03,+3.584400E+04,+4.715269E-01,+6.105500E-04,+9.910000E+37,+2.902327E+03,+3.584400E+04,-3.852753E-01,+0.000000E+00,+9.910000E+37,+2.902395E+03,+3.584400E+04
14:01:47,0e0,+4.786313E-01,+6.449500E-04,+9.910000E+37,+2.902620E+03,+3.584400E+04,+4.773116E-01,+6.449500E-04,+9.910000E+37,+2.902688E+03,+3.584400E+04,+4.775390E-01,+6.449500E-04,+9.910000E+37,+2.902755E+03,+3.584400E+04,-6.609652E-01,+0.000000E+00,+9.910000E+37,+2.902820E+03,+3.584400E+04
14:01:47,0e0,+4.836842E-01,+6.813000E-04,+9.910000E+37,+2.903046E+03,+3.584400E+04,+4.824089E-01,+6.813000E-04,+9.910000E+37,+2.903112E+03,+3.584400E+04,+4.820459E-01,+6.813000E-04,+9.910000E+37,+2.903179E+03,+3.584400E+04,-3.790830E-01,+0.000000E+00,+9.910000E+37,+2.903245E+03,+3.584400E+04
14:01:47,0e0,+4.871439E-01,+7.197000E-04,+9.910000E+37,+2.903471E+03,+3.584400E+04,+4.874181E-01,+7.197000E-04,+9.910000E+37,+2.903537E+03,+3.584400E+04,+4.869163E-01,+7.197000E-04,+9.910000E+37,+2.903604E+03,+3.584400E+04,-8.176362E-01,+0.000000E+00,+9.910000E+37,+2.903670E+03,+3.584400E+04
14:01:47,0e0,+4.927899E-01,+7.602500E-04,+9.910000E+37,+2.903895E+03,+3.584400E+04,+4.923804E-01,+7.602500E-04,+9.910000E+37,+2.903962E+03,+3.584400E+04,+4.920158E-01,+7.602500E-04,+9.910000E+37,+2.904029E+03,+3.584400E+04,-3.761690E-01,+0.000000E+00,+9.910000E+37,+2.904095E+03,+3.584400E+04
14:01:47,0e0,+4.977068E-01,+8.031000E-04,+9.910000E+37,+2.904320E+03,+3.584400E+04,+4.976608E-01,+8.031000E-04,+9.910000E+37,+2.904387E+03,+3.584400E+04,+4.977526E-01,+8.031000E-04,+9.910000E+37,+2.904453E+03,+3.584400E+04,-8.879372E-01,+0.000000E+00,+9.910000E+37,+2.904521E+03,+3.584400E+04
14:01:47,0e0,+5.018032E-01,+8.483500E-04,+9.910000E+37,+2.904746E+03,+3.584400E+04,+5.037630E-01,+8.483500E-04,+9.910000E+37,+2.904812E+03,+3.584400E+04,+5.040807E-01,+8.483500E-04,+9.910000E+37,+2.904879E+03,+3.584400E+04,-6.144323E-01,+0.000000E+00,+9.910000E+37,+2.904945E+03,+3.584400E+04
14:01:47,0e0,+5.069937E-01,+8.961500E-04,+9.910000E+37,+2.905170E+03,+3.584400E+04,+5.090898E-01,+8.961500E-04,+9.910000E+37,+2.905237E+03,+3.584400E+04,+5.089069E-01,+8.961500E-04,+9.910000E+37,+2.905305E+03,+3.584400E+04,-5.979958E-01,+0.000000E+00,+9.910000E+37,+2.905370E+03,+3.584400E+04
14:01:47,0e0,+5.135505E-01,+9.466500E-04,+9.910000E+37,+2.905593E+03,+3.584400E+04,+5.123202E-01,+9.466500E-04,+9.910000E+37,+2.905659E+03,+3.584400E+04,+5.132774E-01,+9.466500E-04,+9.910000E+37,+2.905726E+03,+3.584400E+04,-1.125199E+00,+0.000000E+00,+9.910000E+37,+2.905793E+03,+3.584400E+04
14:01:47,0e0,+5.200611E-01,+1.000000E-03,+9.910000E+37,+2.906016E+03,+3.584400E+04,+5.194244E-01,+1.000000E-03,+9.910000E+37,+2.906083E+03,+3.584400E+04,+5.183306E-01,+1.000000E-03,+9.910000E+37,+2.906148E+03,+3.584400E+04,-1.070427E+00,+0.000000E+00,+9.910000E+37,+2.906215E+03,+3.584400E+04
14:01:47,0e0,+5.123671E-01,+1.056500E-03,+9.910000E+37,+2.906439E+03,+3.584400E+04,+5.130039E-01,+1.056500E-03,+9.910000E+37,+2.906506E+03,+3.584400E+04,+5.128223E-01,+1.056500E-03,+9.910000E+37,+2.906572E+03,+3.584400E+04,-1.266845E+00,+0.000000E+00,+9.910000E+37,+2.906640E+03,+3.584400E+04
14:01:47,0e0,+5.178759E-01,+1.116000E-03,+9.910000E+37,+2.906859E+03,+3.584400E+04,+5.175573E-01,+1.116000E-03,+9.910000E+37,+2.906926E+03,+3.584400E+04,+5.181049E-01,+1.116000E-03,+9.910000E+37,+2.906993E+03,+3.584400E+04,-1.446192E+00,+0.000000E+00,+9.910000E+37,+2.907061E+03,+3.584400E+04
14:01:47,0e0,+5.244324E-01,+1.179000E-03,+9.910000E+37,+2.907287E+03,+3.584400E+04,+5.228395E-01,+1.179000E-03,+9.910000E+37,+2.907354E+03,+3.584400E+04,+5.239772E-01,+1.179000E-03,+9.910000E+37,+2.907420E+03,+3.584400E+04,-1.313651E+00,+0.000000E+00,+9.910000E+37,+2.907486E+03,+3.584400E+04
14:01:47,0e0,+5.284838E-01,+1.245000E-03,+9.910000E+37,+2.907711E+03,+3.584400E+04,+5.272987E-01,+1.245000E-03,+9.910000E+37,+2.907777E+03,+3.584400E+04,+5.276638E-01,+1.245000E-03,+9.910000E+37,+2.907845E+03,+3.584400E+04,-1.399158E+00,+0.000000E+00,+9.910000E+37,+2.907912E+03,+3.584400E+04
14:01:47,0e0,+5.336298E-01,+1.315500E-03,+9.910000E+37,+2.908136E+03,+3.584400E+04,+5.332199E-01,+1.315500E-03,+9.910000E+37,+2.908203E+03,+3.584400E+04,+5.343572E-01,+1.315500E-03,+9.910000E+37,+2.908269E+03,+3.584400E+04,-1.415868E+00,+0.000000E+00,+9.910000E+37,+2.908335E+03,+3.584400E+04
14:01:47,0e0,+5.382254E-01,+1.389500E-03,+9.910000E+37,+2.908557E+03,+3.584400E+04,+5.396384E-01,+1.389500E-03,+9.910000E+37,+2.908622E+03,+3.584400E+04,+5.391371E-01,+1.389500E-03,+9.910000E+37,+2.908688E+03,+3.584400E+04,-1.289340E+00,+0.000000E+00,+9.910000E+37,+2.908756E+03,+3.584400E+04
14:01:47,0e0,+5.454660E-01,+1.468000E-03,+9.910000E+37,+2.908976E+03,+3.584400E+04,+5.447390E-01,+1.468000E-03,+9.910000E+37,+2.909042E+03,+3.584400E+04,+5.461486E-01,+1.468000E-03,+9.910000E+37,+2.909108E+03,+3.584400E+04,-1.270261E+00,+0.000000E+00,+9.910000E+37,+2.909176E+03,+3.584400E+04
14:01:47,0e0,+5.511127E-01,+1.550500E-03,+9.910000E+37,+2.909396E+03,+3.584400E+04,+5.510655E-01,+1.550500E-03,+9.910000E+37,+2.909462E+03,+3.584400E+04,+5.511117E-01,+1.550500E-03,+9.910000E+37,+2.909528E+03,+3.584400E+04,-1.380126E+00,+0.000000E+00,+9.910000E+37,+2.909596E+03,+3.584400E+04
14:01:47,0e0,+5.559827E-01,+1.638000E-03,+9.910000E+37,+2.909815E+03,+3.584400E+04,+5.561210E-01,+1.638000E-03,+9.910000E+37,+2.909882E+03,+3.584400E+04,+5.577128E-01,+1.638000E-03,+9.910000E+37,+2.909949E+03,+3.584400E+04,-1.463629E+00,+0.000000E+00,+9.910000E+37,+2.910017E+03,+3.584400E+04
14:01:47,0e0,+5.621297E-01,+1.730000E-03,+9.910000E+37,+2.910235E+03,+3.584400E+04,+5.621294E-01,+1.730000E-03,+9.910000E+37,+2.910302E+03,+3.584400E+04,+5.630401E-01,+1.730000E-03,+9.910000E+37,+2.910368E+03,+3.584400E+04,-1.468135E+00,+0.000000E+00,+9.910000E+37,+2.910435E+03,+3.584400E+04
14:01:47,0e0,+5.687762E-01,+1.827500E-03,+9.910000E+37,+2.910654E+03,+3.584400E+04,+5.681846E-01,+1.827500E-03,+9.910000E+37,+2.910721E+03,+3.584400E+04,+5.694139E-01,+1.827500E-03,+9.910000E+37,+2.910787E+03,+3.584400E+04,-1.292389E+00,+0.000000E+00,+9.910000E+37,+2.910854E+03,+3.584400E+04
14:01:47,0e0,+5.758333E-01,+1.930500E-03,+9.910000E+37,+2.911075E+03,+3.584400E+04,+5.741042E-01,+1.930500E-03,+9.910000E+37,+2.911142E+03,+3.584400E+04,+5.750595E-01,+1.930500E-03,+9.910000E+37,+2.911208E+03,+3.584400E+04,-1.288610E+00,+0.000000E+00,+9.910000E+37,+2.911274E+03,+3.584400E+04
14:01:47,0e0,+5.812505E-01,+2.039500E-03,+9.910000E+37,+2.911500E+03,+3.584400E+04,+5.807047E-01,+2.039500E-03,+9.910000E+37,+2.911566E+03,+3.584400E+04,+5.802031E-01,+2.039500E-03,+9.910000E+37,+2.911634E+03,+3.584400E+04,-1.464223E+00,+0.000000E+00,+9.910000E+37,+2.911701E+03,+3.584400E+04
14:01:47,0e0,+5.871238E-01,+2.154500E-03,+9.910000E+37,+2.911924E+03,+3.584400E+04,+5.872616E-01,+2.154500E-03,+9.910000E+37,+2.911989E+03,+3.584400E+04,+5.883075E-01,+2.154500E-03,+9.910000E+37,+2.912056E+03,+3.584400E+04,-1.296940E+00,+0.000000E+00,+9.910000E+37,+2.912122E+03,+3.584400E+04
14:01:47,0e0,+5.947729E-01,+2.276000E-03,+9.910000E+37,+2.912350E+03,+3.584400E+04,+5.934979E-01,+2.276000E-03,+9.910000E+37,+2.912416E+03,+3.584400E+04,+5.939531E-01,+2.276000E-03,+9.910000E+37,+2.912482E+03,+3.584400E+04,-1.444507E+00,+0.000000E+00,+9.910000E+37,+2.912549E+03,+3.584400E+04
14:01:47,0e0,+6.009650E-01,+2.404000E-03,+9.910000E+37,+2.912768E+03,+3.584400E+04,+6.008746E-01,+2.404000E-03,+9.910000E+37,+2.912835E+03,+3.584400E+04,+6.000091E-01,+2.404000E-03,+9.910000E+37,+2.912900E+03,+3.584400E+04,-1.448424E+00,+0.000000E+00,+9.910000E+37,+2.912967E+03,+3.584400E+04
14:01:47,0e0,+6.072921E-01,+2.539500E-03,+9.910000E+37,+2.913190E+03,+3.584400E+04,+6.062019E-01,+2.539500E-03,+9.910000E+37,+2.913256E+03,+3.584400E+04,+6.072934E-01,+2.539500E-03,+9.910000E+37,+2.913322E+03,+3.584400E+04,-1.368470E+00,+0.000000E+00,+9.910000E+37,+2.913389E+03,+3.584400E+04
14:01:47,0e0,+6.139409E-01,+2.682500E-03,+9.910000E+37,+2.913606E+03,+3.584400E+04,+6.119350E-01,+2.682500E-03,+9.910000E+37,+2.913673E+03,+3.584400E+04,+6.137135E-01,+2.682500E-03,+9.910000E+37,+2.913739E+03,+3.584400E+04,-1.287015E+00,+0.000000E+00,+9.910000E+37,+2.913807E+03,+3.584400E+04
14:01:47,0e0,+6.211333E-01,+2.834000E-03,+9.910000E+37,+2.914033E+03,+3.584400E+04,+6.211801E-01,+2.834000E-03,+9.910000E+37,+2.914100E+03,+3.584400E+04,+6.207690E-01,+2.834000E-03,+9.910000E+37,+2.914166E+03,+3.584400E+04,-1.462355E+00,+0.000000E+00,+9.910000E+37,+2.914233E+03,+3.584400E+04
14:01:47,0e0,+6.287369E-01,+2.993500E-03,+9.910000E+37,+2.914458E+03,+3.584400E+04,+6.285108E-01,+2.993500E-03,+9.910000E+37,+2.914524E+03,+3.584400E+04,+6.287379E-01,+2.993500E-03,+9.910000E+37,+2.914591E+03,+3.584400E+04,-1.334139E+00,+0.000000E+00,+9.910000E+37,+2.914657E+03,+3.584400E+04
14:01:47,0e0,+6.355678E-01,+3.162500E-03,+9.910000E+37,+2.914878E+03,+3.584400E+04,+6.365230E-01,+3.162500E-03,+9.910000E+37,+2.914943E+03,+3.584400E+04,+6.345627E-01,+3.162500E-03,+9.910000E+37,+2.915010E+03,+3.584400E+04,-1.279140E+00,+0.000000E+00,+9.910000E+37,+2.915077E+03,+3.584400E+04
14:01:47,0e0,+6.433517E-01,+3.340500E-03,+9.910000E+37,+2.915303E+03,+3.584400E+04,+6.425325E-01,+3.340500E-03,+9.910000E+37,+2.915369E+03,+3.584400E+04,+6.442634E-01,+3.340500E-03,+9.910000E+37,+2.915437E+03,+3.584400E+04,-1.447964E+00,+0.000000E+00,+9.910000E+37,+2.915504E+03,+3.584400E+04
14:01:47,0e0,+6.516821E-01,+3.528500E-03,+9.910000E+37,+2.915729E+03,+3.584400E+04,+6.514555E-01,+3.528500E-03,+9.910000E+37,+2.915796E+03,+3.584400E+04,+6.505914E-01,+3.528500E-03,+9.910000E+37,+2.915861E+03,+3.584400E+04,-1.314379E+00,+0.000000E+00,+9.910000E+37,+2.915928E+03,+3.584400E+04
14:01:47,0e0,+6.604257E-01,+3.727500E-03,+9.910000E+37,+2.916149E+03,+3.584400E+04,+6.589682E-01,+3.727500E-03,+9.910000E+37,+2.916217E+03,+3.584400E+04,+6.581945E-01,+3.727500E-03,+9.910000E+37,+2.916282E+03,+3.584400E+04,-1.324578E+00,+0.000000E+00,+9.910000E+37,+2.916349E+03,+3.584400E+04
14:01:47,0e0,+6.664797E-01,+3.937500E-03,+9.910000E+37,+2.916575E+03,+3.584400E+04,+6.665706E-01,+3.937500E-03,+9.910000E+37,+2.916642E+03,+3.584400E+04,+6.667067E-01,+3.937500E-03,+9.910000E+37,+2.916708E+03,+3.584400E+04,-1.490083E+00,+0.000000E+00,+9.910000E+37,+2.916774E+03,+3.584400E+04
14:01:47,0e0,+6.752207E-01,+4.159500E-03,+9.910000E+37,+2.916998E+03,+3.584400E+04,+6.740383E-01,+4.159500E-03,+9.910000E+37,+2.917064E+03,+3.584400E+04,+6.754490E-01,+4.159500E-03,+9.910000E+37,+2.917131E+03,+3.584400E+04,-1.311101E+00,+0.000000E+00,+9.910000E+37,+2.917197E+03,+3.584400E+04
14:01:47,0e0,+6.825967E-01,+4.394000E-03,+9.910000E+37,+2.917423E+03,+3.584400E+04,+6.824593E-01,+4.394000E-03,+9.910000E+37,+2.917489E+03,+3.584400E+04,+6.819139E-01,+4.394000E-03,+9.910000E+37,+2.917556E+03,+3.584400E+04,-1.497324E+00,+0.000000E+00,+9.910000E+37,+2.917622E+03,+3.584400E+04
14:01:47,0e0,+6.891062E-01,+4.641500E-03,+9.910000E+37,+2.917847E+03,+3.584400E+04,+6.899261E-01,+4.641500E-03,+9.910000E+37,+2.917913E+03,+3.584400E+04,+6.908824E-01,+4.641500E-03,+9.910000E+37,+2.917979E+03,+3.584400E+04,-1.332409E+00,+0.000000E+00,+9.910000E+37,+2.918046E+03,+3.584400E+04
14:01:47,0e0,+6.973014E-01,+4.903000E-03,+9.910000E+37,+2.918268E+03,+3.584400E+04,+6.977578E-01,+4.903000E-03,+9.910000E+37,+2.918335E+03,+3.584400E+04,+6.993050E-01,+4.903000E-03,+9.910000E+37,+2.918402E+03,+3.584400E+04,-1.378487E+00,+0.000000E+00,+9.910000E+37,+2.918468E+03,+3.584400E+04
14:01:47,0e0,+7.063629E-01,+5.179500E-03,+9.910000E+37,+2.918694E+03,+3.584400E+04,+7.050868E-01,+5.179500E-03,+9.910000E+37,+2.918761E+03,+3.584400E+04,+7.050402E-01,+5.179500E-03,+9.910000E+37,+2.918827E+03,+3.584400E+04,-1.435535E+00,+0.000000E+00,+9.910000E+37,+2.918895E+03,+3.584400E+04
14:01:47,0e0,+7.138724E-01,+5.471500E-03,+9.910000E+37,+2.919115E+03,+3.584400E+04,+7.136462E-01,+5.471500E-03,+9.910000E+37,+2.919183E+03,+3.584400E+04,+7.142382E-01,+5.471500E-03,+9.910000E+37,+2.919248E+03,+3.584400E+04,-1.315793E+00,+0.000000E+00,+9.910000E+37,+2.919314E+03,+3.584400E+04
14:01:47,0e0,+7.226609E-01,+5.779500E-03,+9.910000E+37,+2.919539E+03,+3.584400E+04,+7.225709E-01,+5.779500E-03,+9.910000E+37,+2.919605E+03,+3.584400E+04,+7.207931E-01,+5.779500E-03,+9.910000E+37,+2.919671E+03,+3.584400E+04,-1.372978E+00,+0.000000E+00,+9.910000E+37,+2.919737E+03,+3.584400E+04
14:01:47,0e0,+7.313570E-01,+6.105500E-03,+9.910000E+37,+2.919958E+03,+3.584400E+04,+7.298980E-01,+6.105500E-03,+9.910000E+37,+2.920024E+03,+3.584400E+04,+7.291238E-01,+6.105500E-03,+9.910000E+37,+2.920091E+03,+3.584400E+04,-1.467227E+00,+0.000000E+00,+9.910000E+37,+2.920158E+03,+3.584400E+04
14:01:47,0e0,+7.389601E-01,+6.449500E-03,+9.910000E+37,+2.920384E+03,+3.584400E+04,+7.390035E-01,+6.449500E-03,+9.910000E+37,+2.920450E+03,+3.584400E+04,+7.398704E-01,+6.449500E-03,+9.910000E+37,+2.920518E+03,+3.584400E+04,-1.324442E+00,+0.000000E+00,+9.910000E+37,+2.920583E+03,+3.584400E+04
14:01:47,0e0,+7.475669E-01,+6.813000E-03,+9.910000E+37,+2.920805E+03,+3.584400E+04,+7.474293E-01,+6.813000E-03,+9.910000E+37,+2.920870E+03,+3.584400E+04,+7.485209E-01,+6.813000E-03,+9.910000E+37,+2.920937E+03,+3.584400E+04,-1.316064E+00,+0.000000E+00,+9.910000E+37,+2.921004E+03,+3.584400E+04
14:01:47,0e0,+7.571256E-01,+7.197000E-03,+9.910000E+37,+2.921230E+03,+3.584400E+04,+7.561699E-01,+7.197000E-03,+9.910000E+37,+2.921296E+03,+3.584400E+04,+7.564881E-01,+7.197000E-03,+9.910000E+37,+2.921362E+03,+3.584400E+04,-1.436632E+00,+0.000000E+00,+9.910000E+37,+2.921428E+03,+3.584400E+04
14:01:47,0e0,+7.652753E-01,+7.602500E-03,+9.910000E+37,+2.921648E+03,+3.584400E+04,+7.645026E-01,+7.602500E-03,+9.910000E+37,+2.921715E+03,+3.584400E+04,+7.646361E-01,+7.602500E-03,+9.910000E+37,+2.921782E+03,+3.584400E+04,-1.395241E+00,+0.000000E+00,+9.910000E+37,+2.921848E+03,+3.584400E+04
14:01:47,0e0,+7.741998E-01,+8.031000E-03,+9.910000E+37,+2.922070E+03,+3.584400E+04,+7.734261E-01,+8.031000E-03,+9.910000E+37,+2.922136E+03,+3.584400E+04,+7.746089E-01,+8.031000E-03,+9.910000E+37,+2.922202E+03,+3.584400E+04,-1.288245E+00,+0.000000E+00,+9.910000E+37,+2.922270E+03,+3.584400E+04
14:01:47,0e0,+7.826223E-01,+8.483500E-03,+9.910000E+37,+2.922496E+03,+3.584400E+04,+7.831676E-01,+8.483500E-03,+9.910000E+37,+2.922562E+03,+3.584400E+04,+7.817103E-01,+8.483500E-03,+9.910000E+37,+2.922628E+03,+3.584400E+04,-1.461172E+00,+0.000000E+00,+9.910000E+37,+2.922695E+03,+3.584400E+04
14:01:47,0e0,+7.903600E-01,+8.961500E-03,+9.910000E+37,+2.922920E+03,+3.584400E+04,+7.915920E-01,+8.961500E-03,+9.910000E+37,+2.922986E+03,+3.584400E+04,+7.912261E-01,+8.961500E-03,+9.910000E+37,+2.923053E+03,+3.584400E+04,-1.325808E+00,+0.000000E+00,+9.910000E+37,+2.923119E+03,+3.584400E+04
14:01:47,0e0,+8.008780E-01,+9.466500E-03,+9.910000E+37,+2.923345E+03,+3.584400E+04,+8.005142E-01,+9.466500E-03,+9.910000E+37,+2.923412E+03,+3.584400E+04,+7.992369E-01,+9.466500E-03,+9.910000E+37,+2.923478E+03,+3.584400E+04,-1.401798E+00,+0.000000E+00,+9.910000E+37,+2.923544E+03,+3.584400E+04
