13:26:39,0e0,+1.964867E-04,+1.000000E-07,+9.910000E+37,+5.007568E+02,+3.584400E+04,-1.222789E-04,+1.000000E-07,+9.910000E+37,+5.008232E+02,+3.584400E+04,+1.965910E-04,+1.000000E-07,+9.910000E+37,+5.008906E+02,+3.584400E+04,-1.869912E-02,+0.000000E+00,+9.910000E+37,+5.009570E+02,+3.584400E+04
13:26:39,0e0,+1.516983E-03,+1.116000E-07,+9.910000E+37,+5.011807E+02,+3.584400E+04,+3.201827E-03,+1.116000E-07,+9.910000E+37,+5.012471E+02,+3.584400E+04,+2.700806E-03,+1.116000E-07,+9.910000E+37,+5.013135E+02,+3.584400E+04,-1.997434E-02,+0.000000E+00,+9.910000E+37,+5.013809E+02,+3.584400E+04
13:26:39,0e0,+4.294440E-03,+1.245000E-07,+9.910000E+37,+5.016133E+02,+3.584400E+04,+4.749686E-03,+1.245000E-07,+9.910000E+37,+5.016797E+02,+3.584400E+04,+3.566176E-03,+1.245000E-07,+9.910000E+37,+5.017461E+02,+3.584400E+04,-1.888162E-02,+0.000000E+00,+9.910000E+37,+5.018125E+02,+3.584400E+04
13:26:39,0e0,+7.754833E-03,+1.389500E-07,+9.910000E+37,+5.020430E+02,+3.584400E+04,+5.387038E-03,+1.389500E-07,+9.910000E+37,+5.021094E+02,+3.584400E+04,+6.479919E-03,+1.389500E-07,+9.910000E+37,+5.021758E+02,+3.584400E+04,-1.997434E-02,+0.000000E+00,+9.910000E+37,+5.022422E+02,+3.584400E+04
13:26:39,0e0,+1.025900E-02,+1.550500E-07,+9.910000E+37,+5.024687E+02,+3.584400E+04,+9.029552E-03,+1.550500E-07,+9.910000E+37,+5.025361E+02,+3.584400E+04,+9.576276E-03,+1.550500E-07,+9.910000E+37,+5.026025E+02,+3.584400E+04,-1.933691E-02,+0.000000E+00,+9.910000E+37,+5.026699E+02,+3.584400E+04
13:26:39,0e0,+1.244448E-02,+1.730000E-07,+9.910000E+37,+5.028926E+02,+3.584400E+04,+1.162526E-02,+1.730000E-07,+9.910000E+37,+5.029590E+02,+3.584400E+04,+1.057737E-02,+1.730000E-07,+9.910000E+37,+5.030254E+02,+3.584400E+04,-1.979195E-02,+0.000000E+00,+9.910000E+37,+5.030918E+02,+3.584400E+04
13:26:39,0e0,+1.663376E-02,+1.930500E-07,+9.910000E+37,+5.033223E+02,+3.584400E+04,+1.572305E-02,+1.930500E-07,+9.910000E+37,+5.033896E+02,+3.584400E+04,+1.599611E-02,+1.930500E-07,+9.910000E+37,+5.034551E+02,+3.584400E+04,-2.070256E-02,+0.000000E+00,+9.910000E+37,+5.035215E+02,+3.584400E+04
13:26:39,0e0,+1.872814E-02,+2.154500E-07,+9.910000E+37,+5.037432E+02,+3.584400E+04,+1.909232E-02,+2.154500E-07,+9.910000E+37,+5.038096E+02,+3.584400E+04,+1.845443E-02,+2.154500E-07,+9.910000E+37,+5.038770E+02,+3.584400E+04,-2.020210E-02,+0.000000E+00,+9.910000E+37,+5.039424E+02,+3.584400E+04
13:26:39,0e0,+2.255265E-02,+2.404000E-07,+9.910000E+37,+5.041729E+02,+3.584400E+04,+2.423793E-02,+2.404000E-07,+9.910000E+37,+5.042393E+02,+3.584400E+04,+2.396421E-02,+2.404000E-07,+9.910000E+37,+5.043066E+02,+3.584400E+04,-1.983793E-02,+0.000000E+00,+9.910000E+37,+5.043721E+02,+3.584400E+04
13:26:39,0e0,+2.701484E-02,+2.682500E-07,+9.910000E+37,+5.045947E+02,+3.584400E+04,+2.806216E-02,+2.682500E-07,+9.910000E+37,+5.046611E+02,+3.584400E+04,+2.719711E-02,+2.682500E-07,+9.910000E+37,+5.047285E+02,+3.584400E+04,-1.915462E-02,+0.000000E+00,+9.910000E+37,+5.047939E+02,+3.584400E+04
13:26:39,0e0,+3.143185E-02,+2.993500E-07,+9.910000E+37,+5.050254E+02,+3.584400E+04,+3.229672E-02,+2.993500E-07,+9.910000E+37,+5.050918E+02,+3.584400E+04,+3.334385E-02,+2.993500E-07,+9.910000E+37,+5.051592E+02,+3.584400E+04,-1.988329E-02,+0.000000E+00,+9.910000E+37,+5.052246E+02,+3.584400E+04
13:26:39,0e0,+3.721407E-02,+3.340500E-07,+9.910000E+37,+5.054531E+02,+3.584400E+04,+3.689566E-02,+3.340500E-07,+9.910000E+37,+5.055205E+02,+3.584400E+04,+3.534684E-02,+3.340500E-07,+9.910000E+37,+5.055869E+02,+3.584400E+04,-2.047506E-02,+0.000000E+00,+9.910000E+37,+5.056533E+02,+3.584400E+04
13:26:39,0e0,+4.144898E-02,+3.727500E-07,+9.910000E+37,+5.058887E+02,+3.584400E+04,+4.149422E-02,+3.727500E-07,+9.910000E+37,+5.059551E+02,+3.584400E+04,+4.272351E-02,+3.727500E-07,+9.910000E+37,+5.060215E+02,+3.584400E+04,-1.951899E-02,+0.000000E+00,+9.910000E+37,+5.060879E+02,+3.584400E+04
13:26:39,0e0,+4.814181E-02,+4.159500E-07,+9.910000E+37,+5.063174E+02,+3.584400E+04,+4.764065E-02,+4.159500E-07,+9.910000E+37,+5.063848E+02,+3.584400E+04,+4.864258E-02,+4.159500E-07,+9.910000E+37,+5.064512E+02,+3.584400E+04,-1.860835E-02,+0.000000E+00,+9.910000E+37,+5.065176E+02,+3.584400E+04
13:26:39,0e0,+5.410674E-02,+4.641500E-07,+9.910000E+37,+5.067441E+02,+3.584400E+04,+5.442554E-02,+4.641500E-07,+9.910000E+37,+5.068115E+02,+3.584400E+04,+5.447087E-02,+4.641500E-07,+9.910000E+37,+5.068789E+02,+3.584400E+04,-1.979226E-02,+0.000000E+00,+9.910000E+37,+5.069443E+02,+3.584400E+04
13:26:39,0e0,+6.180143E-02,+5.179500E-07,+9.910000E+37,+5.071650E+02,+3.584400E+04,+6.139165E-02,+5.179500E-07,+9.910000E+37,+5.072324E+02,+3.584400E+04,+6.130064E-02,+5.179500E-07,+9.910000E+37,+5.072988E+02,+3.584400E+04,-1.942758E-02,+0.000000E+00,+9.910000E+37,+5.073652E+02,+3.584400E+04
13:26:39,0e0,+6.926891E-02,+5.779500E-07,+9.910000E+37,+5.075967E+02,+3.584400E+04,+6.854063E-02,+5.779500E-07,+9.910000E+37,+5.076641E+02,+3.584400E+04,+6.872264E-02,+5.779500E-07,+9.910000E+37,+5.077314E+02,+3.584400E+04,-1.965585E-02,+0.000000E+00,+9.910000E+37,+5.077969E+02,+3.584400E+04
13:26:39,0e0,+7.678193E-02,+6.449500E-07,+9.910000E+37,+5.080234E+02,+3.584400E+04,+7.691839E-02,+6.449500E-07,+9.910000E+37,+5.080898E+02,+3.584400E+04,+7.559809E-02,+6.449500E-07,+9.910000E+37,+5.081572E+02,+3.584400E+04,-1.979220E-02,+0.000000E+00,+9.910000E+37,+5.082227E+02,+3.584400E+04
13:26:39,0e0,+8.447656E-02,+7.197000E-07,+9.910000E+37,+5.084590E+02,+3.584400E+04,+8.497745E-02,+7.197000E-07,+9.910000E+37,+5.085264E+02,+3.584400E+04,+8.502293E-02,+7.197000E-07,+9.910000E+37,+5.085938E+02,+3.584400E+04,-2.029303E-02,+0.000000E+00,+9.910000E+37,+5.086592E+02,+3.584400E+04
13:26:39,0e0,+9.326419E-02,+8.031000E-07,+9.910000E+37,+5.088896E+02,+3.584400E+04,+9.367415E-02,+8.031000E-07,+9.910000E+37,+5.089561E+02,+3.584400E+04,+9.590527E-02,+8.031000E-07,+9.910000E+37,+5.090225E+02,+3.584400E+04,-1.947369E-02,+0.000000E+00,+9.910000E+37,+5.090898E+02,+3.584400E+04
13:26:39,0e0,+1.032356E-01,+8.961500E-07,+9.910000E+37,+5.093223E+02,+3.584400E+04,+1.042375E-01,+8.961500E-07,+9.910000E+37,+5.093887E+02,+3.584400E+04,+1.037375E-01,+8.961500E-07,+9.910000E+37,+5.094561E+02,+3.584400E+04,-1.988319E-02,+0.000000E+00,+9.910000E+37,+5.095215E+02,+3.584400E+04
13:26:39,0e0,+1.140276E-01,+1.000000E-06,+9.910000E+37,+5.097510E+02,+3.584400E+04,+1.147103E-01,+1.000000E-06,+9.910000E+37,+5.098174E+02,+3.584400E+04,+1.147558E-01,+1.000000E-06,+9.910000E+37,+5.098848E+02,+3.584400E+04,-2.020195E-02,+0.000000E+00,+9.910000E+37,+5.099502E+02,+3.584400E+04
13:26:39,0e0,+1.142091E-01,+1.116000E-06,+9.910000E+37,+5.101797E+02,+3.584400E+04,+1.138448E-01,+1.116000E-06,+9.910000E+37,+5.102471E+02,+3.584400E+04,+1.144827E-01,+1.116000E-06,+9.910000E+37,+5.103125E+02,+3.584400E+04,-1.951911E-02,+0.000000E+00,+9.910000E+37,+5.103789E+02,+3.584400E+04
13:26:39,0e0,+1.248638E-01,+1.245000E-06,+9.910000E+37,+5.106064E+02,+3.584400E+04,+1.262752E-01,+1.245000E-06,+9.910000E+37,+5.106719E+02,+3.584400E+04,+1.244995E-01,+1.245000E-06,+9.910000E+37,+5.107383E+02,+3.584400E+04,-1.951911E-02,+0.000000E+00,+9.910000E+37,+5.108047E+02,+3.584400E+04
13:26:39,0e0,+1.371576E-01,+1.389500E-06,+9.910000E+37,+5.110313E+02,+3.584400E+04,+1.357453E-01,+1.389500E-06,+9.910000E+37,+5.110977E+02,+3.584400E+04,+1.367475E-01,+1.389500E-06,+9.910000E+37,+5.111650E+02,+3.584400E+04,-2.115884E-02,+0.000000E+00,+9.910000E+37,+5.112305E+02,+3.584400E+04
13:26:39,0e0,+1.496330E-01,+1.550500E-06,+9.910000E+37,+5.114551E+02,+3.584400E+04,+1.502705E-01,+1.550500E-06,+9.910000E+37,+5.115225E+02,+3.584400E+04,+1.494512E-01,+1.550500E-06,+9.910000E+37,+5.115879E+02,+3.584400E+04,-2.084006E-02,+0.000000E+00,+9.910000E+37,+5.116543E+02,+3.584400E+04
13:26:39,0e0,+1.619725E-01,+1.730000E-06,+9.910000E+37,+5.118838E+02,+3.584400E+04,+1.640214E-01,+1.730000E-06,+9.910000E+37,+5.119492E+02,+3.584400E+04,+1.630655E-01,+1.730000E-06,+9.910000E+37,+5.120166E+02,+3.584400E+04,-2.015665E-02,+0.000000E+00,+9.910000E+37,+5.120840E+02,+3.584400E+04
13:26:39,0e0,+1.767252E-01,+1.930500E-06,+9.910000E+37,+5.123066E+02,+3.584400E+04,+1.782729E-01,+1.930500E-06,+9.910000E+37,+5.123740E+02,+3.584400E+04,+1.782278E-01,+1.930500E-06,+9.910000E+37,+5.124414E+02,+3.584400E+04,-2.020210E-02,+0.000000E+00,+9.910000E+37,+5.125088E+02,+3.584400E+04
13:26:39,0e0,+1.904300E-01,+2.154500E-06,+9.910000E+37,+5.127383E+02,+3.584400E+04,+1.922059E-01,+2.154500E-06,+9.910000E+37,+5.128057E+02,+3.584400E+04,+1.910223E-01,+2.154500E-06,+9.910000E+37,+5.128711E+02,+3.584400E+04,-2.120408E-02,+0.000000E+00,+9.910000E+37,+5.129375E+02,+3.584400E+04
13:26:39,0e0,+2.072315E-01,+2.404000E-06,+9.910000E+37,+5.131670E+02,+3.584400E+04,+2.088709E-01,+2.404000E-06,+9.910000E+37,+5.132324E+02,+3.584400E+04,+2.090527E-01,+2.404000E-06,+9.910000E+37,+5.132998E+02,+3.584400E+04,-2.052079E-02,+0.000000E+00,+9.910000E+37,+5.133672E+02,+3.584400E+04
13:26:39,0e0,+2.253078E-01,+2.682500E-06,+9.910000E+37,+5.136035E+02,+3.584400E+04,+2.243518E-01,+2.682500E-06,+9.910000E+37,+5.136709E+02,+3.584400E+04,+2.254897E-01,+2.682500E-06,+9.910000E+37,+5.137363E+02,+3.584400E+04,-1.983811E-02,+0.000000E+00,+9.910000E+37,+5.138027E+02,+3.584400E+04
13:26:39,0e0,+2.440671E-01,+2.993500E-06,+9.910000E+37,+5.140391E+02,+3.584400E+04,+2.433388E-01,+2.993500E-06,+9.910000E+37,+5.141055E+02,+3.584400E+04,+2.436118E-01,+2.993500E-06,+9.910000E+37,+5.141719E+02,+3.584400E+04,-1.970148E-02,+0.000000E+00,+9.910000E+37,+5.142393E+02,+3.584400E+04
13:26:39,0e0,+2.631904E-01,+3.340500E-06,+9.910000E+37,+5.144668E+02,+3.584400E+04,+2.634178E-01,+3.340500E-06,+9.910000E+37,+5.145322E+02,+3.584400E+04,+2.629623E-01,+3.340500E-06,+9.910000E+37,+5.145986E+02,+3.584400E+04,-1.992899E-02,+0.000000E+00,+9.910000E+37,+5.146660E+02,+3.584400E+04
13:26:39,0e0,+2.830421E-01,+3.727500E-06,+9.910000E+37,+5.148926E+02,+3.584400E+04,+2.848186E-01,+3.727500E-06,+9.910000E+37,+5.149580E+02,+3.584400E+04,+2.846365E-01,+3.727500E-06,+9.910000E+37,+5.150244E+02,+3.584400E+04,-1.874524E-02,+0.000000E+00,+9.910000E+37,+5.150908E+02,+3.584400E+04
13:26:39,0e0,+3.064464E-01,+4.159500E-06,+9.910000E+37,+5.153281E+02,+3.584400E+04,+3.044425E-01,+4.159500E-06,+9.910000E+37,+5.153945E+02,+3.584400E+04,+3.046708E-01,+4.159500E-06,+9.910000E+37,+5.154619E+02,+3.584400E+04,-1.979248E-02,+0.000000E+00,+9.910000E+37,+5.155273E+02,+3.584400E+04
13:26:39,0e0,+3.288938E-01,+4.641500E-06,+9.910000E+37,+5.157520E+02,+3.584400E+04,+3.269359E-01,+4.641500E-06,+9.910000E+37,+5.158184E+02,+3.584400E+04,+3.280283E-01,+4.641500E-06,+9.910000E+37,+5.158857E+02,+3.584400E+04,-2.020219E-02,+0.000000E+00,+9.910000E+37,+5.159531E+02,+3.584400E+04
13:26:39,0e0,+3.523884E-01,+5.179500E-06,+9.910000E+37,+5.161816E+02,+3.584400E+04,+3.530712E-01,+5.179500E-06,+9.910000E+37,+5.162490E+02,+3.584400E+04,+3.522978E-01,+5.179500E-06,+9.910000E+37,+5.163145E+02,+3.584400E+04,-1.942830E-02,+0.000000E+00,+9.910000E+37,+5.163818E+02,+3.584400E+04
13:26:39,0e0,+3.763371E-01,+5.779500E-06,+9.910000E+37,+5.166172E+02,+3.584400E+04,+3.778858E-01,+5.779500E-06,+9.910000E+37,+5.166836E+02,+3.584400E+04,+3.771574E-01,+5.779500E-06,+9.910000E+37,+5.167500E+02,+3.584400E+04,-1.929161E-02,+0.000000E+00,+9.910000E+37,+5.168164E+02,+3.584400E+04
13:26:39,0e0,+4.055707E-01,+6.449500E-06,+9.910000E+37,+5.170469E+02,+3.584400E+04,+4.048881E-01,+6.449500E-06,+9.910000E+37,+5.171123E+02,+3.584400E+04,+4.046142E-01,+6.449500E-06,+9.910000E+37,+5.171797E+02,+3.584400E+04,-1.992890E-02,+0.000000E+00,+9.910000E+37,+5.172451E+02,+3.584400E+04
13:26:39,0e0,+4.323884E-01,+7.197000E-06,+9.910000E+37,+5.174824E+02,+3.584400E+04,+4.332538E-01,+7.197000E-06,+9.910000E+37,+5.175488E+02,+3.584400E+04,+4.331626E-01,+7.197000E-06,+9.910000E+37,+5.176162E+02,+3.584400E+04,-2.015689E-02,+0.000000E+00,+9.910000E+37,+5.176836E+02,+3.584400E+04
13:26:39,0e0,+4.623943E-01,+8.031000E-06,+9.910000E+37,+5.179111E+02,+3.584400E+04,+4.623032E-01,+8.031000E-06,+9.910000E+37,+5.179785E+02,+3.584400E+04,+4.618941E-01,+8.031000E-06,+9.910000E+37,+5.180439E+02,+3.584400E+04,-2.033910E-02,+0.000000E+00,+9.910000E+37,+5.181104E+02,+3.584400E+04
13:26:39,0e0,+4.944957E-01,+8.961500E-06,+9.910000E+37,+5.183457E+02,+3.584400E+04,+4.939935E-01,+8.961500E-06,+9.910000E+37,+5.184111E+02,+3.584400E+04,+4.940846E-01,+8.961500E-06,+9.910000E+37,+5.184785E+02,+3.584400E+04,-2.006580E-02,+0.000000E+00,+9.910000E+37,+5.185449E+02,+3.584400E+04
13:26:39,0e0,+5.251837E-01,+1.000000E-05,+9.910000E+37,+5.187715E+02,+3.584400E+04,+5.261860E-01,+1.000000E-05,+9.910000E+37,+5.188379E+02,+3.584400E+04,+5.264130E-01,+1.000000E-05,+9.910000E+37,+5.189043E+02,+3.584400E+04,-2.047555E-02,+0.000000E+00,+9.910000E+37,+5.189707E+02,+3.584400E+04
13:26:39,0e0,+5.484045E-01,+1.116000E-05,+9.910000E+37,+5.191953E+02,+3.584400E+04,+5.472661E-01,+1.116000E-05,+9.910000E+37,+5.192607E+02,+3.584400E+04,+5.481330E-01,+1.116000E-05,+9.910000E+37,+5.193271E+02,+3.584400E+04,-2.143158E-02,+0.000000E+00,+9.910000E+37,+5.193945E+02,+3.584400E+04
13:26:39,0e0,+5.822350E-01,+1.245000E-05,+9.910000E+37,+5.196152E+02,+3.584400E+04,+5.825992E-01,+1.245000E-05,+9.910000E+37,+5.196816E+02,+3.584400E+04,+5.829179E-01,+1.245000E-05,+9.910000E+37,+5.197490E+02,+3.584400E+04,-2.134070E-02,+0.000000E+00,+9.910000E+37,+5.198145E+02,+3.584400E+04
13:26:39,0e0,+6.205279E-01,+1.389500E-05,+9.910000E+37,+5.200430E+02,+3.584400E+04,+6.187991E-01,+1.389500E-05,+9.910000E+37,+5.201104E+02,+3.584400E+04,+6.183427E-01,+1.389500E-05,+9.910000E+37,+5.201758E+02,+3.584400E+04,-2.102193E-02,+0.000000E+00,+9.910000E+37,+5.202432E+02,+3.584400E+04
13:26:39,0e0,+6.575462E-01,+1.550500E-05,+9.910000E+37,+5.204619E+02,+3.584400E+04,+6.592299E-01,+1.550500E-05,+9.910000E+37,+5.205283E+02,+3.584400E+04,+6.587747E-01,+1.550500E-05,+9.910000E+37,+5.205957E+02,+3.584400E+04,-1.983809E-02,+0.000000E+00,+9.910000E+37,+5.206611E+02,+3.584400E+04
13:26:39,0e0,+6.983418E-01,+1.730000E-05,+9.910000E+37,+5.208916E+02,+3.584400E+04,+6.972951E-01,+1.730000E-05,+9.910000E+37,+5.209580E+02,+3.584400E+04,+6.974310E-01,+1.730000E-05,+9.910000E+37,+5.210234E+02,+3.584400E+04,-1.997466E-02,+0.000000E+00,+9.910000E+37,+5.210898E+02,+3.584400E+04
13:26:39,0e0,+7.378629E-01,+1.930500E-05,+9.910000E+37,+5.213105E+02,+3.584400E+04,+7.375461E-01,+1.930500E-05,+9.910000E+37,+5.213760E+02,+3.584400E+04,+7.390934E-01,+1.930500E-05,+9.910000E+37,+5.214424E+02,+3.584400E+04,-2.143179E-02,+0.000000E+00,+9.910000E+37,+5.215098E+02,+3.584400E+04
13:26:39,0e0,+7.815744E-01,+2.154500E-05,+9.910000E+37,+5.217393E+02,+3.584400E+04,+7.808480E-01,+2.154500E-05,+9.910000E+37,+5.218066E+02,+3.584400E+04,+7.804830E-01,+2.154500E-05,+9.910000E+37,+5.218721E+02,+3.584400E+04,-2.111302E-02,+0.000000E+00,+9.910000E+37,+5.219385E+02,+3.584400E+04
13:26:39,0e0,+8.252414E-01,+2.404000E-05,+9.910000E+37,+5.221553E+02,+3.584400E+04,+8.244221E-01,+2.404000E-05,+9.910000E+37,+5.222217E+02,+3.584400E+04,+8.257866E-01,+2.404000E-05,+9.910000E+37,+5.222871E+02,+3.584400E+04,-2.083953E-02,+0.000000E+00,+9.910000E+37,+5.223535E+02,+3.584400E+04
13:26:39,0e0,+8.720014E-01,+2.682500E-05,+9.910000E+37,+5.225684E+02,+3.584400E+04,+8.714576E-01,+2.682500E-05,+9.910000E+37,+5.226348E+02,+3.584400E+04,+8.718659E-01,+2.682500E-05,+9.910000E+37,+5.227021E+02,+3.584400E+04,-2.165954E-02,+0.000000E+00,+9.910000E+37,+5.227734E+02,+3.584400E+04
13:26:39,0e0,+9.215863E-01,+2.993500E-05,+9.910000E+37,+5.230020E+02,+3.584400E+04,+9.205844E-01,+2.993500E-05,+9.910000E+37,+5.230684E+02,+3.584400E+04,+9.201746E-01,+2.993500E-05,+9.910000E+37,+5.231338E+02,+3.584400E+04,-2.088541E-02,+0.000000E+00,+9.910000E+37,+5.232002E+02,+3.584400E+04
13:26:39,0e0,+9.711707E-01,+3.340500E-05,+9.910000E+37,+5.234219E+02,+3.584400E+04,+9.716718E-01,+3.340500E-05,+9.910000E+37,+5.234883E+02,+3.584400E+04,+9.719019E-01,+3.340500E-05,+9.910000E+37,+5.235547E+02,+3.584400E+04,-2.061217E-02,+0.000000E+00,+9.910000E+37,+5.236250E+02,+3.584400E+04
13:26:39,0e0,+1.025901E+00,+3.727500E-05,+9.910000E+37,+5.238623E+02,+3.584400E+04,+1.025127E+00,+3.727500E-05,+9.910000E+37,+5.239297E+02,+3.584400E+04,+1.024626E+00,+3.727500E-05,+9.910000E+37,+5.239951E+02,+3.584400E+04,-2.061224E-02,+0.000000E+00,+9.910000E+37,+5.240625E+02,+3.584400E+04
13:26:39,0e0,+1.081313E+00,+4.159500E-05,+9.910000E+37,+5.242881E+02,+3.584400E+04,+1.081225E+00,+4.159500E-05,+9.910000E+37,+5.243555E+02,+3.584400E+04,+1.081678E+00,+4.159500E-05,+9.910000E+37,+5.244229E+02,+3.584400E+04,-2.088502E-02,+0.000000E+00,+9.910000E+37,+5.244883E+02,+3.584400E+04
13:26:39,0e0,+1.139868E+00,+4.641500E-05,+9.910000E+37,+5.247129E+02,+3.584400E+04,+1.140004E+00,+4.641500E-05,+9.910000E+37,+5.247803E+02,+3.584400E+04,+1.140687E+00,+4.641500E-05,+9.910000E+37,+5.248457E+02,+3.584400E+04,-2.111316E-02,+0.000000E+00,+9.910000E+37,+5.249131E+02,+3.584400E+04
13:26:39,0e0,+1.202295E+00,+5.179500E-05,+9.910000E+37,+5.251387E+02,+3.584400E+04,+1.202157E+00,+5.179500E-05,+9.910000E+37,+5.252061E+02,+3.584400E+04,+1.201521E+00,+5.179500E-05,+9.910000E+37,+5.252715E+02,+3.584400E+04,-2.152288E-02,+0.000000E+00,+9.910000E+37,+5.253379E+02,+3.584400E+04
13:26:39,0e0,+1.265763E+00,+5.779500E-05,+9.910000E+37,+5.255664E+02,+3.584400E+04,+1.267404E+00,+5.779500E-05,+9.910000E+37,+5.256338E+02,+3.584400E+04,+1.267904E+00,+5.779500E-05,+9.910000E+37,+5.256992E+02,+3.584400E+04,-2.120435E-02,+0.000000E+00,+9.910000E+37,+5.257656E+02,+3.584400E+04
13:26:39,0e0,+1.335839E+00,+6.449500E-05,+9.910000E+37,+5.259912E+02,+3.584400E+04,+1.334702E+00,+6.449500E-05,+9.910000E+37,+5.260566E+02,+3.584400E+04,+1.334472E+00,+6.449500E-05,+9.910000E+37,+5.261240E+02,+3.584400E+04,-2.093098E-02,+0.000000E+00,+9.910000E+37,+5.261895E+02,+3.584400E+04
13:26:39,0e0,+1.407552E+00,+7.197000E-05,+9.910000E+37,+5.264170E+02,+3.584400E+04,+1.405961E+00,+7.197000E-05,+9.910000E+37,+5.264824E+02,+3.584400E+04,+1.406413E+00,+7.197000E-05,+9.910000E+37,+5.265498E+02,+3.584400E+04,-2.047564E-02,+0.000000E+00,+9.910000E+37,+5.266152E+02,+3.584400E+04
13:26:39,0e0,+1.481451E+00,+8.031000E-05,+9.910000E+37,+5.268418E+02,+3.584400E+04,+1.481496E+00,+8.031000E-05,+9.910000E+37,+5.269072E+02,+3.584400E+04,+1.481359E+00,+8.031000E-05,+9.910000E+37,+5.269746E+02,+3.584400E+04,-2.061237E-02,+0.000000E+00,+9.910000E+37,+5.270400E+02,+3.584400E+04
13:26:39,0e0,+1.562727E+00,+8.961500E-05,+9.910000E+37,+5.272676E+02,+3.584400E+04,+1.560403E+00,+8.961500E-05,+9.910000E+37,+5.273340E+02,+3.584400E+04,+1.560131E+00,+8.961500E-05,+9.910000E+37,+5.274004E+02,+3.584400E+04,-2.124977E-02,+0.000000E+00,+9.910000E+37,+5.274668E+02,+3.584400E+04
13:26:39,0e0,+1.644456E+00,+1.000000E-04,+9.910000E+37,+5.276895E+02,+3.584400E+04,+1.642497E+00,+1.000000E-04,+9.910000E+37,+5.277559E+02,+3.584400E+04,+1.643273E+00,+1.000000E-04,+9.910000E+37,+5.278232E+02,+3.584400E+04,-2.065799E-02,+0.000000E+00,+9.910000E+37,+5.278906E+02,+3.584400E+04
13:26:39,0e0,+1.720540E+00,+1.116000E-04,+9.910000E+37,+5.281221E+02,+3.584400E+04,+1.718400E+00,+1.116000E-04,+9.910000E+37,+5.281885E+02,+3.584400E+04,+1.719630E+00,+1.116000E-04,+9.910000E+37,+5.282559E+02,+3.584400E+04,-2.976421E-02,+0.000000E+00,+9.910000E+37,+5.283213E+02,+3.584400E+04
13:26:39,0e0,+1.810284E+00,+1.245000E-04,+9.910000E+37,+5.285498E+02,+3.584400E+04,+1.810922E+00,+1.245000E-04,+9.910000E+37,+5.286162E+02,+3.584400E+04,+1.809238E+00,+1.245000E-04,+9.910000E+37,+5.286826E+02,+3.584400E+04,-3.076568E-02,+0.000000E+00,+9.910000E+37,+5.287500E+02,+3.584400E+04
13:26:39,0e0,+1.904444E+00,+1.389500E-04,+9.910000E+37,+5.289766E+02,+3.584400E+04,+1.905309E+00,+1.389500E-04,+9.910000E+37,+5.290430E+02,+3.584400E+04,+1.904672E+00,+1.389500E-04,+9.910000E+37,+5.291104E+02,+3.584400E+04,-3.062932E-02,+0.000000E+00,+9.910000E+37,+5.291758E+02,+3.584400E+04
13:26:39,0e0,+2.004342E+00,+1.550500E-04,+9.910000E+37,+5.294053E+02,+3.584400E+04,+2.003432E+00,+1.550500E-04,+9.910000E+37,+5.294727E+02,+3.584400E+04,+2.003796E+00,+1.550500E-04,+9.910000E+37,+5.295381E+02,+3.584400E+04,-2.921791E-02,+0.000000E+00,+9.910000E+37,+5.296055E+02,+3.584400E+04
13:26:39,0e0,+2.107657E+00,+1.730000E-04,+9.910000E+37,+5.298320E+02,+3.584400E+04,+2.108748E+00,+1.730000E-04,+9.910000E+37,+5.298984E+02,+3.584400E+04,+2.107381E+00,+1.730000E-04,+9.910000E+37,+5.299648E+02,+3.584400E+04,-3.035611E-02,+0.000000E+00,+9.910000E+37,+5.300322E+02,+3.584400E+04
13:26:39,0e0,+2.213516E+00,+1.930500E-04,+9.910000E+37,+5.302607E+02,+3.584400E+04,+2.214792E+00,+1.930500E-04,+9.910000E+37,+5.303281E+02,+3.584400E+04,+2.215747E+00,+1.930500E-04,+9.910000E+37,+5.303955E+02,+3.584400E+04,-3.158547E-02,+0.000000E+00,+9.910000E+37,+5.304609E+02,+3.584400E+04
13:26:39,0e0,+2.325074E+00,+2.154500E-04,+9.910000E+37,+5.306904E+02,+3.584400E+04,+2.324797E+00,+2.154500E-04,+9.910000E+37,+5.307578E+02,+3.584400E+04,+2.326345E+00,+2.154500E-04,+9.910000E+37,+5.308232E+02,+3.584400E+04,-3.012873E-02,+0.000000E+00,+9.910000E+37,+5.308906E+02,+3.584400E+04
13:26:39,0e0,+2.439265E+00,+2.404000E-04,+9.910000E+37,+5.311191E+02,+3.584400E+04,+2.437895E+00,+2.404000E-04,+9.910000E+37,+5.311855E+02,+3.584400E+04,+2.439309E+00,+2.404000E-04,+9.910000E+37,+5.312520E+02,+3.584400E+04,-3.031075E-02,+0.000000E+00,+9.910000E+37,+5.313184E+02,+3.584400E+04
13:26:39,0e0,+2.555421E+00,+2.682500E-04,+9.910000E+37,+5.315566E+02,+3.584400E+04,+2.555645E+00,+2.682500E-04,+9.910000E+37,+5.316230E+02,+3.584400E+04,+2.556374E+00,+2.682500E-04,+9.910000E+37,+5.316904E+02,+3.584400E+04,-3.008291E-02,+0.000000E+00,+9.910000E+37,+5.317559E+02,+3.584400E+04
13:26:39,0e0,+2.673069E+00,+2.993500E-04,+9.910000E+37,+5.319834E+02,+3.584400E+04,+2.676536E+00,+2.993500E-04,+9.910000E+37,+5.320498E+02,+3.584400E+04,+2.675122E+00,+2.993500E-04,+9.910000E+37,+5.321162E+02,+3.584400E+04,-2.962767E-02,+0.000000E+00,+9.910000E+37,+5.321836E+02,+3.584400E+04
13:26:39,0e0,+2.792279E+00,+3.340500E-04,+9.910000E+37,+5.324121E+02,+3.584400E+04,+2.793869E+00,+3.340500E-04,+9.910000E+37,+5.324785E+02,+3.584400E+04,+2.796512E+00,+3.340500E-04,+9.910000E+37,+5.325449E+02,+3.584400E+04,-3.135809E-02,+0.000000E+00,+9.910000E+37,+5.326123E+02,+3.584400E+04
13:26:39,0e0,+2.912024E+00,+3.727500E-04,+9.910000E+37,+5.328467E+02,+3.584400E+04,+2.913528E+00,+3.727500E-04,+9.910000E+37,+5.329131E+02,+3.584400E+04,+2.913485E+00,+3.727500E-04,+9.910000E+37,+5.329795E+02,+3.584400E+04,-3.076597E-02,+0.000000E+00,+9.910000E+37,+5.330459E+02,+3.584400E+04
13:26:39,0e0,+3.029957E+00,+4.159500E-04,+9.910000E+37,+5.332754E+02,+3.584400E+04,+3.032779E+00,+4.159500E-04,+9.910000E+37,+5.333428E+02,+3.584400E+04,+3.032507E+00,+4.159500E-04,+9.910000E+37,+5.334092E+02,+3.584400E+04,-3.081143E-02,+0.000000E+00,+9.910000E+37,+5.334756E+02,+3.584400E+04
13:26:39,0e0,+3.146659E+00,+4.641500E-04,+9.910000E+37,+5.337109E+02,+3.584400E+04,+3.148976E+00,+4.641500E-04,+9.910000E+37,+5.337783E+02,+3.584400E+04,+3.149202E+00,+4.641500E-04,+9.910000E+37,+5.338437E+02,+3.584400E+04,-3.031076E-02,+0.000000E+00,+9.910000E+37,+5.339102E+02,+3.584400E+04
13:26:39,0e0,+3.262171E+00,+5.179500E-04,+9.910000E+37,+5.341426E+02,+3.584400E+04,+3.263399E+00,+5.179500E-04,+9.910000E+37,+5.342080E+02,+3.584400E+04,+3.264405E+00,+5.179500E-04,+9.910000E+37,+5.342754E+02,+3.584400E+04,-3.062947E-02,+0.000000E+00,+9.910000E+37,+5.343428E+02,+3.584400E+04
13:26:39,0e0,+3.375726E+00,+5.779500E-04,+9.910000E+37,+5.345703E+02,+3.584400E+04,+3.378415E+00,+5.779500E-04,+9.910000E+37,+5.346367E+02,+3.584400E+04,+3.377910E+00,+5.779500E-04,+9.910000E+37,+5.347041E+02,+3.584400E+04,-3.031090E-02,+0.000000E+00,+9.910000E+37,+5.347715E+02,+3.584400E+04
13:26:39,0e0,+3.486367E+00,+6.449500E-04,+9.910000E+37,+5.349961E+02,+3.584400E+04,+3.488097E+00,+6.449500E-04,+9.910000E+37,+5.350635E+02,+3.584400E+04,+3.488098E+00,+6.449500E-04,+9.910000E+37,+5.351289E+02,+3.584400E+04,-3.108485E-02,+0.000000E+00,+9.910000E+37,+5.351953E+02,+3.584400E+04
13:26:39,0e0,+3.593735E+00,+7.197000E-04,+9.910000E+37,+5.354268E+02,+3.584400E+04,+3.596836E+00,+7.197000E-04,+9.910000E+37,+5.354932E+02,+3.584400E+04,+3.596741E+00,+7.197000E-04,+9.910000E+37,+5.355596E+02,+3.584400E+04,-3.049278E-02,+0.000000E+00,+9.910000E+37,+5.356250E+02,+3.584400E+04
13:26:39,0e0,+3.701333E+00,+8.031000E-04,+9.910000E+37,+5.358564E+02,+3.584400E+04,+3.703693E+00,+8.031000E-04,+9.910000E+37,+5.359238E+02,+3.584400E+04,+3.705288E+00,+8.031000E-04,+9.910000E+37,+5.359912E+02,+3.584400E+04,-3.081167E-02,+0.000000E+00,+9.910000E+37,+5.360566E+02,+3.584400E+04
13:26:39,0e0,+3.808052E+00,+8.961500E-04,+9.910000E+37,+5.362822E+02,+3.584400E+04,+3.810238E+00,+8.961500E-04,+9.910000E+37,+5.363477E+02,+3.584400E+04,+3.809601E+00,+8.961500E-04,+9.910000E+37,+5.364141E+02,+3.584400E+04,-2.976441E-02,+0.000000E+00,+9.910000E+37,+5.364814E+02,+3.584400E+04
13:26:39,0e0,+3.912131E+00,+1.000000E-03,+9.910000E+37,+5.367061E+02,+3.584400E+04,+3.914960E+00,+1.000000E-03,+9.910000E+37,+5.367715E+02,+3.584400E+04,+3.914782E+00,+1.000000E-03,+9.910000E+37,+5.368389E+02,+3.584400E+04,-2.908142E-02,+0.000000E+00,+9.910000E+37,+5.369053E+02,+3.584400E+04
13:26:39,0e0,+4.005207E+00,+1.116000E-03,+9.910000E+37,+5.371357E+02,+3.584400E+04,+4.006753E+00,+1.116000E-03,+9.910000E+37,+5.372031E+02,+3.584400E+04,+4.006208E+00,+1.116000E-03,+9.910000E+37,+5.372686E+02,+3.584400E+04,-8.200126E-01,+0.000000E+00,+9.910000E+37,+5.373359E+02,+3.584400E+04
13:26:39,0e0,+4.106430E+00,+1.245000E-03,+9.910000E+37,+5.375605E+02,+3.584400E+04,+4.108744E+00,+1.245000E-03,+9.910000E+37,+5.376279E+02,+3.584400E+04,+4.107842E+00,+1.245000E-03,+9.910000E+37,+5.376934E+02,+3.584400E+04,-7.984745E-01,+0.000000E+00,+9.910000E+37,+5.377598E+02,+3.584400E+04
13:26:39,0e0,+4.208371E+00,+1.389500E-03,+9.910000E+37,+5.379854E+02,+3.584400E+04,+4.211286E+00,+1.389500E-03,+9.910000E+37,+5.380527E+02,+3.584400E+04,+4.211059E+00,+1.389500E-03,+9.910000E+37,+5.381182E+02,+3.584400E+04,-8.048495E-01,+0.000000E+00,+9.910000E+37,+5.381846E+02,+3.584400E+04
13:26:39,0e0,+4.311635E+00,+1.550500E-03,+9.910000E+37,+5.384111E+02,+3.584400E+04,+4.314188E+00,+1.550500E-03,+9.910000E+37,+5.384775E+02,+3.584400E+04,+4.312362E+00,+1.550500E-03,+9.910000E+37,+5.385449E+02,+3.584400E+04,-8.036657E-01,+0.000000E+00,+9.910000E+37,+5.386113E+02,+3.584400E+04
13:26:39,0e0,+4.413997E+00,+1.730000E-03,+9.910000E+37,+5.388350E+02,+3.584400E+04,+4.417135E+00,+1.730000E-03,+9.910000E+37,+5.389023E+02,+3.584400E+04,+4.416635E+00,+1.730000E-03,+9.910000E+37,+5.389678E+02,+3.584400E+04,-8.191928E-01,+0.000000E+00,+9.910000E+37,+5.390342E+02,+3.584400E+04
13:26:39,0e0,+4.517990E+00,+1.930500E-03,+9.910000E+37,+5.392627E+02,+3.584400E+04,+4.521313E+00,+1.930500E-03,+9.910000E+37,+5.393291E+02,+3.584400E+04,+4.521858E+00,+1.930500E-03,+9.910000E+37,+5.393955E+02,+3.584400E+04,-7.928736E-01,+0.000000E+00,+9.910000E+37,+5.394619E+02,+3.584400E+04
13:26:39,0e0,+4.623713E+00,+2.154500E-03,+9.910000E+37,+5.396865E+02,+3.584400E+04,+4.627813E+00,+2.154500E-03,+9.910000E+37,+5.397520E+02,+3.584400E+04,+4.627996E+00,+2.154500E-03,+9.910000E+37,+5.398184E+02,+3.584400E+04,-8.068989E-01,+0.000000E+00,+9.910000E+37,+5.398857E+02,+3.584400E+04
13:26:39,0e0,+4.732629E+00,+2.404000E-03,+9.910000E+37,+5.401133E+02,+3.584400E+04,+4.734994E+00,+2.404000E-03,+9.910000E+37,+5.401807E+02,+3.584400E+04,+4.736634E+00,+2.404000E-03,+9.910000E+37,+5.402461E+02,+3.584400E+04,-7.645512E-01,+0.000000E+00,+9.910000E+37,+5.403125E+02,+3.584400E+04
13:26:39,0e0,+4.842683E+00,+2.682500E-03,+9.910000E+37,+5.405342E+02,+3.584400E+04,+4.844498E+00,+2.682500E-03,+9.910000E+37,+5.406006E+02,+3.584400E+04,+4.844179E+00,+2.682500E-03,+9.910000E+37,+5.406670E+02,+3.584400E+04,-7.793957E-01,+0.000000E+00,+9.910000E+37,+5.407334E+02,+3.584400E+04
13:26:39,0e0,+4.954368E+00,+2.993500E-03,+9.910000E+37,+5.409619E+02,+3.584400E+04,+4.958420E+00,+2.993500E-03,+9.910000E+37,+5.410273E+02,+3.584400E+04,+4.956560E+00,+2.993500E-03,+9.910000E+37,+5.410938E+02,+3.584400E+04,-7.821732E-01,+0.000000E+00,+9.910000E+37,+5.411602E+02,+3.584400E+04
13:26:39,0e0,+5.070529E+00,+3.340500E-03,+9.910000E+37,+5.413857E+02,+3.584400E+04,+5.071844E+00,+3.340500E-03,+9.910000E+37,+5.414531E+02,+3.584400E+04,+5.072069E+00,+3.340500E-03,+9.910000E+37,+5.415186E+02,+3.584400E+04,-7.853149E-01,+0.000000E+00,+9.910000E+37,+5.415850E+02,+3.584400E+04
13:26:39,0e0,+5.188493E+00,+3.727500E-03,+9.910000E+37,+5.418066E+02,+3.584400E+04,+5.189955E+00,+3.727500E-03,+9.910000E+37,+5.418740E+02,+3.584400E+04,+5.190910E+00,+3.727500E-03,+9.910000E+37,+5.419414E+02,+3.584400E+04,-7.399164E-01,+0.000000E+00,+9.910000E+37,+5.420068E+02,+3.584400E+04
13:26:39,0e0,+5.308514E+00,+4.159500E-03,+9.910000E+37,+5.422363E+02,+3.584400E+04,+5.312158E+00,+4.159500E-03,+9.910000E+37,+5.423018E+02,+3.584400E+04,+5.311022E+00,+4.159500E-03,+9.910000E+37,+5.423691E+02,+3.584400E+04,-7.776188E-01,+0.000000E+00,+9.910000E+37,+5.424355E+02,+3.584400E+04
13:26:39,0e0,+5.434050E+00,+4.641500E-03,+9.910000E+37,+5.426592E+02,+3.584400E+04,+5.435638E+00,+4.641500E-03,+9.910000E+37,+5.427256E+02,+3.584400E+04,+5.435551E+00,+4.641500E-03,+9.910000E+37,+5.427920E+02,+3.584400E+04,-7.286233E-01,+0.000000E+00,+9.910000E+37,+5.428594E+02,+3.584400E+04
13:26:39,0e0,+5.563233E+00,+5.179500E-03,+9.910000E+37,+5.430850E+02,+3.584400E+04,+5.564953E+00,+5.179500E-03,+9.910000E+37,+5.431514E+02,+3.584400E+04,+5.564499E+00,+5.179500E-03,+9.910000E+37,+5.432187E+02,+3.584400E+04,-7.528936E-01,+0.000000E+00,+9.910000E+37,+5.432861E+02,+3.584400E+04
13:26:39,0e0,+5.694585E+00,+5.779500E-03,+9.910000E+37,+5.435146E+02,+3.584400E+04,+5.696952E+00,+5.779500E-03,+9.910000E+37,+5.435820E+02,+3.584400E+04,+5.696681E+00,+5.779500E-03,+9.910000E+37,+5.436494E+02,+3.584400E+04,-7.242067E-01,+0.000000E+00,+9.910000E+37,+5.437168E+02,+3.584400E+04
13:26:39,0e0,+5.831819E+00,+6.449500E-03,+9.910000E+37,+5.439453E+02,+3.584400E+04,+5.833093E+00,+6.449500E-03,+9.910000E+37,+5.440127E+02,+3.584400E+04,+5.831914E+00,+6.449500E-03,+9.910000E+37,+5.440801E+02,+3.584400E+04,-6.937892E-01,+0.000000E+00,+9.910000E+37,+5.441455E+02,+3.584400E+04
13:26:39,0e0,+5.973195E+00,+7.197000E-03,+9.910000E+37,+5.443730E+02,+3.584400E+04,+5.975197E+00,+7.197000E-03,+9.910000E+37,+5.444404E+02,+3.584400E+04,+5.973648E+00,+7.197000E-03,+9.910000E+37,+5.445059E+02,+3.584400E+04,-7.117299E-01,+0.000000E+00,+9.910000E+37,+5.445723E+02,+3.584400E+04
13:26:39,0e0,+6.120309E+00,+8.031000E-03,+9.910000E+37,+5.448057E+02,+3.584400E+04,+6.120718E+00,+8.031000E-03,+9.910000E+37,+5.448730E+02,+3.584400E+04,+6.120452E+00,+8.031000E-03,+9.910000E+37,+5.449395E+02,+3.584400E+04,-6.857761E-01,+0.000000E+00,+9.910000E+37,+5.450059E+02,+3.584400E+04
13:26:39,0e0,+6.273252E+00,+8.961500E-03,+9.910000E+37,+5.452275E+02,+3.584400E+04,+6.273933E+00,+8.961500E-03,+9.910000E+37,+5.452930E+02,+3.584400E+04,+6.270837E+00,+8.961500E-03,+9.910000E+37,+5.453594E+02,+3.584400E+04,-6.376446E-01,+0.000000E+00,+9.910000E+37,+5.454268E+02,+3.584400E+04
