13:37:54,0e0,+6.833568E-03,+1.000000E-07,+9.910000E+37,+1.162412E+03,+3.584400E+04,+7.926568E-03,+1.000000E-07,+9.910000E+37,+1.162479E+03,+3.584400E+04,+6.833717E-03,+1.000000E-07,+9.910000E+37,+1.162546E+03,+3.584400E+04,-9.010851E-03,+0.000000E+00,+9.910000E+37,+1.162611E+03,+3.584400E+04
13:37:54,0e0,+8.928120E-03,+1.116000E-07,+9.910000E+37,+1.162843E+03,+3.584400E+04,+9.429246E-03,+1.116000E-07,+9.910000E+37,+1.162909E+03,+3.584400E+04,+8.973867E-03,+1.116000E-07,+9.910000E+37,+1.162976E+03,+3.584400E+04,-7.827029E-03,+0.000000E+00,+9.910000E+37,+1.163043E+03,+3.584400E+04
13:37:54,0e0,+1.088579E-02,+1.245000E-07,+9.910000E+37,+1.163270E+03,+3.584400E+04,+1.147787E-02,+1.245000E-07,+9.910000E+37,+1.163336E+03,+3.584400E+04,+1.093143E-02,+1.245000E-07,+9.910000E+37,+1.163403E+03,+3.584400E+04,-7.280603E-03,+0.000000E+00,+9.910000E+37,+1.163471E+03,+3.584400E+04
13:37:54,0e0,+1.243407E-02,+1.389500E-07,+9.910000E+37,+1.163698E+03,+3.584400E+04,+1.307139E-02,+1.389500E-07,+9.910000E+37,+1.163765E+03,+3.584400E+04,+1.380004E-02,+1.389500E-07,+9.910000E+37,+1.163832E+03,+3.584400E+04,-8.327782E-03,+0.000000E+00,+9.910000E+37,+1.163897E+03,+3.584400E+04
13:37:54,0e0,+1.543891E-02,+1.550500E-07,+9.910000E+37,+1.164127E+03,+3.584400E+04,+1.534781E-02,+1.550500E-07,+9.910000E+37,+1.164194E+03,+3.584400E+04,+1.502879E-02,+1.550500E-07,+9.910000E+37,+1.164262E+03,+3.584400E+04,-6.870940E-03,+0.000000E+00,+9.910000E+37,+1.164327E+03,+3.584400E+04
13:37:54,0e0,+1.876274E-02,+1.730000E-07,+9.910000E+37,+1.164554E+03,+3.584400E+04,+1.830724E-02,+1.730000E-07,+9.910000E+37,+1.164620E+03,+3.584400E+04,+1.771547E-02,+1.730000E-07,+9.910000E+37,+1.164687E+03,+3.584400E+04,-7.508263E-03,+0.000000E+00,+9.910000E+37,+1.164754E+03,+3.584400E+04
13:37:54,0e0,+2.085705E-02,+1.930500E-07,+9.910000E+37,+1.164979E+03,+3.584400E+04,+2.199535E-02,+1.930500E-07,+9.910000E+37,+1.165046E+03,+3.584400E+04,+2.158552E-02,+1.930500E-07,+9.910000E+37,+1.165112E+03,+3.584400E+04,-7.872507E-03,+0.000000E+00,+9.910000E+37,+1.165179E+03,+3.584400E+04
13:37:54,0e0,+2.336106E-02,+2.154500E-07,+9.910000E+37,+1.165408E+03,+3.584400E+04,+2.468146E-02,+2.154500E-07,+9.910000E+37,+1.165474E+03,+3.584400E+04,+2.477263E-02,+2.154500E-07,+9.910000E+37,+1.165540E+03,+3.584400E+04,-9.192988E-03,+0.000000E+00,+9.910000E+37,+1.165606E+03,+3.584400E+04
13:37:54,0e0,+2.736746E-02,+2.404000E-07,+9.910000E+37,+1.165843E+03,+3.584400E+04,+2.891576E-02,+2.404000E-07,+9.910000E+37,+1.165909E+03,+3.584400E+04,+2.855149E-02,+2.404000E-07,+9.910000E+37,+1.165976E+03,+3.584400E+04,-8.555546E-03,+0.000000E+00,+9.910000E+37,+1.166042E+03,+3.584400E+04
13:37:54,0e0,+3.246701E-02,+2.682500E-07,+9.910000E+37,+1.166265E+03,+3.584400E+04,+3.369659E-02,+2.682500E-07,+9.910000E+37,+1.166331E+03,+3.584400E+04,+3.160173E-02,+2.682500E-07,+9.910000E+37,+1.166398E+03,+3.584400E+04,-8.145750E-03,+0.000000E+00,+9.910000E+37,+1.166465E+03,+3.584400E+04
13:37:54,0e0,+3.638253E-02,+2.993500E-07,+9.910000E+37,+1.166691E+03,+3.584400E+04,+3.774881E-02,+2.993500E-07,+9.910000E+37,+1.166758E+03,+3.584400E+04,+3.783977E-02,+2.993500E-07,+9.910000E+37,+1.166824E+03,+3.584400E+04,-8.100092E-03,+0.000000E+00,+9.910000E+37,+1.166892E+03,+3.584400E+04
13:37:54,0e0,+4.111791E-02,+3.340500E-07,+9.910000E+37,+1.167125E+03,+3.584400E+04,+4.134557E-02,+3.340500E-07,+9.910000E+37,+1.167192E+03,+3.584400E+04,+4.303035E-02,+3.340500E-07,+9.910000E+37,+1.167260E+03,+3.584400E+04,-8.555278E-03,+0.000000E+00,+9.910000E+37,+1.167326E+03,+3.584400E+04
13:37:54,0e0,+4.785633E-02,+3.727500E-07,+9.910000E+37,+1.167550E+03,+3.584400E+04,+4.730964E-02,+3.727500E-07,+9.910000E+37,+1.167616E+03,+3.584400E+04,+4.945016E-02,+3.727500E-07,+9.910000E+37,+1.167683E+03,+3.584400E+04,-8.191198E-03,+0.000000E+00,+9.910000E+37,+1.167749E+03,+3.584400E+04
13:37:54,0e0,+5.341098E-02,+4.159500E-07,+9.910000E+37,+1.167975E+03,+3.584400E+04,+5.386636E-02,+4.159500E-07,+9.910000E+37,+1.168042E+03,+3.584400E+04,+5.482250E-02,+4.159500E-07,+9.910000E+37,+1.168107E+03,+3.584400E+04,-8.510143E-03,+0.000000E+00,+9.910000E+37,+1.168174E+03,+3.584400E+04
13:37:54,0e0,+6.137890E-02,+4.641500E-07,+9.910000E+37,+1.168398E+03,+3.584400E+04,+6.174320E-02,+4.641500E-07,+9.910000E+37,+1.168465E+03,+3.584400E+04,+6.242606E-02,+4.641500E-07,+9.910000E+37,+1.168531E+03,+3.584400E+04,-7.781729E-03,+0.000000E+00,+9.910000E+37,+1.168599E+03,+3.584400E+04
13:37:54,0e0,+6.843597E-02,+5.179500E-07,+9.910000E+37,+1.168827E+03,+3.584400E+04,+6.893688E-02,+5.179500E-07,+9.910000E+37,+1.168894E+03,+3.584400E+04,+6.829923E-02,+5.179500E-07,+9.910000E+37,+1.168960E+03,+3.584400E+04,-8.236840E-03,+0.000000E+00,+9.910000E+37,+1.169027E+03,+3.584400E+04
13:37:54,0e0,+7.790616E-02,+5.779500E-07,+9.910000E+37,+1.169254E+03,+3.584400E+04,+7.922673E-02,+5.779500E-07,+9.910000E+37,+1.169320E+03,+3.584400E+04,+7.704139E-02,+5.779500E-07,+9.910000E+37,+1.169387E+03,+3.584400E+04,-8.737892E-03,+0.000000E+00,+9.910000E+37,+1.169453E+03,+3.584400E+04
13:37:54,0e0,+8.683047E-02,+6.449500E-07,+9.910000E+37,+1.169680E+03,+3.584400E+04,+8.696687E-02,+6.449500E-07,+9.910000E+37,+1.169746E+03,+3.584400E+04,+8.628392E-02,+6.449500E-07,+9.910000E+37,+1.169812E+03,+3.584400E+04,-8.737892E-03,+0.000000E+00,+9.910000E+37,+1.169879E+03,+3.584400E+04
13:37:54,0e0,+9.625503E-02,+7.197000E-07,+9.910000E+37,+1.170105E+03,+3.584400E+04,+9.602755E-02,+7.197000E-07,+9.910000E+37,+1.170173E+03,+3.584400E+04,+9.698349E-02,+7.197000E-07,+9.910000E+37,+1.170240E+03,+3.584400E+04,-8.418769E-03,+0.000000E+00,+9.910000E+37,+1.170306E+03,+3.584400E+04
13:37:54,0e0,+1.077291E-01,+8.031000E-07,+9.910000E+37,+1.170533E+03,+3.584400E+04,+1.072733E-01,+8.031000E-07,+9.910000E+37,+1.170600E+03,+3.584400E+04,+1.075466E-01,+8.031000E-07,+9.910000E+37,+1.170666E+03,+3.584400E+04,-8.510113E-03,+0.000000E+00,+9.910000E+37,+1.170733E+03,+3.584400E+04
13:37:54,0e0,+1.206136E-01,+8.961500E-07,+9.910000E+37,+1.170955E+03,+3.584400E+04,+1.193844E-01,+8.961500E-07,+9.910000E+37,+1.171022E+03,+3.584400E+04,+1.203402E-01,+8.961500E-07,+9.910000E+37,+1.171090E+03,+3.584400E+04,-8.737817E-03,+0.000000E+00,+9.910000E+37,+1.171155E+03,+3.584400E+04
13:37:54,0e0,+1.332712E-01,+1.000000E-06,+9.910000E+37,+1.171382E+03,+3.584400E+04,+1.325881E-01,+1.000000E-06,+9.910000E+37,+1.171448E+03,+3.584400E+04,+1.324516E-01,+1.000000E-06,+9.910000E+37,+1.171516E+03,+3.584400E+04,-7.645100E-03,+0.000000E+00,+9.910000E+37,+1.171582E+03,+3.584400E+04
13:37:54,0e0,+1.355019E-01,+1.116000E-06,+9.910000E+37,+1.171816E+03,+3.584400E+04,+1.351379E-01,+1.116000E-06,+9.910000E+37,+1.171882E+03,+3.584400E+04,+1.343182E-01,+1.116000E-06,+9.910000E+37,+1.171949E+03,+3.584400E+04,-7.963642E-03,+0.000000E+00,+9.910000E+37,+1.172015E+03,+3.584400E+04
13:37:54,0e0,+1.493886E-01,+1.245000E-06,+9.910000E+37,+1.172250E+03,+3.584400E+04,+1.494345E-01,+1.245000E-06,+9.910000E+37,+1.172315E+03,+3.584400E+04,+1.511191E-01,+1.245000E-06,+9.910000E+37,+1.172382E+03,+3.584400E+04,-8.418977E-03,+0.000000E+00,+9.910000E+37,+1.172449E+03,+3.584400E+04
13:37:54,0e0,+1.644137E-01,+1.389500E-06,+9.910000E+37,+1.172678E+03,+3.584400E+04,+1.661441E-01,+1.389500E-06,+9.910000E+37,+1.172744E+03,+3.584400E+04,+1.656885E-01,+1.389500E-06,+9.910000E+37,+1.172810E+03,+3.584400E+04,-8.828908E-03,+0.000000E+00,+9.910000E+37,+1.172876E+03,+3.584400E+04
13:37:54,0e0,+1.819433E-01,+1.550500E-06,+9.910000E+37,+1.173104E+03,+3.584400E+04,+1.810776E-01,+1.550500E-06,+9.910000E+37,+1.173171E+03,+3.584400E+04,+1.836283E-01,+1.550500E-06,+9.910000E+37,+1.173237E+03,+3.584400E+04,-8.829042E-03,+0.000000E+00,+9.910000E+37,+1.173303E+03,+3.584400E+04
13:37:54,0e0,+2.008379E-01,+1.730000E-06,+9.910000E+37,+1.173528E+03,+3.584400E+04,+2.008837E-01,+1.730000E-06,+9.910000E+37,+1.173595E+03,+3.584400E+04,+1.997451E-01,+1.730000E-06,+9.910000E+37,+1.173661E+03,+3.584400E+04,-8.236885E-03,+0.000000E+00,+9.910000E+37,+1.173728E+03,+3.584400E+04
13:37:54,0e0,+2.206888E-01,+1.930500E-06,+9.910000E+37,+1.173966E+03,+3.584400E+04,+2.206892E-01,+1.930500E-06,+9.910000E+37,+1.174031E+03,+3.584400E+04,+2.205072E-01,+1.930500E-06,+9.910000E+37,+1.174098E+03,+3.584400E+04,-7.963657E-03,+0.000000E+00,+9.910000E+37,+1.174165E+03,+3.584400E+04
13:37:54,0e0,+2.425435E-01,+2.154500E-06,+9.910000E+37,+1.174388E+03,+3.584400E+04,+2.423160E-01,+2.154500E-06,+9.910000E+37,+1.174454E+03,+3.584400E+04,+2.421338E-01,+2.154500E-06,+9.910000E+37,+1.174520E+03,+3.584400E+04,-7.508248E-03,+0.000000E+00,+9.910000E+37,+1.174586E+03,+3.584400E+04
13:37:54,0e0,+2.664479E-01,+2.404000E-06,+9.910000E+37,+1.174826E+03,+3.584400E+04,+2.660367E-01,+2.404000E-06,+9.910000E+37,+1.174893E+03,+3.584400E+04,+2.681318E-01,+2.404000E-06,+9.910000E+37,+1.174960E+03,+3.584400E+04,-8.510143E-03,+0.000000E+00,+9.910000E+37,+1.175027E+03,+3.584400E+04
13:37:54,0e0,+2.923532E-01,+2.682500E-06,+9.910000E+37,+1.175256E+03,+3.584400E+04,+2.922616E-01,+2.682500E-06,+9.910000E+37,+1.175322E+03,+3.584400E+04,+2.927636E-01,+2.682500E-06,+9.910000E+37,+1.175390E+03,+3.584400E+04,-8.464471E-03,+0.000000E+00,+9.910000E+37,+1.175457E+03,+3.584400E+04
13:37:54,0e0,+3.204007E-01,+2.993500E-06,+9.910000E+37,+1.175691E+03,+3.584400E+04,+3.196717E-01,+2.993500E-06,+9.910000E+37,+1.175758E+03,+3.584400E+04,+3.201719E-01,+2.993500E-06,+9.910000E+37,+1.175825E+03,+3.584400E+04,-8.327901E-03,+0.000000E+00,+9.910000E+37,+1.175893E+03,+3.584400E+04
13:37:54,0e0,+3.502682E-01,+3.340500E-06,+9.910000E+37,+1.176118E+03,+3.584400E+04,+3.504498E-01,+3.340500E-06,+9.910000E+37,+1.176184E+03,+3.584400E+04,+3.493572E-01,+3.340500E-06,+9.910000E+37,+1.176250E+03,+3.584400E+04,-8.828849E-03,+0.000000E+00,+9.910000E+37,+1.176316E+03,+3.584400E+04
13:37:54,0e0,+3.841878E-01,+3.727500E-06,+9.910000E+37,+1.176543E+03,+3.584400E+04,+3.839149E-01,+3.727500E-06,+9.910000E+37,+1.176610E+03,+3.584400E+04,+3.840969E-01,+3.727500E-06,+9.910000E+37,+1.176678E+03,+3.584400E+04,-8.510083E-03,+0.000000E+00,+9.910000E+37,+1.176744E+03,+3.584400E+04
13:37:54,0e0,+4.197925E-01,+4.159500E-06,+9.910000E+37,+1.176970E+03,+3.584400E+04,+4.197474E-01,+4.159500E-06,+9.910000E+37,+1.177036E+03,+3.584400E+04,+4.188368E-01,+4.159500E-06,+9.910000E+37,+1.177104E+03,+3.584400E+04,-8.510202E-03,+0.000000E+00,+9.910000E+37,+1.177169E+03,+3.584400E+04
13:37:54,0e0,+4.580374E-01,+4.641500E-06,+9.910000E+37,+1.177397E+03,+3.584400E+04,+4.582650E-01,+4.641500E-06,+9.910000E+37,+1.177464E+03,+3.584400E+04,+4.577186E-01,+4.641500E-06,+9.910000E+37,+1.177531E+03,+3.584400E+04,-6.779879E-03,+0.000000E+00,+9.910000E+37,+1.177597E+03,+3.584400E+04
13:37:54,0e0,+4.995152E-01,+5.179500E-06,+9.910000E+37,+1.177818E+03,+3.584400E+04,+4.998803E-01,+5.179500E-06,+9.910000E+37,+1.177885E+03,+3.584400E+04,+5.007444E-01,+5.179500E-06,+9.910000E+37,+1.177951E+03,+3.584400E+04,-9.375483E-03,+0.000000E+00,+9.910000E+37,+1.178018E+03,+3.584400E+04
13:37:54,0e0,+5.455019E-01,+5.779500E-06,+9.910000E+37,+1.178247E+03,+3.584400E+04,+5.444998E-01,+5.779500E-06,+9.910000E+37,+1.178314E+03,+3.584400E+04,+5.448182E-01,+5.779500E-06,+9.910000E+37,+1.178380E+03,+3.584400E+04,-8.373603E-03,+0.000000E+00,+9.910000E+37,+1.178446E+03,+3.584400E+04
13:37:54,0e0,+5.934446E-01,+6.449500E-06,+9.910000E+37,+1.178670E+03,+3.584400E+04,+5.941284E-01,+6.449500E-06,+9.910000E+37,+1.178737E+03,+3.584400E+04,+5.940367E-01,+6.449500E-06,+9.910000E+37,+1.178803E+03,+3.584400E+04,-8.920029E-03,+0.000000E+00,+9.910000E+37,+1.178869E+03,+3.584400E+04
13:37:54,0e0,+6.476710E-01,+7.197000E-06,+9.910000E+37,+1.179096E+03,+3.584400E+04,+6.472158E-01,+7.197000E-06,+9.910000E+37,+1.179163E+03,+3.584400E+04,+6.470791E-01,+7.197000E-06,+9.910000E+37,+1.179229E+03,+3.584400E+04,-8.828923E-03,+0.000000E+00,+9.910000E+37,+1.179296E+03,+3.584400E+04
13:37:54,0e0,+7.044931E-01,+8.031000E-06,+9.910000E+37,+1.179519E+03,+3.584400E+04,+7.036275E-01,+8.031000E-06,+9.910000E+37,+1.179585E+03,+3.584400E+04,+7.049931E-01,+8.031000E-06,+9.910000E+37,+1.179652E+03,+3.584400E+04,-9.238929E-03,+0.000000E+00,+9.910000E+37,+1.179718E+03,+3.584400E+04
13:37:54,0e0,+7.640010E-01,+8.961500E-06,+9.910000E+37,+1.179947E+03,+3.584400E+04,+7.645023E-01,+8.961500E-06,+9.910000E+37,+1.180014E+03,+3.584400E+04,+7.640454E-01,+8.961500E-06,+9.910000E+37,+1.180080E+03,+3.584400E+04,-9.010881E-03,+0.000000E+00,+9.910000E+37,+1.180147E+03,+3.584400E+04
13:37:54,0e0,+8.281075E-01,+1.000000E-05,+9.910000E+37,+1.180377E+03,+3.584400E+04,+8.273323E-01,+1.000000E-05,+9.910000E+37,+1.180442E+03,+3.584400E+04,+8.290176E-01,+1.000000E-05,+9.910000E+37,+1.180509E+03,+3.584400E+04,-8.783177E-03,+0.000000E+00,+9.910000E+37,+1.180575E+03,+3.584400E+04
13:37:54,0e0,+8.836997E-01,+1.116000E-05,+9.910000E+37,+1.180796E+03,+3.584400E+04,+8.827438E-01,+1.116000E-05,+9.910000E+37,+1.180863E+03,+3.584400E+04,+8.826514E-01,+1.116000E-05,+9.910000E+37,+1.180931E+03,+3.584400E+04,-9.511679E-03,+0.000000E+00,+9.910000E+37,+1.180996E+03,+3.584400E+04
13:37:54,0e0,+9.539982E-01,+1.245000E-05,+9.910000E+37,+1.181215E+03,+3.584400E+04,+9.548633E-01,+1.245000E-05,+9.910000E+37,+1.181281E+03,+3.584400E+04,+9.535426E-01,+1.245000E-05,+9.910000E+37,+1.181348E+03,+3.584400E+04,-9.556934E-03,+0.000000E+00,+9.910000E+37,+1.181417E+03,+3.584400E+04
13:37:54,0e0,+1.029351E+00,+1.389500E-05,+9.910000E+37,+1.181640E+03,+3.584400E+04,+1.028394E+00,+1.389500E-05,+9.910000E+37,+1.181707E+03,+3.584400E+04,+1.028165E+00,+1.389500E-05,+9.910000E+37,+1.181772E+03,+3.584400E+04,-1.160638E-02,+0.000000E+00,+9.910000E+37,+1.181843E+03,+3.584400E+04
13:37:54,0e0,+1.108940E+00,+1.550500E-05,+9.910000E+37,+1.182069E+03,+3.584400E+04,+1.107298E+00,+1.550500E-05,+9.910000E+37,+1.182137E+03,+3.584400E+04,+1.108254E+00,+1.550500E-05,+9.910000E+37,+1.182202E+03,+3.584400E+04,-1.160647E-02,+0.000000E+00,+9.910000E+37,+1.182271E+03,+3.584400E+04
13:37:54,0e0,+1.191393E+00,+1.730000E-05,+9.910000E+37,+1.182493E+03,+3.584400E+04,+1.191348E+00,+1.730000E-05,+9.910000E+37,+1.182561E+03,+3.584400E+04,+1.192395E+00,+1.730000E-05,+9.910000E+37,+1.182626E+03,+3.584400E+04,-9.557322E-03,+0.000000E+00,+9.910000E+37,+1.182697E+03,+3.584400E+04
13:37:54,0e0,+1.278263E+00,+1.930500E-05,+9.910000E+37,+1.182924E+03,+3.584400E+04,+1.279220E+00,+1.930500E-05,+9.910000E+37,+1.182990E+03,+3.584400E+04,+1.279038E+00,+1.930500E-05,+9.910000E+37,+1.183056E+03,+3.584400E+04,-1.028611E-02,+0.000000E+00,+9.910000E+37,+1.183122E+03,+3.584400E+04
13:37:54,0e0,+1.370919E+00,+2.154500E-05,+9.910000E+37,+1.183346E+03,+3.584400E+04,+1.370965E+00,+2.154500E-05,+9.910000E+37,+1.183411E+03,+3.584400E+04,+1.370372E+00,+2.154500E-05,+9.910000E+37,+1.183479E+03,+3.584400E+04,-9.602919E-03,+0.000000E+00,+9.910000E+37,+1.183545E+03,+3.584400E+04
13:37:54,0e0,+1.466395E+00,+2.404000E-05,+9.910000E+37,+1.183767E+03,+3.584400E+04,+1.466805E+00,+2.404000E-05,+9.910000E+37,+1.183832E+03,+3.584400E+04,+1.465437E+00,+2.404000E-05,+9.910000E+37,+1.183899E+03,+3.584400E+04,-1.014946E-02,+0.000000E+00,+9.910000E+37,+1.183967E+03,+3.584400E+04
13:37:54,0e0,+1.564967E+00,+2.682500E-05,+9.910000E+37,+1.184193E+03,+3.584400E+04,+1.566744E+00,+2.682500E-05,+9.910000E+37,+1.184260E+03,+3.584400E+04,+1.567339E+00,+2.682500E-05,+9.910000E+37,+1.184327E+03,+3.584400E+04,-9.420693E-03,+0.000000E+00,+9.910000E+37,+1.184393E+03,+3.584400E+04
13:37:54,0e0,+1.670370E+00,+2.993500E-05,+9.910000E+37,+1.184617E+03,+3.584400E+04,+1.669457E+00,+2.993500E-05,+9.910000E+37,+1.184683E+03,+3.584400E+04,+1.670369E+00,+2.993500E-05,+9.910000E+37,+1.184749E+03,+3.584400E+04,-1.001284E-02,+0.000000E+00,+9.910000E+37,+1.184817E+03,+3.584400E+04
13:37:54,0e0,+1.780098E+00,+3.340500E-05,+9.910000E+37,+1.185035E+03,+3.584400E+04,+1.780555E+00,+3.340500E-05,+9.910000E+37,+1.185103E+03,+3.584400E+04,+1.778778E+00,+3.340500E-05,+9.910000E+37,+1.185168E+03,+3.584400E+04,-9.238467E-03,+0.000000E+00,+9.910000E+37,+1.185238E+03,+3.584400E+04
13:37:54,0e0,+1.894286E+00,+3.727500E-05,+9.910000E+37,+1.185468E+03,+3.584400E+04,+1.891963E+00,+3.727500E-05,+9.910000E+37,+1.185533E+03,+3.584400E+04,+1.893743E+00,+3.727500E-05,+9.910000E+37,+1.185600E+03,+3.584400E+04,-9.511948E-03,+0.000000E+00,+9.910000E+37,+1.185667E+03,+3.584400E+04
13:37:54,0e0,+2.012392E+00,+4.159500E-05,+9.910000E+37,+1.185893E+03,+3.584400E+04,+2.011618E+00,+4.159500E-05,+9.910000E+37,+1.185959E+03,+3.584400E+04,+2.011300E+00,+4.159500E-05,+9.910000E+37,+1.186024E+03,+3.584400E+04,-9.420827E-03,+0.000000E+00,+9.910000E+37,+1.186092E+03,+3.584400E+04
13:37:54,0e0,+2.136008E+00,+4.641500E-05,+9.910000E+37,+1.186317E+03,+3.584400E+04,+2.135552E+00,+4.641500E-05,+9.910000E+37,+1.186384E+03,+3.584400E+04,+2.136739E+00,+4.641500E-05,+9.910000E+37,+1.186450E+03,+3.584400E+04,-8.737743E-03,+0.000000E+00,+9.910000E+37,+1.186517E+03,+3.584400E+04
13:37:54,0e0,+2.264994E+00,+5.179500E-05,+9.910000E+37,+1.186744E+03,+3.584400E+04,+2.264268E+00,+5.179500E-05,+9.910000E+37,+1.186810E+03,+3.584400E+04,+2.263171E+00,+5.179500E-05,+9.910000E+37,+1.186877E+03,+3.584400E+04,-9.648502E-03,+0.000000E+00,+9.910000E+37,+1.186943E+03,+3.584400E+04
13:37:54,0e0,+2.399305E+00,+5.779500E-05,+9.910000E+37,+1.187169E+03,+3.584400E+04,+2.399310E+00,+5.779500E-05,+9.910000E+37,+1.187235E+03,+3.584400E+04,+2.397989E+00,+5.779500E-05,+9.910000E+37,+1.187303E+03,+3.584400E+04,-1.024057E-02,+0.000000E+00,+9.910000E+37,+1.187368E+03,+3.584400E+04
13:37:54,0e0,+2.539357E+00,+6.449500E-05,+9.910000E+37,+1.187589E+03,+3.584400E+04,+2.539177E+00,+6.449500E-05,+9.910000E+37,+1.187655E+03,+3.584400E+04,+2.537718E+00,+6.449500E-05,+9.910000E+37,+1.187722E+03,+3.584400E+04,-9.420663E-03,+0.000000E+00,+9.910000E+37,+1.187790E+03,+3.584400E+04
13:37:54,0e0,+2.686693E+00,+7.197000E-05,+9.910000E+37,+1.188013E+03,+3.584400E+04,+2.683459E+00,+7.197000E-05,+9.910000E+37,+1.188080E+03,+3.584400E+04,+2.683825E+00,+7.197000E-05,+9.910000E+37,+1.188146E+03,+3.584400E+04,-9.421021E-03,+0.000000E+00,+9.910000E+37,+1.188214E+03,+3.584400E+04
13:37:54,0e0,+2.840995E+00,+8.031000E-05,+9.910000E+37,+1.188440E+03,+3.584400E+04,+2.837901E+00,+8.031000E-05,+9.910000E+37,+1.188507E+03,+3.584400E+04,+2.837855E+00,+8.031000E-05,+9.910000E+37,+1.188573E+03,+3.584400E+04,-9.238720E-03,+0.000000E+00,+9.910000E+37,+1.188640E+03,+3.584400E+04
13:37:54,0e0,+3.000528E+00,+8.961500E-05,+9.910000E+37,+1.188870E+03,+3.584400E+04,+2.998441E+00,+8.961500E-05,+9.910000E+37,+1.188936E+03,+3.584400E+04,+2.997393E+00,+8.961500E-05,+9.910000E+37,+1.189002E+03,+3.584400E+04,-1.001301E-02,+0.000000E+00,+9.910000E+37,+1.189069E+03,+3.584400E+04
13:37:54,0e0,+3.168224E+00,+1.000000E-04,+9.910000E+37,+1.189291E+03,+3.584400E+04,+3.164165E+00,+1.000000E-04,+9.910000E+37,+1.189357E+03,+3.584400E+04,+3.164853E+00,+1.000000E-04,+9.910000E+37,+1.189424E+03,+3.584400E+04,-8.145958E-03,+0.000000E+00,+9.910000E+37,+1.189491E+03,+3.584400E+04
13:37:54,0e0,+3.329716E+00,+1.116000E-04,+9.910000E+37,+1.189723E+03,+3.584400E+04,+3.327717E+00,+1.116000E-04,+9.910000E+37,+1.189790E+03,+3.584400E+04,+3.327581E+00,+1.116000E-04,+9.910000E+37,+1.189856E+03,+3.584400E+04,-1.543081E-02,+0.000000E+00,+9.910000E+37,+1.189924E+03,+3.584400E+04
13:37:54,0e0,+3.511335E+00,+1.245000E-04,+9.910000E+37,+1.190152E+03,+3.584400E+04,+3.506370E+00,+1.245000E-04,+9.910000E+37,+1.190219E+03,+3.584400E+04,+3.508379E+00,+1.245000E-04,+9.910000E+37,+1.190286E+03,+3.584400E+04,-1.547658E-02,+0.000000E+00,+9.910000E+37,+1.190352E+03,+3.584400E+04
13:37:54,0e0,+3.699051E+00,+1.389500E-04,+9.910000E+37,+1.190576E+03,+3.584400E+04,+3.696054E+00,+1.389500E-04,+9.910000E+37,+1.190643E+03,+3.584400E+04,+3.697239E+00,+1.389500E-04,+9.910000E+37,+1.190710E+03,+3.584400E+04,-1.620492E-02,+0.000000E+00,+9.910000E+37,+1.190777E+03,+3.584400E+04
13:37:54,0e0,+3.895569E+00,+1.550500E-04,+9.910000E+37,+1.191006E+03,+3.584400E+04,+3.891920E+00,+1.550500E-04,+9.910000E+37,+1.191072E+03,+3.584400E+04,+3.892382E+00,+1.550500E-04,+9.910000E+37,+1.191139E+03,+3.584400E+04,-1.552194E-02,+0.000000E+00,+9.910000E+37,+1.191206E+03,+3.584400E+04
13:37:54,0e0,+4.100093E+00,+1.730000E-04,+9.910000E+37,+1.191432E+03,+3.584400E+04,+4.096769E+00,+1.730000E-04,+9.910000E+37,+1.191499E+03,+3.584400E+04,+4.095354E+00,+1.730000E-04,+9.910000E+37,+1.191564E+03,+3.584400E+04,-1.738898E-02,+0.000000E+00,+9.910000E+37,+1.191632E+03,+3.584400E+04
13:37:54,0e0,+4.310529E+00,+1.930500E-04,+9.910000E+37,+1.191857E+03,+3.584400E+04,+4.305834E+00,+1.930500E-04,+9.910000E+37,+1.191925E+03,+3.584400E+04,+4.306340E+00,+1.930500E-04,+9.910000E+37,+1.191991E+03,+3.584400E+04,-1.579490E-02,+0.000000E+00,+9.910000E+37,+1.192058E+03,+3.584400E+04
13:37:54,0e0,+4.529711E+00,+2.154500E-04,+9.910000E+37,+1.192284E+03,+3.584400E+04,+4.525664E+00,+2.154500E-04,+9.910000E+37,+1.192351E+03,+3.584400E+04,+4.524241E+00,+2.154500E-04,+9.910000E+37,+1.192417E+03,+3.584400E+04,-1.588601E-02,+0.000000E+00,+9.910000E+37,+1.192484E+03,+3.584400E+04
13:37:54,0e0,+4.752583E+00,+2.404000E-04,+9.910000E+37,+1.192708E+03,+3.584400E+04,+4.748482E+00,+2.404000E-04,+9.910000E+37,+1.192773E+03,+3.584400E+04,+4.748712E+00,+2.404000E-04,+9.910000E+37,+1.192841E+03,+3.584400E+04,-1.629604E-02,+0.000000E+00,+9.910000E+37,+1.192906E+03,+3.584400E+04
13:37:54,0e0,+4.980871E+00,+2.682500E-04,+9.910000E+37,+1.193130E+03,+3.584400E+04,+4.976398E+00,+2.682500E-04,+9.910000E+37,+1.193197E+03,+3.584400E+04,+4.977727E+00,+2.682500E-04,+9.910000E+37,+1.193263E+03,+3.584400E+04,-1.638705E-02,+0.000000E+00,+9.910000E+37,+1.193329E+03,+3.584400E+04
13:37:54,0e0,+5.212386E+00,+2.993500E-04,+9.910000E+37,+1.193556E+03,+3.584400E+04,+5.209067E+00,+2.993500E-04,+9.910000E+37,+1.193623E+03,+3.584400E+04,+5.209108E+00,+2.993500E-04,+9.910000E+37,+1.193689E+03,+3.584400E+04,-1.656939E-02,+0.000000E+00,+9.910000E+37,+1.193756E+03,+3.584400E+04
13:37:54,0e0,+5.444725E+00,+3.340500E-04,+9.910000E+37,+1.193986E+03,+3.584400E+04,+5.441675E+00,+3.340500E-04,+9.910000E+37,+1.194054E+03,+3.584400E+04,+5.441902E+00,+3.340500E-04,+9.910000E+37,+1.194120E+03,+3.584400E+04,-1.552205E-02,+0.000000E+00,+9.910000E+37,+1.194187E+03,+3.584400E+04
13:37:54,0e0,+5.675934E+00,+3.727500E-04,+9.910000E+37,+1.194414E+03,+3.584400E+04,+5.673835E+00,+3.727500E-04,+9.910000E+37,+1.194481E+03,+3.584400E+04,+5.673933E+00,+3.727500E-04,+9.910000E+37,+1.194548E+03,+3.584400E+04,-1.347286E-02,+0.000000E+00,+9.910000E+37,+1.194614E+03,+3.584400E+04
13:37:54,0e0,+5.899842E+00,+4.159500E-04,+9.910000E+37,+1.194839E+03,+3.584400E+04,+5.898195E+00,+4.159500E-04,+9.910000E+37,+1.194904E+03,+3.584400E+04,+5.900392E+00,+4.159500E-04,+9.910000E+37,+1.194971E+03,+3.584400E+04,-1.611407E-02,+0.000000E+00,+9.910000E+37,+1.195038E+03,+3.584400E+04
13:37:54,0e0,+6.118210E+00,+4.641500E-04,+9.910000E+37,+1.195265E+03,+3.584400E+04,+6.117246E+00,+4.641500E-04,+9.910000E+37,+1.195330E+03,+3.584400E+04,+6.116937E+00,+4.641500E-04,+9.910000E+37,+1.195397E+03,+3.584400E+04,-1.474789E-02,+0.000000E+00,+9.910000E+37,+1.195464E+03,+3.584400E+04
13:37:54,0e0,+6.323550E+00,+5.179500E-04,+9.910000E+37,+1.195692E+03,+3.584400E+04,+6.324970E+00,+5.179500E-04,+9.910000E+37,+1.195760E+03,+3.584400E+04,+6.323821E+00,+5.179500E-04,+9.910000E+37,+1.195825E+03,+3.584400E+04,-1.561302E-02,+0.000000E+00,+9.910000E+37,+1.195893E+03,+3.584400E+04
13:37:54,0e0,+6.519694E+00,+5.779500E-04,+9.910000E+37,+1.196122E+03,+3.584400E+04,+6.520103E+00,+5.779500E-04,+9.910000E+37,+1.196187E+03,+3.584400E+04,+6.519561E+00,+5.779500E-04,+9.910000E+37,+1.196255E+03,+3.584400E+04,-1.625068E-02,+0.000000E+00,+9.910000E+37,+1.196322E+03,+3.584400E+04
13:37:54,0e0,+6.703323E+00,+6.449500E-04,+9.910000E+37,+1.196545E+03,+3.584400E+04,+6.705282E+00,+6.449500E-04,+9.910000E+37,+1.196611E+03,+3.584400E+04,+6.703548E+00,+6.449500E-04,+9.910000E+37,+1.196679E+03,+3.584400E+04,-1.543096E-02,+0.000000E+00,+9.910000E+37,+1.196746E+03,+3.584400E+04
13:37:54,0e0,+6.877010E+00,+7.197000E-04,+9.910000E+37,+1.196979E+03,+3.584400E+04,+6.880476E+00,+7.197000E-04,+9.910000E+37,+1.197046E+03,+3.584400E+04,+6.878425E+00,+7.197000E-04,+9.910000E+37,+1.197112E+03,+3.584400E+04,-1.565866E-02,+0.000000E+00,+9.910000E+37,+1.197180E+03,+3.584400E+04
13:37:54,0e0,+7.044936E+00,+8.031000E-04,+9.910000E+37,+1.197410E+03,+3.584400E+04,+7.046794E+00,+8.031000E-04,+9.910000E+37,+1.197476E+03,+3.584400E+04,+7.044704E+00,+8.031000E-04,+9.910000E+37,+1.197543E+03,+3.584400E+04,-1.497547E-02,+0.000000E+00,+9.910000E+37,+1.197609E+03,+3.584400E+04
13:37:54,0e0,+7.204195E+00,+8.961500E-04,+9.910000E+37,+1.197848E+03,+3.584400E+04,+7.209021E+00,+8.961500E-04,+9.910000E+37,+1.197914E+03,+3.584400E+04,+7.207431E+00,+8.961500E-04,+9.910000E+37,+1.197980E+03,+3.584400E+04,-1.602286E-02,+0.000000E+00,+9.910000E+37,+1.198047E+03,+3.584400E+04
13:37:54,0e0,+7.359271E+00,+1.000000E-03,+9.910000E+37,+1.198271E+03,+3.584400E+04,+7.361229E+00,+1.000000E-03,+9.910000E+37,+1.198339E+03,+3.584400E+04,+7.360594E+00,+1.000000E-03,+9.910000E+37,+1.198405E+03,+3.584400E+04,-1.483896E-02,+0.000000E+00,+9.910000E+37,+1.198472E+03,+3.584400E+04
13:37:54,0e0,+7.496686E+00,+1.116000E-03,+9.910000E+37,+1.198701E+03,+3.584400E+04,+7.499282E+00,+1.116000E-03,+9.910000E+37,+1.198768E+03,+3.584400E+04,+7.498837E+00,+1.116000E-03,+9.910000E+37,+1.198835E+03,+3.584400E+04,-1.577583E-01,+0.000000E+00,+9.910000E+37,+1.198901E+03,+3.584400E+04
13:37:54,0e0,+7.641335E+00,+1.245000E-03,+9.910000E+37,+1.199121E+03,+3.584400E+04,+7.646172E+00,+1.245000E-03,+9.910000E+37,+1.199188E+03,+3.584400E+04,+7.644071E+00,+1.245000E-03,+9.910000E+37,+1.199254E+03,+3.584400E+04,-1.585322E-01,+0.000000E+00,+9.910000E+37,+1.199320E+03,+3.584400E+04
13:37:54,0e0,+7.786486E+00,+1.389500E-03,+9.910000E+37,+1.199552E+03,+3.584400E+04,+7.790730E+00,+1.389500E-03,+9.910000E+37,+1.199619E+03,+3.584400E+04,+7.788057E+00,+1.389500E-03,+9.910000E+37,+1.199685E+03,+3.584400E+04,-1.527955E-01,+0.000000E+00,+9.910000E+37,+1.199751E+03,+3.584400E+04
13:37:54,0e0,+7.931171E+00,+1.550500E-03,+9.910000E+37,+1.199986E+03,+3.584400E+04,+7.935178E+00,+1.550500E-03,+9.910000E+37,+1.200054E+03,+3.584400E+04,+7.936112E+00,+1.550500E-03,+9.910000E+37,+1.200119E+03,+3.584400E+04,-1.525679E-01,+0.000000E+00,+9.910000E+37,+1.200186E+03,+3.584400E+04
13:37:54,0e0,+8.078650E+00,+1.730000E-03,+9.910000E+37,+1.200414E+03,+3.584400E+04,+8.081795E+00,+1.730000E-03,+9.910000E+37,+1.200480E+03,+3.584400E+04,+8.080289E+00,+1.730000E-03,+9.910000E+37,+1.200547E+03,+3.584400E+04,-1.508376E-01,+0.000000E+00,+9.910000E+37,+1.200613E+03,+3.584400E+04
13:37:54,0e0,+8.224069E+00,+1.930500E-03,+9.910000E+37,+1.200836E+03,+3.584400E+04,+8.228120E+00,+1.930500E-03,+9.910000E+37,+1.200902E+03,+3.584400E+04,+8.226650E+00,+1.930500E-03,+9.910000E+37,+1.200969E+03,+3.584400E+04,-1.547077E-01,+0.000000E+00,+9.910000E+37,+1.201036E+03,+3.584400E+04
13:37:54,0e0,+8.373699E+00,+2.154500E-03,+9.910000E+37,+1.201264E+03,+3.584400E+04,+8.377046E+00,+2.154500E-03,+9.910000E+37,+1.201330E+03,+3.584400E+04,+8.377555E+00,+2.154500E-03,+9.910000E+37,+1.201397E+03,+3.584400E+04,-1.515661E-01,+0.000000E+00,+9.910000E+37,+1.201464E+03,+3.584400E+04
13:37:54,0e0,+8.524344E+00,+2.404000E-03,+9.910000E+37,+1.201693E+03,+3.584400E+04,+8.530032E+00,+2.404000E-03,+9.910000E+37,+1.201760E+03,+3.584400E+04,+8.529166E+00,+2.404000E-03,+9.910000E+37,+1.201826E+03,+3.584400E+04,-1.523857E-01,+0.000000E+00,+9.910000E+37,+1.201893E+03,+3.584400E+04
13:37:54,0e0,+8.678053E+00,+2.682500E-03,+9.910000E+37,+1.202124E+03,+3.584400E+04,+8.684346E+00,+2.682500E-03,+9.910000E+37,+1.202191E+03,+3.584400E+04,+8.682025E+00,+2.682500E-03,+9.910000E+37,+1.202258E+03,+3.584400E+04,-1.443268E-01,+0.000000E+00,+9.910000E+37,+1.202324E+03,+3.584400E+04
13:37:54,0e0,+8.836540E+00,+2.993500E-03,+9.910000E+37,+1.202552E+03,+3.584400E+04,+8.841517E+00,+2.993500E-03,+9.910000E+37,+1.202618E+03,+3.584400E+04,+8.838318E+00,+2.993500E-03,+9.910000E+37,+1.202685E+03,+3.584400E+04,-1.440537E-01,+0.000000E+00,+9.910000E+37,+1.202751E+03,+3.584400E+04
13:37:54,0e0,+8.995622E+00,+3.340500E-03,+9.910000E+37,+1.202984E+03,+3.584400E+04,+9.001906E+00,+3.340500E-03,+9.910000E+37,+1.203052E+03,+3.584400E+04,+9.000035E+00,+3.340500E-03,+9.910000E+37,+1.203117E+03,+3.584400E+04,-1.415952E-01,+0.000000E+00,+9.910000E+37,+1.203184E+03,+3.584400E+04
13:37:54,0e0,+9.159960E+00,+3.727500E-03,+9.910000E+37,+1.203416E+03,+3.584400E+04,+9.166556E+00,+3.727500E-03,+9.910000E+37,+1.203483E+03,+3.584400E+04,+9.162842E+00,+3.727500E-03,+9.910000E+37,+1.203550E+03,+3.584400E+04,-1.386357E-01,+0.000000E+00,+9.910000E+37,+1.203615E+03,+3.584400E+04
13:37:54,0e0,+9.328616E+00,+4.159500E-03,+9.910000E+37,+1.203842E+03,+3.584400E+04,+9.333262E+00,+4.159500E-03,+9.910000E+37,+1.203908E+03,+3.584400E+04,+9.334917E+00,+4.159500E-03,+9.910000E+37,+1.203974E+03,+3.584400E+04,-1.375428E-01,+0.000000E+00,+9.910000E+37,+1.204040E+03,+3.584400E+04
13:37:54,0e0,+9.504236E+00,+4.641500E-03,+9.910000E+37,+1.204272E+03,+3.584400E+04,+9.509068E+00,+4.641500E-03,+9.910000E+37,+1.204339E+03,+3.584400E+04,+9.508990E+00,+4.641500E-03,+9.910000E+37,+1.204406E+03,+3.584400E+04,-1.311230E-01,+0.000000E+00,+9.910000E+37,+1.204474E+03,+3.584400E+04
13:37:54,0e0,+9.684735E+00,+5.179500E-03,+9.910000E+37,+1.204694E+03,+3.584400E+04,+9.690884E+00,+5.179500E-03,+9.910000E+37,+1.204761E+03,+3.584400E+04,+9.689101E+00,+5.179500E-03,+9.910000E+37,+1.204828E+03,+3.584400E+04,-1.263880E-01,+0.000000E+00,+9.910000E+37,+1.204895E+03,+3.584400E+04
13:37:54,0e0,+9.871165E+00,+5.779500E-03,+9.910000E+37,+1.205126E+03,+3.584400E+04,+9.877180E+00,+5.779500E-03,+9.910000E+37,+1.205192E+03,+3.584400E+04,+9.874804E+00,+5.779500E-03,+9.910000E+37,+1.205259E+03,+3.584400E+04,-1.294842E-01,+0.000000E+00,+9.910000E+37,+1.205325E+03,+3.584400E+04
13:37:54,0e0,+1.006178E+01,+6.449500E-03,+9.910000E+37,+1.205549E+03,+3.584400E+04,+1.006878E+01,+6.449500E-03,+9.910000E+37,+1.205614E+03,+3.584400E+04,+1.006646E+01,+6.449500E-03,+9.910000E+37,+1.205682E+03,+3.584400E+04,-1.230642E-01,+0.000000E+00,+9.910000E+37,+1.205747E+03,+3.584400E+04
13:37:54,0e0,+1.026233E+01,+7.197000E-03,+9.910000E+37,+1.205972E+03,+3.584400E+04,+1.026463E+01,+7.197000E-03,+9.910000E+37,+1.206038E+03,+3.584400E+04,+1.026203E+01,+7.197000E-03,+9.910000E+37,+1.206105E+03,+3.584400E+04,-1.183293E-01,+0.000000E+00,+9.910000E+37,+1.206171E+03,+3.584400E+04
13:37:54,0e0,+1.046406E+01,+8.031000E-03,+9.910000E+37,+1.206393E+03,+3.584400E+04,+1.046678E+01,+8.031000E-03,+9.910000E+37,+1.206460E+03,+3.584400E+04,+1.046495E+01,+8.031000E-03,+9.910000E+37,+1.206527E+03,+3.584400E+04,-1.114543E-01,+0.000000E+00,+9.910000E+37,+1.206593E+03,+3.584400E+04
13:37:54,0e0,+1.067295E+01,+8.961500E-03,+9.910000E+37,+1.206823E+03,+3.584400E+04,+1.067514E+01,+8.961500E-03,+9.910000E+37,+1.206889E+03,+3.584400E+04,+1.067151E+01,+8.961500E-03,+9.910000E+37,+1.206955E+03,+3.584400E+04,-1.066734E-01,+0.000000E+00,+9.910000E+37,+1.207021E+03,+3.584400E+04
