13:39:32,0e0,+8.653998E-03,+1.000000E-07,+9.910000E+37,+1.257495E+03,+3.584400E+04,+8.744568E-03,+1.000000E-07,+9.910000E+37,+1.257562E+03,+3.584400E+04,+8.790448E-03,+1.000000E-07,+9.910000E+37,+1.257628E+03,+3.584400E+04,-7.463753E-03,+0.000000E+00,+9.910000E+37,+1.257695E+03,+3.584400E+04
13:39:32,0e0,+1.093067E-02,+1.116000E-07,+9.910000E+37,+1.257919E+03,+3.584400E+04,+1.083930E-02,+1.116000E-07,+9.910000E+37,+1.257986E+03,+3.584400E+04,+1.247838E-02,+1.116000E-07,+9.910000E+37,+1.258054E+03,+3.584400E+04,-7.372618E-03,+0.000000E+00,+9.910000E+37,+1.258119E+03,+3.584400E+04
13:39:32,0e0,+1.343457E-02,+1.245000E-07,+9.910000E+37,+1.258348E+03,+3.584400E+04,+1.220489E-02,+1.245000E-07,+9.910000E+37,+1.258414E+03,+3.584400E+04,+1.370777E-02,+1.245000E-07,+9.910000E+37,+1.258480E+03,+3.584400E+04,-8.283302E-03,+0.000000E+00,+9.910000E+37,+1.258548E+03,+3.584400E+04
13:39:32,0e0,+1.593901E-02,+1.389500E-07,+9.910000E+37,+1.258771E+03,+3.584400E+04,+1.730467E-02,+1.389500E-07,+9.910000E+37,+1.258839E+03,+3.584400E+04,+1.457259E-02,+1.389500E-07,+9.910000E+37,+1.258906E+03,+3.584400E+04,-8.374318E-03,+0.000000E+00,+9.910000E+37,+1.258972E+03,+3.584400E+04
13:39:32,0e0,+1.798744E-02,+1.550500E-07,+9.910000E+37,+1.259198E+03,+3.584400E+04,+1.826100E-02,+1.550500E-07,+9.910000E+37,+1.259265E+03,+3.584400E+04,+1.794195E-02,+1.550500E-07,+9.910000E+37,+1.259332E+03,+3.584400E+04,-8.100972E-03,+0.000000E+00,+9.910000E+37,+1.259398E+03,+3.584400E+04
13:39:32,0e0,+2.131110E-02,+1.730000E-07,+9.910000E+37,+1.259625E+03,+3.584400E+04,+2.067353E-02,+1.730000E-07,+9.910000E+37,+1.259691E+03,+3.584400E+04,+2.299578E-02,+1.730000E-07,+9.910000E+37,+1.259758E+03,+3.584400E+04,-8.329093E-03,+0.000000E+00,+9.910000E+37,+1.259824E+03,+3.584400E+04
13:39:32,0e0,+2.413385E-02,+1.930500E-07,+9.910000E+37,+1.260053E+03,+3.584400E+04,+2.527219E-02,+1.930500E-07,+9.910000E+37,+1.260120E+03,+3.584400E+04,+2.522676E-02,+1.930500E-07,+9.910000E+37,+1.260188E+03,+3.584400E+04,-8.556888E-03,+0.000000E+00,+9.910000E+37,+1.260254E+03,+3.584400E+04
13:39:32,0e0,+2.823216E-02,+2.154500E-07,+9.910000E+37,+1.260477E+03,+3.584400E+04,+2.877793E-02,+2.154500E-07,+9.910000E+37,+1.260543E+03,+3.584400E+04,+2.855060E-02,+2.154500E-07,+9.910000E+37,+1.260609E+03,+3.584400E+04,-8.465618E-03,+0.000000E+00,+9.910000E+37,+1.260676E+03,+3.584400E+04
13:39:32,0e0,+3.255713E-02,+2.404000E-07,+9.910000E+37,+1.260908E+03,+3.584400E+04,+3.260255E-02,+2.404000E-07,+9.910000E+37,+1.260976E+03,+3.584400E+04,+3.191957E-02,+2.404000E-07,+9.910000E+37,+1.261041E+03,+3.584400E+04,-6.781101E-03,+0.000000E+00,+9.910000E+37,+1.261108E+03,+3.584400E+04
13:39:32,0e0,+3.619933E-02,+2.682500E-07,+9.910000E+37,+1.261334E+03,+3.584400E+04,+3.697348E-02,+2.682500E-07,+9.910000E+37,+1.261401E+03,+3.584400E+04,+3.619900E-02,+2.682500E-07,+9.910000E+37,+1.261468E+03,+3.584400E+04,-8.829802E-03,+0.000000E+00,+9.910000E+37,+1.261535E+03,+3.584400E+04
13:39:32,0e0,+4.111701E-02,+2.993500E-07,+9.910000E+37,+1.261767E+03,+3.584400E+04,+4.157177E-02,+2.993500E-07,+9.910000E+37,+1.261833E+03,+3.584400E+04,+4.107115E-02,+2.993500E-07,+9.910000E+37,+1.261899E+03,+3.584400E+04,-6.143451E-03,+0.000000E+00,+9.910000E+37,+1.261966E+03,+3.584400E+04
13:39:32,0e0,+4.525927E-02,+3.340500E-07,+9.910000E+37,+1.262194E+03,+3.584400E+04,+4.712686E-02,+3.340500E-07,+9.910000E+37,+1.262262E+03,+3.584400E+04,+4.644328E-02,+3.340500E-07,+9.910000E+37,+1.262328E+03,+3.584400E+04,-7.691398E-03,+0.000000E+00,+9.910000E+37,+1.262396E+03,+3.584400E+04
13:39:32,0e0,+5.422938E-02,+3.727500E-07,+9.910000E+37,+1.262620E+03,+3.584400E+04,+5.404723E-02,+3.727500E-07,+9.910000E+37,+1.262687E+03,+3.584400E+04,+5.327296E-02,+3.727500E-07,+9.910000E+37,+1.262754E+03,+3.584400E+04,-9.284973E-03,+0.000000E+00,+9.910000E+37,+1.262820E+03,+3.584400E+04
13:39:32,0e0,+6.010330E-02,+4.159500E-07,+9.910000E+37,+1.263045E+03,+3.584400E+04,+5.891907E-02,+4.159500E-07,+9.910000E+37,+1.263111E+03,+3.584400E+04,+5.919212E-02,+4.159500E-07,+9.910000E+37,+1.263178E+03,+3.584400E+04,-7.372335E-03,+0.000000E+00,+9.910000E+37,+1.263244E+03,+3.584400E+04
13:39:32,0e0,+6.497416E-02,+4.641500E-07,+9.910000E+37,+1.263479E+03,+3.584400E+04,+6.556615E-02,+4.641500E-07,+9.910000E+37,+1.263545E+03,+3.584400E+04,+6.552142E-02,+4.641500E-07,+9.910000E+37,+1.263612E+03,+3.584400E+04,-6.462216E-03,+0.000000E+00,+9.910000E+37,+1.263679E+03,+3.584400E+04
13:39:32,0e0,+7.353428E-02,+5.179500E-07,+9.910000E+37,+1.263904E+03,+3.584400E+04,+7.307908E-02,+5.179500E-07,+9.910000E+37,+1.263971E+03,+3.584400E+04,+7.371596E-02,+5.179500E-07,+9.910000E+37,+1.264037E+03,+3.584400E+04,-7.190913E-03,+0.000000E+00,+9.910000E+37,+1.264104E+03,+3.584400E+04
13:39:32,0e0,+8.159280E-02,+5.779500E-07,+9.910000E+37,+1.264346E+03,+3.584400E+04,+8.177486E-02,+5.779500E-07,+9.910000E+37,+1.264412E+03,+3.584400E+04,+8.172962E-02,+5.779500E-07,+9.910000E+37,+1.264479E+03,+3.584400E+04,-7.327273E-03,+0.000000E+00,+9.910000E+37,+1.264544E+03,+3.584400E+04
13:39:32,0e0,+9.001592E-02,+6.449500E-07,+9.910000E+37,+1.264768E+03,+3.584400E+04,+9.074438E-02,+6.449500E-07,+9.910000E+37,+1.264835E+03,+3.584400E+04,+9.165531E-02,+6.449500E-07,+9.910000E+37,+1.264902E+03,+3.584400E+04,-7.828251E-03,+0.000000E+00,+9.910000E+37,+1.264968E+03,+3.584400E+04
13:39:32,0e0,+1.010341E-01,+7.197000E-07,+9.910000E+37,+1.265194E+03,+3.584400E+04,+1.010342E-01,+7.197000E-07,+9.910000E+37,+1.265262E+03,+3.584400E+04,+1.015355E-01,+7.197000E-07,+9.910000E+37,+1.265327E+03,+3.584400E+04,-6.598830E-03,+0.000000E+00,+9.910000E+37,+1.265394E+03,+3.584400E+04
13:39:32,0e0,+1.122801E-01,+8.031000E-07,+9.910000E+37,+1.265616E+03,+3.584400E+04,+1.108684E-01,+8.031000E-07,+9.910000E+37,+1.265684E+03,+3.584400E+04,+1.121437E-01,+8.031000E-07,+9.910000E+37,+1.265749E+03,+3.584400E+04,-7.873952E-03,+0.000000E+00,+9.910000E+37,+1.265815E+03,+3.584400E+04
13:39:32,0e0,+1.223872E-01,+8.961500E-07,+9.910000E+37,+1.266047E+03,+3.584400E+04,+1.234805E-01,+8.961500E-07,+9.910000E+37,+1.266113E+03,+3.584400E+04,+1.236633E-01,+8.961500E-07,+9.910000E+37,+1.266180E+03,+3.584400E+04,-7.008657E-03,+0.000000E+00,+9.910000E+37,+1.266246E+03,+3.584400E+04
13:39:32,0e0,+1.351811E-01,+1.000000E-06,+9.910000E+37,+1.266476E+03,+3.584400E+04,+1.368663E-01,+1.000000E-06,+9.910000E+37,+1.266542E+03,+3.584400E+04,+1.355914E-01,+1.000000E-06,+9.910000E+37,+1.266608E+03,+3.584400E+04,-7.646039E-03,+0.000000E+00,+9.910000E+37,+1.266674E+03,+3.584400E+04
13:39:32,0e0,+1.362284E-01,+1.116000E-06,+9.910000E+37,+1.266901E+03,+3.584400E+04,+1.383235E-01,+1.116000E-06,+9.910000E+37,+1.266969E+03,+3.584400E+04,+1.376857E-01,+1.116000E-06,+9.910000E+37,+1.267034E+03,+3.584400E+04,-7.782847E-03,+0.000000E+00,+9.910000E+37,+1.267101E+03,+3.584400E+04
13:39:32,0e0,+1.510260E-01,+1.245000E-06,+9.910000E+37,+1.267329E+03,+3.584400E+04,+1.499786E-01,+1.245000E-06,+9.910000E+37,+1.267396E+03,+3.584400E+04,+1.499782E-01,+1.245000E-06,+9.910000E+37,+1.267462E+03,+3.584400E+04,-8.101314E-03,+0.000000E+00,+9.910000E+37,+1.267528E+03,+3.584400E+04
13:39:32,0e0,+1.655962E-01,+1.389500E-06,+9.910000E+37,+1.267773E+03,+3.584400E+04,+1.660966E-01,+1.389500E-06,+9.910000E+37,+1.267841E+03,+3.584400E+04,+1.654132E-01,+1.389500E-06,+9.910000E+37,+1.267908E+03,+3.584400E+04,-9.148866E-03,+0.000000E+00,+9.910000E+37,+1.267974E+03,+3.584400E+04
13:39:32,0e0,+1.811214E-01,+1.550500E-06,+9.910000E+37,+1.268199E+03,+3.584400E+04,+1.825783E-01,+1.550500E-06,+9.910000E+37,+1.268267E+03,+3.584400E+04,+1.822601E-01,+1.550500E-06,+9.910000E+37,+1.268332E+03,+3.584400E+04,-8.374617E-03,+0.000000E+00,+9.910000E+37,+1.268398E+03,+3.584400E+04
13:39:32,0e0,+1.998345E-01,+1.730000E-06,+9.910000E+37,+1.268622E+03,+3.584400E+04,+1.987870E-01,+1.730000E-06,+9.910000E+37,+1.268689E+03,+3.584400E+04,+1.980584E-01,+1.730000E-06,+9.910000E+37,+1.268757E+03,+3.584400E+04,-7.646278E-03,+0.000000E+00,+9.910000E+37,+1.268824E+03,+3.584400E+04
13:39:32,0e0,+2.171809E-01,+1.930500E-06,+9.910000E+37,+1.269049E+03,+3.584400E+04,+2.170897E-01,+1.930500E-06,+9.910000E+37,+1.269114E+03,+3.584400E+04,+2.170444E-01,+1.930500E-06,+9.910000E+37,+1.269181E+03,+3.584400E+04,-8.784562E-03,+0.000000E+00,+9.910000E+37,+1.269247E+03,+3.584400E+04
13:39:32,0e0,+2.359847E-01,+2.154500E-06,+9.910000E+37,+1.269477E+03,+3.584400E+04,+2.363944E-01,+2.154500E-06,+9.910000E+37,+1.269542E+03,+3.584400E+04,+2.370772E-01,+2.154500E-06,+9.910000E+37,+1.269608E+03,+3.584400E+04,-8.055747E-03,+0.000000E+00,+9.910000E+37,+1.269676E+03,+3.584400E+04
13:39:32,0e0,+2.581585E-01,+2.404000E-06,+9.910000E+37,+1.269899E+03,+3.584400E+04,+2.585227E-01,+2.404000E-06,+9.910000E+37,+1.269967E+03,+3.584400E+04,+2.571563E-01,+2.404000E-06,+9.910000E+37,+1.270032E+03,+3.584400E+04,-8.556694E-03,+0.000000E+00,+9.910000E+37,+1.270100E+03,+3.584400E+04
13:39:32,0e0,+2.804675E-01,+2.682500E-06,+9.910000E+37,+1.270325E+03,+3.584400E+04,+2.813786E-01,+2.682500E-06,+9.910000E+37,+1.270392E+03,+3.584400E+04,+2.815146E-01,+2.682500E-06,+9.910000E+37,+1.270459E+03,+3.584400E+04,-9.421974E-03,+0.000000E+00,+9.910000E+37,+1.270526E+03,+3.584400E+04
13:39:32,0e0,+3.060095E-01,+2.993500E-06,+9.910000E+37,+1.270752E+03,+3.584400E+04,+3.060557E-01,+2.993500E-06,+9.910000E+37,+1.270819E+03,+3.584400E+04,+3.064651E-01,+2.993500E-06,+9.910000E+37,+1.270886E+03,+3.584400E+04,-8.056074E-03,+0.000000E+00,+9.910000E+37,+1.270952E+03,+3.584400E+04
13:39:32,0e0,+3.320530E-01,+3.340500E-06,+9.910000E+37,+1.271176E+03,+3.584400E+04,+3.324627E-01,+3.340500E-06,+9.910000E+37,+1.271242E+03,+3.584400E+04,+3.333282E-01,+3.340500E-06,+9.910000E+37,+1.271308E+03,+3.584400E+04,-7.828131E-03,+0.000000E+00,+9.910000E+37,+1.271374E+03,+3.584400E+04
13:39:32,0e0,+3.614209E-01,+3.727500E-06,+9.910000E+37,+1.271604E+03,+3.584400E+04,+3.620124E-01,+3.727500E-06,+9.910000E+37,+1.271670E+03,+3.584400E+04,+3.620118E-01,+3.727500E-06,+9.910000E+37,+1.271736E+03,+3.584400E+04,-8.101359E-03,+0.000000E+00,+9.910000E+37,+1.271804E+03,+3.584400E+04
13:39:32,0e0,+3.929725E-01,+4.159500E-06,+9.910000E+37,+1.272037E+03,+3.584400E+04,+3.921978E-01,+4.159500E-06,+9.910000E+37,+1.272104E+03,+3.584400E+04,+3.920618E-01,+4.159500E-06,+9.910000E+37,+1.272170E+03,+3.584400E+04,-7.008702E-03,+0.000000E+00,+9.910000E+37,+1.272237E+03,+3.584400E+04
13:39:32,0e0,+4.257542E-01,+4.641500E-06,+9.910000E+37,+1.272469E+03,+3.584400E+04,+4.251160E-01,+4.641500E-06,+9.910000E+37,+1.272535E+03,+3.584400E+04,+4.253454E-01,+4.641500E-06,+9.910000E+37,+1.272601E+03,+3.584400E+04,-8.875594E-03,+0.000000E+00,+9.910000E+37,+1.272667E+03,+3.584400E+04
13:39:32,0e0,+4.612222E-01,+5.179500E-06,+9.910000E+37,+1.272899E+03,+3.584400E+04,+4.599927E-01,+5.179500E-06,+9.910000E+37,+1.272965E+03,+3.584400E+04,+4.610844E-01,+5.179500E-06,+9.910000E+37,+1.273031E+03,+3.584400E+04,-7.873610E-03,+0.000000E+00,+9.910000E+37,+1.273099E+03,+3.584400E+04
13:39:32,0e0,+4.982843E-01,+5.779500E-06,+9.910000E+37,+1.273330E+03,+3.584400E+04,+4.978279E-01,+5.779500E-06,+9.910000E+37,+1.273396E+03,+3.584400E+04,+4.991935E-01,+5.779500E-06,+9.910000E+37,+1.273463E+03,+3.584400E+04,-7.918984E-03,+0.000000E+00,+9.910000E+37,+1.273529E+03,+3.584400E+04
13:39:32,0e0,+5.398067E-01,+6.449500E-06,+9.910000E+37,+1.273761E+03,+3.584400E+04,+5.383953E-01,+6.449500E-06,+9.910000E+37,+1.273828E+03,+3.584400E+04,+5.376207E-01,+6.449500E-06,+9.910000E+37,+1.273895E+03,+3.584400E+04,-8.147061E-03,+0.000000E+00,+9.910000E+37,+1.273961E+03,+3.584400E+04
13:39:32,0e0,+5.817398E-01,+7.197000E-06,+9.910000E+37,+1.274190E+03,+3.584400E+04,+5.815580E-01,+7.197000E-06,+9.910000E+37,+1.274257E+03,+3.584400E+04,+5.817403E-01,+7.197000E-06,+9.910000E+37,+1.274324E+03,+3.584400E+04,-8.237660E-03,+0.000000E+00,+9.910000E+37,+1.274392E+03,+3.584400E+04
13:39:32,0e0,+6.245822E-01,+8.031000E-06,+9.910000E+37,+1.274617E+03,+3.584400E+04,+6.276789E-01,+8.031000E-06,+9.910000E+37,+1.274684E+03,+3.584400E+04,+6.266310E-01,+8.031000E-06,+9.910000E+37,+1.274751E+03,+3.584400E+04,-8.328706E-03,+0.000000E+00,+9.910000E+37,+1.274818E+03,+3.584400E+04
13:39:32,0e0,+6.753025E-01,+8.961500E-06,+9.910000E+37,+1.275049E+03,+3.584400E+04,+6.765804E-01,+8.961500E-06,+9.910000E+37,+1.275116E+03,+3.584400E+04,+6.758958E-01,+8.961500E-06,+9.910000E+37,+1.275183E+03,+3.584400E+04,-8.192316E-03,+0.000000E+00,+9.910000E+37,+1.275250E+03,+3.584400E+04
13:39:32,0e0,+7.259315E-01,+1.000000E-05,+9.910000E+37,+1.275481E+03,+3.584400E+04,+7.271629E-01,+1.000000E-05,+9.910000E+37,+1.275548E+03,+3.584400E+04,+7.272985E-01,+1.000000E-05,+9.910000E+37,+1.275615E+03,+3.584400E+04,-7.873818E-03,+0.000000E+00,+9.910000E+37,+1.275681E+03,+3.584400E+04
13:39:32,0e0,+7.672270E-01,+1.116000E-05,+9.910000E+37,+1.275898E+03,+3.584400E+04,+7.685050E-01,+1.116000E-05,+9.910000E+37,+1.275966E+03,+3.584400E+04,+7.683663E-01,+1.116000E-05,+9.910000E+37,+1.276031E+03,+3.584400E+04,-9.194046E-03,+0.000000E+00,+9.910000E+37,+1.276099E+03,+3.584400E+04
13:39:32,0e0,+8.254174E-01,+1.245000E-05,+9.910000E+37,+1.276328E+03,+3.584400E+04,+8.220922E-01,+1.245000E-05,+9.910000E+37,+1.276395E+03,+3.584400E+04,+8.241867E-01,+1.245000E-05,+9.910000E+37,+1.276462E+03,+3.584400E+04,-9.740815E-03,+0.000000E+00,+9.910000E+37,+1.276527E+03,+3.584400E+04
13:39:32,0e0,+8.820102E-01,+1.389500E-05,+9.910000E+37,+1.276746E+03,+3.584400E+04,+8.822383E-01,+1.389500E-05,+9.910000E+37,+1.276813E+03,+3.584400E+04,+8.807342E-01,+1.389500E-05,+9.910000E+37,+1.276880E+03,+3.584400E+04,-1.051489E-02,+0.000000E+00,+9.910000E+37,+1.276947E+03,+3.584400E+04
13:39:32,0e0,+9.428854E-01,+1.550500E-05,+9.910000E+37,+1.277167E+03,+3.584400E+04,+9.440689E-01,+1.550500E-05,+9.910000E+37,+1.277234E+03,+3.584400E+04,+9.410627E-01,+1.550500E-05,+9.910000E+37,+1.277300E+03,+3.584400E+04,-9.285167E-03,+0.000000E+00,+9.910000E+37,+1.277369E+03,+3.584400E+04
13:39:32,0e0,+1.006581E+00,+1.730000E-05,+9.910000E+37,+1.277593E+03,+3.584400E+04,+1.005900E+00,+1.730000E-05,+9.910000E+37,+1.277660E+03,+3.584400E+04,+1.007126E+00,+1.730000E-05,+9.910000E+37,+1.277726E+03,+3.584400E+04,-9.694770E-03,+0.000000E+00,+9.910000E+37,+1.277795E+03,+3.584400E+04
13:39:32,0e0,+1.072097E+00,+1.930500E-05,+9.910000E+37,+1.278017E+03,+3.584400E+04,+1.073421E+00,+1.930500E-05,+9.910000E+37,+1.278083E+03,+3.584400E+04,+1.072783E+00,+1.930500E-05,+9.910000E+37,+1.278150E+03,+3.584400E+04,-9.239614E-03,+0.000000E+00,+9.910000E+37,+1.278218E+03,+3.584400E+04
13:39:32,0e0,+1.140754E+00,+2.154500E-05,+9.910000E+37,+1.278442E+03,+3.584400E+04,+1.142716E+00,+2.154500E-05,+9.910000E+37,+1.278510E+03,+3.584400E+04,+1.143081E+00,+2.154500E-05,+9.910000E+37,+1.278575E+03,+3.584400E+04,-1.069666E-02,+0.000000E+00,+9.910000E+37,+1.278643E+03,+3.584400E+04
13:39:32,0e0,+1.214516E+00,+2.404000E-05,+9.910000E+37,+1.278864E+03,+3.584400E+04,+1.216839E+00,+2.404000E-05,+9.910000E+37,+1.278932E+03,+3.584400E+04,+1.215608E+00,+2.404000E-05,+9.910000E+37,+1.278997E+03,+3.584400E+04,-1.074249E-02,+0.000000E+00,+9.910000E+37,+1.279063E+03,+3.584400E+04
13:39:32,0e0,+1.291098E+00,+2.682500E-05,+9.910000E+37,+1.279281E+03,+3.584400E+04,+1.289820E+00,+2.682500E-05,+9.910000E+37,+1.279349E+03,+3.584400E+04,+1.291600E+00,+2.682500E-05,+9.910000E+37,+1.279414E+03,+3.584400E+04,-8.875102E-03,+0.000000E+00,+9.910000E+37,+1.279486E+03,+3.584400E+04
13:39:32,0e0,+1.369408E+00,+2.993500E-05,+9.910000E+37,+1.279715E+03,+3.584400E+04,+1.370319E+00,+2.993500E-05,+9.910000E+37,+1.279781E+03,+3.584400E+04,+1.370637E+00,+2.993500E-05,+9.910000E+37,+1.279849E+03,+3.584400E+04,-9.876981E-03,+0.000000E+00,+9.910000E+37,+1.279914E+03,+3.584400E+04
13:39:32,0e0,+1.452593E+00,+3.340500E-05,+9.910000E+37,+1.280130E+03,+3.584400E+04,+1.452913E+00,+3.340500E-05,+9.910000E+37,+1.280197E+03,+3.584400E+04,+1.451954E+00,+3.340500E-05,+9.910000E+37,+1.280263E+03,+3.584400E+04,-1.001337E-02,+0.000000E+00,+9.910000E+37,+1.280335E+03,+3.584400E+04
13:39:32,0e0,+1.537550E+00,+3.727500E-05,+9.910000E+37,+1.280559E+03,+3.584400E+04,+1.537138E+00,+3.727500E-05,+9.910000E+37,+1.280624E+03,+3.584400E+04,+1.536685E+00,+3.727500E-05,+9.910000E+37,+1.280691E+03,+3.584400E+04,-9.194046E-03,+0.000000E+00,+9.910000E+37,+1.280760E+03,+3.584400E+04
13:39:32,0e0,+1.627018E+00,+4.159500E-05,+9.910000E+37,+1.281002E+03,+3.584400E+04,+1.627978E+00,+4.159500E-05,+9.910000E+37,+1.281067E+03,+3.584400E+04,+1.627885E+00,+4.159500E-05,+9.910000E+37,+1.281135E+03,+3.584400E+04,-8.693352E-03,+0.000000E+00,+9.910000E+37,+1.281200E+03,+3.584400E+04
13:39:32,0e0,+1.719761E+00,+4.641500E-05,+9.910000E+37,+1.281422E+03,+3.584400E+04,+1.720625E+00,+4.641500E-05,+9.910000E+37,+1.281489E+03,+3.584400E+04,+1.722041E+00,+4.641500E-05,+9.910000E+37,+1.281556E+03,+3.584400E+04,-1.010484E-02,+0.000000E+00,+9.910000E+37,+1.281622E+03,+3.584400E+04
13:39:32,0e0,+1.817057E+00,+5.179500E-05,+9.910000E+37,+1.281848E+03,+3.584400E+04,+1.818149E+00,+5.179500E-05,+9.910000E+37,+1.281914E+03,+3.584400E+04,+1.817791E+00,+5.179500E-05,+9.910000E+37,+1.281980E+03,+3.584400E+04,-9.786263E-03,+0.000000E+00,+9.910000E+37,+1.282047E+03,+3.584400E+04
13:39:32,0e0,+1.919004E+00,+5.779500E-05,+9.910000E+37,+1.282266E+03,+3.584400E+04,+1.919136E+00,+5.779500E-05,+9.910000E+37,+1.282333E+03,+3.584400E+04,+1.918817E+00,+5.779500E-05,+9.910000E+37,+1.282398E+03,+3.584400E+04,-1.065125E-02,+0.000000E+00,+9.910000E+37,+1.282465E+03,+3.584400E+04
13:39:32,0e0,+2.022076E+00,+6.449500E-05,+9.910000E+37,+1.282690E+03,+3.584400E+04,+2.023899E+00,+6.449500E-05,+9.910000E+37,+1.282757E+03,+3.584400E+04,+2.024949E+00,+6.449500E-05,+9.910000E+37,+1.282824E+03,+3.584400E+04,-9.558618E-03,+0.000000E+00,+9.910000E+37,+1.282890E+03,+3.584400E+04
13:39:32,0e0,+2.133261E+00,+7.197000E-05,+9.910000E+37,+1.283116E+03,+3.584400E+04,+2.135224E+00,+7.197000E-05,+9.910000E+37,+1.283183E+03,+3.584400E+04,+2.135132E+00,+7.197000E-05,+9.910000E+37,+1.283249E+03,+3.584400E+04,-1.087916E-02,+0.000000E+00,+9.910000E+37,+1.283316E+03,+3.584400E+04
13:39:32,0e0,+2.249913E+00,+8.031000E-05,+9.910000E+37,+1.283534E+03,+3.584400E+04,+2.250734E+00,+8.031000E-05,+9.910000E+37,+1.283601E+03,+3.584400E+04,+2.250870E+00,+8.031000E-05,+9.910000E+37,+1.283668E+03,+3.584400E+04,-1.078793E-02,+0.000000E+00,+9.910000E+37,+1.283735E+03,+3.584400E+04
13:39:32,0e0,+2.368154E+00,+8.961500E-05,+9.910000E+37,+1.283957E+03,+3.584400E+04,+2.368151E+00,+8.961500E-05,+9.910000E+37,+1.284024E+03,+3.584400E+04,+2.369293E+00,+8.961500E-05,+9.910000E+37,+1.284090E+03,+3.584400E+04,-8.738756E-03,+0.000000E+00,+9.910000E+37,+1.284161E+03,+3.584400E+04
13:39:32,0e0,+2.491766E+00,+1.000000E-04,+9.910000E+37,+1.284386E+03,+3.584400E+04,+2.493550E+00,+1.000000E-04,+9.910000E+37,+1.284452E+03,+3.584400E+04,+2.493500E+00,+1.000000E-04,+9.910000E+37,+1.284520E+03,+3.584400E+04,-9.558499E-03,+0.000000E+00,+9.910000E+37,+1.284585E+03,+3.584400E+04
13:39:32,0e0,+2.609008E+00,+1.116000E-04,+9.910000E+37,+1.284813E+03,+3.584400E+04,+2.610237E+00,+1.116000E-04,+9.910000E+37,+1.284881E+03,+3.584400E+04,+2.610739E+00,+1.116000E-04,+9.910000E+37,+1.284947E+03,+3.584400E+04,-1.652411E-02,+0.000000E+00,+9.910000E+37,+1.285014E+03,+3.584400E+04
13:39:32,0e0,+2.740722E+00,+1.245000E-04,+9.910000E+37,+1.285243E+03,+3.584400E+04,+2.742640E+00,+1.245000E-04,+9.910000E+37,+1.285311E+03,+3.584400E+04,+2.744050E+00,+1.245000E-04,+9.910000E+37,+1.285378E+03,+3.584400E+04,-1.611470E-02,+0.000000E+00,+9.910000E+37,+1.285443E+03,+3.584400E+04
13:39:32,0e0,+2.880138E+00,+1.389500E-04,+9.910000E+37,+1.285670E+03,+3.584400E+04,+2.880956E+00,+1.389500E-04,+9.910000E+37,+1.285736E+03,+3.584400E+04,+2.880319E+00,+1.389500E-04,+9.910000E+37,+1.285803E+03,+3.584400E+04,-1.493102E-02,+0.000000E+00,+9.910000E+37,+1.285870E+03,+3.584400E+04
13:39:32,0e0,+3.020730E+00,+1.550500E-04,+9.910000E+37,+1.286098E+03,+3.584400E+04,+3.022691E+00,+1.550500E-04,+9.910000E+37,+1.286164E+03,+3.584400E+04,+3.021740E+00,+1.550500E-04,+9.910000E+37,+1.286231E+03,+3.584400E+04,-1.588704E-02,+0.000000E+00,+9.910000E+37,+1.286298E+03,+3.584400E+04
13:39:32,0e0,+3.167703E+00,+1.730000E-04,+9.910000E+37,+1.286524E+03,+3.584400E+04,+3.167202E+00,+1.730000E-04,+9.910000E+37,+1.286592E+03,+3.584400E+04,+3.168526E+00,+1.730000E-04,+9.910000E+37,+1.286659E+03,+3.584400E+04,-1.647894E-02,+0.000000E+00,+9.910000E+37,+1.286725E+03,+3.584400E+04
13:39:32,0e0,+3.316723E+00,+1.930500E-04,+9.910000E+37,+1.286956E+03,+3.584400E+04,+3.320141E+00,+1.930500E-04,+9.910000E+37,+1.287022E+03,+3.584400E+04,+3.318453E+00,+1.930500E-04,+9.910000E+37,+1.287089E+03,+3.584400E+04,-1.725332E-02,+0.000000E+00,+9.910000E+37,+1.287156E+03,+3.584400E+04
13:39:32,0e0,+3.471076E+00,+2.154500E-04,+9.910000E+37,+1.287381E+03,+3.584400E+04,+3.472077E+00,+2.154500E-04,+9.910000E+37,+1.287446E+03,+3.584400E+04,+3.472442E+00,+2.154500E-04,+9.910000E+37,+1.287514E+03,+3.584400E+04,-1.584139E-02,+0.000000E+00,+9.910000E+37,+1.287580E+03,+3.584400E+04
13:39:32,0e0,+3.625686E+00,+2.404000E-04,+9.910000E+37,+1.287812E+03,+3.584400E+04,+3.626461E+00,+2.404000E-04,+9.910000E+37,+1.287879E+03,+3.584400E+04,+3.627877E+00,+2.404000E-04,+9.910000E+37,+1.287944E+03,+3.584400E+04,-1.693466E-02,+0.000000E+00,+9.910000E+37,+1.288012E+03,+3.584400E+04
13:39:32,0e0,+3.782221E+00,+2.682500E-04,+9.910000E+37,+1.288237E+03,+3.584400E+04,+3.785095E+00,+2.682500E-04,+9.910000E+37,+1.288305E+03,+3.584400E+04,+3.784139E+00,+2.682500E-04,+9.910000E+37,+1.288371E+03,+3.584400E+04,-1.570471E-02,+0.000000E+00,+9.910000E+37,+1.288437E+03,+3.584400E+04
13:39:32,0e0,+3.939490E+00,+2.993500E-04,+9.910000E+37,+1.288669E+03,+3.584400E+04,+3.941405E+00,+2.993500E-04,+9.910000E+37,+1.288735E+03,+3.584400E+04,+3.941665E+00,+2.993500E-04,+9.910000E+37,+1.288803E+03,+3.584400E+04,-1.570483E-02,+0.000000E+00,+9.910000E+37,+1.288870E+03,+3.584400E+04
13:39:32,0e0,+4.093641E+00,+3.340500E-04,+9.910000E+37,+1.289106E+03,+3.584400E+04,+4.095875E+00,+3.340500E-04,+9.910000E+37,+1.289174E+03,+3.584400E+04,+4.097749E+00,+3.340500E-04,+9.910000E+37,+1.289240E+03,+3.584400E+04,-1.625165E-02,+0.000000E+00,+9.910000E+37,+1.289307E+03,+3.584400E+04
13:39:32,0e0,+4.246855E+00,+3.727500E-04,+9.910000E+37,+1.289537E+03,+3.584400E+04,+4.248582E+00,+3.727500E-04,+9.910000E+37,+1.289604E+03,+3.584400E+04,+4.249811E+00,+3.727500E-04,+9.910000E+37,+1.289670E+03,+3.584400E+04,-1.570499E-02,+0.000000E+00,+9.910000E+37,+1.289736E+03,+3.584400E+04
13:39:32,0e0,+4.393830E+00,+4.159500E-04,+9.910000E+37,+1.289966E+03,+3.584400E+04,+4.397198E+00,+4.159500E-04,+9.910000E+37,+1.290033E+03,+3.584400E+04,+4.398293E+00,+4.159500E-04,+9.910000E+37,+1.290100E+03,+3.584400E+04,-1.406601E-02,+0.000000E+00,+9.910000E+37,+1.290166E+03,+3.584400E+04
13:39:32,0e0,+4.534379E+00,+4.641500E-04,+9.910000E+37,+1.290396E+03,+3.584400E+04,+4.538797E+00,+4.641500E-04,+9.910000E+37,+1.290464E+03,+3.584400E+04,+4.540342E+00,+4.641500E-04,+9.910000E+37,+1.290530E+03,+3.584400E+04,-1.443018E-02,+0.000000E+00,+9.910000E+37,+1.290597E+03,+3.584400E+04
13:39:32,0e0,+4.667827E+00,+5.179500E-04,+9.910000E+37,+1.290830E+03,+3.584400E+04,+4.672793E+00,+5.179500E-04,+9.910000E+37,+1.290896E+03,+3.584400E+04,+4.670776E+00,+5.179500E-04,+9.910000E+37,+1.290964E+03,+3.584400E+04,-1.593231E-02,+0.000000E+00,+9.910000E+37,+1.291030E+03,+3.584400E+04
13:39:32,0e0,+4.794302E+00,+5.779500E-04,+9.910000E+37,+1.291271E+03,+3.584400E+04,+4.798316E+00,+5.779500E-04,+9.910000E+37,+1.291338E+03,+3.584400E+04,+4.796356E+00,+5.779500E-04,+9.910000E+37,+1.291403E+03,+3.584400E+04,-1.575035E-02,+0.000000E+00,+9.910000E+37,+1.291471E+03,+3.584400E+04
13:39:32,0e0,+4.910459E+00,+6.449500E-04,+9.910000E+37,+1.291696E+03,+3.584400E+04,+4.914790E+00,+6.449500E-04,+9.910000E+37,+1.291763E+03,+3.584400E+04,+4.914504E+00,+6.449500E-04,+9.910000E+37,+1.291829E+03,+3.584400E+04,-1.638789E-02,+0.000000E+00,+9.910000E+37,+1.291896E+03,+3.584400E+04
13:39:32,0e0,+5.020770E+00,+7.197000E-04,+9.910000E+37,+1.292122E+03,+3.584400E+04,+5.024045E+00,+7.197000E-04,+9.910000E+37,+1.292188E+03,+3.584400E+04,+5.024092E+00,+7.197000E-04,+9.910000E+37,+1.292256E+03,+3.584400E+04,-1.438425E-02,+0.000000E+00,+9.910000E+37,+1.292321E+03,+3.584400E+04
13:39:32,0e0,+5.127727E+00,+8.031000E-04,+9.910000E+37,+1.292545E+03,+3.584400E+04,+5.129731E+00,+8.031000E-04,+9.910000E+37,+1.292611E+03,+3.584400E+04,+5.130375E+00,+8.031000E-04,+9.910000E+37,+1.292679E+03,+3.584400E+04,-1.452120E-02,+0.000000E+00,+9.910000E+37,+1.292745E+03,+3.584400E+04
13:39:32,0e0,+5.229255E+00,+8.961500E-04,+9.910000E+37,+1.292976E+03,+3.584400E+04,+5.231529E+00,+8.961500E-04,+9.910000E+37,+1.293042E+03,+3.584400E+04,+5.231353E+00,+8.961500E-04,+9.910000E+37,+1.293109E+03,+3.584400E+04,-1.529542E-02,+0.000000E+00,+9.910000E+37,+1.293175E+03,+3.584400E+04
13:39:32,0e0,+5.325911E+00,+1.000000E-03,+9.910000E+37,+1.293411E+03,+3.584400E+04,+5.330103E+00,+1.000000E-03,+9.910000E+37,+1.293479E+03,+3.584400E+04,+5.330197E+00,+1.000000E-03,+9.910000E+37,+1.293545E+03,+3.584400E+04,-1.547745E-02,+0.000000E+00,+9.910000E+37,+1.293611E+03,+3.584400E+04
13:39:32,0e0,+5.409099E+00,+1.116000E-03,+9.910000E+37,+1.293842E+03,+3.584400E+04,+5.412746E+00,+1.116000E-03,+9.910000E+37,+1.293908E+03,+3.584400E+04,+5.412199E+00,+1.116000E-03,+9.910000E+37,+1.293975E+03,+3.584400E+04,-2.365263E-01,+0.000000E+00,+9.910000E+37,+1.294042E+03,+3.584400E+04
13:39:32,0e0,+5.501256E+00,+1.245000E-03,+9.910000E+37,+1.294267E+03,+3.584400E+04,+5.504946E+00,+1.245000E-03,+9.910000E+37,+1.294334E+03,+3.584400E+04,+5.504076E+00,+1.245000E-03,+9.910000E+37,+1.294400E+03,+3.584400E+04,-2.366629E-01,+0.000000E+00,+9.910000E+37,+1.294467E+03,+3.584400E+04
13:39:32,0e0,+5.592031E+00,+1.389500E-03,+9.910000E+37,+1.294692E+03,+3.584400E+04,+5.596101E+00,+1.389500E-03,+9.910000E+37,+1.294759E+03,+3.584400E+04,+5.595231E+00,+1.389500E-03,+9.910000E+37,+1.294826E+03,+3.584400E+04,-2.396226E-01,+0.000000E+00,+9.910000E+37,+1.294894E+03,+3.584400E+04
13:39:32,0e0,+5.682732E+00,+1.550500E-03,+9.910000E+37,+1.295119E+03,+3.584400E+04,+5.685732E+00,+1.550500E-03,+9.910000E+37,+1.295186E+03,+3.584400E+04,+5.685374E+00,+1.550500E-03,+9.910000E+37,+1.295253E+03,+3.584400E+04,-2.413528E-01,+0.000000E+00,+9.910000E+37,+1.295318E+03,+3.584400E+04
13:39:32,0e0,+5.771700E+00,+1.730000E-03,+9.910000E+37,+1.295545E+03,+3.584400E+04,+5.775112E+00,+1.730000E-03,+9.910000E+37,+1.295612E+03,+3.584400E+04,+5.774123E+00,+1.730000E-03,+9.910000E+37,+1.295678E+03,+3.584400E+04,-2.453141E-01,+0.000000E+00,+9.910000E+37,+1.295744E+03,+3.584400E+04
13:39:32,0e0,+5.860899E+00,+1.930500E-03,+9.910000E+37,+1.295972E+03,+3.584400E+04,+5.865079E+00,+1.930500E-03,+9.910000E+37,+1.296039E+03,+3.584400E+04,+5.863580E+00,+1.930500E-03,+9.910000E+37,+1.296106E+03,+3.584400E+04,-2.391672E-01,+0.000000E+00,+9.910000E+37,+1.296174E+03,+3.584400E+04
13:39:32,0e0,+5.950355E+00,+2.154500E-03,+9.910000E+37,+1.296410E+03,+3.584400E+04,+5.954498E+00,+2.154500E-03,+9.910000E+37,+1.296476E+03,+3.584400E+04,+5.953232E+00,+2.154500E-03,+9.910000E+37,+1.296542E+03,+3.584400E+04,-2.305160E-01,+0.000000E+00,+9.910000E+37,+1.296609E+03,+3.584400E+04
13:39:32,0e0,+6.041592E+00,+2.404000E-03,+9.910000E+37,+1.296837E+03,+3.584400E+04,+6.046930E+00,+2.404000E-03,+9.910000E+37,+1.296904E+03,+3.584400E+04,+6.044206E+00,+2.404000E-03,+9.910000E+37,+1.296971E+03,+3.584400E+04,-2.387574E-01,+0.000000E+00,+9.910000E+37,+1.297037E+03,+3.584400E+04
13:39:32,0e0,+6.136477E+00,+2.682500E-03,+9.910000E+37,+1.297263E+03,+3.584400E+04,+6.140590E+00,+2.682500E-03,+9.910000E+37,+1.297329E+03,+3.584400E+04,+6.139401E+00,+2.682500E-03,+9.910000E+37,+1.297396E+03,+3.584400E+04,-2.314266E-01,+0.000000E+00,+9.910000E+37,+1.297462E+03,+3.584400E+04
13:39:32,0e0,+6.235728E+00,+2.993500E-03,+9.910000E+37,+1.297689E+03,+3.584400E+04,+6.239713E+00,+2.993500E-03,+9.910000E+37,+1.297756E+03,+3.584400E+04,+6.238711E+00,+2.993500E-03,+9.910000E+37,+1.297823E+03,+3.584400E+04,-2.328837E-01,+0.000000E+00,+9.910000E+37,+1.297891E+03,+3.584400E+04
13:39:32,0e0,+6.341832E+00,+3.340500E-03,+9.910000E+37,+1.298122E+03,+3.584400E+04,+6.344925E+00,+3.340500E-03,+9.910000E+37,+1.298188E+03,+3.584400E+04,+6.342678E+00,+3.340500E-03,+9.910000E+37,+1.298255E+03,+3.584400E+04,-2.279661E-01,+0.000000E+00,+9.910000E+37,+1.298320E+03,+3.584400E+04
13:39:32,0e0,+6.454237E+00,+3.727500E-03,+9.910000E+37,+1.298553E+03,+3.584400E+04,+6.455197E+00,+3.727500E-03,+9.910000E+37,+1.298618E+03,+3.584400E+04,+6.452554E+00,+3.727500E-03,+9.910000E+37,+1.298685E+03,+3.584400E+04,-2.122579E-01,+0.000000E+00,+9.910000E+37,+1.298752E+03,+3.584400E+04
13:39:32,0e0,+6.568698E+00,+4.159500E-03,+9.910000E+37,+1.298979E+03,+3.584400E+04,+6.571644E+00,+4.159500E-03,+9.910000E+37,+1.299044E+03,+3.584400E+04,+6.569483E+00,+4.159500E-03,+9.910000E+37,+1.299110E+03,+3.584400E+04,-2.135328E-01,+0.000000E+00,+9.910000E+37,+1.299178E+03,+3.584400E+04
13:39:32,0e0,+6.692230E+00,+4.641500E-03,+9.910000E+37,+1.299405E+03,+3.584400E+04,+6.693766E+00,+4.641500E-03,+9.910000E+37,+1.299472E+03,+3.584400E+04,+6.691761E+00,+4.641500E-03,+9.910000E+37,+1.299539E+03,+3.584400E+04,-2.075229E-01,+0.000000E+00,+9.910000E+37,+1.299604E+03,+3.584400E+04
13:39:32,0e0,+6.820421E+00,+5.179500E-03,+9.910000E+37,+1.299830E+03,+3.584400E+04,+6.822363E+00,+5.179500E-03,+9.910000E+37,+1.299896E+03,+3.584400E+04,+6.819985E+00,+5.179500E-03,+9.910000E+37,+1.299964E+03,+3.584400E+04,-1.894929E-01,+0.000000E+00,+9.910000E+37,+1.300031E+03,+3.584400E+04
13:39:32,0e0,+6.957346E+00,+5.779500E-03,+9.910000E+37,+1.300257E+03,+3.584400E+04,+6.958436E+00,+5.779500E-03,+9.910000E+37,+1.300323E+03,+3.584400E+04,+6.955385E+00,+5.779500E-03,+9.910000E+37,+1.300390E+03,+3.584400E+04,-1.909043E-01,+0.000000E+00,+9.910000E+37,+1.300457E+03,+3.584400E+04
13:39:32,0e0,+7.101869E+00,+6.449500E-03,+9.910000E+37,+1.300687E+03,+3.584400E+04,+7.099852E+00,+6.449500E-03,+9.910000E+37,+1.300753E+03,+3.584400E+04,+7.096939E+00,+6.449500E-03,+9.910000E+37,+1.300819E+03,+3.584400E+04,-1.746502E-01,+0.000000E+00,+9.910000E+37,+1.300886E+03,+3.584400E+04
13:39:32,0e0,+7.250412E+00,+7.197000E-03,+9.910000E+37,+1.301114E+03,+3.584400E+04,+7.249911E+00,+7.197000E-03,+9.910000E+37,+1.301182E+03,+3.584400E+04,+7.245874E+00,+7.197000E-03,+9.910000E+37,+1.301247E+03,+3.584400E+04,-1.739672E-01,+0.000000E+00,+9.910000E+37,+1.301313E+03,+3.584400E+04
13:39:32,0e0,+7.409323E+00,+8.031000E-03,+9.910000E+37,+1.301535E+03,+3.584400E+04,+7.405950E+00,+8.031000E-03,+9.910000E+37,+1.301602E+03,+3.584400E+04,+7.401014E+00,+8.031000E-03,+9.910000E+37,+1.301669E+03,+3.584400E+04,-1.662726E-01,+0.000000E+00,+9.910000E+37,+1.301735E+03,+3.584400E+04
13:39:32,0e0,+7.574786E+00,+8.961500E-03,+9.910000E+37,+1.301957E+03,+3.584400E+04,+7.571372E+00,+8.961500E-03,+9.910000E+37,+1.302022E+03,+3.584400E+04,+7.565447E+00,+8.961500E-03,+9.910000E+37,+1.302090E+03,+3.584400E+04,-1.556642E-01,+0.000000E+00,+9.910000E+37,+1.302156E+03,+3.584400E+04
