13:23:05,0e0,-1.336819E-02,+1.000000E-07,+9.910000E+37,+2.916123E+02,+3.584400E+04,-1.332249E-02,+1.000000E-07,+9.910000E+37,+2.916797E+02,+3.584400E+04,-1.355030E-02,+1.000000E-07,+9.910000E+37,+2.917461E+02,+3.584400E+04,-3.467773E-02,+0.000000E+00,+9.910000E+37,+2.918135E+02,+3.584400E+04
13:23:05,0e0,-1.131883E-02,+1.116000E-07,+9.910000E+37,+2.920488E+02,+3.584400E+04,-1.136465E-02,+1.116000E-07,+9.910000E+37,+2.921162E+02,+3.584400E+04,-1.113680E-02,+1.116000E-07,+9.910000E+37,+2.921826E+02,+3.584400E+04,-3.390346E-02,+0.000000E+00,+9.910000E+37,+2.922490E+02,+3.584400E+04
13:23:05,0e0,-9.543061E-03,+1.245000E-07,+9.910000E+37,+2.924775E+02,+3.584400E+04,-7.995233E-03,+1.245000E-07,+9.910000E+37,+2.925449E+02,+3.584400E+04,-8.678138E-03,+1.245000E-07,+9.910000E+37,+2.926104E+02,+3.584400E+04,-3.444983E-02,+0.000000E+00,+9.910000E+37,+2.926768E+02,+3.584400E+04
13:23:05,0e0,-7.038683E-03,+1.389500E-07,+9.910000E+37,+2.929150E+02,+3.584400E+04,-7.357851E-03,+1.389500E-07,+9.910000E+37,+2.929814E+02,+3.584400E+04,-6.264865E-03,+1.389500E-07,+9.910000E+37,+2.930479E+02,+3.584400E+04,-3.308402E-02,+0.000000E+00,+9.910000E+37,+2.931143E+02,+3.584400E+04
13:23:05,0e0,-2.531156E-03,+1.550500E-07,+9.910000E+37,+2.933418E+02,+3.584400E+04,-2.303272E-03,+1.550500E-07,+9.910000E+37,+2.934092E+02,+3.584400E+04,-3.987923E-03,+1.550500E-07,+9.910000E+37,+2.934766E+02,+3.584400E+04,-3.312950E-02,+0.000000E+00,+9.910000E+37,+2.935439E+02,+3.584400E+04
13:23:05,0e0,-1.165375E-03,+1.730000E-07,+9.910000E+37,+2.937734E+02,+3.584400E+04,+2.463311E-04,+1.730000E-07,+9.910000E+37,+2.938408E+02,+3.584400E+04,-9.833574E-04,+1.730000E-07,+9.910000E+37,+2.939062E+02,+3.584400E+04,-3.367594E-02,+0.000000E+00,+9.910000E+37,+2.939727E+02,+3.584400E+04
13:23:05,0e0,+3.524750E-03,+1.930500E-07,+9.910000E+37,+2.942080E+02,+3.584400E+04,+3.206089E-03,+1.930500E-07,+9.910000E+37,+2.942754E+02,+3.584400E+04,+2.432063E-03,+1.930500E-07,+9.910000E+37,+2.943428E+02,+3.584400E+04,-3.426768E-02,+0.000000E+00,+9.910000E+37,+2.944082E+02,+3.584400E+04
13:23:05,0e0,+7.076263E-03,+2.154500E-07,+9.910000E+37,+2.946328E+02,+3.584400E+04,+5.709887E-03,+2.154500E-07,+9.910000E+37,+2.946992E+02,+3.584400E+04,+6.484240E-03,+2.154500E-07,+9.910000E+37,+2.947656E+02,+3.584400E+04,-3.363036E-02,+0.000000E+00,+9.910000E+37,+2.948320E+02,+3.584400E+04
13:23:05,0e0,+1.076435E-02,+2.404000E-07,+9.910000E+37,+2.950605E+02,+3.584400E+04,+9.853482E-03,+2.404000E-07,+9.910000E+37,+2.951279E+02,+3.584400E+04,+1.149307E-02,+2.404000E-07,+9.910000E+37,+2.951953E+02,+3.584400E+04,-3.495102E-02,+0.000000E+00,+9.910000E+37,+2.952607E+02,+3.584400E+04
13:23:05,0e0,+1.486254E-02,+2.682500E-07,+9.910000E+37,+2.954941E+02,+3.584400E+04,+1.504460E-02,+2.682500E-07,+9.910000E+37,+2.955605E+02,+3.584400E+04,+1.540937E-02,+2.682500E-07,+9.910000E+37,+2.956279E+02,+3.584400E+04,-3.363042E-02,+0.000000E+00,+9.910000E+37,+2.956953E+02,+3.584400E+04
13:23:05,0e0,+1.941574E-02,+2.993500E-07,+9.910000E+37,+2.959248E+02,+3.584400E+04,+2.041785E-02,+2.993500E-07,+9.910000E+37,+2.959902E+02,+3.584400E+04,+2.082759E-02,+2.993500E-07,+9.910000E+37,+2.960566E+02,+3.584400E+04,-3.449550E-02,+0.000000E+00,+9.910000E+37,+2.961230E+02,+3.584400E+04
13:23:05,0e0,+2.588142E-02,+3.340500E-07,+9.910000E+37,+2.963477E+02,+3.584400E+04,+2.647339E-02,+3.340500E-07,+9.910000E+37,+2.964141E+02,+3.584400E+04,+2.620016E-02,+3.340500E-07,+9.910000E+37,+2.964814E+02,+3.584400E+04,-3.431320E-02,+0.000000E+00,+9.910000E+37,+2.965469E+02,+3.584400E+04
13:23:05,0e0,+3.098094E-02,+3.727500E-07,+9.910000E+37,+2.967773E+02,+3.584400E+04,+3.052539E-02,+3.727500E-07,+9.910000E+37,+2.968437E+02,+3.584400E+04,+3.102672E-02,+3.727500E-07,+9.910000E+37,+2.969111E+02,+3.584400E+04,-3.445005E-02,+0.000000E+00,+9.910000E+37,+2.969785E+02,+3.584400E+04
13:23:05,0e0,+3.735557E-02,+4.159500E-07,+9.910000E+37,+2.972090E+02,+3.584400E+04,+3.644505E-02,+4.159500E-07,+9.910000E+37,+2.972754E+02,+3.584400E+04,+3.703704E-02,+4.159500E-07,+9.910000E+37,+2.973418E+02,+3.584400E+04,-3.381278E-02,+0.000000E+00,+9.910000E+37,+2.974082E+02,+3.584400E+04
13:23:05,0e0,+4.373035E-02,+4.641500E-07,+9.910000E+37,+2.976357E+02,+3.584400E+04,+4.281941E-02,+4.641500E-07,+9.910000E+37,+2.977021E+02,+3.584400E+04,+4.322964E-02,+4.641500E-07,+9.910000E+37,+2.977686E+02,+3.584400E+04,-3.363046E-02,+0.000000E+00,+9.910000E+37,+2.978359E+02,+3.584400E+04
13:23:05,0e0,+5.124384E-02,+5.179500E-07,+9.910000E+37,+2.980684E+02,+3.584400E+04,+5.024159E-02,+5.179500E-07,+9.910000E+37,+2.981348E+02,+3.584400E+04,+5.042389E-02,+5.179500E-07,+9.910000E+37,+2.982021E+02,+3.584400E+04,-3.449595E-02,+0.000000E+00,+9.910000E+37,+2.982695E+02,+3.584400E+04
13:23:05,0e0,+5.912068E-02,+5.779500E-07,+9.910000E+37,+2.984951E+02,+3.584400E+04,+5.848369E-02,+5.779500E-07,+9.910000E+37,+2.985615E+02,+3.584400E+04,+5.984905E-02,+5.779500E-07,+9.910000E+37,+2.986279E+02,+3.584400E+04,-3.285608E-02,+0.000000E+00,+9.910000E+37,+2.986943E+02,+3.584400E+04
13:23:05,0e0,+6.613249E-02,+6.449500E-07,+9.910000E+37,+2.989258E+02,+3.584400E+04,+6.681579E-02,+6.449500E-07,+9.910000E+37,+2.989932E+02,+3.584400E+04,+6.722605E-02,+6.449500E-07,+9.910000E+37,+2.990596E+02,+3.584400E+04,-3.353955E-02,+0.000000E+00,+9.910000E+37,+2.991250E+02,+3.584400E+04
13:23:05,0e0,+7.523915E-02,+7.197000E-07,+9.910000E+37,+2.993574E+02,+3.584400E+04,+7.523930E-02,+7.197000E-07,+9.910000E+37,+2.994248E+02,+3.584400E+04,+7.583138E-02,+7.197000E-07,+9.910000E+37,+2.994922E+02,+3.584400E+04,-3.290188E-02,+0.000000E+00,+9.910000E+37,+2.995576E+02,+3.584400E+04
13:23:05,0e0,+8.644053E-02,+8.031000E-07,+9.910000E+37,+2.997861E+02,+3.584400E+04,+8.566707E-02,+8.031000E-07,+9.910000E+37,+2.998525E+02,+3.584400E+04,+8.466464E-02,+8.031000E-07,+9.910000E+37,+2.999189E+02,+3.584400E+04,-3.326617E-02,+0.000000E+00,+9.910000E+37,+2.999863E+02,+3.584400E+04
13:23:05,0e0,+9.572989E-02,+8.961500E-07,+9.910000E+37,+3.002129E+02,+3.584400E+04,+9.495544E-02,+8.961500E-07,+9.910000E+37,+3.002793E+02,+3.584400E+04,+9.682184E-02,+8.961500E-07,+9.910000E+37,+3.003457E+02,+3.584400E+04,-3.326640E-02,+0.000000E+00,+9.910000E+37,+3.004121E+02,+3.584400E+04
13:23:05,0e0,+1.064302E-01,+1.000000E-06,+9.910000E+37,+3.006367E+02,+3.584400E+04,+1.064298E-01,+1.000000E-06,+9.910000E+37,+3.007041E+02,+3.584400E+04,+1.070674E-01,+1.000000E-06,+9.910000E+37,+3.007705E+02,+3.584400E+04,-3.349401E-02,+0.000000E+00,+9.910000E+37,+3.008369E+02,+3.584400E+04
13:23:05,0e0,+1.074314E-01,+1.116000E-06,+9.910000E+37,+3.010615E+02,+3.584400E+04,+1.072493E-01,+1.116000E-06,+9.910000E+37,+3.011289E+02,+3.584400E+04,+1.082062E-01,+1.116000E-06,+9.910000E+37,+3.011953E+02,+3.584400E+04,-3.349367E-02,+0.000000E+00,+9.910000E+37,+3.012627E+02,+3.584400E+04
13:23:05,0e0,+1.176760E-01,+1.245000E-06,+9.910000E+37,+3.014873E+02,+3.584400E+04,+1.202261E-01,+1.245000E-06,+9.910000E+37,+3.015547E+02,+3.584400E+04,+1.198161E-01,+1.245000E-06,+9.910000E+37,+3.016211E+02,+3.584400E+04,-3.253771E-02,+0.000000E+00,+9.910000E+37,+3.016875E+02,+3.584400E+04
13:23:05,0e0,+1.309721E-01,+1.389500E-06,+9.910000E+37,+3.019131E+02,+3.584400E+04,+1.316548E-01,+1.389500E-06,+9.910000E+37,+3.019795E+02,+3.584400E+04,+1.328844E-01,+1.389500E-06,+9.910000E+37,+3.020469E+02,+3.584400E+04,-3.312965E-02,+0.000000E+00,+9.910000E+37,+3.021123E+02,+3.584400E+04
13:23:05,0e0,+1.438118E-01,+1.550500E-06,+9.910000E+37,+3.023359E+02,+3.584400E+04,+1.452691E-01,+1.550500E-06,+9.910000E+37,+3.024033E+02,+3.584400E+04,+1.454970E-01,+1.550500E-06,+9.910000E+37,+3.024688E+02,+3.584400E+04,-3.262892E-02,+0.000000E+00,+9.910000E+37,+3.025352E+02,+3.584400E+04
13:23:05,0e0,+1.589291E-01,+1.730000E-06,+9.910000E+37,+3.027656E+02,+3.584400E+04,+1.596577E-01,+1.730000E-06,+9.910000E+37,+3.028311E+02,+3.584400E+04,+1.587928E-01,+1.730000E-06,+9.910000E+37,+3.028984E+02,+3.584400E+04,-3.194578E-02,+0.000000E+00,+9.910000E+37,+3.029639E+02,+3.584400E+04
13:23:05,0e0,+1.756405E-01,+1.930500E-06,+9.910000E+37,+3.031865E+02,+3.584400E+04,+1.757764E-01,+1.930500E-06,+9.910000E+37,+3.032539E+02,+3.584400E+04,+1.742285E-01,+1.930500E-06,+9.910000E+37,+3.033193E+02,+3.584400E+04,-3.331153E-02,+0.000000E+00,+9.910000E+37,+3.033867E+02,+3.584400E+04
13:23:05,0e0,+1.898915E-01,+2.154500E-06,+9.910000E+37,+3.036191E+02,+3.584400E+04,+1.918497E-01,+2.154500E-06,+9.910000E+37,+3.036846E+02,+3.584400E+04,+1.905291E-01,+2.154500E-06,+9.910000E+37,+3.037510E+02,+3.584400E+04,-3.367628E-02,+0.000000E+00,+9.910000E+37,+3.038174E+02,+3.584400E+04
13:23:05,0e0,+2.081055E-01,+2.404000E-06,+9.910000E+37,+3.040479E+02,+3.584400E+04,+2.076949E-01,+2.404000E-06,+9.910000E+37,+3.041152E+02,+3.584400E+04,+2.071944E-01,+2.404000E-06,+9.910000E+37,+3.041816E+02,+3.584400E+04,-3.267409E-02,+0.000000E+00,+9.910000E+37,+3.042471E+02,+3.584400E+04
13:23:05,0e0,+2.246328E-01,+2.682500E-06,+9.910000E+37,+3.044717E+02,+3.584400E+04,+2.254985E-01,+2.682500E-06,+9.910000E+37,+3.045391E+02,+3.584400E+04,+2.260903E-01,+2.682500E-06,+9.910000E+37,+3.046045E+02,+3.584400E+04,-3.267395E-02,+0.000000E+00,+9.910000E+37,+3.046719E+02,+3.584400E+04
13:23:05,0e0,+2.455792E-01,+2.993500E-06,+9.910000E+37,+3.048984E+02,+3.584400E+04,+2.457162E-01,+2.993500E-06,+9.910000E+37,+3.049658E+02,+3.584400E+04,+2.455331E-01,+2.993500E-06,+9.910000E+37,+3.050312E+02,+3.584400E+04,-3.276554E-02,+0.000000E+00,+9.910000E+37,+3.050986E+02,+3.584400E+04
13:23:05,0e0,+2.661597E-01,+3.340500E-06,+9.910000E+37,+3.053271E+02,+3.584400E+04,+2.662511E-01,+3.340500E-06,+9.910000E+37,+3.053926E+02,+3.584400E+04,+2.657048E-01,+3.340500E-06,+9.910000E+37,+3.054590E+02,+3.584400E+04,-3.221928E-02,+0.000000E+00,+9.910000E+37,+3.055254E+02,+3.584400E+04
13:23:05,0e0,+2.866032E-01,+3.727500E-06,+9.910000E+37,+3.057510E+02,+3.584400E+04,+2.874691E-01,+3.727500E-06,+9.910000E+37,+3.058174E+02,+3.584400E+04,+2.877433E-01,+3.727500E-06,+9.910000E+37,+3.058848E+02,+3.584400E+04,-3.231010E-02,+0.000000E+00,+9.910000E+37,+3.059502E+02,+3.584400E+04
13:23:05,0e0,+3.111923E-01,+4.159500E-06,+9.910000E+37,+3.061777E+02,+3.584400E+04,+3.102348E-01,+4.159500E-06,+9.910000E+37,+3.062451E+02,+3.584400E+04,+3.114653E-01,+4.159500E-06,+9.910000E+37,+3.063105E+02,+3.584400E+04,-3.294739E-02,+0.000000E+00,+9.910000E+37,+3.063779E+02,+3.584400E+04
13:23:05,0e0,+3.348688E-01,+4.641500E-06,+9.910000E+37,+3.066035E+02,+3.584400E+04,+3.354614E-01,+4.641500E-06,+9.910000E+37,+3.066699E+02,+3.584400E+04,+3.361895E-01,+4.641500E-06,+9.910000E+37,+3.067373E+02,+3.584400E+04,-3.303894E-02,+0.000000E+00,+9.910000E+37,+3.068027E+02,+3.584400E+04
13:23:05,0e0,+3.616885E-01,+5.179500E-06,+9.910000E+37,+3.070303E+02,+3.584400E+04,+3.614148E-01,+5.179500E-06,+9.910000E+37,+3.070967E+02,+3.584400E+04,+3.612331E-01,+5.179500E-06,+9.910000E+37,+3.071641E+02,+3.584400E+04,-3.276564E-02,+0.000000E+00,+9.910000E+37,+3.072295E+02,+3.584400E+04
13:23:05,0e0,+3.890083E-01,+5.779500E-06,+9.910000E+37,+3.074561E+02,+3.584400E+04,+3.883703E-01,+5.779500E-06,+9.910000E+37,+3.075215E+02,+3.584400E+04,+3.880513E-01,+5.779500E-06,+9.910000E+37,+3.075879E+02,+3.584400E+04,-3.249195E-02,+0.000000E+00,+9.910000E+37,+3.076553E+02,+3.584400E+04
13:23:05,0e0,+4.166924E-01,+6.449500E-06,+9.910000E+37,+3.078799E+02,+3.584400E+04,+4.164647E-01,+6.449500E-06,+9.910000E+37,+3.079463E+02,+3.584400E+04,+4.174664E-01,+6.449500E-06,+9.910000E+37,+3.080127E+02,+3.584400E+04,-3.281102E-02,+0.000000E+00,+9.910000E+37,+3.080801E+02,+3.584400E+04
13:23:05,0e0,+4.471998E-01,+7.197000E-06,+9.910000E+37,+3.083066E+02,+3.584400E+04,+4.473814E-01,+7.197000E-06,+9.910000E+37,+3.083740E+02,+3.584400E+04,+4.462432E-01,+7.197000E-06,+9.910000E+37,+3.084395E+02,+3.584400E+04,-3.417730E-02,+0.000000E+00,+9.910000E+37,+3.085059E+02,+3.584400E+04
13:23:05,0e0,+4.788904E-01,+8.031000E-06,+9.910000E+37,+3.087305E+02,+3.584400E+04,+4.789817E-01,+8.031000E-06,+9.910000E+37,+3.087969E+02,+3.584400E+04,+4.782528E-01,+8.031000E-06,+9.910000E+37,+3.088643E+02,+3.584400E+04,-3.303866E-02,+0.000000E+00,+9.910000E+37,+3.089297E+02,+3.584400E+04
13:23:05,0e0,+5.124935E-01,+8.961500E-06,+9.910000E+37,+3.091602E+02,+3.584400E+04,+5.116284E-01,+8.961500E-06,+9.910000E+37,+3.092256E+02,+3.584400E+04,+5.137690E-01,+8.961500E-06,+9.910000E+37,+3.092930E+02,+3.584400E+04,-3.212781E-02,+0.000000E+00,+9.910000E+37,+3.093584E+02,+3.584400E+04
13:23:05,0e0,+5.465990E-01,+1.000000E-05,+9.910000E+37,+3.095840E+02,+3.584400E+04,+5.467814E-01,+1.000000E-05,+9.910000E+37,+3.096494E+02,+3.584400E+04,+5.470079E-01,+1.000000E-05,+9.910000E+37,+3.097168E+02,+3.584400E+04,-3.235567E-02,+0.000000E+00,+9.910000E+37,+3.097822E+02,+3.584400E+04
13:23:05,0e0,+5.717321E-01,+1.116000E-05,+9.910000E+37,+3.100088E+02,+3.584400E+04,+5.717339E-01,+1.116000E-05,+9.910000E+37,+3.100742E+02,+3.584400E+04,+5.717783E-01,+1.116000E-05,+9.910000E+37,+3.101416E+02,+3.584400E+04,-3.472364E-02,+0.000000E+00,+9.910000E+37,+3.102070E+02,+3.584400E+04
13:23:05,0e0,+6.075672E-01,+1.245000E-05,+9.910000E+37,+3.104307E+02,+3.584400E+04,+6.084315E-01,+1.245000E-05,+9.910000E+37,+3.104971E+02,+3.584400E+04,+6.072024E-01,+1.245000E-05,+9.910000E+37,+3.105635E+02,+3.584400E+04,-3.363052E-02,+0.000000E+00,+9.910000E+37,+3.106299E+02,+3.584400E+04
13:23:05,0e0,+6.480023E-01,+1.389500E-05,+9.910000E+37,+3.108486E+02,+3.584400E+04,+6.472707E-01,+1.389500E-05,+9.910000E+37,+3.109160E+02,+3.584400E+04,+6.481368E-01,+1.389500E-05,+9.910000E+37,+3.109814E+02,+3.584400E+04,-3.563456E-02,+0.000000E+00,+9.910000E+37,+3.110479E+02,+3.584400E+04
13:23:05,0e0,+6.882058E-01,+1.550500E-05,+9.910000E+37,+3.112656E+02,+3.584400E+04,+6.876590E-01,+1.550500E-05,+9.910000E+37,+3.113311E+02,+3.584400E+04,+6.880234E-01,+1.550500E-05,+9.910000E+37,+3.113984E+02,+3.584400E+04,-3.536126E-02,+0.000000E+00,+9.910000E+37,+3.114658E+02,+3.584400E+04
13:23:05,0e0,+7.292763E-01,+1.730000E-05,+9.910000E+37,+3.116865E+02,+3.584400E+04,+7.290483E-01,+1.730000E-05,+9.910000E+37,+3.117539E+02,+3.584400E+04,+7.291393E-01,+1.730000E-05,+9.910000E+37,+3.118193E+02,+3.584400E+04,-3.531580E-02,+0.000000E+00,+9.910000E+37,+3.118916E+02,+3.584400E+04
13:23:05,0e0,+7.737172E-01,+1.930500E-05,+9.910000E+37,+3.121143E+02,+3.584400E+04,+7.722598E-01,+1.930500E-05,+9.910000E+37,+3.121807E+02,+3.584400E+04,+7.718496E-01,+1.930500E-05,+9.910000E+37,+3.122471E+02,+3.584400E+04,-3.463265E-02,+0.000000E+00,+9.910000E+37,+3.123154E+02,+3.584400E+04
13:23:05,0e0,+8.172489E-01,+2.154500E-05,+9.910000E+37,+3.125420E+02,+3.584400E+04,+8.171549E-01,+2.154500E-05,+9.910000E+37,+3.126074E+02,+3.584400E+04,+8.173376E-01,+2.154500E-05,+9.910000E+37,+3.126748E+02,+3.584400E+04,-3.353967E-02,+0.000000E+00,+9.910000E+37,+3.127422E+02,+3.584400E+04
13:23:05,0e0,+8.650571E-01,+2.404000E-05,+9.910000E+37,+3.129688E+02,+3.584400E+04,+8.646461E-01,+2.404000E-05,+9.910000E+37,+3.130361E+02,+3.584400E+04,+8.651475E-01,+2.404000E-05,+9.910000E+37,+3.131025E+02,+3.584400E+04,-3.408639E-02,+0.000000E+00,+9.910000E+37,+3.131680E+02,+3.584400E+04
13:23:05,0e0,+9.133247E-01,+2.682500E-05,+9.910000E+37,+3.133867E+02,+3.584400E+04,+9.139582E-01,+2.682500E-05,+9.910000E+37,+3.134541E+02,+3.584400E+04,+9.140954E-01,+2.682500E-05,+9.910000E+37,+3.135195E+02,+3.584400E+04,-3.404039E-02,+0.000000E+00,+9.910000E+37,+3.135889E+02,+3.584400E+04
13:23:05,0e0,+9.642277E-01,+2.993500E-05,+9.910000E+37,+3.138115E+02,+3.584400E+04,+9.643641E-01,+2.993500E-05,+9.910000E+37,+3.138779E+02,+3.584400E+04,+9.650494E-01,+2.993500E-05,+9.910000E+37,+3.139443E+02,+3.584400E+04,-3.486042E-02,+0.000000E+00,+9.910000E+37,+3.140127E+02,+3.584400E+04
13:23:05,0e0,+1.017045E+00,+3.340500E-05,+9.910000E+37,+3.142354E+02,+3.584400E+04,+1.017546E+00,+3.340500E-05,+9.910000E+37,+3.143008E+02,+3.584400E+04,+1.017865E+00,+3.340500E-05,+9.910000E+37,+3.143672E+02,+3.584400E+04,-3.312987E-02,+0.000000E+00,+9.910000E+37,+3.144365E+02,+3.584400E+04
13:23:05,0e0,+1.072731E+00,+3.727500E-05,+9.910000E+37,+3.146709E+02,+3.584400E+04,+1.074099E+00,+3.727500E-05,+9.910000E+37,+3.147383E+02,+3.584400E+04,+1.073369E+00,+3.727500E-05,+9.910000E+37,+3.148047E+02,+3.584400E+04,-3.385843E-02,+0.000000E+00,+9.910000E+37,+3.148701E+02,+3.584400E+04
13:23:05,0e0,+1.132471E+00,+4.159500E-05,+9.910000E+37,+3.150977E+02,+3.584400E+04,+1.133428E+00,+4.159500E-05,+9.910000E+37,+3.151641E+02,+3.584400E+04,+1.131516E+00,+4.159500E-05,+9.910000E+37,+3.152314E+02,+3.584400E+04,-3.458713E-02,+0.000000E+00,+9.910000E+37,+3.152969E+02,+3.584400E+04
13:23:05,0e0,+1.193029E+00,+4.641500E-05,+9.910000E+37,+3.155244E+02,+3.584400E+04,+1.193123E+00,+4.641500E-05,+9.910000E+37,+3.155908E+02,+3.584400E+04,+1.192986E+00,+4.641500E-05,+9.910000E+37,+3.156582E+02,+3.584400E+04,-3.262915E-02,+0.000000E+00,+9.910000E+37,+3.157236E+02,+3.584400E+04
13:23:05,0e0,+1.257003E+00,+5.179500E-05,+9.910000E+37,+3.159502E+02,+3.584400E+04,+1.256868E+00,+5.179500E-05,+9.910000E+37,+3.160176E+02,+3.584400E+04,+1.256640E+00,+5.179500E-05,+9.910000E+37,+3.160830E+02,+3.584400E+04,-3.445064E-02,+0.000000E+00,+9.910000E+37,+3.161494E+02,+3.584400E+04
13:23:05,0e0,+1.322849E+00,+5.779500E-05,+9.910000E+37,+3.163770E+02,+3.584400E+04,+1.323347E+00,+5.779500E-05,+9.910000E+37,+3.164424E+02,+3.584400E+04,+1.322343E+00,+5.779500E-05,+9.910000E+37,+3.165088E+02,+3.584400E+04,-3.435923E-02,+0.000000E+00,+9.910000E+37,+3.165762E+02,+3.584400E+04
13:23:05,0e0,+1.392511E+00,+6.449500E-05,+9.910000E+37,+3.168027E+02,+3.584400E+04,+1.392328E+00,+6.449500E-05,+9.910000E+37,+3.168701E+02,+3.584400E+04,+1.393012E+00,+6.449500E-05,+9.910000E+37,+3.169355E+02,+3.584400E+04,-3.481479E-02,+0.000000E+00,+9.910000E+37,+3.170029E+02,+3.584400E+04
13:23:05,0e0,+1.465773E+00,+7.197000E-05,+9.910000E+37,+3.172285E+02,+3.584400E+04,+1.466274E+00,+7.197000E-05,+9.910000E+37,+3.172949E+02,+3.584400E+04,+1.464407E+00,+7.197000E-05,+9.910000E+37,+3.173623E+02,+3.584400E+04,-3.431407E-02,+0.000000E+00,+9.910000E+37,+3.174287E+02,+3.584400E+04
13:23:05,0e0,+1.541857E+00,+8.031000E-05,+9.910000E+37,+3.176523E+02,+3.584400E+04,+1.542179E+00,+8.031000E-05,+9.910000E+37,+3.177197E+02,+3.584400E+04,+1.543362E+00,+8.031000E-05,+9.910000E+37,+3.177861E+02,+3.584400E+04,-3.472404E-02,+0.000000E+00,+9.910000E+37,+3.178525E+02,+3.584400E+04
13:23:05,0e0,+1.620359E+00,+8.961500E-05,+9.910000E+37,+3.180693E+02,+3.584400E+04,+1.622273E+00,+8.961500E-05,+9.910000E+37,+3.181348E+02,+3.584400E+04,+1.622637E+00,+8.961500E-05,+9.910000E+37,+3.182021E+02,+3.584400E+04,-3.308468E-02,+0.000000E+00,+9.910000E+37,+3.182695E+02,+3.584400E+04
13:23:05,0e0,+1.705599E+00,+1.000000E-04,+9.910000E+37,+3.184922E+02,+3.584400E+04,+1.704182E+00,+1.000000E-04,+9.910000E+37,+3.185596E+02,+3.584400E+04,+1.705596E+00,+1.000000E-04,+9.910000E+37,+3.186260E+02,+3.584400E+04,-3.367668E-02,+0.000000E+00,+9.910000E+37,+3.186973E+02,+3.584400E+04
13:23:05,0e0,+1.782278E+00,+1.116000E-04,+9.910000E+37,+3.189365E+02,+3.584400E+04,+1.782139E+00,+1.116000E-04,+9.910000E+37,+3.190039E+02,+3.584400E+04,+1.782229E+00,+1.116000E-04,+9.910000E+37,+3.190703E+02,+3.584400E+04,-4.137158E-02,+0.000000E+00,+9.910000E+37,+3.191377E+02,+3.584400E+04
13:23:05,0e0,+1.872474E+00,+1.245000E-04,+9.910000E+37,+3.193672E+02,+3.584400E+04,+1.872339E+00,+1.245000E-04,+9.910000E+37,+3.194336E+02,+3.584400E+04,+1.871106E+00,+1.245000E-04,+9.910000E+37,+3.195000E+02,+3.584400E+04,-4.232785E-02,+0.000000E+00,+9.910000E+37,+3.195664E+02,+3.584400E+04
13:23:05,0e0,+1.965367E+00,+1.389500E-04,+9.910000E+37,+3.197949E+02,+3.584400E+04,+1.965542E+00,+1.389500E-04,+9.910000E+37,+3.198613E+02,+3.584400E+04,+1.966091E+00,+1.389500E-04,+9.910000E+37,+3.199277E+02,+3.584400E+04,-4.296546E-02,+0.000000E+00,+9.910000E+37,+3.199941E+02,+3.584400E+04
13:23:05,0e0,+2.062757E+00,+1.550500E-04,+9.910000E+37,+3.202227E+02,+3.584400E+04,+2.062439E+00,+1.550500E-04,+9.910000E+37,+3.202891E+02,+3.584400E+04,+2.062438E+00,+1.550500E-04,+9.910000E+37,+3.203564E+02,+3.584400E+04,-4.241899E-02,+0.000000E+00,+9.910000E+37,+3.204229E+02,+3.584400E+04
13:23:05,0e0,+2.162748E+00,+1.730000E-04,+9.910000E+37,+3.206494E+02,+3.584400E+04,+2.162793E+00,+1.730000E-04,+9.910000E+37,+3.207148E+02,+3.584400E+04,+2.162110E+00,+1.730000E-04,+9.910000E+37,+3.207822E+02,+3.584400E+04,-4.278307E-02,+0.000000E+00,+9.910000E+37,+3.208486E+02,+3.584400E+04
13:23:05,0e0,+2.265378E+00,+1.930500E-04,+9.910000E+37,+3.210762E+02,+3.584400E+04,+2.265744E+00,+1.930500E-04,+9.910000E+37,+3.211426E+02,+3.584400E+04,+2.266336E+00,+1.930500E-04,+9.910000E+37,+3.212100E+02,+3.584400E+04,-4.169041E-02,+0.000000E+00,+9.910000E+37,+3.212764E+02,+3.584400E+04
13:23:05,0e0,+2.371976E+00,+2.154500E-04,+9.910000E+37,+3.215029E+02,+3.584400E+04,+2.371104E+00,+2.154500E-04,+9.910000E+37,+3.215703E+02,+3.584400E+04,+2.373883E+00,+2.154500E-04,+9.910000E+37,+3.216367E+02,+3.584400E+04,-4.100738E-02,+0.000000E+00,+9.910000E+37,+3.217041E+02,+3.584400E+04
13:23:05,0e0,+2.477746E+00,+2.404000E-04,+9.910000E+37,+3.219297E+02,+3.584400E+04,+2.480702E+00,+2.404000E-04,+9.910000E+37,+3.219971E+02,+3.584400E+04,+2.480933E+00,+2.404000E-04,+9.910000E+37,+3.220635E+02,+3.584400E+04,-4.214531E-02,+0.000000E+00,+9.910000E+37,+3.221309E+02,+3.584400E+04
13:23:05,0e0,+2.588393E+00,+2.682500E-04,+9.910000E+37,+3.223555E+02,+3.584400E+04,+2.588983E+00,+2.682500E-04,+9.910000E+37,+3.224209E+02,+3.584400E+04,+2.589709E+00,+2.682500E-04,+9.910000E+37,+3.224883E+02,+3.584400E+04,-4.296511E-02,+0.000000E+00,+9.910000E+37,+3.225537E+02,+3.584400E+04
13:23:05,0e0,+2.698811E+00,+2.993500E-04,+9.910000E+37,+3.227842E+02,+3.584400E+04,+2.698396E+00,+2.993500E-04,+9.910000E+37,+3.228496E+02,+3.584400E+04,+2.699994E+00,+2.993500E-04,+9.910000E+37,+3.229170E+02,+3.584400E+04,-4.187261E-02,+0.000000E+00,+9.910000E+37,+3.229824E+02,+3.584400E+04
13:23:05,0e0,+2.808676E+00,+3.340500E-04,+9.910000E+37,+3.232051E+02,+3.584400E+04,+2.809226E+00,+3.340500E-04,+9.910000E+37,+3.232715E+02,+3.584400E+04,+2.808725E+00,+3.340500E-04,+9.910000E+37,+3.233389E+02,+3.584400E+04,-4.091646E-02,+0.000000E+00,+9.910000E+37,+3.234043E+02,+3.584400E+04
13:23:05,0e0,+2.916871E+00,+3.727500E-04,+9.910000E+37,+3.236357E+02,+3.584400E+04,+2.917316E+00,+3.727500E-04,+9.910000E+37,+3.237012E+02,+3.584400E+04,+2.918596E+00,+3.727500E-04,+9.910000E+37,+3.237686E+02,+3.584400E+04,-4.109840E-02,+0.000000E+00,+9.910000E+37,+3.238340E+02,+3.584400E+04
13:23:05,0e0,+3.023638E+00,+4.159500E-04,+9.910000E+37,+3.240586E+02,+3.584400E+04,+3.027692E+00,+4.159500E-04,+9.910000E+37,+3.241250E+02,+3.584400E+04,+3.025183E+00,+4.159500E-04,+9.910000E+37,+3.241914E+02,+3.584400E+04,-4.210018E-02,+0.000000E+00,+9.910000E+37,+3.242588E+02,+3.584400E+04
13:23:05,0e0,+3.130824E+00,+4.641500E-04,+9.910000E+37,+3.244873E+02,+3.584400E+04,+3.130728E+00,+4.641500E-04,+9.910000E+37,+3.245527E+02,+3.584400E+04,+3.132195E+00,+4.641500E-04,+9.910000E+37,+3.246191E+02,+3.584400E+04,-4.178159E-02,+0.000000E+00,+9.910000E+37,+3.246865E+02,+3.584400E+04
13:23:05,0e0,+3.234967E+00,+5.179500E-04,+9.910000E+37,+3.249131E+02,+3.584400E+04,+3.236187E+00,+5.179500E-04,+9.910000E+37,+3.249795E+02,+3.584400E+04,+3.237835E+00,+5.179500E-04,+9.910000E+37,+3.250469E+02,+3.584400E+04,-4.150827E-02,+0.000000E+00,+9.910000E+37,+3.251123E+02,+3.584400E+04
13:23:05,0e0,+3.338591E+00,+5.779500E-04,+9.910000E+37,+3.253516E+02,+3.584400E+04,+3.340327E+00,+5.779500E-04,+9.910000E+37,+3.254180E+02,+3.584400E+04,+3.338680E+00,+5.779500E-04,+9.910000E+37,+3.254854E+02,+3.584400E+04,-4.214597E-02,+0.000000E+00,+9.910000E+37,+3.255518E+02,+3.584400E+04
13:23:05,0e0,+3.439222E+00,+6.449500E-04,+9.910000E+37,+3.257822E+02,+3.584400E+04,+3.441586E+00,+6.449500E-04,+9.910000E+37,+3.258496E+02,+3.584400E+04,+3.441545E+00,+6.449500E-04,+9.910000E+37,+3.259160E+02,+3.584400E+04,-4.191770E-02,+0.000000E+00,+9.910000E+37,+3.259824E+02,+3.584400E+04
13:23:05,0e0,+3.540996E+00,+7.197000E-04,+9.910000E+37,+3.262090E+02,+3.584400E+04,+3.542035E+00,+7.197000E-04,+9.910000E+37,+3.262744E+02,+3.584400E+04,+3.540299E+00,+7.197000E-04,+9.910000E+37,+3.263418E+02,+3.584400E+04,-4.077962E-02,+0.000000E+00,+9.910000E+37,+3.264082E+02,+3.584400E+04
13:23:05,0e0,+3.640295E+00,+8.031000E-04,+9.910000E+37,+3.266367E+02,+3.584400E+04,+3.642574E+00,+8.031000E-04,+9.910000E+37,+3.267041E+02,+3.584400E+04,+3.642205E+00,+8.031000E-04,+9.910000E+37,+3.267705E+02,+3.584400E+04,-4.210056E-02,+0.000000E+00,+9.910000E+37,+3.268359E+02,+3.584400E+04
13:23:05,0e0,+3.740921E+00,+8.961500E-04,+9.910000E+37,+3.270635E+02,+3.584400E+04,+3.742514E+00,+8.961500E-04,+9.910000E+37,+3.271299E+02,+3.584400E+04,+3.741149E+00,+8.961500E-04,+9.910000E+37,+3.271973E+02,+3.584400E+04,-4.273793E-02,+0.000000E+00,+9.910000E+37,+3.272627E+02,+3.584400E+04
13:23:05,0e0,+3.840185E+00,+1.000000E-03,+9.910000E+37,+3.274805E+02,+3.584400E+04,+3.841501E+00,+1.000000E-03,+9.910000E+37,+3.275479E+02,+3.584400E+04,+3.841826E+00,+1.000000E-03,+9.910000E+37,+3.276143E+02,+3.584400E+04,-4.150827E-02,+0.000000E+00,+9.910000E+37,+3.276816E+02,+3.584400E+04
13:23:05,0e0,+3.928700E+00,+1.116000E-03,+9.910000E+37,+3.279063E+02,+3.584400E+04,+3.929392E+00,+1.116000E-03,+9.910000E+37,+3.279727E+02,+3.584400E+04,+3.928101E+00,+1.116000E-03,+9.910000E+37,+3.280400E+02,+3.584400E+04,-7.527676E-01,+0.000000E+00,+9.910000E+37,+3.281064E+02,+3.584400E+04
13:23:05,0e0,+4.026004E+00,+1.245000E-03,+9.910000E+37,+3.283389E+02,+3.584400E+04,+4.027779E+00,+1.245000E-03,+9.910000E+37,+3.284063E+02,+3.584400E+04,+4.026961E+00,+1.245000E-03,+9.910000E+37,+3.284727E+02,+3.584400E+04,-7.665188E-01,+0.000000E+00,+9.910000E+37,+3.285391E+02,+3.584400E+04
13:23:05,0e0,+4.124497E+00,+1.389500E-03,+9.910000E+37,+3.287666E+02,+3.584400E+04,+4.125866E+00,+1.389500E-03,+9.910000E+37,+3.288340E+02,+3.584400E+04,+4.126636E+00,+1.389500E-03,+9.910000E+37,+3.289004E+02,+3.584400E+04,-7.280872E-01,+0.000000E+00,+9.910000E+37,+3.289668E+02,+3.584400E+04
13:23:05,0e0,+4.222979E+00,+1.550500E-03,+9.910000E+37,+3.291963E+02,+3.584400E+04,+4.224798E+00,+1.550500E-03,+9.910000E+37,+3.292637E+02,+3.584400E+04,+4.225301E+00,+1.550500E-03,+9.910000E+37,+3.293291E+02,+3.584400E+04,-7.570022E-01,+0.000000E+00,+9.910000E+37,+3.293965E+02,+3.584400E+04
13:23:05,0e0,+4.321100E+00,+1.730000E-03,+9.910000E+37,+3.296230E+02,+3.584400E+04,+4.323882E+00,+1.730000E-03,+9.910000E+37,+3.296895E+02,+3.584400E+04,+4.321918E+00,+1.730000E-03,+9.910000E+37,+3.297568E+02,+3.584400E+04,-7.539060E-01,+0.000000E+00,+9.910000E+37,+3.298232E+02,+3.584400E+04
13:23:05,0e0,+4.419949E+00,+1.930500E-03,+9.910000E+37,+3.300459E+02,+3.584400E+04,+4.423054E+00,+1.930500E-03,+9.910000E+37,+3.301123E+02,+3.584400E+04,+4.420270E+00,+1.930500E-03,+9.910000E+37,+3.301787E+02,+3.584400E+04,-7.645603E-01,+0.000000E+00,+9.910000E+37,+3.302461E+02,+3.584400E+04
13:23:05,0e0,+4.520174E+00,+2.154500E-03,+9.910000E+37,+3.304756E+02,+3.584400E+04,+4.522639E+00,+2.154500E-03,+9.910000E+37,+3.305420E+02,+3.584400E+04,+4.522952E+00,+2.154500E-03,+9.910000E+37,+3.306084E+02,+3.584400E+04,-7.510377E-01,+0.000000E+00,+9.910000E+37,+3.306758E+02,+3.584400E+04
13:23:05,0e0,+4.621993E+00,+2.404000E-03,+9.910000E+37,+3.309043E+02,+3.584400E+04,+4.622071E+00,+2.404000E-03,+9.910000E+37,+3.309707E+02,+3.584400E+04,+4.621253E+00,+2.404000E-03,+9.910000E+37,+3.310381E+02,+3.584400E+04,-7.174320E-01,+0.000000E+00,+9.910000E+37,+3.311035E+02,+3.584400E+04
13:23:05,0e0,+4.724154E+00,+2.682500E-03,+9.910000E+37,+3.313301E+02,+3.584400E+04,+4.724291E+00,+2.682500E-03,+9.910000E+37,+3.313955E+02,+3.584400E+04,+4.723428E+00,+2.682500E-03,+9.910000E+37,+3.314629E+02,+3.584400E+04,-7.433413E-01,+0.000000E+00,+9.910000E+37,+3.315293E+02,+3.584400E+04
13:23:05,0e0,+4.827607E+00,+2.993500E-03,+9.910000E+37,+3.317559E+02,+3.584400E+04,+4.829988E+00,+2.993500E-03,+9.910000E+37,+3.318232E+02,+3.584400E+04,+4.827927E+00,+2.993500E-03,+9.910000E+37,+3.318887E+02,+3.584400E+04,-7.055925E-01,+0.000000E+00,+9.910000E+37,+3.319561E+02,+3.584400E+04
13:23:05,0e0,+4.935754E+00,+3.340500E-03,+9.910000E+37,+3.321807E+02,+3.584400E+04,+4.935154E+00,+3.340500E-03,+9.910000E+37,+3.322480E+02,+3.584400E+04,+4.935255E+00,+3.340500E-03,+9.910000E+37,+3.323145E+02,+3.584400E+04,-7.316391E-01,+0.000000E+00,+9.910000E+37,+3.323818E+02,+3.584400E+04
13:23:05,0e0,+5.046393E+00,+3.727500E-03,+9.910000E+37,+3.326104E+02,+3.584400E+04,+5.046946E+00,+3.727500E-03,+9.910000E+37,+3.326768E+02,+3.584400E+04,+5.044811E+00,+3.727500E-03,+9.910000E+37,+3.327441E+02,+3.584400E+04,-6.993076E-01,+0.000000E+00,+9.910000E+37,+3.328105E+02,+3.584400E+04
13:23:05,0e0,+5.157763E+00,+4.159500E-03,+9.910000E+37,+3.330332E+02,+3.584400E+04,+5.159508E+00,+4.159500E-03,+9.910000E+37,+3.330996E+02,+3.584400E+04,+5.158050E+00,+4.159500E-03,+9.910000E+37,+3.331660E+02,+3.584400E+04,-7.046360E-01,+0.000000E+00,+9.910000E+37,+3.332314E+02,+3.584400E+04
13:23:05,0e0,+5.275424E+00,+4.641500E-03,+9.910000E+37,+3.334570E+02,+3.584400E+04,+5.277348E+00,+4.641500E-03,+9.910000E+37,+3.335244E+02,+3.584400E+04,+5.274565E+00,+4.641500E-03,+9.910000E+37,+3.335898E+02,+3.584400E+04,-6.927060E-01,+0.000000E+00,+9.910000E+37,+3.336572E+02,+3.584400E+04
13:23:05,0e0,+5.398225E+00,+5.179500E-03,+9.910000E+37,+3.338848E+02,+3.584400E+04,+5.398693E+00,+5.179500E-03,+9.910000E+37,+3.339521E+02,+3.584400E+04,+5.394991E+00,+5.179500E-03,+9.910000E+37,+3.340176E+02,+3.584400E+04,-6.850090E-01,+0.000000E+00,+9.910000E+37,+3.340850E+02,+3.584400E+04
13:23:05,0e0,+5.524758E+00,+5.779500E-03,+9.910000E+37,+3.343135E+02,+3.584400E+04,+5.523297E+00,+5.779500E-03,+9.910000E+37,+3.343799E+02,+3.584400E+04,+5.521722E+00,+5.779500E-03,+9.910000E+37,+3.344473E+02,+3.584400E+04,-6.621060E-01,+0.000000E+00,+9.910000E+37,+3.345137E+02,+3.584400E+04
13:23:05,0e0,+5.657088E+00,+6.449500E-03,+9.910000E+37,+3.347412E+02,+3.584400E+04,+5.654494E+00,+6.449500E-03,+9.910000E+37,+3.348086E+02,+3.584400E+04,+5.651299E+00,+6.449500E-03,+9.910000E+37,+3.348740E+02,+3.584400E+04,-6.585992E-01,+0.000000E+00,+9.910000E+37,+3.349404E+02,+3.584400E+04
13:23:05,0e0,+5.792038E+00,+7.197000E-03,+9.910000E+37,+3.351670E+02,+3.584400E+04,+5.790094E+00,+7.197000E-03,+9.910000E+37,+3.352344E+02,+3.584400E+04,+5.787495E+00,+7.197000E-03,+9.910000E+37,+3.353008E+02,+3.584400E+04,-6.223521E-01,+0.000000E+00,+9.910000E+37,+3.353682E+02,+3.584400E+04
13:23:05,0e0,+5.933743E+00,+8.031000E-03,+9.910000E+37,+3.355957E+02,+3.584400E+04,+5.931566E+00,+8.031000E-03,+9.910000E+37,+3.356621E+02,+3.584400E+04,+5.928106E+00,+8.031000E-03,+9.910000E+37,+3.357295E+02,+3.584400E+04,-6.410224E-01,+0.000000E+00,+9.910000E+37,+3.357949E+02,+3.584400E+04
13:23:05,0e0,+6.083640E+00,+8.961500E-03,+9.910000E+37,+3.360225E+02,+3.584400E+04,+6.079076E+00,+8.961500E-03,+9.910000E+37,+3.360889E+02,+3.584400E+04,+6.075081E+00,+8.961500E-03,+9.910000E+37,+3.361553E+02,+3.584400E+04,-5.929820E-01,+0.000000E+00,+9.910000E+37,+3.362227E+02,+3.584400E+04
