13:32:03,0e0,+6.565779E-03,+1.000000E-07,+9.910000E+37,+8.193643E+02,+3.584400E+04,+5.609304E-03,+1.000000E-07,+9.910000E+37,+8.194307E+02,+3.584400E+04,+3.378004E-03,+1.000000E-07,+9.910000E+37,+8.194980E+02,+3.584400E+04,-1.028103E-02,+0.000000E+00,+9.910000E+37,+8.195635E+02,+3.584400E+04
13:32:03,0e0,+6.291777E-03,+1.116000E-07,+9.910000E+37,+8.197871E+02,+3.584400E+04,+6.656900E-03,+1.116000E-07,+9.910000E+37,+8.198535E+02,+3.584400E+04,+7.840186E-03,+1.116000E-07,+9.910000E+37,+8.199199E+02,+3.584400E+04,-1.187491E-02,+0.000000E+00,+9.910000E+37,+8.199863E+02,+3.584400E+04
13:32:03,0e0,+8.432090E-03,+1.245000E-07,+9.910000E+37,+8.202119E+02,+3.584400E+04,+9.889215E-03,+1.245000E-07,+9.910000E+37,+8.202783E+02,+3.584400E+04,+1.016247E-02,+1.245000E-07,+9.910000E+37,+8.203447E+02,+3.584400E+04,-1.141958E-02,+0.000000E+00,+9.910000E+37,+8.204121E+02,+3.584400E+04
13:32:03,0e0,+1.189245E-02,+1.389500E-07,+9.910000E+37,+8.206436E+02,+3.584400E+04,+1.180147E-02,+1.389500E-07,+9.910000E+37,+8.207100E+02,+3.584400E+04,+1.057160E-02,+1.389500E-07,+9.910000E+37,+8.207764E+02,+3.584400E+04,-1.160128E-02,+0.000000E+00,+9.910000E+37,+8.208428E+02,+3.584400E+04
13:32:03,0e0,+1.398689E-02,+1.550500E-07,+9.910000E+37,+8.210674E+02,+3.584400E+04,+1.412354E-02,+1.550500E-07,+9.910000E+37,+8.211338E+02,+3.584400E+04,+1.426013E-02,+1.550500E-07,+9.910000E+37,+8.212012E+02,+3.584400E+04,-1.173830E-02,+0.000000E+00,+9.910000E+37,+8.212666E+02,+3.584400E+04
13:32:03,0e0,+1.662768E-02,+1.730000E-07,+9.910000E+37,+8.214971E+02,+3.584400E+04,+1.721959E-02,+1.730000E-07,+9.910000E+37,+8.215635E+02,+3.584400E+04,+1.721965E-02,+1.730000E-07,+9.910000E+37,+8.216309E+02,+3.584400E+04,-1.301338E-02,+0.000000E+00,+9.910000E+37,+8.216982E+02,+3.584400E+04
13:32:03,0e0,+2.186419E-02,+1.930500E-07,+9.910000E+37,+8.219209E+02,+3.584400E+04,+2.095355E-02,+1.930500E-07,+9.910000E+37,+8.219883E+02,+3.584400E+04,+2.077127E-02,+1.930500E-07,+9.910000E+37,+8.220557E+02,+3.584400E+04,-1.251194E-02,+0.000000E+00,+9.910000E+37,+8.221211E+02,+3.584400E+04
13:32:03,0e0,+2.432306E-02,+2.154500E-07,+9.910000E+37,+8.223506E+02,+3.584400E+04,+2.436842E-02,+2.154500E-07,+9.910000E+37,+8.224180E+02,+3.584400E+04,+2.345742E-02,+2.154500E-07,+9.910000E+37,+8.224854E+02,+3.584400E+04,-1.210243E-02,+0.000000E+00,+9.910000E+37,+8.225508E+02,+3.584400E+04
13:32:03,0e0,+2.823806E-02,+2.404000E-07,+9.910000E+37,+8.227754E+02,+3.584400E+04,+2.760136E-02,+2.404000E-07,+9.910000E+37,+8.228418E+02,+3.584400E+04,+2.791947E-02,+2.404000E-07,+9.910000E+37,+8.229082E+02,+3.584400E+04,-1.214805E-02,+0.000000E+00,+9.910000E+37,+8.229746E+02,+3.584400E+04
13:32:03,0e0,+3.224495E-02,+2.682500E-07,+9.910000E+37,+8.232100E+02,+3.584400E+04,+3.242764E-02,+2.682500E-07,+9.910000E+37,+8.232764E+02,+3.584400E+04,+3.010494E-02,+2.682500E-07,+9.910000E+37,+8.233428E+02,+3.584400E+04,-1.283112E-02,+0.000000E+00,+9.910000E+37,+8.234092E+02,+3.584400E+04
13:32:03,0e0,+3.702551E-02,+2.993500E-07,+9.910000E+37,+8.236338E+02,+3.584400E+04,+3.711718E-02,+2.993500E-07,+9.910000E+37,+8.237002E+02,+3.584400E+04,+3.743556E-02,+2.993500E-07,+9.910000E+37,+8.237666E+02,+3.584400E+04,-1.196586E-02,+0.000000E+00,+9.910000E+37,+8.238330E+02,+3.584400E+04
13:32:03,0e0,+4.390058E-02,+3.340500E-07,+9.910000E+37,+8.240605E+02,+3.584400E+04,+4.189751E-02,+3.340500E-07,+9.910000E+37,+8.241279E+02,+3.584400E+04,+4.230762E-02,+3.340500E-07,+9.910000E+37,+8.241953E+02,+3.584400E+04,-1.187479E-02,+0.000000E+00,+9.910000E+37,+8.242627E+02,+3.584400E+04
13:32:03,0e0,+4.836306E-02,+3.727500E-07,+9.910000E+37,+8.244902E+02,+3.584400E+04,+4.754281E-02,+3.727500E-07,+9.910000E+37,+8.245566E+02,+3.584400E+04,+4.854482E-02,+3.727500E-07,+9.910000E+37,+8.246230E+02,+3.584400E+04,-1.255794E-02,+0.000000E+00,+9.910000E+37,+8.246904E+02,+3.584400E+04
13:32:03,0e0,+5.582991E-02,+4.159500E-07,+9.910000E+37,+8.249131E+02,+3.584400E+04,+5.505562E-02,+4.159500E-07,+9.910000E+37,+8.249795E+02,+3.584400E+04,+5.387193E-02,+4.159500E-07,+9.910000E+37,+8.250459E+02,+3.584400E+04,-1.187477E-02,+0.000000E+00,+9.910000E+37,+8.251133E+02,+3.584400E+04
13:32:03,0e0,+6.193140E-02,+4.641500E-07,+9.910000E+37,+8.253506E+02,+3.584400E+04,+6.338829E-02,+4.641500E-07,+9.910000E+37,+8.254180E+02,+3.584400E+04,+6.188601E-02,+4.641500E-07,+9.910000E+37,+8.254854E+02,+3.584400E+04,-1.374194E-02,+0.000000E+00,+9.910000E+37,+8.255527E+02,+3.584400E+04
13:32:03,0e0,+6.985363E-02,+5.179500E-07,+9.910000E+37,+8.257832E+02,+3.584400E+04,+7.012671E-02,+5.179500E-07,+9.910000E+37,+8.258496E+02,+3.584400E+04,+6.962636E-02,+5.179500E-07,+9.910000E+37,+8.259160E+02,+3.584400E+04,-1.305880E-02,+0.000000E+00,+9.910000E+37,+8.259824E+02,+3.584400E+04
13:32:03,0e0,+7.927904E-02,+5.779500E-07,+9.910000E+37,+8.262109E+02,+3.584400E+04,+7.996139E-02,+5.779500E-07,+9.910000E+37,+8.262773E+02,+3.584400E+04,+7.818511E-02,+5.779500E-07,+9.910000E+37,+8.263438E+02,+3.584400E+04,-1.296753E-02,+0.000000E+00,+9.910000E+37,+8.264102E+02,+3.584400E+04
13:32:03,0e0,+8.924997E-02,+6.449500E-07,+9.910000E+37,+8.266455E+02,+3.584400E+04,+8.843029E-02,+6.449500E-07,+9.910000E+37,+8.267119E+02,+3.584400E+04,+8.852109E-02,+6.449500E-07,+9.910000E+37,+8.267793E+02,+3.584400E+04,-1.205708E-02,+0.000000E+00,+9.910000E+37,+8.268447E+02,+3.584400E+04
13:32:03,0e0,+9.922132E-02,+7.197000E-07,+9.910000E+37,+8.270752E+02,+3.584400E+04,+9.990418E-02,+7.197000E-07,+9.910000E+37,+8.271416E+02,+3.584400E+04,+9.990421E-02,+7.197000E-07,+9.910000E+37,+8.272090E+02,+3.584400E+04,-1.233014E-02,+0.000000E+00,+9.910000E+37,+8.272744E+02,+3.584400E+04
13:32:03,0e0,+1.094196E-01,+8.031000E-07,+9.910000E+37,+8.275088E+02,+3.584400E+04,+1.094203E-01,+8.031000E-07,+9.910000E+37,+8.275752E+02,+3.584400E+04,+1.106951E-01,+8.031000E-07,+9.910000E+37,+8.276426E+02,+3.584400E+04,-1.091833E-02,+0.000000E+00,+9.910000E+37,+8.277100E+02,+3.584400E+04
13:32:03,0e0,+1.242180E-01,+8.961500E-07,+9.910000E+37,+8.279414E+02,+3.584400E+04,+1.238082E-01,+8.961500E-07,+9.910000E+37,+8.280078E+02,+3.584400E+04,+1.241721E-01,+8.961500E-07,+9.910000E+37,+8.280742E+02,+3.584400E+04,-1.182929E-02,+0.000000E+00,+9.910000E+37,+8.281406E+02,+3.584400E+04
13:32:03,0e0,+1.368754E-01,+1.000000E-06,+9.910000E+37,+8.283604E+02,+3.584400E+04,+1.384236E-01,+1.000000E-06,+9.910000E+37,+8.284268E+02,+3.584400E+04,+1.388333E-01,+1.000000E-06,+9.910000E+37,+8.284932E+02,+3.584400E+04,-1.260351E-02,+0.000000E+00,+9.910000E+37,+8.285596E+02,+3.584400E+04
13:32:03,0e0,+1.400172E-01,+1.116000E-06,+9.910000E+37,+8.287832E+02,+3.584400E+04,+1.397892E-01,+1.116000E-06,+9.910000E+37,+8.288496E+02,+3.584400E+04,+1.391969E-01,+1.116000E-06,+9.910000E+37,+8.289160E+02,+3.584400E+04,-1.214808E-02,+0.000000E+00,+9.910000E+37,+8.289834E+02,+3.584400E+04
13:32:03,0e0,+1.553154E-01,+1.245000E-06,+9.910000E+37,+8.292080E+02,+3.584400E+04,+1.557709E-01,+1.245000E-06,+9.910000E+37,+8.292744E+02,+3.584400E+04,+1.544962E-01,+1.245000E-06,+9.910000E+37,+8.293418E+02,+3.584400E+04,-1.219366E-02,+0.000000E+00,+9.910000E+37,+8.294092E+02,+3.584400E+04
13:32:03,0e0,+1.715698E-01,+1.389500E-06,+9.910000E+37,+8.296318E+02,+3.584400E+04,+1.725720E-01,+1.389500E-06,+9.910000E+37,+8.296982E+02,+3.584400E+04,+1.725263E-01,+1.389500E-06,+9.910000E+37,+8.297646E+02,+3.584400E+04,-1.201133E-02,+0.000000E+00,+9.910000E+37,+8.298311E+02,+3.584400E+04
13:32:03,0e0,+1.892364E-01,+1.550500E-06,+9.910000E+37,+8.300576E+02,+3.584400E+04,+1.910121E-01,+1.550500E-06,+9.910000E+37,+8.301240E+02,+3.584400E+04,+1.898745E-01,+1.550500E-06,+9.910000E+37,+8.301914E+02,+3.584400E+04,-1.264893E-02,+0.000000E+00,+9.910000E+37,+8.302568E+02,+3.584400E+04
13:32:03,0e0,+2.093611E-01,+1.730000E-06,+9.910000E+37,+8.304873E+02,+3.584400E+04,+2.106360E-01,+1.730000E-06,+9.910000E+37,+8.305547E+02,+3.584400E+04,+2.089969E-01,+1.730000E-06,+9.910000E+37,+8.306201E+02,+3.584400E+04,-1.100990E-02,+0.000000E+00,+9.910000E+37,+8.306865E+02,+3.584400E+04
13:32:03,0e0,+2.304883E-01,+1.930500E-06,+9.910000E+37,+8.309229E+02,+3.584400E+04,+2.309888E-01,+1.930500E-06,+9.910000E+37,+8.309902E+02,+3.584400E+04,+2.308978E-01,+1.930500E-06,+9.910000E+37,+8.310557E+02,+3.584400E+04,-1.242121E-02,+0.000000E+00,+9.910000E+37,+8.311221E+02,+3.584400E+04
13:32:03,0e0,+2.540275E-01,+2.154500E-06,+9.910000E+37,+8.313457E+02,+3.584400E+04,+2.538906E-01,+2.154500E-06,+9.910000E+37,+8.314121E+02,+3.584400E+04,+2.543916E-01,+2.154500E-06,+9.910000E+37,+8.314795E+02,+3.584400E+04,-1.155618E-02,+0.000000E+00,+9.910000E+37,+8.315449E+02,+3.584400E+04
13:32:03,0e0,+2.788874E-01,+2.404000E-06,+9.910000E+37,+8.317705E+02,+3.584400E+04,+2.787962E-01,+2.404000E-06,+9.910000E+37,+8.318359E+02,+3.584400E+04,+2.782033E-01,+2.404000E-06,+9.910000E+37,+8.319023E+02,+3.584400E+04,-1.069114E-02,+0.000000E+00,+9.910000E+37,+8.319697E+02,+3.584400E+04
13:32:03,0e0,+3.071620E-01,+2.682500E-06,+9.910000E+37,+8.322031E+02,+3.584400E+04,+3.066158E-01,+2.682500E-06,+9.910000E+37,+8.322695E+02,+3.584400E+04,+3.077082E-01,+2.682500E-06,+9.910000E+37,+8.323369E+02,+3.584400E+04,-1.182924E-02,+0.000000E+00,+9.910000E+37,+8.324033E+02,+3.584400E+04
13:32:03,0e0,+3.358920E-01,+2.993500E-06,+9.910000E+37,+8.326338E+02,+3.584400E+04,+3.362116E-01,+2.993500E-06,+9.910000E+37,+8.327002E+02,+3.584400E+04,+3.363929E-01,+2.993500E-06,+9.910000E+37,+8.327666E+02,+3.584400E+04,-1.255819E-02,+0.000000E+00,+9.910000E+37,+8.328330E+02,+3.584400E+04
13:32:03,0e0,+3.685831E-01,+3.340500E-06,+9.910000E+37,+8.330703E+02,+3.584400E+04,+3.691300E-01,+3.340500E-06,+9.910000E+37,+8.331377E+02,+3.584400E+04,+3.675815E-01,+3.340500E-06,+9.910000E+37,+8.332031E+02,+3.584400E+04,-1.255806E-02,+0.000000E+00,+9.910000E+37,+8.332695E+02,+3.584400E+04
13:32:03,0e0,+4.046904E-01,+3.727500E-06,+9.910000E+37,+8.334932E+02,+3.584400E+04,+4.040524E-01,+3.727500E-06,+9.910000E+37,+8.335596E+02,+3.584400E+04,+4.050996E-01,+3.727500E-06,+9.910000E+37,+8.336270E+02,+3.584400E+04,-1.137421E-02,+0.000000E+00,+9.910000E+37,+8.336943E+02,+3.584400E+04
13:32:03,0e0,+4.435281E-01,+4.159500E-06,+9.910000E+37,+8.339229E+02,+3.584400E+04,+4.412042E-01,+4.159500E-06,+9.910000E+37,+8.339902E+02,+3.584400E+04,+4.433013E-01,+4.159500E-06,+9.910000E+37,+8.340557E+02,+3.584400E+04,-1.169291E-02,+0.000000E+00,+9.910000E+37,+8.341221E+02,+3.584400E+04
13:32:03,0e0,+4.852347E-01,+4.641500E-06,+9.910000E+37,+8.343496E+02,+3.584400E+04,+4.860995E-01,+4.641500E-06,+9.910000E+37,+8.344160E+02,+3.584400E+04,+4.851887E-01,+4.641500E-06,+9.910000E+37,+8.344814E+02,+3.584400E+04,-1.283158E-02,+0.000000E+00,+9.910000E+37,+8.345479E+02,+3.584400E+04
13:32:03,0e0,+5.313583E-01,+5.179500E-06,+9.910000E+37,+8.347793E+02,+3.584400E+04,+5.309924E-01,+5.179500E-06,+9.910000E+37,+8.348457E+02,+3.584400E+04,+5.304472E-01,+5.179500E-06,+9.910000E+37,+8.349111E+02,+3.584400E+04,-1.201154E-02,+0.000000E+00,+9.910000E+37,+8.349775E+02,+3.584400E+04
13:32:03,0e0,+5.809876E-01,+5.779500E-06,+9.910000E+37,+8.352090E+02,+3.584400E+04,+5.792549E-01,+5.779500E-06,+9.910000E+37,+8.352754E+02,+3.584400E+04,+5.809862E-01,+5.779500E-06,+9.910000E+37,+8.353428E+02,+3.584400E+04,-1.223928E-02,+0.000000E+00,+9.910000E+37,+8.354102E+02,+3.584400E+04
13:32:03,0e0,+6.359439E-01,+6.449500E-06,+9.910000E+37,+8.356367E+02,+3.584400E+04,+6.356688E-01,+6.449500E-06,+9.910000E+37,+8.357021E+02,+3.584400E+04,+6.355323E-01,+6.449500E-06,+9.910000E+37,+8.357686E+02,+3.584400E+04,-1.333244E-02,+0.000000E+00,+9.910000E+37,+8.358359E+02,+3.584400E+04
13:32:03,0e0,+6.959984E-01,+7.197000E-06,+9.910000E+37,+8.360615E+02,+3.584400E+04,+6.958139E-01,+7.197000E-06,+9.910000E+37,+8.361279E+02,+3.584400E+04,+6.963171E-01,+7.197000E-06,+9.910000E+37,+8.361953E+02,+3.584400E+04,-1.137415E-02,+0.000000E+00,+9.910000E+37,+8.362627E+02,+3.584400E+04
13:32:03,0e0,+7.608345E-01,+8.031000E-06,+9.910000E+37,+8.364893E+02,+3.584400E+04,+7.610621E-01,+8.031000E-06,+9.910000E+37,+8.365566E+02,+3.584400E+04,+7.604245E-01,+8.031000E-06,+9.910000E+37,+8.366240E+02,+3.584400E+04,-1.110087E-02,+0.000000E+00,+9.910000E+37,+8.366895E+02,+3.584400E+04
13:32:03,0e0,+8.273985E-01,+8.961500E-06,+9.910000E+37,+8.369121E+02,+3.584400E+04,+8.294479E-01,+8.961500E-06,+9.910000E+37,+8.369775E+02,+3.584400E+04,+8.299040E-01,+8.961500E-06,+9.910000E+37,+8.370439E+02,+3.584400E+04,-1.301380E-02,+0.000000E+00,+9.910000E+37,+8.371104E+02,+3.584400E+04
13:32:03,0e0,+9.048029E-01,+1.000000E-05,+9.910000E+37,+8.373369E+02,+3.584400E+04,+9.049864E-01,+1.000000E-05,+9.910000E+37,+8.374043E+02,+3.584400E+04,+9.043025E-01,+1.000000E-05,+9.910000E+37,+8.374697E+02,+3.584400E+04,-1.123722E-02,+0.000000E+00,+9.910000E+37,+8.375361E+02,+3.584400E+04
13:32:03,0e0,+9.729635E-01,+1.116000E-05,+9.910000E+37,+8.377568E+02,+3.584400E+04,+9.732832E-01,+1.116000E-05,+9.910000E+37,+8.378242E+02,+3.584400E+04,+9.736466E-01,+1.116000E-05,+9.910000E+37,+8.378896E+02,+3.584400E+04,-1.205708E-02,+0.000000E+00,+9.910000E+37,+8.379561E+02,+3.584400E+04
13:32:03,0e0,+1.056332E+00,+1.245000E-05,+9.910000E+37,+8.381826E+02,+3.584400E+04,+1.057240E+00,+1.245000E-05,+9.910000E+37,+8.382490E+02,+3.584400E+04,+1.056512E+00,+1.245000E-05,+9.910000E+37,+8.383164E+02,+3.584400E+04,-1.223926E-02,+0.000000E+00,+9.910000E+37,+8.383818E+02,+3.584400E+04
13:32:03,0e0,+1.147667E+00,+1.389500E-05,+9.910000E+37,+8.386084E+02,+3.584400E+04,+1.147348E+00,+1.389500E-05,+9.910000E+37,+8.386748E+02,+3.584400E+04,+1.146164E+00,+1.389500E-05,+9.910000E+37,+8.387422E+02,+3.584400E+04,-1.169300E-02,+0.000000E+00,+9.910000E+37,+8.388076E+02,+3.584400E+04
13:32:03,0e0,+1.240869E+00,+1.550500E-05,+9.910000E+37,+8.390361E+02,+3.584400E+04,+1.241734E+00,+1.550500E-05,+9.910000E+37,+8.391035E+02,+3.584400E+04,+1.243055E+00,+1.550500E-05,+9.910000E+37,+8.391689E+02,+3.584400E+04,-1.287667E-02,+0.000000E+00,+9.910000E+37,+8.392363E+02,+3.584400E+04
13:32:03,0e0,+1.341312E+00,+1.730000E-05,+9.910000E+37,+8.394541E+02,+3.584400E+04,+1.341538E+00,+1.730000E-05,+9.910000E+37,+8.395215E+02,+3.584400E+04,+1.341176E+00,+1.730000E-05,+9.910000E+37,+8.395869E+02,+3.584400E+04,-1.187493E-02,+0.000000E+00,+9.910000E+37,+8.396543E+02,+3.584400E+04
13:32:03,0e0,+1.444847E+00,+1.930500E-05,+9.910000E+37,+8.398838E+02,+3.584400E+04,+1.445394E+00,+1.930500E-05,+9.910000E+37,+8.399502E+02,+3.584400E+04,+1.446033E+00,+1.930500E-05,+9.910000E+37,+8.400176E+02,+3.584400E+04,-1.260363E-02,+0.000000E+00,+9.910000E+37,+8.400830E+02,+3.584400E+04
13:32:03,0e0,+1.553211E+00,+2.154500E-05,+9.910000E+37,+8.403105E+02,+3.584400E+04,+1.555352E+00,+2.154500E-05,+9.910000E+37,+8.403779E+02,+3.584400E+04,+1.556991E+00,+2.154500E-05,+9.910000E+37,+8.404434E+02,+3.584400E+04,-1.223926E-02,+0.000000E+00,+9.910000E+37,+8.405098E+02,+3.584400E+04
13:32:03,0e0,+1.667587E+00,+2.404000E-05,+9.910000E+37,+8.407295E+02,+3.584400E+04,+1.668452E+00,+2.404000E-05,+9.910000E+37,+8.407969E+02,+3.584400E+04,+1.669183E+00,+2.404000E-05,+9.910000E+37,+8.408623E+02,+3.584400E+04,-1.310422E-02,+0.000000E+00,+9.910000E+37,+8.409316E+02,+3.584400E+04
13:32:03,0e0,+1.786285E+00,+2.682500E-05,+9.910000E+37,+8.411582E+02,+3.584400E+04,+1.786879E+00,+2.682500E-05,+9.910000E+37,+8.412246E+02,+3.584400E+04,+1.787334E+00,+2.682500E-05,+9.910000E+37,+8.412900E+02,+3.584400E+04,-1.283132E-02,+0.000000E+00,+9.910000E+37,+8.413564E+02,+3.584400E+04
13:32:03,0e0,+1.908173E+00,+2.993500E-05,+9.910000E+37,+8.415811E+02,+3.584400E+04,+1.909403E+00,+2.993500E-05,+9.910000E+37,+8.416484E+02,+3.584400E+04,+1.910859E+00,+2.993500E-05,+9.910000E+37,+8.417148E+02,+3.584400E+04,-1.319553E-02,+0.000000E+00,+9.910000E+37,+8.417813E+02,+3.584400E+04
13:32:03,0e0,+2.036800E+00,+3.340500E-05,+9.910000E+37,+8.420098E+02,+3.584400E+04,+2.037253E+00,+3.340500E-05,+9.910000E+37,+8.420752E+02,+3.584400E+04,+2.036618E+00,+3.340500E-05,+9.910000E+37,+8.421416E+02,+3.584400E+04,-1.260352E-02,+0.000000E+00,+9.910000E+37,+8.422080E+02,+3.584400E+04
13:32:03,0e0,+2.167793E+00,+3.727500E-05,+9.910000E+37,+8.424355E+02,+3.584400E+04,+2.168521E+00,+3.727500E-05,+9.910000E+37,+8.425020E+02,+3.584400E+04,+2.169933E+00,+3.727500E-05,+9.910000E+37,+8.425693E+02,+3.584400E+04,-1.333219E-02,+0.000000E+00,+9.910000E+37,+8.426348E+02,+3.584400E+04
13:32:03,0e0,+2.303611E+00,+4.159500E-05,+9.910000E+37,+8.428623E+02,+3.584400E+04,+2.303841E+00,+4.159500E-05,+9.910000E+37,+8.429277E+02,+3.584400E+04,+2.305205E+00,+4.159500E-05,+9.910000E+37,+8.429941E+02,+3.584400E+04,-1.305902E-02,+0.000000E+00,+9.910000E+37,+8.430615E+02,+3.584400E+04
13:32:03,0e0,+2.444394E+00,+4.641500E-05,+9.910000E+37,+8.432803E+02,+3.584400E+04,+2.443296E+00,+4.641500E-05,+9.910000E+37,+8.433457E+02,+3.584400E+04,+2.444073E+00,+4.641500E-05,+9.910000E+37,+8.434121E+02,+3.584400E+04,-1.160178E-02,+0.000000E+00,+9.910000E+37,+8.434785E+02,+3.584400E+04
13:32:03,0e0,+2.588135E+00,+5.179500E-05,+9.910000E+37,+8.437051E+02,+3.584400E+04,+2.590055E+00,+5.179500E-05,+9.910000E+37,+8.437705E+02,+3.584400E+04,+2.590503E+00,+5.179500E-05,+9.910000E+37,+8.438369E+02,+3.584400E+04,-1.328675E-02,+0.000000E+00,+9.910000E+37,+8.439043E+02,+3.584400E+04
13:32:03,0e0,+2.737932E+00,+5.779500E-05,+9.910000E+37,+8.441289E+02,+3.584400E+04,+2.741257E+00,+5.779500E-05,+9.910000E+37,+8.441963E+02,+3.584400E+04,+2.740711E+00,+5.779500E-05,+9.910000E+37,+8.442617E+02,+3.584400E+04,-1.387867E-02,+0.000000E+00,+9.910000E+37,+8.443281E+02,+3.584400E+04
13:32:03,0e0,+2.894742E+00,+6.449500E-05,+9.910000E+37,+8.445488E+02,+3.584400E+04,+2.896655E+00,+6.449500E-05,+9.910000E+37,+8.446152E+02,+3.584400E+04,+2.897609E+00,+6.449500E-05,+9.910000E+37,+8.446816E+02,+3.584400E+04,-1.346873E-02,+0.000000E+00,+9.910000E+37,+8.447510E+02,+3.584400E+04
13:32:03,0e0,+3.056477E+00,+7.197000E-05,+9.910000E+37,+8.449805E+02,+3.584400E+04,+3.059155E+00,+7.197000E-05,+9.910000E+37,+8.450469E+02,+3.584400E+04,+3.059290E+00,+7.197000E-05,+9.910000E+37,+8.451133E+02,+3.584400E+04,-1.192071E-02,+0.000000E+00,+9.910000E+37,+8.451807E+02,+3.584400E+04
13:32:03,0e0,+3.225662E+00,+8.031000E-05,+9.910000E+37,+8.453994E+02,+3.584400E+04,+3.223923E+00,+8.031000E-05,+9.910000E+37,+8.454658E+02,+3.584400E+04,+3.227210E+00,+8.031000E-05,+9.910000E+37,+8.455322E+02,+3.584400E+04,-1.178402E-02,+0.000000E+00,+9.910000E+37,+8.456016E+02,+3.584400E+04
13:32:03,0e0,+3.399091E+00,+8.961500E-05,+9.910000E+37,+8.458340E+02,+3.584400E+04,+3.398810E+00,+8.961500E-05,+9.910000E+37,+8.459004E+02,+3.584400E+04,+3.401140E+00,+8.961500E-05,+9.910000E+37,+8.459658E+02,+3.584400E+04,-1.264922E-02,+0.000000E+00,+9.910000E+37,+8.460322E+02,+3.584400E+04
13:32:03,0e0,+3.578715E+00,+1.000000E-04,+9.910000E+37,+8.462578E+02,+3.584400E+04,+3.579349E+00,+1.000000E-04,+9.910000E+37,+8.463252E+02,+3.584400E+04,+3.581491E+00,+1.000000E-04,+9.910000E+37,+8.463926E+02,+3.584400E+04,-1.169300E-02,+0.000000E+00,+9.910000E+37,+8.464600E+02,+3.584400E+04
13:32:03,0e0,+3.752601E+00,+1.116000E-04,+9.910000E+37,+8.466904E+02,+3.584400E+04,+3.753513E+00,+1.116000E-04,+9.910000E+37,+8.467568E+02,+3.584400E+04,+3.755370E+00,+1.116000E-04,+9.910000E+37,+8.468232E+02,+3.584400E+04,-2.002539E-02,+0.000000E+00,+9.910000E+37,+8.468906E+02,+3.584400E+04
13:32:03,0e0,+3.942955E+00,+1.245000E-04,+9.910000E+37,+8.471143E+02,+3.584400E+04,+3.945144E+00,+1.245000E-04,+9.910000E+37,+8.471807E+02,+3.584400E+04,+3.946421E+00,+1.245000E-04,+9.910000E+37,+8.472471E+02,+3.584400E+04,-1.956987E-02,+0.000000E+00,+9.910000E+37,+8.473145E+02,+3.584400E+04
13:32:03,0e0,+4.142745E+00,+1.389500E-04,+9.910000E+37,+8.475342E+02,+3.584400E+04,+4.143206E+00,+1.389500E-04,+9.910000E+37,+8.476006E+02,+3.584400E+04,+4.144710E+00,+1.389500E-04,+9.910000E+37,+8.476670E+02,+3.584400E+04,-1.925105E-02,+0.000000E+00,+9.910000E+37,+8.477334E+02,+3.584400E+04
13:32:03,0e0,+4.346455E+00,+1.550500E-04,+9.910000E+37,+8.479580E+02,+3.584400E+04,+4.348641E+00,+1.550500E-04,+9.910000E+37,+8.480234E+02,+3.584400E+04,+4.350554E+00,+1.550500E-04,+9.910000E+37,+8.480908E+02,+3.584400E+04,-2.029836E-02,+0.000000E+00,+9.910000E+37,+8.481572E+02,+3.584400E+04
13:32:03,0e0,+4.558813E+00,+1.730000E-04,+9.910000E+37,+8.483828E+02,+3.584400E+04,+4.559268E+00,+1.730000E-04,+9.910000E+37,+8.484502E+02,+3.584400E+04,+4.559178E+00,+1.730000E-04,+9.910000E+37,+8.485176E+02,+3.584400E+04,-2.034424E-02,+0.000000E+00,+9.910000E+37,+8.485830E+02,+3.584400E+04
13:32:03,0e0,+4.773721E+00,+1.930500E-04,+9.910000E+37,+8.488096E+02,+3.584400E+04,+4.775407E+00,+1.930500E-04,+9.910000E+37,+8.488770E+02,+3.584400E+04,+4.776863E+00,+1.930500E-04,+9.910000E+37,+8.489443E+02,+3.584400E+04,-1.979752E-02,+0.000000E+00,+9.910000E+37,+8.490098E+02,+3.584400E+04
13:32:03,0e0,+4.995042E+00,+2.154500E-04,+9.910000E+37,+8.492354E+02,+3.584400E+04,+4.997780E+00,+2.154500E-04,+9.910000E+37,+8.493027E+02,+3.584400E+04,+4.998827E+00,+2.154500E-04,+9.910000E+37,+8.493701E+02,+3.584400E+04,-2.180158E-02,+0.000000E+00,+9.910000E+37,+8.494355E+02,+3.584400E+04
13:32:03,0e0,+5.220694E+00,+2.404000E-04,+9.910000E+37,+8.496602E+02,+3.584400E+04,+5.224027E+00,+2.404000E-04,+9.910000E+37,+8.497275E+02,+3.584400E+04,+5.224205E+00,+2.404000E-04,+9.910000E+37,+8.497930E+02,+3.584400E+04,-1.947895E-02,+0.000000E+00,+9.910000E+37,+8.498604E+02,+3.584400E+04
13:32:03,0e0,+5.450122E+00,+2.682500E-04,+9.910000E+37,+8.500801E+02,+3.584400E+04,+5.452354E+00,+2.682500E-04,+9.910000E+37,+8.501475E+02,+3.584400E+04,+5.452997E+00,+2.682500E-04,+9.910000E+37,+8.502139E+02,+3.584400E+04,-1.984313E-02,+0.000000E+00,+9.910000E+37,+8.502803E+02,+3.584400E+04
13:32:03,0e0,+5.679605E+00,+2.993500E-04,+9.910000E+37,+8.505078E+02,+3.584400E+04,+5.685118E+00,+2.993500E-04,+9.910000E+37,+8.505732E+02,+3.584400E+04,+5.685297E+00,+2.993500E-04,+9.910000E+37,+8.506396E+02,+3.584400E+04,-2.025267E-02,+0.000000E+00,+9.910000E+37,+8.507070E+02,+3.584400E+04
13:32:03,0e0,+5.909719E+00,+3.340500E-04,+9.910000E+37,+8.509355E+02,+3.584400E+04,+5.913675E+00,+3.340500E-04,+9.910000E+37,+8.510029E+02,+3.584400E+04,+5.916416E+00,+3.340500E-04,+9.910000E+37,+8.510684E+02,+3.584400E+04,-2.025263E-02,+0.000000E+00,+9.910000E+37,+8.511357E+02,+3.584400E+04
13:32:03,0e0,+6.137415E+00,+3.727500E-04,+9.910000E+37,+8.513564E+02,+3.584400E+04,+6.142248E+00,+3.727500E-04,+9.910000E+37,+8.514229E+02,+3.584400E+04,+6.142833E+00,+3.727500E-04,+9.910000E+37,+8.514902E+02,+3.584400E+04,-1.956999E-02,+0.000000E+00,+9.910000E+37,+8.515557E+02,+3.584400E+04
13:32:03,0e0,+6.360251E+00,+4.159500E-04,+9.910000E+37,+8.517793E+02,+3.584400E+04,+6.365352E+00,+4.159500E-04,+9.910000E+37,+8.518447E+02,+3.584400E+04,+6.368628E+00,+4.159500E-04,+9.910000E+37,+8.519121E+02,+3.584400E+04,-1.975210E-02,+0.000000E+00,+9.910000E+37,+8.519775E+02,+3.584400E+04
13:32:03,0e0,+6.574246E+00,+4.641500E-04,+9.910000E+37,+8.522041E+02,+3.584400E+04,+6.581121E+00,+4.641500E-04,+9.910000E+37,+8.522715E+02,+3.584400E+04,+6.581438E+00,+4.641500E-04,+9.910000E+37,+8.523369E+02,+3.584400E+04,-2.002524E-02,+0.000000E+00,+9.910000E+37,+8.524043E+02,+3.584400E+04
13:32:03,0e0,+6.777676E+00,+5.179500E-04,+9.910000E+37,+8.526357E+02,+3.584400E+04,+6.784609E+00,+5.179500E-04,+9.910000E+37,+8.527021E+02,+3.584400E+04,+6.784288E+00,+5.179500E-04,+9.910000E+37,+8.527695E+02,+3.584400E+04,-1.956993E-02,+0.000000E+00,+9.910000E+37,+8.528350E+02,+3.584400E+04
13:32:03,0e0,+6.966725E+00,+5.779500E-04,+9.910000E+37,+8.530576E+02,+3.584400E+04,+6.974057E+00,+5.779500E-04,+9.910000E+37,+8.531240E+02,+3.584400E+04,+6.973187E+00,+5.779500E-04,+9.910000E+37,+8.531904E+02,+3.584400E+04,-1.984331E-02,+0.000000E+00,+9.910000E+37,+8.532578E+02,+3.584400E+04
13:32:03,0e0,+7.139921E+00,+6.449500E-04,+9.910000E+37,+8.534824E+02,+3.584400E+04,+7.148165E+00,+6.449500E-04,+9.910000E+37,+8.535498E+02,+3.584400E+04,+7.146982E+00,+6.449500E-04,+9.910000E+37,+8.536172E+02,+3.584400E+04,-1.888667E-02,+0.000000E+00,+9.910000E+37,+8.536826E+02,+3.584400E+04
13:32:03,0e0,+7.301151E+00,+7.197000E-04,+9.910000E+37,+8.539053E+02,+3.584400E+04,+7.306428E+00,+7.197000E-04,+9.910000E+37,+8.539717E+02,+3.584400E+04,+7.305287E+00,+7.197000E-04,+9.910000E+37,+8.540381E+02,+3.584400E+04,-1.938790E-02,+0.000000E+00,+9.910000E+37,+8.541055E+02,+3.584400E+04
13:32:03,0e0,+7.448261E+00,+8.031000E-04,+9.910000E+37,+8.543320E+02,+3.584400E+04,+7.453272E+00,+8.031000E-04,+9.910000E+37,+8.543975E+02,+3.584400E+04,+7.450645E+00,+8.031000E-04,+9.910000E+37,+8.544648E+02,+3.584400E+04,-1.943348E-02,+0.000000E+00,+9.910000E+37,+8.545312E+02,+3.584400E+04
13:32:03,0e0,+7.581941E+00,+8.961500E-04,+9.910000E+37,+8.547578E+02,+3.584400E+04,+7.588268E+00,+8.961500E-04,+9.910000E+37,+8.548242E+02,+3.584400E+04,+7.586677E+00,+8.961500E-04,+9.910000E+37,+8.548906E+02,+3.584400E+04,-2.139159E-02,+0.000000E+00,+9.910000E+37,+8.549580E+02,+3.584400E+04
13:32:03,0e0,+7.709834E+00,+1.000000E-03,+9.910000E+37,+8.551807E+02,+3.584400E+04,+7.717682E+00,+1.000000E-03,+9.910000E+37,+8.552471E+02,+3.584400E+04,+7.712474E+00,+1.000000E-03,+9.910000E+37,+8.553145E+02,+3.584400E+04,-2.079956E-02,+0.000000E+00,+9.910000E+37,+8.553799E+02,+3.584400E+04
13:32:03,0e0,+7.820195E+00,+1.116000E-03,+9.910000E+37,+8.556016E+02,+3.584400E+04,+7.824002E+00,+1.116000E-03,+9.910000E+37,+8.556689E+02,+3.584400E+04,+7.821801E+00,+1.116000E-03,+9.910000E+37,+8.557354E+02,+3.584400E+04,-1.568007E-01,+0.000000E+00,+9.910000E+37,+8.558018E+02,+3.584400E+04
13:32:03,0e0,+7.937212E+00,+1.245000E-03,+9.910000E+37,+8.560303E+02,+3.584400E+04,+7.940714E+00,+1.245000E-03,+9.910000E+37,+8.560967E+02,+3.584400E+04,+7.936170E+00,+1.245000E-03,+9.910000E+37,+8.561631E+02,+3.584400E+04,-1.528851E-01,+0.000000E+00,+9.910000E+37,+8.562305E+02,+3.584400E+04
13:32:03,0e0,+8.051908E+00,+1.389500E-03,+9.910000E+37,+8.564531E+02,+3.584400E+04,+8.054837E+00,+1.389500E-03,+9.910000E+37,+8.565195E+02,+3.584400E+04,+8.051138E+00,+1.389500E-03,+9.910000E+37,+8.565850E+02,+3.584400E+04,-1.513826E-01,+0.000000E+00,+9.910000E+37,+8.566514E+02,+3.584400E+04
13:32:03,0e0,+8.163373E+00,+1.550500E-03,+9.910000E+37,+8.568770E+02,+3.584400E+04,+8.167465E+00,+1.550500E-03,+9.910000E+37,+8.569434E+02,+3.584400E+04,+8.162734E+00,+1.550500E-03,+9.910000E+37,+8.570098E+02,+3.584400E+04,-1.543877E-01,+0.000000E+00,+9.910000E+37,+8.570762E+02,+3.584400E+04
13:32:03,0e0,+8.277432E+00,+1.730000E-03,+9.910000E+37,+8.573008E+02,+3.584400E+04,+8.280992E+00,+1.730000E-03,+9.910000E+37,+8.573672E+02,+3.584400E+04,+8.276245E+00,+1.730000E-03,+9.910000E+37,+8.574336E+02,+3.584400E+04,-1.482409E-01,+0.000000E+00,+9.910000E+37,+8.575010E+02,+3.584400E+04
13:32:03,0e0,+8.393577E+00,+1.930500E-03,+9.910000E+37,+8.577324E+02,+3.584400E+04,+8.397226E+00,+1.930500E-03,+9.910000E+37,+8.577998E+02,+3.584400E+04,+8.393261E+00,+1.930500E-03,+9.910000E+37,+8.578662E+02,+3.584400E+04,-1.552071E-01,+0.000000E+00,+9.910000E+37,+8.579326E+02,+3.584400E+04
13:32:03,0e0,+8.512516E+00,+2.154500E-03,+9.910000E+37,+8.581572E+02,+3.584400E+04,+8.517026E+00,+2.154500E-03,+9.910000E+37,+8.582236E+02,+3.584400E+04,+8.509346E+00,+2.154500E-03,+9.910000E+37,+8.582900E+02,+3.584400E+04,-1.457366E-01,+0.000000E+00,+9.910000E+37,+8.583564E+02,+3.584400E+04
13:32:03,0e0,+8.634066E+00,+2.404000E-03,+9.910000E+37,+8.585781E+02,+3.584400E+04,+8.635650E+00,+2.404000E-03,+9.910000E+37,+8.586445E+02,+3.584400E+04,+8.631345E+00,+2.404000E-03,+9.910000E+37,+8.587109E+02,+3.584400E+04,-1.470572E-01,+0.000000E+00,+9.910000E+37,+8.587773E+02,+3.584400E+04
13:32:03,0e0,+8.757915E+00,+2.682500E-03,+9.910000E+37,+8.590088E+02,+3.584400E+04,+8.761347E+00,+2.682500E-03,+9.910000E+37,+8.590752E+02,+3.584400E+04,+8.754910E+00,+2.682500E-03,+9.910000E+37,+8.591416E+02,+3.584400E+04,-1.438700E-01,+0.000000E+00,+9.910000E+37,+8.592080E+02,+3.584400E+04
13:32:03,0e0,+8.883858E+00,+2.993500E-03,+9.910000E+37,+8.594336E+02,+3.584400E+04,+8.886422E+00,+2.993500E-03,+9.910000E+37,+8.595000E+02,+3.584400E+04,+8.882544E+00,+2.993500E-03,+9.910000E+37,+8.595664E+02,+3.584400E+04,-1.467839E-01,+0.000000E+00,+9.910000E+37,+8.596328E+02,+3.584400E+04
13:32:03,0e0,+9.013122E+00,+3.340500E-03,+9.910000E+37,+8.598564E+02,+3.584400E+04,+9.013933E+00,+3.340500E-03,+9.910000E+37,+8.599229E+02,+3.584400E+04,+9.007087E+00,+3.340500E-03,+9.910000E+37,+8.599893E+02,+3.584400E+04,-1.412747E-01,+0.000000E+00,+9.910000E+37,+8.600557E+02,+3.584400E+04
13:32:03,0e0,+9.145064E+00,+3.727500E-03,+9.910000E+37,+8.602822E+02,+3.584400E+04,+9.144206E+00,+3.727500E-03,+9.910000E+37,+8.603486E+02,+3.584400E+04,+9.139054E+00,+3.727500E-03,+9.910000E+37,+8.604150E+02,+3.584400E+04,-1.401820E-01,+0.000000E+00,+9.910000E+37,+8.604814E+02,+3.584400E+04
13:32:03,0e0,+9.277602E+00,+4.159500E-03,+9.910000E+37,+8.607061E+02,+3.584400E+04,+9.278206E+00,+4.159500E-03,+9.910000E+37,+8.607725E+02,+3.584400E+04,+9.270918E+00,+4.159500E-03,+9.910000E+37,+8.608389E+02,+3.584400E+04,-1.357198E-01,+0.000000E+00,+9.910000E+37,+8.609053E+02,+3.584400E+04
13:32:03,0e0,+9.415926E+00,+4.641500E-03,+9.910000E+37,+8.611318E+02,+3.584400E+04,+9.413798E+00,+4.641500E-03,+9.910000E+37,+8.611992E+02,+3.584400E+04,+9.407419E+00,+4.641500E-03,+9.910000E+37,+8.612666E+02,+3.584400E+04,-1.368582E-01,+0.000000E+00,+9.910000E+37,+8.613330E+02,+3.584400E+04
13:32:03,0e0,+9.556847E+00,+5.179500E-03,+9.910000E+37,+8.615605E+02,+3.584400E+04,+9.554722E+00,+5.179500E-03,+9.910000E+37,+8.616279E+02,+3.584400E+04,+9.546650E+00,+5.179500E-03,+9.910000E+37,+8.616953E+02,+3.584400E+04,-1.296187E-01,+0.000000E+00,+9.910000E+37,+8.617617E+02,+3.584400E+04
13:32:03,0e0,+9.702691E+00,+5.779500E-03,+9.910000E+37,+8.619873E+02,+3.584400E+04,+9.698813E+00,+5.779500E-03,+9.910000E+37,+8.620537E+02,+3.584400E+04,+9.690207E+00,+5.779500E-03,+9.910000E+37,+8.621201E+02,+3.584400E+04,-1.261129E-01,+0.000000E+00,+9.910000E+37,+8.621865E+02,+3.584400E+04
13:32:03,0e0,+9.856487E+00,+6.449500E-03,+9.910000E+37,+8.624121E+02,+3.584400E+04,+9.850472E+00,+6.449500E-03,+9.910000E+37,+8.624785E+02,+3.584400E+04,+9.842377E+00,+6.449500E-03,+9.910000E+37,+8.625449E+02,+3.584400E+04,-1.231534E-01,+0.000000E+00,+9.910000E+37,+8.626113E+02,+3.584400E+04
13:32:03,0e0,+1.001771E+01,+7.197000E-03,+9.910000E+37,+8.628379E+02,+3.584400E+04,+1.001108E+01,+7.197000E-03,+9.910000E+37,+8.629043E+02,+3.584400E+04,+1.000091E+01,+7.197000E-03,+9.910000E+37,+8.629717E+02,+3.584400E+04,-1.207860E-01,+0.000000E+00,+9.910000E+37,+8.630381E+02,+3.584400E+04
13:32:03,0e0,+1.018728E+01,+8.031000E-03,+9.910000E+37,+8.632607E+02,+3.584400E+04,+1.017885E+01,+8.031000E-03,+9.910000E+37,+8.633281E+02,+3.584400E+04,+1.016592E+01,+8.031000E-03,+9.910000E+37,+8.633945E+02,+3.584400E+04,-1.150944E-01,+0.000000E+00,+9.910000E+37,+8.634609E+02,+3.584400E+04
13:32:03,0e0,+1.036745E+01,+8.961500E-03,+9.910000E+37,+8.636865E+02,+3.584400E+04,+1.035492E+01,+8.961500E-03,+9.910000E+37,+8.637539E+02,+3.584400E+04,+1.034253E+01,+8.961500E-03,+9.910000E+37,+8.638203E+02,+3.584400E+04,-1.123171E-01,+0.000000E+00,+9.910000E+37,+8.638857E+02,+3.584400E+04
