13:24:38,0e0,-8.133367E-03,+1.000000E-07,+9.910000E+37,+3.819512E+02,+3.584400E+04,-1.009183E-02,+1.000000E-07,+9.910000E+37,+3.820176E+02,+3.584400E+04,-7.860303E-03,+1.000000E-07,+9.910000E+37,+3.820840E+02,+3.584400E+04,-2.529907E-02,+0.000000E+00,+9.910000E+37,+3.821514E+02,+3.584400E+04
13:24:38,0e0,-4.718721E-03,+1.116000E-07,+9.910000E+37,+3.823809E+02,+3.584400E+04,-6.949797E-03,+1.116000E-07,+9.910000E+37,+3.824473E+02,+3.584400E+04,-6.722063E-03,+1.116000E-07,+9.910000E+37,+3.825146E+02,+3.584400E+04,-2.488972E-02,+0.000000E+00,+9.910000E+37,+3.825811E+02,+3.584400E+04
13:24:38,0e0,-3.989786E-03,+1.245000E-07,+9.910000E+37,+3.828066E+02,+3.584400E+04,-5.265608E-03,+1.245000E-07,+9.910000E+37,+3.828730E+02,+3.584400E+04,-3.307119E-03,+1.245000E-07,+9.910000E+37,+3.829395E+02,+3.584400E+04,-2.543604E-02,+0.000000E+00,+9.910000E+37,+3.830059E+02,+3.584400E+04
13:24:38,0e0,-2.305880E-03,+1.389500E-07,+9.910000E+37,+3.832422E+02,+3.584400E+04,-1.941144E-03,+1.389500E-07,+9.910000E+37,+3.833086E+02,+3.584400E+04,-1.531646E-03,+1.389500E-07,+9.910000E+37,+3.833740E+02,+3.584400E+04,-2.502628E-02,+0.000000E+00,+9.910000E+37,+3.834404E+02,+3.584400E+04
13:24:38,0e0,+1.564920E-03,+1.550500E-07,+9.910000E+37,+3.836699E+02,+3.584400E+04,+8.362234E-04,+1.550500E-07,+9.910000E+37,+3.837363E+02,+3.584400E+04,+5.175322E-04,+1.550500E-07,+9.910000E+37,+3.838027E+02,+3.584400E+04,-2.593723E-02,+0.000000E+00,+9.910000E+37,+3.838682E+02,+3.584400E+04
13:24:38,0e0,+4.342303E-03,+1.730000E-07,+9.910000E+37,+3.841074E+02,+3.584400E+04,+3.659353E-03,+1.730000E-07,+9.910000E+37,+3.841738E+02,+3.584400E+04,+3.796399E-03,+1.730000E-07,+9.910000E+37,+3.842402E+02,+3.584400E+04,-2.529970E-02,+0.000000E+00,+9.910000E+37,+3.843076E+02,+3.584400E+04
13:24:38,0e0,+7.301599E-03,+1.930500E-07,+9.910000E+37,+3.845322E+02,+3.584400E+04,+5.798995E-03,+1.930500E-07,+9.910000E+37,+3.845996E+02,+3.584400E+04,+8.030906E-03,+1.930500E-07,+9.910000E+37,+3.846660E+02,+3.584400E+04,-2.407017E-02,+0.000000E+00,+9.910000E+37,+3.847324E+02,+3.584400E+04
13:24:38,0e0,+9.214267E-03,+2.154500E-07,+9.910000E+37,+3.849561E+02,+3.584400E+04,+1.167309E-02,+2.154500E-07,+9.910000E+37,+3.850234E+02,+3.584400E+04,+1.126333E-02,+2.154500E-07,+9.910000E+37,+3.850889E+02,+3.584400E+04,-2.525376E-02,+0.000000E+00,+9.910000E+37,+3.851553E+02,+3.584400E+04
13:24:38,0e0,+1.504287E-02,+2.404000E-07,+9.910000E+37,+3.853857E+02,+3.584400E+04,+1.476967E-02,+2.404000E-07,+9.910000E+37,+3.854512E+02,+3.584400E+04,+1.495135E-02,+2.404000E-07,+9.910000E+37,+3.855176E+02,+3.584400E+04,-2.493533E-02,+0.000000E+00,+9.910000E+37,+3.855840E+02,+3.584400E+04
13:24:38,0e0,+1.882178E-02,+2.682500E-07,+9.910000E+37,+3.858184E+02,+3.584400E+04,+1.809263E-02,+2.682500E-07,+9.910000E+37,+3.858857E+02,+3.584400E+04,+1.955009E-02,+2.682500E-07,+9.910000E+37,+3.859531E+02,+3.584400E+04,-2.552719E-02,+0.000000E+00,+9.910000E+37,+3.860205E+02,+3.584400E+04
13:24:38,0e0,+2.433102E-02,+2.993500E-07,+9.910000E+37,+3.862480E+02,+3.584400E+04,+2.387576E-02,+2.993500E-07,+9.910000E+37,+3.863154E+02,+3.584400E+04,+2.524185E-02,+2.993500E-07,+9.910000E+37,+3.863828E+02,+3.584400E+04,-2.475326E-02,+0.000000E+00,+9.910000E+37,+3.864482E+02,+3.584400E+04
13:24:38,0e0,+2.933976E-02,+3.340500E-07,+9.910000E+37,+3.866777E+02,+3.584400E+04,+3.061464E-02,+3.340500E-07,+9.910000E+37,+3.867441E+02,+3.584400E+04,+2.970409E-02,+3.340500E-07,+9.910000E+37,+3.868105E+02,+3.584400E+04,-2.548175E-02,+0.000000E+00,+9.910000E+37,+3.868779E+02,+3.584400E+04
13:24:38,0e0,+3.535008E-02,+3.727500E-07,+9.910000E+37,+3.871152E+02,+3.584400E+04,+3.566879E-02,+3.727500E-07,+9.910000E+37,+3.871826E+02,+3.584400E+04,+3.635192E-02,+3.727500E-07,+9.910000E+37,+3.872500E+02,+3.584400E+04,-2.525407E-02,+0.000000E+00,+9.910000E+37,+3.873154E+02,+3.584400E+04
13:24:38,0e0,+4.231659E-02,+4.159500E-07,+9.910000E+37,+3.875449E+02,+3.584400E+04,+3.985745E-02,+4.159500E-07,+9.910000E+37,+3.876113E+02,+3.584400E+04,+4.186130E-02,+4.159500E-07,+9.910000E+37,+3.876777E+02,+3.584400E+04,-2.534518E-02,+0.000000E+00,+9.910000E+37,+3.877451E+02,+3.584400E+04
13:24:38,0e0,+4.855454E-02,+4.641500E-07,+9.910000E+37,+3.879814E+02,+3.584400E+04,+4.850924E-02,+4.641500E-07,+9.910000E+37,+3.880488E+02,+3.584400E+04,+4.864568E-02,+4.641500E-07,+9.910000E+37,+3.881162E+02,+3.584400E+04,-2.502652E-02,+0.000000E+00,+9.910000E+37,+3.881816E+02,+3.584400E+04
13:24:38,0e0,+5.524731E-02,+5.179500E-07,+9.910000E+37,+3.884111E+02,+3.584400E+04,+5.652303E-02,+5.179500E-07,+9.910000E+37,+3.884775E+02,+3.584400E+04,+5.561221E-02,+5.179500E-07,+9.910000E+37,+3.885449E+02,+3.584400E+04,-2.543627E-02,+0.000000E+00,+9.910000E+37,+3.886123E+02,+3.584400E+04
13:24:38,0e0,+6.326166E-02,+5.779500E-07,+9.910000E+37,+3.888506E+02,+3.584400E+04,+6.421781E-02,+5.779500E-07,+9.910000E+37,+3.889180E+02,+3.584400E+04,+6.403589E-02,+5.779500E-07,+9.910000E+37,+3.889854E+02,+3.584400E+04,-2.457106E-02,+0.000000E+00,+9.910000E+37,+3.890527E+02,+3.584400E+04
13:24:38,0e0,+7.209480E-02,+6.449500E-07,+9.910000E+37,+3.892803E+02,+3.584400E+04,+7.122949E-02,+6.449500E-07,+9.910000E+37,+3.893457E+02,+3.584400E+04,+7.286903E-02,+6.449500E-07,+9.910000E+37,+3.894121E+02,+3.584400E+04,-2.520867E-02,+0.000000E+00,+9.910000E+37,+3.894785E+02,+3.584400E+04
13:24:38,0e0,+8.215761E-02,+7.197000E-07,+9.910000E+37,+3.897168E+02,+3.584400E+04,+8.165687E-02,+7.197000E-07,+9.910000E+37,+3.897842E+02,+3.584400E+04,+8.206731E-02,+7.197000E-07,+9.910000E+37,+3.898516E+02,+3.584400E+04,-2.475336E-02,+0.000000E+00,+9.910000E+37,+3.899170E+02,+3.584400E+04
13:24:38,0e0,+9.208396E-02,+8.031000E-07,+9.910000E+37,+3.901475E+02,+3.584400E+04,+9.308565E-02,+8.031000E-07,+9.910000E+37,+3.902148E+02,+3.584400E+04,+9.281275E-02,+8.031000E-07,+9.910000E+37,+3.902822E+02,+3.584400E+04,-2.534528E-02,+0.000000E+00,+9.910000E+37,+3.903477E+02,+3.584400E+04
13:24:38,0e0,+1.049696E-01,+8.961500E-07,+9.910000E+37,+3.905889E+02,+3.584400E+04,+1.028289E-01,+8.961500E-07,+9.910000E+37,+3.906563E+02,+3.584400E+04,+1.046510E-01,+8.961500E-07,+9.910000E+37,+3.907217E+02,+3.584400E+04,-2.457112E-02,+0.000000E+00,+9.910000E+37,+3.907881E+02,+3.584400E+04
13:24:38,0e0,+1.177189E-01,+1.000000E-06,+9.910000E+37,+3.910215E+02,+3.584400E+04,+1.162164E-01,+1.000000E-06,+9.910000E+37,+3.910879E+02,+3.584400E+04,+1.167169E-01,+1.000000E-06,+9.910000E+37,+3.911543E+02,+3.584400E+04,-2.557299E-02,+0.000000E+00,+9.910000E+37,+3.912207E+02,+3.584400E+04
13:24:38,0e0,+1.201321E-01,+1.116000E-06,+9.910000E+37,+3.914531E+02,+3.584400E+04,+1.192214E-01,+1.116000E-06,+9.910000E+37,+3.915205E+02,+3.584400E+04,+1.184927E-01,+1.116000E-06,+9.910000E+37,+3.915859E+02,+3.584400E+04,-2.552742E-02,+0.000000E+00,+9.910000E+37,+3.916533E+02,+3.584400E+04
13:24:38,0e0,+1.313782E-01,+1.245000E-06,+9.910000E+37,+3.918877E+02,+3.584400E+04,+1.321526E-01,+1.245000E-06,+9.910000E+37,+3.919551E+02,+3.584400E+04,+1.316063E-01,+1.245000E-06,+9.910000E+37,+3.920205E+02,+3.584400E+04,-2.461649E-02,+0.000000E+00,+9.910000E+37,+3.920879E+02,+3.584400E+04
13:24:38,0e0,+1.460855E-01,+1.389500E-06,+9.910000E+37,+3.923174E+02,+3.584400E+04,+1.468599E-01,+1.389500E-06,+9.910000E+37,+3.923848E+02,+3.584400E+04,+1.461311E-01,+1.389500E-06,+9.910000E+37,+3.924502E+02,+3.584400E+04,-2.493533E-02,+0.000000E+00,+9.910000E+37,+3.925176E+02,+3.584400E+04
13:24:38,0e0,+1.615668E-01,+1.550500E-06,+9.910000E+37,+3.927471E+02,+3.584400E+04,+1.622957E-01,+1.550500E-06,+9.910000E+37,+3.928145E+02,+3.584400E+04,+1.626141E-01,+1.550500E-06,+9.910000E+37,+3.928799E+02,+3.584400E+04,-2.511743E-02,+0.000000E+00,+9.910000E+37,+3.929473E+02,+3.584400E+04
13:24:38,0e0,+1.796434E-01,+1.730000E-06,+9.910000E+37,+3.931748E+02,+3.584400E+04,+1.791429E-01,+1.730000E-06,+9.910000E+37,+3.932422E+02,+3.584400E+04,+1.785508E-01,+1.730000E-06,+9.910000E+37,+3.933076E+02,+3.584400E+04,-2.552748E-02,+0.000000E+00,+9.910000E+37,+3.933740E+02,+3.584400E+04
13:24:38,0e0,+1.958518E-01,+1.930500E-06,+9.910000E+37,+3.936035E+02,+3.584400E+04,+1.982665E-01,+1.930500E-06,+9.910000E+37,+3.936709E+02,+3.584400E+04,+1.974012E-01,+1.930500E-06,+9.910000E+37,+3.937363E+02,+3.584400E+04,-2.484453E-02,+0.000000E+00,+9.910000E+37,+3.938027E+02,+3.584400E+04
13:24:38,0e0,+2.172532E-01,+2.154500E-06,+9.910000E+37,+3.940381E+02,+3.584400E+04,+2.155226E-01,+2.154500E-06,+9.910000E+37,+3.941055E+02,+3.584400E+04,+2.162059E-01,+2.154500E-06,+9.910000E+37,+3.941709E+02,+3.584400E+04,-2.475341E-02,+0.000000E+00,+9.910000E+37,+3.942383E+02,+3.584400E+04
13:24:38,0e0,+2.376064E-01,+2.404000E-06,+9.910000E+37,+3.944639E+02,+3.584400E+04,+2.371969E-01,+2.404000E-06,+9.910000E+37,+3.945303E+02,+3.584400E+04,+2.372875E-01,+2.404000E-06,+9.910000E+37,+3.945967E+02,+3.584400E+04,-2.520861E-02,+0.000000E+00,+9.910000E+37,+3.946631E+02,+3.584400E+04
13:24:38,0e0,+2.612382E-01,+2.682500E-06,+9.910000E+37,+3.948906E+02,+3.584400E+04,+2.622400E-01,+2.682500E-06,+9.910000E+37,+3.949561E+02,+3.584400E+04,+2.603277E-01,+2.682500E-06,+9.910000E+37,+3.950225E+02,+3.584400E+04,-2.539095E-02,+0.000000E+00,+9.910000E+37,+3.950898E+02,+3.584400E+04
13:24:38,0e0,+2.851885E-01,+2.993500E-06,+9.910000E+37,+3.953145E+02,+3.584400E+04,+2.850518E-01,+2.993500E-06,+9.910000E+37,+3.953799E+02,+3.584400E+04,+2.846419E-01,+2.993500E-06,+9.910000E+37,+3.954463E+02,+3.584400E+04,-2.470775E-02,+0.000000E+00,+9.910000E+37,+3.955137E+02,+3.584400E+04
13:24:38,0e0,+3.110058E-01,+3.340500E-06,+9.910000E+37,+3.957402E+02,+3.584400E+04,+3.113248E-01,+3.340500E-06,+9.910000E+37,+3.958066E+02,+3.584400E+04,+3.124169E-01,+3.340500E-06,+9.910000E+37,+3.958721E+02,+3.584400E+04,-2.370584E-02,+0.000000E+00,+9.910000E+37,+3.959395E+02,+3.584400E+04
13:24:38,0e0,+3.393723E-01,+3.727500E-06,+9.910000E+37,+3.961660E+02,+3.584400E+04,+3.383695E-01,+3.727500E-06,+9.910000E+37,+3.962334E+02,+3.584400E+04,+3.382330E-01,+3.727500E-06,+9.910000E+37,+3.962998E+02,+3.584400E+04,-2.534533E-02,+0.000000E+00,+9.910000E+37,+3.963662E+02,+3.584400E+04
13:24:38,0e0,+3.695149E-01,+4.159500E-06,+9.910000E+37,+3.966084E+02,+3.584400E+04,+3.699703E-01,+4.159500E-06,+9.910000E+37,+3.966758E+02,+3.584400E+04,+3.701981E-01,+4.159500E-06,+9.910000E+37,+3.967422E+02,+3.584400E+04,-2.511768E-02,+0.000000E+00,+9.910000E+37,+3.968086E+02,+3.584400E+04
13:24:38,0e0,+4.025718E-01,+4.641500E-06,+9.910000E+37,+3.970342E+02,+3.584400E+04,+4.016609E-01,+4.641500E-06,+9.910000E+37,+3.971006E+02,+3.584400E+04,+4.015242E-01,+4.641500E-06,+9.910000E+37,+3.971670E+02,+3.584400E+04,-2.361488E-02,+0.000000E+00,+9.910000E+37,+3.972334E+02,+3.584400E+04
13:24:38,0e0,+4.374499E-01,+5.179500E-06,+9.910000E+37,+3.974639E+02,+3.584400E+04,+4.375412E-01,+5.179500E-06,+9.910000E+37,+3.975293E+02,+3.584400E+04,+4.361293E-01,+5.179500E-06,+9.910000E+37,+3.975957E+02,+3.584400E+04,-2.493544E-02,+0.000000E+00,+9.910000E+37,+3.976631E+02,+3.584400E+04
13:24:38,0e0,+4.739668E-01,+5.779500E-06,+9.910000E+37,+3.978877E+02,+3.584400E+04,+4.743773E-01,+5.779500E-06,+9.910000E+37,+3.979551E+02,+3.584400E+04,+4.737396E-01,+5.779500E-06,+9.910000E+37,+3.980205E+02,+3.584400E+04,-2.438885E-02,+0.000000E+00,+9.910000E+37,+3.980869E+02,+3.584400E+04
13:24:38,0e0,+5.141721E-01,+6.449500E-06,+9.910000E+37,+3.983193E+02,+3.584400E+04,+5.125334E-01,+6.449500E-06,+9.910000E+37,+3.983867E+02,+3.584400E+04,+5.125332E-01,+6.449500E-06,+9.910000E+37,+3.984521E+02,+3.584400E+04,-2.452593E-02,+0.000000E+00,+9.910000E+37,+3.985186E+02,+3.584400E+04
13:24:38,0e0,+5.539675E-01,+7.197000E-06,+9.910000E+37,+3.987383E+02,+3.584400E+04,+5.543321E-01,+7.197000E-06,+9.910000E+37,+3.988037E+02,+3.584400E+04,+5.542866E-01,+7.197000E-06,+9.910000E+37,+3.988711E+02,+3.584400E+04,-2.507195E-02,+0.000000E+00,+9.910000E+37,+3.989375E+02,+3.584400E+04
13:24:38,0e0,+6.000926E-01,+8.031000E-06,+9.910000E+37,+3.991641E+02,+3.584400E+04,+5.985910E-01,+8.031000E-06,+9.910000E+37,+3.992314E+02,+3.584400E+04,+5.983624E-01,+8.031000E-06,+9.910000E+37,+3.992988E+02,+3.584400E+04,-2.452587E-02,+0.000000E+00,+9.910000E+37,+3.993643E+02,+3.584400E+04
13:24:38,0e0,+6.468089E-01,+8.961500E-06,+9.910000E+37,+3.995889E+02,+3.584400E+04,+6.467633E-01,+8.961500E-06,+9.910000E+37,+3.996543E+02,+3.584400E+04,+6.456250E-01,+8.961500E-06,+9.910000E+37,+3.997207E+02,+3.584400E+04,-2.438912E-02,+0.000000E+00,+9.910000E+37,+3.997881E+02,+3.584400E+04
13:24:38,0e0,+6.966212E-01,+1.000000E-05,+9.910000E+37,+4.000186E+02,+3.584400E+04,+6.970782E-01,+1.000000E-05,+9.910000E+37,+4.000908E+02,+3.584400E+04,+6.965761E-01,+1.000000E-05,+9.910000E+37,+4.001572E+02,+3.584400E+04,-2.566421E-02,+0.000000E+00,+9.910000E+37,+4.002236E+02,+3.584400E+04
13:24:38,0e0,+7.371912E-01,+1.116000E-05,+9.910000E+37,+4.004473E+02,+3.584400E+04,+7.382401E-01,+1.116000E-05,+9.910000E+37,+4.005127E+02,+3.584400E+04,+7.382842E-01,+1.116000E-05,+9.910000E+37,+4.005791E+02,+3.584400E+04,-2.507214E-02,+0.000000E+00,+9.910000E+37,+4.006465E+02,+3.584400E+04
13:24:38,0e0,+7.910103E-01,+1.245000E-05,+9.910000E+37,+4.008662E+02,+3.584400E+04,+7.918763E-01,+1.245000E-05,+9.910000E+37,+4.009316E+02,+3.584400E+04,+7.906461E-01,+1.245000E-05,+9.910000E+37,+4.009980E+02,+3.584400E+04,-2.625607E-02,+0.000000E+00,+9.910000E+37,+4.010654E+02,+3.584400E+04
13:24:38,0e0,+8.481103E-01,+1.389500E-05,+9.910000E+37,+4.012842E+02,+3.584400E+04,+8.479724E-01,+1.389500E-05,+9.910000E+37,+4.013506E+02,+3.584400E+04,+8.486099E-01,+1.389500E-05,+9.910000E+37,+4.014170E+02,+3.584400E+04,-2.630179E-02,+0.000000E+00,+9.910000E+37,+4.014844E+02,+3.584400E+04
13:24:38,0e0,+9.068457E-01,+1.550500E-05,+9.910000E+37,+4.017119E+02,+3.584400E+04,+9.079388E-01,+1.550500E-05,+9.910000E+37,+4.017773E+02,+3.584400E+04,+9.075772E-01,+1.550500E-05,+9.910000E+37,+4.018438E+02,+3.584400E+04,-2.639262E-02,+0.000000E+00,+9.910000E+37,+4.019111E+02,+3.584400E+04
13:24:38,0e0,+9.701831E-01,+1.730000E-05,+9.910000E+37,+4.021279E+02,+3.584400E+04,+9.705467E-01,+1.730000E-05,+9.910000E+37,+4.021934E+02,+3.584400E+04,+9.696807E-01,+1.730000E-05,+9.910000E+37,+4.022607E+02,+3.584400E+04,-2.548197E-02,+0.000000E+00,+9.910000E+37,+4.023262E+02,+3.584400E+04
13:24:38,0e0,+1.035431E+00,+1.930500E-05,+9.910000E+37,+4.025479E+02,+3.584400E+04,+1.035340E+00,+1.930500E-05,+9.910000E+37,+4.026143E+02,+3.584400E+04,+1.035795E+00,+1.930500E-05,+9.910000E+37,+4.026807E+02,+3.584400E+04,-2.566411E-02,+0.000000E+00,+9.910000E+37,+4.027480E+02,+3.584400E+04
13:24:38,0e0,+1.104324E+00,+2.154500E-05,+9.910000E+37,+4.029727E+02,+3.584400E+04,+1.104595E+00,+2.154500E-05,+9.910000E+37,+4.030391E+02,+3.584400E+04,+1.105278E+00,+2.154500E-05,+9.910000E+37,+4.031055E+02,+3.584400E+04,-2.548167E-02,+0.000000E+00,+9.910000E+37,+4.031729E+02,+3.584400E+04
13:24:38,0e0,+1.176903E+00,+2.404000E-05,+9.910000E+37,+4.033867E+02,+3.584400E+04,+1.176537E+00,+2.404000E-05,+9.910000E+37,+4.034531E+02,+3.584400E+04,+1.174940E+00,+2.404000E-05,+9.910000E+37,+4.035195E+02,+3.584400E+04,-2.539068E-02,+0.000000E+00,+9.910000E+37,+4.035889E+02,+3.584400E+04
13:24:38,0e0,+1.253122E+00,+2.682500E-05,+9.910000E+37,+4.038125E+02,+3.584400E+04,+1.252121E+00,+2.682500E-05,+9.910000E+37,+4.038799E+02,+3.584400E+04,+1.252349E+00,+2.682500E-05,+9.910000E+37,+4.039453E+02,+3.584400E+04,-2.539073E-02,+0.000000E+00,+9.910000E+37,+4.040146E+02,+3.584400E+04
13:24:38,0e0,+1.331894E+00,+2.993500E-05,+9.910000E+37,+4.042373E+02,+3.584400E+04,+1.331348E+00,+2.993500E-05,+9.910000E+37,+4.043037E+02,+3.584400E+04,+1.331256E+00,+2.993500E-05,+9.910000E+37,+4.043711E+02,+3.584400E+04,-2.507198E-02,+0.000000E+00,+9.910000E+37,+4.044395E+02,+3.584400E+04
13:24:38,0e0,+1.415676E+00,+3.340500E-05,+9.910000E+37,+4.046523E+02,+3.584400E+04,+1.414946E+00,+3.340500E-05,+9.910000E+37,+4.047187E+02,+3.584400E+04,+1.415631E+00,+3.340500E-05,+9.910000E+37,+4.047861E+02,+3.584400E+04,-2.488975E-02,+0.000000E+00,+9.910000E+37,+4.048525E+02,+3.584400E+04
13:24:38,0e0,+1.502233E+00,+3.727500E-05,+9.910000E+37,+4.050664E+02,+3.584400E+04,+1.502961E+00,+3.727500E-05,+9.910000E+37,+4.051328E+02,+3.584400E+04,+1.502186E+00,+3.727500E-05,+9.910000E+37,+4.051992E+02,+3.584400E+04,-2.607405E-02,+0.000000E+00,+9.910000E+37,+4.052656E+02,+3.584400E+04
13:24:38,0e0,+1.594847E+00,+4.159500E-05,+9.910000E+37,+4.054844E+02,+3.584400E+04,+1.594391E+00,+4.159500E-05,+9.910000E+37,+4.055518E+02,+3.584400E+04,+1.592703E+00,+4.159500E-05,+9.910000E+37,+4.056182E+02,+3.584400E+04,-2.466242E-02,+0.000000E+00,+9.910000E+37,+4.056846E+02,+3.584400E+04
13:24:38,0e0,+1.689963E+00,+4.641500E-05,+9.910000E+37,+4.059072E+02,+3.584400E+04,+1.691424E+00,+4.641500E-05,+9.910000E+37,+4.059727E+02,+3.584400E+04,+1.690783E+00,+4.641500E-05,+9.910000E+37,+4.060391E+02,+3.584400E+04,-2.534503E-02,+0.000000E+00,+9.910000E+37,+4.061055E+02,+3.584400E+04
13:24:38,0e0,+1.792916E+00,+5.179500E-05,+9.910000E+37,+4.063291E+02,+3.584400E+04,+1.792047E+00,+5.179500E-05,+9.910000E+37,+4.063965E+02,+3.584400E+04,+1.792599E+00,+5.179500E-05,+9.910000E+37,+4.064629E+02,+3.584400E+04,-2.566391E-02,+0.000000E+00,+9.910000E+37,+4.065303E+02,+3.584400E+04
13:24:38,0e0,+1.898914E+00,+5.779500E-05,+9.910000E+37,+4.067480E+02,+3.584400E+04,+1.899509E+00,+5.779500E-05,+9.910000E+37,+4.068154E+02,+3.584400E+04,+1.899872E+00,+5.779500E-05,+9.910000E+37,+4.068809E+02,+3.584400E+04,-2.630183E-02,+0.000000E+00,+9.910000E+37,+4.069473E+02,+3.584400E+04
13:24:38,0e0,+2.010970E+00,+6.449500E-05,+9.910000E+37,+4.071709E+02,+3.584400E+04,+2.011925E+00,+6.449500E-05,+9.910000E+37,+4.072363E+02,+3.584400E+04,+2.010785E+00,+6.449500E-05,+9.910000E+37,+4.073027E+02,+3.584400E+04,-2.557282E-02,+0.000000E+00,+9.910000E+37,+4.073701E+02,+3.584400E+04
13:24:38,0e0,+2.129398E+00,+7.197000E-05,+9.910000E+37,+4.075869E+02,+3.584400E+04,+2.129811E+00,+7.197000E-05,+9.910000E+37,+4.076543E+02,+3.584400E+04,+2.127892E+00,+7.197000E-05,+9.910000E+37,+4.077197E+02,+3.584400E+04,-2.493559E-02,+0.000000E+00,+9.910000E+37,+4.077891E+02,+3.584400E+04
13:24:38,0e0,+2.254159E+00,+8.031000E-05,+9.910000E+37,+4.080205E+02,+3.584400E+04,+2.253154E+00,+8.031000E-05,+9.910000E+37,+4.080879E+02,+3.584400E+04,+2.252975E+00,+8.031000E-05,+9.910000E+37,+4.081533E+02,+3.584400E+04,-2.561848E-02,+0.000000E+00,+9.910000E+37,+4.082207E+02,+3.584400E+04
13:24:38,0e0,+2.384980E+00,+8.961500E-05,+9.910000E+37,+4.084473E+02,+3.584400E+04,+2.383607E+00,+8.961500E-05,+9.910000E+37,+4.085146E+02,+3.584400E+04,+2.384201E+00,+8.961500E-05,+9.910000E+37,+4.085811E+02,+3.584400E+04,-2.397959E-02,+0.000000E+00,+9.910000E+37,+4.086475E+02,+3.584400E+04
13:24:38,0e0,+2.523031E+00,+1.000000E-04,+9.910000E+37,+4.088701E+02,+3.584400E+04,+2.521432E+00,+1.000000E-04,+9.910000E+37,+4.089375E+02,+3.584400E+04,+2.521664E+00,+1.000000E-04,+9.910000E+37,+4.090029E+02,+3.584400E+04,-2.452582E-02,+0.000000E+00,+9.910000E+37,+4.090703E+02,+3.584400E+04
13:24:38,0e0,+2.656347E+00,+1.116000E-04,+9.910000E+37,+4.092900E+02,+3.584400E+04,+2.656262E+00,+1.116000E-04,+9.910000E+37,+4.093564E+02,+3.584400E+04,+2.655942E+00,+1.116000E-04,+9.910000E+37,+4.094229E+02,+3.584400E+04,-3.345039E-02,+0.000000E+00,+9.910000E+37,+4.094893E+02,+3.584400E+04
13:24:38,0e0,+2.808565E+00,+1.245000E-04,+9.910000E+37,+4.097148E+02,+3.584400E+04,+2.808792E+00,+1.245000E-04,+9.910000E+37,+4.097822E+02,+3.584400E+04,+2.807517E+00,+1.245000E-04,+9.910000E+37,+4.098477E+02,+3.584400E+04,-3.340465E-02,+0.000000E+00,+9.910000E+37,+4.099141E+02,+3.584400E+04
13:24:38,0e0,+2.970665E+00,+1.389500E-04,+9.910000E+37,+4.101426E+02,+3.584400E+04,+2.967154E+00,+1.389500E-04,+9.910000E+37,+4.102090E+02,+3.584400E+04,+2.966972E+00,+1.389500E-04,+9.910000E+37,+4.102754E+02,+3.584400E+04,-3.281279E-02,+0.000000E+00,+9.910000E+37,+4.103408E+02,+3.584400E+04
13:24:38,0e0,+3.137404E+00,+1.550500E-04,+9.910000E+37,+4.105742E+02,+3.584400E+04,+3.135126E+00,+1.550500E-04,+9.910000E+37,+4.106406E+02,+3.584400E+04,+3.134760E+00,+1.550500E-04,+9.910000E+37,+4.107080E+02,+3.584400E+04,-3.267606E-02,+0.000000E+00,+9.910000E+37,+4.107744E+02,+3.584400E+04
13:24:38,0e0,+3.311840E+00,+1.730000E-04,+9.910000E+37,+4.110068E+02,+3.584400E+04,+3.310651E+00,+1.730000E-04,+9.910000E+37,+4.110723E+02,+3.584400E+04,+3.312339E+00,+1.730000E-04,+9.910000E+37,+4.111396E+02,+3.584400E+04,-3.308593E-02,+0.000000E+00,+9.910000E+37,+4.112061E+02,+3.584400E+04
13:24:38,0e0,+3.495013E+00,+1.930500E-04,+9.910000E+37,+4.114287E+02,+3.584400E+04,+3.494155E+00,+1.930500E-04,+9.910000E+37,+4.114941E+02,+3.584400E+04,+3.494101E+00,+1.930500E-04,+9.910000E+37,+4.115615E+02,+3.584400E+04,-3.386012E-02,+0.000000E+00,+9.910000E+37,+4.116270E+02,+3.584400E+04
13:24:38,0e0,+3.686159E+00,+2.154500E-04,+9.910000E+37,+4.118604E+02,+3.584400E+04,+3.685713E+00,+2.154500E-04,+9.910000E+37,+4.119268E+02,+3.584400E+04,+3.685202E+00,+2.154500E-04,+9.910000E+37,+4.119941E+02,+3.584400E+04,-3.253980E-02,+0.000000E+00,+9.910000E+37,+4.120605E+02,+3.584400E+04
13:24:38,0e0,+3.885001E+00,+2.404000E-04,+9.910000E+37,+4.122891E+02,+3.584400E+04,+3.883455E+00,+2.404000E-04,+9.910000E+37,+4.123564E+02,+3.584400E+04,+3.884595E+00,+2.404000E-04,+9.910000E+37,+4.124219E+02,+3.584400E+04,-3.240305E-02,+0.000000E+00,+9.910000E+37,+4.124893E+02,+3.584400E+04
13:24:38,0e0,+4.088897E+00,+2.682500E-04,+9.910000E+37,+4.127168E+02,+3.584400E+04,+4.089447E+00,+2.682500E-04,+9.910000E+37,+4.127842E+02,+3.584400E+04,+4.088804E+00,+2.682500E-04,+9.910000E+37,+4.128506E+02,+3.584400E+04,-3.272198E-02,+0.000000E+00,+9.910000E+37,+4.129180E+02,+3.584400E+04
13:24:38,0e0,+4.299629E+00,+2.993500E-04,+9.910000E+37,+4.131455E+02,+3.584400E+04,+4.298166E+00,+2.993500E-04,+9.910000E+37,+4.132119E+02,+3.584400E+04,+4.299297E+00,+2.993500E-04,+9.910000E+37,+4.132793E+02,+3.584400E+04,-3.281327E-02,+0.000000E+00,+9.910000E+37,+4.133447E+02,+3.584400E+04
13:24:38,0e0,+4.511666E+00,+3.340500E-04,+9.910000E+37,+4.135713E+02,+3.584400E+04,+4.512534E+00,+3.340500E-04,+9.910000E+37,+4.136387E+02,+3.584400E+04,+4.512529E+00,+3.340500E-04,+9.910000E+37,+4.137051E+02,+3.584400E+04,-3.335960E-02,+0.000000E+00,+9.910000E+37,+4.137715E+02,+3.584400E+04
13:24:38,0e0,+4.726997E+00,+3.727500E-04,+9.910000E+37,+4.139951E+02,+3.584400E+04,+4.726715E+00,+3.727500E-04,+9.910000E+37,+4.140625E+02,+3.584400E+04,+4.728994E+00,+3.727500E-04,+9.910000E+37,+4.141289E+02,+3.584400E+04,-3.194782E-02,+0.000000E+00,+9.910000E+37,+4.141963E+02,+3.584400E+04
13:24:38,0e0,+4.942270E+00,+4.159500E-04,+9.910000E+37,+4.144248E+02,+3.584400E+04,+4.942906E+00,+4.159500E-04,+9.910000E+37,+4.144922E+02,+3.584400E+04,+4.942451E+00,+4.159500E-04,+9.910000E+37,+4.145586E+02,+3.584400E+04,-3.331389E-02,+0.000000E+00,+9.910000E+37,+4.146260E+02,+3.584400E+04
13:24:38,0e0,+5.150806E+00,+4.641500E-04,+9.910000E+37,+4.148564E+02,+3.584400E+04,+5.153411E+00,+4.641500E-04,+9.910000E+37,+4.149229E+02,+3.584400E+04,+5.154412E+00,+4.641500E-04,+9.910000E+37,+4.149902E+02,+3.584400E+04,-3.372347E-02,+0.000000E+00,+9.910000E+37,+4.150566E+02,+3.584400E+04
13:24:38,0e0,+5.354023E+00,+5.179500E-04,+9.910000E+37,+4.152852E+02,+3.584400E+04,+5.356844E+00,+5.179500E-04,+9.910000E+37,+4.153516E+02,+3.584400E+04,+5.357164E+00,+5.179500E-04,+9.910000E+37,+4.154189E+02,+3.584400E+04,-3.276752E-02,+0.000000E+00,+9.910000E+37,+4.154854E+02,+3.584400E+04
13:24:38,0e0,+5.545854E+00,+5.779500E-04,+9.910000E+37,+4.157139E+02,+3.584400E+04,+5.550124E+00,+5.779500E-04,+9.910000E+37,+4.157803E+02,+3.584400E+04,+5.549675E+00,+5.779500E-04,+9.910000E+37,+4.158467E+02,+3.584400E+04,-3.358714E-02,+0.000000E+00,+9.910000E+37,+4.159141E+02,+3.584400E+04
13:24:38,0e0,+5.727395E+00,+6.449500E-04,+9.910000E+37,+4.161377E+02,+3.584400E+04,+5.730210E+00,+6.449500E-04,+9.910000E+37,+4.162031E+02,+3.584400E+04,+5.731351E+00,+6.449500E-04,+9.910000E+37,+4.162695E+02,+3.584400E+04,-3.313151E-02,+0.000000E+00,+9.910000E+37,+4.163359E+02,+3.584400E+04
13:24:38,0e0,+5.896451E+00,+7.197000E-04,+9.910000E+37,+4.165625E+02,+3.584400E+04,+5.899315E+00,+7.197000E-04,+9.910000E+37,+4.166299E+02,+3.584400E+04,+5.898641E+00,+7.197000E-04,+9.910000E+37,+4.166963E+02,+3.584400E+04,-3.349581E-02,+0.000000E+00,+9.910000E+37,+4.167637E+02,+3.584400E+04
13:24:38,0e0,+6.055872E+00,+8.031000E-04,+9.910000E+37,+4.169893E+02,+3.584400E+04,+6.059463E+00,+8.031000E-04,+9.910000E+37,+4.170566E+02,+3.584400E+04,+6.058548E+00,+8.031000E-04,+9.910000E+37,+4.171230E+02,+3.584400E+04,-3.140150E-02,+0.000000E+00,+9.910000E+37,+4.171895E+02,+3.584400E+04
13:24:38,0e0,+6.206524E+00,+8.961500E-04,+9.910000E+37,+4.174121E+02,+3.584400E+04,+6.210047E+00,+8.961500E-04,+9.910000E+37,+4.174795E+02,+3.584400E+04,+6.207359E+00,+8.961500E-04,+9.910000E+37,+4.175459E+02,+3.584400E+04,-3.276770E-02,+0.000000E+00,+9.910000E+37,+4.176133E+02,+3.584400E+04
13:24:38,0e0,+6.352060E+00,+1.000000E-03,+9.910000E+37,+4.178379E+02,+3.584400E+04,+6.354882E+00,+1.000000E-03,+9.910000E+37,+4.179043E+02,+3.584400E+04,+6.351513E+00,+1.000000E-03,+9.910000E+37,+4.179717E+02,+3.584400E+04,-3.249408E-02,+0.000000E+00,+9.910000E+37,+4.180381E+02,+3.584400E+04
13:24:38,0e0,+6.479824E+00,+1.116000E-03,+9.910000E+37,+4.182598E+02,+3.584400E+04,+6.481716E+00,+1.116000E-03,+9.910000E+37,+4.183262E+02,+3.584400E+04,+6.481090E+00,+1.116000E-03,+9.910000E+37,+4.183926E+02,+3.584400E+04,-4.136603E-01,+0.000000E+00,+9.910000E+37,+4.184600E+02,+3.584400E+04
13:24:38,0e0,+6.616362E+00,+1.245000E-03,+9.910000E+37,+4.186904E+02,+3.584400E+04,+6.620509E+00,+1.245000E-03,+9.910000E+37,+4.187578E+02,+3.584400E+04,+6.617232E+00,+1.245000E-03,+9.910000E+37,+4.188242E+02,+3.584400E+04,-4.091979E-01,+0.000000E+00,+9.910000E+37,+4.188906E+02,+3.584400E+04
13:24:38,0e0,+6.754014E+00,+1.389500E-03,+9.910000E+37,+4.191230E+02,+3.584400E+04,+6.756713E+00,+1.389500E-03,+9.910000E+37,+4.191885E+02,+3.584400E+04,+6.753798E+00,+1.389500E-03,+9.910000E+37,+4.192559E+02,+3.584400E+04,-3.999544E-01,+0.000000E+00,+9.910000E+37,+4.193223E+02,+3.584400E+04
13:24:38,0e0,+6.891805E+00,+1.550500E-03,+9.910000E+37,+4.195508E+02,+3.584400E+04,+6.894163E+00,+1.550500E-03,+9.910000E+37,+4.196182E+02,+3.584400E+04,+6.889465E+00,+1.550500E-03,+9.910000E+37,+4.196836E+02,+3.584400E+04,-3.929416E-01,+0.000000E+00,+9.910000E+37,+4.197510E+02,+3.584400E+04
13:24:38,0e0,+7.029485E+00,+1.730000E-03,+9.910000E+37,+4.199756E+02,+3.584400E+04,+7.030266E+00,+1.730000E-03,+9.910000E+37,+4.200420E+02,+3.584400E+04,+7.027811E+00,+1.730000E-03,+9.910000E+37,+4.201094E+02,+3.584400E+04,-3.819677E-01,+0.000000E+00,+9.910000E+37,+4.201748E+02,+3.584400E+04
13:24:38,0e0,+7.168645E+00,+1.930500E-03,+9.910000E+37,+4.204004E+02,+3.584400E+04,+7.170129E+00,+1.930500E-03,+9.910000E+37,+4.204668E+02,+3.584400E+04,+7.167191E+00,+1.930500E-03,+9.910000E+37,+4.205342E+02,+3.584400E+04,-3.879783E-01,+0.000000E+00,+9.910000E+37,+4.206006E+02,+3.584400E+04
13:24:38,0e0,+7.310156E+00,+2.154500E-03,+9.910000E+37,+4.208271E+02,+3.584400E+04,+7.310508E+00,+2.154500E-03,+9.910000E+37,+4.208926E+02,+3.584400E+04,+7.308505E+00,+2.154500E-03,+9.910000E+37,+4.209590E+02,+3.584400E+04,-3.760478E-01,+0.000000E+00,+9.910000E+37,+4.210254E+02,+3.584400E+04
13:24:38,0e0,+7.452164E+00,+2.404000E-03,+9.910000E+37,+4.212510E+02,+3.584400E+04,+7.453028E+00,+2.404000E-03,+9.910000E+37,+4.213174E+02,+3.584400E+04,+7.449990E+00,+2.404000E-03,+9.910000E+37,+4.213848E+02,+3.584400E+04,-3.834247E-01,+0.000000E+00,+9.910000E+37,+4.214512E+02,+3.584400E+04
13:24:38,0e0,+7.597099E+00,+2.682500E-03,+9.910000E+37,+4.216816E+02,+3.584400E+04,+7.598823E+00,+2.682500E-03,+9.910000E+37,+4.217480E+02,+3.584400E+04,+7.595560E+00,+2.682500E-03,+9.910000E+37,+4.218145E+02,+3.584400E+04,-3.597919E-01,+0.000000E+00,+9.910000E+37,+4.218818E+02,+3.584400E+04
13:24:38,0e0,+7.746671E+00,+2.993500E-03,+9.910000E+37,+4.221055E+02,+3.584400E+04,+7.747176E+00,+2.993500E-03,+9.910000E+37,+4.221709E+02,+3.584400E+04,+7.744496E+00,+2.993500E-03,+9.910000E+37,+4.222373E+02,+3.584400E+04,-3.647096E-01,+0.000000E+00,+9.910000E+37,+4.223027E+02,+3.584400E+04
13:24:38,0e0,+7.899752E+00,+3.340500E-03,+9.910000E+37,+4.225322E+02,+3.584400E+04,+7.896267E+00,+3.340500E-03,+9.910000E+37,+4.225977E+02,+3.584400E+04,+7.893686E+00,+3.340500E-03,+9.910000E+37,+4.226641E+02,+3.584400E+04,-3.435358E-01,+0.000000E+00,+9.910000E+37,+4.227305E+02,+3.584400E+04
13:24:38,0e0,+8.054886E+00,+3.727500E-03,+9.910000E+37,+4.229531E+02,+3.584400E+04,+8.052911E+00,+3.727500E-03,+9.910000E+37,+4.230195E+02,+3.584400E+04,+8.049729E+00,+3.727500E-03,+9.910000E+37,+4.230869E+02,+3.584400E+04,-3.410312E-01,+0.000000E+00,+9.910000E+37,+4.231523E+02,+3.584400E+04
13:24:38,0e0,+8.213515E+00,+4.159500E-03,+9.910000E+37,+4.233809E+02,+3.584400E+04,+8.213195E+00,+4.159500E-03,+9.910000E+37,+4.234473E+02,+3.584400E+04,+8.207870E+00,+4.159500E-03,+9.910000E+37,+4.235146E+02,+3.584400E+04,-3.257312E-01,+0.000000E+00,+9.910000E+37,+4.235820E+02,+3.584400E+04
13:24:38,0e0,+8.378112E+00,+4.641500E-03,+9.910000E+37,+4.238076E+02,+3.584400E+04,+8.375194E+00,+4.641500E-03,+9.910000E+37,+4.238740E+02,+3.584400E+04,+8.370915E+00,+4.641500E-03,+9.910000E+37,+4.239414E+02,+3.584400E+04,-3.173071E-01,+0.000000E+00,+9.910000E+37,+4.240068E+02,+3.584400E+04
13:24:38,0e0,+8.547310E+00,+5.179500E-03,+9.910000E+37,+4.242354E+02,+3.584400E+04,+8.544170E+00,+5.179500E-03,+9.910000E+37,+4.243018E+02,+3.584400E+04,+8.538930E+00,+5.179500E-03,+9.910000E+37,+4.243691E+02,+3.584400E+04,-2.935831E-01,+0.000000E+00,+9.910000E+37,+4.244346E+02,+3.584400E+04
13:24:38,0e0,+8.724811E+00,+5.779500E-03,+9.910000E+37,+4.246562E+02,+3.584400E+04,+8.718777E+00,+5.779500E-03,+9.910000E+37,+4.247227E+02,+3.584400E+04,+8.712718E+00,+5.779500E-03,+9.910000E+37,+4.247891E+02,+3.584400E+04,-2.828822E-01,+0.000000E+00,+9.910000E+37,+4.248564E+02,+3.584400E+04
13:24:38,0e0,+8.908799E+00,+6.449500E-03,+9.910000E+37,+4.250869E+02,+3.584400E+04,+8.902976E+00,+6.449500E-03,+9.910000E+37,+4.251523E+02,+3.584400E+04,+8.896639E+00,+6.449500E-03,+9.910000E+37,+4.252187E+02,+3.584400E+04,-2.641671E-01,+0.000000E+00,+9.910000E+37,+4.252861E+02,+3.584400E+04
13:24:38,0e0,+9.099340E+00,+7.197000E-03,+9.910000E+37,+4.255117E+02,+3.584400E+04,+9.092463E+00,+7.197000E-03,+9.910000E+37,+4.255791E+02,+3.584400E+04,+9.086328E+00,+7.197000E-03,+9.910000E+37,+4.256445E+02,+3.584400E+04,-2.459530E-01,+0.000000E+00,+9.910000E+37,+4.257109E+02,+3.584400E+04
13:24:38,0e0,+9.300509E+00,+8.031000E-03,+9.910000E+37,+4.259482E+02,+3.584400E+04,+9.293639E+00,+8.031000E-03,+9.910000E+37,+4.260146E+02,+3.584400E+04,+9.284122E+00,+8.031000E-03,+9.910000E+37,+4.260820E+02,+3.584400E+04,-2.249611E-01,+0.000000E+00,+9.910000E+37,+4.261475E+02,+3.584400E+04
13:24:38,0e0,+9.508062E+00,+8.961500E-03,+9.910000E+37,+4.263730E+02,+3.584400E+04,+9.498952E+00,+8.961500E-03,+9.910000E+37,+4.264385E+02,+3.584400E+04,+9.491253E+00,+8.961500E-03,+9.910000E+37,+4.265059E+02,+3.584400E+04,-2.103905E-01,+0.000000E+00,+9.910000E+37,+4.265732E+02,+3.584400E+04
