13:29:51,0e0,+4.610121E-03,+1.000000E-07,+9.910000E+37,+6.896797E+02,+3.584400E+04,+4.290968E-03,+1.000000E-07,+9.910000E+37,+6.897461E+02,+3.584400E+04,+4.564151E-03,+1.000000E-07,+9.910000E+37,+6.898125E+02,+3.584400E+04,-1.369390E-02,+0.000000E+00,+9.910000E+37,+6.898789E+02,+3.584400E+04
13:29:51,0e0,+5.338192E-03,+1.116000E-07,+9.910000E+37,+6.901035E+02,+3.584400E+04,+3.562123E-03,+1.116000E-07,+9.910000E+37,+6.901699E+02,+3.584400E+04,+4.837334E-03,+1.116000E-07,+9.910000E+37,+6.902373E+02,+3.584400E+04,-1.501445E-02,+0.000000E+00,+9.910000E+37,+6.903027E+02,+3.584400E+04
13:29:51,0e0,+5.610988E-03,+1.245000E-07,+9.910000E+37,+6.905264E+02,+3.584400E+04,+5.747765E-03,+1.245000E-07,+9.910000E+37,+6.905938E+02,+3.584400E+04,+8.707315E-03,+1.245000E-07,+9.910000E+37,+6.906602E+02,+3.584400E+04,-1.633519E-02,+0.000000E+00,+9.910000E+37,+6.907266E+02,+3.584400E+04
13:29:51,0e0,+8.707255E-03,+1.389500E-07,+9.910000E+37,+6.909521E+02,+3.584400E+04,+1.025572E-02,+1.389500E-07,+9.910000E+37,+6.910186E+02,+3.584400E+04,+8.843809E-03,+1.389500E-07,+9.910000E+37,+6.910850E+02,+3.584400E+04,-1.355711E-02,+0.000000E+00,+9.910000E+37,+6.911514E+02,+3.584400E+04
13:29:51,0e0,+1.326071E-02,+1.550500E-07,+9.910000E+37,+6.913799E+02,+3.584400E+04,+1.335199E-02,+1.550500E-07,+9.910000E+37,+6.914463E+02,+3.584400E+04,+1.344286E-02,+1.550500E-07,+9.910000E+37,+6.915137E+02,+3.584400E+04,-1.446807E-02,+0.000000E+00,+9.910000E+37,+6.915801E+02,+3.584400E+04
13:29:51,0e0,+1.567394E-02,+1.730000E-07,+9.910000E+37,+6.918008E+02,+3.584400E+04,+1.594684E-02,+1.730000E-07,+9.910000E+37,+6.918672E+02,+3.584400E+04,+1.644781E-02,+1.730000E-07,+9.910000E+37,+6.919336E+02,+3.584400E+04,-1.465029E-02,+0.000000E+00,+9.910000E+37,+6.920010E+02,+3.584400E+04
13:29:51,0e0,+1.931642E-02,+1.930500E-07,+9.910000E+37,+6.922285E+02,+3.584400E+04,+1.886116E-02,+1.930500E-07,+9.910000E+37,+6.922959E+02,+3.584400E+04,+1.949839E-02,+1.930500E-07,+9.910000E+37,+6.923623E+02,+3.584400E+04,-1.328415E-02,+0.000000E+00,+9.910000E+37,+6.924287E+02,+3.584400E+04
13:29:51,0e0,+2.291341E-02,+2.154500E-07,+9.910000E+37,+6.926504E+02,+3.584400E+04,+2.318697E-02,+2.154500E-07,+9.910000E+37,+6.927168E+02,+3.584400E+04,+2.336901E-02,+2.154500E-07,+9.910000E+37,+6.927832E+02,+3.584400E+04,-1.369411E-02,+0.000000E+00,+9.910000E+37,+6.928496E+02,+3.584400E+04
13:29:51,0e0,+2.773950E-02,+2.404000E-07,+9.910000E+37,+6.930771E+02,+3.584400E+04,+2.723925E-02,+2.404000E-07,+9.910000E+37,+6.931436E+02,+3.584400E+04,+2.728438E-02,+2.404000E-07,+9.910000E+37,+6.932100E+02,+3.584400E+04,-1.223679E-02,+0.000000E+00,+9.910000E+37,+6.932773E+02,+3.584400E+04
13:29:51,0e0,+3.142801E-02,+2.682500E-07,+9.910000E+37,+6.934980E+02,+3.584400E+04,+3.261209E-02,+2.682500E-07,+9.910000E+37,+6.935645E+02,+3.584400E+04,+3.192857E-02,+2.682500E-07,+9.910000E+37,+6.936309E+02,+3.584400E+04,-1.410392E-02,+0.000000E+00,+9.910000E+37,+6.936973E+02,+3.584400E+04
13:29:51,0e0,+3.557077E-02,+2.993500E-07,+9.910000E+37,+6.939238E+02,+3.584400E+04,+3.721043E-02,+2.993500E-07,+9.910000E+37,+6.939912E+02,+3.584400E+04,+3.598115E-02,+2.993500E-07,+9.910000E+37,+6.940576E+02,+3.584400E+04,-1.474109E-02,+0.000000E+00,+9.910000E+37,+6.941240E+02,+3.584400E+04
13:29:51,0e0,+4.294732E-02,+3.340500E-07,+9.910000E+37,+6.943477E+02,+3.584400E+04,+4.139954E-02,+3.340500E-07,+9.910000E+37,+6.944141E+02,+3.584400E+04,+4.080671E-02,+3.340500E-07,+9.910000E+37,+6.944805E+02,+3.584400E+04,-1.437700E-02,+0.000000E+00,+9.910000E+37,+6.945469E+02,+3.584400E+04
13:29:51,0e0,+4.809219E-02,+3.727500E-07,+9.910000E+37,+6.947715E+02,+3.584400E+04,+4.822892E-02,+3.727500E-07,+9.910000E+37,+6.948389E+02,+3.584400E+04,+4.850203E-02,+3.727500E-07,+9.910000E+37,+6.949053E+02,+3.584400E+04,-1.346640E-02,+0.000000E+00,+9.910000E+37,+6.949717E+02,+3.584400E+04
13:29:51,0e0,+5.369219E-02,+4.159500E-07,+9.910000E+37,+6.951973E+02,+3.584400E+04,+5.382890E-02,+4.159500E-07,+9.910000E+37,+6.952646E+02,+3.584400E+04,+5.492187E-02,+4.159500E-07,+9.910000E+37,+6.953311E+02,+3.584400E+04,-1.519702E-02,+0.000000E+00,+9.910000E+37,+6.953965E+02,+3.584400E+04
13:29:51,0e0,+6.097740E-02,+4.641500E-07,+9.910000E+37,+6.956309E+02,+3.584400E+04,+6.275317E-02,+4.641500E-07,+9.910000E+37,+6.956973E+02,+3.584400E+04,+6.120506E-02,+4.641500E-07,+9.910000E+37,+6.957637E+02,+3.584400E+04,-1.533340E-02,+0.000000E+00,+9.910000E+37,+6.958301E+02,+3.584400E+04
13:29:51,0e0,+7.049382E-02,+5.179500E-07,+9.910000E+37,+6.960527E+02,+3.584400E+04,+6.940141E-02,+5.179500E-07,+9.910000E+37,+6.961191E+02,+3.584400E+04,+6.967482E-02,+5.179500E-07,+9.910000E+37,+6.961865E+02,+3.584400E+04,-1.442280E-02,+0.000000E+00,+9.910000E+37,+6.962529E+02,+3.584400E+04
13:29:51,0e0,+7.846147E-02,+5.779500E-07,+9.910000E+37,+6.964766E+02,+3.584400E+04,+7.823455E-02,+5.779500E-07,+9.910000E+37,+6.965430E+02,+3.584400E+04,+7.832551E-02,+5.779500E-07,+9.910000E+37,+6.966094E+02,+3.584400E+04,-1.396732E-02,+0.000000E+00,+9.910000E+37,+6.966758E+02,+3.584400E+04
13:29:51,0e0,+8.724943E-02,+6.449500E-07,+9.910000E+37,+6.968984E+02,+3.584400E+04,+8.724910E-02,+6.449500E-07,+9.910000E+37,+6.969648E+02,+3.584400E+04,+8.747685E-02,+6.449500E-07,+9.910000E+37,+6.970313E+02,+3.584400E+04,-1.506016E-02,+0.000000E+00,+9.910000E+37,+6.970977E+02,+3.584400E+04
13:29:51,0e0,+9.849575E-02,+7.197000E-07,+9.910000E+37,+6.973232E+02,+3.584400E+04,+9.767601E-02,+7.197000E-07,+9.910000E+37,+6.973896E+02,+3.584400E+04,+9.699258E-02,+7.197000E-07,+9.910000E+37,+6.974570E+02,+3.584400E+04,-1.396741E-02,+0.000000E+00,+9.910000E+37,+6.975234E+02,+3.584400E+04
13:29:51,0e0,+1.098330E-01,+8.031000E-07,+9.910000E+37,+6.977471E+02,+3.584400E+04,+1.090131E-01,+8.031000E-07,+9.910000E+37,+6.978135E+02,+3.584400E+04,+1.086033E-01,+8.031000E-07,+9.910000E+37,+6.978799E+02,+3.584400E+04,-1.519674E-02,+0.000000E+00,+9.910000E+37,+6.979463E+02,+3.584400E+04
13:29:51,0e0,+1.212160E-01,+8.961500E-07,+9.910000E+37,+6.981748E+02,+3.584400E+04,+1.199865E-01,+8.961500E-07,+9.910000E+37,+6.982412E+02,+3.584400E+04,+1.201689E-01,+8.961500E-07,+9.910000E+37,+6.983076E+02,+3.584400E+04,-1.533353E-02,+0.000000E+00,+9.910000E+37,+6.983740E+02,+3.584400E+04
13:29:51,0e0,+1.341020E-01,+1.000000E-06,+9.910000E+37,+6.985986E+02,+3.584400E+04,+1.338733E-01,+1.000000E-06,+9.910000E+37,+6.986650E+02,+3.584400E+04,+1.340559E-01,+1.000000E-06,+9.910000E+37,+6.987314E+02,+3.584400E+04,-1.369411E-02,+0.000000E+00,+9.910000E+37,+6.987979E+02,+3.584400E+04
13:29:51,0e0,+1.366059E-01,+1.116000E-06,+9.910000E+37,+6.990283E+02,+3.584400E+04,+1.372430E-01,+1.116000E-06,+9.910000E+37,+6.990937E+02,+3.584400E+04,+1.369244E-01,+1.116000E-06,+9.910000E+37,+6.991602E+02,+3.584400E+04,-1.492362E-02,+0.000000E+00,+9.910000E+37,+6.992275E+02,+3.584400E+04
13:29:51,0e0,+1.506291E-01,+1.245000E-06,+9.910000E+37,+6.994512E+02,+3.584400E+04,+1.502644E-01,+1.245000E-06,+9.910000E+37,+6.995176E+02,+3.584400E+04,+1.509022E-01,+1.245000E-06,+9.910000E+37,+6.995850E+02,+3.584400E+04,-1.460506E-02,+0.000000E+00,+9.910000E+37,+6.996523E+02,+3.584400E+04
13:29:51,0e0,+1.666115E-01,+1.389500E-06,+9.910000E+37,+6.998789E+02,+3.584400E+04,+1.655630E-01,+1.389500E-06,+9.910000E+37,+6.999453E+02,+3.584400E+04,+1.671114E-01,+1.389500E-06,+9.910000E+37,+7.000117E+02,+3.584400E+04,-1.433179E-02,+0.000000E+00,+9.910000E+37,+7.000791E+02,+3.584400E+04
13:29:51,0e0,+1.830477E-01,+1.550500E-06,+9.910000E+37,+7.002998E+02,+3.584400E+04,+1.822734E-01,+1.550500E-06,+9.910000E+37,+7.003672E+02,+3.584400E+04,+1.845510E-01,+1.550500E-06,+9.910000E+37,+7.004326E+02,+3.584400E+04,-1.278357E-02,+0.000000E+00,+9.910000E+37,+7.004990E+02,+3.584400E+04
13:29:51,0e0,+2.019889E-01,+1.730000E-06,+9.910000E+37,+7.007285E+02,+3.584400E+04,+2.010325E-01,+1.730000E-06,+9.910000E+37,+7.007959E+02,+3.584400E+04,+2.015795E-01,+1.730000E-06,+9.910000E+37,+7.008623E+02,+3.584400E+04,-1.414961E-02,+0.000000E+00,+9.910000E+37,+7.009287E+02,+3.584400E+04
13:29:51,0e0,+2.207936E-01,+1.930500E-06,+9.910000E+37,+7.011553E+02,+3.584400E+04,+2.203837E-01,+1.930500E-06,+9.910000E+37,+7.012227E+02,+3.584400E+04,+2.212489E-01,+1.930500E-06,+9.910000E+37,+7.012900E+02,+3.584400E+04,-1.455924E-02,+0.000000E+00,+9.910000E+37,+7.013555E+02,+3.584400E+04
13:29:51,0e0,+2.420111E-01,+2.154500E-06,+9.910000E+37,+7.015869E+02,+3.584400E+04,+2.426025E-01,+2.154500E-06,+9.910000E+37,+7.016543E+02,+3.584400E+04,+2.426482E-01,+2.154500E-06,+9.910000E+37,+7.017197E+02,+3.584400E+04,-1.528819E-02,+0.000000E+00,+9.910000E+37,+7.017861E+02,+3.584400E+04
13:29:51,0e0,+2.643666E-01,+2.404000E-06,+9.910000E+37,+7.020098E+02,+3.584400E+04,+2.648220E-01,+2.404000E-06,+9.910000E+37,+7.020752E+02,+3.584400E+04,+2.644579E-01,+2.404000E-06,+9.910000E+37,+7.021416E+02,+3.584400E+04,-1.460482E-02,+0.000000E+00,+9.910000E+37,+7.022090E+02,+3.584400E+04
13:29:51,0e0,+2.893643E-01,+2.682500E-06,+9.910000E+37,+7.024365E+02,+3.584400E+04,+2.899106E-01,+2.682500E-06,+9.910000E+37,+7.025039E+02,+3.584400E+04,+2.900926E-01,+2.682500E-06,+9.910000E+37,+7.025703E+02,+3.584400E+04,-1.537919E-02,+0.000000E+00,+9.910000E+37,+7.026357E+02,+3.584400E+04
13:29:51,0e0,+3.166841E-01,+2.993500E-06,+9.910000E+37,+7.028623E+02,+3.584400E+04,+3.162726E-01,+2.993500E-06,+9.910000E+37,+7.029287E+02,+3.584400E+04,+3.164554E-01,+2.993500E-06,+9.910000E+37,+7.029961E+02,+3.584400E+04,-1.369442E-02,+0.000000E+00,+9.910000E+37,+7.030635E+02,+3.584400E+04
13:29:51,0e0,+3.449129E-01,+3.340500E-06,+9.910000E+37,+7.032979E+02,+3.584400E+04,+3.455966E-01,+3.340500E-06,+9.910000E+37,+7.033633E+02,+3.584400E+04,+3.455040E-01,+3.340500E-06,+9.910000E+37,+7.034307E+02,+3.584400E+04,-1.487815E-02,+0.000000E+00,+9.910000E+37,+7.034971E+02,+3.584400E+04
13:29:51,0e0,+3.753274E-01,+3.727500E-06,+9.910000E+37,+7.037197E+02,+3.584400E+04,+3.761008E-01,+3.727500E-06,+9.910000E+37,+7.037861E+02,+3.584400E+04,+3.770576E-01,+3.727500E-06,+9.910000E+37,+7.038525E+02,+3.584400E+04,-1.433153E-02,+0.000000E+00,+9.910000E+37,+7.039189E+02,+3.584400E+04
13:29:51,0e0,+4.102046E-01,+4.159500E-06,+9.910000E+37,+7.041465E+02,+3.584400E+04,+4.096121E-01,+4.159500E-06,+9.910000E+37,+7.042139E+02,+3.584400E+04,+4.101589E-01,+4.159500E-06,+9.910000E+37,+7.042793E+02,+3.584400E+04,-1.401304E-02,+0.000000E+00,+9.910000E+37,+7.043467E+02,+3.584400E+04
13:29:51,0e0,+4.468579E-01,+4.641500E-06,+9.910000E+37,+7.045713E+02,+3.584400E+04,+4.468578E-01,+4.641500E-06,+9.910000E+37,+7.046377E+02,+3.584400E+04,+4.467205E-01,+4.641500E-06,+9.910000E+37,+7.047051E+02,+3.584400E+04,-1.451379E-02,+0.000000E+00,+9.910000E+37,+7.047705E+02,+3.584400E+04
13:29:51,0e0,+4.864246E-01,+5.179500E-06,+9.910000E+37,+7.049980E+02,+3.584400E+04,+4.851037E-01,+5.179500E-06,+9.910000E+37,+7.050654E+02,+3.584400E+04,+4.861056E-01,+5.179500E-06,+9.910000E+37,+7.051309E+02,+3.584400E+04,-1.419505E-02,+0.000000E+00,+9.910000E+37,+7.051973E+02,+3.584400E+04
13:29:51,0e0,+5.279494E-01,+5.779500E-06,+9.910000E+37,+7.054219E+02,+3.584400E+04,+5.265369E-01,+5.779500E-06,+9.910000E+37,+7.054893E+02,+3.584400E+04,+5.284051E-01,+5.779500E-06,+9.910000E+37,+7.055547E+02,+3.584400E+04,-1.437733E-02,+0.000000E+00,+9.910000E+37,+7.056211E+02,+3.584400E+04
13:29:51,0e0,+5.730254E-01,+6.449500E-06,+9.910000E+37,+7.058496E+02,+3.584400E+04,+5.717953E-01,+6.449500E-06,+9.910000E+37,+7.059160E+02,+3.584400E+04,+5.732524E-01,+6.449500E-06,+9.910000E+37,+7.059814E+02,+3.584400E+04,-1.419511E-02,+0.000000E+00,+9.910000E+37,+7.060479E+02,+3.584400E+04
13:29:51,0e0,+6.213804E-01,+7.197000E-06,+9.910000E+37,+7.062695E+02,+3.584400E+04,+6.216072E-01,+7.197000E-06,+9.910000E+37,+7.063359E+02,+3.584400E+04,+6.208788E-01,+7.197000E-06,+9.910000E+37,+7.064023E+02,+3.584400E+04,-1.419559E-02,+0.000000E+00,+9.910000E+37,+7.064687E+02,+3.584400E+04
13:29:51,0e0,+6.736036E-01,+8.031000E-06,+9.910000E+37,+7.066973E+02,+3.584400E+04,+6.743787E-01,+8.031000E-06,+9.910000E+37,+7.067637E+02,+3.584400E+04,+6.739224E-01,+8.031000E-06,+9.910000E+37,+7.068301E+02,+3.584400E+04,-1.465058E-02,+0.000000E+00,+9.910000E+37,+7.068965E+02,+3.584400E+04
13:29:51,0e0,+7.296545E-01,+8.961500E-06,+9.910000E+37,+7.071221E+02,+3.584400E+04,+7.299723E-01,+8.961500E-06,+9.910000E+37,+7.071895E+02,+3.584400E+04,+7.288787E-01,+8.961500E-06,+9.910000E+37,+7.072559E+02,+3.584400E+04,-1.428629E-02,+0.000000E+00,+9.910000E+37,+7.073232E+02,+3.584400E+04
13:29:51,0e0,+7.877070E-01,+1.000000E-05,+9.910000E+37,+7.075459E+02,+3.584400E+04,+7.859298E-01,+1.000000E-05,+9.910000E+37,+7.076123E+02,+3.584400E+04,+7.874334E-01,+1.000000E-05,+9.910000E+37,+7.076787E+02,+3.584400E+04,-1.460516E-02,+0.000000E+00,+9.910000E+37,+7.077451E+02,+3.584400E+04
13:29:51,0e0,+8.366990E-01,+1.116000E-05,+9.910000E+37,+7.079678E+02,+3.584400E+04,+8.362432E-01,+1.116000E-05,+9.910000E+37,+7.080352E+02,+3.584400E+04,+8.366525E-01,+1.116000E-05,+9.910000E+37,+7.081006E+02,+3.584400E+04,-1.483268E-02,+0.000000E+00,+9.910000E+37,+7.081680E+02,+3.584400E+04
13:29:51,0e0,+8.988024E-01,+1.245000E-05,+9.910000E+37,+7.083936E+02,+3.584400E+04,+8.989849E-01,+1.245000E-05,+9.910000E+37,+7.084590E+02,+3.584400E+04,+9.009883E-01,+1.245000E-05,+9.910000E+37,+7.085264E+02,+3.584400E+04,-1.601674E-02,+0.000000E+00,+9.910000E+37,+7.085918E+02,+3.584400E+04
13:29:51,0e0,+9.667838E-01,+1.389500E-05,+9.910000E+37,+7.088174E+02,+3.584400E+04,+9.673743E-01,+1.389500E-05,+9.910000E+37,+7.088838E+02,+3.584400E+04,+9.669189E-01,+1.389500E-05,+9.910000E+37,+7.089512E+02,+3.584400E+04,-1.510598E-02,+0.000000E+00,+9.910000E+37,+7.090166E+02,+3.584400E+04
13:29:51,0e0,+1.036717E+00,+1.550500E-05,+9.910000E+37,+7.092344E+02,+3.584400E+04,+1.038498E+00,+1.550500E-05,+9.910000E+37,+7.093008E+02,+3.584400E+04,+1.036353E+00,+1.550500E-05,+9.910000E+37,+7.093672E+02,+3.584400E+04,-1.528803E-02,+0.000000E+00,+9.910000E+37,+7.094336E+02,+3.584400E+04
13:29:51,0e0,+1.110204E+00,+1.730000E-05,+9.910000E+37,+7.096504E+02,+3.584400E+04,+1.111116E+00,+1.730000E-05,+9.910000E+37,+7.097168E+02,+3.584400E+04,+1.112529E+00,+1.730000E-05,+9.910000E+37,+7.097842E+02,+3.584400E+04,-1.697293E-02,+0.000000E+00,+9.910000E+37,+7.098516E+02,+3.584400E+04
13:29:51,0e0,+1.189979E+00,+1.930500E-05,+9.910000E+37,+7.100791E+02,+3.584400E+04,+1.189204E+00,+1.930500E-05,+9.910000E+37,+7.101445E+02,+3.584400E+04,+1.190160E+00,+1.930500E-05,+9.910000E+37,+7.102109E+02,+3.584400E+04,-1.533355E-02,+0.000000E+00,+9.910000E+37,+7.102783E+02,+3.584400E+04
13:29:51,0e0,+1.270342E+00,+2.154500E-05,+9.910000E+37,+7.105010E+02,+3.584400E+04,+1.271752E+00,+2.154500E-05,+9.910000E+37,+7.105674E+02,+3.584400E+04,+1.271708E+00,+2.154500E-05,+9.910000E+37,+7.106328E+02,+3.584400E+04,-1.565230E-02,+0.000000E+00,+9.910000E+37,+7.107012E+02,+3.584400E+04
13:29:51,0e0,+1.355666E+00,+2.404000E-05,+9.910000E+37,+7.109248E+02,+3.584400E+04,+1.357488E+00,+2.404000E-05,+9.910000E+37,+7.109912E+02,+3.584400E+04,+1.356851E+00,+2.404000E-05,+9.910000E+37,+7.110576E+02,+3.584400E+04,-1.601668E-02,+0.000000E+00,+9.910000E+37,+7.111270E+02,+3.584400E+04
13:29:51,0e0,+1.445640E+00,+2.682500E-05,+9.910000E+37,+7.113555E+02,+3.584400E+04,+1.444269E+00,+2.682500E-05,+9.910000E+37,+7.114229E+02,+3.584400E+04,+1.444956E+00,+2.682500E-05,+9.910000E+37,+7.114883E+02,+3.584400E+04,-1.487835E-02,+0.000000E+00,+9.910000E+37,+7.115547E+02,+3.584400E+04
13:29:51,0e0,+1.537427E+00,+2.993500E-05,+9.910000E+37,+7.117676E+02,+3.584400E+04,+1.539113E+00,+2.993500E-05,+9.910000E+37,+7.118340E+02,+3.584400E+04,+1.538521E+00,+2.993500E-05,+9.910000E+37,+7.119014E+02,+3.584400E+04,-1.601687E-02,+0.000000E+00,+9.910000E+37,+7.119668E+02,+3.584400E+04
13:29:51,0e0,+1.634869E+00,+3.340500E-05,+9.910000E+37,+7.121807E+02,+3.584400E+04,+1.635365E+00,+3.340500E-05,+9.910000E+37,+7.122480E+02,+3.584400E+04,+1.636144E+00,+3.340500E-05,+9.910000E+37,+7.123135E+02,+3.584400E+04,-1.669994E-02,+0.000000E+00,+9.910000E+37,+7.123799E+02,+3.584400E+04
13:29:51,0e0,+1.737541E+00,+3.727500E-05,+9.910000E+37,+7.125996E+02,+3.584400E+04,+1.737221E+00,+3.727500E-05,+9.910000E+37,+7.126650E+02,+3.584400E+04,+1.737497E+00,+3.727500E-05,+9.910000E+37,+7.127314E+02,+3.584400E+04,-1.597130E-02,+0.000000E+00,+9.910000E+37,+7.127979E+02,+3.584400E+04
13:29:51,0e0,+1.843353E+00,+4.159500E-05,+9.910000E+37,+7.130225E+02,+3.584400E+04,+1.843489E+00,+4.159500E-05,+9.910000E+37,+7.130898E+02,+3.584400E+04,+1.845264E+00,+4.159500E-05,+9.910000E+37,+7.131553E+02,+3.584400E+04,-1.688199E-02,+0.000000E+00,+9.910000E+37,+7.132227E+02,+3.584400E+04
13:29:51,0e0,+1.956187E+00,+4.641500E-05,+9.910000E+37,+7.134434E+02,+3.584400E+04,+1.956093E+00,+4.641500E-05,+9.910000E+37,+7.135098E+02,+3.584400E+04,+1.956228E+00,+4.641500E-05,+9.910000E+37,+7.135771E+02,+3.584400E+04,-1.574352E-02,+0.000000E+00,+9.910000E+37,+7.136426E+02,+3.584400E+04
13:29:51,0e0,+2.073245E+00,+5.179500E-05,+9.910000E+37,+7.138701E+02,+3.584400E+04,+2.073060E+00,+5.179500E-05,+9.910000E+37,+7.139365E+02,+3.584400E+04,+2.074018E+00,+5.179500E-05,+9.910000E+37,+7.140020E+02,+3.584400E+04,-1.574346E-02,+0.000000E+00,+9.910000E+37,+7.140684E+02,+3.584400E+04
13:29:51,0e0,+2.195317E+00,+5.779500E-05,+9.910000E+37,+7.142979E+02,+3.584400E+04,+2.196589E+00,+5.779500E-05,+9.910000E+37,+7.143643E+02,+3.584400E+04,+2.195129E+00,+5.779500E-05,+9.910000E+37,+7.144316E+02,+3.584400E+04,-1.597132E-02,+0.000000E+00,+9.910000E+37,+7.144971E+02,+3.584400E+04
13:29:51,0e0,+2.324032E+00,+6.449500E-05,+9.910000E+37,+7.147139E+02,+3.584400E+04,+2.324675E+00,+6.449500E-05,+9.910000E+37,+7.147803E+02,+3.584400E+04,+2.324073E+00,+6.449500E-05,+9.910000E+37,+7.148477E+02,+3.584400E+04,-1.706398E-02,+0.000000E+00,+9.910000E+37,+7.149131E+02,+3.584400E+04
13:29:51,0e0,+2.458300E+00,+7.197000E-05,+9.910000E+37,+7.151299E+02,+3.584400E+04,+2.458760E+00,+7.197000E-05,+9.910000E+37,+7.151973E+02,+3.584400E+04,+2.458029E+00,+7.197000E-05,+9.910000E+37,+7.152627E+02,+3.584400E+04,-1.583464E-02,+0.000000E+00,+9.910000E+37,+7.153320E+02,+3.584400E+04
13:29:51,0e0,+2.598812E+00,+8.031000E-05,+9.910000E+37,+7.155547E+02,+3.584400E+04,+2.598765E+00,+8.031000E-05,+9.910000E+37,+7.156221E+02,+3.584400E+04,+2.600636E+00,+8.031000E-05,+9.910000E+37,+7.156875E+02,+3.584400E+04,-1.710956E-02,+0.000000E+00,+9.910000E+37,+7.157568E+02,+3.584400E+04
13:29:51,0e0,+2.747336E+00,+8.961500E-05,+9.910000E+37,+7.159814E+02,+3.584400E+04,+2.746652E+00,+8.961500E-05,+9.910000E+37,+7.160488E+02,+3.584400E+04,+2.747385E+00,+8.961500E-05,+9.910000E+37,+7.161143E+02,+3.584400E+04,-1.506001E-02,+0.000000E+00,+9.910000E+37,+7.161816E+02,+3.584400E+04
13:29:51,0e0,+2.902779E+00,+1.000000E-04,+9.910000E+37,+7.164043E+02,+3.584400E+04,+2.901688E+00,+1.000000E-04,+9.910000E+37,+7.164697E+02,+3.584400E+04,+2.903469E+00,+1.000000E-04,+9.910000E+37,+7.165361E+02,+3.584400E+04,-1.556121E-02,+0.000000E+00,+9.910000E+37,+7.166055E+02,+3.584400E+04
13:29:51,0e0,+3.054810E+00,+1.116000E-04,+9.910000E+37,+7.168340E+02,+3.584400E+04,+3.052857E+00,+1.116000E-04,+9.910000E+37,+7.169004E+02,+3.584400E+04,+3.053264E+00,+1.116000E-04,+9.910000E+37,+7.169678E+02,+3.584400E+04,-2.348402E-02,+0.000000E+00,+9.910000E+37,+7.170332E+02,+3.584400E+04
13:29:51,0e0,+3.220866E+00,+1.245000E-04,+9.910000E+37,+7.172568E+02,+3.584400E+04,+3.220179E+00,+1.245000E-04,+9.910000E+37,+7.173232E+02,+3.584400E+04,+3.222181E+00,+1.245000E-04,+9.910000E+37,+7.173896E+02,+3.584400E+04,-2.166241E-02,+0.000000E+00,+9.910000E+37,+7.174570E+02,+3.584400E+04
13:29:51,0e0,+3.398764E+00,+1.389500E-04,+9.910000E+37,+7.176865E+02,+3.584400E+04,+3.398805E+00,+1.389500E-04,+9.910000E+37,+7.177539E+02,+3.584400E+04,+3.398354E+00,+1.389500E-04,+9.910000E+37,+7.178193E+02,+3.584400E+04,-2.311949E-02,+0.000000E+00,+9.910000E+37,+7.178867E+02,+3.584400E+04
13:29:51,0e0,+3.581833E+00,+1.550500E-04,+9.910000E+37,+7.181133E+02,+3.584400E+04,+3.582522E+00,+1.550500E-04,+9.910000E+37,+7.181797E+02,+3.584400E+04,+3.582433E+00,+1.550500E-04,+9.910000E+37,+7.182461E+02,+3.584400E+04,-2.498665E-02,+0.000000E+00,+9.910000E+37,+7.183125E+02,+3.584400E+04
13:29:51,0e0,+3.772749E+00,+1.730000E-04,+9.910000E+37,+7.185420E+02,+3.584400E+04,+3.772157E+00,+1.730000E-04,+9.910000E+37,+7.186094E+02,+3.584400E+04,+3.772844E+00,+1.730000E-04,+9.910000E+37,+7.186768E+02,+3.584400E+04,-2.471340E-02,+0.000000E+00,+9.910000E+37,+7.187422E+02,+3.584400E+04
13:29:51,0e0,+3.972326E+00,+1.930500E-04,+9.910000E+37,+7.189678E+02,+3.584400E+04,+3.969813E+00,+1.930500E-04,+9.910000E+37,+7.190342E+02,+3.584400E+04,+3.971773E+00,+1.930500E-04,+9.910000E+37,+7.191016E+02,+3.584400E+04,-2.302855E-02,+0.000000E+00,+9.910000E+37,+7.191689E+02,+3.584400E+04
13:29:51,0e0,+4.177264E+00,+2.154500E-04,+9.910000E+37,+7.193945E+02,+3.584400E+04,+4.175518E+00,+2.154500E-04,+9.910000E+37,+7.194609E+02,+3.584400E+04,+4.177120E+00,+2.154500E-04,+9.910000E+37,+7.195283E+02,+3.584400E+04,-2.444026E-02,+0.000000E+00,+9.910000E+37,+7.195947E+02,+3.584400E+04
13:29:51,0e0,+4.385875E+00,+2.404000E-04,+9.910000E+37,+7.198184E+02,+3.584400E+04,+4.388523E+00,+2.404000E-04,+9.910000E+37,+7.198857E+02,+3.584400E+04,+4.387247E+00,+2.404000E-04,+9.910000E+37,+7.199531E+02,+3.584400E+04,-2.398445E-02,+0.000000E+00,+9.910000E+37,+7.200186E+02,+3.584400E+04
13:29:51,0e0,+4.600608E+00,+2.682500E-04,+9.910000E+37,+7.202422E+02,+3.584400E+04,+4.601383E+00,+2.682500E-04,+9.910000E+37,+7.203096E+02,+3.584400E+04,+4.601148E+00,+2.682500E-04,+9.910000E+37,+7.203750E+02,+3.584400E+04,-2.375704E-02,+0.000000E+00,+9.910000E+37,+7.204414E+02,+3.584400E+04
13:29:51,0e0,+4.817012E+00,+2.993500E-04,+9.910000E+37,+7.206650E+02,+3.584400E+04,+4.818290E+00,+2.993500E-04,+9.910000E+37,+7.207314E+02,+3.584400E+04,+4.819567E+00,+2.993500E-04,+9.910000E+37,+7.207988E+02,+3.584400E+04,-2.403064E-02,+0.000000E+00,+9.910000E+37,+7.208662E+02,+3.584400E+04
13:29:51,0e0,+5.034652E+00,+3.340500E-04,+9.910000E+37,+7.210957E+02,+3.584400E+04,+5.036517E+00,+3.340500E-04,+9.910000E+37,+7.211621E+02,+3.584400E+04,+5.037663E+00,+3.340500E-04,+9.910000E+37,+7.212295E+02,+3.584400E+04,-2.352951E-02,+0.000000E+00,+9.910000E+37,+7.212949E+02,+3.584400E+04
13:29:51,0e0,+5.251525E+00,+3.727500E-04,+9.910000E+37,+7.215176E+02,+3.584400E+04,+5.253205E+00,+3.727500E-04,+9.910000E+37,+7.215840E+02,+3.584400E+04,+5.254350E+00,+3.727500E-04,+9.910000E+37,+7.216514E+02,+3.584400E+04,-2.334693E-02,+0.000000E+00,+9.910000E+37,+7.217168E+02,+3.584400E+04
13:29:51,0e0,+5.461063E+00,+4.159500E-04,+9.910000E+37,+7.219453E+02,+3.584400E+04,+5.465063E+00,+4.159500E-04,+9.910000E+37,+7.220117E+02,+3.584400E+04,+5.466711E+00,+4.159500E-04,+9.910000E+37,+7.220791E+02,+3.584400E+04,-2.352947E-02,+0.000000E+00,+9.910000E+37,+7.221445E+02,+3.584400E+04
13:29:51,0e0,+5.661803E+00,+4.641500E-04,+9.910000E+37,+7.223691E+02,+3.584400E+04,+5.665857E+00,+4.641500E-04,+9.910000E+37,+7.224365E+02,+3.584400E+04,+5.667954E+00,+4.641500E-04,+9.910000E+37,+7.225020E+02,+3.584400E+04,-2.316506E-02,+0.000000E+00,+9.910000E+37,+7.225684E+02,+3.584400E+04
13:29:51,0e0,+5.852168E+00,+5.179500E-04,+9.910000E+37,+7.227949E+02,+3.584400E+04,+5.857186E+00,+5.179500E-04,+9.910000E+37,+7.228623E+02,+3.584400E+04,+5.856407E+00,+5.179500E-04,+9.910000E+37,+7.229277E+02,+3.584400E+04,-2.257331E-02,+0.000000E+00,+9.910000E+37,+7.229951E+02,+3.584400E+04
13:29:51,0e0,+6.028421E+00,+5.779500E-04,+9.910000E+37,+7.232217E+02,+3.584400E+04,+6.033655E+00,+5.779500E-04,+9.910000E+37,+7.232891E+02,+3.584400E+04,+6.032562E+00,+5.779500E-04,+9.910000E+37,+7.233555E+02,+3.584400E+04,-2.302857E-02,+0.000000E+00,+9.910000E+37,+7.234219E+02,+3.584400E+04
13:29:51,0e0,+6.193572E+00,+6.449500E-04,+9.910000E+37,+7.236445E+02,+3.584400E+04,+6.197844E+00,+6.449500E-04,+9.910000E+37,+7.237109E+02,+3.584400E+04,+6.195158E+00,+6.449500E-04,+9.910000E+37,+7.237783E+02,+3.584400E+04,-2.293785E-02,+0.000000E+00,+9.910000E+37,+7.238437E+02,+3.584400E+04
13:29:51,0e0,+6.345241E+00,+7.197000E-04,+9.910000E+37,+7.240732E+02,+3.584400E+04,+6.347503E+00,+7.197000E-04,+9.910000E+37,+7.241396E+02,+3.584400E+04,+6.347376E+00,+7.197000E-04,+9.910000E+37,+7.242070E+02,+3.584400E+04,-2.302863E-02,+0.000000E+00,+9.910000E+37,+7.242725E+02,+3.584400E+04
13:29:51,0e0,+6.485378E+00,+8.031000E-04,+9.910000E+37,+7.244971E+02,+3.584400E+04,+6.489475E+00,+8.031000E-04,+9.910000E+37,+7.245645E+02,+3.584400E+04,+6.486738E+00,+8.031000E-04,+9.910000E+37,+7.246299E+02,+3.584400E+04,-2.275541E-02,+0.000000E+00,+9.910000E+37,+7.246973E+02,+3.584400E+04
13:29:51,0e0,+6.620431E+00,+8.961500E-04,+9.910000E+37,+7.249229E+02,+3.584400E+04,+6.622033E+00,+8.961500E-04,+9.910000E+37,+7.249902E+02,+3.584400E+04,+6.619428E+00,+8.961500E-04,+9.910000E+37,+7.250557E+02,+3.584400E+04,-2.261889E-02,+0.000000E+00,+9.910000E+37,+7.251230E+02,+3.584400E+04
13:29:51,0e0,+6.746226E+00,+1.000000E-03,+9.910000E+37,+7.253457E+02,+3.584400E+04,+6.748825E+00,+1.000000E-03,+9.910000E+37,+7.254121E+02,+3.584400E+04,+6.744944E+00,+1.000000E-03,+9.910000E+37,+7.254795E+02,+3.584400E+04,-2.207199E-02,+0.000000E+00,+9.910000E+37,+7.255459E+02,+3.584400E+04
13:29:51,0e0,+6.855691E+00,+1.116000E-03,+9.910000E+37,+7.257705E+02,+3.584400E+04,+6.858341E+00,+1.116000E-03,+9.910000E+37,+7.258369E+02,+3.584400E+04,+6.854137E+00,+1.116000E-03,+9.910000E+37,+7.259033E+02,+3.584400E+04,-3.341069E-01,+0.000000E+00,+9.910000E+37,+7.259707E+02,+3.584400E+04
13:29:51,0e0,+6.972561E+00,+1.245000E-03,+9.910000E+37,+7.261914E+02,+3.584400E+04,+6.975488E+00,+1.245000E-03,+9.910000E+37,+7.262588E+02,+3.584400E+04,+6.970688E+00,+1.245000E-03,+9.910000E+37,+7.263262E+02,+3.584400E+04,-3.325130E-01,+0.000000E+00,+9.910000E+37,+7.263916E+02,+3.584400E+04
13:29:51,0e0,+7.089269E+00,+1.389500E-03,+9.910000E+37,+7.266240E+02,+3.584400E+04,+7.092588E+00,+1.389500E-03,+9.910000E+37,+7.266895E+02,+3.584400E+04,+7.088166E+00,+1.389500E-03,+9.910000E+37,+7.267568E+02,+3.584400E+04,-3.426674E-01,+0.000000E+00,+9.910000E+37,+7.268242E+02,+3.584400E+04
13:29:51,0e0,+7.209382E+00,+1.550500E-03,+9.910000E+37,+7.270527E+02,+3.584400E+04,+7.209095E+00,+1.550500E-03,+9.910000E+37,+7.271182E+02,+3.584400E+04,+7.206278E+00,+1.550500E-03,+9.910000E+37,+7.271855E+02,+3.584400E+04,-3.319666E-01,+0.000000E+00,+9.910000E+37,+7.272529E+02,+3.584400E+04
13:29:51,0e0,+7.327946E+00,+1.730000E-03,+9.910000E+37,+7.274756E+02,+3.584400E+04,+7.329764E+00,+1.730000E-03,+9.910000E+37,+7.275430E+02,+3.584400E+04,+7.326257E+00,+1.730000E-03,+9.910000E+37,+7.276094E+02,+3.584400E+04,-3.260018E-01,+0.000000E+00,+9.910000E+37,+7.276758E+02,+3.584400E+04
13:29:51,0e0,+7.450382E+00,+1.930500E-03,+9.910000E+37,+7.279023E+02,+3.584400E+04,+7.451926E+00,+1.930500E-03,+9.910000E+37,+7.279688E+02,+3.584400E+04,+7.446544E+00,+1.930500E-03,+9.910000E+37,+7.280352E+02,+3.584400E+04,-3.095183E-01,+0.000000E+00,+9.910000E+37,+7.281016E+02,+3.584400E+04
13:29:51,0e0,+7.575904E+00,+2.154500E-03,+9.910000E+37,+7.283262E+02,+3.584400E+04,+7.576578E+00,+2.154500E-03,+9.910000E+37,+7.283926E+02,+3.584400E+04,+7.575182E+00,+2.154500E-03,+9.910000E+37,+7.284600E+02,+3.584400E+04,-3.097003E-01,+0.000000E+00,+9.910000E+37,+7.285254E+02,+3.584400E+04
13:29:51,0e0,+7.703943E+00,+2.404000E-03,+9.910000E+37,+7.287510E+02,+3.584400E+04,+7.705993E+00,+2.404000E-03,+9.910000E+37,+7.288164E+02,+3.584400E+04,+7.701195E+00,+2.404000E-03,+9.910000E+37,+7.288828E+02,+3.584400E+04,-3.111576E-01,+0.000000E+00,+9.910000E+37,+7.289492E+02,+3.584400E+04
13:29:51,0e0,+7.836832E+00,+2.682500E-03,+9.910000E+37,+7.291768E+02,+3.584400E+04,+7.839265E+00,+2.682500E-03,+9.910000E+37,+7.292432E+02,+3.584400E+04,+7.833151E+00,+2.682500E-03,+9.910000E+37,+7.293096E+02,+3.584400E+04,-3.016865E-01,+0.000000E+00,+9.910000E+37,+7.293760E+02,+3.584400E+04
13:29:51,0e0,+7.973850E+00,+2.993500E-03,+9.910000E+37,+7.295986E+02,+3.584400E+04,+7.973401E+00,+2.993500E-03,+9.910000E+37,+7.296650E+02,+3.584400E+04,+7.970116E+00,+2.993500E-03,+9.910000E+37,+7.297305E+02,+3.584400E+04,-2.902573E-01,+0.000000E+00,+9.910000E+37,+7.297969E+02,+3.584400E+04
13:29:51,0e0,+8.112495E+00,+3.340500E-03,+9.910000E+37,+7.300264E+02,+3.584400E+04,+8.112598E+00,+3.340500E-03,+9.910000E+37,+7.300928E+02,+3.584400E+04,+8.108760E+00,+3.340500E-03,+9.910000E+37,+7.301592E+02,+3.584400E+04,-2.820611E-01,+0.000000E+00,+9.910000E+37,+7.302256E+02,+3.584400E+04
13:29:51,0e0,+8.256242E+00,+3.727500E-03,+9.910000E+37,+7.304531E+02,+3.584400E+04,+8.254128E+00,+3.727500E-03,+9.910000E+37,+7.305195E+02,+3.584400E+04,+8.248612E+00,+3.727500E-03,+9.910000E+37,+7.305859E+02,+3.584400E+04,-2.725444E-01,+0.000000E+00,+9.910000E+37,+7.306523E+02,+3.584400E+04
13:29:51,0e0,+8.400062E+00,+4.159500E-03,+9.910000E+37,+7.308750E+02,+3.584400E+04,+8.400447E+00,+4.159500E-03,+9.910000E+37,+7.309414E+02,+3.584400E+04,+8.393092E+00,+4.159500E-03,+9.910000E+37,+7.310078E+02,+3.584400E+04,-2.554691E-01,+0.000000E+00,+9.910000E+37,+7.310742E+02,+3.584400E+04
13:29:51,0e0,+8.547532E+00,+4.641500E-03,+9.910000E+37,+7.313018E+02,+3.584400E+04,+8.545258E+00,+4.641500E-03,+9.910000E+37,+7.313682E+02,+3.584400E+04,+8.538471E+00,+4.641500E-03,+9.910000E+37,+7.314346E+02,+3.584400E+04,-2.583377E-01,+0.000000E+00,+9.910000E+37,+7.315010E+02,+3.584400E+04
13:29:51,0e0,+8.698579E+00,+5.179500E-03,+9.910000E+37,+7.317246E+02,+3.584400E+04,+8.695121E+00,+5.179500E-03,+9.910000E+37,+7.317920E+02,+3.584400E+04,+8.687508E+00,+5.179500E-03,+9.910000E+37,+7.318594E+02,+3.584400E+04,-2.383026E-01,+0.000000E+00,+9.910000E+37,+7.319258E+02,+3.584400E+04
13:29:51,0e0,+8.850697E+00,+5.779500E-03,+9.910000E+37,+7.321494E+02,+3.584400E+04,+8.847198E+00,+5.779500E-03,+9.910000E+37,+7.322158E+02,+3.584400E+04,+8.840146E+00,+5.779500E-03,+9.910000E+37,+7.322832E+02,+3.584400E+04,-2.298788E-01,+0.000000E+00,+9.910000E+37,+7.323496E+02,+3.584400E+04
13:29:51,0e0,+9.009913E+00,+6.449500E-03,+9.910000E+37,+7.325840E+02,+3.584400E+04,+9.004690E+00,+6.449500E-03,+9.910000E+37,+7.326504E+02,+3.584400E+04,+8.995433E+00,+6.449500E-03,+9.910000E+37,+7.327168E+02,+3.584400E+04,-2.253709E-01,+0.000000E+00,+9.910000E+37,+7.327832E+02,+3.584400E+04
13:29:51,0e0,+9.175424E+00,+7.197000E-03,+9.910000E+37,+7.330127E+02,+3.584400E+04,+9.169061E+00,+7.197000E-03,+9.910000E+37,+7.330791E+02,+3.584400E+04,+9.160777E+00,+7.197000E-03,+9.910000E+37,+7.331455E+02,+3.584400E+04,-2.093436E-01,+0.000000E+00,+9.910000E+37,+7.332119E+02,+3.584400E+04
13:29:51,0e0,+9.349050E+00,+8.031000E-03,+9.910000E+37,+7.334424E+02,+3.584400E+04,+9.338916E+00,+8.031000E-03,+9.910000E+37,+7.335088E+02,+3.584400E+04,+9.330226E+00,+8.031000E-03,+9.910000E+37,+7.335752E+02,+3.584400E+04,-1.916773E-01,+0.000000E+00,+9.910000E+37,+7.336416E+02,+3.584400E+04
13:29:51,0e0,+9.530473E+00,+8.961500E-03,+9.910000E+37,+7.338691E+02,+3.584400E+04,+9.521095E+00,+8.961500E-03,+9.910000E+37,+7.339346E+02,+3.584400E+04,+9.509821E+00,+8.961500E-03,+9.910000E+37,+7.340010E+02,+3.584400E+04,-1.797026E-01,+0.000000E+00,+9.910000E+37,+7.340674E+02,+3.584400E+04
